#  E [MeV]   Flux [# cm^{-2} s^{-1}  MeV^{-1}]
  3.0000e+04   7.17e-19
  3.0943e+04   6.89e-19
  3.1916e+04   6.62e-19
  3.2920e+04   6.35e-19
  3.3955e+04   6.10e-19
  3.5023e+04   5.86e-19
  3.6124e+04   5.63e-19
  3.7260e+04   5.40e-19
  3.8432e+04   5.18e-19
  3.9640e+04   4.97e-19
  4.0887e+04   4.77e-19
  4.2172e+04   4.58e-19
  4.3499e+04   4.39e-19
  4.4866e+04   4.21e-19
  4.6277e+04   4.04e-19
  4.7732e+04   3.87e-19
  4.9233e+04   3.71e-19
  5.0781e+04   3.56e-19
  5.2378e+04   3.41e-19
  5.4025e+04   3.26e-19
  5.5724e+04   3.13e-19
  5.7476e+04   2.99e-19
  5.9284e+04   2.87e-19
  6.1148e+04   2.74e-19
  6.3071e+04   2.63e-19
  6.5054e+04   2.51e-19
  6.7100e+04   2.40e-19
  6.9210e+04   2.30e-19
  7.1386e+04   2.20e-19
  7.3631e+04   2.10e-19
  7.5946e+04   2.01e-19
  7.8334e+04   1.92e-19
  8.0797e+04   1.84e-19
  8.3338e+04   1.75e-19
  8.5959e+04   1.68e-19
  8.8662e+04   1.60e-19
  9.1450e+04   1.53e-19
  9.4325e+04   1.46e-19
  9.7291e+04   1.39e-19
  1.0035e+05   1.32e-19
  1.0351e+05   1.26e-19
  1.0676e+05   1.20e-19
  1.1012e+05   1.15e-19
  1.1358e+05   1.09e-19
  1.1715e+05   1.04e-19
  1.2084e+05   9.89e-20
  1.2464e+05   9.41e-20
  1.2856e+05   8.96e-20
  1.3260e+05   8.52e-20
  1.3677e+05   8.10e-20
  1.4107e+05   7.69e-20
  1.4550e+05   7.31e-20
  1.5008e+05   6.94e-20
  1.5480e+05   6.59e-20
  1.5967e+05   6.26e-20
  1.6469e+05   5.94e-20
  1.6987e+05   5.63e-20
  1.7521e+05   5.34e-20
  1.8072e+05   5.07e-20
  1.8640e+05   4.80e-20
  1.9226e+05   4.55e-20
  1.9831e+05   4.31e-20
  2.0454e+05   4.08e-20
  2.1097e+05   3.86e-20
  2.1761e+05   3.65e-20
  2.2445e+05   3.45e-20
  2.3151e+05   3.27e-20
  2.3879e+05   3.09e-20
  2.4630e+05   2.91e-20
  2.5404e+05   2.75e-20
  2.6203e+05   2.60e-20
  2.7027e+05   2.45e-20
  2.7877e+05   2.31e-20
  2.8753e+05   2.18e-20
  2.9657e+05   2.05e-20
  3.0590e+05   1.93e-20
  3.1552e+05   1.82e-20
  3.2544e+05   1.71e-20
  3.3567e+05   1.61e-20
  3.4623e+05   1.51e-20
  3.5712e+05   1.42e-20
  3.6835e+05   1.33e-20
  3.7993e+05   1.25e-20
  3.9188e+05   1.17e-20
  4.0420e+05   1.10e-20
  4.1691e+05   1.03e-20
  4.3002e+05   9.63e-21
  4.4354e+05   9.00e-21
  4.5749e+05   8.42e-21
  4.7187e+05   7.87e-21
  4.8671e+05   7.34e-21
  5.0202e+05   6.85e-21
  5.1780e+05   6.39e-21
  5.3409e+05   5.96e-21
  5.5088e+05   5.54e-21
  5.6820e+05   5.16e-21
  5.8607e+05   4.80e-21
  6.0450e+05   4.46e-21
  6.2351e+05   4.14e-21
  6.4311e+05   3.85e-21
  6.6334e+05   3.57e-21
  6.8419e+05   3.31e-21
  7.0571e+05   3.06e-21
  7.2790e+05   2.84e-21
  7.5079e+05   2.62e-21
  7.7440e+05   2.42e-21
  7.9875e+05   2.24e-21
  8.2387e+05   2.06e-21
  8.4977e+05   1.90e-21
  8.7649e+05   1.75e-21
  9.0405e+05   1.61e-21
  9.3248e+05   1.49e-21
  9.6180e+05   1.36e-21
  9.9205e+05   1.25e-21
  1.0232e+06   1.15e-21
  1.0554e+06   1.06e-21
  1.0886e+06   9.66e-22
  1.1228e+06   8.85e-22
  1.1581e+06   8.11e-22
  1.1946e+06   7.42e-22
  1.2321e+06   6.76e-22
  1.2709e+06   6.18e-22
  1.3108e+06   5.65e-22
  1.3521e+06   5.15e-22
  1.3946e+06   4.67e-22
  1.4384e+06   4.27e-22
  1.4837e+06   3.88e-22
  1.5303e+06   3.52e-22
  1.5784e+06   3.19e-22
  1.6281e+06   2.90e-22
  1.6793e+06   2.63e-22
  1.7321e+06   2.37e-22
  1.7865e+06   2.15e-22
  1.8427e+06   1.95e-22
  1.9006e+06   1.76e-22
  1.9604e+06   1.58e-22
  2.0221e+06   1.43e-22
  2.0856e+06   1.29e-22
  2.1512e+06   1.16e-22
  2.2189e+06   1.04e-22
  2.2886e+06   9.38e-23
  2.3606e+06   8.44e-23
  2.4348e+06   7.54e-23
  2.5114e+06   6.76e-23
  2.5904e+06   6.08e-23
  2.6718e+06   5.45e-23
  2.7558e+06   4.84e-23
  2.8425e+06   4.34e-23
  2.9319e+06   3.89e-23
  3.0241e+06   3.47e-23
  3.1192e+06   3.06e-23
  3.2173e+06   2.75e-23
  3.3184e+06   2.46e-23
  3.4228e+06   2.18e-23
  3.5304e+06   1.93e-23
  3.6414e+06   1.73e-23
  3.7559e+06   1.54e-23
  3.8740e+06   1.36e-23
  3.9958e+06   1.21e-23
  4.1215e+06   1.08e-23
  4.2511e+06   9.60e-24
  4.3848e+06   8.46e-24
  4.5227e+06   7.57e-24
  4.6649e+06   6.76e-24
  4.8116e+06   5.99e-24
  4.9629e+06   5.29e-24
  5.1189e+06   4.76e-24
  5.2799e+06   4.25e-24
  5.4459e+06   3.77e-24
  5.6171e+06   3.36e-24
  5.7938e+06   3.03e-24
  5.9760e+06   2.72e-24
  6.1639e+06   2.42e-24
  6.3577e+06   2.19e-24
  6.5576e+06   1.98e-24
  6.7638e+06   1.79e-24
  6.9765e+06   1.60e-24
  7.1959e+06   1.46e-24
  7.4222e+06   1.33e-24
  7.6556e+06   1.21e-24
  7.8963e+06   1.09e-24
  8.1446e+06   1.00e-24
  8.4007e+06   9.12e-25
  8.6649e+06   8.29e-25
  8.9373e+06   7.58e-25
  9.2184e+06   6.95e-25
  9.5082e+06   6.36e-25
  9.8072e+06   5.80e-25
  1.0116e+07   5.32e-25
  1.0434e+07   4.88e-25
  1.0762e+07   4.46e-25
  1.1100e+07   4.06e-25
  1.1449e+07   3.70e-25
  1.1809e+07   3.36e-25
  1.2181e+07   3.05e-25
  1.2564e+07   2.75e-25
  1.2959e+07   2.46e-25
  1.3366e+07   2.19e-25
  1.3786e+07   1.95e-25
  1.4220e+07   1.75e-25
