#  E [MeV]   Flux [# cm^{-2} s^{-1}  MeV^{-1}]
  3.0000e+04   4.10e-24
  3.1141e+04   3.92e-24
  3.2326e+04   3.74e-24
  3.3556e+04   3.58e-24
  3.4832e+04   3.42e-24
  3.6157e+04   3.26e-24
  3.7533e+04   3.11e-24
  3.8961e+04   2.97e-24
  4.0443e+04   2.84e-24
  4.1982e+04   2.71e-24
  4.3579e+04   2.58e-24
  4.5237e+04   2.46e-24
  4.6958e+04   2.35e-24
  4.8744e+04   2.24e-24
  5.0598e+04   2.14e-24
  5.2523e+04   2.04e-24
  5.4521e+04   1.94e-24
  5.6596e+04   1.85e-24
  5.8749e+04   1.77e-24
  6.0984e+04   1.68e-24
  6.3304e+04   1.60e-24
  6.5712e+04   1.53e-24
  6.8212e+04   1.45e-24
  7.0807e+04   1.39e-24
  7.3500e+04   1.32e-24
  7.6297e+04   1.26e-24
  7.9199e+04   1.20e-24
  8.2212e+04   1.14e-24
  8.5340e+04   1.08e-24
  8.8586e+04   1.03e-24
  9.1956e+04   9.80e-25
  9.5455e+04   9.32e-25
  9.9086e+04   8.87e-25
  1.0286e+05   8.43e-25
  1.0677e+05   8.02e-25
  1.1083e+05   7.62e-25
  1.1505e+05   7.25e-25
  1.1942e+05   6.89e-25
  1.2397e+05   6.54e-25
  1.2868e+05   6.22e-25
  1.3358e+05   5.91e-25
  1.3866e+05   5.61e-25
  1.4394e+05   5.33e-25
  1.4941e+05   5.06e-25
  1.5509e+05   4.80e-25
  1.6100e+05   4.56e-25
  1.6712e+05   4.33e-25
  1.7348e+05   4.11e-25
  1.8008e+05   3.90e-25
  1.8693e+05   3.70e-25
  1.9404e+05   3.51e-25
  2.0142e+05   3.33e-25
  2.0908e+05   3.15e-25
  2.1704e+05   2.99e-25
  2.2529e+05   2.83e-25
  2.3387e+05   2.68e-25
  2.4276e+05   2.54e-25
  2.5200e+05   2.41e-25
  2.6158e+05   2.28e-25
  2.7154e+05   2.16e-25
  2.8187e+05   2.04e-25
  2.9259e+05   1.93e-25
  3.0372e+05   1.83e-25
  3.1527e+05   1.73e-25
  3.2727e+05   1.63e-25
  3.3972e+05   1.54e-25
  3.5264e+05   1.46e-25
  3.6606e+05   1.38e-25
  3.7998e+05   1.30e-25
  3.9444e+05   1.23e-25
  4.0945e+05   1.16e-25
  4.2502e+05   1.09e-25
  4.4119e+05   1.03e-25
  4.5798e+05   9.69e-26
  4.7540e+05   9.12e-26
  4.9348e+05   8.58e-26
  5.1226e+05   8.07e-26
  5.3175e+05   7.59e-26
  5.5198e+05   7.13e-26
  5.7297e+05   6.69e-26
  5.9477e+05   6.28e-26
  6.1740e+05   5.89e-26
  6.4089e+05   5.52e-26
  6.6527e+05   5.17e-26
  6.9058e+05   4.83e-26
  7.1685e+05   4.52e-26
  7.4412e+05   4.23e-26
  7.7243e+05   3.95e-26
  8.0181e+05   3.69e-26
  8.3232e+05   3.45e-26
  8.6398e+05   3.22e-26
  8.9685e+05   3.01e-26
  9.3097e+05   2.81e-26
  9.6638e+05   2.62e-26
  1.0031e+06   2.44e-26
  1.0413e+06   2.28e-26
  1.0809e+06   2.12e-26
  1.1220e+06   1.98e-26
  1.1647e+06   1.84e-26
  1.2090e+06   1.72e-26
  1.2550e+06   1.60e-26
  1.3028e+06   1.48e-26
  1.3523e+06   1.38e-26
  1.4038e+06   1.28e-26
  1.4572e+06   1.19e-26
  1.5126e+06   1.10e-26
  1.5702e+06   1.02e-26
  1.6299e+06   9.46e-27
  1.6919e+06   8.76e-27
  1.7563e+06   8.10e-27
  1.8231e+06   7.49e-27
  1.8925e+06   6.92e-27
  1.9645e+06   6.38e-27
  2.0392e+06   5.89e-27
  2.1168e+06   5.43e-27
  2.1973e+06   4.99e-27
  2.2809e+06   4.60e-27
  2.3677e+06   4.22e-27
  2.4577e+06   3.88e-27
  2.5512e+06   3.56e-27
  2.6483e+06   3.26e-27
  2.7490e+06   2.98e-27
  2.8536e+06   2.72e-27
  2.9622e+06   2.49e-27
  3.0749e+06   2.27e-27
  3.1918e+06   2.06e-27
  3.3133e+06   1.88e-27
  3.4393e+06   1.71e-27
  3.5702e+06   1.55e-27
  3.7060e+06   1.40e-27
  3.8470e+06   1.27e-27
  3.9933e+06   1.14e-27
  4.1452e+06   1.03e-27
  4.3029e+06   9.30e-28
  4.4666e+06   8.35e-28
  4.6366e+06   7.52e-28
  4.8129e+06   6.73e-28
  4.9960e+06   6.01e-28
  5.1861e+06   5.38e-28
  5.3834e+06   4.79e-28
  5.5882e+06   4.24e-28
  5.8008e+06   3.78e-28
  6.0215e+06   3.34e-28
  6.2506e+06   2.94e-28
  6.4883e+06   2.61e-28
  6.7352e+06   2.29e-28
  6.9914e+06   2.00e-28
  7.2574e+06   1.76e-28
  7.5335e+06   1.54e-28
  7.8201e+06   1.34e-28
  8.1176e+06   1.17e-28
  8.4264e+06   1.02e-28
  8.7470e+06   8.76e-29
  9.0797e+06   7.60e-29
  9.4251e+06   6.56e-29
  9.7837e+06   5.60e-29
  1.0156e+07   4.81e-29
  1.0542e+07   4.12e-29
  1.0943e+07   3.48e-29
  1.1360e+07   2.96e-29
  1.1792e+07   2.51e-29
  1.2240e+07   2.10e-29
  1.2706e+07   1.77e-29
  1.3189e+07   1.49e-29
  1.3691e+07   1.23e-29
  1.4212e+07   1.02e-29
  1.4753e+07   8.47e-30
  1.5314e+07   6.93e-30
  1.5897e+07   5.63e-30
  1.6501e+07   4.62e-30
  1.7129e+07   3.72e-30
  1.7781e+07   2.96e-30
  1.8457e+07   2.39e-30
  1.9159e+07   1.88e-30
  1.9888e+07   1.46e-30
  2.0645e+07   1.15e-30
  2.1430e+07   8.83e-31
  2.2245e+07   6.61e-31
  2.3092e+07   5.02e-31
  2.3970e+07   3.70e-31
  2.4882e+07   2.63e-31
  2.5829e+07   1.89e-31
  2.6811e+07   1.31e-31
  2.7831e+07   8.63e-32
  2.8890e+07   5.61e-32
  2.9989e+07   3.45e-32
  3.1130e+07   1.98e-32
  3.2314e+07   1.08e-32
  3.3544e+07   5.43e-33
  3.4820e+07   2.43e-33
  3.6144e+07   9.61e-34
  3.7519e+07   3.24e-34
  3.8947e+07   8.85e-35
  4.0428e+07   1.88e-35
  4.1966e+07   2.90e-36
  4.3563e+07   2.97e-37
  4.5220e+07   1.79e-38
  4.6941e+07   5.51e-40
  4.8726e+07   7.04e-42
  5.0580e+07   2.89e-44
