#  E [GeV]   # per interaction  [GeV^{-1}]
  3.0000e+01   4.71e-01
  3.0782e+01   4.53e-01
  3.1585e+01   4.36e-01
  3.2409e+01   4.20e-01
  3.3255e+01   4.04e-01
  3.4122e+01   3.89e-01
  3.5012e+01   3.74e-01
  3.5925e+01   3.60e-01
  3.6862e+01   3.46e-01
  3.7824e+01   3.33e-01
  3.8810e+01   3.20e-01
  3.9822e+01   3.07e-01
  4.0861e+01   2.95e-01
  4.1927e+01   2.83e-01
  4.3021e+01   2.72e-01
  4.4143e+01   2.61e-01
  4.5294e+01   2.51e-01
  4.6475e+01   2.41e-01
  4.7688e+01   2.31e-01
  4.8931e+01   2.21e-01
  5.0208e+01   2.12e-01
  5.1517e+01   2.04e-01
  5.2861e+01   1.95e-01
  5.4240e+01   1.87e-01
  5.5654e+01   1.79e-01
  5.7106e+01   1.72e-01
  5.8596e+01   1.64e-01
  6.0124e+01   1.58e-01
  6.1692e+01   1.51e-01
  6.3301e+01   1.44e-01
  6.4952e+01   1.38e-01
  6.6647e+01   1.32e-01
  6.8385e+01   1.26e-01
  7.0169e+01   1.21e-01
  7.1999e+01   1.16e-01
  7.3877e+01   1.10e-01
  7.5804e+01   1.06e-01
  7.7781e+01   1.01e-01
  7.9810e+01   9.63e-02
  8.1891e+01   9.19e-02
  8.4027e+01   8.77e-02
  8.6219e+01   8.37e-02
  8.8468e+01   7.99e-02
  9.0775e+01   7.62e-02
  9.3143e+01   7.26e-02
  9.5572e+01   6.92e-02
  9.8065e+01   6.60e-02
  1.0062e+02   6.28e-02
  1.0325e+02   5.98e-02
  1.0594e+02   5.69e-02
  1.0870e+02   5.42e-02
  1.1154e+02   5.15e-02
  1.1445e+02   4.90e-02
  1.1743e+02   4.65e-02
  1.2050e+02   4.42e-02
  1.2364e+02   4.20e-02
  1.2686e+02   3.98e-02
  1.3017e+02   3.78e-02
  1.3357e+02   3.58e-02
  1.3705e+02   3.40e-02
  1.4063e+02   3.22e-02
  1.4429e+02   3.04e-02
  1.4806e+02   2.88e-02
  1.5192e+02   2.73e-02
  1.5588e+02   2.58e-02
  1.5995e+02   2.44e-02
  1.6412e+02   2.30e-02
  1.6840e+02   2.17e-02
  1.7279e+02   2.05e-02
  1.7730e+02   1.93e-02
  1.8193e+02   1.82e-02
  1.8667e+02   1.72e-02
  1.9154e+02   1.62e-02
  1.9654e+02   1.52e-02
  2.0166e+02   1.43e-02
  2.0692e+02   1.34e-02
  2.1232e+02   1.26e-02
  2.1786e+02   1.19e-02
  2.2354e+02   1.11e-02
  2.2937e+02   1.04e-02
  2.3535e+02   9.77e-03
  2.4149e+02   9.16e-03
  2.4779e+02   8.56e-03
  2.5425e+02   8.00e-03
  2.6088e+02   7.46e-03
  2.6769e+02   6.97e-03
  2.7467e+02   6.50e-03
  2.8184e+02   6.05e-03
  2.8919e+02   5.63e-03
  2.9673e+02   5.23e-03
  3.0447e+02   4.87e-03
  3.1241e+02   4.53e-03
  3.2056e+02   4.20e-03
  3.2892e+02   3.88e-03
  3.3750e+02   3.60e-03
  3.4630e+02   3.34e-03
  3.5533e+02   3.09e-03
  3.6460e+02   2.85e-03
  3.7411e+02   2.63e-03
  3.8387e+02   2.43e-03
  3.9388e+02   2.24e-03
  4.0416e+02   2.06e-03
  4.1470e+02   1.89e-03
  4.2551e+02   1.74e-03
  4.3661e+02   1.60e-03
  4.4800e+02   1.47e-03
  4.5969e+02   1.34e-03
  4.7168e+02   1.23e-03
  4.8398e+02   1.13e-03
  4.9660e+02   1.03e-03
  5.0956e+02   9.39e-04
  5.2285e+02   8.53e-04
  5.3648e+02   7.80e-04
  5.5048e+02   7.12e-04
  5.6483e+02   6.47e-04
  5.7957e+02   5.87e-04
  5.9468e+02   5.33e-04
  6.1020e+02   4.85e-04
  6.2611e+02   4.40e-04
  6.4244e+02   3.98e-04
  6.5920e+02   3.59e-04
  6.7639e+02   3.26e-04
  6.9403e+02   2.96e-04
  7.1214e+02   2.67e-04
  7.3071e+02   2.40e-04
  7.4977e+02   2.17e-04
  7.6933e+02   1.96e-04
  7.8939e+02   1.77e-04
  8.0998e+02   1.59e-04
  8.3111e+02   1.42e-04
  8.5279e+02   1.29e-04
  8.7503e+02   1.16e-04
  8.9785e+02   1.04e-04
  9.2127e+02   9.33e-05
  9.4530e+02   8.39e-05
  9.6996e+02   7.56e-05
  9.9526e+02   6.79e-05
  1.0212e+03   6.06e-05
  1.0479e+03   5.41e-05
  1.0752e+03   4.88e-05
  1.1032e+03   4.38e-05
  1.1320e+03   3.92e-05
  1.1615e+03   3.48e-05
  1.1918e+03   3.13e-05
  1.2229e+03   2.81e-05
  1.2548e+03   2.52e-05
  1.2875e+03   2.24e-05
  1.3211e+03   2.00e-05
  1.3556e+03   1.80e-05
  1.3909e+03   1.62e-05
  1.4272e+03   1.45e-05
  1.4644e+03   1.28e-05
  1.5026e+03   1.16e-05
  1.5418e+03   1.04e-05
  1.5820e+03   9.34e-06
  1.6233e+03   8.33e-06
  1.6657e+03   7.44e-06
  1.7091e+03   6.73e-06
  1.7537e+03   6.06e-06
  1.7994e+03   5.44e-06
  1.8464e+03   4.85e-06
  1.8945e+03   4.39e-06
  1.9439e+03   3.98e-06
  1.9946e+03   3.60e-06
  2.0467e+03   3.23e-06
  2.1000e+03   2.91e-06
  2.1548e+03   2.66e-06
  2.2110e+03   2.42e-06
  2.2687e+03   2.19e-06
  2.3279e+03   1.98e-06
  2.3886e+03   1.81e-06
  2.4509e+03   1.66e-06
  2.5148e+03   1.52e-06
  2.5804e+03   1.39e-06
  2.6477e+03   1.27e-06
  2.7168e+03   1.17e-06
  2.7876e+03   1.07e-06
  2.8603e+03   9.86e-07
  2.9349e+03   9.02e-07
  3.0115e+03   8.36e-07
  3.0900e+03   7.74e-07
  3.1706e+03   7.15e-07
  3.2533e+03   6.59e-07
  3.3382e+03   6.09e-07
  3.4253e+03   5.65e-07
  3.5146e+03   5.23e-07
  3.6063e+03   4.84e-07
  3.7003e+03   4.46e-07
  3.7969e+03   4.12e-07
  3.8959e+03   3.80e-07
  3.9975e+03   3.49e-07
  4.1018e+03   3.20e-07
  4.2088e+03   2.93e-07
  4.3185e+03   2.68e-07
  4.4312e+03   2.44e-07
  4.5467e+03   2.22e-07
  4.6653e+03   2.01e-07
  4.7870e+03   1.85e-07
  4.9119e+03   1.71e-07
  5.0400e+03   1.57e-07
