#  E [MeV]   Flux [# cm^{-2} s^{-1}  MeV^{-1}]
  3.0000e+04   3.56e-22
  3.0607e+04   3.44e-22
  3.1227e+04   3.32e-22
  3.1859e+04   3.20e-22
  3.2504e+04   3.09e-22
  3.3163e+04   2.99e-22
  3.3834e+04   2.88e-22
  3.4519e+04   2.78e-22
  3.5218e+04   2.68e-22
  3.5931e+04   2.59e-22
  3.6659e+04   2.49e-22
  3.7401e+04   2.40e-22
  3.8158e+04   2.32e-22
  3.8931e+04   2.23e-22
  3.9719e+04   2.15e-22
  4.0523e+04   2.07e-22
  4.1344e+04   1.99e-22
  4.2181e+04   1.92e-22
  4.3035e+04   1.85e-22
  4.3906e+04   1.78e-22
  4.4795e+04   1.71e-22
  4.5702e+04   1.65e-22
  4.6628e+04   1.58e-22
  4.7572e+04   1.52e-22
  4.8535e+04   1.46e-22
  4.9517e+04   1.40e-22
  5.0520e+04   1.35e-22
  5.1543e+04   1.30e-22
  5.2587e+04   1.24e-22
  5.3651e+04   1.19e-22
  5.4738e+04   1.15e-22
  5.5846e+04   1.10e-22
  5.6977e+04   1.06e-22
  5.8130e+04   1.01e-22
  5.9307e+04   9.71e-23
  6.0508e+04   9.30e-23
  6.1733e+04   8.91e-23
  6.2983e+04   8.54e-23
  6.4258e+04   8.18e-23
  6.5559e+04   7.84e-23
  6.6887e+04   7.50e-23
  6.8241e+04   7.18e-23
  6.9623e+04   6.86e-23
  7.1033e+04   6.57e-23
  7.2471e+04   6.29e-23
  7.3938e+04   6.01e-23
  7.5435e+04   5.75e-23
  7.6963e+04   5.49e-23
  7.8521e+04   5.24e-23
  8.0111e+04   5.01e-23
  8.1733e+04   4.78e-23
  8.3388e+04   4.56e-23
  8.5076e+04   4.35e-23
  8.6799e+04   4.15e-23
  8.8556e+04   3.95e-23
  9.0349e+04   3.77e-23
  9.2178e+04   3.59e-23
  9.4045e+04   3.42e-23
  9.5949e+04   3.26e-23
  9.7892e+04   3.10e-23
  9.9874e+04   2.95e-23
  1.0190e+05   2.81e-23
  1.0396e+05   2.67e-23
  1.0606e+05   2.54e-23
  1.0821e+05   2.41e-23
  1.1040e+05   2.29e-23
  1.1264e+05   2.17e-23
  1.1492e+05   2.07e-23
  1.1725e+05   1.96e-23
  1.1962e+05   1.86e-23
  1.2204e+05   1.76e-23
  1.2451e+05   1.67e-23
  1.2703e+05   1.58e-23
  1.2961e+05   1.50e-23
  1.3223e+05   1.42e-23
  1.3491e+05   1.35e-23
  1.3764e+05   1.27e-23
  1.4043e+05   1.20e-23
  1.4327e+05   1.14e-23
  1.4617e+05   1.08e-23
  1.4913e+05   1.02e-23
  1.5215e+05   9.63e-24
  1.5523e+05   9.07e-24
  1.5837e+05   8.57e-24
  1.6158e+05   8.10e-24
  1.6485e+05   7.65e-24
  1.6819e+05   7.20e-24
  1.7159e+05   6.78e-24
  1.7507e+05   6.37e-24
  1.7861e+05   6.01e-24
  1.8223e+05   5.67e-24
  1.8592e+05   5.33e-24
  1.8968e+05   5.01e-24
  1.9352e+05   4.70e-24
  1.9744e+05   4.41e-24
  2.0144e+05   4.16e-24
  2.0552e+05   3.91e-24
  2.0968e+05   3.67e-24
  2.1392e+05   3.44e-24
  2.1826e+05   3.22e-24
  2.2267e+05   3.02e-24
  2.2718e+05   2.84e-24
  2.3178e+05   2.66e-24
  2.3648e+05   2.49e-24
  2.4126e+05   2.33e-24
  2.4615e+05   2.17e-24
  2.5113e+05   2.04e-24
  2.5622e+05   1.91e-24
  2.6141e+05   1.79e-24
  2.6670e+05   1.67e-24
  2.7210e+05   1.56e-24
  2.7761e+05   1.45e-24
  2.8323e+05   1.36e-24
  2.8896e+05   1.27e-24
  2.9481e+05   1.18e-24
  3.0078e+05   1.10e-24
  3.0687e+05   1.02e-24
  3.1309e+05   9.52e-25
  3.1943e+05   8.90e-25
  3.2589e+05   8.30e-25
  3.3249e+05   7.73e-25
  3.3922e+05   7.17e-25
  3.4609e+05   6.64e-25
  3.5310e+05   6.17e-25
  3.6025e+05   5.76e-25
  3.6754e+05   5.36e-25
  3.7498e+05   4.98e-25
  3.8258e+05   4.61e-25
  3.9032e+05   4.25e-25
  3.9823e+05   3.96e-25
  4.0629e+05   3.69e-25
  4.1452e+05   3.42e-25
  4.2291e+05   3.17e-25
  4.3147e+05   2.93e-25
  4.4021e+05   2.70e-25
  4.4912e+05   2.52e-25
  4.5821e+05   2.34e-25
  4.6749e+05   2.17e-25
  4.7696e+05   2.00e-25
  4.8661e+05   1.85e-25
  4.9647e+05   1.70e-25
  5.0652e+05   1.59e-25
  5.1678e+05   1.47e-25
  5.2724e+05   1.36e-25
  5.3791e+05   1.26e-25
  5.4881e+05   1.16e-25
  5.5992e+05   1.07e-25
  5.7125e+05   9.94e-26
  5.8282e+05   9.21e-26
  5.9462e+05   8.51e-26
  6.0666e+05   7.84e-26
  6.1894e+05   7.20e-26
  6.3148e+05   6.68e-26
  6.4426e+05   6.21e-26
  6.5731e+05   5.75e-26
  6.7061e+05   5.31e-26
  6.8419e+05   4.89e-26
  6.9805e+05   4.49e-26
  7.1218e+05   4.17e-26
  7.2660e+05   3.87e-26
  7.4131e+05   3.58e-26
  7.5632e+05   3.30e-26
  7.7163e+05   3.03e-26
  7.8726e+05   2.79e-26
  8.0320e+05   2.59e-26
  8.1946e+05   2.41e-26
  8.3605e+05   2.23e-26
  8.5298e+05   2.06e-26
  8.7025e+05   1.90e-26
  8.8787e+05   1.76e-26
  9.0585e+05   1.65e-26
  9.2419e+05   1.54e-26
  9.4290e+05   1.43e-26
  9.6199e+05   1.33e-26
  9.8147e+05   1.23e-26
  1.0013e+06   1.16e-26
  1.0216e+06   1.10e-26
  1.0423e+06   1.04e-26
  1.0634e+06   9.77e-27
  1.0849e+06   9.20e-27
  1.1069e+06   8.67e-27
  1.1293e+06   8.31e-27
  1.1522e+06   7.96e-27
  1.1755e+06   7.63e-27
  1.1993e+06   7.30e-27
  1.2236e+06   6.99e-27
  1.2484e+06   6.72e-27
  1.2736e+06   6.52e-27
  1.2994e+06   6.32e-27
  1.3257e+06   6.14e-27
  1.3526e+06   5.95e-27
  1.3800e+06   5.78e-27
  1.4079e+06   5.63e-27
  1.4364e+06   5.50e-27
  1.4655e+06   5.38e-27
  1.4952e+06   5.26e-27
  1.5255e+06   5.14e-27
  1.5563e+06   5.02e-27
  1.5879e+06   4.91e-27
  1.6200e+06   4.80e-27
