#  E [MeV]   Flux [# cm^{-2} s^{-1}  MeV^{-1}]
  3.0000e+04   7.97e-21
  3.1123e+04   7.67e-21
  3.2288e+04   7.38e-21
  3.3497e+04   7.10e-21
  3.4751e+04   6.83e-21
  3.6051e+04   6.56e-21
  3.7401e+04   6.31e-21
  3.8801e+04   6.06e-21
  4.0253e+04   5.82e-21
  4.1760e+04   5.59e-21
  4.3324e+04   5.37e-21
  4.4945e+04   5.16e-21
  4.6628e+04   4.95e-21
  4.8373e+04   4.75e-21
  5.0184e+04   4.56e-21
  5.2063e+04   4.37e-21
  5.4011e+04   4.19e-21
  5.6033e+04   4.02e-21
  5.8131e+04   3.86e-21
  6.0307e+04   3.70e-21
  6.2564e+04   3.54e-21
  6.4906e+04   3.39e-21
  6.7336e+04   3.25e-21
  6.9857e+04   3.11e-21
  7.2472e+04   2.98e-21
  7.5184e+04   2.85e-21
  7.7999e+04   2.73e-21
  8.0919e+04   2.61e-21
  8.3948e+04   2.49e-21
  8.7090e+04   2.39e-21
  9.0350e+04   2.28e-21
  9.3732e+04   2.18e-21
  9.7241e+04   2.08e-21
  1.0088e+05   1.99e-21
  1.0466e+05   1.90e-21
  1.0858e+05   1.81e-21
  1.1264e+05   1.73e-21
  1.1686e+05   1.65e-21
  1.2123e+05   1.57e-21
  1.2577e+05   1.50e-21
  1.3048e+05   1.43e-21
  1.3536e+05   1.36e-21
  1.4043e+05   1.30e-21
  1.4568e+05   1.24e-21
  1.5114e+05   1.18e-21
  1.5680e+05   1.12e-21
  1.6266e+05   1.07e-21
  1.6875e+05   1.02e-21
  1.7507e+05   9.67e-22
  1.8162e+05   9.19e-22
  1.8842e+05   8.74e-22
  1.9548e+05   8.31e-22
  2.0279e+05   7.89e-22
  2.1039e+05   7.50e-22
  2.1826e+05   7.12e-22
  2.2643e+05   6.76e-22
  2.3491e+05   6.42e-22
  2.4370e+05   6.09e-22
  2.5282e+05   5.78e-22
  2.6229e+05   5.48e-22
  2.7211e+05   5.19e-22
  2.8229e+05   4.92e-22
  2.9286e+05   4.66e-22
  3.0382e+05   4.42e-22
  3.1519e+05   4.18e-22
  3.2699e+05   3.96e-22
  3.3923e+05   3.75e-22
  3.5193e+05   3.55e-22
  3.6511e+05   3.36e-22
  3.7877e+05   3.18e-22
  3.9295e+05   3.00e-22
  4.0766e+05   2.84e-22
  4.2292e+05   2.68e-22
  4.3875e+05   2.54e-22
  4.5518e+05   2.40e-22
  4.7222e+05   2.26e-22
  4.8989e+05   2.14e-22
  5.0823e+05   2.02e-22
  5.2726e+05   1.90e-22
  5.4699e+05   1.80e-22
  5.6747e+05   1.70e-22
  5.8871e+05   1.60e-22
  6.1075e+05   1.51e-22
  6.3361e+05   1.42e-22
  6.5733e+05   1.34e-22
  6.8194e+05   1.26e-22
  7.0746e+05   1.19e-22
  7.3395e+05   1.12e-22
  7.6142e+05   1.06e-22
  7.8992e+05   9.97e-23
  8.1949e+05   9.40e-23
  8.5017e+05   8.86e-23
  8.8199e+05   8.34e-23
  9.1501e+05   7.86e-23
  9.4926e+05   7.41e-23
  9.8479e+05   6.98e-23
  1.0217e+06   6.58e-23
  1.0599e+06   6.20e-23
  1.0996e+06   5.84e-23
  1.1407e+06   5.50e-23
  1.1834e+06   5.19e-23
  1.2277e+06   4.89e-23
  1.2737e+06   4.61e-23
  1.3214e+06   4.35e-23
  1.3708e+06   4.10e-23
  1.4222e+06   3.86e-23
  1.4754e+06   3.64e-23
  1.5306e+06   3.44e-23
  1.5879e+06   3.24e-23
  1.6474e+06   3.06e-23
  1.7090e+06   2.89e-23
  1.7730e+06   2.72e-23
  1.8394e+06   2.57e-23
  1.9082e+06   2.43e-23
  1.9797e+06   2.29e-23
  2.0538e+06   2.17e-23
  2.1306e+06   2.05e-23
  2.2104e+06   1.93e-23
  2.2931e+06   1.83e-23
  2.3790e+06   1.73e-23
  2.4680e+06   1.64e-23
  2.5604e+06   1.55e-23
  2.6563e+06   1.46e-23
  2.7557e+06   1.39e-23
  2.8589e+06   1.31e-23
  2.9659e+06   1.24e-23
  3.0769e+06   1.18e-23
  3.1921e+06   1.12e-23
  3.3116e+06   1.06e-23
  3.4355e+06   1.00e-23
  3.5641e+06   9.51e-24
  3.6976e+06   9.03e-24
  3.8360e+06   8.56e-24
  3.9796e+06   8.12e-24
  4.1285e+06   7.71e-24
  4.2831e+06   7.32e-24
  4.4434e+06   6.95e-24
  4.6097e+06   6.60e-24
  4.7823e+06   6.27e-24
  4.9613e+06   5.95e-24
  5.1470e+06   5.66e-24
  5.3397e+06   5.38e-24
  5.5396e+06   5.11e-24
  5.7470e+06   4.86e-24
  5.9621e+06   4.62e-24
  6.1853e+06   4.39e-24
  6.4168e+06   4.18e-24
  6.6570e+06   3.97e-24
  6.9062e+06   3.77e-24
  7.1647e+06   3.58e-24
  7.4329e+06   3.41e-24
  7.7112e+06   3.23e-24
  7.9998e+06   3.07e-24
  8.2993e+06   2.91e-24
  8.6100e+06   2.76e-24
  8.9323e+06   2.62e-24
  9.2666e+06   2.48e-24
  9.6135e+06   2.35e-24
  9.9734e+06   2.23e-24
  1.0347e+07   2.11e-24
  1.0734e+07   1.99e-24
  1.1136e+07   1.88e-24
  1.1553e+07   1.77e-24
  1.1985e+07   1.67e-24
  1.2434e+07   1.57e-24
  1.2899e+07   1.48e-24
  1.3382e+07   1.38e-24
  1.3883e+07   1.30e-24
  1.4403e+07   1.21e-24
  1.4942e+07   1.13e-24
  1.5501e+07   1.05e-24
  1.6081e+07   9.75e-25
  1.6683e+07   9.02e-25
  1.7308e+07   8.31e-25
  1.7956e+07   7.63e-25
  1.8628e+07   6.98e-25
  1.9325e+07   6.35e-25
  2.0049e+07   5.75e-25
  2.0799e+07   5.17e-25
  2.1578e+07   4.62e-25
  2.2386e+07   4.09e-25
  2.3224e+07   3.59e-25
  2.4093e+07   3.12e-25
  2.4995e+07   2.67e-25
  2.5930e+07   2.26e-25
  2.6901e+07   1.88e-25
  2.7908e+07   1.53e-25
  2.8953e+07   1.21e-25
  3.0037e+07   9.36e-26
  3.1161e+07   6.98e-26
  3.2327e+07   5.00e-26
  3.3537e+07   3.40e-26
  3.4793e+07   2.18e-26
  3.6095e+07   1.30e-26
  3.7446e+07   7.09e-27
  3.8848e+07   3.45e-27
  4.0302e+07   1.46e-27
  4.1811e+07   5.20e-28
  4.3376e+07   1.48e-28
  4.5000e+07   3.21e-29
