#  E [MeV]   Flux [# cm^{-2} s^{-1}  MeV^{-1}]
  3.0000e+04   3.09e-25
  3.1141e+04   2.95e-25
  3.2326e+04   2.82e-25
  3.3556e+04   2.69e-25
  3.4832e+04   2.57e-25
  3.6157e+04   2.45e-25
  3.7533e+04   2.34e-25
  3.8961e+04   2.23e-25
  4.0443e+04   2.13e-25
  4.1982e+04   2.03e-25
  4.3579e+04   1.94e-25
  4.5237e+04   1.85e-25
  4.6958e+04   1.76e-25
  4.8744e+04   1.68e-25
  5.0598e+04   1.60e-25
  5.2523e+04   1.53e-25
  5.4521e+04   1.45e-25
  5.6596e+04   1.38e-25
  5.8749e+04   1.32e-25
  6.0984e+04   1.26e-25
  6.3304e+04   1.20e-25
  6.5712e+04   1.14e-25
  6.8212e+04   1.08e-25
  7.0807e+04   1.03e-25
  7.3500e+04   9.81e-26
  7.6297e+04   9.33e-26
  7.9199e+04   8.87e-26
  8.2212e+04   8.44e-26
  8.5340e+04   8.02e-26
  8.8586e+04   7.62e-26
  9.1956e+04   7.24e-26
  9.5455e+04   6.88e-26
  9.9086e+04   6.53e-26
  1.0286e+05   6.20e-26
  1.0677e+05   5.89e-26
  1.1083e+05   5.59e-26
  1.1505e+05   5.31e-26
  1.1942e+05   5.03e-26
  1.2397e+05   4.77e-26
  1.2868e+05   4.53e-26
  1.3358e+05   4.29e-26
  1.3866e+05   4.07e-26
  1.4394e+05   3.85e-26
  1.4941e+05   3.65e-26
  1.5509e+05   3.45e-26
  1.6100e+05   3.27e-26
  1.6712e+05   3.09e-26
  1.7348e+05   2.92e-26
  1.8008e+05   2.76e-26
  1.8693e+05   2.61e-26
  1.9404e+05   2.46e-26
  2.0142e+05   2.32e-26
  2.0908e+05   2.19e-26
  2.1704e+05   2.06e-26
  2.2529e+05   1.94e-26
  2.3387e+05   1.83e-26
  2.4276e+05   1.72e-26
  2.5200e+05   1.62e-26
  2.6158e+05   1.52e-26
  2.7154e+05   1.43e-26
  2.8187e+05   1.34e-26
  2.9259e+05   1.25e-26
  3.0372e+05   1.17e-26
  3.1527e+05   1.10e-26
  3.2727e+05   1.02e-26
  3.3972e+05   9.57e-27
  3.5264e+05   8.92e-27
  3.6606e+05   8.31e-27
  3.7998e+05   7.74e-27
  3.9444e+05   7.19e-27
  4.0945e+05   6.68e-27
  4.2502e+05   6.20e-27
  4.4119e+05   5.74e-27
  4.5798e+05   5.31e-27
  4.7540e+05   4.91e-27
  4.9348e+05   4.54e-27
  5.1226e+05   4.18e-27
  5.3175e+05   3.86e-27
  5.5198e+05   3.55e-27
  5.7297e+05   3.26e-27
  5.9477e+05   3.00e-27
  6.1740e+05   2.75e-27
  6.4089e+05   2.52e-27
  6.6527e+05   2.31e-27
  6.9058e+05   2.11e-27
  7.1685e+05   1.93e-27
  7.4412e+05   1.77e-27
  7.7243e+05   1.62e-27
  8.0181e+05   1.48e-27
  8.3232e+05   1.35e-27
  8.6398e+05   1.23e-27
  8.9685e+05   1.13e-27
  9.3097e+05   1.03e-27
  9.6638e+05   9.41e-28
  1.0031e+06   8.60e-28
  1.0413e+06   7.85e-28
  1.0809e+06   7.18e-28
  1.1220e+06   6.56e-28
  1.1647e+06   5.99e-28
  1.2090e+06   5.47e-28
  1.2550e+06   5.00e-28
  1.3028e+06   4.56e-28
  1.3523e+06   4.17e-28
  1.4038e+06   3.80e-28
  1.4572e+06   3.47e-28
  1.5126e+06   3.17e-28
  1.5702e+06   2.90e-28
  1.6299e+06   2.64e-28
  1.6919e+06   2.41e-28
  1.7563e+06   2.20e-28
  1.8231e+06   2.00e-28
  1.8925e+06   1.83e-28
  1.9645e+06   1.67e-28
  2.0392e+06   1.52e-28
  2.1168e+06   1.38e-28
  2.1973e+06   1.26e-28
  2.2809e+06   1.14e-28
  2.3677e+06   1.04e-28
  2.4577e+06   9.39e-29
  2.5512e+06   8.50e-29
  2.6483e+06   7.68e-29
  2.7490e+06   6.94e-29
  2.8536e+06   6.26e-29
  2.9622e+06   5.63e-29
  3.0749e+06   5.07e-29
  3.1918e+06   4.54e-29
  3.3133e+06   4.06e-29
  3.4393e+06   3.63e-29
  3.5702e+06   3.24e-29
  3.7060e+06   2.87e-29
  3.8470e+06   2.56e-29
  3.9933e+06   2.26e-29
  4.1452e+06   1.99e-29
  4.3029e+06   1.75e-29
  4.4666e+06   1.54e-29
  4.6366e+06   1.34e-29
  4.8129e+06   1.17e-29
  4.9960e+06   1.01e-29
  5.1861e+06   8.72e-30
  5.3834e+06   7.52e-30
  5.5882e+06   6.44e-30
  5.8008e+06   5.47e-30
  6.0215e+06   4.65e-30
  6.2506e+06   3.92e-30
  6.4883e+06   3.28e-30
  6.7352e+06   2.74e-30
  6.9914e+06   2.27e-30
  7.2574e+06   1.86e-30
  7.5335e+06   1.52e-30
  7.8201e+06   1.24e-30
  8.1176e+06   9.92e-31
  8.4264e+06   7.91e-31
  8.7470e+06   6.28e-31
  9.0797e+06   4.89e-31
  9.4251e+06   3.77e-31
  9.7837e+06   2.90e-31
  1.0156e+07   2.18e-31
  1.0542e+07   1.61e-31
  1.0943e+07   1.19e-31
  1.1360e+07   8.55e-32
  1.1792e+07   6.02e-32
  1.2240e+07   4.21e-32
  1.2706e+07   2.85e-32
  1.3189e+07   1.88e-32
  1.3691e+07   1.22e-32
  1.4212e+07   7.68e-33
  1.4753e+07   4.61e-33
  1.5314e+07   2.73e-33
  1.5897e+07   1.54e-33
  1.6501e+07   8.17e-34
  1.7129e+07   4.24e-34
  1.7781e+07   2.06e-34
  1.8457e+07   9.20e-35
  1.9159e+07   3.94e-35
  1.9888e+07   1.53e-35
  2.0645e+07   5.36e-36
  2.1430e+07   1.72e-36
  2.2245e+07   4.86e-37
  2.3092e+07   1.17e-37
  2.3970e+07   2.44e-38
  2.4882e+07   4.20e-39
  2.5829e+07   5.67e-40
  2.6811e+07   5.97e-41
  2.7831e+07   4.60e-42
  2.8890e+07   2.43e-43
  2.9989e+07   8.33e-45
  3.1130e+07   1.70e-46
  3.2314e+07   1.84e-48
  3.3544e+07   9.38e-51
  3.4820e+07   1.91e-53
  3.6144e+07   1.27e-56
  3.7519e+07   2.13e-60
  3.8947e+07   6.61e-65
  4.0428e+07   2.52e-70
  4.1966e+07   2.17e-72
  4.3563e+07   1.93e-72
  4.5220e+07   1.70e-72
  4.6941e+07   1.49e-72
  4.8726e+07   1.32e-72
  5.0580e+07   1.16e-72
