#  E [GeV]   # per interaction  [GeV^{-1}]
  3.0000e+01   1.10e-02
  3.0782e+01   1.06e-02
  3.1585e+01   1.02e-02
  3.2409e+01   9.87e-03
  3.3255e+01   9.53e-03
  3.4122e+01   9.19e-03
  3.5012e+01   8.87e-03
  3.5925e+01   8.56e-03
  3.6862e+01   8.26e-03
  3.7824e+01   7.97e-03
  3.8810e+01   7.69e-03
  3.9822e+01   7.41e-03
  4.0861e+01   7.15e-03
  4.1927e+01   6.89e-03
  4.3021e+01   6.65e-03
  4.4143e+01   6.41e-03
  4.5294e+01   6.18e-03
  4.6475e+01   5.96e-03
  4.7688e+01   5.74e-03
  4.8931e+01   5.53e-03
  5.0208e+01   5.33e-03
  5.1517e+01   5.14e-03
  5.2861e+01   4.95e-03
  5.4240e+01   4.77e-03
  5.5654e+01   4.60e-03
  5.7106e+01   4.43e-03
  5.8596e+01   4.27e-03
  6.0124e+01   4.11e-03
  6.1692e+01   3.96e-03
  6.3301e+01   3.81e-03
  6.4952e+01   3.67e-03
  6.6647e+01   3.53e-03
  6.8385e+01   3.40e-03
  7.0169e+01   3.28e-03
  7.1999e+01   3.15e-03
  7.3877e+01   3.04e-03
  7.5804e+01   2.92e-03
  7.7781e+01   2.81e-03
  7.9810e+01   2.71e-03
  8.1891e+01   2.61e-03
  8.4027e+01   2.51e-03
  8.6219e+01   2.41e-03
  8.8468e+01   2.32e-03
  9.0775e+01   2.24e-03
  9.3143e+01   2.15e-03
  9.5572e+01   2.07e-03
  9.8065e+01   1.99e-03
  1.0062e+02   1.92e-03
  1.0325e+02   1.84e-03
  1.0594e+02   1.78e-03
  1.0870e+02   1.71e-03
  1.1154e+02   1.64e-03
  1.1445e+02   1.58e-03
  1.1743e+02   1.52e-03
  1.2050e+02   1.46e-03
  1.2364e+02   1.41e-03
  1.2686e+02   1.36e-03
  1.3017e+02   1.30e-03
  1.3357e+02   1.25e-03
  1.3705e+02   1.21e-03
  1.4063e+02   1.16e-03
  1.4429e+02   1.12e-03
  1.4806e+02   1.08e-03
  1.5192e+02   1.03e-03
  1.5588e+02   9.96e-04
  1.5995e+02   9.58e-04
  1.6412e+02   9.22e-04
  1.6840e+02   8.87e-04
  1.7279e+02   8.53e-04
  1.7730e+02   8.21e-04
  1.8193e+02   7.90e-04
  1.8667e+02   7.60e-04
  1.9154e+02   7.31e-04
  1.9654e+02   7.04e-04
  2.0166e+02   6.77e-04
  2.0692e+02   6.52e-04
  2.1232e+02   6.27e-04
  2.1786e+02   6.03e-04
  2.2354e+02   5.80e-04
  2.2937e+02   5.59e-04
  2.3535e+02   5.37e-04
  2.4149e+02   5.17e-04
  2.4779e+02   4.98e-04
  2.5425e+02   4.79e-04
  2.6088e+02   4.61e-04
  2.6769e+02   4.43e-04
  2.7467e+02   4.27e-04
  2.8184e+02   4.11e-04
  2.8919e+02   3.95e-04
  2.9673e+02   3.80e-04
  3.0447e+02   3.66e-04
  3.1241e+02   3.52e-04
  3.2056e+02   3.39e-04
  3.2892e+02   3.26e-04
  3.3750e+02   3.14e-04
  3.4630e+02   3.02e-04
  3.5533e+02   2.90e-04
  3.6460e+02   2.79e-04
  3.7411e+02   2.69e-04
  3.8387e+02   2.58e-04
  3.9388e+02   2.49e-04
  4.0416e+02   2.39e-04
  4.1470e+02   2.30e-04
  4.2551e+02   2.21e-04
  4.3661e+02   2.13e-04
  4.4800e+02   2.05e-04
  4.5969e+02   1.97e-04
  4.7168e+02   1.89e-04
  4.8398e+02   1.82e-04
  4.9660e+02   1.75e-04
  5.0956e+02   1.68e-04
  5.2285e+02   1.62e-04
  5.3648e+02   1.56e-04
  5.5048e+02   1.50e-04
  5.6483e+02   1.44e-04
  5.7957e+02   1.38e-04
  5.9468e+02   1.33e-04
  6.1020e+02   1.28e-04
  6.2611e+02   1.23e-04
  6.4244e+02   1.18e-04
  6.5920e+02   1.14e-04
  6.7639e+02   1.09e-04
  6.9403e+02   1.05e-04
  7.1214e+02   1.01e-04
  7.3071e+02   9.70e-05
  7.4977e+02   9.32e-05
  7.6933e+02   8.96e-05
  7.8939e+02   8.62e-05
  8.0998e+02   8.29e-05
  8.3111e+02   7.97e-05
  8.5279e+02   7.66e-05
  8.7503e+02   7.37e-05
  8.9785e+02   7.09e-05
  9.2127e+02   6.82e-05
  9.4530e+02   6.56e-05
  9.6996e+02   6.30e-05
  9.9526e+02   6.06e-05
  1.0212e+03   5.83e-05
  1.0479e+03   5.61e-05
  1.0752e+03   5.39e-05
  1.1032e+03   5.19e-05
  1.1320e+03   4.99e-05
  1.1615e+03   4.80e-05
  1.1918e+03   4.62e-05
  1.2229e+03   4.44e-05
  1.2548e+03   4.27e-05
  1.2875e+03   4.11e-05
  1.3211e+03   3.96e-05
  1.3556e+03   3.81e-05
  1.3909e+03   3.66e-05
  1.4272e+03   3.52e-05
  1.4644e+03   3.39e-05
  1.5026e+03   3.26e-05
  1.5418e+03   3.14e-05
  1.5820e+03   3.02e-05
  1.6233e+03   2.90e-05
  1.6657e+03   2.79e-05
  1.7091e+03   2.69e-05
  1.7537e+03   2.58e-05
  1.7994e+03   2.49e-05
  1.8464e+03   2.39e-05
  1.8945e+03   2.30e-05
  1.9439e+03   2.21e-05
  1.9946e+03   2.13e-05
  2.0467e+03   2.05e-05
  2.1000e+03   1.97e-05
  2.1548e+03   1.89e-05
  2.2110e+03   1.82e-05
  2.2687e+03   1.75e-05
  2.3279e+03   1.68e-05
  2.3886e+03   1.61e-05
  2.4509e+03   1.55e-05
  2.5148e+03   1.49e-05
  2.5804e+03   1.43e-05
  2.6477e+03   1.37e-05
  2.7168e+03   1.32e-05
  2.7876e+03   1.26e-05
  2.8603e+03   1.21e-05
  2.9349e+03   1.16e-05
  3.0115e+03   1.11e-05
  3.0900e+03   1.07e-05
  3.1706e+03   1.02e-05
  3.2533e+03   9.81e-06
  3.3382e+03   9.40e-06
  3.4253e+03   9.00e-06
  3.5146e+03   8.62e-06
  3.6063e+03   8.24e-06
  3.7003e+03   7.89e-06
  3.7969e+03   7.54e-06
  3.8959e+03   7.21e-06
  3.9975e+03   6.89e-06
  4.1018e+03   6.58e-06
  4.2088e+03   6.28e-06
  4.3185e+03   5.99e-06
  4.4312e+03   5.71e-06
  4.5467e+03   5.44e-06
  4.6653e+03   5.18e-06
  4.7870e+03   4.93e-06
  4.9119e+03   4.70e-06
  5.0400e+03   4.50e-06
