#  E [GeV]   # per interaction  [GeV^{-1}]
  3.0000e+01   5.90e-01
  3.1141e+01   5.66e-01
  3.2326e+01   5.43e-01
  3.3556e+01   5.21e-01
  3.4832e+01   5.00e-01
  3.6157e+01   4.80e-01
  3.7533e+01   4.60e-01
  3.8961e+01   4.41e-01
  4.0443e+01   4.23e-01
  4.1982e+01   4.06e-01
  4.3579e+01   3.89e-01
  4.5237e+01   3.73e-01
  4.6958e+01   3.57e-01
  4.8744e+01   3.42e-01
  5.0598e+01   3.28e-01
  5.2523e+01   3.15e-01
  5.4521e+01   3.01e-01
  5.6596e+01   2.89e-01
  5.8749e+01   2.77e-01
  6.0984e+01   2.65e-01
  6.3304e+01   2.54e-01
  6.5712e+01   2.43e-01
  6.8212e+01   2.33e-01
  7.0807e+01   2.23e-01
  7.3500e+01   2.13e-01
  7.6297e+01   2.04e-01
  7.9199e+01   1.95e-01
  8.2212e+01   1.87e-01
  8.5340e+01   1.79e-01
  8.8586e+01   1.71e-01
  9.1956e+01   1.64e-01
  9.5455e+01   1.57e-01
  9.9086e+01   1.50e-01
  1.0286e+02   1.43e-01
  1.0677e+02   1.37e-01
  1.1083e+02   1.31e-01
  1.1505e+02   1.25e-01
  1.1942e+02   1.19e-01
  1.2397e+02   1.14e-01
  1.2868e+02   1.09e-01
  1.3358e+02   1.04e-01
  1.3866e+02   9.91e-02
  1.4394e+02   9.46e-02
  1.4941e+02   9.02e-02
  1.5509e+02   8.61e-02
  1.6100e+02   8.21e-02
  1.6712e+02   7.82e-02
  1.7348e+02   7.45e-02
  1.8008e+02   7.10e-02
  1.8693e+02   6.76e-02
  1.9404e+02   6.44e-02
  2.0142e+02   6.13e-02
  2.0908e+02   5.83e-02
  2.1704e+02   5.54e-02
  2.2529e+02   5.27e-02
  2.3387e+02   5.01e-02
  2.4276e+02   4.76e-02
  2.5200e+02   4.52e-02
  2.6158e+02   4.29e-02
  2.7154e+02   4.07e-02
  2.8187e+02   3.87e-02
  2.9259e+02   3.67e-02
  3.0372e+02   3.48e-02
  3.1527e+02   3.30e-02
  3.2727e+02   3.12e-02
  3.3972e+02   2.95e-02
  3.5264e+02   2.79e-02
  3.6606e+02   2.64e-02
  3.7998e+02   2.50e-02
  3.9444e+02   2.36e-02
  4.0945e+02   2.23e-02
  4.2502e+02   2.10e-02
  4.4119e+02   1.99e-02
  4.5798e+02   1.87e-02
  4.7540e+02   1.77e-02
  4.9348e+02   1.66e-02
  5.1226e+02   1.57e-02
  5.3175e+02   1.47e-02
  5.5198e+02   1.39e-02
  5.7297e+02   1.31e-02
  5.9477e+02   1.23e-02
  6.1740e+02   1.15e-02
  6.4089e+02   1.08e-02
  6.6527e+02   1.02e-02
  6.9058e+02   9.53e-03
  7.1685e+02   8.94e-03
  7.4412e+02   8.38e-03
  7.7243e+02   7.85e-03
  8.0181e+02   7.35e-03
  8.3232e+02   6.88e-03
  8.6398e+02   6.44e-03
  8.9685e+02   6.02e-03
  9.3097e+02   5.63e-03
  9.6638e+02   5.26e-03
  1.0031e+03   4.92e-03
  1.0413e+03   4.59e-03
  1.0809e+03   4.29e-03
  1.1220e+03   4.00e-03
  1.1647e+03   3.73e-03
  1.2090e+03   3.48e-03
  1.2550e+03   3.24e-03
  1.3028e+03   3.02e-03
  1.3523e+03   2.81e-03
  1.4038e+03   2.61e-03
  1.4572e+03   2.43e-03
  1.5126e+03   2.26e-03
  1.5702e+03   2.10e-03
  1.6299e+03   1.95e-03
  1.6919e+03   1.81e-03
  1.7563e+03   1.68e-03
  1.8231e+03   1.56e-03
  1.8925e+03   1.45e-03
  1.9645e+03   1.34e-03
  2.0392e+03   1.24e-03
  2.1168e+03   1.15e-03
  2.1973e+03   1.06e-03
  2.2809e+03   9.82e-04
  2.3677e+03   9.08e-04
  2.4577e+03   8.38e-04
  2.5512e+03   7.73e-04
  2.6483e+03   7.13e-04
  2.7490e+03   6.57e-04
  2.8536e+03   6.05e-04
  2.9622e+03   5.57e-04
  3.0749e+03   5.12e-04
  3.1918e+03   4.70e-04
  3.3133e+03   4.32e-04
  3.4393e+03   3.96e-04
  3.5702e+03   3.63e-04
  3.7060e+03   3.33e-04
  3.8470e+03   3.05e-04
  3.9933e+03   2.78e-04
  4.1452e+03   2.55e-04
  4.3029e+03   2.32e-04
  4.4666e+03   2.12e-04
  4.6366e+03   1.93e-04
  4.8129e+03   1.76e-04
  4.9960e+03   1.60e-04
  5.1861e+03   1.45e-04
  5.3834e+03   1.32e-04
  5.5882e+03   1.19e-04
  5.8008e+03   1.08e-04
  6.0215e+03   9.80e-05
  6.2506e+03   8.83e-05
  6.4883e+03   8.00e-05
  6.7352e+03   7.21e-05
  6.9914e+03   6.47e-05
  7.2574e+03   5.84e-05
  7.5335e+03   5.25e-05
  7.8201e+03   4.69e-05
  8.1176e+03   4.21e-05
  8.4264e+03   3.77e-05
  8.7470e+03   3.36e-05
  9.0797e+03   3.00e-05
  9.4251e+03   2.68e-05
  9.7837e+03   2.37e-05
  1.0156e+04   2.11e-05
  1.0542e+04   1.87e-05
  1.0943e+04   1.65e-05
  1.1360e+04   1.46e-05
  1.1792e+04   1.29e-05
  1.2240e+04   1.13e-05
  1.2706e+04   9.96e-06
  1.3189e+04   8.75e-06
  1.3691e+04   7.64e-06
  1.4212e+04   6.66e-06
  1.4753e+04   5.81e-06
  1.5314e+04   5.04e-06
  1.5897e+04   4.35e-06
  1.6501e+04   3.77e-06
  1.7129e+04   3.23e-06
  1.7781e+04   2.76e-06
  1.8457e+04   2.36e-06
  1.9159e+04   2.00e-06
  1.9888e+04   1.67e-06
  2.0645e+04   1.41e-06
  2.1430e+04   1.17e-06
  2.2245e+04   9.58e-07
  2.3092e+04   7.82e-07
  2.3970e+04   6.27e-07
  2.4882e+04   4.92e-07
  2.5829e+04   3.82e-07
  2.6811e+04   2.88e-07
  2.7831e+04   2.10e-07
  2.8890e+04   1.49e-07
  2.9989e+04   1.01e-07
  3.1130e+04   6.40e-08
  3.2314e+04   3.88e-08
  3.3544e+04   2.16e-08
  3.4820e+04   1.08e-08
  3.6144e+04   4.86e-09
  3.7519e+04   1.87e-09
  3.8947e+04   5.85e-10
  4.0428e+04   1.51e-10
  4.1966e+04   2.86e-11
  4.3563e+04   3.54e-12
  4.5220e+04   3.05e-13
  4.6941e+04   1.36e-14
  4.8726e+04   2.38e-16
  5.0580e+04   1.38e-18
