#  E [GeV]   # per interaction  [GeV^{-1}]
  3.0000e+01   1.12e+00
  3.1123e+01   1.08e+00
  3.2288e+01   1.03e+00
  3.3497e+01   9.84e-01
  3.4751e+01   9.41e-01
  3.6051e+01   9.00e-01
  3.7401e+01   8.60e-01
  3.8801e+01   8.22e-01
  4.0253e+01   7.85e-01
  4.1760e+01   7.50e-01
  4.3324e+01   7.16e-01
  4.4945e+01   6.84e-01
  4.6628e+01   6.53e-01
  4.8373e+01   6.23e-01
  5.0184e+01   5.95e-01
  5.2063e+01   5.68e-01
  5.4011e+01   5.42e-01
  5.6033e+01   5.17e-01
  5.8131e+01   4.93e-01
  6.0307e+01   4.70e-01
  6.2564e+01   4.49e-01
  6.4906e+01   4.28e-01
  6.7336e+01   4.08e-01
  6.9857e+01   3.88e-01
  7.2472e+01   3.70e-01
  7.5184e+01   3.53e-01
  7.7999e+01   3.36e-01
  8.0919e+01   3.20e-01
  8.3948e+01   3.04e-01
  8.7090e+01   2.90e-01
  9.0350e+01   2.76e-01
  9.3732e+01   2.62e-01
  9.7241e+01   2.50e-01
  1.0088e+02   2.37e-01
  1.0466e+02   2.26e-01
  1.0858e+02   2.15e-01
  1.1264e+02   2.04e-01
  1.1686e+02   1.94e-01
  1.2123e+02   1.84e-01
  1.2577e+02   1.75e-01
  1.3048e+02   1.66e-01
  1.3536e+02   1.58e-01
  1.4043e+02   1.50e-01
  1.4568e+02   1.42e-01
  1.5114e+02   1.35e-01
  1.5680e+02   1.28e-01
  1.6266e+02   1.21e-01
  1.6875e+02   1.15e-01
  1.7507e+02   1.09e-01
  1.8162e+02   1.03e-01
  1.8842e+02   9.73e-02
  1.9548e+02   9.20e-02
  2.0279e+02   8.70e-02
  2.1039e+02   8.23e-02
  2.1826e+02   7.77e-02
  2.2643e+02   7.34e-02
  2.3491e+02   6.93e-02
  2.4370e+02   6.54e-02
  2.5282e+02   6.16e-02
  2.6229e+02   5.81e-02
  2.7211e+02   5.47e-02
  2.8229e+02   5.15e-02
  2.9286e+02   4.85e-02
  3.0382e+02   4.56e-02
  3.1519e+02   4.28e-02
  3.2699e+02   4.02e-02
  3.3923e+02   3.77e-02
  3.5193e+02   3.54e-02
  3.6511e+02   3.31e-02
  3.7877e+02   3.10e-02
  3.9295e+02   2.90e-02
  4.0766e+02   2.72e-02
  4.2292e+02   2.54e-02
  4.3875e+02   2.37e-02
  4.5518e+02   2.21e-02
  4.7222e+02   2.06e-02
  4.8989e+02   1.92e-02
  5.0823e+02   1.79e-02
  5.2726e+02   1.67e-02
  5.4699e+02   1.55e-02
  5.6747e+02   1.44e-02
  5.8871e+02   1.34e-02
  6.1075e+02   1.24e-02
  6.3361e+02   1.15e-02
  6.5733e+02   1.07e-02
  6.8194e+02   9.91e-03
  7.0746e+02   9.19e-03
  7.3395e+02   8.51e-03
  7.6142e+02   7.87e-03
  7.8992e+02   7.28e-03
  8.1949e+02   6.73e-03
  8.5017e+02   6.22e-03
  8.8199e+02   5.74e-03
  9.1501e+02   5.30e-03
  9.4926e+02   4.89e-03
  9.8479e+02   4.51e-03
  1.0217e+03   4.16e-03
  1.0599e+03   3.83e-03
  1.0996e+03   3.53e-03
  1.1407e+03   3.25e-03
  1.1834e+03   2.99e-03
  1.2277e+03   2.75e-03
  1.2737e+03   2.52e-03
  1.3214e+03   2.32e-03
  1.3708e+03   2.13e-03
  1.4222e+03   1.95e-03
  1.4754e+03   1.79e-03
  1.5306e+03   1.64e-03
  1.5879e+03   1.51e-03
  1.6474e+03   1.38e-03
  1.7090e+03   1.26e-03
  1.7730e+03   1.15e-03
  1.8394e+03   1.05e-03
  1.9082e+03   9.62e-04
  1.9797e+03   8.79e-04
  2.0538e+03   8.02e-04
  2.1306e+03   7.30e-04
  2.2104e+03   6.65e-04
  2.2931e+03   6.05e-04
  2.3790e+03   5.49e-04
  2.4680e+03   4.98e-04
  2.5604e+03   4.52e-04
  2.6563e+03   4.09e-04
  2.7557e+03   3.70e-04
  2.8589e+03   3.35e-04
  2.9659e+03   3.02e-04
  3.0769e+03   2.72e-04
  3.1921e+03   2.45e-04
  3.3116e+03   2.21e-04
  3.4355e+03   1.98e-04
  3.5641e+03   1.78e-04
  3.6976e+03   1.59e-04
  3.8360e+03   1.42e-04
  3.9796e+03   1.27e-04
  4.1285e+03   1.13e-04
  4.2831e+03   1.00e-04
  4.4434e+03   8.93e-05
  4.6097e+03   7.92e-05
  4.7823e+03   6.98e-05
  4.9613e+03   6.17e-05
  5.1470e+03   5.44e-05
  5.3397e+03   4.77e-05
  5.5396e+03   4.18e-05
  5.7470e+03   3.67e-05
  5.9621e+03   3.20e-05
  6.1853e+03   2.78e-05
  6.4168e+03   2.42e-05
  6.6570e+03   2.10e-05
  6.9062e+03   1.81e-05
  7.1647e+03   1.57e-05
  7.4329e+03   1.34e-05
  7.7112e+03   1.15e-05
  7.9998e+03   9.85e-06
  8.2993e+03   8.39e-06
  8.6100e+03   7.06e-06
  8.9323e+03   6.01e-06
  9.2666e+03   5.06e-06
  9.6135e+03   4.21e-06
  9.9734e+03   3.53e-06
  1.0347e+04   2.94e-06
  1.0734e+04   2.42e-06
  1.1136e+04   2.00e-06
  1.1553e+04   1.64e-06
  1.1985e+04   1.32e-06
  1.2434e+04   1.07e-06
  1.2899e+04   8.65e-07
  1.3382e+04   6.86e-07
  1.3883e+04   5.41e-07
  1.4403e+04   4.26e-07
  1.4942e+04   3.29e-07
  1.5501e+04   2.51e-07
  1.6081e+04   1.91e-07
  1.6683e+04   1.42e-07
  1.7308e+04   1.04e-07
  1.7956e+04   7.53e-08
  1.8628e+04   5.31e-08
  1.9325e+04   3.63e-08
  2.0049e+04   2.46e-08
  2.0799e+04   1.60e-08
  2.1578e+04   9.92e-09
  2.2386e+04   5.98e-09
  2.3224e+04   3.41e-09
  2.4093e+04   1.81e-09
  2.4995e+04   9.06e-10
  2.5930e+04   4.15e-10
  2.6901e+04   1.71e-10
  2.7908e+04   6.29e-11
  2.8953e+04   2.01e-11
  3.0037e+04   5.41e-12
  3.1161e+04   1.19e-12
  3.2327e+04   2.04e-13
  3.3537e+04   2.59e-14
  3.4793e+04   2.27e-15
  3.6095e+04   1.27e-16
  3.7446e+04   4.06e-18
  3.8848e+04   6.49e-20
  4.0302e+04   4.36e-22
  4.1811e+04   9.81e-25
  4.3376e+04   5.54e-28
  4.5000e+04   5.44e-32
