#  E [MeV]   Flux [# cm^{-2} s^{-1}  MeV^{-1}]
  3.0000e+04   1.07e-24
  3.0696e+04   1.05e-24
  3.1408e+04   1.04e-24
  3.2137e+04   1.02e-24
  3.2883e+04   9.98e-25
  3.3646e+04   9.79e-25
  3.4426e+04   9.62e-25
  3.5225e+04   9.45e-25
  3.6042e+04   9.28e-25
  3.6878e+04   9.12e-25
  3.7734e+04   8.96e-25
  3.8609e+04   8.81e-25
  3.9505e+04   8.66e-25
  4.0422e+04   8.52e-25
  4.1360e+04   8.37e-25
  4.2319e+04   8.23e-25
  4.3301e+04   8.09e-25
  4.4306e+04   7.96e-25
  4.5334e+04   7.84e-25
  4.6386e+04   7.71e-25
  4.7462e+04   7.58e-25
  4.8563e+04   7.46e-25
  4.9690e+04   7.34e-25
  5.0843e+04   7.23e-25
  5.2022e+04   7.12e-25
  5.3229e+04   7.01e-25
  5.4464e+04   6.90e-25
  5.5728e+04   6.79e-25
  5.7021e+04   6.69e-25
  5.8344e+04   6.59e-25
  5.9697e+04   6.49e-25
  6.1083e+04   6.39e-25
  6.2500e+04   6.30e-25
  6.3950e+04   6.20e-25
  6.5434e+04   6.11e-25
  6.6952e+04   6.02e-25
  6.8505e+04   5.93e-25
  7.0095e+04   5.85e-25
  7.1721e+04   5.76e-25
  7.3385e+04   5.68e-25
  7.5088e+04   5.59e-25
  7.6830e+04   5.51e-25
  7.8612e+04   5.43e-25
  8.0436e+04   5.35e-25
  8.2302e+04   5.27e-25
  8.4212e+04   5.20e-25
  8.6166e+04   5.12e-25
  8.8165e+04   5.05e-25
  9.0210e+04   4.97e-25
  9.2304e+04   4.90e-25
  9.4445e+04   4.83e-25
  9.6636e+04   4.76e-25
  9.8878e+04   4.69e-25
  1.0117e+05   4.62e-25
  1.0352e+05   4.55e-25
  1.0592e+05   4.49e-25
  1.0838e+05   4.42e-25
  1.1089e+05   4.35e-25
  1.1347e+05   4.29e-25
  1.1610e+05   4.22e-25
  1.1879e+05   4.16e-25
  1.2155e+05   4.10e-25
  1.2437e+05   4.04e-25
  1.2725e+05   3.98e-25
  1.3021e+05   3.91e-25
  1.3323e+05   3.85e-25
  1.3632e+05   3.80e-25
  1.3948e+05   3.74e-25
  1.4272e+05   3.68e-25
  1.4603e+05   3.62e-25
  1.4942e+05   3.56e-25
  1.5288e+05   3.50e-25
  1.5643e+05   3.44e-25
  1.6006e+05   3.38e-25
  1.6377e+05   3.33e-25
  1.6757e+05   3.27e-25
  1.7146e+05   3.22e-25
  1.7544e+05   3.16e-25
  1.7951e+05   3.10e-25
  1.8368e+05   3.05e-25
  1.8794e+05   2.99e-25
  1.9230e+05   2.94e-25
  1.9676e+05   2.89e-25
  2.0132e+05   2.83e-25
  2.0600e+05   2.78e-25
  2.1078e+05   2.73e-25
  2.1567e+05   2.67e-25
  2.2067e+05   2.62e-25
  2.2579e+05   2.57e-25
  2.3103e+05   2.52e-25
  2.3639e+05   2.47e-25
  2.4187e+05   2.42e-25
  2.4748e+05   2.37e-25
  2.5323e+05   2.32e-25
  2.5910e+05   2.27e-25
  2.6511e+05   2.22e-25
  2.7126e+05   2.17e-25
  2.7756e+05   2.12e-25
  2.8400e+05   2.07e-25
  2.9059e+05   2.02e-25
  2.9733e+05   1.98e-25
  3.0423e+05   1.93e-25
  3.1129e+05   1.88e-25
  3.1851e+05   1.83e-25
  3.2590e+05   1.79e-25
  3.3346e+05   1.74e-25
  3.4120e+05   1.70e-25
  3.4911e+05   1.65e-25
  3.5721e+05   1.61e-25
  3.6550e+05   1.56e-25
  3.7398e+05   1.52e-25
  3.8266e+05   1.48e-25
  3.9154e+05   1.43e-25
  4.0062e+05   1.39e-25
  4.0991e+05   1.35e-25
  4.1943e+05   1.31e-25
  4.2916e+05   1.27e-25
  4.3911e+05   1.23e-25
  4.4930e+05   1.19e-25
  4.5973e+05   1.15e-25
  4.7039e+05   1.11e-25
  4.8131e+05   1.08e-25
  4.9247e+05   1.04e-25
  5.0390e+05   1.01e-25
  5.1559e+05   9.71e-26
  5.2755e+05   9.37e-26
  5.3979e+05   9.04e-26
  5.5232e+05   8.71e-26
  5.6513e+05   8.38e-26
  5.7824e+05   8.05e-26
  5.9166e+05   7.74e-26
  6.0539e+05   7.44e-26
  6.1943e+05   7.15e-26
  6.3381e+05   6.85e-26
  6.4851e+05   6.57e-26
  6.6356e+05   6.30e-26
  6.7895e+05   6.03e-26
  6.9471e+05   5.78e-26
  7.1082e+05   5.52e-26
  7.2732e+05   5.28e-26
  7.4419e+05   5.04e-26
  7.6146e+05   4.81e-26
  7.7912e+05   4.59e-26
  7.9720e+05   4.37e-26
  8.1570e+05   4.16e-26
  8.3462e+05   3.96e-26
  8.5399e+05   3.77e-26
  8.7380e+05   3.58e-26
  8.9407e+05   3.40e-26
  9.1482e+05   3.23e-26
  9.3604e+05   3.06e-26
  9.5776e+05   2.90e-26
  9.7998e+05   2.74e-26
  1.0027e+06   2.59e-26
  1.0260e+06   2.45e-26
  1.0498e+06   2.31e-26
  1.0741e+06   2.18e-26
  1.0991e+06   2.06e-26
  1.1246e+06   1.93e-26
  1.1507e+06   1.82e-26
  1.1774e+06   1.70e-26
  1.2047e+06   1.60e-26
  1.2326e+06   1.49e-26
  1.2612e+06   1.40e-26
  1.2905e+06   1.31e-26
  1.3204e+06   1.22e-26
  1.3511e+06   1.13e-26
  1.3824e+06   1.05e-26
  1.4145e+06   9.80e-27
  1.4473e+06   9.10e-27
  1.4809e+06   8.43e-27
  1.5152e+06   7.78e-27
  1.5504e+06   7.18e-27
  1.5864e+06   6.65e-27
  1.6232e+06   6.13e-27
  1.6608e+06   5.64e-27
  1.6994e+06   5.18e-27
  1.7388e+06   4.74e-27
  1.7791e+06   4.35e-27
  1.8204e+06   3.98e-27
  1.8626e+06   3.62e-27
  1.9059e+06   3.28e-27
  1.9501e+06   2.97e-27
  1.9953e+06   2.71e-27
  2.0416e+06   2.46e-27
  2.0890e+06   2.22e-27
  2.1375e+06   1.99e-27
  2.1870e+06   1.78e-27
  2.2378e+06   1.62e-27
  2.2897e+06   1.46e-27
  2.3428e+06   1.32e-27
  2.3972e+06   1.18e-27
  2.4528e+06   1.05e-27
  2.5097e+06   9.57e-28
  2.5680e+06   8.72e-28
  2.6275e+06   7.90e-28
  2.6885e+06   7.11e-28
  2.7509e+06   6.41e-28
  2.8147e+06   6.02e-28
  2.8800e+06   5.64e-28
