#  E [GeV]   # per interaction  [GeV^{-1}]
  3.0000e+01   2.38e-01
  3.0696e+01   2.31e-01
  3.1408e+01   2.23e-01
  3.2137e+01   2.16e-01
  3.2883e+01   2.09e-01
  3.3646e+01   2.02e-01
  3.4426e+01   1.95e-01
  3.5225e+01   1.89e-01
  3.6042e+01   1.82e-01
  3.6878e+01   1.76e-01
  3.7734e+01   1.70e-01
  3.8609e+01   1.65e-01
  3.9505e+01   1.59e-01
  4.0422e+01   1.54e-01
  4.1360e+01   1.48e-01
  4.2319e+01   1.43e-01
  4.3301e+01   1.38e-01
  4.4306e+01   1.33e-01
  4.5334e+01   1.29e-01
  4.6386e+01   1.24e-01
  4.7462e+01   1.20e-01
  4.8563e+01   1.15e-01
  4.9690e+01   1.11e-01
  5.0843e+01   1.07e-01
  5.2022e+01   1.03e-01
  5.3229e+01   9.97e-02
  5.4464e+01   9.61e-02
  5.5728e+01   9.26e-02
  5.7021e+01   8.92e-02
  5.8344e+01   8.59e-02
  5.9697e+01   8.27e-02
  6.1083e+01   7.96e-02
  6.2500e+01   7.66e-02
  6.3950e+01   7.37e-02
  6.5434e+01   7.09e-02
  6.6952e+01   6.82e-02
  6.8505e+01   6.56e-02
  7.0095e+01   6.31e-02
  7.1721e+01   6.07e-02
  7.3385e+01   5.83e-02
  7.5088e+01   5.60e-02
  7.6830e+01   5.38e-02
  7.8612e+01   5.17e-02
  8.0436e+01   4.96e-02
  8.2302e+01   4.76e-02
  8.4212e+01   4.57e-02
  8.6166e+01   4.39e-02
  8.8165e+01   4.21e-02
  9.0210e+01   4.04e-02
  9.2304e+01   3.87e-02
  9.4445e+01   3.71e-02
  9.6636e+01   3.56e-02
  9.8878e+01   3.41e-02
  1.0117e+02   3.27e-02
  1.0352e+02   3.13e-02
  1.0592e+02   3.00e-02
  1.0838e+02   2.87e-02
  1.1089e+02   2.75e-02
  1.1347e+02   2.63e-02
  1.1610e+02   2.52e-02
  1.1879e+02   2.41e-02
  1.2155e+02   2.30e-02
  1.2437e+02   2.20e-02
  1.2725e+02   2.10e-02
  1.3021e+02   2.01e-02
  1.3323e+02   1.92e-02
  1.3632e+02   1.83e-02
  1.3948e+02   1.75e-02
  1.4272e+02   1.67e-02
  1.4603e+02   1.59e-02
  1.4942e+02   1.52e-02
  1.5288e+02   1.45e-02
  1.5643e+02   1.38e-02
  1.6006e+02   1.32e-02
  1.6377e+02   1.25e-02
  1.6757e+02   1.19e-02
  1.7146e+02   1.13e-02
  1.7544e+02   1.08e-02
  1.7951e+02   1.03e-02
  1.8368e+02   9.78e-03
  1.8794e+02   9.30e-03
  1.9230e+02   8.83e-03
  1.9676e+02   8.39e-03
  2.0132e+02   7.98e-03
  2.0600e+02   7.57e-03
  2.1078e+02   7.18e-03
  2.1567e+02   6.81e-03
  2.2067e+02   6.46e-03
  2.2579e+02   6.13e-03
  2.3103e+02   5.81e-03
  2.3639e+02   5.50e-03
  2.4187e+02   5.20e-03
  2.4748e+02   4.93e-03
  2.5323e+02   4.66e-03
  2.5910e+02   4.41e-03
  2.6511e+02   4.17e-03
  2.7126e+02   3.93e-03
  2.7756e+02   3.71e-03
  2.8400e+02   3.51e-03
  2.9059e+02   3.31e-03
  2.9733e+02   3.12e-03
  3.0423e+02   2.93e-03
  3.1129e+02   2.77e-03
  3.1851e+02   2.61e-03
  3.2590e+02   2.45e-03
  3.3346e+02   2.31e-03
  3.4120e+02   2.16e-03
  3.4911e+02   2.03e-03
  3.5721e+02   1.91e-03
  3.6550e+02   1.80e-03
  3.7398e+02   1.68e-03
  3.8266e+02   1.58e-03
  3.9154e+02   1.48e-03
  4.0062e+02   1.39e-03
  4.0991e+02   1.30e-03
  4.1943e+02   1.21e-03
  4.2916e+02   1.13e-03
  4.3911e+02   1.06e-03
  4.4930e+02   9.90e-04
  4.5973e+02   9.24e-04
  4.7039e+02   8.62e-04
  4.8131e+02   8.02e-04
  4.9247e+02   7.48e-04
  5.0390e+02   6.98e-04
  5.1559e+02   6.50e-04
  5.2755e+02   6.04e-04
  5.3979e+02   5.61e-04
  5.5232e+02   5.21e-04
  5.6513e+02   4.85e-04
  5.7824e+02   4.51e-04
  5.9166e+02   4.18e-04
  6.0539e+02   3.86e-04
  6.1943e+02   3.58e-04
  6.3381e+02   3.32e-04
  6.4851e+02   3.08e-04
  6.6356e+02   2.85e-04
  6.7895e+02   2.63e-04
  6.9471e+02   2.43e-04
  7.1082e+02   2.25e-04
  7.2732e+02   2.08e-04
  7.4419e+02   1.92e-04
  7.6146e+02   1.77e-04
  7.7912e+02   1.64e-04
  7.9720e+02   1.51e-04
  8.1570e+02   1.40e-04
  8.3462e+02   1.29e-04
  8.5399e+02   1.19e-04
  8.7380e+02   1.10e-04
  8.9407e+02   1.01e-04
  9.1482e+02   9.37e-05
  9.3604e+02   8.64e-05
  9.5776e+02   7.94e-05
  9.7998e+02   7.33e-05
  1.0027e+03   6.80e-05
  1.0260e+03   6.29e-05
  1.0498e+03   5.81e-05
  1.0741e+03   5.35e-05
  1.0991e+03   4.95e-05
  1.1246e+03   4.61e-05
  1.1507e+03   4.28e-05
  1.1774e+03   3.97e-05
  1.2047e+03   3.68e-05
  1.2326e+03   3.42e-05
  1.2612e+03   3.21e-05
  1.2905e+03   3.00e-05
  1.3204e+03   2.81e-05
  1.3511e+03   2.62e-05
  1.3824e+03   2.46e-05
  1.4145e+03   2.33e-05
  1.4473e+03   2.20e-05
  1.4809e+03   2.08e-05
  1.5152e+03   1.97e-05
  1.5504e+03   1.87e-05
  1.5864e+03   1.79e-05
  1.6232e+03   1.71e-05
  1.6608e+03   1.63e-05
  1.6994e+03   1.56e-05
  1.7388e+03   1.51e-05
  1.7791e+03   1.47e-05
  1.8204e+03   1.43e-05
  1.8626e+03   1.40e-05
  1.9059e+03   1.37e-05
  1.9501e+03   1.35e-05
  1.9953e+03   1.34e-05
  2.0416e+03   1.34e-05
  2.0890e+03   1.34e-05
  2.1375e+03   1.33e-05
  2.1870e+03   1.35e-05
  2.2378e+03   1.40e-05
  2.2897e+03   1.44e-05
  2.3428e+03   1.48e-05
  2.3972e+03   1.52e-05
  2.4528e+03   1.58e-05
  2.5097e+03   1.66e-05
  2.5680e+03   1.74e-05
  2.6275e+03   1.81e-05
  2.6885e+03   1.87e-05
  2.7509e+03   1.76e-05
  2.8147e+03   1.35e-05
  2.8800e+03   9.65e-06
