#  E [MeV]   Flux [# cm^{-2} s^{-1}  MeV^{-1}]
  3.0000e+04   1.53e-20
  3.1123e+04   1.47e-20
  3.2288e+04   1.41e-20
  3.3497e+04   1.36e-20
  3.4751e+04   1.30e-20
  3.6051e+04   1.25e-20
  3.7401e+04   1.20e-20
  3.8801e+04   1.15e-20
  4.0253e+04   1.11e-20
  4.1760e+04   1.06e-20
  4.3324e+04   1.02e-20
  4.4945e+04   9.80e-21
  4.6628e+04   9.41e-21
  4.8373e+04   9.03e-21
  5.0184e+04   8.67e-21
  5.2063e+04   8.32e-21
  5.4011e+04   7.98e-21
  5.6033e+04   7.66e-21
  5.8131e+04   7.35e-21
  6.0307e+04   7.05e-21
  6.2564e+04   6.76e-21
  6.4906e+04   6.48e-21
  6.7336e+04   6.21e-21
  6.9857e+04   5.95e-21
  7.2472e+04   5.71e-21
  7.5184e+04   5.47e-21
  7.7999e+04   5.24e-21
  8.0919e+04   5.02e-21
  8.3948e+04   4.80e-21
  8.7090e+04   4.60e-21
  9.0350e+04   4.40e-21
  9.3732e+04   4.21e-21
  9.7241e+04   4.03e-21
  1.0088e+05   3.86e-21
  1.0466e+05   3.69e-21
  1.0858e+05   3.53e-21
  1.1264e+05   3.37e-21
  1.1686e+05   3.22e-21
  1.2123e+05   3.08e-21
  1.2577e+05   2.94e-21
  1.3048e+05   2.81e-21
  1.3536e+05   2.68e-21
  1.4043e+05   2.55e-21
  1.4568e+05   2.43e-21
  1.5114e+05   2.32e-21
  1.5680e+05   2.21e-21
  1.6266e+05   2.10e-21
  1.6875e+05   2.00e-21
  1.7507e+05   1.91e-21
  1.8162e+05   1.81e-21
  1.8842e+05   1.72e-21
  1.9548e+05   1.64e-21
  2.0279e+05   1.55e-21
  2.1039e+05   1.47e-21
  2.1826e+05   1.40e-21
  2.2643e+05   1.32e-21
  2.3491e+05   1.25e-21
  2.4370e+05   1.19e-21
  2.5282e+05   1.12e-21
  2.6229e+05   1.06e-21
  2.7211e+05   1.00e-21
  2.8229e+05   9.44e-22
  2.9286e+05   8.90e-22
  3.0382e+05   8.38e-22
  3.1519e+05   7.89e-22
  3.2699e+05   7.42e-22
  3.3923e+05   6.97e-22
  3.5193e+05   6.54e-22
  3.6511e+05   6.13e-22
  3.7877e+05   5.75e-22
  3.9295e+05   5.38e-22
  4.0766e+05   5.03e-22
  4.2292e+05   4.70e-22
  4.3875e+05   4.39e-22
  4.5518e+05   4.09e-22
  4.7222e+05   3.81e-22
  4.8989e+05   3.55e-22
  5.0823e+05   3.30e-22
  5.2726e+05   3.07e-22
  5.4699e+05   2.85e-22
  5.6747e+05   2.65e-22
  5.8871e+05   2.45e-22
  6.1075e+05   2.27e-22
  6.3361e+05   2.10e-22
  6.5733e+05   1.95e-22
  6.8194e+05   1.80e-22
  7.0746e+05   1.66e-22
  7.3395e+05   1.54e-22
  7.6142e+05   1.42e-22
  7.8992e+05   1.31e-22
  8.1949e+05   1.21e-22
  8.5017e+05   1.11e-22
  8.8199e+05   1.03e-22
  9.1501e+05   9.47e-23
  9.4926e+05   8.73e-23
  9.8479e+05   8.04e-23
  1.0217e+06   7.41e-23
  1.0599e+06   6.82e-23
  1.0996e+06   6.28e-23
  1.1407e+06   5.78e-23
  1.1834e+06   5.32e-23
  1.2277e+06   4.90e-23
  1.2737e+06   4.51e-23
  1.3214e+06   4.15e-23
  1.3708e+06   3.82e-23
  1.4222e+06   3.51e-23
  1.4754e+06   3.23e-23
  1.5306e+06   2.97e-23
  1.5879e+06   2.73e-23
  1.6474e+06   2.51e-23
  1.7090e+06   2.31e-23
  1.7730e+06   2.13e-23
  1.8394e+06   1.95e-23
  1.9082e+06   1.79e-23
  1.9797e+06   1.65e-23
  2.0538e+06   1.51e-23
  2.1306e+06   1.39e-23
  2.2104e+06   1.27e-23
  2.2931e+06   1.17e-23
  2.3790e+06   1.07e-23
  2.4680e+06   9.78e-24
  2.5604e+06   8.95e-24
  2.6563e+06   8.16e-24
  2.7557e+06   7.46e-24
  2.8589e+06   6.81e-24
  2.9659e+06   6.20e-24
  3.0769e+06   5.65e-24
  3.1921e+06   5.14e-24
  3.3116e+06   4.66e-24
  3.4355e+06   4.23e-24
  3.5641e+06   3.83e-24
  3.6976e+06   3.46e-24
  3.8360e+06   3.12e-24
  3.9796e+06   2.82e-24
  4.1285e+06   2.53e-24
  4.2831e+06   2.27e-24
  4.4434e+06   2.04e-24
  4.6097e+06   1.82e-24
  4.7823e+06   1.62e-24
  4.9613e+06   1.44e-24
  5.1470e+06   1.28e-24
  5.3397e+06   1.13e-24
  5.5396e+06   9.96e-25
  5.7470e+06   8.75e-25
  5.9621e+06   7.64e-25
  6.1853e+06   6.69e-25
  6.4168e+06   5.82e-25
  6.6570e+06   5.02e-25
  6.9062e+06   4.35e-25
  7.1647e+06   3.73e-25
  7.4329e+06   3.18e-25
  7.7112e+06   2.71e-25
  7.9998e+06   2.29e-25
  8.2993e+06   1.92e-25
  8.6100e+06   1.60e-25
  8.9323e+06   1.33e-25
  9.2666e+06   1.09e-25
  9.6135e+06   8.90e-26
  9.9734e+06   7.22e-26
  1.0347e+07   5.76e-26
  1.0734e+07   4.56e-26
  1.1136e+07   3.59e-26
  1.1553e+07   2.77e-26
  1.1985e+07   2.11e-26
  1.2434e+07   1.60e-26
  1.2899e+07   1.18e-26
  1.3382e+07   8.53e-27
  1.3883e+07   6.14e-27
  1.4403e+07   4.29e-27
  1.4942e+07   2.89e-27
  1.5501e+07   1.94e-27
  1.6081e+07   1.25e-27
  1.6683e+07   7.74e-28
  1.7308e+07   4.68e-28
  1.7956e+07   2.70e-28
  1.8628e+07   1.47e-28
  1.9325e+07   7.67e-29
  2.0049e+07   3.77e-29
  2.0799e+07   1.71e-29
  2.1578e+07   7.22e-30
  2.2386e+07   2.80e-30
  2.3224e+07   9.66e-31
  2.4093e+07   2.97e-31
  2.4995e+07   8.01e-32
  2.5930e+07   1.81e-32
  2.6901e+07   3.36e-33
  2.7908e+07   5.09e-34
  2.8953e+07   5.78e-35
  3.0037e+07   4.73e-36
  3.1161e+07   2.70e-37
  3.2327e+07   9.57e-39
  3.3537e+07   1.91e-40
  3.4793e+07   2.01e-42
  3.6095e+07   9.13e-45
  3.7446e+07   1.46e-47
  3.8848e+07   6.77e-51
  4.0302e+07   6.38e-55
  4.1811e+07   8.04e-60
  4.3376e+07   8.62e-66
  4.5000e+07   5.70e-68
