#  E [GeV]   # per interaction  [GeV^{-1}]
  3.0000e+01   5.08e-01
  3.1123e+01   4.88e-01
  3.2288e+01   4.69e-01
  3.3497e+01   4.51e-01
  3.4751e+01   4.33e-01
  3.6051e+01   4.16e-01
  3.7401e+01   4.00e-01
  3.8801e+01   3.84e-01
  4.0253e+01   3.68e-01
  4.1760e+01   3.54e-01
  4.3324e+01   3.40e-01
  4.4945e+01   3.26e-01
  4.6628e+01   3.13e-01
  4.8373e+01   3.00e-01
  5.0184e+01   2.88e-01
  5.2063e+01   2.77e-01
  5.4011e+01   2.65e-01
  5.6033e+01   2.54e-01
  5.8131e+01   2.44e-01
  6.0307e+01   2.34e-01
  6.2564e+01   2.24e-01
  6.4906e+01   2.15e-01
  6.7336e+01   2.06e-01
  6.9857e+01   1.98e-01
  7.2472e+01   1.89e-01
  7.5184e+01   1.81e-01
  7.7999e+01   1.74e-01
  8.0919e+01   1.66e-01
  8.3948e+01   1.59e-01
  8.7090e+01   1.53e-01
  9.0350e+01   1.46e-01
  9.3732e+01   1.40e-01
  9.7241e+01   1.34e-01
  1.0088e+02   1.28e-01
  1.0466e+02   1.22e-01
  1.0858e+02   1.17e-01
  1.1264e+02   1.12e-01
  1.1686e+02   1.07e-01
  1.2123e+02   1.02e-01
  1.2577e+02   9.71e-02
  1.3048e+02   9.27e-02
  1.3536e+02   8.84e-02
  1.4043e+02   8.42e-02
  1.4568e+02   8.03e-02
  1.5114e+02   7.64e-02
  1.5680e+02   7.28e-02
  1.6266e+02   6.92e-02
  1.6875e+02   6.58e-02
  1.7507e+02   6.26e-02
  1.8162e+02   5.94e-02
  1.8842e+02   5.64e-02
  1.9548e+02   5.35e-02
  2.0279e+02   5.08e-02
  2.1039e+02   4.81e-02
  2.1826e+02   4.56e-02
  2.2643e+02   4.31e-02
  2.3491e+02   4.08e-02
  2.4370e+02   3.85e-02
  2.5282e+02   3.64e-02
  2.6229e+02   3.43e-02
  2.7211e+02   3.23e-02
  2.8229e+02   3.04e-02
  2.9286e+02   2.86e-02
  3.0382e+02   2.69e-02
  3.1519e+02   2.53e-02
  3.2699e+02   2.37e-02
  3.3923e+02   2.22e-02
  3.5193e+02   2.08e-02
  3.6511e+02   1.94e-02
  3.7877e+02   1.81e-02
  3.9295e+02   1.69e-02
  4.0766e+02   1.58e-02
  4.2292e+02   1.47e-02
  4.3875e+02   1.37e-02
  4.5518e+02   1.27e-02
  4.7222e+02   1.18e-02
  4.8989e+02   1.09e-02
  5.0823e+02   1.01e-02
  5.2726e+02   9.38e-03
  5.4699e+02   8.67e-03
  5.6747e+02   8.01e-03
  5.8871e+02   7.39e-03
  6.1075e+02   6.82e-03
  6.3361e+02   6.29e-03
  6.5733e+02   5.79e-03
  6.8194e+02   5.33e-03
  7.0746e+02   4.90e-03
  7.3395e+02   4.51e-03
  7.6142e+02   4.14e-03
  7.8992e+02   3.81e-03
  8.1949e+02   3.50e-03
  8.5017e+02   3.21e-03
  8.8199e+02   2.95e-03
  9.1501e+02   2.70e-03
  9.4926e+02   2.48e-03
  9.8479e+02   2.27e-03
  1.0217e+03   2.09e-03
  1.0599e+03   1.91e-03
  1.0996e+03   1.75e-03
  1.1407e+03   1.61e-03
  1.1834e+03   1.47e-03
  1.2277e+03   1.35e-03
  1.2737e+03   1.24e-03
  1.3214e+03   1.14e-03
  1.3708e+03   1.04e-03
  1.4222e+03   9.56e-04
  1.4754e+03   8.76e-04
  1.5306e+03   8.04e-04
  1.5879e+03   7.37e-04
  1.6474e+03   6.76e-04
  1.7090e+03   6.20e-04
  1.7730e+03   5.68e-04
  1.8394e+03   5.21e-04
  1.9082e+03   4.77e-04
  1.9797e+03   4.37e-04
  2.0538e+03   4.00e-04
  2.1306e+03   3.67e-04
  2.2104e+03   3.35e-04
  2.2931e+03   3.06e-04
  2.3790e+03   2.80e-04
  2.4680e+03   2.56e-04
  2.5604e+03   2.33e-04
  2.6563e+03   2.12e-04
  2.7557e+03   1.94e-04
  2.8589e+03   1.76e-04
  2.9659e+03   1.60e-04
  3.0769e+03   1.45e-04
  3.1921e+03   1.32e-04
  3.3116e+03   1.19e-04
  3.4355e+03   1.08e-04
  3.5641e+03   9.72e-05
  3.6976e+03   8.74e-05
  3.8360e+03   7.87e-05
  3.9796e+03   7.06e-05
  4.1285e+03   6.31e-05
  4.2831e+03   5.65e-05
  4.4434e+03   5.03e-05
  4.6097e+03   4.46e-05
  4.7823e+03   3.96e-05
  4.9613e+03   3.50e-05
  5.1470e+03   3.08e-05
  5.3397e+03   2.70e-05
  5.5396e+03   2.37e-05
  5.7470e+03   2.06e-05
  5.9621e+03   1.79e-05
  6.1853e+03   1.55e-05
  6.4168e+03   1.33e-05
  6.6570e+03   1.14e-05
  6.9062e+03   9.70e-06
  7.1647e+03   8.21e-06
  7.4329e+03   6.89e-06
  7.7112e+03   5.79e-06
  7.9998e+03   4.81e-06
  8.2993e+03   3.95e-06
  8.6100e+03   3.25e-06
  8.9323e+03   2.63e-06
  9.2666e+03   2.10e-06
  9.6135e+03   1.68e-06
  9.9734e+03   1.32e-06
  1.0347e+04   1.02e-06
  1.0734e+04   7.86e-07
  1.1136e+04   5.95e-07
  1.1553e+04   4.41e-07
  1.1985e+04   3.23e-07
  1.2434e+04   2.33e-07
  1.2899e+04   1.63e-07
  1.3382e+04   1.12e-07
  1.3883e+04   7.59e-08
  1.4403e+04   4.94e-08
  1.4942e+04   3.12e-08
  1.5501e+04   1.92e-08
  1.6081e+04   1.13e-08
  1.6683e+04   6.35e-09
  1.7308e+04   3.44e-09
  1.7956e+04   1.75e-09
  1.8628e+04   8.30e-10
  1.9325e+04   3.76e-10
  2.0049e+04   1.56e-10
  2.0799e+04   5.81e-11
  2.1578e+04   2.01e-11
  2.2386e+04   6.16e-12
  2.3224e+04   1.62e-12
  2.4093e+04   3.74e-13
  2.4995e+04   7.19e-14
  2.5930e+04   1.10e-14
  2.6901e+04   1.35e-15
  2.7908e+04   1.24e-16
  2.8953e+04   8.02e-18
  3.0037e+04   3.50e-19
  3.1161e+04   9.54e-21
  3.2327e+04   1.44e-22
  3.3537e+04   1.10e-24
  3.4793e+04   3.73e-27
  3.6095e+04   4.54e-30
  3.7446e+04   1.59e-33
  3.8848e+04   1.23e-37
  4.0302e+04   1.42e-42
  4.1811e+04   3.11e-48
  4.3376e+04   2.37e-48
  4.5000e+04   1.68e-48
