#  E [GeV]   # per interaction  [GeV^{-1}]
  3.0000e+01   5.12e-01
  3.1141e+01   4.92e-01
  3.2326e+01   4.72e-01
  3.3556e+01   4.53e-01
  3.4832e+01   4.35e-01
  3.6157e+01   4.18e-01
  3.7533e+01   4.01e-01
  3.8961e+01   3.85e-01
  4.0443e+01   3.69e-01
  4.1982e+01   3.54e-01
  4.3579e+01   3.40e-01
  4.5237e+01   3.26e-01
  4.6958e+01   3.12e-01
  4.8744e+01   3.00e-01
  5.0598e+01   2.87e-01
  5.2523e+01   2.76e-01
  5.4521e+01   2.64e-01
  5.6596e+01   2.53e-01
  5.8749e+01   2.43e-01
  6.0984e+01   2.33e-01
  6.3304e+01   2.23e-01
  6.5712e+01   2.13e-01
  6.8212e+01   2.04e-01
  7.0807e+01   1.96e-01
  7.3500e+01   1.87e-01
  7.6297e+01   1.79e-01
  7.9199e+01   1.72e-01
  8.2212e+01   1.64e-01
  8.5340e+01   1.57e-01
  8.8586e+01   1.50e-01
  9.1956e+01   1.44e-01
  9.5455e+01   1.37e-01
  9.9086e+01   1.31e-01
  1.0286e+02   1.25e-01
  1.0677e+02   1.20e-01
  1.1083e+02   1.14e-01
  1.1505e+02   1.09e-01
  1.1942e+02   1.04e-01
  1.2397e+02   9.93e-02
  1.2868e+02   9.47e-02
  1.3358e+02   9.03e-02
  1.3866e+02   8.60e-02
  1.4394e+02   8.19e-02
  1.4941e+02   7.79e-02
  1.5509e+02   7.41e-02
  1.6100e+02   7.04e-02
  1.6712e+02   6.69e-02
  1.7348e+02   6.35e-02
  1.8008e+02   6.03e-02
  1.8693e+02   5.71e-02
  1.9404e+02   5.41e-02
  2.0142e+02   5.12e-02
  2.0908e+02   4.85e-02
  2.1704e+02   4.58e-02
  2.2529e+02   4.33e-02
  2.3387e+02   4.08e-02
  2.4276e+02   3.85e-02
  2.5200e+02   3.63e-02
  2.6158e+02   3.41e-02
  2.7154e+02   3.21e-02
  2.8187e+02   3.01e-02
  2.9259e+02   2.83e-02
  3.0372e+02   2.65e-02
  3.1527e+02   2.48e-02
  3.2727e+02   2.32e-02
  3.3972e+02   2.16e-02
  3.5264e+02   2.01e-02
  3.6606e+02   1.88e-02
  3.7998e+02   1.75e-02
  3.9444e+02   1.62e-02
  4.0945e+02   1.50e-02
  4.2502e+02   1.39e-02
  4.4119e+02   1.29e-02
  4.5798e+02   1.19e-02
  4.7540e+02   1.10e-02
  4.9348e+02   1.02e-02
  5.1226e+02   9.36e-03
  5.3175e+02   8.61e-03
  5.5198e+02   7.91e-03
  5.7297e+02   7.27e-03
  5.9477e+02   6.67e-03
  6.1740e+02   6.11e-03
  6.4089e+02   5.60e-03
  6.6527e+02   5.12e-03
  6.9058e+02   4.68e-03
  7.1685e+02   4.28e-03
  7.4412e+02   3.91e-03
  7.7243e+02   3.57e-03
  8.0181e+02   3.26e-03
  8.3232e+02   2.97e-03
  8.6398e+02   2.71e-03
  8.9685e+02   2.48e-03
  9.3097e+02   2.26e-03
  9.6638e+02   2.06e-03
  1.0031e+03   1.88e-03
  1.0413e+03   1.71e-03
  1.0809e+03   1.56e-03
  1.1220e+03   1.43e-03
  1.1647e+03   1.30e-03
  1.2090e+03   1.19e-03
  1.2550e+03   1.08e-03
  1.3028e+03   9.89e-04
  1.3523e+03   9.04e-04
  1.4038e+03   8.25e-04
  1.4572e+03   7.53e-04
  1.5126e+03   6.89e-04
  1.5702e+03   6.29e-04
  1.6299e+03   5.75e-04
  1.6919e+03   5.26e-04
  1.7563e+03   4.80e-04
  1.8231e+03   4.39e-04
  1.8925e+03   4.01e-04
  1.9645e+03   3.67e-04
  2.0392e+03   3.35e-04
  2.1168e+03   3.06e-04
  2.1973e+03   2.79e-04
  2.2809e+03   2.54e-04
  2.3677e+03   2.32e-04
  2.4577e+03   2.11e-04
  2.5512e+03   1.92e-04
  2.6483e+03   1.75e-04
  2.7490e+03   1.59e-04
  2.8536e+03   1.44e-04
  2.9622e+03   1.30e-04
  3.0749e+03   1.18e-04
  3.1918e+03   1.07e-04
  3.3133e+03   9.62e-05
  3.4393e+03   8.67e-05
  3.5702e+03   7.78e-05
  3.7060e+03   6.98e-05
  3.8470e+03   6.25e-05
  3.9933e+03   5.57e-05
  4.1452e+03   4.96e-05
  4.3029e+03   4.41e-05
  4.4666e+03   3.90e-05
  4.6366e+03   3.44e-05
  4.8129e+03   3.03e-05
  4.9960e+03   2.65e-05
  5.1861e+03   2.31e-05
  5.3834e+03   2.01e-05
  5.5882e+03   1.74e-05
  5.8008e+03   1.49e-05
  6.0215e+03   1.28e-05
  6.2506e+03   1.09e-05
  6.4883e+03   9.21e-06
  6.7352e+03   7.77e-06
  6.9914e+03   6.50e-06
  7.2574e+03   5.38e-06
  7.5335e+03   4.44e-06
  7.8201e+03   3.63e-06
  8.1176e+03   2.92e-06
  8.4264e+03   2.35e-06
  8.7470e+03   1.86e-06
  9.0797e+03   1.46e-06
  9.4251e+03   1.13e-06
  9.7837e+03   8.61e-07
  1.0156e+04   6.44e-07
  1.0542e+04   4.77e-07
  1.0943e+04   3.47e-07
  1.1360e+04   2.46e-07
  1.1792e+04   1.71e-07
  1.2240e+04   1.17e-07
  1.2706e+04   7.70e-08
  1.3189e+04   4.95e-08
  1.3691e+04   3.09e-08
  1.4212e+04   1.85e-08
  1.4753e+04   1.07e-08
  1.5314e+04   5.93e-09
  1.5897e+04   3.11e-09
  1.6501e+04   1.54e-09
  1.7129e+04   7.25e-10
  1.7781e+04   3.15e-10
  1.8457e+04   1.26e-10
  1.9159e+04   4.65e-11
  1.9888e+04   1.54e-11
  2.0645e+04   4.49e-12
  2.1430e+04   1.17e-12
  2.2245e+04   2.58e-13
  2.3092e+04   4.73e-14
  2.3970e+04   7.25e-15
  2.4882e+04   8.68e-16
  2.5829e+04   7.75e-17
  2.6811e+04   5.20e-18
  2.7831e+04   2.37e-19
  2.8890e+04   6.78e-21
  2.9989e+04   1.19e-22
  3.1130e+04   1.10e-24
  3.2314e+04   4.79e-27
  3.3544e+04   8.72e-30
  3.4820e+04   5.37e-33
  3.6144e+04   8.77e-37
  3.7519e+04   2.99e-41
  3.8947e+04   1.44e-46
  4.0428e+04   6.83e-48
  4.1966e+04   5.51e-48
  4.3563e+04   4.39e-48
  4.5220e+04   3.34e-48
  4.6941e+04   2.51e-48
  4.8726e+04   1.86e-48
  5.0580e+04   1.24e-48
