#  E [GeV]   # per interaction  [GeV^{-1}]
  3.0000e+01   6.62e-01
  3.1141e+01   6.36e-01
  3.2326e+01   6.11e-01
  3.3556e+01   5.87e-01
  3.4832e+01   5.64e-01
  3.6157e+01   5.42e-01
  3.7533e+01   5.21e-01
  3.8961e+01   5.01e-01
  4.0443e+01   4.81e-01
  4.1982e+01   4.62e-01
  4.3579e+01   4.44e-01
  4.5237e+01   4.26e-01
  4.6958e+01   4.09e-01
  4.8744e+01   3.93e-01
  5.0598e+01   3.77e-01
  5.2523e+01   3.62e-01
  5.4521e+01   3.48e-01
  5.6596e+01   3.34e-01
  5.8749e+01   3.20e-01
  6.0984e+01   3.07e-01
  6.3304e+01   2.95e-01
  6.5712e+01   2.83e-01
  6.8212e+01   2.71e-01
  7.0807e+01   2.60e-01
  7.3500e+01   2.50e-01
  7.6297e+01   2.39e-01
  7.9199e+01   2.29e-01
  8.2212e+01   2.20e-01
  8.5340e+01   2.11e-01
  8.8586e+01   2.02e-01
  9.1956e+01   1.93e-01
  9.5455e+01   1.85e-01
  9.9086e+01   1.77e-01
  1.0286e+02   1.70e-01
  1.0677e+02   1.63e-01
  1.1083e+02   1.56e-01
  1.1505e+02   1.49e-01
  1.1942e+02   1.42e-01
  1.2397e+02   1.36e-01
  1.2868e+02   1.30e-01
  1.3358e+02   1.24e-01
  1.3866e+02   1.19e-01
  1.4394e+02   1.13e-01
  1.4941e+02   1.08e-01
  1.5509e+02   1.03e-01
  1.6100e+02   9.87e-02
  1.6712e+02   9.41e-02
  1.7348e+02   8.97e-02
  1.8008e+02   8.55e-02
  1.8693e+02   8.14e-02
  1.9404e+02   7.75e-02
  2.0142e+02   7.37e-02
  2.0908e+02   7.01e-02
  2.1704e+02   6.67e-02
  2.2529e+02   6.34e-02
  2.3387e+02   6.02e-02
  2.4276e+02   5.72e-02
  2.5200e+02   5.42e-02
  2.6158e+02   5.14e-02
  2.7154e+02   4.87e-02
  2.8187e+02   4.61e-02
  2.9259e+02   4.37e-02
  3.0372e+02   4.13e-02
  3.1527e+02   3.90e-02
  3.2727e+02   3.69e-02
  3.3972e+02   3.48e-02
  3.5264e+02   3.28e-02
  3.6606e+02   3.09e-02
  3.7998e+02   2.91e-02
  3.9444e+02   2.74e-02
  4.0945e+02   2.58e-02
  4.2502e+02   2.42e-02
  4.4119e+02   2.27e-02
  4.5798e+02   2.13e-02
  4.7540e+02   2.00e-02
  4.9348e+02   1.87e-02
  5.1226e+02   1.75e-02
  5.3175e+02   1.64e-02
  5.5198e+02   1.53e-02
  5.7297e+02   1.43e-02
  5.9477e+02   1.34e-02
  6.1740e+02   1.25e-02
  6.4089e+02   1.16e-02
  6.6527e+02   1.08e-02
  6.9058e+02   1.01e-02
  7.1685e+02   9.38e-03
  7.4412e+02   8.72e-03
  7.7243e+02   8.11e-03
  8.0181e+02   7.53e-03
  8.3232e+02   6.99e-03
  8.6398e+02   6.49e-03
  8.9685e+02   6.02e-03
  9.3097e+02   5.58e-03
  9.6638e+02   5.18e-03
  1.0031e+03   4.80e-03
  1.0413e+03   4.44e-03
  1.0809e+03   4.11e-03
  1.1220e+03   3.81e-03
  1.1647e+03   3.52e-03
  1.2090e+03   3.26e-03
  1.2550e+03   3.01e-03
  1.3028e+03   2.78e-03
  1.3523e+03   2.57e-03
  1.4038e+03   2.37e-03
  1.4572e+03   2.19e-03
  1.5126e+03   2.01e-03
  1.5702e+03   1.86e-03
  1.6299e+03   1.71e-03
  1.6919e+03   1.58e-03
  1.7563e+03   1.45e-03
  1.8231e+03   1.33e-03
  1.8925e+03   1.23e-03
  1.9645e+03   1.13e-03
  2.0392e+03   1.03e-03
  2.1168e+03   9.49e-04
  2.1973e+03   8.70e-04
  2.2809e+03   7.98e-04
  2.3677e+03   7.31e-04
  2.4577e+03   6.68e-04
  2.5512e+03   6.11e-04
  2.6483e+03   5.58e-04
  2.7490e+03   5.08e-04
  2.8536e+03   4.64e-04
  2.9622e+03   4.22e-04
  3.0749e+03   3.83e-04
  3.1918e+03   3.49e-04
  3.3133e+03   3.16e-04
  3.4393e+03   2.86e-04
  3.5702e+03   2.59e-04
  3.7060e+03   2.35e-04
  3.8470e+03   2.11e-04
  3.9933e+03   1.91e-04
  4.1452e+03   1.72e-04
  4.3029e+03   1.54e-04
  4.4666e+03   1.39e-04
  4.6366e+03   1.24e-04
  4.8129e+03   1.11e-04
  4.9960e+03   9.92e-05
  5.1861e+03   8.85e-05
  5.3834e+03   7.85e-05
  5.5882e+03   6.97e-05
  5.8008e+03   6.18e-05
  6.0215e+03   5.45e-05
  6.2506e+03   4.81e-05
  6.4883e+03   4.24e-05
  6.7352e+03   3.71e-05
  6.9914e+03   3.24e-05
  7.2574e+03   2.84e-05
  7.5335e+03   2.47e-05
  7.8201e+03   2.14e-05
  8.1176e+03   1.85e-05
  8.4264e+03   1.59e-05
  8.7470e+03   1.37e-05
  9.0797e+03   1.17e-05
  9.4251e+03   9.97e-06
  9.7837e+03   8.42e-06
  1.0156e+04   7.14e-06
  1.0542e+04   5.98e-06
  1.0943e+04   4.96e-06
  1.1360e+04   4.14e-06
  1.1792e+04   3.41e-06
  1.2240e+04   2.77e-06
  1.2706e+04   2.26e-06
  1.3189e+04   1.82e-06
  1.3691e+04   1.44e-06
  1.4212e+04   1.14e-06
  1.4753e+04   8.93e-07
  1.5314e+04   6.81e-07
  1.5897e+04   5.21e-07
  1.6501e+04   3.90e-07
  1.7129e+04   2.84e-07
  1.7781e+04   2.06e-07
  1.8457e+04   1.45e-07
  1.9159e+04   9.88e-08
  1.9888e+04   6.61e-08
  2.0645e+04   4.28e-08
  2.1430e+04   2.63e-08
  2.2245e+04   1.57e-08
  2.3092e+04   8.87e-09
  2.3970e+04   4.68e-09
  2.4882e+04   2.32e-09
  2.5829e+04   1.07e-09
  2.6811e+04   4.43e-10
  2.7831e+04   1.65e-10
  2.8890e+04   5.42e-11
  2.9989e+04   1.50e-11
  3.1130e+04   3.45e-12
  3.2314e+04   6.39e-13
  3.3544e+04   8.82e-14
  3.4820e+04   8.62e-15
  3.6144e+04   5.61e-16
  3.7519e+04   2.13e-17
  3.8947e+04   4.21e-19
  4.0428e+04   3.71e-21
  4.1966e+04   1.14e-23
  4.3563e+04   9.25e-27
  4.5220e+04   1.37e-30
  4.6941e+04   2.20e-35
  4.8726e+04   1.93e-41
  5.0580e+04   8.99e-48
