#  E [MeV]   Flux [# cm^{-2} s^{-1}  MeV^{-1}]
  3.0000e+04   8.44e-25
  3.0962e+04   8.15e-25
  3.1955e+04   7.88e-25
  3.2979e+04   7.61e-25
  3.4037e+04   7.34e-25
  3.5128e+04   7.09e-25
  3.6254e+04   6.85e-25
  3.7417e+04   6.61e-25
  3.8616e+04   6.38e-25
  3.9855e+04   6.15e-25
  4.1132e+04   5.94e-25
  4.2451e+04   5.72e-25
  4.3812e+04   5.52e-25
  4.5217e+04   5.32e-25
  4.6667e+04   5.13e-25
  4.8163e+04   4.94e-25
  4.9707e+04   4.76e-25
  5.1301e+04   4.59e-25
  5.2946e+04   4.42e-25
  5.4644e+04   4.25e-25
  5.6396e+04   4.09e-25
  5.8204e+04   3.94e-25
  6.0070e+04   3.79e-25
  6.1996e+04   3.65e-25
  6.3984e+04   3.51e-25
  6.6035e+04   3.37e-25
  6.8153e+04   3.24e-25
  7.0338e+04   3.11e-25
  7.2593e+04   2.99e-25
  7.4921e+04   2.87e-25
  7.7323e+04   2.76e-25
  7.9802e+04   2.65e-25
  8.2361e+04   2.54e-25
  8.5002e+04   2.44e-25
  8.7727e+04   2.34e-25
  9.0540e+04   2.24e-25
  9.3443e+04   2.15e-25
  9.6439e+04   2.06e-25
  9.9531e+04   1.97e-25
  1.0272e+05   1.88e-25
  1.0602e+05   1.80e-25
  1.0942e+05   1.72e-25
  1.1292e+05   1.65e-25
  1.1654e+05   1.58e-25
  1.2028e+05   1.51e-25
  1.2414e+05   1.44e-25
  1.2812e+05   1.37e-25
  1.3223e+05   1.31e-25
  1.3646e+05   1.25e-25
  1.4084e+05   1.19e-25
  1.4536e+05   1.14e-25
  1.5002e+05   1.08e-25
  1.5483e+05   1.03e-25
  1.5979e+05   9.81e-26
  1.6491e+05   9.33e-26
  1.7020e+05   8.87e-26
  1.7566e+05   8.43e-26
  1.8129e+05   8.01e-26
  1.8710e+05   7.60e-26
  1.9310e+05   7.21e-26
  1.9929e+05   6.84e-26
  2.0568e+05   6.48e-26
  2.1228e+05   6.13e-26
  2.1909e+05   5.81e-26
  2.2611e+05   5.49e-26
  2.3336e+05   5.19e-26
  2.4084e+05   4.90e-26
  2.4856e+05   4.63e-26
  2.5653e+05   4.37e-26
  2.6476e+05   4.12e-26
  2.7325e+05   3.88e-26
  2.8201e+05   3.65e-26
  2.9105e+05   3.44e-26
  3.0038e+05   3.23e-26
  3.1002e+05   3.03e-26
  3.1996e+05   2.85e-26
  3.3021e+05   2.67e-26
  3.4080e+05   2.50e-26
  3.5173e+05   2.34e-26
  3.6301e+05   2.19e-26
  3.7465e+05   2.05e-26
  3.8666e+05   1.91e-26
  3.9905e+05   1.79e-26
  4.1185e+05   1.66e-26
  4.2506e+05   1.55e-26
  4.3868e+05   1.44e-26
  4.5275e+05   1.34e-26
  4.6727e+05   1.24e-26
  4.8225e+05   1.16e-26
  4.9771e+05   1.07e-26
  5.1367e+05   9.93e-27
  5.3014e+05   9.19e-27
  5.4714e+05   8.51e-27
  5.6468e+05   7.87e-27
  5.8278e+05   7.26e-27
  6.0147e+05   6.71e-27
  6.2075e+05   6.19e-27
  6.4066e+05   5.70e-27
  6.6120e+05   5.25e-27
  6.8240e+05   4.84e-27
  7.0428e+05   4.45e-27
  7.2686e+05   4.09e-27
  7.5017e+05   3.76e-27
  7.7422e+05   3.46e-27
  7.9904e+05   3.17e-27
  8.2466e+05   2.91e-27
  8.5110e+05   2.67e-27
  8.7839e+05   2.45e-27
  9.0656e+05   2.24e-27
  9.3562e+05   2.05e-27
  9.6562e+05   1.88e-27
  9.9658e+05   1.73e-27
  1.0285e+06   1.58e-27
  1.0615e+06   1.45e-27
  1.0956e+06   1.33e-27
  1.1307e+06   1.21e-27
  1.1669e+06   1.11e-27
  1.2043e+06   1.01e-27
  1.2430e+06   9.27e-28
  1.2828e+06   8.46e-28
  1.3239e+06   7.72e-28
  1.3664e+06   7.06e-28
  1.4102e+06   6.45e-28
  1.4554e+06   5.89e-28
  1.5021e+06   5.37e-28
  1.5502e+06   4.91e-28
  1.6000e+06   4.48e-28
  1.6513e+06   4.07e-28
  1.7042e+06   3.72e-28
  1.7588e+06   3.39e-28
  1.8152e+06   3.08e-28
  1.8734e+06   2.80e-28
  1.9335e+06   2.55e-28
  1.9955e+06   2.32e-28
  2.0595e+06   2.11e-28
  2.1255e+06   1.91e-28
  2.1937e+06   1.74e-28
  2.2640e+06   1.58e-28
  2.3366e+06   1.42e-28
  2.4115e+06   1.29e-28
  2.4888e+06   1.17e-28
  2.5686e+06   1.05e-28
  2.6510e+06   9.49e-29
  2.7360e+06   8.58e-29
  2.8237e+06   7.73e-29
  2.9142e+06   6.93e-29
  3.0077e+06   6.23e-29
  3.1041e+06   5.59e-29
  3.2036e+06   5.00e-29
  3.3064e+06   4.44e-29
  3.4124e+06   3.97e-29
  3.5218e+06   3.54e-29
  3.6347e+06   3.14e-29
  3.7512e+06   2.77e-29
  3.8715e+06   2.46e-29
  3.9957e+06   2.17e-29
  4.1238e+06   1.91e-29
  4.2560e+06   1.68e-29
  4.3924e+06   1.47e-29
  4.5333e+06   1.29e-29
  4.6786e+06   1.11e-29
  4.8286e+06   9.75e-30
  4.9835e+06   8.48e-30
  5.1433e+06   7.30e-30
  5.3082e+06   6.26e-30
  5.4784e+06   5.42e-30
  5.6540e+06   4.64e-30
  5.8353e+06   3.92e-30
  6.0224e+06   3.34e-30
  6.2155e+06   2.84e-30
  6.4148e+06   2.38e-30
  6.6205e+06   1.97e-30
  6.8327e+06   1.66e-30
  7.0518e+06   1.39e-30
  7.2779e+06   1.14e-30
  7.5113e+06   9.29e-31
  7.7521e+06   7.68e-31
  8.0007e+06   6.24e-31
  8.2572e+06   4.98e-31
  8.5219e+06   4.02e-31
  8.7952e+06   3.24e-31
  9.0772e+06   2.55e-31
  9.3682e+06   1.98e-31
  9.6686e+06   1.56e-31
  9.9786e+06   1.21e-31
  1.0299e+07   9.20e-32
  1.0629e+07   6.94e-32
  1.0970e+07   5.28e-32
  1.1321e+07   3.92e-32
  1.1684e+07   2.83e-32
  1.2059e+07   2.06e-32
  1.2446e+07   1.47e-32
  1.2845e+07   1.02e-32
  1.3256e+07   6.81e-33
  1.3681e+07   4.59e-33
  1.4120e+07   2.96e-33
  1.4573e+07   1.81e-33
  1.5040e+07   1.08e-33
  1.5522e+07   6.35e-34
  1.6020e+07   3.47e-34
