#  E [GeV]   # per interaction  [GeV^{-1}]
  3.0000e+01   2.66e-02
  3.1141e+01   2.56e-02
  3.2326e+01   2.46e-02
  3.3556e+01   2.37e-02
  3.4832e+01   2.28e-02
  3.6157e+01   2.19e-02
  3.7533e+01   2.10e-02
  3.8961e+01   2.02e-02
  4.0443e+01   1.94e-02
  4.1982e+01   1.87e-02
  4.3579e+01   1.79e-02
  4.5237e+01   1.72e-02
  4.6958e+01   1.65e-02
  4.8744e+01   1.59e-02
  5.0598e+01   1.52e-02
  5.2523e+01   1.46e-02
  5.4521e+01   1.40e-02
  5.6596e+01   1.34e-02
  5.8749e+01   1.29e-02
  6.0984e+01   1.24e-02
  6.3304e+01   1.18e-02
  6.5712e+01   1.14e-02
  6.8212e+01   1.09e-02
  7.0807e+01   1.04e-02
  7.3500e+01   9.98e-03
  7.6297e+01   9.56e-03
  7.9199e+01   9.15e-03
  8.2212e+01   8.75e-03
  8.5340e+01   8.38e-03
  8.8586e+01   8.01e-03
  9.1956e+01   7.66e-03
  9.5455e+01   7.33e-03
  9.9086e+01   7.00e-03
  1.0286e+02   6.69e-03
  1.0677e+02   6.40e-03
  1.1083e+02   6.11e-03
  1.1505e+02   5.84e-03
  1.1942e+02   5.57e-03
  1.2397e+02   5.32e-03
  1.2868e+02   5.08e-03
  1.3358e+02   4.84e-03
  1.3866e+02   4.62e-03
  1.4394e+02   4.40e-03
  1.4941e+02   4.20e-03
  1.5509e+02   4.00e-03
  1.6100e+02   3.81e-03
  1.6712e+02   3.63e-03
  1.7348e+02   3.46e-03
  1.8008e+02   3.29e-03
  1.8693e+02   3.14e-03
  1.9404e+02   2.98e-03
  2.0142e+02   2.84e-03
  2.0908e+02   2.70e-03
  2.1704e+02   2.57e-03
  2.2529e+02   2.44e-03
  2.3387e+02   2.32e-03
  2.4276e+02   2.20e-03
  2.5200e+02   2.09e-03
  2.6158e+02   1.98e-03
  2.7154e+02   1.88e-03
  2.8187e+02   1.78e-03
  2.9259e+02   1.69e-03
  3.0372e+02   1.60e-03
  3.1527e+02   1.52e-03
  3.2727e+02   1.44e-03
  3.3972e+02   1.36e-03
  3.5264e+02   1.29e-03
  3.6606e+02   1.22e-03
  3.7998e+02   1.16e-03
  3.9444e+02   1.09e-03
  4.0945e+02   1.03e-03
  4.2502e+02   9.78e-04
  4.4119e+02   9.25e-04
  4.5798e+02   8.75e-04
  4.7540e+02   8.26e-04
  4.9348e+02   7.81e-04
  5.1226e+02   7.38e-04
  5.3175e+02   6.97e-04
  5.5198e+02   6.58e-04
  5.7297e+02   6.22e-04
  5.9477e+02   5.87e-04
  6.1740e+02   5.55e-04
  6.4089e+02   5.25e-04
  6.6527e+02   4.96e-04
  6.9058e+02   4.70e-04
  7.1685e+02   4.44e-04
  7.4412e+02   4.20e-04
  7.7243e+02   3.98e-04
  8.0181e+02   3.77e-04
  8.3232e+02   3.57e-04
  8.6398e+02   3.39e-04
  8.9685e+02   3.22e-04
  9.3097e+02   3.05e-04
  9.6638e+02   2.90e-04
  1.0031e+03   2.76e-04
  1.0413e+03   2.63e-04
  1.0809e+03   2.50e-04
  1.1220e+03   2.38e-04
  1.1647e+03   2.27e-04
  1.2090e+03   2.17e-04
  1.2550e+03   2.07e-04
  1.3028e+03   1.98e-04
  1.3523e+03   1.89e-04
  1.4038e+03   1.81e-04
  1.4572e+03   1.74e-04
  1.5126e+03   1.66e-04
  1.5702e+03   1.60e-04
  1.6299e+03   1.53e-04
  1.6919e+03   1.47e-04
  1.7563e+03   1.41e-04
  1.8231e+03   1.36e-04
  1.8925e+03   1.31e-04
  1.9645e+03   1.26e-04
  2.0392e+03   1.21e-04
  2.1168e+03   1.17e-04
  2.1973e+03   1.12e-04
  2.2809e+03   1.08e-04
  2.3677e+03   1.04e-04
  2.4577e+03   1.00e-04
  2.5512e+03   9.66e-05
  2.6483e+03   9.30e-05
  2.7490e+03   8.95e-05
  2.8536e+03   8.61e-05
  2.9622e+03   8.28e-05
  3.0749e+03   7.95e-05
  3.1918e+03   7.64e-05
  3.3133e+03   7.33e-05
  3.4393e+03   7.02e-05
  3.5702e+03   6.72e-05
  3.7060e+03   6.43e-05
  3.8470e+03   6.14e-05
  3.9933e+03   5.86e-05
  4.1452e+03   5.58e-05
  4.3029e+03   5.31e-05
  4.4666e+03   5.04e-05
  4.6366e+03   4.78e-05
  4.8129e+03   4.52e-05
  4.9960e+03   4.26e-05
  5.1861e+03   4.01e-05
  5.3834e+03   3.76e-05
  5.5882e+03   3.52e-05
  5.8008e+03   3.29e-05
  6.0215e+03   3.06e-05
  6.2506e+03   2.84e-05
  6.4883e+03   2.62e-05
  6.7352e+03   2.42e-05
  6.9914e+03   2.21e-05
  7.2574e+03   2.02e-05
  7.5335e+03   1.83e-05
  7.8201e+03   1.65e-05
  8.1176e+03   1.49e-05
  8.4264e+03   1.33e-05
  8.7470e+03   1.18e-05
  9.0797e+03   1.03e-05
  9.4251e+03   9.04e-06
  9.7837e+03   7.81e-06
  1.0156e+04   6.70e-06
  1.0542e+04   5.69e-06
  1.0943e+04   4.76e-06
  1.1360e+04   3.95e-06
  1.1792e+04   3.23e-06
  1.2240e+04   2.60e-06
  1.2706e+04   2.06e-06
  1.3189e+04   1.60e-06
  1.3691e+04   1.22e-06
  1.4212e+04   9.12e-07
  1.4753e+04   6.65e-07
  1.5314e+04   4.71e-07
  1.5897e+04   3.23e-07
  1.6501e+04   2.15e-07
  1.7129e+04   1.37e-07
  1.7781e+04   8.39e-08
  1.8457e+04   4.89e-08
  1.9159e+04   2.69e-08
  1.9888e+04   1.39e-08
  2.0645e+04   6.65e-09
  2.1430e+04   2.94e-09
  2.2245e+04   1.18e-09
  2.3092e+04   4.22e-10
  2.3970e+04   1.33e-10
  2.4882e+04   3.62e-11
  2.5829e+04   8.27e-12
  2.6811e+04   1.54e-12
  2.7831e+04   2.26e-13
  2.8890e+04   2.49e-14
  2.9989e+04   1.94e-15
  3.1130e+04   1.02e-16
  3.2314e+04   3.24e-18
  3.3544e+04   5.69e-20
  3.4820e+04   4.92e-22
  3.6144e+04   1.75e-24
  3.7519e+04   2.07e-27
  3.8947e+04   6.55e-31
  4.0428e+04   3.81e-35
  4.1966e+04   2.63e-40
  4.3563e+04   1.33e-46
  4.5220e+04   1.17e-46
  4.6941e+04   1.02e-46
  4.8726e+04   9.24e-47
  5.0580e+04   8.47e-47
