#  E [MeV]   Flux [# cm^{-2} s^{-1}  MeV^{-1}]
  3.0000e+04   2.39e-25
  3.0872e+04   2.30e-25
  3.1770e+04   2.22e-25
  3.2694e+04   2.14e-25
  3.3644e+04   2.06e-25
  3.4623e+04   1.98e-25
  3.5629e+04   1.91e-25
  3.6665e+04   1.84e-25
  3.7731e+04   1.77e-25
  3.8829e+04   1.71e-25
  3.9958e+04   1.64e-25
  4.1119e+04   1.58e-25
  4.2315e+04   1.52e-25
  4.3545e+04   1.46e-25
  4.4812e+04   1.41e-25
  4.6115e+04   1.35e-25
  4.7456e+04   1.30e-25
  4.8835e+04   1.25e-25
  5.0255e+04   1.20e-25
  5.1717e+04   1.16e-25
  5.3220e+04   1.11e-25
  5.4768e+04   1.07e-25
  5.6360e+04   1.03e-25
  5.7999e+04   9.86e-26
  5.9686e+04   9.47e-26
  6.1421e+04   9.10e-26
  6.3207e+04   8.74e-26
  6.5045e+04   8.39e-26
  6.6936e+04   8.06e-26
  6.8882e+04   7.73e-26
  7.0885e+04   7.42e-26
  7.2947e+04   7.12e-26
  7.5068e+04   6.84e-26
  7.7250e+04   6.56e-26
  7.9496e+04   6.29e-26
  8.1808e+04   6.04e-26
  8.4187e+04   5.79e-26
  8.6635e+04   5.55e-26
  8.9154e+04   5.33e-26
  9.1746e+04   5.11e-26
  9.4414e+04   4.90e-26
  9.7159e+04   4.69e-26
  9.9984e+04   4.50e-26
  1.0289e+05   4.31e-26
  1.0588e+05   4.13e-26
  1.0896e+05   3.96e-26
  1.1213e+05   3.79e-26
  1.1539e+05   3.63e-26
  1.1875e+05   3.48e-26
  1.2220e+05   3.33e-26
  1.2575e+05   3.19e-26
  1.2941e+05   3.06e-26
  1.3317e+05   2.93e-26
  1.3704e+05   2.80e-26
  1.4103e+05   2.68e-26
  1.4513e+05   2.57e-26
  1.4935e+05   2.46e-26
  1.5369e+05   2.35e-26
  1.5816e+05   2.25e-26
  1.6276e+05   2.16e-26
  1.6749e+05   2.06e-26
  1.7236e+05   1.97e-26
  1.7737e+05   1.89e-26
  1.8253e+05   1.81e-26
  1.8784e+05   1.73e-26
  1.9330e+05   1.65e-26
  1.9892e+05   1.58e-26
  2.0470e+05   1.51e-26
  2.1066e+05   1.44e-26
  2.1678e+05   1.38e-26
  2.2309e+05   1.32e-26
  2.2957e+05   1.26e-26
  2.3625e+05   1.21e-26
  2.4312e+05   1.15e-26
  2.5019e+05   1.10e-26
  2.5746e+05   1.05e-26
  2.6495e+05   1.01e-26
  2.7265e+05   9.61e-27
  2.8058e+05   9.19e-27
  2.8874e+05   8.78e-27
  2.9713e+05   8.38e-27
  3.0577e+05   8.00e-27
  3.1466e+05   7.64e-27
  3.2381e+05   7.30e-27
  3.3323e+05   6.97e-27
  3.4292e+05   6.65e-27
  3.5289e+05   6.35e-27
  3.6315e+05   6.06e-27
  3.7371e+05   5.78e-27
  3.8457e+05   5.51e-27
  3.9576e+05   5.26e-27
  4.0726e+05   5.02e-27
  4.1911e+05   4.79e-27
  4.3129e+05   4.57e-27
  4.4383e+05   4.36e-27
  4.5674e+05   4.16e-27
  4.7002e+05   3.97e-27
  4.8368e+05   3.79e-27
  4.9775e+05   3.62e-27
  5.1222e+05   3.45e-27
  5.2712e+05   3.29e-27
  5.4244e+05   3.14e-27
  5.5821e+05   2.99e-27
  5.7445e+05   2.85e-27
  5.9115e+05   2.72e-27
  6.0834e+05   2.60e-27
  6.2603e+05   2.48e-27
  6.4423e+05   2.36e-27
  6.6296e+05   2.26e-27
  6.8224e+05   2.15e-27
  7.0208e+05   2.05e-27
  7.2249e+05   1.96e-27
  7.4350e+05   1.87e-27
  7.6512e+05   1.79e-27
  7.8736e+05   1.71e-27
  8.1026e+05   1.63e-27
  8.3382e+05   1.55e-27
  8.5806e+05   1.48e-27
  8.8301e+05   1.42e-27
  9.0869e+05   1.35e-27
  9.3511e+05   1.29e-27
  9.6230e+05   1.23e-27
  9.9028e+05   1.18e-27
  1.0191e+06   1.13e-27
  1.0487e+06   1.08e-27
  1.0792e+06   1.03e-27
  1.1106e+06   9.85e-28
  1.1429e+06   9.42e-28
  1.1761e+06   9.02e-28
  1.2103e+06   8.63e-28
  1.2455e+06   8.26e-28
  1.2817e+06   7.91e-28
  1.3190e+06   7.58e-28
  1.3573e+06   7.26e-28
  1.3968e+06   6.96e-28
  1.4374e+06   6.67e-28
  1.4792e+06   6.40e-28
  1.5222e+06   6.14e-28
  1.5665e+06   5.89e-28
  1.6120e+06   5.65e-28
  1.6589e+06   5.42e-28
  1.7071e+06   5.20e-28
  1.7568e+06   4.99e-28
  1.8079e+06   4.78e-28
  1.8604e+06   4.59e-28
  1.9145e+06   4.40e-28
  1.9702e+06   4.22e-28
  2.0275e+06   4.05e-28
  2.0864e+06   3.89e-28
  2.1471e+06   3.73e-28
  2.2095e+06   3.58e-28
  2.2738e+06   3.43e-28
  2.3399e+06   3.29e-28
  2.4079e+06   3.15e-28
  2.4779e+06   3.02e-28
  2.5500e+06   2.90e-28
  2.6241e+06   2.78e-28
  2.7004e+06   2.67e-28
  2.7790e+06   2.56e-28
  2.8598e+06   2.45e-28
  2.9429e+06   2.35e-28
  3.0285e+06   2.25e-28
  3.1165e+06   2.16e-28
  3.2072e+06   2.06e-28
  3.3004e+06   1.98e-28
  3.3964e+06   1.89e-28
  3.4951e+06   1.81e-28
  3.5968e+06   1.73e-28
  3.7013e+06   1.65e-28
  3.8090e+06   1.58e-28
  3.9197e+06   1.51e-28
  4.0337e+06   1.44e-28
  4.1510e+06   1.37e-28
  4.2717e+06   1.31e-28
  4.3959e+06   1.24e-28
  4.5237e+06   1.18e-28
  4.6552e+06   1.13e-28
  4.7906e+06   1.07e-28
  4.9299e+06   1.02e-28
  5.0732e+06   9.68e-29
  5.2208e+06   9.19e-29
  5.3726e+06   8.72e-29
  5.5288e+06   8.26e-29
  5.6895e+06   7.82e-29
  5.8550e+06   7.40e-29
  6.0252e+06   6.99e-29
  6.2004e+06   6.60e-29
  6.3807e+06   6.22e-29
  6.5662e+06   5.85e-29
  6.7572e+06   5.50e-29
  6.9536e+06   5.17e-29
  7.1558e+06   4.85e-29
  7.3639e+06   4.55e-29
  7.5780e+06   4.26e-29
  7.7984e+06   3.97e-29
  8.0251e+06   3.70e-29
  8.2585e+06   3.44e-29
  8.4986e+06   3.19e-29
  8.7457e+06   2.97e-29
  9.0000e+06   2.76e-29
