#  E [MeV]   Flux [# cm^{-2} s^{-1}  MeV^{-1}]
  3.0000e+04   2.43e-19
  3.0675e+04   2.35e-19
  3.1366e+04   2.27e-19
  3.2072e+04   2.20e-19
  3.2794e+04   2.12e-19
  3.3533e+04   2.05e-19
  3.4288e+04   1.99e-19
  3.5060e+04   1.92e-19
  3.5849e+04   1.85e-19
  3.6656e+04   1.79e-19
  3.7482e+04   1.73e-19
  3.8326e+04   1.67e-19
  3.9188e+04   1.61e-19
  4.0071e+04   1.56e-19
  4.0973e+04   1.50e-19
  4.1896e+04   1.45e-19
  4.2839e+04   1.40e-19
  4.3803e+04   1.35e-19
  4.4790e+04   1.30e-19
  4.5798e+04   1.26e-19
  4.6829e+04   1.21e-19
  4.7884e+04   1.17e-19
  4.8962e+04   1.13e-19
  5.0064e+04   1.09e-19
  5.1191e+04   1.05e-19
  5.2344e+04   1.01e-19
  5.3522e+04   9.71e-20
  5.4727e+04   9.35e-20
  5.5960e+04   9.00e-20
  5.7219e+04   8.67e-20
  5.8508e+04   8.34e-20
  5.9825e+04   8.02e-20
  6.1172e+04   7.72e-20
  6.2549e+04   7.42e-20
  6.3958e+04   7.14e-20
  6.5398e+04   6.86e-20
  6.6870e+04   6.59e-20
  6.8376e+04   6.33e-20
  6.9915e+04   6.09e-20
  7.1489e+04   5.85e-20
  7.3099e+04   5.61e-20
  7.4745e+04   5.39e-20
  7.6428e+04   5.17e-20
  7.8148e+04   4.96e-20
  7.9908e+04   4.76e-20
  8.1707e+04   4.57e-20
  8.3547e+04   4.38e-20
  8.5428e+04   4.20e-20
  8.7351e+04   4.02e-20
  8.9318e+04   3.86e-20
  9.1329e+04   3.69e-20
  9.3385e+04   3.54e-20
  9.5488e+04   3.39e-20
  9.7638e+04   3.24e-20
  9.9836e+04   3.10e-20
  1.0208e+05   2.97e-20
  1.0438e+05   2.84e-20
  1.0673e+05   2.71e-20
  1.0914e+05   2.60e-20
  1.1159e+05   2.48e-20
  1.1411e+05   2.37e-20
  1.1667e+05   2.26e-20
  1.1930e+05   2.16e-20
  1.2199e+05   2.06e-20
  1.2473e+05   1.97e-20
  1.2754e+05   1.88e-20
  1.3041e+05   1.79e-20
  1.3335e+05   1.71e-20
  1.3635e+05   1.63e-20
  1.3942e+05   1.55e-20
  1.4256e+05   1.48e-20
  1.4577e+05   1.41e-20
  1.4905e+05   1.34e-20
  1.5241e+05   1.27e-20
  1.5584e+05   1.21e-20
  1.5935e+05   1.15e-20
  1.6294e+05   1.09e-20
  1.6661e+05   1.04e-20
  1.7036e+05   9.88e-21
  1.7419e+05   9.39e-21
  1.7812e+05   8.91e-21
  1.8213e+05   8.45e-21
  1.8623e+05   8.01e-21
  1.9042e+05   7.59e-21
  1.9471e+05   7.20e-21
  1.9909e+05   6.82e-21
  2.0357e+05   6.46e-21
  2.0816e+05   6.11e-21
  2.1284e+05   5.78e-21
  2.1763e+05   5.47e-21
  2.2253e+05   5.17e-21
  2.2755e+05   4.88e-21
  2.3267e+05   4.61e-21
  2.3791e+05   4.34e-21
  2.4326e+05   4.10e-21
  2.4874e+05   3.87e-21
  2.5434e+05   3.64e-21
  2.6007e+05   3.43e-21
  2.6592e+05   3.22e-21
  2.7191e+05   3.04e-21
  2.7803e+05   2.86e-21
  2.8429e+05   2.68e-21
  2.9069e+05   2.52e-21
  2.9724e+05   2.36e-21
  3.0393e+05   2.22e-21
  3.1077e+05   2.08e-21
  3.1777e+05   1.95e-21
  3.2493e+05   1.83e-21
  3.3224e+05   1.70e-21
  3.3972e+05   1.60e-21
  3.4737e+05   1.49e-21
  3.5519e+05   1.40e-21
  3.6319e+05   1.30e-21
  3.7137e+05   1.21e-21
  3.7973e+05   1.13e-21
  3.8828e+05   1.06e-21
  3.9702e+05   9.84e-22
  4.0596e+05   9.15e-22
  4.1510e+05   8.49e-22
  4.2444e+05   7.89e-22
  4.3400e+05   7.34e-22
  4.4377e+05   6.82e-22
  4.5376e+05   6.32e-22
  4.6398e+05   5.85e-22
  4.7443e+05   5.41e-22
  4.8511e+05   5.01e-22
  4.9603e+05   4.64e-22
  5.0720e+05   4.28e-22
  5.1862e+05   3.94e-22
  5.3030e+05   3.62e-22
  5.4224e+05   3.35e-22
  5.5444e+05   3.09e-22
  5.6693e+05   2.84e-22
  5.7969e+05   2.61e-22
  5.9274e+05   2.38e-22
  6.0609e+05   2.20e-22
  6.1974e+05   2.02e-22
  6.3369e+05   1.85e-22
  6.4796e+05   1.69e-22
  6.6255e+05   1.54e-22
  6.7746e+05   1.41e-22
  6.9272e+05   1.30e-22
  7.0831e+05   1.18e-22
  7.2426e+05   1.08e-22
  7.4057e+05   9.77e-23
  7.5724e+05   8.91e-23
  7.7429e+05   8.14e-23
  7.9172e+05   7.42e-23
  8.0955e+05   6.73e-23
  8.2778e+05   6.07e-23
  8.4641e+05   5.51e-23
  8.6547e+05   5.02e-23
  8.8496e+05   4.55e-23
  9.0488e+05   4.11e-23
  9.2526e+05   3.70e-23
  9.4609e+05   3.33e-23
  9.6739e+05   3.02e-23
  9.8917e+05   2.73e-23
  1.0114e+06   2.46e-23
  1.0342e+06   2.20e-23
  1.0575e+06   1.96e-23
  1.0813e+06   1.78e-23
  1.1057e+06   1.60e-23
  1.1305e+06   1.44e-23
  1.1560e+06   1.28e-23
  1.1820e+06   1.13e-23
  1.2086e+06   1.02e-23
  1.2359e+06   9.18e-24
  1.2637e+06   8.20e-24
  1.2921e+06   7.28e-24
  1.3212e+06   6.41e-24
  1.3510e+06   5.75e-24
  1.3814e+06   5.16e-24
  1.4125e+06   4.60e-24
  1.4443e+06   4.07e-24
  1.4768e+06   3.57e-24
  1.5101e+06   3.17e-24
  1.5441e+06   2.84e-24
  1.5788e+06   2.52e-24
  1.6144e+06   2.22e-24
  1.6507e+06   1.93e-24
  1.6879e+06   1.70e-24
  1.7259e+06   1.52e-24
  1.7648e+06   1.34e-24
  1.8045e+06   1.18e-24
  1.8451e+06   1.02e-24
  1.8867e+06   8.84e-25
  1.9291e+06   7.84e-25
  1.9726e+06   6.90e-25
  2.0170e+06   6.01e-25
  2.0624e+06   5.16e-25
  2.1088e+06   4.38e-25
  2.1563e+06   3.84e-25
  2.2049e+06   3.32e-25
  2.2545e+06   2.83e-25
  2.3053e+06   2.36e-25
  2.3572e+06   1.92e-25
  2.4102e+06   1.68e-25
  2.4645e+06   1.46e-25
  2.5200e+06   1.24e-25
