#  E [MeV]   Flux [# cm^{-2} s^{-1}  MeV^{-1}]
  3.0000e+04   8.32e-18
  3.0675e+04   8.06e-18
  3.1366e+04   7.80e-18
  3.2072e+04   7.54e-18
  3.2794e+04   7.30e-18
  3.3533e+04   7.06e-18
  3.4288e+04   6.82e-18
  3.5060e+04   6.60e-18
  3.5849e+04   6.38e-18
  3.6656e+04   6.16e-18
  3.7482e+04   5.96e-18
  3.8326e+04   5.75e-18
  3.9188e+04   5.56e-18
  4.0071e+04   5.37e-18
  4.0973e+04   5.19e-18
  4.1896e+04   5.01e-18
  4.2839e+04   4.83e-18
  4.3803e+04   4.67e-18
  4.4790e+04   4.50e-18
  4.5798e+04   4.34e-18
  4.6829e+04   4.19e-18
  4.7884e+04   4.04e-18
  4.8962e+04   3.90e-18
  5.0064e+04   3.76e-18
  5.1191e+04   3.63e-18
  5.2344e+04   3.50e-18
  5.3522e+04   3.37e-18
  5.4727e+04   3.25e-18
  5.5960e+04   3.13e-18
  5.7219e+04   3.01e-18
  5.8508e+04   2.90e-18
  5.9825e+04   2.79e-18
  6.1172e+04   2.69e-18
  6.2549e+04   2.59e-18
  6.3958e+04   2.49e-18
  6.5398e+04   2.40e-18
  6.6870e+04   2.30e-18
  6.8376e+04   2.21e-18
  6.9915e+04   2.13e-18
  7.1489e+04   2.05e-18
  7.3099e+04   1.97e-18
  7.4745e+04   1.89e-18
  7.6428e+04   1.81e-18
  7.8148e+04   1.74e-18
  7.9908e+04   1.67e-18
  8.1707e+04   1.61e-18
  8.3547e+04   1.54e-18
  8.5428e+04   1.48e-18
  8.7351e+04   1.42e-18
  8.9318e+04   1.36e-18
  9.1329e+04   1.31e-18
  9.3385e+04   1.25e-18
  9.5488e+04   1.20e-18
  9.7638e+04   1.15e-18
  9.9836e+04   1.10e-18
  1.0208e+05   1.05e-18
  1.0438e+05   1.01e-18
  1.0673e+05   9.67e-19
  1.0914e+05   9.25e-19
  1.1159e+05   8.85e-19
  1.1411e+05   8.47e-19
  1.1667e+05   8.10e-19
  1.1930e+05   7.75e-19
  1.2199e+05   7.41e-19
  1.2473e+05   7.08e-19
  1.2754e+05   6.76e-19
  1.3041e+05   6.46e-19
  1.3335e+05   6.17e-19
  1.3635e+05   5.89e-19
  1.3942e+05   5.61e-19
  1.4256e+05   5.36e-19
  1.4577e+05   5.11e-19
  1.4905e+05   4.88e-19
  1.5241e+05   4.65e-19
  1.5584e+05   4.43e-19
  1.5935e+05   4.22e-19
  1.6294e+05   4.02e-19
  1.6661e+05   3.83e-19
  1.7036e+05   3.64e-19
  1.7419e+05   3.46e-19
  1.7812e+05   3.30e-19
  1.8213e+05   3.14e-19
  1.8623e+05   2.98e-19
  1.9042e+05   2.84e-19
  1.9471e+05   2.69e-19
  1.9909e+05   2.56e-19
  2.0357e+05   2.43e-19
  2.0816e+05   2.31e-19
  2.1284e+05   2.19e-19
  2.1763e+05   2.08e-19
  2.2253e+05   1.97e-19
  2.2755e+05   1.87e-19
  2.3267e+05   1.77e-19
  2.3791e+05   1.68e-19
  2.4326e+05   1.59e-19
  2.4874e+05   1.50e-19
  2.5434e+05   1.42e-19
  2.6007e+05   1.35e-19
  2.6592e+05   1.27e-19
  2.7191e+05   1.20e-19
  2.7803e+05   1.13e-19
  2.8429e+05   1.07e-19
  2.9069e+05   1.01e-19
  2.9724e+05   9.56e-20
  3.0393e+05   9.01e-20
  3.1077e+05   8.49e-20
  3.1777e+05   8.00e-20
  3.2493e+05   7.55e-20
  3.3224e+05   7.11e-20
  3.3972e+05   6.69e-20
  3.4737e+05   6.28e-20
  3.5519e+05   5.91e-20
  3.6319e+05   5.57e-20
  3.7137e+05   5.23e-20
  3.7973e+05   4.91e-20
  3.8828e+05   4.60e-20
  3.9702e+05   4.32e-20
  4.0596e+05   4.06e-20
  4.1510e+05   3.81e-20
  4.2444e+05   3.57e-20
  4.3400e+05   3.33e-20
  4.4377e+05   3.12e-20
  4.5376e+05   2.92e-20
  4.6398e+05   2.74e-20
  4.7443e+05   2.56e-20
  4.8511e+05   2.39e-20
  4.9603e+05   2.22e-20
  5.0720e+05   2.08e-20
  5.1862e+05   1.94e-20
  5.3030e+05   1.81e-20
  5.4224e+05   1.68e-20
  5.5444e+05   1.56e-20
  5.6693e+05   1.45e-20
  5.7969e+05   1.35e-20
  5.9274e+05   1.25e-20
  6.0609e+05   1.16e-20
  6.1974e+05   1.07e-20
  6.3369e+05   9.96e-21
  6.4796e+05   9.25e-21
  6.6255e+05   8.57e-21
  6.7746e+05   7.92e-21
  6.9272e+05   7.29e-21
  7.0831e+05   6.73e-21
  7.2426e+05   6.24e-21
  7.4057e+05   5.76e-21
  7.5724e+05   5.30e-21
  7.7429e+05   4.87e-21
  7.9172e+05   4.46e-21
  8.0955e+05   4.12e-21
  8.2778e+05   3.80e-21
  8.4641e+05   3.48e-21
  8.6547e+05   3.18e-21
  8.8496e+05   2.90e-21
  9.0488e+05   2.67e-21
  9.2526e+05   2.45e-21
  9.4609e+05   2.24e-21
  9.6739e+05   2.04e-21
  9.8917e+05   1.85e-21
  1.0114e+06   1.69e-21
  1.0342e+06   1.55e-21
  1.0575e+06   1.41e-21
  1.0813e+06   1.27e-21
  1.1057e+06   1.14e-21
  1.1305e+06   1.04e-21
  1.1560e+06   9.50e-22
  1.1820e+06   8.61e-22
  1.2086e+06   7.75e-22
  1.2359e+06   6.93e-22
  1.2637e+06   6.26e-22
  1.2921e+06   5.69e-22
  1.3212e+06   5.13e-22
  1.3510e+06   4.60e-22
  1.3814e+06   4.10e-22
  1.4125e+06   3.67e-22
  1.4443e+06   3.32e-22
  1.4768e+06   2.99e-22
  1.5101e+06   2.67e-22
  1.5441e+06   2.37e-22
  1.5788e+06   2.10e-22
  1.6144e+06   1.89e-22
  1.6507e+06   1.70e-22
  1.6879e+06   1.51e-22
  1.7259e+06   1.33e-22
  1.7648e+06   1.16e-22
  1.8045e+06   1.05e-22
  1.8451e+06   9.34e-23
  1.8867e+06   8.27e-23
  1.9291e+06   7.24e-23
  1.9726e+06   6.25e-23
  2.0170e+06   5.58e-23
  2.0624e+06   4.95e-23
  2.1088e+06   4.35e-23
  2.1563e+06   3.78e-23
  2.2049e+06   3.22e-23
  2.2545e+06   2.82e-23
  2.3053e+06   2.46e-23
  2.3572e+06   2.12e-23
  2.4102e+06   1.80e-23
  2.4645e+06   1.48e-23
  2.5200e+06   1.26e-23
