#  E [MeV]   Flux [# cm^{-2} s^{-1}  MeV^{-1}]
  3.0000e+04   5.72e-22
  3.1123e+04   5.50e-22
  3.2288e+04   5.30e-22
  3.3497e+04   5.10e-22
  3.4751e+04   4.90e-22
  3.6051e+04   4.71e-22
  3.7401e+04   4.53e-22
  3.8801e+04   4.36e-22
  4.0253e+04   4.19e-22
  4.1760e+04   4.02e-22
  4.3324e+04   3.87e-22
  4.4945e+04   3.71e-22
  4.6628e+04   3.57e-22
  4.8373e+04   3.42e-22
  5.0184e+04   3.29e-22
  5.2063e+04   3.16e-22
  5.4011e+04   3.03e-22
  5.6033e+04   2.91e-22
  5.8131e+04   2.79e-22
  6.0307e+04   2.67e-22
  6.2564e+04   2.56e-22
  6.4906e+04   2.46e-22
  6.7336e+04   2.36e-22
  6.9857e+04   2.26e-22
  7.2472e+04   2.16e-22
  7.5184e+04   2.07e-22
  7.7999e+04   1.98e-22
  8.0919e+04   1.90e-22
  8.3948e+04   1.82e-22
  8.7090e+04   1.74e-22
  9.0350e+04   1.67e-22
  9.3732e+04   1.59e-22
  9.7241e+04   1.52e-22
  1.0088e+05   1.46e-22
  1.0466e+05   1.39e-22
  1.0858e+05   1.33e-22
  1.1264e+05   1.27e-22
  1.1686e+05   1.22e-22
  1.2123e+05   1.16e-22
  1.2577e+05   1.11e-22
  1.3048e+05   1.06e-22
  1.3536e+05   1.01e-22
  1.4043e+05   9.67e-23
  1.4568e+05   9.23e-23
  1.5114e+05   8.81e-23
  1.5680e+05   8.41e-23
  1.6266e+05   8.02e-23
  1.6875e+05   7.65e-23
  1.7507e+05   7.30e-23
  1.8162e+05   6.96e-23
  1.8842e+05   6.63e-23
  1.9548e+05   6.32e-23
  2.0279e+05   6.02e-23
  2.1039e+05   5.74e-23
  2.1826e+05   5.47e-23
  2.2643e+05   5.20e-23
  2.3491e+05   4.96e-23
  2.4370e+05   4.72e-23
  2.5282e+05   4.49e-23
  2.6229e+05   4.27e-23
  2.7211e+05   4.07e-23
  2.8229e+05   3.87e-23
  2.9286e+05   3.68e-23
  3.0382e+05   3.50e-23
  3.1519e+05   3.33e-23
  3.2699e+05   3.17e-23
  3.3923e+05   3.01e-23
  3.5193e+05   2.86e-23
  3.6511e+05   2.72e-23
  3.7877e+05   2.58e-23
  3.9295e+05   2.46e-23
  4.0766e+05   2.33e-23
  4.2292e+05   2.22e-23
  4.3875e+05   2.11e-23
  4.5518e+05   2.00e-23
  4.7222e+05   1.90e-23
  4.8989e+05   1.80e-23
  5.0823e+05   1.71e-23
  5.2726e+05   1.63e-23
  5.4699e+05   1.55e-23
  5.6747e+05   1.47e-23
  5.8871e+05   1.40e-23
  6.1075e+05   1.33e-23
  6.3361e+05   1.26e-23
  6.5733e+05   1.20e-23
  6.8194e+05   1.14e-23
  7.0746e+05   1.09e-23
  7.3395e+05   1.04e-23
  7.6142e+05   9.85e-24
  7.8992e+05   9.39e-24
  8.1949e+05   8.95e-24
  8.5017e+05   8.53e-24
  8.8199e+05   8.15e-24
  9.1501e+05   7.78e-24
  9.4926e+05   7.43e-24
  9.8479e+05   7.10e-24
  1.0217e+06   6.79e-24
  1.0599e+06   6.49e-24
  1.0996e+06   6.22e-24
  1.1407e+06   5.96e-24
  1.1834e+06   5.71e-24
  1.2277e+06   5.47e-24
  1.2737e+06   5.25e-24
  1.3214e+06   5.04e-24
  1.3708e+06   4.85e-24
  1.4222e+06   4.66e-24
  1.4754e+06   4.48e-24
  1.5306e+06   4.31e-24
  1.5879e+06   4.15e-24
  1.6474e+06   4.00e-24
  1.7090e+06   3.85e-24
  1.7730e+06   3.72e-24
  1.8394e+06   3.58e-24
  1.9082e+06   3.46e-24
  1.9797e+06   3.34e-24
  2.0538e+06   3.22e-24
  2.1306e+06   3.11e-24
  2.2104e+06   3.00e-24
  2.2931e+06   2.90e-24
  2.3790e+06   2.80e-24
  2.4680e+06   2.70e-24
  2.5604e+06   2.60e-24
  2.6563e+06   2.51e-24
  2.7557e+06   2.42e-24
  2.8589e+06   2.33e-24
  2.9659e+06   2.25e-24
  3.0769e+06   2.16e-24
  3.1921e+06   2.08e-24
  3.3116e+06   2.00e-24
  3.4355e+06   1.92e-24
  3.5641e+06   1.84e-24
  3.6976e+06   1.77e-24
  3.8360e+06   1.69e-24
  3.9796e+06   1.62e-24
  4.1285e+06   1.55e-24
  4.2831e+06   1.48e-24
  4.4434e+06   1.41e-24
  4.6097e+06   1.34e-24
  4.7823e+06   1.27e-24
  4.9613e+06   1.20e-24
  5.1470e+06   1.14e-24
  5.3397e+06   1.07e-24
  5.5396e+06   1.01e-24
  5.7470e+06   9.49e-25
  5.9621e+06   8.90e-25
  6.1853e+06   8.31e-25
  6.4168e+06   7.74e-25
  6.6570e+06   7.19e-25
  6.9062e+06   6.65e-25
  7.1647e+06   6.13e-25
  7.4329e+06   5.63e-25
  7.7112e+06   5.14e-25
  7.9998e+06   4.68e-25
  8.2993e+06   4.24e-25
  8.6100e+06   3.82e-25
  8.9323e+06   3.42e-25
  9.2666e+06   3.05e-25
  9.6135e+06   2.69e-25
  9.9734e+06   2.36e-25
  1.0347e+07   2.06e-25
  1.0734e+07   1.78e-25
  1.1136e+07   1.52e-25
  1.1553e+07   1.28e-25
  1.1985e+07   1.08e-25
  1.2434e+07   8.89e-26
  1.2899e+07   7.26e-26
  1.3382e+07   5.84e-26
  1.3883e+07   4.62e-26
  1.4403e+07   3.59e-26
  1.4942e+07   2.73e-26
  1.5501e+07   2.04e-26
  1.6081e+07   1.48e-26
  1.6683e+07   1.05e-26
  1.7308e+07   7.16e-27
  1.7956e+07   4.73e-27
  1.8628e+07   3.00e-27
  1.9325e+07   1.82e-27
  2.0049e+07   1.05e-27
  2.0799e+07   5.71e-28
  2.1578e+07   2.91e-28
  2.2386e+07   1.37e-28
  2.3224e+07   5.93e-29
  2.4093e+07   2.31e-29
  2.4995e+07   8.05e-30
  2.5930e+07   2.44e-30
  2.6901e+07   6.25e-31
  2.7908e+07   1.34e-31
  2.8953e+07   2.27e-32
  3.0037e+07   2.92e-33
  3.1161e+07   2.77e-34
  3.2327e+07   1.78e-35
  3.3537e+07   7.10e-37
  3.4793e+07   1.64e-38
  3.6095e+07   1.88e-40
  3.7446e+07   9.11e-43
  3.8848e+07   1.56e-45
  4.0302e+07   7.09e-49
  4.1811e+07   6.02e-53
  4.3376e+07   6.29e-58
  4.5000e+07   4.48e-64
