#  E [GeV]   # per interaction  [GeV^{-1}]
  3.0000e+01   2.97e-01
  3.0782e+01   2.87e-01
  3.1585e+01   2.78e-01
  3.2409e+01   2.69e-01
  3.3255e+01   2.60e-01
  3.4122e+01   2.51e-01
  3.5012e+01   2.43e-01
  3.5925e+01   2.35e-01
  3.6862e+01   2.27e-01
  3.7824e+01   2.19e-01
  3.8810e+01   2.11e-01
  3.9822e+01   2.04e-01
  4.0861e+01   1.97e-01
  4.1927e+01   1.90e-01
  4.3021e+01   1.83e-01
  4.4143e+01   1.77e-01
  4.5294e+01   1.71e-01
  4.6475e+01   1.65e-01
  4.7688e+01   1.59e-01
  4.8931e+01   1.53e-01
  5.0208e+01   1.47e-01
  5.1517e+01   1.42e-01
  5.2861e+01   1.37e-01
  5.4240e+01   1.32e-01
  5.5654e+01   1.27e-01
  5.7106e+01   1.22e-01
  5.8596e+01   1.17e-01
  6.0124e+01   1.13e-01
  6.1692e+01   1.09e-01
  6.3301e+01   1.05e-01
  6.4952e+01   1.01e-01
  6.6647e+01   9.66e-02
  6.8385e+01   9.29e-02
  7.0169e+01   8.93e-02
  7.1999e+01   8.57e-02
  7.3877e+01   8.24e-02
  7.5804e+01   7.91e-02
  7.7781e+01   7.59e-02
  7.9810e+01   7.29e-02
  8.1891e+01   6.99e-02
  8.4027e+01   6.71e-02
  8.6219e+01   6.44e-02
  8.8468e+01   6.17e-02
  9.0775e+01   5.92e-02
  9.3143e+01   5.67e-02
  9.5572e+01   5.44e-02
  9.8065e+01   5.21e-02
  1.0062e+02   4.99e-02
  1.0325e+02   4.78e-02
  1.0594e+02   4.57e-02
  1.0870e+02   4.38e-02
  1.1154e+02   4.19e-02
  1.1445e+02   4.01e-02
  1.1743e+02   3.83e-02
  1.2050e+02   3.66e-02
  1.2364e+02   3.50e-02
  1.2686e+02   3.34e-02
  1.3017e+02   3.19e-02
  1.3357e+02   3.05e-02
  1.3705e+02   2.91e-02
  1.4063e+02   2.78e-02
  1.4429e+02   2.65e-02
  1.4806e+02   2.53e-02
  1.5192e+02   2.41e-02
  1.5588e+02   2.29e-02
  1.5995e+02   2.19e-02
  1.6412e+02   2.08e-02
  1.6840e+02   1.98e-02
  1.7279e+02   1.89e-02
  1.7730e+02   1.79e-02
  1.8193e+02   1.71e-02
  1.8667e+02   1.62e-02
  1.9154e+02   1.54e-02
  1.9654e+02   1.46e-02
  2.0166e+02   1.39e-02
  2.0692e+02   1.32e-02
  2.1232e+02   1.25e-02
  2.1786e+02   1.19e-02
  2.2354e+02   1.13e-02
  2.2937e+02   1.07e-02
  2.3535e+02   1.01e-02
  2.4149e+02   9.56e-03
  2.4779e+02   9.05e-03
  2.5425e+02   8.56e-03
  2.6088e+02   8.09e-03
  2.6769e+02   7.64e-03
  2.7467e+02   7.22e-03
  2.8184e+02   6.82e-03
  2.8919e+02   6.43e-03
  2.9673e+02   6.06e-03
  3.0447e+02   5.71e-03
  3.1241e+02   5.38e-03
  3.2056e+02   5.07e-03
  3.2892e+02   4.77e-03
  3.3750e+02   4.48e-03
  3.4630e+02   4.22e-03
  3.5533e+02   3.96e-03
  3.6460e+02   3.72e-03
  3.7411e+02   3.49e-03
  3.8387e+02   3.27e-03
  3.9388e+02   3.07e-03
  4.0416e+02   2.88e-03
  4.1470e+02   2.69e-03
  4.2551e+02   2.52e-03
  4.3661e+02   2.36e-03
  4.4800e+02   2.20e-03
  4.5969e+02   2.06e-03
  4.7168e+02   1.92e-03
  4.8398e+02   1.79e-03
  4.9660e+02   1.67e-03
  5.0956e+02   1.56e-03
  5.2285e+02   1.45e-03
  5.3648e+02   1.34e-03
  5.5048e+02   1.25e-03
  5.6483e+02   1.16e-03
  5.7957e+02   1.08e-03
  5.9468e+02   1.00e-03
  6.1020e+02   9.31e-04
  6.2611e+02   8.64e-04
  6.4244e+02   8.01e-04
  6.5920e+02   7.41e-04
  6.7639e+02   6.85e-04
  6.9403e+02   6.36e-04
  7.1214e+02   5.88e-04
  7.3071e+02   5.43e-04
  7.4977e+02   5.01e-04
  7.6933e+02   4.63e-04
  7.8939e+02   4.28e-04
  8.0998e+02   3.95e-04
  8.3111e+02   3.64e-04
  8.5279e+02   3.35e-04
  8.7503e+02   3.09e-04
  8.9785e+02   2.85e-04
  9.2127e+02   2.62e-04
  9.4530e+02   2.41e-04
  9.6996e+02   2.22e-04
  9.9526e+02   2.04e-04
  1.0212e+03   1.88e-04
  1.0479e+03   1.72e-04
  1.0752e+03   1.58e-04
  1.1032e+03   1.45e-04
  1.1320e+03   1.34e-04
  1.1615e+03   1.23e-04
  1.1918e+03   1.12e-04
  1.2229e+03   1.03e-04
  1.2548e+03   9.48e-05
  1.2875e+03   8.70e-05
  1.3211e+03   7.96e-05
  1.3556e+03   7.30e-05
  1.3909e+03   6.72e-05
  1.4272e+03   6.17e-05
  1.4644e+03   5.65e-05
  1.5026e+03   5.16e-05
  1.5418e+03   4.76e-05
  1.5820e+03   4.38e-05
  1.6233e+03   4.02e-05
  1.6657e+03   3.68e-05
  1.7091e+03   3.39e-05
  1.7537e+03   3.13e-05
  1.7994e+03   2.88e-05
  1.8464e+03   2.65e-05
  1.8945e+03   2.43e-05
  1.9439e+03   2.26e-05
  1.9946e+03   2.09e-05
  2.0467e+03   1.94e-05
  2.1000e+03   1.79e-05
  2.1548e+03   1.66e-05
  2.2110e+03   1.56e-05
  2.2687e+03   1.46e-05
  2.3279e+03   1.36e-05
  2.3886e+03   1.27e-05
  2.4509e+03   1.20e-05
  2.5148e+03   1.13e-05
  2.5804e+03   1.07e-05
  2.6477e+03   1.01e-05
  2.7168e+03   9.61e-06
  2.7876e+03   9.20e-06
  2.8603e+03   8.80e-06
  2.9349e+03   8.42e-06
  3.0115e+03   8.07e-06
  3.0900e+03   7.89e-06
  3.1706e+03   7.72e-06
  3.2533e+03   7.54e-06
  3.3382e+03   7.36e-06
  3.4253e+03   7.32e-06
  3.5146e+03   7.33e-06
  3.6063e+03   7.33e-06
  3.7003e+03   7.33e-06
  3.7969e+03   7.38e-06
  3.8959e+03   7.74e-06
  3.9975e+03   8.07e-06
  4.1018e+03   8.36e-06
  4.2088e+03   8.62e-06
  4.3185e+03   9.39e-06
  4.4312e+03   1.03e-05
  4.5467e+03   1.12e-05
  4.6653e+03   1.19e-05
  4.7870e+03   1.19e-05
  4.9119e+03   9.72e-06
  5.0400e+03   7.68e-06
