#  E [GeV]   # per interaction  [GeV^{-1}]
  3.0000e+01   6.28e-01
  3.1123e+01   6.04e-01
  3.2288e+01   5.81e-01
  3.3497e+01   5.59e-01
  3.4751e+01   5.37e-01
  3.6051e+01   5.16e-01
  3.7401e+01   4.96e-01
  3.8801e+01   4.77e-01
  4.0253e+01   4.59e-01
  4.1760e+01   4.41e-01
  4.3324e+01   4.24e-01
  4.4945e+01   4.07e-01
  4.6628e+01   3.91e-01
  4.8373e+01   3.76e-01
  5.0184e+01   3.61e-01
  5.2063e+01   3.47e-01
  5.4011e+01   3.33e-01
  5.6033e+01   3.20e-01
  5.8131e+01   3.07e-01
  6.0307e+01   2.95e-01
  6.2564e+01   2.83e-01
  6.4906e+01   2.71e-01
  6.7336e+01   2.60e-01
  6.9857e+01   2.50e-01
  7.2472e+01   2.40e-01
  7.5184e+01   2.30e-01
  7.7999e+01   2.20e-01
  8.0919e+01   2.11e-01
  8.3948e+01   2.02e-01
  8.7090e+01   1.94e-01
  9.0350e+01   1.86e-01
  9.3732e+01   1.78e-01
  9.7241e+01   1.70e-01
  1.0088e+02   1.63e-01
  1.0466e+02   1.56e-01
  1.0858e+02   1.49e-01
  1.1264e+02   1.43e-01
  1.1686e+02   1.36e-01
  1.2123e+02   1.30e-01
  1.2577e+02   1.25e-01
  1.3048e+02   1.19e-01
  1.3536e+02   1.14e-01
  1.4043e+02   1.08e-01
  1.4568e+02   1.03e-01
  1.5114e+02   9.85e-02
  1.5680e+02   9.38e-02
  1.6266e+02   8.93e-02
  1.6875e+02   8.50e-02
  1.7507e+02   8.09e-02
  1.8162e+02   7.69e-02
  1.8842e+02   7.31e-02
  1.9548e+02   6.94e-02
  2.0279e+02   6.59e-02
  2.1039e+02   6.25e-02
  2.1826e+02   5.92e-02
  2.2643e+02   5.61e-02
  2.3491e+02   5.31e-02
  2.4370e+02   5.02e-02
  2.5282e+02   4.75e-02
  2.6229e+02   4.48e-02
  2.7211e+02   4.23e-02
  2.8229e+02   3.98e-02
  2.9286e+02   3.75e-02
  3.0382e+02   3.53e-02
  3.1519e+02   3.32e-02
  3.2699e+02   3.11e-02
  3.3923e+02   2.92e-02
  3.5193e+02   2.74e-02
  3.6511e+02   2.56e-02
  3.7877e+02   2.39e-02
  3.9295e+02   2.24e-02
  4.0766e+02   2.09e-02
  4.2292e+02   1.95e-02
  4.3875e+02   1.81e-02
  4.5518e+02   1.69e-02
  4.7222e+02   1.57e-02
  4.8989e+02   1.45e-02
  5.0823e+02   1.35e-02
  5.2726e+02   1.25e-02
  5.4699e+02   1.16e-02
  5.6747e+02   1.07e-02
  5.8871e+02   9.88e-03
  6.1075e+02   9.13e-03
  6.3361e+02   8.42e-03
  6.5733e+02   7.76e-03
  6.8194e+02   7.15e-03
  7.0746e+02   6.58e-03
  7.3395e+02   6.06e-03
  7.6142e+02   5.57e-03
  7.8992e+02   5.12e-03
  8.1949e+02   4.71e-03
  8.5017e+02   4.32e-03
  8.8199e+02   3.97e-03
  9.1501e+02   3.64e-03
  9.4926e+02   3.34e-03
  9.8479e+02   3.07e-03
  1.0217e+03   2.81e-03
  1.0599e+03   2.58e-03
  1.0996e+03   2.36e-03
  1.1407e+03   2.16e-03
  1.1834e+03   1.98e-03
  1.2277e+03   1.81e-03
  1.2737e+03   1.66e-03
  1.3214e+03   1.52e-03
  1.3708e+03   1.39e-03
  1.4222e+03   1.27e-03
  1.4754e+03   1.16e-03
  1.5306e+03   1.06e-03
  1.5879e+03   9.74e-04
  1.6474e+03   8.90e-04
  1.7090e+03   8.13e-04
  1.7730e+03   7.43e-04
  1.8394e+03   6.78e-04
  1.9082e+03   6.19e-04
  1.9797e+03   5.65e-04
  2.0538e+03   5.15e-04
  2.1306e+03   4.69e-04
  2.2104e+03   4.28e-04
  2.2931e+03   3.89e-04
  2.3790e+03   3.53e-04
  2.4680e+03   3.21e-04
  2.5604e+03   2.91e-04
  2.6563e+03   2.64e-04
  2.7557e+03   2.39e-04
  2.8589e+03   2.16e-04
  2.9659e+03   1.95e-04
  3.0769e+03   1.76e-04
  3.1921e+03   1.59e-04
  3.3116e+03   1.43e-04
  3.4355e+03   1.28e-04
  3.5641e+03   1.15e-04
  3.6976e+03   1.03e-04
  3.8360e+03   9.20e-05
  3.9796e+03   8.21e-05
  4.1285e+03   7.29e-05
  4.2831e+03   6.48e-05
  4.4434e+03   5.75e-05
  4.6097e+03   5.07e-05
  4.7823e+03   4.47e-05
  4.9613e+03   3.93e-05
  5.1470e+03   3.44e-05
  5.3397e+03   3.01e-05
  5.5396e+03   2.63e-05
  5.7470e+03   2.28e-05
  5.9621e+03   1.97e-05
  6.1853e+03   1.70e-05
  6.4168e+03   1.46e-05
  6.6570e+03   1.24e-05
  6.9062e+03   1.07e-05
  7.1647e+03   9.04e-06
  7.4329e+03   7.59e-06
  7.7112e+03   6.40e-06
  7.9998e+03   5.34e-06
  8.2993e+03   4.41e-06
  8.6100e+03   3.64e-06
  8.9323e+03   2.99e-06
  9.2666e+03   2.41e-06
  9.6135e+03   1.95e-06
  9.9734e+03   1.56e-06
  1.0347e+04   1.23e-06
  1.0734e+04   9.59e-07
  1.1136e+04   7.45e-07
  1.1553e+04   5.67e-07
  1.1985e+04   4.26e-07
  1.2434e+04   3.18e-07
  1.2899e+04   2.32e-07
  1.3382e+04   1.65e-07
  1.3883e+04   1.17e-07
  1.4403e+04   8.03e-08
  1.4942e+04   5.34e-08
  1.5501e+04   3.52e-08
  1.6081e+04   2.23e-08
  1.6683e+04   1.35e-08
  1.7308e+04   8.00e-09
  1.7956e+04   4.51e-09
  1.8628e+04   2.39e-09
  1.9325e+04   1.22e-09
  2.0049e+04   5.81e-10
  2.0799e+04   2.54e-10
  2.1578e+04   1.04e-10
  2.2386e+04   3.84e-11
  2.3224e+04   1.26e-11
  2.4093e+04   3.68e-12
  2.4995e+04   9.31e-13
  2.5930e+04   1.96e-13
  2.6901e+04   3.38e-14
  2.7908e+04   4.64e-15
  2.8953e+04   4.75e-16
  3.0037e+04   3.47e-17
  3.1161e+04   1.72e-18
  3.2327e+04   5.20e-20
  3.3537e+04   8.73e-22
  3.4793e+04   7.33e-24
  3.6095e+04   2.56e-26
  3.7446e+04   3.06e-29
  3.8848e+04   9.86e-33
  4.0302e+04   6.10e-37
  4.1811e+04   4.78e-42
  4.3376e+04   1.05e-47
  4.5000e+04   9.83e-48
