#  E [MeV]   Flux [# cm^{-2} s^{-1}  MeV^{-1}]
  3.0000e+04   6.61e-24
  3.0872e+04   6.36e-24
  3.1770e+04   6.12e-24
  3.2694e+04   5.88e-24
  3.3644e+04   5.66e-24
  3.4623e+04   5.44e-24
  3.5629e+04   5.23e-24
  3.6665e+04   5.02e-24
  3.7731e+04   4.83e-24
  3.8829e+04   4.64e-24
  3.9958e+04   4.45e-24
  4.1119e+04   4.28e-24
  4.2315e+04   4.11e-24
  4.3545e+04   3.94e-24
  4.4812e+04   3.78e-24
  4.6115e+04   3.63e-24
  4.7456e+04   3.48e-24
  4.8835e+04   3.34e-24
  5.0255e+04   3.20e-24
  5.1717e+04   3.07e-24
  5.3220e+04   2.94e-24
  5.4768e+04   2.82e-24
  5.6360e+04   2.70e-24
  5.7999e+04   2.59e-24
  5.9686e+04   2.48e-24
  6.1421e+04   2.37e-24
  6.3207e+04   2.27e-24
  6.5045e+04   2.17e-24
  6.6936e+04   2.08e-24
  6.8882e+04   1.99e-24
  7.0885e+04   1.90e-24
  7.2947e+04   1.81e-24
  7.5068e+04   1.73e-24
  7.7250e+04   1.65e-24
  7.9496e+04   1.58e-24
  8.1808e+04   1.51e-24
  8.4187e+04   1.44e-24
  8.6635e+04   1.37e-24
  8.9154e+04   1.31e-24
  9.1746e+04   1.25e-24
  9.4414e+04   1.19e-24
  9.7159e+04   1.13e-24
  9.9984e+04   1.08e-24
  1.0289e+05   1.03e-24
  1.0588e+05   9.80e-25
  1.0896e+05   9.33e-25
  1.1213e+05   8.88e-25
  1.1539e+05   8.44e-25
  1.1875e+05   8.03e-25
  1.2220e+05   7.63e-25
  1.2575e+05   7.26e-25
  1.2941e+05   6.89e-25
  1.3317e+05   6.55e-25
  1.3704e+05   6.22e-25
  1.4103e+05   5.90e-25
  1.4513e+05   5.60e-25
  1.4935e+05   5.31e-25
  1.5369e+05   5.03e-25
  1.5816e+05   4.77e-25
  1.6276e+05   4.51e-25
  1.6749e+05   4.27e-25
  1.7236e+05   4.04e-25
  1.7737e+05   3.83e-25
  1.8253e+05   3.62e-25
  1.8784e+05   3.42e-25
  1.9330e+05   3.23e-25
  1.9892e+05   3.05e-25
  2.0470e+05   2.87e-25
  2.1066e+05   2.71e-25
  2.1678e+05   2.55e-25
  2.2309e+05   2.40e-25
  2.2957e+05   2.26e-25
  2.3625e+05   2.12e-25
  2.4312e+05   2.00e-25
  2.5019e+05   1.88e-25
  2.5746e+05   1.76e-25
  2.6495e+05   1.65e-25
  2.7265e+05   1.55e-25
  2.8058e+05   1.45e-25
  2.8874e+05   1.35e-25
  2.9713e+05   1.27e-25
  3.0577e+05   1.18e-25
  3.1466e+05   1.11e-25
  3.2381e+05   1.03e-25
  3.3323e+05   9.60e-26
  3.4292e+05   8.95e-26
  3.5289e+05   8.33e-26
  3.6315e+05   7.75e-26
  3.7371e+05   7.19e-26
  3.8457e+05   6.68e-26
  3.9576e+05   6.20e-26
  4.0726e+05   5.75e-26
  4.1911e+05   5.32e-26
  4.3129e+05   4.92e-26
  4.4383e+05   4.55e-26
  4.5674e+05   4.20e-26
  4.7002e+05   3.87e-26
  4.8368e+05   3.56e-26
  4.9775e+05   3.28e-26
  5.1222e+05   3.02e-26
  5.2712e+05   2.77e-26
  5.4244e+05   2.55e-26
  5.5821e+05   2.34e-26
  5.7445e+05   2.14e-26
  5.9115e+05   1.96e-26
  6.0834e+05   1.79e-26
  6.2603e+05   1.64e-26
  6.4423e+05   1.50e-26
  6.6296e+05   1.37e-26
  6.8224e+05   1.25e-26
  7.0208e+05   1.14e-26
  7.2249e+05   1.04e-26
  7.4350e+05   9.42e-27
  7.6512e+05   8.57e-27
  7.8736e+05   7.80e-27
  8.1026e+05   7.09e-27
  8.3382e+05   6.42e-27
  8.5806e+05   5.82e-27
  8.8301e+05   5.28e-27
  9.0869e+05   4.78e-27
  9.3511e+05   4.31e-27
  9.6230e+05   3.90e-27
  9.9028e+05   3.53e-27
  1.0191e+06   3.19e-27
  1.0487e+06   2.87e-27
  1.0792e+06   2.59e-27
  1.1106e+06   2.34e-27
  1.1429e+06   2.11e-27
  1.1761e+06   1.90e-27
  1.2103e+06   1.71e-27
  1.2455e+06   1.54e-27
  1.2817e+06   1.39e-27
  1.3190e+06   1.24e-27
  1.3573e+06   1.12e-27
  1.3968e+06   1.01e-27
  1.4374e+06   9.03e-28
  1.4792e+06   8.07e-28
  1.5222e+06   7.23e-28
  1.5665e+06   6.52e-28
  1.6120e+06   5.84e-28
  1.6589e+06   5.21e-28
  1.7071e+06   4.66e-28
  1.7568e+06   4.19e-28
  1.8079e+06   3.75e-28
  1.8604e+06   3.33e-28
  1.9145e+06   2.97e-28
  1.9702e+06   2.67e-28
  2.0275e+06   2.38e-28
  2.0864e+06   2.12e-28
  2.1471e+06   1.89e-28
  2.2095e+06   1.69e-28
  2.2738e+06   1.51e-28
  2.3399e+06   1.34e-28
  2.4079e+06   1.19e-28
  2.4779e+06   1.07e-28
  2.5500e+06   9.52e-29
  2.6241e+06   8.44e-29
  2.7004e+06   7.49e-29
  2.7790e+06   6.73e-29
  2.8598e+06   6.00e-29
  2.9429e+06   5.32e-29
  3.0285e+06   4.73e-29
  3.1165e+06   4.25e-29
  3.2072e+06   3.80e-29
  3.3004e+06   3.38e-29
  3.3964e+06   3.01e-29
  3.4951e+06   2.72e-29
  3.5968e+06   2.44e-29
  3.7013e+06   2.17e-29
  3.8090e+06   1.95e-29
  3.9197e+06   1.76e-29
  4.0337e+06   1.59e-29
  4.1510e+06   1.42e-29
  4.2717e+06   1.28e-29
  4.3959e+06   1.16e-29
  4.5237e+06   1.05e-29
  4.6552e+06   9.51e-30
  4.7906e+06   8.59e-30
  4.9299e+06   7.83e-30
  5.0732e+06   7.11e-30
  5.2208e+06   6.43e-30
  5.3726e+06   5.83e-30
  5.5288e+06   5.32e-30
  5.6895e+06   4.84e-30
  5.8550e+06   4.40e-30
  6.0252e+06   3.99e-30
  6.2004e+06   3.62e-30
  6.3807e+06   3.28e-30
  6.5662e+06   2.96e-30
  6.7572e+06   2.67e-30
  6.9536e+06   2.40e-30
  7.1558e+06   2.16e-30
  7.3639e+06   1.93e-30
  7.5780e+06   1.71e-30
  7.7984e+06   1.52e-30
  8.0251e+06   1.34e-30
  8.2585e+06   1.18e-30
  8.4986e+06   1.03e-30
  8.7457e+06   9.15e-31
  9.0000e+06   8.07e-31
