#  E [MeV]   Flux [# cm^{-2} s^{-1}  MeV^{-1}]
  3.0000e+04   1.60e-25
  3.1141e+04   1.54e-25
  3.2326e+04   1.48e-25
  3.3556e+04   1.42e-25
  3.4832e+04   1.36e-25
  3.6157e+04   1.31e-25
  3.7533e+04   1.25e-25
  3.8961e+04   1.20e-25
  4.0443e+04   1.16e-25
  4.1982e+04   1.11e-25
  4.3579e+04   1.06e-25
  4.5237e+04   1.02e-25
  4.6958e+04   9.80e-26
  4.8744e+04   9.40e-26
  5.0598e+04   9.02e-26
  5.2523e+04   8.65e-26
  5.4521e+04   8.29e-26
  5.6596e+04   7.95e-26
  5.8749e+04   7.62e-26
  6.0984e+04   7.31e-26
  6.3304e+04   7.01e-26
  6.5712e+04   6.72e-26
  6.8212e+04   6.44e-26
  7.0807e+04   6.17e-26
  7.3500e+04   5.91e-26
  7.6297e+04   5.66e-26
  7.9199e+04   5.42e-26
  8.2212e+04   5.19e-26
  8.5340e+04   4.97e-26
  8.8586e+04   4.76e-26
  9.1956e+04   4.55e-26
  9.5455e+04   4.36e-26
  9.9086e+04   4.17e-26
  1.0286e+05   3.99e-26
  1.0677e+05   3.81e-26
  1.1083e+05   3.64e-26
  1.1505e+05   3.48e-26
  1.1942e+05   3.33e-26
  1.2397e+05   3.18e-26
  1.2868e+05   3.04e-26
  1.3358e+05   2.90e-26
  1.3866e+05   2.77e-26
  1.4394e+05   2.64e-26
  1.4941e+05   2.52e-26
  1.5509e+05   2.40e-26
  1.6100e+05   2.29e-26
  1.6712e+05   2.18e-26
  1.7348e+05   2.08e-26
  1.8008e+05   1.98e-26
  1.8693e+05   1.88e-26
  1.9404e+05   1.79e-26
  2.0142e+05   1.70e-26
  2.0908e+05   1.62e-26
  2.1704e+05   1.54e-26
  2.2529e+05   1.46e-26
  2.3387e+05   1.38e-26
  2.4276e+05   1.31e-26
  2.5200e+05   1.24e-26
  2.6158e+05   1.18e-26
  2.7154e+05   1.11e-26
  2.8187e+05   1.05e-26
  2.9259e+05   9.95e-27
  3.0372e+05   9.41e-27
  3.1527e+05   8.88e-27
  3.2727e+05   8.37e-27
  3.3972e+05   7.89e-27
  3.5264e+05   7.43e-27
  3.6606e+05   6.99e-27
  3.7998e+05   6.57e-27
  3.9444e+05   6.18e-27
  4.0945e+05   5.80e-27
  4.2502e+05   5.44e-27
  4.4119e+05   5.10e-27
  4.5798e+05   4.78e-27
  4.7540e+05   4.47e-27
  4.9348e+05   4.18e-27
  5.1226e+05   3.91e-27
  5.3175e+05   3.65e-27
  5.5198e+05   3.41e-27
  5.7297e+05   3.18e-27
  5.9477e+05   2.97e-27
  6.1740e+05   2.76e-27
  6.4089e+05   2.57e-27
  6.6527e+05   2.39e-27
  6.9058e+05   2.22e-27
  7.1685e+05   2.07e-27
  7.4412e+05   1.92e-27
  7.7243e+05   1.78e-27
  8.0181e+05   1.65e-27
  8.3232e+05   1.53e-27
  8.6398e+05   1.42e-27
  8.9685e+05   1.32e-27
  9.3097e+05   1.22e-27
  9.6638e+05   1.13e-27
  1.0031e+06   1.05e-27
  1.0413e+06   9.71e-28
  1.0809e+06   8.99e-28
  1.1220e+06   8.32e-28
  1.1647e+06   7.70e-28
  1.2090e+06   7.12e-28
  1.2550e+06   6.59e-28
  1.3028e+06   6.09e-28
  1.3523e+06   5.63e-28
  1.4038e+06   5.21e-28
  1.4572e+06   4.81e-28
  1.5126e+06   4.44e-28
  1.5702e+06   4.10e-28
  1.6299e+06   3.79e-28
  1.6919e+06   3.50e-28
  1.7563e+06   3.23e-28
  1.8231e+06   2.98e-28
  1.8925e+06   2.75e-28
  1.9645e+06   2.53e-28
  2.0392e+06   2.33e-28
  2.1168e+06   2.15e-28
  2.1973e+06   1.98e-28
  2.2809e+06   1.82e-28
  2.3677e+06   1.67e-28
  2.4577e+06   1.54e-28
  2.5512e+06   1.41e-28
  2.6483e+06   1.30e-28
  2.7490e+06   1.19e-28
  2.8536e+06   1.09e-28
  2.9622e+06   9.95e-29
  3.0749e+06   9.09e-29
  3.1918e+06   8.31e-29
  3.3133e+06   7.58e-29
  3.4393e+06   6.90e-29
  3.5702e+06   6.29e-29
  3.7060e+06   5.72e-29
  3.8470e+06   5.18e-29
  3.9933e+06   4.71e-29
  4.1452e+06   4.26e-29
  4.3029e+06   3.84e-29
  4.4666e+06   3.47e-29
  4.6366e+06   3.13e-29
  4.8129e+06   2.80e-29
  4.9960e+06   2.52e-29
  5.1861e+06   2.26e-29
  5.3834e+06   2.01e-29
  5.5882e+06   1.79e-29
  5.8008e+06   1.59e-29
  6.0215e+06   1.41e-29
  6.2506e+06   1.25e-29
  6.4883e+06   1.10e-29
  6.7352e+06   9.64e-30
  6.9914e+06   8.45e-30
  7.2574e+06   7.38e-30
  7.5335e+06   6.40e-30
  7.8201e+06   5.55e-30
  8.1176e+06   4.79e-30
  8.4264e+06   4.10e-30
  8.7470e+06   3.50e-30
  9.0797e+06   2.98e-30
  9.4251e+06   2.51e-30
  9.7837e+06   2.11e-30
  1.0156e+07   1.76e-30
  1.0542e+07   1.45e-30
  1.0943e+07   1.19e-30
  1.1360e+07   9.73e-31
  1.1792e+07   7.83e-31
  1.2240e+07   6.23e-31
  1.2706e+07   4.94e-31
  1.3189e+07   3.85e-31
  1.3691e+07   2.95e-31
  1.4212e+07   2.25e-31
  1.4753e+07   1.67e-31
  1.5314e+07   1.22e-31
  1.5897e+07   8.81e-32
  1.6501e+07   6.18e-32
  1.7129e+07   4.19e-32
  1.7781e+07   2.81e-32
  1.8457e+07   1.81e-32
  1.9159e+07   1.11e-32
  1.9888e+07   6.69e-33
  2.0645e+07   3.80e-33
  2.1430e+07   2.02e-33
  2.2245e+07   1.03e-33
  2.3092e+07   4.84e-34
  2.3970e+07   2.07e-34
  2.4882e+07   8.17e-35
  2.5829e+07   2.87e-35
  2.6811e+07   8.66e-36
  2.7831e+07   2.28e-36
  2.8890e+07   4.94e-37
  2.9989e+07   8.42e-38
  3.1130e+07   1.11e-38
  3.2314e+07   1.06e-39
  3.3544e+07   6.64e-41
  3.4820e+07   2.57e-42
  3.6144e+07   5.47e-44
  3.7519e+07   5.39e-46
  3.8947e+07   2.09e-48
  4.0428e+07   2.54e-51
  4.1966e+07   6.74e-55
  4.3563e+07   2.63e-59
  4.5220e+07   8.77e-65
  4.6941e+07   1.15e-71
  4.8726e+07   7.96e-73
  5.0580e+07   5.98e-73
