#  E [MeV]   Flux [# cm^{-2} s^{-1}  MeV^{-1}]
  3.0000e+04   1.51e-18
  3.0765e+04   1.46e-18
  3.1549e+04   1.40e-18
  3.2354e+04   1.35e-18
  3.3179e+04   1.30e-18
  3.4025e+04   1.25e-18
  3.4892e+04   1.21e-18
  3.5782e+04   1.16e-18
  3.6695e+04   1.12e-18
  3.7630e+04   1.07e-18
  3.8590e+04   1.03e-18
  3.9574e+04   9.94e-19
  4.0583e+04   9.55e-19
  4.1618e+04   9.18e-19
  4.2679e+04   8.82e-19
  4.3767e+04   8.48e-19
  4.4883e+04   8.14e-19
  4.6028e+04   7.82e-19
  4.7201e+04   7.51e-19
  4.8405e+04   7.21e-19
  4.9639e+04   6.92e-19
  5.0905e+04   6.64e-19
  5.2203e+04   6.37e-19
  5.3534e+04   6.11e-19
  5.4899e+04   5.86e-19
  5.6299e+04   5.62e-19
  5.7734e+04   5.39e-19
  5.9207e+04   5.17e-19
  6.0716e+04   4.95e-19
  6.2264e+04   4.74e-19
  6.3852e+04   4.54e-19
  6.5480e+04   4.35e-19
  6.7150e+04   4.17e-19
  6.8862e+04   3.99e-19
  7.0618e+04   3.82e-19
  7.2419e+04   3.65e-19
  7.4265e+04   3.50e-19
  7.6159e+04   3.34e-19
  7.8101e+04   3.20e-19
  8.0092e+04   3.06e-19
  8.2135e+04   2.92e-19
  8.4229e+04   2.79e-19
  8.6377e+04   2.67e-19
  8.8579e+04   2.55e-19
  9.0838e+04   2.43e-19
  9.3154e+04   2.32e-19
  9.5529e+04   2.21e-19
  9.7965e+04   2.11e-19
  1.0046e+05   2.01e-19
  1.0303e+05   1.92e-19
  1.0565e+05   1.83e-19
  1.0835e+05   1.74e-19
  1.1111e+05   1.66e-19
  1.1394e+05   1.58e-19
  1.1685e+05   1.50e-19
  1.1983e+05   1.43e-19
  1.2288e+05   1.36e-19
  1.2602e+05   1.29e-19
  1.2923e+05   1.23e-19
  1.3252e+05   1.17e-19
  1.3590e+05   1.11e-19
  1.3937e+05   1.05e-19
  1.4292e+05   9.99e-20
  1.4657e+05   9.48e-20
  1.5030e+05   8.99e-20
  1.5414e+05   8.51e-20
  1.5807e+05   8.07e-20
  1.6210e+05   7.64e-20
  1.6623e+05   7.24e-20
  1.7047e+05   6.85e-20
  1.7482e+05   6.47e-20
  1.7927e+05   6.13e-20
  1.8384e+05   5.79e-20
  1.8853e+05   5.47e-20
  1.9334e+05   5.17e-20
  1.9827e+05   4.88e-20
  2.0333e+05   4.61e-20
  2.0851e+05   4.35e-20
  2.1383e+05   4.10e-20
  2.1928e+05   3.86e-20
  2.2487e+05   3.63e-20
  2.3060e+05   3.42e-20
  2.3648e+05   3.22e-20
  2.4251e+05   3.02e-20
  2.4870e+05   2.84e-20
  2.5504e+05   2.67e-20
  2.6154e+05   2.51e-20
  2.6821e+05   2.35e-20
  2.7505e+05   2.20e-20
  2.8206e+05   2.06e-20
  2.8926e+05   1.93e-20
  2.9663e+05   1.81e-20
  3.0420e+05   1.69e-20
  3.1195e+05   1.58e-20
  3.1991e+05   1.48e-20
  3.2806e+05   1.38e-20
  3.3643e+05   1.29e-20
  3.4501e+05   1.20e-20
  3.5381e+05   1.12e-20
  3.6283e+05   1.05e-20
  3.7208e+05   9.76e-21
  3.8157e+05   9.07e-21
  3.9130e+05   8.42e-21
  4.0127e+05   7.84e-21
  4.1150e+05   7.30e-21
  4.2200e+05   6.78e-21
  4.3276e+05   6.28e-21
  4.4379e+05   5.82e-21
  4.5511e+05   5.40e-21
  4.6671e+05   5.01e-21
  4.7861e+05   4.63e-21
  4.9082e+05   4.27e-21
  5.0333e+05   3.95e-21
  5.1617e+05   3.66e-21
  5.2933e+05   3.38e-21
  5.4283e+05   3.11e-21
  5.5667e+05   2.86e-21
  5.7086e+05   2.64e-21
  5.8542e+05   2.44e-21
  6.0035e+05   2.24e-21
  6.1565e+05   2.05e-21
  6.3135e+05   1.89e-21
  6.4745e+05   1.74e-21
  6.6396e+05   1.60e-21
  6.8089e+05   1.46e-21
  6.9825e+05   1.33e-21
  7.1606e+05   1.23e-21
  7.3432e+05   1.13e-21
  7.5304e+05   1.03e-21
  7.7224e+05   9.40e-22
  7.9193e+05   8.57e-22
  8.1213e+05   7.87e-22
  8.3283e+05   7.19e-22
  8.5407e+05   6.55e-22
  8.7585e+05   5.94e-22
  8.9818e+05   5.43e-22
  9.2108e+05   4.96e-22
  9.4457e+05   4.52e-22
  9.6866e+05   4.09e-22
  9.9336e+05   3.70e-22
  1.0187e+06   3.38e-22
  1.0447e+06   3.08e-22
  1.0713e+06   2.79e-22
  1.0986e+06   2.52e-22
  1.1266e+06   2.29e-22
  1.1554e+06   2.08e-22
  1.1848e+06   1.89e-22
  1.2150e+06   1.71e-22
  1.2460e+06   1.53e-22
  1.2778e+06   1.40e-22
  1.3104e+06   1.27e-22
  1.3438e+06   1.15e-22
  1.3780e+06   1.04e-22
  1.4132e+06   9.37e-23
  1.4492e+06   8.54e-23
  1.4862e+06   7.75e-23
  1.5241e+06   6.99e-23
  1.5629e+06   6.27e-23
  1.6028e+06   5.72e-23
  1.6436e+06   5.22e-23
  1.6856e+06   4.73e-23
  1.7285e+06   4.26e-23
  1.7726e+06   3.86e-23
  1.8178e+06   3.54e-23
  1.8642e+06   3.23e-23
  1.9117e+06   2.94e-23
  1.9604e+06   2.66e-23
  2.0104e+06   2.44e-23
  2.0617e+06   2.24e-23
  2.1143e+06   2.05e-23
  2.1682e+06   1.87e-23
  2.2235e+06   1.70e-23
  2.2802e+06   1.58e-23
  2.3383e+06   1.46e-23
  2.3979e+06   1.34e-23
  2.4591e+06   1.23e-23
  2.5218e+06   1.14e-23
  2.5861e+06   1.06e-23
  2.6520e+06   9.81e-24
  2.7196e+06   9.06e-24
  2.7890e+06   8.37e-24
  2.8601e+06   7.82e-24
  2.9330e+06   7.29e-24
  3.0078e+06   6.79e-24
  3.0845e+06   6.31e-24
  3.1632e+06   5.88e-24
  3.2438e+06   5.51e-24
  3.3265e+06   5.16e-24
  3.4113e+06   4.82e-24
  3.4983e+06   4.49e-24
  3.5875e+06   4.19e-24
  3.6790e+06   3.91e-24
  3.7728e+06   3.64e-24
  3.8690e+06   3.38e-24
  3.9677e+06   3.14e-24
  4.0689e+06   2.91e-24
  4.1726e+06   2.70e-24
  4.2790e+06   2.49e-24
  4.3881e+06   2.29e-24
  4.5000e+06   2.14e-24
