#  E [GeV]   # per interaction  [GeV^{-1}]
  3.0000e+01   1.11e+00
  3.1141e+01   1.06e+00
  3.2326e+01   1.01e+00
  3.3556e+01   9.68e-01
  3.4832e+01   9.25e-01
  3.6157e+01   8.84e-01
  3.7533e+01   8.44e-01
  3.8961e+01   8.06e-01
  4.0443e+01   7.70e-01
  4.1982e+01   7.35e-01
  4.3579e+01   7.02e-01
  4.5237e+01   6.69e-01
  4.6958e+01   6.39e-01
  4.8744e+01   6.09e-01
  5.0598e+01   5.81e-01
  5.2523e+01   5.54e-01
  5.4521e+01   5.28e-01
  5.6596e+01   5.04e-01
  5.8749e+01   4.80e-01
  6.0984e+01   4.57e-01
  6.3304e+01   4.36e-01
  6.5712e+01   4.15e-01
  6.8212e+01   3.95e-01
  7.0807e+01   3.76e-01
  7.3500e+01   3.58e-01
  7.6297e+01   3.41e-01
  7.9199e+01   3.24e-01
  8.2212e+01   3.09e-01
  8.5340e+01   2.93e-01
  8.8586e+01   2.79e-01
  9.1956e+01   2.65e-01
  9.5455e+01   2.52e-01
  9.9086e+01   2.39e-01
  1.0286e+02   2.27e-01
  1.0677e+02   2.16e-01
  1.1083e+02   2.05e-01
  1.1505e+02   1.94e-01
  1.1942e+02   1.84e-01
  1.2397e+02   1.75e-01
  1.2868e+02   1.66e-01
  1.3358e+02   1.57e-01
  1.3866e+02   1.49e-01
  1.4394e+02   1.41e-01
  1.4941e+02   1.33e-01
  1.5509e+02   1.26e-01
  1.6100e+02   1.19e-01
  1.6712e+02   1.13e-01
  1.7348e+02   1.07e-01
  1.8008e+02   1.01e-01
  1.8693e+02   9.49e-02
  1.9404e+02   8.95e-02
  2.0142e+02   8.43e-02
  2.0908e+02   7.94e-02
  2.1704e+02   7.48e-02
  2.2529e+02   7.03e-02
  2.3387e+02   6.61e-02
  2.4276e+02   6.21e-02
  2.5200e+02   5.82e-02
  2.6158e+02   5.46e-02
  2.7154e+02   5.12e-02
  2.8187e+02   4.79e-02
  2.9259e+02   4.48e-02
  3.0372e+02   4.18e-02
  3.1527e+02   3.90e-02
  3.2727e+02   3.64e-02
  3.3972e+02   3.39e-02
  3.5264e+02   3.15e-02
  3.6606e+02   2.93e-02
  3.7998e+02   2.72e-02
  3.9444e+02   2.52e-02
  4.0945e+02   2.33e-02
  4.2502e+02   2.16e-02
  4.4119e+02   1.99e-02
  4.5798e+02   1.84e-02
  4.7540e+02   1.70e-02
  4.9348e+02   1.56e-02
  5.1226e+02   1.44e-02
  5.3175e+02   1.32e-02
  5.5198e+02   1.21e-02
  5.7297e+02   1.11e-02
  5.9477e+02   1.02e-02
  6.1740e+02   9.36e-03
  6.4089e+02   8.57e-03
  6.6527e+02   7.83e-03
  6.9058e+02   7.16e-03
  7.1685e+02   6.54e-03
  7.4412e+02   5.97e-03
  7.7243e+02   5.45e-03
  8.0181e+02   4.97e-03
  8.3232e+02   4.53e-03
  8.6398e+02   4.14e-03
  8.9685e+02   3.77e-03
  9.3097e+02   3.43e-03
  9.6638e+02   3.13e-03
  1.0031e+03   2.85e-03
  1.0413e+03   2.59e-03
  1.0809e+03   2.36e-03
  1.1220e+03   2.15e-03
  1.1647e+03   1.95e-03
  1.2090e+03   1.78e-03
  1.2550e+03   1.62e-03
  1.3028e+03   1.47e-03
  1.3523e+03   1.34e-03
  1.4038e+03   1.22e-03
  1.4572e+03   1.11e-03
  1.5126e+03   1.00e-03
  1.5702e+03   9.14e-04
  1.6299e+03   8.30e-04
  1.6919e+03   7.54e-04
  1.7563e+03   6.85e-04
  1.8231e+03   6.21e-04
  1.8925e+03   5.64e-04
  1.9645e+03   5.12e-04
  2.0392e+03   4.63e-04
  2.1168e+03   4.20e-04
  2.1973e+03   3.80e-04
  2.2809e+03   3.44e-04
  2.3677e+03   3.10e-04
  2.4577e+03   2.80e-04
  2.5512e+03   2.52e-04
  2.6483e+03   2.27e-04
  2.7490e+03   2.04e-04
  2.8536e+03   1.83e-04
  2.9622e+03   1.64e-04
  3.0749e+03   1.47e-04
  3.1918e+03   1.31e-04
  3.3133e+03   1.17e-04
  3.4393e+03   1.04e-04
  3.5702e+03   9.28e-05
  3.7060e+03   8.20e-05
  3.8470e+03   7.28e-05
  3.9933e+03   6.43e-05
  4.1452e+03   5.64e-05
  4.3029e+03   4.97e-05
  4.4666e+03   4.35e-05
  4.6366e+03   3.79e-05
  4.8129e+03   3.30e-05
  4.9960e+03   2.87e-05
  5.1861e+03   2.47e-05
  5.3834e+03   2.13e-05
  5.5882e+03   1.83e-05
  5.8008e+03   1.55e-05
  6.0215e+03   1.32e-05
  6.2506e+03   1.12e-05
  6.4883e+03   9.42e-06
  6.7352e+03   7.90e-06
  6.9914e+03   6.60e-06
  7.2574e+03   5.45e-06
  7.5335e+03   4.49e-06
  7.8201e+03   3.68e-06
  8.1176e+03   2.98e-06
  8.4264e+03   2.40e-06
  8.7470e+03   1.93e-06
  9.0797e+03   1.52e-06
  9.4251e+03   1.19e-06
  9.7837e+03   9.31e-07
  1.0156e+04   7.13e-07
  1.0542e+04   5.38e-07
  1.0943e+04   4.05e-07
  1.1360e+04   2.99e-07
  1.1792e+04   2.15e-07
  1.2240e+04   1.55e-07
  1.2706e+04   1.09e-07
  1.3189e+04   7.38e-08
  1.3691e+04   4.99e-08
  1.4212e+04   3.26e-08
  1.4753e+04   2.05e-08
  1.5314e+04   1.27e-08
  1.5897e+04   7.56e-09
  1.6501e+04   4.26e-09
  1.7129e+04   2.34e-09
  1.7781e+04   1.21e-09
  1.8457e+04   5.86e-10
  1.9159e+04   2.69e-10
  1.9888e+04   1.14e-10
  2.0645e+04   4.40e-11
  2.1430e+04   1.55e-11
  2.2245e+04   4.88e-12
  2.3092e+04   1.33e-12
  2.3970e+04   3.12e-13
  2.4882e+04   6.11e-14
  2.5829e+04   9.59e-15
  2.6811e+04   1.18e-15
  2.7831e+04   1.07e-16
  2.8890e+04   6.85e-18
  2.9989e+04   2.89e-19
  3.1130e+04   7.40e-21
  3.2314e+04   1.04e-22
  3.3544e+04   7.08e-25
  3.4820e+04   2.01e-27
  3.6144e+04   1.96e-30
  3.7519e+04   5.12e-34
  3.8947e+04   2.65e-38
  4.0428e+04   1.84e-43
  4.1966e+04   1.72e-47
  4.3563e+04   1.55e-47
  4.5220e+04   1.40e-47
  4.6941e+04   1.26e-47
  4.8726e+04   1.16e-47
  5.0580e+04   1.06e-47
