#  E [MeV]   Flux [# cm^{-2} s^{-1}  MeV^{-1}]
  3.0000e+04   3.08e-19
  3.0765e+04   2.98e-19
  3.1549e+04   2.89e-19
  3.2354e+04   2.79e-19
  3.3179e+04   2.70e-19
  3.4025e+04   2.61e-19
  3.4892e+04   2.52e-19
  3.5782e+04   2.44e-19
  3.6695e+04   2.36e-19
  3.7630e+04   2.28e-19
  3.8590e+04   2.20e-19
  3.9574e+04   2.12e-19
  4.0583e+04   2.05e-19
  4.1618e+04   1.98e-19
  4.2679e+04   1.91e-19
  4.3767e+04   1.85e-19
  4.4883e+04   1.78e-19
  4.6028e+04   1.72e-19
  4.7201e+04   1.66e-19
  4.8405e+04   1.60e-19
  4.9639e+04   1.54e-19
  5.0905e+04   1.48e-19
  5.2203e+04   1.43e-19
  5.3534e+04   1.38e-19
  5.4899e+04   1.33e-19
  5.6299e+04   1.28e-19
  5.7734e+04   1.23e-19
  5.9207e+04   1.19e-19
  6.0716e+04   1.14e-19
  6.2264e+04   1.10e-19
  6.3852e+04   1.06e-19
  6.5480e+04   1.02e-19
  6.7150e+04   9.77e-20
  6.8862e+04   9.40e-20
  7.0618e+04   9.03e-20
  7.2419e+04   8.68e-20
  7.4265e+04   8.34e-20
  7.6159e+04   8.02e-20
  7.8101e+04   7.70e-20
  8.0092e+04   7.40e-20
  8.2135e+04   7.10e-20
  8.4229e+04   6.82e-20
  8.6377e+04   6.54e-20
  8.8579e+04   6.28e-20
  9.0838e+04   6.02e-20
  9.3154e+04   5.78e-20
  9.5529e+04   5.54e-20
  9.7965e+04   5.31e-20
  1.0046e+05   5.09e-20
  1.0303e+05   4.88e-20
  1.0565e+05   4.67e-20
  1.0835e+05   4.48e-20
  1.1111e+05   4.29e-20
  1.1394e+05   4.10e-20
  1.1685e+05   3.93e-20
  1.1983e+05   3.76e-20
  1.2288e+05   3.59e-20
  1.2602e+05   3.44e-20
  1.2923e+05   3.28e-20
  1.3252e+05   3.14e-20
  1.3590e+05   3.00e-20
  1.3937e+05   2.86e-20
  1.4292e+05   2.74e-20
  1.4657e+05   2.61e-20
  1.5030e+05   2.49e-20
  1.5414e+05   2.38e-20
  1.5807e+05   2.27e-20
  1.6210e+05   2.16e-20
  1.6623e+05   2.06e-20
  1.7047e+05   1.97e-20
  1.7482e+05   1.87e-20
  1.7927e+05   1.79e-20
  1.8384e+05   1.70e-20
  1.8853e+05   1.62e-20
  1.9334e+05   1.54e-20
  1.9827e+05   1.47e-20
  2.0333e+05   1.39e-20
  2.0851e+05   1.33e-20
  2.1383e+05   1.26e-20
  2.1928e+05   1.20e-20
  2.2487e+05   1.14e-20
  2.3060e+05   1.08e-20
  2.3648e+05   1.03e-20
  2.4251e+05   9.72e-21
  2.4870e+05   9.22e-21
  2.5504e+05   8.74e-21
  2.6154e+05   8.29e-21
  2.6821e+05   7.85e-21
  2.7505e+05   7.43e-21
  2.8206e+05   7.04e-21
  2.8926e+05   6.67e-21
  2.9663e+05   6.31e-21
  3.0420e+05   5.96e-21
  3.1195e+05   5.63e-21
  3.1991e+05   5.33e-21
  3.2806e+05   5.03e-21
  3.3643e+05   4.75e-21
  3.4501e+05   4.48e-21
  3.5381e+05   4.23e-21
  3.6283e+05   3.99e-21
  3.7208e+05   3.76e-21
  3.8157e+05   3.54e-21
  3.9130e+05   3.33e-21
  4.0127e+05   3.14e-21
  4.1150e+05   2.96e-21
  4.2200e+05   2.78e-21
  4.3276e+05   2.61e-21
  4.4379e+05   2.45e-21
  4.5511e+05   2.31e-21
  4.6671e+05   2.17e-21
  4.7861e+05   2.03e-21
  4.9082e+05   1.90e-21
  5.0333e+05   1.78e-21
  5.1617e+05   1.67e-21
  5.2933e+05   1.57e-21
  5.4283e+05   1.46e-21
  5.5667e+05   1.37e-21
  5.7086e+05   1.28e-21
  5.8542e+05   1.20e-21
  6.0035e+05   1.12e-21
  6.1565e+05   1.04e-21
  6.3135e+05   9.75e-22
  6.4745e+05   9.11e-22
  6.6396e+05   8.49e-22
  6.8089e+05   7.90e-22
  6.9825e+05   7.35e-22
  7.1606e+05   6.86e-22
  7.3432e+05   6.39e-22
  7.5304e+05   5.94e-22
  7.7224e+05   5.51e-22
  7.9193e+05   5.12e-22
  8.1213e+05   4.77e-22
  8.3283e+05   4.43e-22
  8.5407e+05   4.10e-22
  8.7585e+05   3.80e-22
  8.9818e+05   3.53e-22
  9.2108e+05   3.27e-22
  9.4457e+05   3.03e-22
  9.6866e+05   2.80e-22
  9.9336e+05   2.59e-22
  1.0187e+06   2.40e-22
  1.0447e+06   2.22e-22
  1.0713e+06   2.05e-22
  1.0986e+06   1.89e-22
  1.1266e+06   1.75e-22
  1.1554e+06   1.62e-22
  1.1848e+06   1.50e-22
  1.2150e+06   1.38e-22
  1.2460e+06   1.27e-22
  1.2778e+06   1.18e-22
  1.3104e+06   1.09e-22
  1.3438e+06   1.00e-22
  1.3780e+06   9.22e-23
  1.4132e+06   8.54e-23
  1.4492e+06   7.90e-23
  1.4862e+06   7.30e-23
  1.5241e+06   6.73e-23
  1.5629e+06   6.20e-23
  1.6028e+06   5.76e-23
  1.6436e+06   5.33e-23
  1.6856e+06   4.93e-23
  1.7285e+06   4.54e-23
  1.7726e+06   4.22e-23
  1.8178e+06   3.93e-23
  1.8642e+06   3.66e-23
  1.9117e+06   3.40e-23
  1.9604e+06   3.15e-23
  2.0104e+06   2.96e-23
  2.0617e+06   2.78e-23
  2.1143e+06   2.61e-23
  2.1682e+06   2.44e-23
  2.2235e+06   2.30e-23
  2.2802e+06   2.18e-23
  2.3383e+06   2.07e-23
  2.3979e+06   1.96e-23
  2.4591e+06   1.86e-23
  2.5218e+06   1.79e-23
  2.5861e+06   1.72e-23
  2.6520e+06   1.65e-23
  2.7196e+06   1.58e-23
  2.7890e+06   1.53e-23
  2.8601e+06   1.50e-23
  2.9330e+06   1.47e-23
  3.0078e+06   1.44e-23
  3.0845e+06   1.42e-23
  3.1632e+06   1.42e-23
  3.2438e+06   1.43e-23
  3.3265e+06   1.43e-23
  3.4113e+06   1.44e-23
  3.4983e+06   1.46e-23
  3.5875e+06   1.53e-23
  3.6790e+06   1.60e-23
  3.7728e+06   1.67e-23
  3.8690e+06   1.73e-23
  3.9677e+06   1.88e-23
  4.0689e+06   2.06e-23
  4.1726e+06   2.23e-23
  4.2790e+06   2.39e-23
  4.3881e+06   2.47e-23
  4.5000e+06   1.99e-23
