#  E [MeV]   Flux [# cm^{-2} s^{-1}  MeV^{-1}]
  3.0000e+04   1.36e-25
  3.1141e+04   1.31e-25
  3.2326e+04   1.26e-25
  3.3556e+04   1.20e-25
  3.4832e+04   1.15e-25
  3.6157e+04   1.11e-25
  3.7533e+04   1.06e-25
  3.8961e+04   1.02e-25
  4.0443e+04   9.76e-26
  4.1982e+04   9.36e-26
  4.3579e+04   8.97e-26
  4.5237e+04   8.60e-26
  4.6958e+04   8.24e-26
  4.8744e+04   7.90e-26
  5.0598e+04   7.57e-26
  5.2523e+04   7.25e-26
  5.4521e+04   6.95e-26
  5.6596e+04   6.65e-26
  5.8749e+04   6.37e-26
  6.0984e+04   6.10e-26
  6.3304e+04   5.84e-26
  6.5712e+04   5.59e-26
  6.8212e+04   5.35e-26
  7.0807e+04   5.12e-26
  7.3500e+04   4.90e-26
  7.6297e+04   4.69e-26
  7.9199e+04   4.49e-26
  8.2212e+04   4.29e-26
  8.5340e+04   4.10e-26
  8.8586e+04   3.92e-26
  9.1956e+04   3.75e-26
  9.5455e+04   3.58e-26
  9.9086e+04   3.42e-26
  1.0286e+05   3.27e-26
  1.0677e+05   3.12e-26
  1.1083e+05   2.98e-26
  1.1505e+05   2.84e-26
  1.1942e+05   2.71e-26
  1.2397e+05   2.59e-26
  1.2868e+05   2.47e-26
  1.3358e+05   2.36e-26
  1.3866e+05   2.24e-26
  1.4394e+05   2.14e-26
  1.4941e+05   2.04e-26
  1.5509e+05   1.94e-26
  1.6100e+05   1.85e-26
  1.6712e+05   1.76e-26
  1.7348e+05   1.67e-26
  1.8008e+05   1.59e-26
  1.8693e+05   1.51e-26
  1.9404e+05   1.43e-26
  2.0142e+05   1.36e-26
  2.0908e+05   1.29e-26
  2.1704e+05   1.22e-26
  2.2529e+05   1.16e-26
  2.3387e+05   1.09e-26
  2.4276e+05   1.04e-26
  2.5200e+05   9.80e-27
  2.6158e+05   9.26e-27
  2.7154e+05   8.75e-27
  2.8187e+05   8.26e-27
  2.9259e+05   7.80e-27
  3.0372e+05   7.35e-27
  3.1527e+05   6.92e-27
  3.2727e+05   6.51e-27
  3.3972e+05   6.12e-27
  3.5264e+05   5.75e-27
  3.6606e+05   5.39e-27
  3.7998e+05   5.06e-27
  3.9444e+05   4.74e-27
  4.0945e+05   4.44e-27
  4.2502e+05   4.15e-27
  4.4119e+05   3.88e-27
  4.5798e+05   3.63e-27
  4.7540e+05   3.38e-27
  4.9348e+05   3.16e-27
  5.1226e+05   2.94e-27
  5.3175e+05   2.74e-27
  5.5198e+05   2.55e-27
  5.7297e+05   2.37e-27
  5.9477e+05   2.20e-27
  6.1740e+05   2.04e-27
  6.4089e+05   1.89e-27
  6.6527e+05   1.76e-27
  6.9058e+05   1.63e-27
  7.1685e+05   1.51e-27
  7.4412e+05   1.39e-27
  7.7243e+05   1.29e-27
  8.0181e+05   1.19e-27
  8.3232e+05   1.10e-27
  8.6398e+05   1.02e-27
  8.9685e+05   9.42e-28
  9.3097e+05   8.70e-28
  9.6638e+05   8.04e-28
  1.0031e+06   7.42e-28
  1.0413e+06   6.85e-28
  1.0809e+06   6.32e-28
  1.1220e+06   5.83e-28
  1.1647e+06   5.38e-28
  1.2090e+06   4.96e-28
  1.2550e+06   4.58e-28
  1.3028e+06   4.22e-28
  1.3523e+06   3.89e-28
  1.4038e+06   3.59e-28
  1.4572e+06   3.31e-28
  1.5126e+06   3.05e-28
  1.5702e+06   2.81e-28
  1.6299e+06   2.59e-28
  1.6919e+06   2.38e-28
  1.7563e+06   2.19e-28
  1.8231e+06   2.02e-28
  1.8925e+06   1.86e-28
  1.9645e+06   1.71e-28
  2.0392e+06   1.57e-28
  2.1168e+06   1.44e-28
  2.1973e+06   1.33e-28
  2.2809e+06   1.22e-28
  2.3677e+06   1.12e-28
  2.4577e+06   1.03e-28
  2.5512e+06   9.41e-29
  2.6483e+06   8.61e-29
  2.7490e+06   7.88e-29
  2.8536e+06   7.21e-29
  2.9622e+06   6.58e-29
  3.0749e+06   6.01e-29
  3.1918e+06   5.48e-29
  3.3133e+06   4.99e-29
  3.4393e+06   4.53e-29
  3.5702e+06   4.12e-29
  3.7060e+06   3.74e-29
  3.8470e+06   3.39e-29
  3.9933e+06   3.07e-29
  4.1452e+06   2.77e-29
  4.3029e+06   2.50e-29
  4.4666e+06   2.25e-29
  4.6366e+06   2.02e-29
  4.8129e+06   1.81e-29
  4.9960e+06   1.62e-29
  5.1861e+06   1.45e-29
  5.3834e+06   1.29e-29
  5.5882e+06   1.15e-29
  5.8008e+06   1.02e-29
  6.0215e+06   8.98e-30
  6.2506e+06   7.94e-30
  6.4883e+06   6.98e-30
  6.7352e+06   6.10e-30
  6.9914e+06   5.35e-30
  7.2574e+06   4.65e-30
  7.5335e+06   4.02e-30
  7.8201e+06   3.48e-30
  8.1176e+06   3.00e-30
  8.4264e+06   2.56e-30
  8.7470e+06   2.19e-30
  9.0797e+06   1.85e-30
  9.4251e+06   1.56e-30
  9.7837e+06   1.31e-30
  1.0156e+07   1.09e-30
  1.0542e+07   8.95e-31
  1.0943e+07   7.34e-31
  1.1360e+07   5.98e-31
  1.1792e+07   4.80e-31
  1.2240e+07   3.82e-31
  1.2706e+07   3.02e-31
  1.3189e+07   2.34e-31
  1.3691e+07   1.80e-31
  1.4212e+07   1.37e-31
  1.4753e+07   1.01e-31
  1.5314e+07   7.39e-32
  1.5897e+07   5.30e-32
  1.6501e+07   3.70e-32
  1.7129e+07   2.51e-32
  1.7781e+07   1.66e-32
  1.8457e+07   1.06e-32
  1.9159e+07   6.47e-33
  1.9888e+07   3.82e-33
  2.0645e+07   2.13e-33
  2.1430e+07   1.12e-33
  2.2245e+07   5.51e-34
  2.3092e+07   2.50e-34
  2.3970e+07   1.02e-34
  2.4882e+07   3.81e-35
  2.5829e+07   1.24e-35
  2.6811e+07   3.42e-36
  2.7831e+07   7.96e-37
  2.8890e+07   1.48e-37
  2.9989e+07   2.10e-38
  3.1130e+07   2.21e-39
  3.2314e+07   1.57e-40
  3.3544e+07   6.95e-42
  3.4820e+07   1.77e-43
  3.6144e+07   2.20e-45
  3.7519e+07   1.12e-47
  3.8947e+07   2.02e-50
  4.0428e+07   9.09e-54
  4.1966e+07   6.92e-58
  4.3563e+07   6.53e-63
  4.5220e+07   3.49e-69
  4.6941e+07   1.64e-70
  4.8726e+07   2.04e-70
  5.0580e+07   2.54e-70
