#  E [MeV]   Flux [# cm^{-2} s^{-1}  MeV^{-1}]
  3.0000e+04   4.58e-26
  3.1232e+04   4.38e-26
  3.2514e+04   4.19e-26
  3.3849e+04   4.01e-26
  3.5238e+04   3.83e-26
  3.6685e+04   3.67e-26
  3.8191e+04   3.51e-26
  3.9759e+04   3.35e-26
  4.1391e+04   3.21e-26
  4.3090e+04   3.07e-26
  4.4859e+04   2.93e-26
  4.6701e+04   2.80e-26
  4.8618e+04   2.68e-26
  5.0614e+04   2.56e-26
  5.2692e+04   2.45e-26
  5.4855e+04   2.34e-26
  5.7107e+04   2.24e-26
  5.9451e+04   2.14e-26
  6.1892e+04   2.04e-26
  6.4433e+04   1.95e-26
  6.7078e+04   1.87e-26
  6.9832e+04   1.78e-26
  7.2699e+04   1.70e-26
  7.5683e+04   1.63e-26
  7.8790e+04   1.55e-26
  8.2025e+04   1.48e-26
  8.5392e+04   1.42e-26
  8.8898e+04   1.35e-26
  9.2547e+04   1.29e-26
  9.6347e+04   1.23e-26
  1.0030e+05   1.17e-26
  1.0442e+05   1.12e-26
  1.0871e+05   1.07e-26
  1.1317e+05   1.02e-26
  1.1782e+05   9.72e-27
  1.2265e+05   9.27e-27
  1.2769e+05   8.84e-27
  1.3293e+05   8.42e-27
  1.3839e+05   8.02e-27
  1.4407e+05   7.64e-27
  1.4998e+05   7.27e-27
  1.5614e+05   6.92e-27
  1.6255e+05   6.59e-27
  1.6922e+05   6.26e-27
  1.7617e+05   5.95e-27
  1.8340e+05   5.66e-27
  1.9093e+05   5.38e-27
  1.9877e+05   5.10e-27
  2.0693e+05   4.85e-27
  2.1543e+05   4.60e-27
  2.2427e+05   4.36e-27
  2.3348e+05   4.13e-27
  2.4306e+05   3.91e-27
  2.5304e+05   3.70e-27
  2.6343e+05   3.50e-27
  2.7424e+05   3.31e-27
  2.8550e+05   3.13e-27
  2.9722e+05   2.95e-27
  3.0942e+05   2.78e-27
  3.2213e+05   2.62e-27
  3.3535e+05   2.47e-27
  3.4912e+05   2.32e-27
  3.6345e+05   2.19e-27
  3.7837e+05   2.05e-27
  3.9390e+05   1.93e-27
  4.1008e+05   1.81e-27
  4.2691e+05   1.69e-27
  4.4444e+05   1.59e-27
  4.6268e+05   1.48e-27
  4.8168e+05   1.39e-27
  5.0145e+05   1.29e-27
  5.2204e+05   1.21e-27
  5.4347e+05   1.13e-27
  5.6578e+05   1.05e-27
  5.8901e+05   9.76e-28
  6.1319e+05   9.07e-28
  6.3836e+05   8.43e-28
  6.6457e+05   7.83e-28
  6.9185e+05   7.26e-28
  7.2025e+05   6.74e-28
  7.4982e+05   6.24e-28
  7.8061e+05   5.78e-28
  8.1265e+05   5.35e-28
  8.4601e+05   4.95e-28
  8.8075e+05   4.58e-28
  9.1690e+05   4.24e-28
  9.5455e+05   3.92e-28
  9.9373e+05   3.62e-28
  1.0345e+06   3.34e-28
  1.0770e+06   3.09e-28
  1.1212e+06   2.85e-28
  1.1672e+06   2.63e-28
  1.2152e+06   2.43e-28
  1.2650e+06   2.24e-28
  1.3170e+06   2.06e-28
  1.3711e+06   1.90e-28
  1.4273e+06   1.76e-28
  1.4859e+06   1.62e-28
  1.5469e+06   1.49e-28
  1.6104e+06   1.38e-28
  1.6766e+06   1.27e-28
  1.7454e+06   1.17e-28
  1.8170e+06   1.08e-28
  1.8916e+06   9.91e-29
  1.9693e+06   9.13e-29
  2.0501e+06   8.40e-29
  2.1343e+06   7.72e-29
  2.2219e+06   7.10e-29
  2.3131e+06   6.51e-29
  2.4081e+06   5.97e-29
  2.5070e+06   5.48e-29
  2.6099e+06   5.02e-29
  2.7170e+06   4.59e-29
  2.8286e+06   4.20e-29
  2.9447e+06   3.84e-29
  3.0656e+06   3.50e-29
  3.1914e+06   3.19e-29
  3.3225e+06   2.91e-29
  3.4589e+06   2.64e-29
  3.6008e+06   2.40e-29
  3.7487e+06   2.17e-29
  3.9026e+06   1.97e-29
  4.0628e+06   1.78e-29
  4.2296e+06   1.60e-29
  4.4032e+06   1.44e-29
  4.5840e+06   1.30e-29
  4.7722e+06   1.16e-29
  4.9681e+06   1.04e-29
  5.1720e+06   9.27e-30
  5.3844e+06   8.23e-30
  5.6054e+06   7.31e-30
  5.8355e+06   6.47e-30
  6.0751e+06   5.70e-30
  6.3245e+06   5.02e-30
  6.5841e+06   4.40e-30
  6.8544e+06   3.83e-30
  7.1358e+06   3.34e-30
  7.4288e+06   2.89e-30
  7.7338e+06   2.49e-30
  8.0513e+06   2.14e-30
  8.3818e+06   1.82e-30
  8.7259e+06   1.55e-30
  9.0841e+06   1.30e-30
  9.4571e+06   1.09e-30
  9.8453e+06   9.07e-31
  1.0249e+07   7.48e-31
  1.0670e+07   6.10e-31
  1.1108e+07   4.95e-31
  1.1564e+07   3.97e-31
  1.2039e+07   3.13e-31
  1.2533e+07   2.46e-31
  1.3048e+07   1.90e-31
  1.3584e+07   1.43e-31
  1.4141e+07   1.08e-31
  1.4722e+07   7.86e-32
  1.5326e+07   5.61e-32
  1.5955e+07   3.93e-32
  1.6610e+07   2.67e-32
  1.7292e+07   1.75e-32
  1.8002e+07   1.11e-32
  1.8741e+07   6.74e-33
  1.9511e+07   3.90e-33
  2.0312e+07   2.14e-33
  2.1145e+07   1.10e-33
  2.2013e+07   5.24e-34
  2.2917e+07   2.30e-34
  2.3858e+07   9.00e-35
  2.4837e+07   3.16e-35
  2.5857e+07   9.57e-36
  2.6919e+07   2.42e-36
  2.8024e+07   5.06e-37
  2.9174e+07   8.18e-38
  3.0372e+07   9.71e-39
  3.1619e+07   8.11e-40
  3.2917e+07   4.26e-41
  3.4268e+07   1.27e-42
  3.5675e+07   1.90e-44
  3.7140e+07   1.17e-46
  3.8664e+07   2.35e-49
  4.0252e+07   1.15e-52
  4.1904e+07   8.84e-57
  4.3624e+07   6.30e-62
  4.5415e+07   1.98e-68
  4.7280e+07   1.98e-72
  4.9221e+07   1.69e-72
  5.1241e+07   1.45e-72
  5.3345e+07   1.23e-72
  5.5535e+07   1.07e-72
  5.7815e+07   9.21e-73
  6.0188e+07   7.86e-73
  6.2659e+07   6.88e-73
  6.5232e+07   6.00e-73
  6.7910e+07   5.18e-73
  7.0698e+07   4.62e-73
  7.3600e+07   4.10e-73
  7.6621e+07   3.63e-73
  7.9767e+07   3.27e-73
  8.3042e+07   2.94e-73
  8.6451e+07   2.65e-73
  9.0000e+07   2.43e-73
