#  E [MeV]   Flux [# cm^{-2} s^{-1}  MeV^{-1}]
  3.0000e+04   1.67e-22
  3.0607e+04   1.62e-22
  3.1227e+04   1.56e-22
  3.1859e+04   1.51e-22
  3.2504e+04   1.46e-22
  3.3163e+04   1.41e-22
  3.3834e+04   1.36e-22
  3.4519e+04   1.31e-22
  3.5218e+04   1.26e-22
  3.5931e+04   1.22e-22
  3.6659e+04   1.18e-22
  3.7401e+04   1.13e-22
  3.8158e+04   1.09e-22
  3.8931e+04   1.05e-22
  3.9719e+04   1.01e-22
  4.0523e+04   9.78e-23
  4.1344e+04   9.42e-23
  4.2181e+04   9.07e-23
  4.3035e+04   8.73e-23
  4.3906e+04   8.40e-23
  4.4795e+04   8.08e-23
  4.5702e+04   7.78e-23
  4.6628e+04   7.48e-23
  4.7572e+04   7.19e-23
  4.8535e+04   6.92e-23
  4.9517e+04   6.65e-23
  5.0520e+04   6.38e-23
  5.1543e+04   6.14e-23
  5.2587e+04   5.89e-23
  5.3651e+04   5.66e-23
  5.4738e+04   5.43e-23
  5.5846e+04   5.21e-23
  5.6977e+04   5.00e-23
  5.8130e+04   4.80e-23
  5.9307e+04   4.61e-23
  6.0508e+04   4.42e-23
  6.1733e+04   4.23e-23
  6.2983e+04   4.06e-23
  6.4258e+04   3.89e-23
  6.5559e+04   3.72e-23
  6.6887e+04   3.57e-23
  6.8241e+04   3.42e-23
  6.9623e+04   3.27e-23
  7.1033e+04   3.13e-23
  7.2471e+04   2.99e-23
  7.3938e+04   2.86e-23
  7.5435e+04   2.74e-23
  7.6963e+04   2.62e-23
  7.8521e+04   2.50e-23
  8.0111e+04   2.39e-23
  8.1733e+04   2.28e-23
  8.3388e+04   2.18e-23
  8.5076e+04   2.08e-23
  8.6799e+04   1.98e-23
  8.8556e+04   1.89e-23
  9.0349e+04   1.80e-23
  9.2178e+04   1.72e-23
  9.4045e+04   1.64e-23
  9.5949e+04   1.56e-23
  9.7892e+04   1.49e-23
  9.9874e+04   1.41e-23
  1.0190e+05   1.35e-23
  1.0396e+05   1.28e-23
  1.0606e+05   1.22e-23
  1.0821e+05   1.16e-23
  1.1040e+05   1.10e-23
  1.1264e+05   1.05e-23
  1.1492e+05   9.94e-24
  1.1725e+05   9.45e-24
  1.1962e+05   8.97e-24
  1.2204e+05   8.51e-24
  1.2451e+05   8.07e-24
  1.2703e+05   7.64e-24
  1.2961e+05   7.26e-24
  1.3223e+05   6.88e-24
  1.3491e+05   6.52e-24
  1.3764e+05   6.18e-24
  1.4043e+05   5.84e-24
  1.4327e+05   5.52e-24
  1.4617e+05   5.23e-24
  1.4913e+05   4.96e-24
  1.5215e+05   4.69e-24
  1.5523e+05   4.42e-24
  1.5837e+05   4.17e-24
  1.6158e+05   3.94e-24
  1.6485e+05   3.73e-24
  1.6819e+05   3.52e-24
  1.7159e+05   3.32e-24
  1.7507e+05   3.12e-24
  1.7861e+05   2.94e-24
  1.8223e+05   2.77e-24
  1.8592e+05   2.62e-24
  1.8968e+05   2.46e-24
  1.9352e+05   2.32e-24
  1.9744e+05   2.18e-24
  2.0144e+05   2.04e-24
  2.0552e+05   1.93e-24
  2.0968e+05   1.81e-24
  2.1392e+05   1.70e-24
  2.1826e+05   1.60e-24
  2.2267e+05   1.50e-24
  2.2718e+05   1.40e-24
  2.3178e+05   1.32e-24
  2.3648e+05   1.24e-24
  2.4126e+05   1.16e-24
  2.4615e+05   1.09e-24
  2.5113e+05   1.02e-24
  2.5622e+05   9.53e-25
  2.6141e+05   8.95e-25
  2.6670e+05   8.38e-25
  2.7210e+05   7.84e-25
  2.7761e+05   7.32e-25
  2.8323e+05   6.81e-25
  2.8896e+05   6.39e-25
  2.9481e+05   5.99e-25
  3.0078e+05   5.60e-25
  3.0687e+05   5.22e-25
  3.1309e+05   4.86e-25
  3.1943e+05   4.52e-25
  3.2589e+05   4.23e-25
  3.3249e+05   3.96e-25
  3.3922e+05   3.69e-25
  3.4609e+05   3.43e-25
  3.5310e+05   3.18e-25
  3.6025e+05   2.96e-25
  3.6754e+05   2.77e-25
  3.7498e+05   2.59e-25
  3.8258e+05   2.41e-25
  3.9032e+05   2.23e-25
  3.9823e+05   2.07e-25
  4.0629e+05   1.92e-25
  4.1452e+05   1.80e-25
  4.2291e+05   1.67e-25
  4.3147e+05   1.55e-25
  4.4021e+05   1.44e-25
  4.4912e+05   1.33e-25
  4.5821e+05   1.24e-25
  4.6749e+05   1.16e-25
  4.7696e+05   1.08e-25
  4.8661e+05   9.98e-26
  4.9647e+05   9.22e-26
  5.0652e+05   8.53e-26
  5.1678e+05   7.96e-26
  5.2724e+05   7.41e-26
  5.3791e+05   6.88e-26
  5.4881e+05   6.37e-26
  5.5992e+05   5.88e-26
  5.7125e+05   5.45e-26
  5.8282e+05   5.08e-26
  5.9462e+05   4.72e-26
  6.0666e+05   4.38e-26
  6.1894e+05   4.05e-26
  6.3148e+05   3.73e-26
  6.4426e+05   3.47e-26
  6.5731e+05   3.23e-26
  6.7061e+05   3.01e-26
  6.8419e+05   2.79e-26
  6.9805e+05   2.57e-26
  7.1218e+05   2.37e-26
  7.2660e+05   2.21e-26
  7.4131e+05   2.06e-26
  7.5632e+05   1.91e-26
  7.7163e+05   1.77e-26
  7.8726e+05   1.63e-26
  8.0320e+05   1.50e-26
  8.1946e+05   1.40e-26
  8.3605e+05   1.31e-26
  8.5298e+05   1.22e-26
  8.7025e+05   1.13e-26
  8.8787e+05   1.04e-26
  9.0585e+05   9.69e-27
  9.2419e+05   9.09e-27
  9.4290e+05   8.51e-27
  9.6199e+05   7.95e-27
  9.8147e+05   7.41e-27
  1.0013e+06   6.89e-27
  1.0216e+06   6.50e-27
  1.0423e+06   6.17e-27
  1.0634e+06   5.84e-27
  1.0849e+06   5.53e-27
  1.1069e+06   5.23e-27
  1.1293e+06   4.94e-27
  1.1522e+06   4.74e-27
  1.1755e+06   4.56e-27
  1.1993e+06   4.38e-27
  1.2236e+06   4.20e-27
  1.2484e+06   4.04e-27
  1.2736e+06   3.89e-27
  1.2994e+06   3.78e-27
  1.3257e+06   3.68e-27
  1.3526e+06   3.58e-27
  1.3800e+06   3.48e-27
  1.4079e+06   3.39e-27
  1.4364e+06   3.31e-27
  1.4655e+06   3.24e-27
  1.4952e+06   3.18e-27
  1.5255e+06   3.11e-27
  1.5563e+06   3.05e-27
  1.5879e+06   2.99e-27
  1.6200e+06   2.93e-27
