#  E [MeV]   Flux [# cm^{-2} s^{-1}  MeV^{-1}]
  3.0000e+04   8.79e-23
  3.0782e+04   8.51e-23
  3.1585e+04   8.23e-23
  3.2409e+04   7.96e-23
  3.3255e+04   7.70e-23
  3.4122e+04   7.44e-23
  3.5012e+04   7.20e-23
  3.5925e+04   6.96e-23
  3.6862e+04   6.72e-23
  3.7824e+04   6.49e-23
  3.8810e+04   6.27e-23
  3.9822e+04   6.06e-23
  4.0861e+04   5.85e-23
  4.1927e+04   5.65e-23
  4.3021e+04   5.45e-23
  4.4143e+04   5.26e-23
  4.5294e+04   5.08e-23
  4.6475e+04   4.90e-23
  4.7688e+04   4.72e-23
  4.8931e+04   4.56e-23
  5.0208e+04   4.39e-23
  5.1517e+04   4.23e-23
  5.2861e+04   4.08e-23
  5.4240e+04   3.93e-23
  5.5654e+04   3.79e-23
  5.7106e+04   3.65e-23
  5.8596e+04   3.51e-23
  6.0124e+04   3.38e-23
  6.1692e+04   3.25e-23
  6.3301e+04   3.13e-23
  6.4952e+04   3.01e-23
  6.6647e+04   2.90e-23
  6.8385e+04   2.79e-23
  7.0169e+04   2.68e-23
  7.1999e+04   2.57e-23
  7.3877e+04   2.47e-23
  7.5804e+04   2.38e-23
  7.7781e+04   2.28e-23
  7.9810e+04   2.19e-23
  8.1891e+04   2.11e-23
  8.4027e+04   2.02e-23
  8.6219e+04   1.94e-23
  8.8468e+04   1.86e-23
  9.0775e+04   1.79e-23
  9.3143e+04   1.72e-23
  9.5572e+04   1.64e-23
  9.8065e+04   1.58e-23
  1.0062e+05   1.51e-23
  1.0325e+05   1.45e-23
  1.0594e+05   1.39e-23
  1.0870e+05   1.33e-23
  1.1154e+05   1.27e-23
  1.1445e+05   1.22e-23
  1.1743e+05   1.17e-23
  1.2050e+05   1.12e-23
  1.2364e+05   1.07e-23
  1.2686e+05   1.02e-23
  1.3017e+05   9.78e-24
  1.3357e+05   9.35e-24
  1.3705e+05   8.94e-24
  1.4063e+05   8.54e-24
  1.4429e+05   8.16e-24
  1.4806e+05   7.79e-24
  1.5192e+05   7.44e-24
  1.5588e+05   7.10e-24
  1.5995e+05   6.77e-24
  1.6412e+05   6.46e-24
  1.6840e+05   6.16e-24
  1.7279e+05   5.87e-24
  1.7730e+05   5.60e-24
  1.8193e+05   5.34e-24
  1.8667e+05   5.08e-24
  1.9154e+05   4.84e-24
  1.9654e+05   4.61e-24
  2.0166e+05   4.39e-24
  2.0692e+05   4.18e-24
  2.1232e+05   3.97e-24
  2.1786e+05   3.78e-24
  2.2354e+05   3.59e-24
  2.2937e+05   3.42e-24
  2.3535e+05   3.25e-24
  2.4149e+05   3.08e-24
  2.4779e+05   2.93e-24
  2.5425e+05   2.78e-24
  2.6088e+05   2.64e-24
  2.6769e+05   2.50e-24
  2.7467e+05   2.37e-24
  2.8184e+05   2.25e-24
  2.8919e+05   2.13e-24
  2.9673e+05   2.02e-24
  3.0447e+05   1.91e-24
  3.1241e+05   1.81e-24
  3.2056e+05   1.71e-24
  3.2892e+05   1.62e-24
  3.3750e+05   1.53e-24
  3.4630e+05   1.45e-24
  3.5533e+05   1.37e-24
  3.6460e+05   1.29e-24
  3.7411e+05   1.22e-24
  3.8387e+05   1.15e-24
  3.9388e+05   1.09e-24
  4.0416e+05   1.03e-24
  4.1470e+05   9.67e-25
  4.2551e+05   9.12e-25
  4.3661e+05   8.58e-25
  4.4800e+05   8.08e-25
  4.5969e+05   7.61e-25
  4.7168e+05   7.17e-25
  4.8398e+05   6.74e-25
  4.9660e+05   6.33e-25
  5.0956e+05   5.95e-25
  5.2285e+05   5.59e-25
  5.3648e+05   5.25e-25
  5.5048e+05   4.92e-25
  5.6483e+05   4.61e-25
  5.7957e+05   4.33e-25
  5.9468e+05   4.06e-25
  6.1020e+05   3.80e-25
  6.2611e+05   3.55e-25
  6.4244e+05   3.33e-25
  6.5920e+05   3.12e-25
  6.7639e+05   2.91e-25
  6.9403e+05   2.72e-25
  7.1214e+05   2.54e-25
  7.3071e+05   2.38e-25
  7.4977e+05   2.22e-25
  7.6933e+05   2.07e-25
  7.8939e+05   1.92e-25
  8.0998e+05   1.80e-25
  8.3111e+05   1.68e-25
  8.5279e+05   1.56e-25
  8.7503e+05   1.45e-25
  8.9785e+05   1.35e-25
  9.2127e+05   1.26e-25
  9.4530e+05   1.17e-25
  9.6996e+05   1.08e-25
  9.9526e+05   1.00e-25
  1.0212e+06   9.33e-26
  1.0479e+06   8.66e-26
  1.0752e+06   8.02e-26
  1.1032e+06   7.41e-26
  1.1320e+06   6.87e-26
  1.1615e+06   6.38e-26
  1.1918e+06   5.90e-26
  1.2229e+06   5.45e-26
  1.2548e+06   5.03e-26
  1.2875e+06   4.67e-26
  1.3211e+06   4.32e-26
  1.3556e+06   3.99e-26
  1.3909e+06   3.67e-26
  1.4272e+06   3.40e-26
  1.4644e+06   3.15e-26
  1.5026e+06   2.91e-26
  1.5418e+06   2.68e-26
  1.5820e+06   2.47e-26
  1.6233e+06   2.29e-26
  1.6657e+06   2.12e-26
  1.7091e+06   1.96e-26
  1.7537e+06   1.80e-26
  1.7994e+06   1.67e-26
  1.8464e+06   1.55e-26
  1.8945e+06   1.43e-26
  1.9439e+06   1.32e-26
  1.9946e+06   1.22e-26
  2.0467e+06   1.14e-26
  2.1000e+06   1.07e-26
  2.1548e+06   9.91e-27
  2.2110e+06   9.19e-27
  2.2687e+06   8.63e-27
  2.3279e+06   8.11e-27
  2.3886e+06   7.61e-27
  2.4509e+06   7.13e-27
  2.5148e+06   6.71e-27
  2.5804e+06   6.38e-27
  2.6477e+06   6.06e-27
  2.7168e+06   5.75e-27
  2.7876e+06   5.45e-27
  2.8603e+06   5.23e-27
  2.9349e+06   5.03e-27
  3.0115e+06   4.84e-27
  3.0900e+06   4.65e-27
  3.1706e+06   4.52e-27
  3.2533e+06   4.44e-27
  3.3382e+06   4.36e-27
  3.4253e+06   4.29e-27
  3.5146e+06   4.21e-27
  3.6063e+06   4.25e-27
  3.7003e+06   4.28e-27
  3.7969e+06   4.31e-27
  3.8959e+06   4.33e-27
  3.9975e+06   4.47e-27
  4.1018e+06   4.71e-27
  4.2088e+06   4.94e-27
  4.3185e+06   5.15e-27
  4.4312e+06   5.36e-27
  4.5467e+06   6.02e-27
  4.6653e+06   6.63e-27
  4.7870e+06   7.21e-27
  4.9119e+06   7.76e-27
  5.0400e+06   7.22e-27
