#  E [GeV]   # per interaction  [GeV^{-1}]
  3.0000e+01   5.17e-03
  3.0607e+01   5.02e-03
  3.1227e+01   4.88e-03
  3.1859e+01   4.75e-03
  3.2504e+01   4.61e-03
  3.3163e+01   4.49e-03
  3.3834e+01   4.36e-03
  3.4519e+01   4.24e-03
  3.5218e+01   4.12e-03
  3.5931e+01   4.01e-03
  3.6659e+01   3.90e-03
  3.7401e+01   3.79e-03
  3.8158e+01   3.68e-03
  3.8931e+01   3.58e-03
  3.9719e+01   3.48e-03
  4.0523e+01   3.38e-03
  4.1344e+01   3.29e-03
  4.2181e+01   3.20e-03
  4.3035e+01   3.11e-03
  4.3906e+01   3.02e-03
  4.4795e+01   2.94e-03
  4.5702e+01   2.86e-03
  4.6628e+01   2.78e-03
  4.7572e+01   2.70e-03
  4.8535e+01   2.62e-03
  4.9517e+01   2.55e-03
  5.0520e+01   2.48e-03
  5.1543e+01   2.41e-03
  5.2587e+01   2.35e-03
  5.3651e+01   2.28e-03
  5.4738e+01   2.22e-03
  5.5846e+01   2.16e-03
  5.6977e+01   2.10e-03
  5.8130e+01   2.04e-03
  5.9307e+01   1.98e-03
  6.0508e+01   1.93e-03
  6.1733e+01   1.88e-03
  6.2983e+01   1.83e-03
  6.4258e+01   1.78e-03
  6.5559e+01   1.73e-03
  6.6887e+01   1.68e-03
  6.8241e+01   1.63e-03
  6.9623e+01   1.59e-03
  7.1033e+01   1.55e-03
  7.2471e+01   1.51e-03
  7.3938e+01   1.47e-03
  7.5435e+01   1.43e-03
  7.6963e+01   1.39e-03
  7.8521e+01   1.35e-03
  8.0111e+01   1.31e-03
  8.1733e+01   1.28e-03
  8.3388e+01   1.24e-03
  8.5076e+01   1.21e-03
  8.6799e+01   1.18e-03
  8.8556e+01   1.14e-03
  9.0349e+01   1.11e-03
  9.2178e+01   1.08e-03
  9.4045e+01   1.05e-03
  9.5949e+01   1.03e-03
  9.7892e+01   9.99e-04
  9.9874e+01   9.73e-04
  1.0190e+02   9.47e-04
  1.0396e+02   9.22e-04
  1.0606e+02   8.97e-04
  1.0821e+02   8.73e-04
  1.1040e+02   8.50e-04
  1.1264e+02   8.28e-04
  1.1492e+02   8.06e-04
  1.1725e+02   7.84e-04
  1.1962e+02   7.63e-04
  1.2204e+02   7.43e-04
  1.2451e+02   7.24e-04
  1.2703e+02   7.05e-04
  1.2961e+02   6.86e-04
  1.3223e+02   6.68e-04
  1.3491e+02   6.50e-04
  1.3764e+02   6.33e-04
  1.4043e+02   6.17e-04
  1.4327e+02   6.01e-04
  1.4617e+02   5.85e-04
  1.4913e+02   5.69e-04
  1.5215e+02   5.54e-04
  1.5523e+02   5.40e-04
  1.5837e+02   5.26e-04
  1.6158e+02   5.12e-04
  1.6485e+02   4.98e-04
  1.6819e+02   4.85e-04
  1.7159e+02   4.72e-04
  1.7507e+02   4.60e-04
  1.7861e+02   4.48e-04
  1.8223e+02   4.36e-04
  1.8592e+02   4.24e-04
  1.8968e+02   4.12e-04
  1.9352e+02   4.01e-04
  1.9744e+02   3.90e-04
  2.0144e+02   3.80e-04
  2.0552e+02   3.69e-04
  2.0968e+02   3.59e-04
  2.1392e+02   3.49e-04
  2.1826e+02   3.40e-04
  2.2267e+02   3.31e-04
  2.2718e+02   3.21e-04
  2.3178e+02   3.12e-04
  2.3648e+02   3.04e-04
  2.4126e+02   2.95e-04
  2.4615e+02   2.87e-04
  2.5113e+02   2.79e-04
  2.5622e+02   2.71e-04
  2.6141e+02   2.63e-04
  2.6670e+02   2.56e-04
  2.7210e+02   2.49e-04
  2.7761e+02   2.41e-04
  2.8323e+02   2.34e-04
  2.8896e+02   2.28e-04
  2.9481e+02   2.21e-04
  3.0078e+02   2.15e-04
  3.0687e+02   2.08e-04
  3.1309e+02   2.02e-04
  3.1943e+02   1.96e-04
  3.2589e+02   1.90e-04
  3.3249e+02   1.85e-04
  3.3922e+02   1.79e-04
  3.4609e+02   1.73e-04
  3.5310e+02   1.68e-04
  3.6025e+02   1.63e-04
  3.6754e+02   1.58e-04
  3.7498e+02   1.53e-04
  3.8258e+02   1.48e-04
  3.9032e+02   1.43e-04
  3.9823e+02   1.39e-04
  4.0629e+02   1.34e-04
  4.1452e+02   1.30e-04
  4.2291e+02   1.26e-04
  4.3147e+02   1.22e-04
  4.4021e+02   1.17e-04
  4.4912e+02   1.14e-04
  4.5821e+02   1.10e-04
  4.6749e+02   1.06e-04
  4.7696e+02   1.02e-04
  4.8661e+02   9.89e-05
  4.9647e+02   9.55e-05
  5.0652e+02   9.22e-05
  5.1678e+02   8.89e-05
  5.2724e+02   8.58e-05
  5.3791e+02   8.28e-05
  5.4881e+02   7.99e-05
  5.5992e+02   7.71e-05
  5.7125e+02   7.43e-05
  5.8282e+02   7.17e-05
  5.9462e+02   6.92e-05
  6.0666e+02   6.67e-05
  6.1894e+02   6.42e-05
  6.3148e+02   6.18e-05
  6.4426e+02   5.95e-05
  6.5731e+02   5.73e-05
  6.7061e+02   5.51e-05
  6.8419e+02   5.31e-05
  6.9805e+02   5.11e-05
  7.1218e+02   4.91e-05
  7.2660e+02   4.73e-05
  7.4131e+02   4.55e-05
  7.5632e+02   4.37e-05
  7.7163e+02   4.20e-05
  7.8726e+02   4.04e-05
  8.0320e+02   3.89e-05
  8.1946e+02   3.74e-05
  8.3605e+02   3.59e-05
  8.5298e+02   3.45e-05
  8.7025e+02   3.32e-05
  8.8787e+02   3.19e-05
  9.0585e+02   3.07e-05
  9.2419e+02   2.95e-05
  9.4290e+02   2.83e-05
  9.6199e+02   2.72e-05
  9.8147e+02   2.62e-05
  1.0013e+03   2.51e-05
  1.0216e+03   2.42e-05
  1.0423e+03   2.32e-05
  1.0634e+03   2.23e-05
  1.0849e+03   2.15e-05
  1.1069e+03   2.06e-05
  1.1293e+03   1.98e-05
  1.1522e+03   1.91e-05
  1.1755e+03   1.83e-05
  1.1993e+03   1.76e-05
  1.2236e+03   1.69e-05
  1.2484e+03   1.62e-05
  1.2736e+03   1.56e-05
  1.2994e+03   1.50e-05
  1.3257e+03   1.44e-05
  1.3526e+03   1.38e-05
  1.3800e+03   1.33e-05
  1.4079e+03   1.28e-05
  1.4364e+03   1.23e-05
  1.4655e+03   1.18e-05
  1.4952e+03   1.13e-05
  1.5255e+03   1.09e-05
  1.5563e+03   1.05e-05
  1.5879e+03   1.01e-05
  1.6200e+03   9.79e-06
