#  E [GeV]   # per interaction  [GeV^{-1}]
  3.0000e+01   1.39e-02
  3.0782e+01   1.35e-02
  3.1585e+01   1.31e-02
  3.2409e+01   1.28e-02
  3.3255e+01   1.25e-02
  3.4122e+01   1.21e-02
  3.5012e+01   1.18e-02
  3.5925e+01   1.15e-02
  3.6862e+01   1.12e-02
  3.7824e+01   1.10e-02
  3.8810e+01   1.07e-02
  3.9822e+01   1.04e-02
  4.0861e+01   1.02e-02
  4.1927e+01   9.91e-03
  4.3021e+01   9.66e-03
  4.4143e+01   9.43e-03
  4.5294e+01   9.20e-03
  4.6475e+01   8.98e-03
  4.7688e+01   8.77e-03
  4.8931e+01   8.56e-03
  5.0208e+01   8.36e-03
  5.1517e+01   8.17e-03
  5.2861e+01   7.98e-03
  5.4240e+01   7.80e-03
  5.5654e+01   7.62e-03
  5.7106e+01   7.45e-03
  5.8596e+01   7.29e-03
  6.0124e+01   7.13e-03
  6.1692e+01   6.97e-03
  6.3301e+01   6.82e-03
  6.4952e+01   6.68e-03
  6.6647e+01   6.54e-03
  6.8385e+01   6.40e-03
  7.0169e+01   6.27e-03
  7.1999e+01   6.14e-03
  7.3877e+01   6.02e-03
  7.5804e+01   5.89e-03
  7.7781e+01   5.77e-03
  7.9810e+01   5.66e-03
  8.1891e+01   5.55e-03
  8.4027e+01   5.44e-03
  8.6219e+01   5.34e-03
  8.8468e+01   5.24e-03
  9.0775e+01   5.14e-03
  9.3143e+01   5.04e-03
  9.5572e+01   4.95e-03
  9.8065e+01   4.85e-03
  1.0062e+02   4.77e-03
  1.0325e+02   4.68e-03
  1.0594e+02   4.59e-03
  1.0870e+02   4.51e-03
  1.1154e+02   4.43e-03
  1.1445e+02   4.35e-03
  1.1743e+02   4.27e-03
  1.2050e+02   4.20e-03
  1.2364e+02   4.12e-03
  1.2686e+02   4.05e-03
  1.3017e+02   3.98e-03
  1.3357e+02   3.91e-03
  1.3705e+02   3.84e-03
  1.4063e+02   3.78e-03
  1.4429e+02   3.71e-03
  1.4806e+02   3.65e-03
  1.5192e+02   3.58e-03
  1.5588e+02   3.52e-03
  1.5995e+02   3.46e-03
  1.6412e+02   3.40e-03
  1.6840e+02   3.34e-03
  1.7279e+02   3.29e-03
  1.7730e+02   3.23e-03
  1.8193e+02   3.17e-03
  1.8667e+02   3.12e-03
  1.9154e+02   3.06e-03
  1.9654e+02   3.01e-03
  2.0166e+02   2.96e-03
  2.0692e+02   2.90e-03
  2.1232e+02   2.85e-03
  2.1786e+02   2.80e-03
  2.2354e+02   2.75e-03
  2.2937e+02   2.70e-03
  2.3535e+02   2.65e-03
  2.4149e+02   2.60e-03
  2.4779e+02   2.55e-03
  2.5425e+02   2.51e-03
  2.6088e+02   2.46e-03
  2.6769e+02   2.41e-03
  2.7467e+02   2.37e-03
  2.8184e+02   2.32e-03
  2.8919e+02   2.28e-03
  2.9673e+02   2.23e-03
  3.0447e+02   2.19e-03
  3.1241e+02   2.14e-03
  3.2056e+02   2.10e-03
  3.2892e+02   2.06e-03
  3.3750e+02   2.01e-03
  3.4630e+02   1.97e-03
  3.5533e+02   1.93e-03
  3.6460e+02   1.89e-03
  3.7411e+02   1.85e-03
  3.8387e+02   1.81e-03
  3.9388e+02   1.77e-03
  4.0416e+02   1.73e-03
  4.1470e+02   1.69e-03
  4.2551e+02   1.65e-03
  4.3661e+02   1.61e-03
  4.4800e+02   1.57e-03
  4.5969e+02   1.53e-03
  4.7168e+02   1.49e-03
  4.8398e+02   1.46e-03
  4.9660e+02   1.42e-03
  5.0956e+02   1.38e-03
  5.2285e+02   1.35e-03
  5.3648e+02   1.31e-03
  5.5048e+02   1.28e-03
  5.6483e+02   1.24e-03
  5.7957e+02   1.21e-03
  5.9468e+02   1.17e-03
  6.1020e+02   1.14e-03
  6.2611e+02   1.11e-03
  6.4244e+02   1.07e-03
  6.5920e+02   1.04e-03
  6.7639e+02   1.01e-03
  6.9403e+02   9.81e-04
  7.1214e+02   9.50e-04
  7.3071e+02   9.20e-04
  7.4977e+02   8.91e-04
  7.6933e+02   8.63e-04
  7.8939e+02   8.34e-04
  8.0998e+02   8.06e-04
  8.3111e+02   7.79e-04
  8.5279e+02   7.53e-04
  8.7503e+02   7.27e-04
  8.9785e+02   7.01e-04
  9.2127e+02   6.76e-04
  9.4530e+02   6.52e-04
  9.6996e+02   6.29e-04
  9.9526e+02   6.05e-04
  1.0212e+03   5.81e-04
  1.0479e+03   5.58e-04
  1.0752e+03   5.36e-04
  1.1032e+03   5.15e-04
  1.1320e+03   4.94e-04
  1.1615e+03   4.73e-04
  1.1918e+03   4.53e-04
  1.2229e+03   4.34e-04
  1.2548e+03   4.15e-04
  1.2875e+03   3.96e-04
  1.3211e+03   3.79e-04
  1.3556e+03   3.62e-04
  1.3909e+03   3.45e-04
  1.4272e+03   3.28e-04
  1.4644e+03   3.13e-04
  1.5026e+03   2.97e-04
  1.5418e+03   2.83e-04
  1.5820e+03   2.68e-04
  1.6233e+03   2.55e-04
  1.6657e+03   2.41e-04
  1.7091e+03   2.28e-04
  1.7537e+03   2.16e-04
  1.7994e+03   2.04e-04
  1.8464e+03   1.93e-04
  1.8945e+03   1.82e-04
  1.9439e+03   1.71e-04
  1.9946e+03   1.61e-04
  2.0467e+03   1.50e-04
  2.1000e+03   1.41e-04
  2.1548e+03   1.32e-04
  2.2110e+03   1.23e-04
  2.2687e+03   1.15e-04
  2.3279e+03   1.07e-04
  2.3886e+03   9.90e-05
  2.4509e+03   9.17e-05
  2.5148e+03   8.50e-05
  2.5804e+03   7.85e-05
  2.6477e+03   7.24e-05
  2.7168e+03   6.65e-05
  2.7876e+03   6.11e-05
  2.8603e+03   5.62e-05
  2.9349e+03   5.14e-05
  3.0115e+03   4.69e-05
  3.0900e+03   4.26e-05
  3.1706e+03   3.89e-05
  3.2533e+03   3.53e-05
  3.3382e+03   3.19e-05
  3.4253e+03   2.87e-05
  3.5146e+03   2.58e-05
  3.6063e+03   2.33e-05
  3.7003e+03   2.09e-05
  3.7969e+03   1.87e-05
  3.8959e+03   1.65e-05
  3.9975e+03   1.49e-05
  4.1018e+03   1.34e-05
  4.2088e+03   1.19e-05
  4.3185e+03   1.05e-05
  4.4312e+03   9.41e-06
  4.5467e+03   8.52e-06
  4.6653e+03   7.68e-06
  4.7870e+03   6.87e-06
  4.9119e+03   6.14e-06
  5.0400e+03   5.73e-06
