#  E [MeV]   Flux [# cm^{-2} s^{-1}  MeV^{-1}]
  3.0000e+04   1.53e-22
  3.0782e+04   1.48e-22
  3.1585e+04   1.43e-22
  3.2409e+04   1.39e-22
  3.3255e+04   1.34e-22
  3.4122e+04   1.29e-22
  3.5012e+04   1.25e-22
  3.5925e+04   1.21e-22
  3.6862e+04   1.17e-22
  3.7824e+04   1.13e-22
  3.8810e+04   1.09e-22
  3.9822e+04   1.05e-22
  4.0861e+04   1.01e-22
  4.1927e+04   9.75e-23
  4.3021e+04   9.40e-23
  4.4143e+04   9.06e-23
  4.5294e+04   8.73e-23
  4.6475e+04   8.41e-23
  4.7688e+04   8.09e-23
  4.8931e+04   7.79e-23
  5.0208e+04   7.50e-23
  5.1517e+04   7.22e-23
  5.2861e+04   6.94e-23
  5.4240e+04   6.68e-23
  5.5654e+04   6.42e-23
  5.7106e+04   6.17e-23
  5.8596e+04   5.93e-23
  6.0124e+04   5.70e-23
  6.1692e+04   5.47e-23
  6.3301e+04   5.25e-23
  6.4952e+04   5.04e-23
  6.6647e+04   4.83e-23
  6.8385e+04   4.63e-23
  7.0169e+04   4.44e-23
  7.1999e+04   4.26e-23
  7.3877e+04   4.08e-23
  7.5804e+04   3.91e-23
  7.7781e+04   3.75e-23
  7.9810e+04   3.59e-23
  8.1891e+04   3.44e-23
  8.4027e+04   3.29e-23
  8.6219e+04   3.15e-23
  8.8468e+04   3.01e-23
  9.0775e+04   2.88e-23
  9.3143e+04   2.75e-23
  9.5572e+04   2.63e-23
  9.8065e+04   2.52e-23
  1.0062e+05   2.40e-23
  1.0325e+05   2.30e-23
  1.0594e+05   2.19e-23
  1.0870e+05   2.09e-23
  1.1154e+05   2.00e-23
  1.1445e+05   1.91e-23
  1.1743e+05   1.82e-23
  1.2050e+05   1.73e-23
  1.2364e+05   1.65e-23
  1.2686e+05   1.57e-23
  1.3017e+05   1.50e-23
  1.3357e+05   1.43e-23
  1.3705e+05   1.36e-23
  1.4063e+05   1.29e-23
  1.4429e+05   1.23e-23
  1.4806e+05   1.17e-23
  1.5192e+05   1.11e-23
  1.5588e+05   1.05e-23
  1.5995e+05   9.99e-24
  1.6412e+05   9.48e-24
  1.6840e+05   8.99e-24
  1.7279e+05   8.52e-24
  1.7730e+05   8.08e-24
  1.8193e+05   7.66e-24
  1.8667e+05   7.25e-24
  1.9154e+05   6.86e-24
  1.9654e+05   6.49e-24
  2.0166e+05   6.14e-24
  2.0692e+05   5.81e-24
  2.1232e+05   5.49e-24
  2.1786e+05   5.18e-24
  2.2354e+05   4.90e-24
  2.2937e+05   4.62e-24
  2.3535e+05   4.36e-24
  2.4149e+05   4.11e-24
  2.4779e+05   3.87e-24
  2.5425e+05   3.65e-24
  2.6088e+05   3.44e-24
  2.6769e+05   3.23e-24
  2.7467e+05   3.04e-24
  2.8184e+05   2.85e-24
  2.8919e+05   2.68e-24
  2.9673e+05   2.52e-24
  3.0447e+05   2.36e-24
  3.1241e+05   2.21e-24
  3.2056e+05   2.08e-24
  3.2892e+05   1.95e-24
  3.3750e+05   1.82e-24
  3.4630e+05   1.70e-24
  3.5533e+05   1.59e-24
  3.6460e+05   1.49e-24
  3.7411e+05   1.39e-24
  3.8387e+05   1.30e-24
  3.9388e+05   1.21e-24
  4.0416e+05   1.13e-24
  4.1470e+05   1.06e-24
  4.2551e+05   9.84e-25
  4.3661e+05   9.14e-25
  4.4800e+05   8.52e-25
  4.5969e+05   7.93e-25
  4.7168e+05   7.37e-25
  4.8398e+05   6.84e-25
  4.9660e+05   6.34e-25
  5.0956e+05   5.89e-25
  5.2285e+05   5.47e-25
  5.3648e+05   5.06e-25
  5.5048e+05   4.67e-25
  5.6483e+05   4.33e-25
  5.7957e+05   4.01e-25
  5.9468e+05   3.70e-25
  6.1020e+05   3.41e-25
  6.2611e+05   3.15e-25
  6.4244e+05   2.91e-25
  6.5920e+05   2.69e-25
  6.7639e+05   2.47e-25
  6.9403e+05   2.27e-25
  7.1214e+05   2.09e-25
  7.3071e+05   1.93e-25
  7.4977e+05   1.77e-25
  7.6933e+05   1.63e-25
  7.8939e+05   1.49e-25
  8.0998e+05   1.37e-25
  8.3111e+05   1.26e-25
  8.5279e+05   1.15e-25
  8.7503e+05   1.05e-25
  8.9785e+05   9.69e-26
  9.2127e+05   8.89e-26
  9.4530e+05   8.13e-26
  9.6996e+05   7.41e-26
  9.9526e+05   6.77e-26
  1.0212e+06   6.21e-26
  1.0479e+06   5.67e-26
  1.0752e+06   5.17e-26
  1.1032e+06   4.68e-26
  1.1320e+06   4.29e-26
  1.1615e+06   3.92e-26
  1.1918e+06   3.57e-26
  1.2229e+06   3.24e-26
  1.2548e+06   2.95e-26
  1.2875e+06   2.70e-26
  1.3211e+06   2.46e-26
  1.3556e+06   2.23e-26
  1.3909e+06   2.01e-26
  1.4272e+06   1.84e-26
  1.4644e+06   1.68e-26
  1.5026e+06   1.52e-26
  1.5418e+06   1.38e-26
  1.5820e+06   1.25e-26
  1.6233e+06   1.14e-26
  1.6657e+06   1.04e-26
  1.7091e+06   9.37e-27
  1.7537e+06   8.44e-27
  1.7994e+06   7.71e-27
  1.8464e+06   7.03e-27
  1.8945e+06   6.37e-27
  1.9439e+06   5.74e-27
  1.9946e+06   5.21e-27
  2.0467e+06   4.76e-27
  2.1000e+06   4.32e-27
  2.1548e+06   3.90e-27
  2.2110e+06   3.52e-27
  2.2687e+06   3.21e-27
  2.3279e+06   2.92e-27
  2.3886e+06   2.64e-27
  2.4509e+06   2.37e-27
  2.5148e+06   2.16e-27
  2.5804e+06   1.97e-27
  2.6477e+06   1.79e-27
  2.7168e+06   1.62e-27
  2.7876e+06   1.46e-27
  2.8603e+06   1.35e-27
  2.9349e+06   1.23e-27
  3.0115e+06   1.12e-27
  3.0900e+06   1.02e-27
  3.1706e+06   9.44e-28
  3.2533e+06   8.79e-28
  3.3382e+06   8.16e-28
  3.4253e+06   7.56e-28
  3.5146e+06   7.02e-28
  3.6063e+06   6.63e-28
  3.7003e+06   6.25e-28
  3.7969e+06   5.89e-28
  3.8959e+06   5.55e-28
  3.9975e+06   5.30e-28
  4.1018e+06   5.08e-28
  4.2088e+06   4.87e-28
  4.3185e+06   4.66e-28
  4.4312e+06   4.48e-28
  4.5467e+06   4.35e-28
  4.6653e+06   4.22e-28
  4.7870e+06   4.09e-28
  4.9119e+06   3.97e-28
  5.0400e+06   3.85e-28
