#  E [MeV]   Flux [# cm^{-2} s^{-1}  MeV^{-1}]
  3.0000e+04   2.88e-26
  3.1051e+04   2.77e-26
  3.2139e+04   2.66e-26
  3.3266e+04   2.56e-26
  3.4432e+04   2.46e-26
  3.5638e+04   2.37e-26
  3.6887e+04   2.28e-26
  3.8180e+04   2.19e-26
  3.9518e+04   2.10e-26
  4.0903e+04   2.02e-26
  4.2336e+04   1.94e-26
  4.3820e+04   1.86e-26
  4.5355e+04   1.79e-26
  4.6945e+04   1.71e-26
  4.8590e+04   1.64e-26
  5.0293e+04   1.58e-26
  5.2055e+04   1.51e-26
  5.3879e+04   1.45e-26
  5.5767e+04   1.39e-26
  5.7722e+04   1.33e-26
  5.9745e+04   1.28e-26
  6.1838e+04   1.22e-26
  6.4005e+04   1.17e-26
  6.6248e+04   1.12e-26
  6.8570e+04   1.07e-26
  7.0973e+04   1.03e-26
  7.3460e+04   9.81e-27
  7.6034e+04   9.38e-27
  7.8699e+04   8.96e-27
  8.1457e+04   8.57e-27
  8.4311e+04   8.19e-27
  8.7266e+04   7.82e-27
  9.0324e+04   7.47e-27
  9.3490e+04   7.13e-27
  9.6766e+04   6.80e-27
  1.0016e+05   6.49e-27
  1.0367e+05   6.19e-27
  1.0730e+05   5.90e-27
  1.1106e+05   5.62e-27
  1.1495e+05   5.36e-27
  1.1898e+05   5.11e-27
  1.2315e+05   4.86e-27
  1.2747e+05   4.63e-27
  1.3193e+05   4.40e-27
  1.3656e+05   4.19e-27
  1.4134e+05   3.98e-27
  1.4629e+05   3.79e-27
  1.5142e+05   3.60e-27
  1.5673e+05   3.42e-27
  1.6222e+05   3.25e-27
  1.6790e+05   3.08e-27
  1.7379e+05   2.92e-27
  1.7988e+05   2.77e-27
  1.8618e+05   2.63e-27
  1.9271e+05   2.49e-27
  1.9946e+05   2.36e-27
  2.0645e+05   2.23e-27
  2.1369e+05   2.11e-27
  2.2117e+05   1.99e-27
  2.2892e+05   1.88e-27
  2.3695e+05   1.78e-27
  2.4525e+05   1.68e-27
  2.5385e+05   1.58e-27
  2.6274e+05   1.49e-27
  2.7195e+05   1.41e-27
  2.8148e+05   1.32e-27
  2.9134e+05   1.25e-27
  3.0155e+05   1.17e-27
  3.1212e+05   1.10e-27
  3.2306e+05   1.03e-27
  3.3438e+05   9.70e-28
  3.4610e+05   9.10e-28
  3.5823e+05   8.53e-28
  3.7078e+05   7.99e-28
  3.8377e+05   7.48e-28
  3.9722e+05   6.99e-28
  4.1114e+05   6.53e-28
  4.2555e+05   6.10e-28
  4.4046e+05   5.70e-28
  4.5590e+05   5.31e-28
  4.7188e+05   4.95e-28
  4.8841e+05   4.62e-28
  5.0553e+05   4.30e-28
  5.2324e+05   4.00e-28
  5.4158e+05   3.72e-28
  5.6056e+05   3.46e-28
  5.8020e+05   3.22e-28
  6.0054e+05   2.99e-28
  6.2158e+05   2.78e-28
  6.4337e+05   2.58e-28
  6.6591e+05   2.40e-28
  6.8925e+05   2.23e-28
  7.1340e+05   2.07e-28
  7.3840e+05   1.92e-28
  7.6428e+05   1.78e-28
  7.9106e+05   1.65e-28
  8.1878e+05   1.53e-28
  8.4748e+05   1.43e-28
  8.7718e+05   1.32e-28
  9.0792e+05   1.23e-28
  9.3973e+05   1.14e-28
  9.7267e+05   1.06e-28
  1.0068e+06   9.90e-29
  1.0420e+06   9.22e-29
  1.0785e+06   8.59e-29
  1.1163e+06   8.00e-29
  1.1555e+06   7.46e-29
  1.1960e+06   6.96e-29
  1.2379e+06   6.50e-29
  1.2813e+06   6.08e-29
  1.3262e+06   5.68e-29
  1.3726e+06   5.32e-29
  1.4207e+06   4.98e-29
  1.4705e+06   4.66e-29
  1.5220e+06   4.37e-29
  1.5754e+06   4.10e-29
  1.6306e+06   3.85e-29
  1.6877e+06   3.61e-29
  1.7469e+06   3.40e-29
  1.8081e+06   3.20e-29
  1.8715e+06   3.01e-29
  1.9370e+06   2.83e-29
  2.0049e+06   2.67e-29
  2.0752e+06   2.52e-29
  2.1479e+06   2.38e-29
  2.2232e+06   2.24e-29
  2.3011e+06   2.12e-29
  2.3817e+06   2.00e-29
  2.4652e+06   1.89e-29
  2.5516e+06   1.78e-29
  2.6410e+06   1.68e-29
  2.7336e+06   1.59e-29
  2.8294e+06   1.50e-29
  2.9285e+06   1.41e-29
  3.0311e+06   1.34e-29
  3.1374e+06   1.26e-29
  3.2473e+06   1.19e-29
  3.3611e+06   1.12e-29
  3.4789e+06   1.06e-29
  3.6008e+06   9.95e-30
  3.7270e+06   9.36e-30
  3.8576e+06   8.81e-30
  3.9928e+06   8.28e-30
  4.1327e+06   7.77e-30
  4.2775e+06   7.29e-30
  4.4274e+06   6.83e-30
  4.5826e+06   6.39e-30
  4.7432e+06   5.97e-30
  4.9094e+06   5.57e-30
  5.0815e+06   5.18e-30
  5.2595e+06   4.81e-30
  5.4438e+06   4.46e-30
  5.6346e+06   4.12e-30
  5.8321e+06   3.80e-30
  6.0365e+06   3.49e-30
  6.2480e+06   3.20e-30
  6.4670e+06   2.93e-30
  6.6936e+06   2.67e-30
  6.9282e+06   2.42e-30
  7.1709e+06   2.19e-30
  7.4222e+06   1.97e-30
  7.6823e+06   1.77e-30
  7.9516e+06   1.58e-30
  8.2302e+06   1.40e-30
  8.5186e+06   1.23e-30
  8.8172e+06   1.08e-30
  9.1262e+06   9.42e-31
  9.4460e+06   8.14e-31
  9.7770e+06   6.97e-31
  1.0120e+07   5.93e-31
  1.0474e+07   4.99e-31
  1.0841e+07   4.15e-31
  1.1221e+07   3.41e-31
  1.1614e+07   2.77e-31
  1.2022e+07   2.22e-31
  1.2443e+07   1.75e-31
  1.2879e+07   1.36e-31
  1.3330e+07   1.04e-31
  1.3797e+07   7.73e-32
  1.4281e+07   5.65e-32
  1.4781e+07   4.02e-32
  1.5299e+07   2.79e-32
  1.5835e+07   1.87e-32
  1.6390e+07   1.22e-32
  1.6965e+07   7.61e-33
  1.7559e+07   4.56e-33
  1.8175e+07   2.61e-33
  1.8812e+07   1.41e-33
  1.9471e+07   7.18e-34
  2.0153e+07   3.42e-34
  2.0859e+07   1.50e-34
  2.1590e+07   6.05e-35
  2.2347e+07   2.20e-35
  2.3130e+07   7.14e-36
  2.3941e+07   2.03e-36
  2.4780e+07   4.94e-37
  2.5648e+07   1.01e-37
  2.6547e+07   1.69e-38
  2.7477e+07   2.24e-39
  2.8440e+07   2.26e-40
