#  E [MeV]   Flux [# cm^{-2} s^{-1}  MeV^{-1}]
  3.0000e+04   3.11e-23
  3.0696e+04   3.01e-23
  3.1408e+04   2.91e-23
  3.2137e+04   2.82e-23
  3.2883e+04   2.73e-23
  3.3646e+04   2.64e-23
  3.4426e+04   2.55e-23
  3.5225e+04   2.47e-23
  3.6042e+04   2.39e-23
  3.6878e+04   2.31e-23
  3.7734e+04   2.23e-23
  3.8609e+04   2.15e-23
  3.9505e+04   2.08e-23
  4.0422e+04   2.01e-23
  4.1360e+04   1.94e-23
  4.2319e+04   1.87e-23
  4.3301e+04   1.81e-23
  4.4306e+04   1.75e-23
  4.5334e+04   1.68e-23
  4.6386e+04   1.63e-23
  4.7462e+04   1.57e-23
  4.8563e+04   1.51e-23
  4.9690e+04   1.46e-23
  5.0843e+04   1.41e-23
  5.2022e+04   1.36e-23
  5.3229e+04   1.31e-23
  5.4464e+04   1.26e-23
  5.5728e+04   1.21e-23
  5.7021e+04   1.17e-23
  5.8344e+04   1.13e-23
  5.9697e+04   1.09e-23
  6.1083e+04   1.04e-23
  6.2500e+04   1.01e-23
  6.3950e+04   9.68e-24
  6.5434e+04   9.32e-24
  6.6952e+04   8.96e-24
  6.8505e+04   8.62e-24
  7.0095e+04   8.29e-24
  7.1721e+04   7.97e-24
  7.3385e+04   7.66e-24
  7.5088e+04   7.36e-24
  7.6830e+04   7.07e-24
  7.8612e+04   6.80e-24
  8.0436e+04   6.53e-24
  8.2302e+04   6.27e-24
  8.4212e+04   6.02e-24
  8.6166e+04   5.78e-24
  8.8165e+04   5.54e-24
  9.0210e+04   5.32e-24
  9.2304e+04   5.10e-24
  9.4445e+04   4.90e-24
  9.6636e+04   4.69e-24
  9.8878e+04   4.50e-24
  1.0117e+05   4.31e-24
  1.0352e+05   4.13e-24
  1.0592e+05   3.96e-24
  1.0838e+05   3.79e-24
  1.1089e+05   3.63e-24
  1.1347e+05   3.48e-24
  1.1610e+05   3.33e-24
  1.1879e+05   3.18e-24
  1.2155e+05   3.04e-24
  1.2437e+05   2.91e-24
  1.2725e+05   2.78e-24
  1.3021e+05   2.66e-24
  1.3323e+05   2.54e-24
  1.3632e+05   2.43e-24
  1.3948e+05   2.32e-24
  1.4272e+05   2.22e-24
  1.4603e+05   2.12e-24
  1.4942e+05   2.02e-24
  1.5288e+05   1.93e-24
  1.5643e+05   1.84e-24
  1.6006e+05   1.75e-24
  1.6377e+05   1.67e-24
  1.6757e+05   1.59e-24
  1.7146e+05   1.52e-24
  1.7544e+05   1.44e-24
  1.7951e+05   1.37e-24
  1.8368e+05   1.31e-24
  1.8794e+05   1.25e-24
  1.9230e+05   1.18e-24
  1.9676e+05   1.12e-24
  2.0132e+05   1.07e-24
  2.0600e+05   1.02e-24
  2.1078e+05   9.67e-25
  2.1567e+05   9.17e-25
  2.2067e+05   8.70e-25
  2.2579e+05   8.27e-25
  2.3103e+05   7.84e-25
  2.3639e+05   7.44e-25
  2.4187e+05   7.05e-25
  2.4748e+05   6.67e-25
  2.5323e+05   6.33e-25
  2.5910e+05   5.99e-25
  2.6511e+05   5.67e-25
  2.7126e+05   5.37e-25
  2.7756e+05   5.07e-25
  2.8400e+05   4.80e-25
  2.9059e+05   4.53e-25
  2.9733e+05   4.28e-25
  3.0423e+05   4.04e-25
  3.1129e+05   3.81e-25
  3.1851e+05   3.59e-25
  3.2590e+05   3.39e-25
  3.3346e+05   3.20e-25
  3.4120e+05   3.01e-25
  3.4911e+05   2.83e-25
  3.5721e+05   2.66e-25
  3.6550e+05   2.51e-25
  3.7398e+05   2.36e-25
  3.8266e+05   2.21e-25
  3.9154e+05   2.08e-25
  4.0062e+05   1.95e-25
  4.0991e+05   1.83e-25
  4.1943e+05   1.72e-25
  4.2916e+05   1.61e-25
  4.3911e+05   1.51e-25
  4.4930e+05   1.41e-25
  4.5973e+05   1.32e-25
  4.7039e+05   1.24e-25
  4.8131e+05   1.16e-25
  4.9247e+05   1.08e-25
  5.0390e+05   1.01e-25
  5.1559e+05   9.46e-26
  5.2755e+05   8.83e-26
  5.3979e+05   8.23e-26
  5.5232e+05   7.65e-26
  5.6513e+05   7.15e-26
  5.7824e+05   6.66e-26
  5.9166e+05   6.20e-26
  6.0539e+05   5.76e-26
  6.1943e+05   5.34e-26
  6.3381e+05   4.98e-26
  6.4851e+05   4.63e-26
  6.6356e+05   4.30e-26
  6.7895e+05   3.99e-26
  6.9471e+05   3.69e-26
  7.1082e+05   3.43e-26
  7.2732e+05   3.19e-26
  7.4419e+05   2.96e-26
  7.6146e+05   2.74e-26
  7.7912e+05   2.53e-26
  7.9720e+05   2.35e-26
  8.1570e+05   2.18e-26
  8.3462e+05   2.02e-26
  8.5399e+05   1.87e-26
  8.7380e+05   1.72e-26
  8.9407e+05   1.60e-26
  9.1482e+05   1.48e-26
  9.3604e+05   1.37e-26
  9.5776e+05   1.27e-26
  9.7998e+05   1.17e-26
  1.0027e+06   1.09e-26
  1.0260e+06   1.01e-26
  1.0498e+06   9.36e-27
  1.0741e+06   8.66e-27
  1.0991e+06   8.00e-27
  1.1246e+06   7.45e-27
  1.1507e+06   6.95e-27
  1.1774e+06   6.48e-27
  1.2047e+06   6.02e-27
  1.2326e+06   5.59e-27
  1.2612e+06   5.24e-27
  1.2905e+06   4.92e-27
  1.3204e+06   4.62e-27
  1.3511e+06   4.32e-27
  1.3824e+06   4.05e-27
  1.4145e+06   3.82e-27
  1.4473e+06   3.63e-27
  1.4809e+06   3.44e-27
  1.5152e+06   3.25e-27
  1.5504e+06   3.08e-27
  1.5864e+06   2.94e-27
  1.6232e+06   2.82e-27
  1.6608e+06   2.70e-27
  1.6994e+06   2.59e-27
  1.7388e+06   2.48e-27
  1.7791e+06   2.41e-27
  1.8204e+06   2.36e-27
  1.8626e+06   2.30e-27
  1.9059e+06   2.25e-27
  1.9501e+06   2.20e-27
  1.9953e+06   2.19e-27
  2.0416e+06   2.19e-27
  2.0890e+06   2.19e-27
  2.1375e+06   2.18e-27
  2.1870e+06   2.18e-27
  2.2378e+06   2.24e-27
  2.2897e+06   2.32e-27
  2.3428e+06   2.40e-27
  2.3972e+06   2.47e-27
  2.4528e+06   2.53e-27
  2.5097e+06   2.65e-27
  2.5680e+06   2.79e-27
  2.6275e+06   2.92e-27
  2.6885e+06   3.03e-27
  2.7509e+06   3.15e-27
  2.8147e+06   2.72e-27
  2.8800e+06   2.06e-27
