#  E [GeV]   # per interaction  [GeV^{-1}]
  3.0000e+01   9.95e-03
  3.0765e+01   9.61e-03
  3.1549e+01   9.28e-03
  3.2354e+01   8.96e-03
  3.3179e+01   8.65e-03
  3.4025e+01   8.35e-03
  3.4892e+01   8.06e-03
  3.5782e+01   7.78e-03
  3.6695e+01   7.51e-03
  3.7630e+01   7.25e-03
  3.8590e+01   7.00e-03
  3.9574e+01   6.75e-03
  4.0583e+01   6.52e-03
  4.1618e+01   6.29e-03
  4.2679e+01   6.06e-03
  4.3767e+01   5.85e-03
  4.4883e+01   5.64e-03
  4.6028e+01   5.44e-03
  4.7201e+01   5.25e-03
  4.8405e+01   5.06e-03
  4.9639e+01   4.88e-03
  5.0905e+01   4.71e-03
  5.2203e+01   4.54e-03
  5.3534e+01   4.37e-03
  5.4899e+01   4.22e-03
  5.6299e+01   4.06e-03
  5.7734e+01   3.92e-03
  5.9207e+01   3.77e-03
  6.0716e+01   3.64e-03
  6.2264e+01   3.50e-03
  6.3852e+01   3.38e-03
  6.5480e+01   3.25e-03
  6.7150e+01   3.13e-03
  6.8862e+01   3.02e-03
  7.0618e+01   2.91e-03
  7.2419e+01   2.80e-03
  7.4265e+01   2.70e-03
  7.6159e+01   2.60e-03
  7.8101e+01   2.50e-03
  8.0092e+01   2.41e-03
  8.2135e+01   2.32e-03
  8.4229e+01   2.24e-03
  8.6377e+01   2.16e-03
  8.8579e+01   2.08e-03
  9.0838e+01   2.00e-03
  9.3154e+01   1.93e-03
  9.5529e+01   1.85e-03
  9.7965e+01   1.79e-03
  1.0046e+02   1.72e-03
  1.0303e+02   1.66e-03
  1.0565e+02   1.59e-03
  1.0835e+02   1.54e-03
  1.1111e+02   1.48e-03
  1.1394e+02   1.42e-03
  1.1685e+02   1.37e-03
  1.1983e+02   1.32e-03
  1.2288e+02   1.27e-03
  1.2602e+02   1.22e-03
  1.2923e+02   1.18e-03
  1.3252e+02   1.14e-03
  1.3590e+02   1.09e-03
  1.3937e+02   1.05e-03
  1.4292e+02   1.01e-03
  1.4657e+02   9.75e-04
  1.5030e+02   9.38e-04
  1.5414e+02   9.03e-04
  1.5807e+02   8.69e-04
  1.6210e+02   8.37e-04
  1.6623e+02   8.05e-04
  1.7047e+02   7.75e-04
  1.7482e+02   7.46e-04
  1.7927e+02   7.18e-04
  1.8384e+02   6.91e-04
  1.8853e+02   6.65e-04
  1.9334e+02   6.40e-04
  1.9827e+02   6.17e-04
  2.0333e+02   5.94e-04
  2.0851e+02   5.71e-04
  2.1383e+02   5.50e-04
  2.1928e+02   5.29e-04
  2.2487e+02   5.10e-04
  2.3060e+02   4.90e-04
  2.3648e+02   4.72e-04
  2.4251e+02   4.54e-04
  2.4870e+02   4.37e-04
  2.5504e+02   4.21e-04
  2.6154e+02   4.05e-04
  2.6821e+02   3.89e-04
  2.7505e+02   3.74e-04
  2.8206e+02   3.60e-04
  2.8926e+02   3.46e-04
  2.9663e+02   3.33e-04
  3.0420e+02   3.20e-04
  3.1195e+02   3.07e-04
  3.1991e+02   2.95e-04
  3.2806e+02   2.84e-04
  3.3643e+02   2.72e-04
  3.4501e+02   2.62e-04
  3.5381e+02   2.51e-04
  3.6283e+02   2.41e-04
  3.7208e+02   2.32e-04
  3.8157e+02   2.22e-04
  3.9130e+02   2.14e-04
  4.0127e+02   2.05e-04
  4.1150e+02   1.97e-04
  4.2200e+02   1.89e-04
  4.3276e+02   1.81e-04
  4.4379e+02   1.74e-04
  4.5511e+02   1.67e-04
  4.6671e+02   1.60e-04
  4.7861e+02   1.53e-04
  4.9082e+02   1.47e-04
  5.0333e+02   1.41e-04
  5.1617e+02   1.35e-04
  5.2933e+02   1.29e-04
  5.4283e+02   1.24e-04
  5.5667e+02   1.19e-04
  5.7086e+02   1.14e-04
  5.8542e+02   1.09e-04
  6.0035e+02   1.04e-04
  6.1565e+02   1.00e-04
  6.3135e+02   9.57e-05
  6.4745e+02   9.16e-05
  6.6396e+02   8.77e-05
  6.8089e+02   8.40e-05
  6.9825e+02   8.04e-05
  7.1606e+02   7.70e-05
  7.3432e+02   7.38e-05
  7.5304e+02   7.06e-05
  7.7224e+02   6.76e-05
  7.9193e+02   6.48e-05
  8.1213e+02   6.20e-05
  8.3283e+02   5.94e-05
  8.5407e+02   5.69e-05
  8.7585e+02   5.44e-05
  8.9818e+02   5.21e-05
  9.2108e+02   4.99e-05
  9.4457e+02   4.78e-05
  9.6866e+02   4.57e-05
  9.9336e+02   4.38e-05
  1.0187e+03   4.19e-05
  1.0447e+03   4.01e-05
  1.0713e+03   3.84e-05
  1.0986e+03   3.68e-05
  1.1266e+03   3.53e-05
  1.1554e+03   3.38e-05
  1.1848e+03   3.24e-05
  1.2150e+03   3.10e-05
  1.2460e+03   2.97e-05
  1.2778e+03   2.85e-05
  1.3104e+03   2.73e-05
  1.3438e+03   2.62e-05
  1.3780e+03   2.51e-05
  1.4132e+03   2.41e-05
  1.4492e+03   2.31e-05
  1.4862e+03   2.21e-05
  1.5241e+03   2.12e-05
  1.5629e+03   2.03e-05
  1.6028e+03   1.95e-05
  1.6436e+03   1.87e-05
  1.6856e+03   1.80e-05
  1.7285e+03   1.72e-05
  1.7726e+03   1.65e-05
  1.8178e+03   1.59e-05
  1.8642e+03   1.52e-05
  1.9117e+03   1.46e-05
  1.9604e+03   1.40e-05
  2.0104e+03   1.34e-05
  2.0617e+03   1.29e-05
  2.1143e+03   1.24e-05
  2.1682e+03   1.18e-05
  2.2235e+03   1.14e-05
  2.2802e+03   1.09e-05
  2.3383e+03   1.04e-05
  2.3979e+03   9.99e-06
  2.4591e+03   9.57e-06
  2.5218e+03   9.16e-06
  2.5861e+03   8.77e-06
  2.6520e+03   8.39e-06
  2.7196e+03   8.03e-06
  2.7890e+03   7.69e-06
  2.8601e+03   7.36e-06
  2.9330e+03   7.04e-06
  3.0078e+03   6.73e-06
  3.0845e+03   6.43e-06
  3.1632e+03   6.15e-06
  3.2438e+03   5.87e-06
  3.3265e+03   5.61e-06
  3.4113e+03   5.35e-06
  3.4983e+03   5.11e-06
  3.5875e+03   4.87e-06
  3.6790e+03   4.64e-06
  3.7728e+03   4.42e-06
  3.8690e+03   4.20e-06
  3.9677e+03   4.00e-06
  4.0689e+03   3.80e-06
  4.1726e+03   3.60e-06
  4.2790e+03   3.43e-06
  4.3881e+03   3.27e-06
  4.5000e+03   3.11e-06
