#  E [MeV]   Flux [# cm^{-2} s^{-1}  MeV^{-1}]
  3.0000e+04   4.66e-20
  3.1123e+04   4.48e-20
  3.2288e+04   4.31e-20
  3.3497e+04   4.15e-20
  3.4751e+04   3.99e-20
  3.6051e+04   3.83e-20
  3.7401e+04   3.69e-20
  3.8801e+04   3.54e-20
  4.0253e+04   3.41e-20
  4.1760e+04   3.28e-20
  4.3324e+04   3.15e-20
  4.4945e+04   3.03e-20
  4.6628e+04   2.91e-20
  4.8373e+04   2.79e-20
  5.0184e+04   2.69e-20
  5.2063e+04   2.58e-20
  5.4011e+04   2.48e-20
  5.6033e+04   2.38e-20
  5.8131e+04   2.29e-20
  6.0307e+04   2.20e-20
  6.2564e+04   2.11e-20
  6.4906e+04   2.03e-20
  6.7336e+04   1.94e-20
  6.9857e+04   1.87e-20
  7.2472e+04   1.79e-20
  7.5184e+04   1.72e-20
  7.7999e+04   1.65e-20
  8.0919e+04   1.58e-20
  8.3948e+04   1.52e-20
  8.7090e+04   1.45e-20
  9.0350e+04   1.39e-20
  9.3732e+04   1.34e-20
  9.7241e+04   1.28e-20
  1.0088e+05   1.23e-20
  1.0466e+05   1.18e-20
  1.0858e+05   1.13e-20
  1.1264e+05   1.08e-20
  1.1686e+05   1.03e-20
  1.2123e+05   9.89e-21
  1.2577e+05   9.47e-21
  1.3048e+05   9.05e-21
  1.3536e+05   8.66e-21
  1.4043e+05   8.28e-21
  1.4568e+05   7.92e-21
  1.5114e+05   7.56e-21
  1.5680e+05   7.23e-21
  1.6266e+05   6.90e-21
  1.6875e+05   6.58e-21
  1.7507e+05   6.28e-21
  1.8162e+05   5.99e-21
  1.8842e+05   5.72e-21
  1.9548e+05   5.45e-21
  2.0279e+05   5.19e-21
  2.1039e+05   4.95e-21
  2.1826e+05   4.71e-21
  2.2643e+05   4.49e-21
  2.3491e+05   4.27e-21
  2.4370e+05   4.06e-21
  2.5282e+05   3.86e-21
  2.6229e+05   3.67e-21
  2.7211e+05   3.48e-21
  2.8229e+05   3.31e-21
  2.9286e+05   3.14e-21
  3.0382e+05   2.98e-21
  3.1519e+05   2.82e-21
  3.2699e+05   2.67e-21
  3.3923e+05   2.53e-21
  3.5193e+05   2.40e-21
  3.6511e+05   2.27e-21
  3.7877e+05   2.14e-21
  3.9295e+05   2.02e-21
  4.0766e+05   1.91e-21
  4.2292e+05   1.80e-21
  4.3875e+05   1.70e-21
  4.5518e+05   1.60e-21
  4.7222e+05   1.51e-21
  4.8989e+05   1.42e-21
  5.0823e+05   1.34e-21
  5.2726e+05   1.26e-21
  5.4699e+05   1.18e-21
  5.6747e+05   1.11e-21
  5.8871e+05   1.05e-21
  6.1075e+05   9.81e-22
  6.3361e+05   9.20e-22
  6.5733e+05   8.62e-22
  6.8194e+05   8.08e-22
  7.0746e+05   7.56e-22
  7.3395e+05   7.08e-22
  7.6142e+05   6.63e-22
  7.8992e+05   6.19e-22
  8.1949e+05   5.79e-22
  8.5017e+05   5.41e-22
  8.8199e+05   5.05e-22
  9.1501e+05   4.72e-22
  9.4926e+05   4.40e-22
  9.8479e+05   4.10e-22
  1.0217e+06   3.82e-22
  1.0599e+06   3.56e-22
  1.0996e+06   3.31e-22
  1.1407e+06   3.08e-22
  1.1834e+06   2.87e-22
  1.2277e+06   2.66e-22
  1.2737e+06   2.47e-22
  1.3214e+06   2.29e-22
  1.3708e+06   2.13e-22
  1.4222e+06   1.97e-22
  1.4754e+06   1.82e-22
  1.5306e+06   1.69e-22
  1.5879e+06   1.56e-22
  1.6474e+06   1.44e-22
  1.7090e+06   1.33e-22
  1.7730e+06   1.23e-22
  1.8394e+06   1.14e-22
  1.9082e+06   1.05e-22
  1.9797e+06   9.65e-23
  2.0538e+06   8.89e-23
  2.1306e+06   8.18e-23
  2.2104e+06   7.51e-23
  2.2931e+06   6.91e-23
  2.3790e+06   6.34e-23
  2.4680e+06   5.80e-23
  2.5604e+06   5.32e-23
  2.6563e+06   4.87e-23
  2.7557e+06   4.45e-23
  2.8589e+06   4.07e-23
  2.9659e+06   3.71e-23
  3.0769e+06   3.38e-23
  3.1921e+06   3.08e-23
  3.3116e+06   2.81e-23
  3.4355e+06   2.55e-23
  3.5641e+06   2.31e-23
  3.6976e+06   2.10e-23
  3.8360e+06   1.91e-23
  3.9796e+06   1.72e-23
  4.1285e+06   1.56e-23
  4.2831e+06   1.41e-23
  4.4434e+06   1.27e-23
  4.6097e+06   1.15e-23
  4.7823e+06   1.03e-23
  4.9613e+06   9.24e-24
  5.1470e+06   8.33e-24
  5.3397e+06   7.47e-24
  5.5396e+06   6.66e-24
  5.7470e+06   5.97e-24
  5.9621e+06   5.34e-24
  6.1853e+06   4.74e-24
  6.4168e+06   4.23e-24
  6.6570e+06   3.77e-24
  6.9062e+06   3.34e-24
  7.1647e+06   2.96e-24
  7.4329e+06   2.63e-24
  7.7112e+06   2.32e-24
  7.9998e+06   2.04e-24
  8.2993e+06   1.81e-24
  8.6100e+06   1.58e-24
  8.9323e+06   1.39e-24
  9.2666e+06   1.22e-24
  9.6135e+06   1.06e-24
  9.9734e+06   9.24e-25
  1.0347e+07   8.09e-25
  1.0734e+07   7.02e-25
  1.1136e+07   6.04e-25
  1.1553e+07   5.26e-25
  1.1985e+07   4.53e-25
  1.2434e+07   3.86e-25
  1.2899e+07   3.33e-25
  1.3382e+07   2.85e-25
  1.3883e+07   2.40e-25
  1.4403e+07   2.05e-25
  1.4942e+07   1.74e-25
  1.5501e+07   1.45e-25
  1.6081e+07   1.22e-25
  1.6683e+07   1.02e-25
  1.7308e+07   8.39e-26
  1.7956e+07   6.91e-26
  1.8628e+07   5.68e-26
  1.9325e+07   4.58e-26
  2.0049e+07   3.67e-26
  2.0799e+07   2.94e-26
  2.1578e+07   2.30e-26
  2.2386e+07   1.78e-26
  2.3224e+07   1.37e-26
  2.4093e+07   1.03e-26
  2.4995e+07   7.56e-27
  2.5930e+07   5.53e-27
  2.6901e+07   3.91e-27
  2.7908e+07   2.65e-27
  2.8953e+07   1.78e-27
  3.0037e+07   1.14e-27
  3.1161e+07   6.83e-28
  3.2327e+07   3.94e-28
  3.3537e+07   2.10e-28
  3.4793e+07   1.01e-28
  3.6095e+07   4.44e-29
  3.7446e+07   1.70e-29
  3.8848e+07   5.43e-30
  4.0302e+07   1.41e-30
  4.1811e+07   2.79e-31
  4.3376e+07   3.90e-32
  4.5000e+07   3.52e-33
