#  E [GeV]   # per interaction  [GeV^{-1}]
  3.0000e+01   2.64e-02
  3.1123e+01   2.54e-02
  3.2288e+01   2.44e-02
  3.3497e+01   2.35e-02
  3.4751e+01   2.26e-02
  3.6051e+01   2.18e-02
  3.7401e+01   2.09e-02
  3.8801e+01   2.01e-02
  4.0253e+01   1.93e-02
  4.1760e+01   1.86e-02
  4.3324e+01   1.78e-02
  4.4945e+01   1.71e-02
  4.6628e+01   1.65e-02
  4.8373e+01   1.58e-02
  5.0184e+01   1.52e-02
  5.2063e+01   1.46e-02
  5.4011e+01   1.40e-02
  5.6033e+01   1.34e-02
  5.8131e+01   1.29e-02
  6.0307e+01   1.23e-02
  6.2564e+01   1.18e-02
  6.4906e+01   1.13e-02
  6.7336e+01   1.09e-02
  6.9857e+01   1.04e-02
  7.2472e+01   9.99e-03
  7.5184e+01   9.57e-03
  7.7999e+01   9.16e-03
  8.0919e+01   8.77e-03
  8.3948e+01   8.40e-03
  8.7090e+01   8.04e-03
  9.0350e+01   7.69e-03
  9.3732e+01   7.36e-03
  9.7241e+01   7.04e-03
  1.0088e+02   6.74e-03
  1.0466e+02   6.44e-03
  1.0858e+02   6.16e-03
  1.1264e+02   5.89e-03
  1.1686e+02   5.62e-03
  1.2123e+02   5.37e-03
  1.2577e+02   5.13e-03
  1.3048e+02   4.90e-03
  1.3536e+02   4.68e-03
  1.4043e+02   4.47e-03
  1.4568e+02   4.27e-03
  1.5114e+02   4.07e-03
  1.5680e+02   3.89e-03
  1.6266e+02   3.71e-03
  1.6875e+02   3.54e-03
  1.7507e+02   3.37e-03
  1.8162e+02   3.22e-03
  1.8842e+02   3.07e-03
  1.9548e+02   2.92e-03
  2.0279e+02   2.79e-03
  2.1039e+02   2.65e-03
  2.1826e+02   2.53e-03
  2.2643e+02   2.41e-03
  2.3491e+02   2.29e-03
  2.4370e+02   2.18e-03
  2.5282e+02   2.08e-03
  2.6229e+02   1.98e-03
  2.7211e+02   1.88e-03
  2.8229e+02   1.79e-03
  2.9286e+02   1.71e-03
  3.0382e+02   1.62e-03
  3.1519e+02   1.54e-03
  3.2699e+02   1.47e-03
  3.3923e+02   1.40e-03
  3.5193e+02   1.33e-03
  3.6511e+02   1.26e-03
  3.7877e+02   1.20e-03
  3.9295e+02   1.14e-03
  4.0766e+02   1.08e-03
  4.2292e+02   1.03e-03
  4.3875e+02   9.80e-04
  4.5518e+02   9.31e-04
  4.7222e+02   8.85e-04
  4.8989e+02   8.41e-04
  5.0823e+02   7.99e-04
  5.2726e+02   7.59e-04
  5.4699e+02   7.22e-04
  5.6747e+02   6.87e-04
  5.8871e+02   6.53e-04
  6.1075e+02   6.21e-04
  6.3361e+02   5.91e-04
  6.5733e+02   5.62e-04
  6.8194e+02   5.35e-04
  7.0746e+02   5.10e-04
  7.3395e+02   4.85e-04
  7.6142e+02   4.62e-04
  7.8992e+02   4.41e-04
  8.1949e+02   4.21e-04
  8.5017e+02   4.01e-04
  8.8199e+02   3.83e-04
  9.1501e+02   3.66e-04
  9.4926e+02   3.50e-04
  9.8479e+02   3.35e-04
  1.0217e+03   3.20e-04
  1.0599e+03   3.06e-04
  1.0996e+03   2.93e-04
  1.1407e+03   2.81e-04
  1.1834e+03   2.70e-04
  1.2277e+03   2.59e-04
  1.2737e+03   2.49e-04
  1.3214e+03   2.39e-04
  1.3708e+03   2.29e-04
  1.4222e+03   2.21e-04
  1.4754e+03   2.12e-04
  1.5306e+03   2.04e-04
  1.5879e+03   1.97e-04
  1.6474e+03   1.90e-04
  1.7090e+03   1.83e-04
  1.7730e+03   1.76e-04
  1.8394e+03   1.70e-04
  1.9082e+03   1.64e-04
  1.9797e+03   1.59e-04
  2.0538e+03   1.53e-04
  2.1306e+03   1.48e-04
  2.2104e+03   1.43e-04
  2.2931e+03   1.38e-04
  2.3790e+03   1.33e-04
  2.4680e+03   1.28e-04
  2.5604e+03   1.24e-04
  2.6563e+03   1.20e-04
  2.7557e+03   1.15e-04
  2.8589e+03   1.11e-04
  2.9659e+03   1.07e-04
  3.0769e+03   1.03e-04
  3.1921e+03   9.93e-05
  3.3116e+03   9.55e-05
  3.4355e+03   9.18e-05
  3.5641e+03   8.81e-05
  3.6976e+03   8.45e-05
  3.8360e+03   8.10e-05
  3.9796e+03   7.75e-05
  4.1285e+03   7.41e-05
  4.2831e+03   7.08e-05
  4.4434e+03   6.75e-05
  4.6097e+03   6.42e-05
  4.7823e+03   6.10e-05
  4.9613e+03   5.78e-05
  5.1470e+03   5.48e-05
  5.3397e+03   5.18e-05
  5.5396e+03   4.88e-05
  5.7470e+03   4.58e-05
  5.9621e+03   4.30e-05
  6.1853e+03   4.02e-05
  6.4168e+03   3.75e-05
  6.6570e+03   3.49e-05
  6.9062e+03   3.23e-05
  7.1647e+03   2.98e-05
  7.4329e+03   2.75e-05
  7.7112e+03   2.52e-05
  7.9998e+03   2.29e-05
  8.2993e+03   2.08e-05
  8.6100e+03   1.88e-05
  8.9323e+03   1.69e-05
  9.2666e+03   1.51e-05
  9.6135e+03   1.34e-05
  9.9734e+03   1.18e-05
  1.0347e+04   1.03e-05
  1.0734e+04   8.94e-06
  1.1136e+04   7.67e-06
  1.1553e+04   6.53e-06
  1.1985e+04   5.50e-06
  1.2434e+04   4.57e-06
  1.2899e+04   3.75e-06
  1.3382e+04   3.04e-06
  1.3883e+04   2.42e-06
  1.4403e+04   1.90e-06
  1.4942e+04   1.46e-06
  1.5501e+04   1.10e-06
  1.6081e+04   8.08e-07
  1.6683e+04   5.79e-07
  1.7308e+04   4.02e-07
  1.7956e+04   2.70e-07
  1.8628e+04   1.74e-07
  1.9325e+04   1.08e-07
  2.0049e+04   6.34e-08
  2.0799e+04   3.53e-08
  2.1578e+04   1.85e-08
  2.2386e+04   8.99e-09
  2.3224e+04   4.02e-09
  2.4093e+04   1.63e-09
  2.4995e+04   5.92e-10
  2.5930e+04   1.88e-10
  2.6901e+04   5.11e-11
  2.7908e+04   1.17e-11
  2.8953e+04   2.13e-12
  3.0037e+04   2.99e-13
  3.1161e+04   3.14e-14
  3.2327e+04   2.26e-15
  3.3537e+04   1.03e-16
  3.4793e+04   2.79e-18
  3.6095e+04   3.87e-20
  3.7446e+04   2.34e-22
  3.8848e+04   5.19e-25
  4.0302e+04   3.25e-28
  4.1811e+04   4.04e-32
  4.3376e+04   6.70e-37
  4.5000e+04   8.39e-43
