#  E [GeV]   # per interaction  [GeV^{-1}]
  3.0000e+01   1.92e-02
  3.0962e+01   1.84e-02
  3.1955e+01   1.78e-02
  3.2979e+01   1.71e-02
  3.4037e+01   1.65e-02
  3.5128e+01   1.58e-02
  3.6254e+01   1.52e-02
  3.7417e+01   1.47e-02
  3.8616e+01   1.41e-02
  3.9855e+01   1.35e-02
  4.1132e+01   1.30e-02
  4.2451e+01   1.25e-02
  4.3812e+01   1.20e-02
  4.5217e+01   1.16e-02
  4.6667e+01   1.11e-02
  4.8163e+01   1.07e-02
  4.9707e+01   1.02e-02
  5.1301e+01   9.83e-03
  5.2946e+01   9.44e-03
  5.4644e+01   9.06e-03
  5.6396e+01   8.69e-03
  5.8204e+01   8.34e-03
  6.0070e+01   7.99e-03
  6.1996e+01   7.67e-03
  6.3984e+01   7.35e-03
  6.6035e+01   7.04e-03
  6.8153e+01   6.75e-03
  7.0338e+01   6.47e-03
  7.2593e+01   6.20e-03
  7.4921e+01   5.94e-03
  7.7323e+01   5.68e-03
  7.9802e+01   5.44e-03
  8.2361e+01   5.21e-03
  8.5002e+01   4.99e-03
  8.7727e+01   4.77e-03
  9.0540e+01   4.57e-03
  9.3443e+01   4.37e-03
  9.6439e+01   4.18e-03
  9.9531e+01   3.99e-03
  1.0272e+02   3.82e-03
  1.0602e+02   3.65e-03
  1.0942e+02   3.49e-03
  1.1292e+02   3.33e-03
  1.1654e+02   3.18e-03
  1.2028e+02   3.04e-03
  1.2414e+02   2.90e-03
  1.2812e+02   2.77e-03
  1.3223e+02   2.65e-03
  1.3646e+02   2.52e-03
  1.4084e+02   2.41e-03
  1.4536e+02   2.30e-03
  1.5002e+02   2.19e-03
  1.5483e+02   2.09e-03
  1.5979e+02   1.99e-03
  1.6491e+02   1.90e-03
  1.7020e+02   1.81e-03
  1.7566e+02   1.73e-03
  1.8129e+02   1.65e-03
  1.8710e+02   1.57e-03
  1.9310e+02   1.49e-03
  1.9929e+02   1.42e-03
  2.0568e+02   1.35e-03
  2.1228e+02   1.29e-03
  2.1909e+02   1.23e-03
  2.2611e+02   1.17e-03
  2.3336e+02   1.11e-03
  2.4084e+02   1.06e-03
  2.4856e+02   1.00e-03
  2.5653e+02   9.56e-04
  2.6476e+02   9.09e-04
  2.7325e+02   8.64e-04
  2.8201e+02   8.21e-04
  2.9105e+02   7.80e-04
  3.0038e+02   7.41e-04
  3.1002e+02   7.04e-04
  3.1996e+02   6.69e-04
  3.3021e+02   6.35e-04
  3.4080e+02   6.03e-04
  3.5173e+02   5.72e-04
  3.6301e+02   5.43e-04
  3.7465e+02   5.15e-04
  3.8666e+02   4.89e-04
  3.9905e+02   4.64e-04
  4.1185e+02   4.40e-04
  4.2506e+02   4.17e-04
  4.3868e+02   3.95e-04
  4.5275e+02   3.75e-04
  4.6727e+02   3.55e-04
  4.8225e+02   3.36e-04
  4.9771e+02   3.19e-04
  5.1367e+02   3.02e-04
  5.3014e+02   2.86e-04
  5.4714e+02   2.71e-04
  5.6468e+02   2.57e-04
  5.8278e+02   2.43e-04
  6.0147e+02   2.30e-04
  6.2075e+02   2.18e-04
  6.4066e+02   2.07e-04
  6.6120e+02   1.96e-04
  6.8240e+02   1.86e-04
  7.0428e+02   1.76e-04
  7.2686e+02   1.67e-04
  7.5017e+02   1.58e-04
  7.7422e+02   1.50e-04
  7.9904e+02   1.42e-04
  8.2466e+02   1.35e-04
  8.5110e+02   1.28e-04
  8.7839e+02   1.21e-04
  9.0656e+02   1.15e-04
  9.3562e+02   1.09e-04
  9.6562e+02   1.03e-04
  9.9658e+02   9.82e-05
  1.0285e+03   9.33e-05
  1.0615e+03   8.86e-05
  1.0956e+03   8.42e-05
  1.1307e+03   8.01e-05
  1.1669e+03   7.61e-05
  1.2043e+03   7.24e-05
  1.2430e+03   6.89e-05
  1.2828e+03   6.55e-05
  1.3239e+03   6.24e-05
  1.3664e+03   5.94e-05
  1.4102e+03   5.66e-05
  1.4554e+03   5.39e-05
  1.5021e+03   5.14e-05
  1.5502e+03   4.90e-05
  1.6000e+03   4.68e-05
  1.6513e+03   4.46e-05
  1.7042e+03   4.26e-05
  1.7588e+03   4.07e-05
  1.8152e+03   3.88e-05
  1.8734e+03   3.71e-05
  1.9335e+03   3.54e-05
  1.9955e+03   3.38e-05
  2.0595e+03   3.23e-05
  2.1255e+03   3.09e-05
  2.1937e+03   2.95e-05
  2.2640e+03   2.82e-05
  2.3366e+03   2.70e-05
  2.4115e+03   2.58e-05
  2.4888e+03   2.47e-05
  2.5686e+03   2.36e-05
  2.6510e+03   2.25e-05
  2.7360e+03   2.16e-05
  2.8237e+03   2.06e-05
  2.9142e+03   1.97e-05
  3.0077e+03   1.88e-05
  3.1041e+03   1.80e-05
  3.2036e+03   1.72e-05
  3.3064e+03   1.65e-05
  3.4124e+03   1.57e-05
  3.5218e+03   1.50e-05
  3.6347e+03   1.44e-05
  3.7512e+03   1.37e-05
  3.8715e+03   1.31e-05
  3.9957e+03   1.25e-05
  4.1238e+03   1.19e-05
  4.2560e+03   1.13e-05
  4.3924e+03   1.08e-05
  4.5333e+03   1.03e-05
  4.6786e+03   9.78e-06
  4.8286e+03   9.30e-06
  4.9835e+03   8.84e-06
  5.1433e+03   8.39e-06
  5.3082e+03   7.96e-06
  5.4784e+03   7.55e-06
  5.6540e+03   7.15e-06
  5.8353e+03   6.77e-06
  6.0224e+03   6.40e-06
  6.2155e+03   6.05e-06
  6.4148e+03   5.71e-06
  6.6205e+03   5.38e-06
  6.8327e+03   5.07e-06
  7.0518e+03   4.76e-06
  7.2779e+03   4.47e-06
  7.5113e+03   4.19e-06
  7.7521e+03   3.92e-06
  8.0007e+03   3.66e-06
  8.2572e+03   3.42e-06
  8.5219e+03   3.18e-06
  8.7952e+03   2.96e-06
  9.0772e+03   2.74e-06
  9.3682e+03   2.53e-06
  9.6686e+03   2.34e-06
  9.9786e+03   2.15e-06
  1.0299e+04   1.98e-06
  1.0629e+04   1.81e-06
  1.0970e+04   1.65e-06
  1.1321e+04   1.50e-06
  1.1684e+04   1.36e-06
  1.2059e+04   1.22e-06
  1.2446e+04   1.10e-06
  1.2845e+04   9.77e-07
  1.3256e+04   8.67e-07
  1.3681e+04   7.64e-07
  1.4120e+04   6.69e-07
  1.4573e+04   5.81e-07
  1.5040e+04   5.01e-07
  1.5522e+04   4.29e-07
  1.6020e+04   3.65e-07
