#  E [MeV]   Flux [# cm^{-2} s^{-1}  MeV^{-1}]
  3.0000e+04   9.93e-19
  3.0589e+04   9.59e-19
  3.1190e+04   9.26e-19
  3.1803e+04   8.94e-19
  3.2428e+04   8.63e-19
  3.3065e+04   8.33e-19
  3.3714e+04   8.04e-19
  3.4376e+04   7.76e-19
  3.5052e+04   7.48e-19
  3.5740e+04   7.21e-19
  3.6442e+04   6.96e-19
  3.7158e+04   6.70e-19
  3.7888e+04   6.46e-19
  3.8632e+04   6.22e-19
  3.9391e+04   5.99e-19
  4.0165e+04   5.77e-19
  4.0954e+04   5.56e-19
  4.1758e+04   5.35e-19
  4.2579e+04   5.15e-19
  4.3415e+04   4.95e-19
  4.4268e+04   4.77e-19
  4.5138e+04   4.58e-19
  4.6024e+04   4.41e-19
  4.6928e+04   4.24e-19
  4.7850e+04   4.07e-19
  4.8790e+04   3.91e-19
  4.9749e+04   3.76e-19
  5.0726e+04   3.61e-19
  5.1722e+04   3.47e-19
  5.2738e+04   3.33e-19
  5.3774e+04   3.20e-19
  5.4831e+04   3.07e-19
  5.5908e+04   2.94e-19
  5.7006e+04   2.82e-19
  5.8126e+04   2.71e-19
  5.9268e+04   2.60e-19
  6.0432e+04   2.49e-19
  6.1619e+04   2.38e-19
  6.2829e+04   2.28e-19
  6.4064e+04   2.19e-19
  6.5322e+04   2.09e-19
  6.6605e+04   2.01e-19
  6.7913e+04   1.92e-19
  6.9248e+04   1.83e-19
  7.0608e+04   1.75e-19
  7.1995e+04   1.68e-19
  7.3409e+04   1.60e-19
  7.4851e+04   1.53e-19
  7.6321e+04   1.46e-19
  7.7821e+04   1.40e-19
  7.9349e+04   1.33e-19
  8.0908e+04   1.27e-19
  8.2497e+04   1.22e-19
  8.4118e+04   1.16e-19
  8.5770e+04   1.10e-19
  8.7455e+04   1.05e-19
  8.9173e+04   1.00e-19
  9.0925e+04   9.56e-20
  9.2711e+04   9.11e-20
  9.4532e+04   8.67e-20
  9.6389e+04   8.24e-20
  9.8283e+04   7.83e-20
  1.0021e+05   7.46e-20
  1.0218e+05   7.10e-20
  1.0419e+05   6.75e-20
  1.0624e+05   6.41e-20
  1.0832e+05   6.09e-20
  1.1045e+05   5.77e-20
  1.1262e+05   5.49e-20
  1.1483e+05   5.22e-20
  1.1709e+05   4.95e-20
  1.1939e+05   4.69e-20
  1.2173e+05   4.44e-20
  1.2412e+05   4.21e-20
  1.2656e+05   3.99e-20
  1.2905e+05   3.79e-20
  1.3158e+05   3.59e-20
  1.3417e+05   3.39e-20
  1.3680e+05   3.21e-20
  1.3949e+05   3.03e-20
  1.4223e+05   2.87e-20
  1.4503e+05   2.71e-20
  1.4787e+05   2.56e-20
  1.5078e+05   2.42e-20
  1.5374e+05   2.28e-20
  1.5676e+05   2.15e-20
  1.5984e+05   2.03e-20
  1.6298e+05   1.92e-20
  1.6618e+05   1.81e-20
  1.6945e+05   1.70e-20
  1.7278e+05   1.60e-20
  1.7617e+05   1.50e-20
  1.7963e+05   1.42e-20
  1.8316e+05   1.34e-20
  1.8676e+05   1.26e-20
  1.9042e+05   1.18e-20
  1.9417e+05   1.11e-20
  1.9798e+05   1.04e-20
  2.0187e+05   9.81e-21
  2.0583e+05   9.22e-21
  2.0988e+05   8.66e-21
  2.1400e+05   8.11e-21
  2.1820e+05   7.58e-21
  2.2249e+05   7.11e-21
  2.2686e+05   6.69e-21
  2.3132e+05   6.28e-21
  2.3586e+05   5.88e-21
  2.4049e+05   5.49e-21
  2.4522e+05   5.12e-21
  2.5004e+05   4.80e-21
  2.5495e+05   4.50e-21
  2.5996e+05   4.22e-21
  2.6506e+05   3.94e-21
  2.7027e+05   3.67e-21
  2.7558e+05   3.42e-21
  2.8099e+05   3.20e-21
  2.8651e+05   2.99e-21
  2.9214e+05   2.80e-21
  2.9788e+05   2.61e-21
  3.0373e+05   2.42e-21
  3.0970e+05   2.25e-21
  3.1578e+05   2.10e-21
  3.2198e+05   1.96e-21
  3.2831e+05   1.83e-21
  3.3476e+05   1.70e-21
  3.4133e+05   1.58e-21
  3.4804e+05   1.46e-21
  3.5487e+05   1.37e-21
  3.6185e+05   1.28e-21
  3.6895e+05   1.19e-21
  3.7620e+05   1.10e-21
  3.8359e+05   1.02e-21
  3.9113e+05   9.44e-22
  3.9881e+05   8.82e-22
  4.0664e+05   8.22e-22
  4.1463e+05   7.65e-22
  4.2278e+05   7.09e-22
  4.3108e+05   6.56e-22
  4.3955e+05   6.05e-22
  4.4818e+05   5.65e-22
  4.5699e+05   5.26e-22
  4.6596e+05   4.89e-22
  4.7512e+05   4.53e-22
  4.8445e+05   4.18e-22
  4.9397e+05   3.86e-22
  5.0367e+05   3.60e-22
  5.1356e+05   3.35e-22
  5.2365e+05   3.11e-22
  5.3394e+05   2.88e-22
  5.4443e+05   2.66e-22
  5.5512e+05   2.45e-22
  5.6603e+05   2.29e-22
  5.7715e+05   2.13e-22
  5.8848e+05   1.97e-22
  6.0004e+05   1.82e-22
  6.1183e+05   1.68e-22
  6.2385e+05   1.55e-22
  6.3610e+05   1.45e-22
  6.4860e+05   1.34e-22
  6.6134e+05   1.25e-22
  6.7433e+05   1.15e-22
  6.8758e+05   1.06e-22
  7.0108e+05   9.79e-23
  7.1486e+05   9.13e-23
  7.2890e+05   8.49e-23
  7.4322e+05   7.88e-23
  7.5782e+05   7.29e-23
  7.7270e+05   6.73e-23
  7.8788e+05   6.25e-23
  8.0336e+05   5.86e-23
  8.1914e+05   5.47e-23
  8.3523e+05   5.11e-23
  8.5164e+05   4.75e-23
  8.6837e+05   4.42e-23
  8.8542e+05   4.15e-23
  9.0282e+05   3.93e-23
  9.2055e+05   3.72e-23
  9.3863e+05   3.52e-23
  9.5707e+05   3.32e-23
  9.7587e+05   3.14e-23
  9.9504e+05   2.99e-23
  1.0146e+06   2.87e-23
  1.0345e+06   2.75e-23
  1.0548e+06   2.64e-23
  1.0756e+06   2.53e-23
  1.0967e+06   2.43e-23
  1.1182e+06   2.35e-23
  1.1402e+06   2.28e-23
  1.1626e+06   2.22e-23
  1.1854e+06   2.15e-23
  1.2087e+06   2.09e-23
  1.2325e+06   2.03e-23
  1.2567e+06   1.98e-23
  1.2814e+06   1.94e-23
  1.3065e+06   1.90e-23
  1.3322e+06   1.86e-23
  1.3584e+06   1.81e-23
  1.3851e+06   1.77e-23
  1.4123e+06   1.74e-23
  1.4400e+06   1.70e-23
