#  E [GeV]   # per interaction  [GeV^{-1}]
  3.0000e+01   1.94e-02
  3.0962e+01   1.87e-02
  3.1955e+01   1.80e-02
  3.2979e+01   1.73e-02
  3.4037e+01   1.67e-02
  3.5128e+01   1.60e-02
  3.6254e+01   1.54e-02
  3.7417e+01   1.48e-02
  3.8616e+01   1.43e-02
  3.9855e+01   1.37e-02
  4.1132e+01   1.32e-02
  4.2451e+01   1.27e-02
  4.3812e+01   1.22e-02
  4.5217e+01   1.17e-02
  4.6667e+01   1.13e-02
  4.8163e+01   1.08e-02
  4.9707e+01   1.04e-02
  5.1301e+01   9.97e-03
  5.2946e+01   9.57e-03
  5.4644e+01   9.18e-03
  5.6396e+01   8.81e-03
  5.8204e+01   8.45e-03
  6.0070e+01   8.11e-03
  6.1996e+01   7.78e-03
  6.3984e+01   7.45e-03
  6.6035e+01   7.15e-03
  6.8153e+01   6.85e-03
  7.0338e+01   6.56e-03
  7.2593e+01   6.29e-03
  7.4921e+01   6.02e-03
  7.7323e+01   5.77e-03
  7.9802e+01   5.53e-03
  8.2361e+01   5.29e-03
  8.5002e+01   5.06e-03
  8.7727e+01   4.85e-03
  9.0540e+01   4.64e-03
  9.3443e+01   4.44e-03
  9.6439e+01   4.25e-03
  9.9531e+01   4.06e-03
  1.0272e+02   3.88e-03
  1.0602e+02   3.71e-03
  1.0942e+02   3.55e-03
  1.1292e+02   3.39e-03
  1.1654e+02   3.24e-03
  1.2028e+02   3.09e-03
  1.2414e+02   2.95e-03
  1.2812e+02   2.82e-03
  1.3223e+02   2.69e-03
  1.3646e+02   2.57e-03
  1.4084e+02   2.46e-03
  1.4536e+02   2.34e-03
  1.5002e+02   2.24e-03
  1.5483e+02   2.13e-03
  1.5979e+02   2.04e-03
  1.6491e+02   1.94e-03
  1.7020e+02   1.85e-03
  1.7566e+02   1.77e-03
  1.8129e+02   1.68e-03
  1.8710e+02   1.60e-03
  1.9310e+02   1.53e-03
  1.9929e+02   1.46e-03
  2.0568e+02   1.39e-03
  2.1228e+02   1.32e-03
  2.1909e+02   1.26e-03
  2.2611e+02   1.20e-03
  2.3336e+02   1.14e-03
  2.4084e+02   1.09e-03
  2.4856e+02   1.03e-03
  2.5653e+02   9.85e-04
  2.6476e+02   9.38e-04
  2.7325e+02   8.92e-04
  2.8201e+02   8.49e-04
  2.9105e+02   8.08e-04
  3.0038e+02   7.69e-04
  3.1002e+02   7.31e-04
  3.1996e+02   6.95e-04
  3.3021e+02   6.61e-04
  3.4080e+02   6.28e-04
  3.5173e+02   5.97e-04
  3.6301e+02   5.68e-04
  3.7465e+02   5.40e-04
  3.8666e+02   5.13e-04
  3.9905e+02   4.87e-04
  4.1185e+02   4.63e-04
  4.2506e+02   4.40e-04
  4.3868e+02   4.18e-04
  4.5275e+02   3.97e-04
  4.6727e+02   3.77e-04
  4.8225e+02   3.58e-04
  4.9771e+02   3.40e-04
  5.1367e+02   3.23e-04
  5.3014e+02   3.07e-04
  5.4714e+02   2.91e-04
  5.6468e+02   2.77e-04
  5.8278e+02   2.63e-04
  6.0147e+02   2.49e-04
  6.2075e+02   2.37e-04
  6.4066e+02   2.25e-04
  6.6120e+02   2.14e-04
  6.8240e+02   2.03e-04
  7.0428e+02   1.93e-04
  7.2686e+02   1.83e-04
  7.5017e+02   1.74e-04
  7.7422e+02   1.66e-04
  7.9904e+02   1.57e-04
  8.2466e+02   1.50e-04
  8.5110e+02   1.42e-04
  8.7839e+02   1.35e-04
  9.0656e+02   1.29e-04
  9.3562e+02   1.22e-04
  9.6562e+02   1.17e-04
  9.9658e+02   1.11e-04
  1.0285e+03   1.06e-04
  1.0615e+03   1.01e-04
  1.0956e+03   9.58e-05
  1.1307e+03   9.13e-05
  1.1669e+03   8.70e-05
  1.2043e+03   8.30e-05
  1.2430e+03   7.91e-05
  1.2828e+03   7.54e-05
  1.3239e+03   7.20e-05
  1.3664e+03   6.86e-05
  1.4102e+03   6.55e-05
  1.4554e+03   6.26e-05
  1.5021e+03   5.98e-05
  1.5502e+03   5.71e-05
  1.6000e+03   5.46e-05
  1.6513e+03   5.22e-05
  1.7042e+03   4.99e-05
  1.7588e+03   4.77e-05
  1.8152e+03   4.56e-05
  1.8734e+03   4.36e-05
  1.9335e+03   4.17e-05
  1.9955e+03   3.99e-05
  2.0595e+03   3.82e-05
  2.1255e+03   3.65e-05
  2.1937e+03   3.50e-05
  2.2640e+03   3.35e-05
  2.3366e+03   3.20e-05
  2.4115e+03   3.07e-05
  2.4888e+03   2.94e-05
  2.5686e+03   2.81e-05
  2.6510e+03   2.69e-05
  2.7360e+03   2.58e-05
  2.8237e+03   2.47e-05
  2.9142e+03   2.37e-05
  3.0077e+03   2.26e-05
  3.1041e+03   2.17e-05
  3.2036e+03   2.08e-05
  3.3064e+03   1.99e-05
  3.4124e+03   1.90e-05
  3.5218e+03   1.82e-05
  3.6347e+03   1.74e-05
  3.7512e+03   1.67e-05
  3.8715e+03   1.60e-05
  3.9957e+03   1.53e-05
  4.1238e+03   1.46e-05
  4.2560e+03   1.39e-05
  4.3924e+03   1.33e-05
  4.5333e+03   1.27e-05
  4.6786e+03   1.21e-05
  4.8286e+03   1.16e-05
  4.9835e+03   1.10e-05
  5.1433e+03   1.05e-05
  5.3082e+03   1.00e-05
  5.4784e+03   9.53e-06
  5.6540e+03   9.07e-06
  5.8353e+03   8.62e-06
  6.0224e+03   8.19e-06
  6.2155e+03   7.78e-06
  6.4148e+03   7.38e-06
  6.6205e+03   7.00e-06
  6.8327e+03   6.64e-06
  7.0518e+03   6.28e-06
  7.2779e+03   5.94e-06
  7.5113e+03   5.61e-06
  7.7521e+03   5.29e-06
  8.0007e+03   4.99e-06
  8.2572e+03   4.70e-06
  8.5219e+03   4.41e-06
  8.7952e+03   4.15e-06
  9.0772e+03   3.89e-06
  9.3682e+03   3.64e-06
  9.6686e+03   3.40e-06
  9.9786e+03   3.18e-06
  1.0299e+04   2.96e-06
  1.0629e+04   2.75e-06
  1.0970e+04   2.55e-06
  1.1321e+04   2.36e-06
  1.1684e+04   2.18e-06
  1.2059e+04   2.01e-06
  1.2446e+04   1.84e-06
  1.2845e+04   1.68e-06
  1.3256e+04   1.54e-06
  1.3681e+04   1.39e-06
  1.4120e+04   1.26e-06
  1.4573e+04   1.13e-06
  1.5040e+04   1.01e-06
  1.5522e+04   9.00e-07
  1.6020e+04   8.01e-07
