#  E [MeV]   Flux [# cm^{-2} s^{-1}  MeV^{-1}]
  3.0000e+04   2.53e-19
  3.0765e+04   2.45e-19
  3.1549e+04   2.37e-19
  3.2354e+04   2.29e-19
  3.3179e+04   2.21e-19
  3.4025e+04   2.14e-19
  3.4892e+04   2.07e-19
  3.5782e+04   2.00e-19
  3.6695e+04   1.93e-19
  3.7630e+04   1.86e-19
  3.8590e+04   1.80e-19
  3.9574e+04   1.74e-19
  4.0583e+04   1.68e-19
  4.1618e+04   1.62e-19
  4.2679e+04   1.56e-19
  4.3767e+04   1.51e-19
  4.4883e+04   1.45e-19
  4.6028e+04   1.40e-19
  4.7201e+04   1.35e-19
  4.8405e+04   1.30e-19
  4.9639e+04   1.26e-19
  5.0905e+04   1.21e-19
  5.2203e+04   1.17e-19
  5.3534e+04   1.12e-19
  5.4899e+04   1.08e-19
  5.6299e+04   1.04e-19
  5.7734e+04   1.00e-19
  5.9207e+04   9.62e-20
  6.0716e+04   9.25e-20
  6.2264e+04   8.90e-20
  6.3852e+04   8.55e-20
  6.5480e+04   8.22e-20
  6.7150e+04   7.90e-20
  6.8862e+04   7.59e-20
  7.0618e+04   7.29e-20
  7.2419e+04   7.00e-20
  7.4265e+04   6.72e-20
  7.6159e+04   6.45e-20
  7.8101e+04   6.19e-20
  8.0092e+04   5.94e-20
  8.2135e+04   5.70e-20
  8.4229e+04   5.47e-20
  8.6377e+04   5.24e-20
  8.8579e+04   5.02e-20
  9.0838e+04   4.82e-20
  9.3154e+04   4.61e-20
  9.5529e+04   4.42e-20
  9.7965e+04   4.23e-20
  1.0046e+05   4.05e-20
  1.0303e+05   3.88e-20
  1.0565e+05   3.71e-20
  1.0835e+05   3.55e-20
  1.1111e+05   3.39e-20
  1.1394e+05   3.24e-20
  1.1685e+05   3.10e-20
  1.1983e+05   2.96e-20
  1.2288e+05   2.83e-20
  1.2602e+05   2.70e-20
  1.2923e+05   2.57e-20
  1.3252e+05   2.46e-20
  1.3590e+05   2.34e-20
  1.3937e+05   2.23e-20
  1.4292e+05   2.13e-20
  1.4657e+05   2.03e-20
  1.5030e+05   1.93e-20
  1.5414e+05   1.84e-20
  1.5807e+05   1.75e-20
  1.6210e+05   1.67e-20
  1.6623e+05   1.58e-20
  1.7047e+05   1.51e-20
  1.7482e+05   1.43e-20
  1.7927e+05   1.36e-20
  1.8384e+05   1.29e-20
  1.8853e+05   1.23e-20
  1.9334e+05   1.16e-20
  1.9827e+05   1.10e-20
  2.0333e+05   1.05e-20
  2.0851e+05   9.92e-21
  2.1383e+05   9.39e-21
  2.1928e+05   8.90e-21
  2.2487e+05   8.42e-21
  2.3060e+05   7.96e-21
  2.3648e+05   7.52e-21
  2.4251e+05   7.11e-21
  2.4870e+05   6.72e-21
  2.5504e+05   6.34e-21
  2.6154e+05   5.98e-21
  2.6821e+05   5.63e-21
  2.7505e+05   5.31e-21
  2.8206e+05   5.01e-21
  2.8926e+05   4.71e-21
  2.9663e+05   4.43e-21
  3.0420e+05   4.17e-21
  3.1195e+05   3.92e-21
  3.1991e+05   3.68e-21
  3.2806e+05   3.45e-21
  3.3643e+05   3.24e-21
  3.4501e+05   3.04e-21
  3.5381e+05   2.85e-21
  3.6283e+05   2.67e-21
  3.7208e+05   2.49e-21
  3.8157e+05   2.33e-21
  3.9130e+05   2.18e-21
  4.0127e+05   2.04e-21
  4.1150e+05   1.90e-21
  4.2200e+05   1.77e-21
  4.3276e+05   1.65e-21
  4.4379e+05   1.54e-21
  4.5511e+05   1.43e-21
  4.6671e+05   1.33e-21
  4.7861e+05   1.24e-21
  4.9082e+05   1.15e-21
  5.0333e+05   1.07e-21
  5.1617e+05   9.90e-22
  5.2933e+05   9.16e-22
  5.4283e+05   8.49e-22
  5.5667e+05   7.87e-22
  5.7086e+05   7.28e-22
  5.8542e+05   6.73e-22
  6.0035e+05   6.20e-22
  6.1565e+05   5.74e-22
  6.3135e+05   5.30e-22
  6.4745e+05   4.88e-22
  6.6396e+05   4.49e-22
  6.8089e+05   4.14e-22
  6.9825e+05   3.81e-22
  7.1606e+05   3.51e-22
  7.3432e+05   3.22e-22
  7.5304e+05   2.95e-22
  7.7224e+05   2.71e-22
  7.9193e+05   2.49e-22
  8.1213e+05   2.28e-22
  8.3283e+05   2.09e-22
  8.5407e+05   1.91e-22
  8.7585e+05   1.75e-22
  8.9818e+05   1.60e-22
  9.2108e+05   1.46e-22
  9.4457e+05   1.33e-22
  9.6866e+05   1.21e-22
  9.9336e+05   1.11e-22
  1.0187e+06   1.01e-22
  1.0447e+06   9.14e-23
  1.0713e+06   8.30e-23
  1.0986e+06   7.57e-23
  1.1266e+06   6.89e-23
  1.1554e+06   6.24e-23
  1.1848e+06   5.63e-23
  1.2150e+06   5.12e-23
  1.2460e+06   4.65e-23
  1.2778e+06   4.21e-23
  1.3104e+06   3.80e-23
  1.3438e+06   3.41e-23
  1.3780e+06   3.10e-23
  1.4132e+06   2.80e-23
  1.4492e+06   2.53e-23
  1.4862e+06   2.26e-23
  1.5241e+06   2.04e-23
  1.5629e+06   1.84e-23
  1.6028e+06   1.66e-23
  1.6436e+06   1.48e-23
  1.6856e+06   1.32e-23
  1.7285e+06   1.19e-23
  1.7726e+06   1.07e-23
  1.8178e+06   9.52e-24
  1.8642e+06   8.43e-24
  1.9117e+06   7.49e-24
  1.9604e+06   6.72e-24
  2.0104e+06   5.99e-24
  2.0617e+06   5.30e-24
  2.1143e+06   4.64e-24
  2.1682e+06   4.15e-24
  2.2235e+06   3.70e-24
  2.2802e+06   3.27e-24
  2.3383e+06   2.86e-24
  2.3979e+06   2.50e-24
  2.4591e+06   2.23e-24
  2.5218e+06   1.97e-24
  2.5861e+06   1.73e-24
  2.6520e+06   1.50e-24
  2.7196e+06   1.32e-24
  2.7890e+06   1.16e-24
  2.8601e+06   1.02e-24
  2.9330e+06   8.83e-25
  3.0078e+06   7.58e-25
  3.0845e+06   6.70e-25
  3.1632e+06   5.87e-25
  3.2438e+06   5.08e-25
  3.3265e+06   4.33e-25
  3.4113e+06   3.74e-25
  3.4983e+06   3.26e-25
  3.5875e+06   2.80e-25
  3.6790e+06   2.37e-25
  3.7728e+06   1.96e-25
  3.8690e+06   1.69e-25
  3.9677e+06   1.43e-25
  4.0689e+06   1.18e-25
  4.1726e+06   9.56e-26
  4.2790e+06   7.77e-26
  4.3881e+06   6.54e-26
  4.5000e+06   5.38e-26
