#  E [MeV]   Flux [# cm^{-2} s^{-1}  MeV^{-1}]
  3.0000e+04   1.53e-21
  3.1123e+04   1.47e-21
  3.2288e+04   1.42e-21
  3.3497e+04   1.36e-21
  3.4751e+04   1.31e-21
  3.6051e+04   1.26e-21
  3.7401e+04   1.21e-21
  3.8801e+04   1.16e-21
  4.0253e+04   1.12e-21
  4.1760e+04   1.07e-21
  4.3324e+04   1.03e-21
  4.4945e+04   9.92e-22
  4.6628e+04   9.52e-22
  4.8373e+04   9.14e-22
  5.0184e+04   8.78e-22
  5.2063e+04   8.42e-22
  5.4011e+04   8.08e-22
  5.6033e+04   7.75e-22
  5.8131e+04   7.44e-22
  6.0307e+04   7.13e-22
  6.2564e+04   6.84e-22
  6.4906e+04   6.56e-22
  6.7336e+04   6.28e-22
  6.9857e+04   6.02e-22
  7.2472e+04   5.77e-22
  7.5184e+04   5.52e-22
  7.7999e+04   5.29e-22
  8.0919e+04   5.06e-22
  8.3948e+04   4.85e-22
  8.7090e+04   4.64e-22
  9.0350e+04   4.44e-22
  9.3732e+04   4.25e-22
  9.7241e+04   4.06e-22
  1.0088e+05   3.88e-22
  1.0466e+05   3.71e-22
  1.0858e+05   3.55e-22
  1.1264e+05   3.39e-22
  1.1686e+05   3.24e-22
  1.2123e+05   3.09e-22
  1.2577e+05   2.95e-22
  1.3048e+05   2.82e-22
  1.3536e+05   2.69e-22
  1.4043e+05   2.57e-22
  1.4568e+05   2.45e-22
  1.5114e+05   2.34e-22
  1.5680e+05   2.23e-22
  1.6266e+05   2.12e-22
  1.6875e+05   2.03e-22
  1.7507e+05   1.93e-22
  1.8162e+05   1.84e-22
  1.8842e+05   1.75e-22
  1.9548e+05   1.67e-22
  2.0279e+05   1.59e-22
  2.1039e+05   1.51e-22
  2.1826e+05   1.44e-22
  2.2643e+05   1.37e-22
  2.3491e+05   1.30e-22
  2.4370e+05   1.24e-22
  2.5282e+05   1.18e-22
  2.6229e+05   1.12e-22
  2.7211e+05   1.06e-22
  2.8229e+05   1.01e-22
  2.9286e+05   9.59e-23
  3.0382e+05   9.11e-23
  3.1519e+05   8.65e-23
  3.2699e+05   8.21e-23
  3.3923e+05   7.79e-23
  3.5193e+05   7.39e-23
  3.6511e+05   7.01e-23
  3.7877e+05   6.65e-23
  3.9295e+05   6.30e-23
  4.0766e+05   5.97e-23
  4.2292e+05   5.66e-23
  4.3875e+05   5.36e-23
  4.5518e+05   5.08e-23
  4.7222e+05   4.81e-23
  4.8989e+05   4.56e-23
  5.0823e+05   4.32e-23
  5.2726e+05   4.08e-23
  5.4699e+05   3.87e-23
  5.6747e+05   3.67e-23
  5.8871e+05   3.47e-23
  6.1075e+05   3.29e-23
  6.3361e+05   3.12e-23
  6.5733e+05   2.96e-23
  6.8194e+05   2.80e-23
  7.0746e+05   2.66e-23
  7.3395e+05   2.52e-23
  7.6142e+05   2.39e-23
  7.8992e+05   2.27e-23
  8.1949e+05   2.16e-23
  8.5017e+05   2.05e-23
  8.8199e+05   1.95e-23
  9.1501e+05   1.86e-23
  9.4926e+05   1.77e-23
  9.8479e+05   1.68e-23
  1.0217e+06   1.60e-23
  1.0599e+06   1.53e-23
  1.0996e+06   1.46e-23
  1.1407e+06   1.40e-23
  1.1834e+06   1.33e-23
  1.2277e+06   1.28e-23
  1.2737e+06   1.22e-23
  1.3214e+06   1.17e-23
  1.3708e+06   1.12e-23
  1.4222e+06   1.07e-23
  1.4754e+06   1.03e-23
  1.5306e+06   9.89e-24
  1.5879e+06   9.51e-24
  1.6474e+06   9.14e-24
  1.7090e+06   8.79e-24
  1.7730e+06   8.45e-24
  1.8394e+06   8.14e-24
  1.9082e+06   7.84e-24
  1.9797e+06   7.55e-24
  2.0538e+06   7.27e-24
  2.1306e+06   7.01e-24
  2.2104e+06   6.75e-24
  2.2931e+06   6.51e-24
  2.3790e+06   6.27e-24
  2.4680e+06   6.04e-24
  2.5604e+06   5.81e-24
  2.6563e+06   5.60e-24
  2.7557e+06   5.39e-24
  2.8589e+06   5.18e-24
  2.9659e+06   4.98e-24
  3.0769e+06   4.78e-24
  3.1921e+06   4.59e-24
  3.3116e+06   4.40e-24
  3.4355e+06   4.22e-24
  3.5641e+06   4.04e-24
  3.6976e+06   3.86e-24
  3.8360e+06   3.69e-24
  3.9796e+06   3.51e-24
  4.1285e+06   3.35e-24
  4.2831e+06   3.18e-24
  4.4434e+06   3.02e-24
  4.6097e+06   2.86e-24
  4.7823e+06   2.70e-24
  4.9613e+06   2.55e-24
  5.1470e+06   2.40e-24
  5.3397e+06   2.25e-24
  5.5396e+06   2.10e-24
  5.7470e+06   1.96e-24
  5.9621e+06   1.83e-24
  6.1853e+06   1.69e-24
  6.4168e+06   1.56e-24
  6.6570e+06   1.44e-24
  6.9062e+06   1.32e-24
  7.1647e+06   1.20e-24
  7.4329e+06   1.09e-24
  7.7112e+06   9.86e-25
  7.9998e+06   8.86e-25
  8.2993e+06   7.92e-25
  8.6100e+06   7.02e-25
  8.9323e+06   6.18e-25
  9.2666e+06   5.41e-25
  9.6135e+06   4.69e-25
  9.9734e+06   4.02e-25
  1.0347e+07   3.43e-25
  1.0734e+07   2.88e-25
  1.1136e+07   2.40e-25
  1.1553e+07   1.97e-25
  1.1985e+07   1.60e-25
  1.2434e+07   1.28e-25
  1.2899e+07   1.00e-25
  1.3382e+07   7.74e-26
  1.3883e+07   5.84e-26
  1.4403e+07   4.31e-26
  1.4942e+07   3.11e-26
  1.5501e+07   2.18e-26
  1.6081e+07   1.48e-26
  1.6683e+07   9.72e-27
  1.7308e+07   6.12e-27
  1.7956e+07   3.69e-27
  1.8628e+07   2.12e-27
  1.9325e+07   1.15e-27
  2.0049e+07   5.83e-28
  2.0799e+07   2.75e-28
  2.1578e+07   1.20e-28
  2.2386e+07   4.73e-29
  2.3224e+07   1.67e-29
  2.4093e+07   5.22e-30
  2.4995e+07   1.41e-30
  2.5930e+07   3.18e-31
  2.6901e+07   5.89e-32
  2.7908e+07   8.61e-33
  2.8953e+07   9.47e-34
  3.0037e+07   7.46e-35
  3.1161e+07   3.99e-36
  3.2327e+07   1.31e-37
  3.3537e+07   2.43e-39
  3.4793e+07   2.28e-41
  3.6095e+07   9.10e-44
  3.7446e+07   1.26e-46
  3.8848e+07   5.00e-50
  4.0302e+07   3.95e-54
  4.1811e+07   4.14e-59
  4.3376e+07   3.58e-65
  4.5000e+07   5.57e-66
