#  E [GeV]   # per interaction  [GeV^{-1}]
  3.0000e+01   5.00e-01
  3.0854e+01   4.84e-01
  3.1733e+01   4.68e-01
  3.2636e+01   4.53e-01
  3.3566e+01   4.38e-01
  3.4521e+01   4.23e-01
  3.5504e+01   4.09e-01
  3.6515e+01   3.95e-01
  3.7555e+01   3.82e-01
  3.8625e+01   3.69e-01
  3.9724e+01   3.56e-01
  4.0855e+01   3.44e-01
  4.2019e+01   3.32e-01
  4.3215e+01   3.20e-01
  4.4446e+01   3.09e-01
  4.5711e+01   2.98e-01
  4.7013e+01   2.87e-01
  4.8352e+01   2.77e-01
  4.9728e+01   2.67e-01
  5.1144e+01   2.57e-01
  5.2601e+01   2.47e-01
  5.4099e+01   2.38e-01
  5.5639e+01   2.29e-01
  5.7223e+01   2.20e-01
  5.8853e+01   2.12e-01
  6.0528e+01   2.04e-01
  6.2252e+01   1.96e-01
  6.4025e+01   1.88e-01
  6.5848e+01   1.81e-01
  6.7723e+01   1.73e-01
  6.9651e+01   1.66e-01
  7.1634e+01   1.60e-01
  7.3674e+01   1.53e-01
  7.5772e+01   1.47e-01
  7.7929e+01   1.41e-01
  8.0148e+01   1.35e-01
  8.2431e+01   1.29e-01
  8.4778e+01   1.24e-01
  8.7192e+01   1.19e-01
  8.9674e+01   1.13e-01
  9.2228e+01   1.08e-01
  9.4854e+01   1.04e-01
  9.7555e+01   9.92e-02
  1.0033e+02   9.47e-02
  1.0319e+02   9.05e-02
  1.0613e+02   8.64e-02
  1.0915e+02   8.24e-02
  1.1226e+02   7.86e-02
  1.1545e+02   7.50e-02
  1.1874e+02   7.15e-02
  1.2212e+02   6.82e-02
  1.2560e+02   6.50e-02
  1.2918e+02   6.19e-02
  1.3286e+02   5.89e-02
  1.3664e+02   5.61e-02
  1.4053e+02   5.34e-02
  1.4453e+02   5.08e-02
  1.4865e+02   4.83e-02
  1.5288e+02   4.59e-02
  1.5723e+02   4.37e-02
  1.6171e+02   4.15e-02
  1.6631e+02   3.94e-02
  1.7105e+02   3.74e-02
  1.7592e+02   3.55e-02
  1.8093e+02   3.36e-02
  1.8608e+02   3.19e-02
  1.9138e+02   3.02e-02
  1.9683e+02   2.86e-02
  2.0243e+02   2.70e-02
  2.0820e+02   2.55e-02
  2.1413e+02   2.41e-02
  2.2022e+02   2.28e-02
  2.2649e+02   2.15e-02
  2.3294e+02   2.03e-02
  2.3958e+02   1.91e-02
  2.4640e+02   1.80e-02
  2.5341e+02   1.70e-02
  2.6063e+02   1.60e-02
  2.6805e+02   1.50e-02
  2.7568e+02   1.41e-02
  2.8353e+02   1.33e-02
  2.9161e+02   1.25e-02
  2.9991e+02   1.17e-02
  3.0845e+02   1.10e-02
  3.1723e+02   1.03e-02
  3.2627e+02   9.65e-03
  3.3556e+02   9.02e-03
  3.4511e+02   8.44e-03
  3.5494e+02   7.89e-03
  3.6504e+02   7.37e-03
  3.7544e+02   6.88e-03
  3.8613e+02   6.41e-03
  3.9712e+02   5.98e-03
  4.0843e+02   5.57e-03
  4.2006e+02   5.17e-03
  4.3202e+02   4.80e-03
  4.4432e+02   4.47e-03
  4.5698e+02   4.15e-03
  4.6999e+02   3.84e-03
  4.8337e+02   3.56e-03
  4.9713e+02   3.30e-03
  5.1129e+02   3.05e-03
  5.2585e+02   2.82e-03
  5.4082e+02   2.60e-03
  5.5622e+02   2.41e-03
  5.7206e+02   2.22e-03
  5.8835e+02   2.05e-03
  6.0510e+02   1.88e-03
  6.2233e+02   1.74e-03
  6.4005e+02   1.60e-03
  6.5828e+02   1.47e-03
  6.7702e+02   1.34e-03
  6.9630e+02   1.24e-03
  7.1613e+02   1.14e-03
  7.3652e+02   1.04e-03
  7.5749e+02   9.51e-04
  7.7906e+02   8.72e-04
  8.0124e+02   7.98e-04
  8.2406e+02   7.29e-04
  8.4752e+02   6.64e-04
  8.7165e+02   6.07e-04
  8.9647e+02   5.55e-04
  9.2200e+02   5.06e-04
  9.4825e+02   4.60e-04
  9.7526e+02   4.19e-04
  1.0030e+03   3.82e-04
  1.0316e+03   3.48e-04
  1.0610e+03   3.15e-04
  1.0912e+03   2.86e-04
  1.1222e+03   2.61e-04
  1.1542e+03   2.37e-04
  1.1871e+03   2.14e-04
  1.2209e+03   1.94e-04
  1.2556e+03   1.77e-04
  1.2914e+03   1.60e-04
  1.3281e+03   1.45e-04
  1.3660e+03   1.31e-04
  1.4049e+03   1.19e-04
  1.4449e+03   1.08e-04
  1.4860e+03   9.71e-05
  1.5283e+03   8.74e-05
  1.5718e+03   7.93e-05
  1.6166e+03   7.17e-05
  1.6626e+03   6.46e-05
  1.7100e+03   5.79e-05
  1.7587e+03   5.25e-05
  1.8087e+03   4.74e-05
  1.8602e+03   4.26e-05
  1.9132e+03   3.81e-05
  1.9677e+03   3.45e-05
  2.0237e+03   3.12e-05
  2.0813e+03   2.80e-05
  2.1406e+03   2.50e-05
  2.2016e+03   2.26e-05
  2.2642e+03   2.04e-05
  2.3287e+03   1.83e-05
  2.3950e+03   1.63e-05
  2.4632e+03   1.47e-05
  2.5334e+03   1.33e-05
  2.6055e+03   1.19e-05
  2.6797e+03   1.06e-05
  2.7560e+03   9.51e-06
  2.8345e+03   8.57e-06
  2.9152e+03   7.68e-06
  2.9982e+03   6.84e-06
  3.0836e+03   6.12e-06
  3.1714e+03   5.51e-06
  3.2617e+03   4.94e-06
  3.3545e+03   4.40e-06
  3.4501e+03   3.92e-06
  3.5483e+03   3.53e-06
  3.6493e+03   3.15e-06
  3.7532e+03   2.79e-06
  3.8601e+03   2.48e-06
  3.9700e+03   2.23e-06
  4.0831e+03   2.00e-06
  4.1993e+03   1.78e-06
  4.3189e+03   1.58e-06
  4.4419e+03   1.43e-06
  4.5684e+03   1.28e-06
  4.6985e+03   1.15e-06
  4.8322e+03   1.02e-06
  4.9698e+03   9.37e-07
  5.1114e+03   8.55e-07
  5.2569e+03   7.77e-07
  5.4066e+03   7.04e-07
  5.5605e+03   6.52e-07
  5.7189e+03   6.02e-07
  5.8817e+03   5.55e-07
  6.0492e+03   5.10e-07
  6.2214e+03   4.78e-07
  6.3986e+03   4.47e-07
  6.5808e+03   4.18e-07
  6.7682e+03   3.90e-07
  6.9609e+03   3.67e-07
  7.1591e+03   3.46e-07
  7.3630e+03   3.26e-07
  7.5726e+03   3.06e-07
  7.7882e+03   2.88e-07
  8.0100e+03   2.71e-07
