#  E [MeV]   Flux [# cm^{-2} s^{-1}  MeV^{-1}]
  3.0000e+04   2.02e-25
  3.1141e+04   1.94e-25
  3.2326e+04   1.86e-25
  3.3556e+04   1.78e-25
  3.4832e+04   1.71e-25
  3.6157e+04   1.64e-25
  3.7533e+04   1.58e-25
  3.8961e+04   1.52e-25
  4.0443e+04   1.45e-25
  4.1982e+04   1.40e-25
  4.3579e+04   1.34e-25
  4.5237e+04   1.28e-25
  4.6958e+04   1.23e-25
  4.8744e+04   1.18e-25
  5.0598e+04   1.13e-25
  5.2523e+04   1.09e-25
  5.4521e+04   1.04e-25
  5.6596e+04   1.00e-25
  5.8749e+04   9.59e-26
  6.0984e+04   9.19e-26
  6.3304e+04   8.81e-26
  6.5712e+04   8.44e-26
  6.8212e+04   8.09e-26
  7.0807e+04   7.75e-26
  7.3500e+04   7.43e-26
  7.6297e+04   7.12e-26
  7.9199e+04   6.81e-26
  8.2212e+04   6.52e-26
  8.5340e+04   6.25e-26
  8.8586e+04   5.98e-26
  9.1956e+04   5.72e-26
  9.5455e+04   5.47e-26
  9.9086e+04   5.23e-26
  1.0286e+05   5.01e-26
  1.0677e+05   4.79e-26
  1.1083e+05   4.58e-26
  1.1505e+05   4.37e-26
  1.1942e+05   4.18e-26
  1.2397e+05   3.99e-26
  1.2868e+05   3.81e-26
  1.3358e+05   3.64e-26
  1.3866e+05   3.47e-26
  1.4394e+05   3.31e-26
  1.4941e+05   3.16e-26
  1.5509e+05   3.01e-26
  1.6100e+05   2.87e-26
  1.6712e+05   2.73e-26
  1.7348e+05   2.60e-26
  1.8008e+05   2.47e-26
  1.8693e+05   2.35e-26
  1.9404e+05   2.24e-26
  2.0142e+05   2.13e-26
  2.0908e+05   2.02e-26
  2.1704e+05   1.92e-26
  2.2529e+05   1.82e-26
  2.3387e+05   1.72e-26
  2.4276e+05   1.63e-26
  2.5200e+05   1.55e-26
  2.6158e+05   1.46e-26
  2.7154e+05   1.38e-26
  2.8187e+05   1.31e-26
  2.9259e+05   1.24e-26
  3.0372e+05   1.17e-26
  3.1527e+05   1.10e-26
  3.2727e+05   1.04e-26
  3.3972e+05   9.76e-27
  3.5264e+05   9.18e-27
  3.6606e+05   8.63e-27
  3.7998e+05   8.10e-27
  3.9444e+05   7.60e-27
  4.0945e+05   7.13e-27
  4.2502e+05   6.68e-27
  4.4119e+05   6.25e-27
  4.5798e+05   5.85e-27
  4.7540e+05   5.47e-27
  4.9348e+05   5.10e-27
  5.1226e+05   4.76e-27
  5.3175e+05   4.44e-27
  5.5198e+05   4.14e-27
  5.7297e+05   3.85e-27
  5.9477e+05   3.59e-27
  6.1740e+05   3.33e-27
  6.4089e+05   3.10e-27
  6.6527e+05   2.88e-27
  6.9058e+05   2.67e-27
  7.1685e+05   2.48e-27
  7.4412e+05   2.29e-27
  7.7243e+05   2.13e-27
  8.0181e+05   1.97e-27
  8.3232e+05   1.82e-27
  8.6398e+05   1.69e-27
  8.9685e+05   1.56e-27
  9.3097e+05   1.44e-27
  9.6638e+05   1.34e-27
  1.0031e+06   1.24e-27
  1.0413e+06   1.14e-27
  1.0809e+06   1.06e-27
  1.1220e+06   9.75e-28
  1.1647e+06   9.01e-28
  1.2090e+06   8.32e-28
  1.2550e+06   7.69e-28
  1.3028e+06   7.09e-28
  1.3523e+06   6.55e-28
  1.4038e+06   6.04e-28
  1.4572e+06   5.58e-28
  1.5126e+06   5.14e-28
  1.5702e+06   4.75e-28
  1.6299e+06   4.38e-28
  1.6919e+06   4.03e-28
  1.7563e+06   3.72e-28
  1.8231e+06   3.43e-28
  1.8925e+06   3.16e-28
  1.9645e+06   2.91e-28
  2.0392e+06   2.68e-28
  2.1168e+06   2.46e-28
  2.1973e+06   2.27e-28
  2.2809e+06   2.08e-28
  2.3677e+06   1.91e-28
  2.4577e+06   1.76e-28
  2.5512e+06   1.61e-28
  2.6483e+06   1.48e-28
  2.7490e+06   1.35e-28
  2.8536e+06   1.24e-28
  2.9622e+06   1.13e-28
  3.0749e+06   1.03e-28
  3.1918e+06   9.42e-29
  3.3133e+06   8.58e-29
  3.4393e+06   7.80e-29
  3.5702e+06   7.10e-29
  3.7060e+06   6.44e-29
  3.8470e+06   5.83e-29
  3.9933e+06   5.28e-29
  4.1452e+06   4.77e-29
  4.3029e+06   4.30e-29
  4.4666e+06   3.88e-29
  4.6366e+06   3.48e-29
  4.8129e+06   3.12e-29
  4.9960e+06   2.79e-29
  5.1861e+06   2.49e-29
  5.3834e+06   2.21e-29
  5.5882e+06   1.97e-29
  5.8008e+06   1.74e-29
  6.0215e+06   1.53e-29
  6.2506e+06   1.35e-29
  6.4883e+06   1.19e-29
  6.7352e+06   1.04e-29
  6.9914e+06   9.05e-30
  7.2574e+06   7.86e-30
  7.5335e+06   6.77e-30
  7.8201e+06   5.84e-30
  8.1176e+06   5.00e-30
  8.4264e+06   4.25e-30
  8.7470e+06   3.61e-30
  9.0797e+06   3.04e-30
  9.4251e+06   2.54e-30
  9.7837e+06   2.11e-30
  1.0156e+07   1.74e-30
  1.0542e+07   1.42e-30
  1.0943e+07   1.15e-30
  1.1360e+07   9.27e-31
  1.1792e+07   7.33e-31
  1.2240e+07   5.75e-31
  1.2706e+07   4.47e-31
  1.3189e+07   3.41e-31
  1.3691e+07   2.56e-31
  1.4212e+07   1.90e-31
  1.4753e+07   1.38e-31
  1.5314e+07   9.78e-32
  1.5897e+07   6.84e-32
  1.6501e+07   4.62e-32
  1.7129e+07   3.03e-32
  1.7781e+07   1.94e-32
  1.8457e+07   1.19e-32
  1.9159e+07   6.94e-33
  1.9888e+07   3.92e-33
  2.0645e+07   2.08e-33
  2.1430e+07   1.02e-33
  2.2245e+07   4.79e-34
  2.3092e+07   2.04e-34
  2.3970e+07   7.79e-35
  2.4882e+07   2.73e-35
  2.5829e+07   8.31e-36
  2.6811e+07   2.13e-36
  2.7831e+07   4.66e-37
  2.8890e+07   8.15e-38
  2.9989e+07   1.08e-38
  3.1130e+07   1.07e-39
  3.2314e+07   7.28e-41
  3.3544e+07   3.06e-42
  3.4820e+07   7.49e-44
  3.6144e+07   9.16e-46
  3.7519e+07   4.66e-48
  3.8947e+07   8.31e-51
  4.0428e+07   3.90e-54
  4.1966e+07   3.29e-58
  4.3563e+07   3.19e-63
  4.5220e+07   1.91e-69
  4.6941e+07   1.29e-72
  4.8726e+07   9.69e-73
  5.0580e+07   7.21e-73
