#  E [GeV]   # per interaction  [GeV^{-1}]
  3.0000e+01   2.99e-02
  3.1232e+01   2.87e-02
  3.2514e+01   2.76e-02
  3.3849e+01   2.65e-02
  3.5238e+01   2.55e-02
  3.6685e+01   2.45e-02
  3.8191e+01   2.35e-02
  3.9759e+01   2.26e-02
  4.1391e+01   2.17e-02
  4.3090e+01   2.08e-02
  4.4859e+01   1.99e-02
  4.6701e+01   1.91e-02
  4.8618e+01   1.83e-02
  5.0614e+01   1.76e-02
  5.2692e+01   1.68e-02
  5.4855e+01   1.61e-02
  5.7107e+01   1.55e-02
  5.9451e+01   1.48e-02
  6.1892e+01   1.42e-02
  6.4433e+01   1.36e-02
  6.7078e+01   1.30e-02
  6.9832e+01   1.24e-02
  7.2699e+01   1.19e-02
  7.5683e+01   1.14e-02
  7.8790e+01   1.09e-02
  8.2025e+01   1.04e-02
  8.5392e+01   9.92e-03
  8.8898e+01   9.47e-03
  9.2547e+01   9.04e-03
  9.6347e+01   8.63e-03
  1.0030e+02   8.23e-03
  1.0442e+02   7.85e-03
  1.0871e+02   7.49e-03
  1.1317e+02   7.14e-03
  1.1782e+02   6.80e-03
  1.2265e+02   6.48e-03
  1.2769e+02   6.17e-03
  1.3293e+02   5.87e-03
  1.3839e+02   5.58e-03
  1.4407e+02   5.31e-03
  1.4998e+02   5.05e-03
  1.5614e+02   4.79e-03
  1.6255e+02   4.55e-03
  1.6922e+02   4.32e-03
  1.7617e+02   4.10e-03
  1.8340e+02   3.88e-03
  1.9093e+02   3.68e-03
  1.9877e+02   3.48e-03
  2.0693e+02   3.30e-03
  2.1543e+02   3.12e-03
  2.2427e+02   2.95e-03
  2.3348e+02   2.79e-03
  2.4306e+02   2.63e-03
  2.5304e+02   2.48e-03
  2.6343e+02   2.34e-03
  2.7424e+02   2.20e-03
  2.8550e+02   2.07e-03
  2.9722e+02   1.95e-03
  3.0942e+02   1.83e-03
  3.2213e+02   1.72e-03
  3.3535e+02   1.62e-03
  3.4912e+02   1.52e-03
  3.6345e+02   1.42e-03
  3.7837e+02   1.33e-03
  3.9390e+02   1.24e-03
  4.1008e+02   1.16e-03
  4.2691e+02   1.09e-03
  4.4444e+02   1.01e-03
  4.6268e+02   9.44e-04
  4.8168e+02   8.79e-04
  5.0145e+02   8.19e-04
  5.2204e+02   7.61e-04
  5.4347e+02   7.08e-04
  5.6578e+02   6.57e-04
  5.8901e+02   6.10e-04
  6.1319e+02   5.66e-04
  6.3836e+02   5.25e-04
  6.6457e+02   4.86e-04
  6.9185e+02   4.50e-04
  7.2025e+02   4.17e-04
  7.4982e+02   3.86e-04
  7.8061e+02   3.57e-04
  8.1265e+02   3.30e-04
  8.4601e+02   3.06e-04
  8.8075e+02   2.83e-04
  9.1690e+02   2.61e-04
  9.5455e+02   2.42e-04
  9.9373e+02   2.24e-04
  1.0345e+03   2.07e-04
  1.0770e+03   1.91e-04
  1.1212e+03   1.77e-04
  1.1672e+03   1.64e-04
  1.2152e+03   1.52e-04
  1.2650e+03   1.40e-04
  1.3170e+03   1.30e-04
  1.3711e+03   1.20e-04
  1.4273e+03   1.12e-04
  1.4859e+03   1.04e-04
  1.5469e+03   9.60e-05
  1.6104e+03   8.91e-05
  1.6766e+03   8.27e-05
  1.7454e+03   7.67e-05
  1.8170e+03   7.13e-05
  1.8916e+03   6.62e-05
  1.9693e+03   6.15e-05
  2.0501e+03   5.72e-05
  2.1343e+03   5.31e-05
  2.2219e+03   4.94e-05
  2.3131e+03   4.59e-05
  2.4081e+03   4.26e-05
  2.5070e+03   3.96e-05
  2.6099e+03   3.68e-05
  2.7170e+03   3.42e-05
  2.8286e+03   3.18e-05
  2.9447e+03   2.96e-05
  3.0656e+03   2.75e-05
  3.1914e+03   2.56e-05
  3.3225e+03   2.37e-05
  3.4589e+03   2.20e-05
  3.6008e+03   2.05e-05
  3.7487e+03   1.90e-05
  3.9026e+03   1.76e-05
  4.0628e+03   1.63e-05
  4.2296e+03   1.51e-05
  4.4032e+03   1.39e-05
  4.5840e+03   1.29e-05
  4.7722e+03   1.19e-05
  4.9681e+03   1.10e-05
  5.1720e+03   1.01e-05
  5.3844e+03   9.29e-06
  5.6054e+03   8.54e-06
  5.8355e+03   7.83e-06
  6.0751e+03   7.16e-06
  6.3245e+03   6.54e-06
  6.5841e+03   5.96e-06
  6.8544e+03   5.42e-06
  7.1358e+03   4.91e-06
  7.4288e+03   4.43e-06
  7.7338e+03   3.99e-06
  8.0513e+03   3.58e-06
  8.3818e+03   3.20e-06
  8.7259e+03   2.85e-06
  9.0841e+03   2.52e-06
  9.4571e+03   2.22e-06
  9.8453e+03   1.94e-06
  1.0249e+04   1.68e-06
  1.0670e+04   1.45e-06
  1.1108e+04   1.24e-06
  1.1564e+04   1.04e-06
  1.2039e+04   8.73e-07
  1.2533e+04   7.21e-07
  1.3048e+04   5.86e-07
  1.3584e+04   4.70e-07
  1.4141e+04   3.70e-07
  1.4722e+04   2.85e-07
  1.5326e+04   2.15e-07
  1.5955e+04   1.58e-07
  1.6610e+04   1.13e-07
  1.7292e+04   7.78e-08
  1.8002e+04   5.17e-08
  1.8741e+04   3.28e-08
  1.9511e+04   1.98e-08
  2.0312e+04   1.13e-08
  2.1145e+04   5.97e-09
  2.2013e+04   2.92e-09
  2.2917e+04   1.30e-09
  2.3858e+04   5.17e-10
  2.4837e+04   1.80e-10
  2.5857e+04   5.37e-11
  2.6919e+04   1.33e-11
  2.8024e+04   2.63e-12
  2.9174e+04   3.96e-13
  3.0372e+04   4.30e-14
  3.1619e+04   3.12e-15
  3.2917e+04   1.38e-16
  3.4268e+04   3.31e-18
  3.5675e+04   3.70e-20
  3.7140e+04   1.59e-22
  3.8664e+04   2.03e-25
  4.0252e+04   5.50e-29
  4.1904e+04   2.04e-33
  4.3624e+04   5.73e-39
  4.5415e+04   5.46e-46
  4.7280e+04   1.36e-46
  4.9221e+04   1.29e-46
  5.1241e+04   1.22e-46
  5.3345e+04   1.15e-46
  5.5535e+04   1.08e-46
  5.7815e+04   1.02e-46
  6.0188e+04   9.66e-47
  6.2659e+04   9.10e-47
  6.5232e+04   8.57e-47
  6.7910e+04   8.07e-47
  7.0698e+04   7.59e-47
  7.3600e+04   7.13e-47
  7.6621e+04   6.70e-47
  7.9767e+04   6.27e-47
  8.3042e+04   5.87e-47
  8.6451e+04   5.51e-47
  9.0000e+04   5.18e-47
