#  E [MeV]   Flux [# cm^{-2} s^{-1}  MeV^{-1}]
  3.0000e+04   2.27e-27
  3.1232e+04   2.18e-27
  3.2514e+04   2.10e-27
  3.3849e+04   2.02e-27
  3.5238e+04   1.94e-27
  3.6685e+04   1.86e-27
  3.8191e+04   1.79e-27
  3.9759e+04   1.72e-27
  4.1391e+04   1.65e-27
  4.3090e+04   1.58e-27
  4.4859e+04   1.52e-27
  4.6701e+04   1.45e-27
  4.8618e+04   1.39e-27
  5.0614e+04   1.34e-27
  5.2692e+04   1.28e-27
  5.4855e+04   1.23e-27
  5.7107e+04   1.18e-27
  5.9451e+04   1.13e-27
  6.1892e+04   1.08e-27
  6.4433e+04   1.03e-27
  6.7078e+04   9.88e-28
  6.9832e+04   9.45e-28
  7.2699e+04   9.04e-28
  7.5683e+04   8.65e-28
  7.8790e+04   8.26e-28
  8.2025e+04   7.90e-28
  8.5392e+04   7.55e-28
  8.8898e+04   7.21e-28
  9.2547e+04   6.88e-28
  9.6347e+04   6.57e-28
  1.0030e+05   6.26e-28
  1.0442e+05   5.97e-28
  1.0871e+05   5.70e-28
  1.1317e+05   5.43e-28
  1.1782e+05   5.17e-28
  1.2265e+05   4.93e-28
  1.2769e+05   4.69e-28
  1.3293e+05   4.47e-28
  1.3839e+05   4.25e-28
  1.4407e+05   4.04e-28
  1.4998e+05   3.84e-28
  1.5614e+05   3.65e-28
  1.6255e+05   3.46e-28
  1.6922e+05   3.29e-28
  1.7617e+05   3.12e-28
  1.8340e+05   2.95e-28
  1.9093e+05   2.80e-28
  1.9877e+05   2.65e-28
  2.0693e+05   2.51e-28
  2.1543e+05   2.37e-28
  2.2427e+05   2.24e-28
  2.3348e+05   2.12e-28
  2.4306e+05   2.00e-28
  2.5304e+05   1.89e-28
  2.6343e+05   1.78e-28
  2.7424e+05   1.68e-28
  2.8550e+05   1.58e-28
  2.9722e+05   1.48e-28
  3.0942e+05   1.40e-28
  3.2213e+05   1.31e-28
  3.3535e+05   1.23e-28
  3.4912e+05   1.15e-28
  3.6345e+05   1.08e-28
  3.7837e+05   1.01e-28
  3.9390e+05   9.46e-29
  4.1008e+05   8.84e-29
  4.2691e+05   8.26e-29
  4.4444e+05   7.70e-29
  4.6268e+05   7.18e-29
  4.8168e+05   6.69e-29
  5.0145e+05   6.23e-29
  5.2204e+05   5.79e-29
  5.4347e+05   5.38e-29
  5.6578e+05   5.00e-29
  5.8901e+05   4.64e-29
  6.1319e+05   4.30e-29
  6.3836e+05   3.99e-29
  6.6457e+05   3.70e-29
  6.9185e+05   3.42e-29
  7.2025e+05   3.17e-29
  7.4982e+05   2.93e-29
  7.8061e+05   2.72e-29
  8.1265e+05   2.51e-29
  8.4601e+05   2.32e-29
  8.8075e+05   2.15e-29
  9.1690e+05   1.99e-29
  9.5455e+05   1.84e-29
  9.9373e+05   1.70e-29
  1.0345e+06   1.57e-29
  1.0770e+06   1.46e-29
  1.1212e+06   1.35e-29
  1.1672e+06   1.25e-29
  1.2152e+06   1.15e-29
  1.2650e+06   1.07e-29
  1.3170e+06   9.89e-30
  1.3711e+06   9.16e-30
  1.4273e+06   8.50e-30
  1.4859e+06   7.87e-30
  1.5469e+06   7.30e-30
  1.6104e+06   6.78e-30
  1.6766e+06   6.29e-30
  1.7454e+06   5.84e-30
  1.8170e+06   5.42e-30
  1.8916e+06   5.03e-30
  1.9693e+06   4.68e-30
  2.0501e+06   4.35e-30
  2.1343e+06   4.04e-30
  2.2219e+06   3.76e-30
  2.3131e+06   3.49e-30
  2.4081e+06   3.24e-30
  2.5070e+06   3.01e-30
  2.6099e+06   2.80e-30
  2.7170e+06   2.60e-30
  2.8286e+06   2.42e-30
  2.9447e+06   2.25e-30
  3.0656e+06   2.09e-30
  3.1914e+06   1.94e-30
  3.3225e+06   1.81e-30
  3.4589e+06   1.68e-30
  3.6008e+06   1.56e-30
  3.7487e+06   1.44e-30
  3.9026e+06   1.34e-30
  4.0628e+06   1.24e-30
  4.2296e+06   1.15e-30
  4.4032e+06   1.06e-30
  4.5840e+06   9.80e-31
  4.7722e+06   9.04e-31
  4.9681e+06   8.35e-31
  5.1720e+06   7.69e-31
  5.3844e+06   7.07e-31
  5.6054e+06   6.49e-31
  5.8355e+06   5.95e-31
  6.0751e+06   5.45e-31
  6.3245e+06   4.98e-31
  6.5841e+06   4.53e-31
  6.8544e+06   4.12e-31
  7.1358e+06   3.73e-31
  7.4288e+06   3.37e-31
  7.7338e+06   3.04e-31
  8.0513e+06   2.72e-31
  8.3818e+06   2.43e-31
  8.7259e+06   2.16e-31
  9.0841e+06   1.92e-31
  9.4571e+06   1.69e-31
  9.8453e+06   1.47e-31
  1.0249e+07   1.28e-31
  1.0670e+07   1.10e-31
  1.1108e+07   9.40e-32
  1.1564e+07   7.95e-32
  1.2039e+07   6.64e-32
  1.2533e+07   5.48e-32
  1.3048e+07   4.46e-32
  1.3584e+07   3.57e-32
  1.4141e+07   2.81e-32
  1.4722e+07   2.17e-32
  1.5326e+07   1.64e-32
  1.5955e+07   1.20e-32
  1.6610e+07   8.58e-33
  1.7292e+07   5.92e-33
  1.8002e+07   3.93e-33
  1.8741e+07   2.50e-33
  1.9511e+07   1.51e-33
  2.0312e+07   8.56e-34
  2.1145e+07   4.54e-34
  2.2013e+07   2.22e-34
  2.2917e+07   9.88e-35
  2.3858e+07   3.93e-35
  2.4837e+07   1.37e-35
  2.5857e+07   4.09e-36
  2.6919e+07   1.01e-36
  2.8024e+07   2.00e-37
  2.9174e+07   3.02e-38
  3.0372e+07   3.27e-39
  3.1619e+07   2.37e-40
  3.2917e+07   1.05e-41
  3.4268e+07   2.52e-43
  3.5675e+07   2.82e-45
  3.7140e+07   1.21e-47
  3.8664e+07   1.54e-50
  4.0252e+07   4.18e-54
  4.1904e+07   1.55e-58
  4.3624e+07   4.36e-64
  4.5415e+07   4.15e-71
  4.7280e+07   1.04e-71
  4.9221e+07   9.80e-72
  5.1241e+07   9.26e-72
  5.3345e+07   8.74e-72
  5.5535e+07   8.25e-72
  5.7815e+07   7.79e-72
  6.0188e+07   7.35e-72
  6.2659e+07   6.92e-72
  6.5232e+07   6.52e-72
  6.7910e+07   6.14e-72
  7.0698e+07   5.77e-72
  7.3600e+07   5.43e-72
  7.6621e+07   5.09e-72
  7.9767e+07   4.77e-72
  8.3042e+07   4.47e-72
  8.6451e+07   4.19e-72
  9.0000e+07   3.94e-72
