#  E [MeV]   Flux [# cm^{-2} s^{-1}  MeV^{-1}]
  3.0000e+04   1.53e-23
  3.0962e+04   1.47e-23
  3.1955e+04   1.42e-23
  3.2979e+04   1.37e-23
  3.4037e+04   1.33e-23
  3.5128e+04   1.28e-23
  3.6254e+04   1.23e-23
  3.7417e+04   1.19e-23
  3.8616e+04   1.15e-23
  3.9855e+04   1.11e-23
  4.1132e+04   1.07e-23
  4.2451e+04   1.03e-23
  4.3812e+04   9.91e-24
  4.5217e+04   9.55e-24
  4.6667e+04   9.20e-24
  4.8163e+04   8.86e-24
  4.9707e+04   8.54e-24
  5.1301e+04   8.22e-24
  5.2946e+04   7.91e-24
  5.4644e+04   7.62e-24
  5.6396e+04   7.33e-24
  5.8204e+04   7.05e-24
  6.0070e+04   6.78e-24
  6.1996e+04   6.53e-24
  6.3984e+04   6.27e-24
  6.6035e+04   6.03e-24
  6.8153e+04   5.80e-24
  7.0338e+04   5.57e-24
  7.2593e+04   5.35e-24
  7.4921e+04   5.14e-24
  7.7323e+04   4.94e-24
  7.9802e+04   4.74e-24
  8.2361e+04   4.55e-24
  8.5002e+04   4.36e-24
  8.7727e+04   4.19e-24
  9.0540e+04   4.02e-24
  9.3443e+04   3.85e-24
  9.6439e+04   3.69e-24
  9.9531e+04   3.54e-24
  1.0272e+05   3.39e-24
  1.0602e+05   3.25e-24
  1.0942e+05   3.11e-24
  1.1292e+05   2.98e-24
  1.1654e+05   2.85e-24
  1.2028e+05   2.72e-24
  1.2414e+05   2.61e-24
  1.2812e+05   2.49e-24
  1.3223e+05   2.38e-24
  1.3646e+05   2.27e-24
  1.4084e+05   2.17e-24
  1.4536e+05   2.08e-24
  1.5002e+05   1.98e-24
  1.5483e+05   1.89e-24
  1.5979e+05   1.80e-24
  1.6491e+05   1.72e-24
  1.7020e+05   1.64e-24
  1.7566e+05   1.56e-24
  1.8129e+05   1.49e-24
  1.8710e+05   1.42e-24
  1.9310e+05   1.35e-24
  1.9929e+05   1.29e-24
  2.0568e+05   1.22e-24
  2.1228e+05   1.17e-24
  2.1909e+05   1.11e-24
  2.2611e+05   1.05e-24
  2.3336e+05   1.00e-24
  2.4084e+05   9.51e-25
  2.4856e+05   9.03e-25
  2.5653e+05   8.57e-25
  2.6476e+05   8.13e-25
  2.7325e+05   7.71e-25
  2.8201e+05   7.31e-25
  2.9105e+05   6.93e-25
  3.0038e+05   6.57e-25
  3.1002e+05   6.22e-25
  3.1996e+05   5.89e-25
  3.3021e+05   5.58e-25
  3.4080e+05   5.28e-25
  3.5173e+05   4.99e-25
  3.6301e+05   4.72e-25
  3.7465e+05   4.46e-25
  3.8666e+05   4.21e-25
  3.9905e+05   3.98e-25
  4.1185e+05   3.75e-25
  4.2506e+05   3.54e-25
  4.3868e+05   3.33e-25
  4.5275e+05   3.14e-25
  4.6727e+05   2.96e-25
  4.8225e+05   2.79e-25
  4.9771e+05   2.62e-25
  5.1367e+05   2.47e-25
  5.3014e+05   2.32e-25
  5.4714e+05   2.18e-25
  5.6468e+05   2.05e-25
  5.8278e+05   1.92e-25
  6.0147e+05   1.81e-25
  6.2075e+05   1.69e-25
  6.4066e+05   1.59e-25
  6.6120e+05   1.49e-25
  6.8240e+05   1.40e-25
  7.0428e+05   1.31e-25
  7.2686e+05   1.22e-25
  7.5017e+05   1.15e-25
  7.7422e+05   1.07e-25
  7.9904e+05   1.00e-25
  8.2466e+05   9.36e-26
  8.5110e+05   8.74e-26
  8.7839e+05   8.15e-26
  9.0656e+05   7.61e-26
  9.3562e+05   7.10e-26
  9.6562e+05   6.62e-26
  9.9658e+05   6.16e-26
  1.0285e+06   5.75e-26
  1.0615e+06   5.36e-26
  1.0956e+06   4.98e-26
  1.1307e+06   4.64e-26
  1.1669e+06   4.32e-26
  1.2043e+06   4.01e-26
  1.2430e+06   3.72e-26
  1.2828e+06   3.46e-26
  1.3239e+06   3.21e-26
  1.3664e+06   2.97e-26
  1.4102e+06   2.75e-26
  1.4554e+06   2.55e-26
  1.5021e+06   2.36e-26
  1.5502e+06   2.19e-26
  1.6000e+06   2.02e-26
  1.6513e+06   1.87e-26
  1.7042e+06   1.73e-26
  1.7588e+06   1.59e-26
  1.8152e+06   1.47e-26
  1.8734e+06   1.36e-26
  1.9335e+06   1.25e-26
  1.9955e+06   1.15e-26
  2.0595e+06   1.06e-26
  2.1255e+06   9.80e-27
  2.1937e+06   9.00e-27
  2.2640e+06   8.28e-27
  2.3366e+06   7.62e-27
  2.4115e+06   6.99e-27
  2.4888e+06   6.40e-27
  2.5686e+06   5.89e-27
  2.6510e+06   5.40e-27
  2.7360e+06   4.94e-27
  2.8237e+06   4.52e-27
  2.9142e+06   4.15e-27
  3.0077e+06   3.79e-27
  3.1041e+06   3.46e-27
  3.2036e+06   3.16e-27
  3.3064e+06   2.89e-27
  3.4124e+06   2.64e-27
  3.5218e+06   2.39e-27
  3.6347e+06   2.19e-27
  3.7512e+06   2.00e-27
  3.8715e+06   1.81e-27
  3.9957e+06   1.65e-27
  4.1238e+06   1.51e-27
  4.2560e+06   1.37e-27
  4.3924e+06   1.24e-27
  4.5333e+06   1.13e-27
  4.6786e+06   1.03e-27
  4.8286e+06   9.39e-28
  4.9835e+06   8.52e-28
  5.1433e+06   7.79e-28
  5.3082e+06   7.11e-28
  5.4784e+06   6.46e-28
  5.6540e+06   5.89e-28
  5.8353e+06   5.40e-28
  6.0224e+06   4.93e-28
  6.2155e+06   4.49e-28
  6.4148e+06   4.14e-28
  6.6205e+06   3.82e-28
  6.8327e+06   3.51e-28
  7.0518e+06   3.23e-28
  7.2779e+06   3.01e-28
  7.5113e+06   2.80e-28
  7.7521e+06   2.60e-28
  8.0007e+06   2.43e-28
  8.2572e+06   2.29e-28
  8.5219e+06   2.16e-28
  8.7952e+06   2.03e-28
  9.0772e+06   1.93e-28
  9.3682e+06   1.84e-28
  9.6686e+06   1.76e-28
  9.9786e+06   1.68e-28
  1.0299e+07   1.65e-28
  1.0629e+07   1.61e-28
  1.0970e+07   1.56e-28
  1.1321e+07   1.55e-28
  1.1684e+07   1.56e-28
  1.2059e+07   1.56e-28
  1.2446e+07   1.55e-28
  1.2845e+07   1.65e-28
  1.3256e+07   1.74e-28
  1.3681e+07   1.81e-28
  1.4120e+07   1.96e-28
  1.4573e+07   2.34e-28
  1.5040e+07   2.65e-28
  1.5522e+07   2.91e-28
  1.6020e+07   3.01e-28
