#  E [GeV]   # per interaction  [GeV^{-1}]
  3.0000e+01   2.57e-02
  3.1123e+01   2.47e-02
  3.2288e+01   2.38e-02
  3.3497e+01   2.29e-02
  3.4751e+01   2.20e-02
  3.6051e+01   2.11e-02
  3.7401e+01   2.03e-02
  3.8801e+01   1.95e-02
  4.0253e+01   1.87e-02
  4.1760e+01   1.80e-02
  4.3324e+01   1.73e-02
  4.4945e+01   1.66e-02
  4.6628e+01   1.59e-02
  4.8373e+01   1.53e-02
  5.0184e+01   1.46e-02
  5.2063e+01   1.40e-02
  5.4011e+01   1.35e-02
  5.6033e+01   1.29e-02
  5.8131e+01   1.24e-02
  6.0307e+01   1.18e-02
  6.2564e+01   1.13e-02
  6.4906e+01   1.08e-02
  6.7336e+01   1.04e-02
  6.9857e+01   9.93e-03
  7.2472e+01   9.50e-03
  7.5184e+01   9.08e-03
  7.7999e+01   8.68e-03
  8.0919e+01   8.30e-03
  8.3948e+01   7.93e-03
  8.7090e+01   7.57e-03
  9.0350e+01   7.23e-03
  9.3732e+01   6.90e-03
  9.7241e+01   6.59e-03
  1.0088e+02   6.28e-03
  1.0466e+02   5.99e-03
  1.0858e+02   5.71e-03
  1.1264e+02   5.44e-03
  1.1686e+02   5.19e-03
  1.2123e+02   4.94e-03
  1.2577e+02   4.70e-03
  1.3048e+02   4.47e-03
  1.3536e+02   4.26e-03
  1.4043e+02   4.05e-03
  1.4568e+02   3.85e-03
  1.5114e+02   3.66e-03
  1.5680e+02   3.47e-03
  1.6266e+02   3.30e-03
  1.6875e+02   3.13e-03
  1.7507e+02   2.97e-03
  1.8162e+02   2.81e-03
  1.8842e+02   2.66e-03
  1.9548e+02   2.52e-03
  2.0279e+02   2.39e-03
  2.1039e+02   2.26e-03
  2.1826e+02   2.14e-03
  2.2643e+02   2.02e-03
  2.3491e+02   1.91e-03
  2.4370e+02   1.80e-03
  2.5282e+02   1.70e-03
  2.6229e+02   1.60e-03
  2.7211e+02   1.51e-03
  2.8229e+02   1.42e-03
  2.9286e+02   1.33e-03
  3.0382e+02   1.25e-03
  3.1519e+02   1.18e-03
  3.2699e+02   1.11e-03
  3.3923e+02   1.04e-03
  3.5193e+02   9.73e-04
  3.6511e+02   9.12e-04
  3.7877e+02   8.54e-04
  3.9295e+02   7.99e-04
  4.0766e+02   7.46e-04
  4.2292e+02   6.97e-04
  4.3875e+02   6.51e-04
  4.5518e+02   6.07e-04
  4.7222e+02   5.66e-04
  4.8989e+02   5.27e-04
  5.0823e+02   4.91e-04
  5.2726e+02   4.57e-04
  5.4699e+02   4.25e-04
  5.6747e+02   3.95e-04
  5.8871e+02   3.67e-04
  6.1075e+02   3.41e-04
  6.3361e+02   3.16e-04
  6.5733e+02   2.93e-04
  6.8194e+02   2.72e-04
  7.0746e+02   2.52e-04
  7.3395e+02   2.34e-04
  7.6142e+02   2.17e-04
  7.8992e+02   2.01e-04
  8.1949e+02   1.86e-04
  8.5017e+02   1.73e-04
  8.8199e+02   1.60e-04
  9.1501e+02   1.49e-04
  9.4926e+02   1.38e-04
  9.8479e+02   1.28e-04
  1.0217e+03   1.19e-04
  1.0599e+03   1.10e-04
  1.0996e+03   1.02e-04
  1.1407e+03   9.52e-05
  1.1834e+03   8.85e-05
  1.2277e+03   8.23e-05
  1.2737e+03   7.67e-05
  1.3214e+03   7.14e-05
  1.3708e+03   6.65e-05
  1.4222e+03   6.20e-05
  1.4754e+03   5.78e-05
  1.5306e+03   5.40e-05
  1.5879e+03   5.04e-05
  1.6474e+03   4.70e-05
  1.7090e+03   4.40e-05
  1.7730e+03   4.11e-05
  1.8394e+03   3.85e-05
  1.9082e+03   3.60e-05
  1.9797e+03   3.37e-05
  2.0538e+03   3.16e-05
  2.1306e+03   2.96e-05
  2.2104e+03   2.78e-05
  2.2931e+03   2.61e-05
  2.3790e+03   2.44e-05
  2.4680e+03   2.30e-05
  2.5604e+03   2.15e-05
  2.6563e+03   2.02e-05
  2.7557e+03   1.90e-05
  2.8589e+03   1.78e-05
  2.9659e+03   1.67e-05
  3.0769e+03   1.57e-05
  3.1921e+03   1.48e-05
  3.3116e+03   1.39e-05
  3.4355e+03   1.30e-05
  3.5641e+03   1.22e-05
  3.6976e+03   1.14e-05
  3.8360e+03   1.07e-05
  3.9796e+03   1.01e-05
  4.1285e+03   9.41e-06
  4.2831e+03   8.80e-06
  4.4434e+03   8.22e-06
  4.6097e+03   7.67e-06
  4.7823e+03   7.16e-06
  4.9613e+03   6.67e-06
  5.1470e+03   6.20e-06
  5.3397e+03   5.76e-06
  5.5396e+03   5.35e-06
  5.7470e+03   4.95e-06
  5.9621e+03   4.57e-06
  6.1853e+03   4.21e-06
  6.4168e+03   3.88e-06
  6.6570e+03   3.55e-06
  6.9062e+03   3.25e-06
  7.1647e+03   2.96e-06
  7.4329e+03   2.69e-06
  7.7112e+03   2.43e-06
  7.9998e+03   2.19e-06
  8.2993e+03   1.97e-06
  8.6100e+03   1.75e-06
  8.9323e+03   1.56e-06
  9.2666e+03   1.37e-06
  9.6135e+03   1.20e-06
  9.9734e+03   1.05e-06
  1.0347e+04   9.04e-07
  1.0734e+04   7.74e-07
  1.1136e+04   6.56e-07
  1.1553e+04   5.50e-07
  1.1985e+04   4.55e-07
  1.2434e+04   3.72e-07
  1.2899e+04   3.00e-07
  1.3382e+04   2.38e-07
  1.3883e+04   1.86e-07
  1.4403e+04   1.42e-07
  1.4942e+04   1.06e-07
  1.5501e+04   7.73e-08
  1.6081e+04   5.48e-08
  1.6683e+04   3.77e-08
  1.7308e+04   2.50e-08
  1.7956e+04   1.59e-08
  1.8628e+04   9.71e-09
  1.9325e+04   5.62e-09
  2.0049e+04   3.07e-09
  2.0799e+04   1.57e-09
  2.1578e+04   7.40e-10
  2.2386e+04   3.20e-10
  2.3224e+04   1.25e-10
  2.4093e+04   4.33e-11
  2.4995e+04   1.30e-11
  2.5930e+04   3.34e-12
  2.6901e+04   7.08e-13
  2.7908e+04   1.20e-13
  2.8953e+04   1.55e-14
  3.0037e+04   1.46e-15
  3.1161e+04   9.43e-17
  3.2327e+04   3.85e-18
  3.3537e+04   9.05e-20
  3.4793e+04   1.09e-21
  3.6095e+04   5.74e-24
  3.7446e+04   1.10e-26
  3.8848e+04   6.07e-30
  4.0302e+04   7.02e-34
  4.1811e+04   1.15e-38
  4.3376e+04   1.59e-44
  4.5000e+04   1.00e-46
