#  E [GeV]   # per interaction  [GeV^{-1}]
  3.0000e+01   3.45e-03
  3.0501e+01   3.38e-03
  3.1010e+01   3.30e-03
  3.1528e+01   3.23e-03
  3.2055e+01   3.16e-03
  3.2590e+01   3.09e-03
  3.3134e+01   3.03e-03
  3.3688e+01   2.96e-03
  3.4250e+01   2.90e-03
  3.4822e+01   2.84e-03
  3.5404e+01   2.78e-03
  3.5995e+01   2.72e-03
  3.6596e+01   2.66e-03
  3.7207e+01   2.60e-03
  3.7829e+01   2.55e-03
  3.8460e+01   2.49e-03
  3.9103e+01   2.44e-03
  3.9756e+01   2.39e-03
  4.0420e+01   2.34e-03
  4.1095e+01   2.29e-03
  4.1781e+01   2.24e-03
  4.2479e+01   2.19e-03
  4.3188e+01   2.15e-03
  4.3909e+01   2.10e-03
  4.4642e+01   2.06e-03
  4.5388e+01   2.01e-03
  4.6146e+01   1.97e-03
  4.6917e+01   1.93e-03
  4.7700e+01   1.89e-03
  4.8497e+01   1.85e-03
  4.9307e+01   1.81e-03
  5.0130e+01   1.77e-03
  5.0967e+01   1.73e-03
  5.1818e+01   1.70e-03
  5.2684e+01   1.66e-03
  5.3563e+01   1.63e-03
  5.4458e+01   1.59e-03
  5.5367e+01   1.56e-03
  5.6292e+01   1.53e-03
  5.7232e+01   1.50e-03
  5.8188e+01   1.47e-03
  5.9160e+01   1.44e-03
  6.0148e+01   1.41e-03
  6.1152e+01   1.38e-03
  6.2173e+01   1.35e-03
  6.3212e+01   1.32e-03
  6.4267e+01   1.29e-03
  6.5340e+01   1.27e-03
  6.6432e+01   1.24e-03
  6.7541e+01   1.21e-03
  6.8669e+01   1.19e-03
  6.9816e+01   1.16e-03
  7.0982e+01   1.14e-03
  7.2167e+01   1.12e-03
  7.3372e+01   1.09e-03
  7.4598e+01   1.07e-03
  7.5843e+01   1.05e-03
  7.7110e+01   1.03e-03
  7.8398e+01   1.01e-03
  7.9707e+01   9.86e-04
  8.1038e+01   9.65e-04
  8.2391e+01   9.46e-04
  8.3767e+01   9.26e-04
  8.5166e+01   9.07e-04
  8.6588e+01   8.89e-04
  8.8034e+01   8.71e-04
  8.9505e+01   8.53e-04
  9.0999e+01   8.35e-04
  9.2519e+01   8.18e-04
  9.4064e+01   8.01e-04
  9.5635e+01   7.85e-04
  9.7232e+01   7.69e-04
  9.8856e+01   7.53e-04
  1.0051e+02   7.37e-04
  1.0219e+02   7.22e-04
  1.0389e+02   7.07e-04
  1.0563e+02   6.93e-04
  1.0739e+02   6.78e-04
  1.0918e+02   6.64e-04
  1.1101e+02   6.51e-04
  1.1286e+02   6.37e-04
  1.1475e+02   6.24e-04
  1.1666e+02   6.11e-04
  1.1861e+02   5.98e-04
  1.2059e+02   5.86e-04
  1.2260e+02   5.74e-04
  1.2465e+02   5.62e-04
  1.2673e+02   5.50e-04
  1.2885e+02   5.39e-04
  1.3100e+02   5.28e-04
  1.3319e+02   5.17e-04
  1.3541e+02   5.06e-04
  1.3768e+02   4.95e-04
  1.3997e+02   4.85e-04
  1.4231e+02   4.74e-04
  1.4469e+02   4.64e-04
  1.4711e+02   4.55e-04
  1.4956e+02   4.45e-04
  1.5206e+02   4.35e-04
  1.5460e+02   4.26e-04
  1.5718e+02   4.17e-04
  1.5981e+02   4.08e-04
  1.6247e+02   3.99e-04
  1.6519e+02   3.90e-04
  1.6795e+02   3.82e-04
  1.7075e+02   3.73e-04
  1.7360e+02   3.65e-04
  1.7650e+02   3.57e-04
  1.7945e+02   3.49e-04
  1.8245e+02   3.41e-04
  1.8549e+02   3.33e-04
  1.8859e+02   3.26e-04
  1.9174e+02   3.18e-04
  1.9494e+02   3.11e-04
  1.9820e+02   3.04e-04
  2.0151e+02   2.97e-04
  2.0487e+02   2.90e-04
  2.0829e+02   2.84e-04
  2.1177e+02   2.77e-04
  2.1531e+02   2.71e-04
  2.1890e+02   2.64e-04
  2.2256e+02   2.58e-04
  2.2628e+02   2.52e-04
  2.3006e+02   2.46e-04
  2.3390e+02   2.40e-04
  2.3780e+02   2.35e-04
  2.4178e+02   2.29e-04
  2.4581e+02   2.23e-04
  2.4992e+02   2.18e-04
  2.5409e+02   2.13e-04
  2.5833e+02   2.07e-04
  2.6265e+02   2.02e-04
  2.6704e+02   1.97e-04
  2.7149e+02   1.92e-04
  2.7603e+02   1.87e-04
  2.8064e+02   1.83e-04
  2.8532e+02   1.78e-04
  2.9009e+02   1.73e-04
  2.9493e+02   1.69e-04
  2.9986e+02   1.65e-04
  3.0487e+02   1.60e-04
  3.0996e+02   1.56e-04
  3.1513e+02   1.52e-04
  3.2040e+02   1.48e-04
  3.2575e+02   1.44e-04
  3.3119e+02   1.40e-04
  3.3672e+02   1.37e-04
  3.4234e+02   1.33e-04
  3.4806e+02   1.29e-04
  3.5387e+02   1.26e-04
  3.5978e+02   1.22e-04
  3.6579e+02   1.19e-04
  3.7190e+02   1.15e-04
  3.7811e+02   1.12e-04
  3.8442e+02   1.09e-04
  3.9084e+02   1.06e-04
  3.9737e+02   1.03e-04
  4.0401e+02   9.97e-05
  4.1075e+02   9.68e-05
  4.1761e+02   9.39e-05
  4.2459e+02   9.11e-05
  4.3168e+02   8.84e-05
  4.3889e+02   8.57e-05
  4.4622e+02   8.31e-05
  4.5367e+02   8.05e-05
  4.6124e+02   7.80e-05
  4.6895e+02   7.56e-05
  4.7678e+02   7.33e-05
  4.8474e+02   7.10e-05
  4.9283e+02   6.87e-05
  5.0107e+02   6.66e-05
  5.0943e+02   6.44e-05
  5.1794e+02   6.24e-05
  5.2659e+02   6.04e-05
  5.3538e+02   5.84e-05
  5.4432e+02   5.65e-05
  5.5342e+02   5.47e-05
  5.6266e+02   5.30e-05
  5.7205e+02   5.13e-05
  5.8161e+02   4.96e-05
  5.9132e+02   4.80e-05
  6.0119e+02   4.64e-05
  6.1123e+02   4.49e-05
  6.2144e+02   4.34e-05
  6.3182e+02   4.20e-05
  6.4237e+02   4.06e-05
  6.5310e+02   3.92e-05
  6.6401e+02   3.79e-05
  6.7509e+02   3.66e-05
  6.8637e+02   3.53e-05
  6.9783e+02   3.41e-05
  7.0948e+02   3.29e-05
  7.2133e+02   3.18e-05
  7.3338e+02   3.06e-05
  7.4563e+02   2.96e-05
  7.5808e+02   2.85e-05
  7.7074e+02   2.76e-05
  7.8361e+02   2.67e-05
  7.9670e+02   2.59e-05
  8.1000e+02   2.51e-05
