#  E [MeV]   Flux [# cm^{-2} s^{-1}  MeV^{-1}]
  3.0000e+04   1.75e-19
  3.0765e+04   1.68e-19
  3.1549e+04   1.62e-19
  3.2354e+04   1.56e-19
  3.3179e+04   1.50e-19
  3.4025e+04   1.44e-19
  3.4892e+04   1.39e-19
  3.5782e+04   1.34e-19
  3.6695e+04   1.29e-19
  3.7630e+04   1.24e-19
  3.8590e+04   1.19e-19
  3.9574e+04   1.14e-19
  4.0583e+04   1.10e-19
  4.1618e+04   1.06e-19
  4.2679e+04   1.01e-19
  4.3767e+04   9.74e-20
  4.4883e+04   9.35e-20
  4.6028e+04   8.98e-20
  4.7201e+04   8.62e-20
  4.8405e+04   8.27e-20
  4.9639e+04   7.94e-20
  5.0905e+04   7.62e-20
  5.2203e+04   7.30e-20
  5.3534e+04   7.00e-20
  5.4899e+04   6.72e-20
  5.6299e+04   6.44e-20
  5.7734e+04   6.17e-20
  5.9207e+04   5.91e-20
  6.0716e+04   5.66e-20
  6.2264e+04   5.42e-20
  6.3852e+04   5.19e-20
  6.5480e+04   4.97e-20
  6.7150e+04   4.76e-20
  6.8862e+04   4.55e-20
  7.0618e+04   4.36e-20
  7.2419e+04   4.17e-20
  7.4265e+04   3.98e-20
  7.6159e+04   3.81e-20
  7.8101e+04   3.64e-20
  8.0092e+04   3.48e-20
  8.2135e+04   3.32e-20
  8.4229e+04   3.17e-20
  8.6377e+04   3.03e-20
  8.8579e+04   2.89e-20
  9.0838e+04   2.76e-20
  9.3154e+04   2.63e-20
  9.5529e+04   2.51e-20
  9.7965e+04   2.39e-20
  1.0046e+05   2.28e-20
  1.0303e+05   2.17e-20
  1.0565e+05   2.07e-20
  1.0835e+05   1.97e-20
  1.1111e+05   1.87e-20
  1.1394e+05   1.78e-20
  1.1685e+05   1.69e-20
  1.1983e+05   1.61e-20
  1.2288e+05   1.53e-20
  1.2602e+05   1.45e-20
  1.2923e+05   1.38e-20
  1.3252e+05   1.31e-20
  1.3590e+05   1.24e-20
  1.3937e+05   1.18e-20
  1.4292e+05   1.11e-20
  1.4657e+05   1.06e-20
  1.5030e+05   9.99e-21
  1.5414e+05   9.46e-21
  1.5807e+05   8.95e-21
  1.6210e+05   8.47e-21
  1.6623e+05   8.00e-21
  1.7047e+05   7.55e-21
  1.7482e+05   7.14e-21
  1.7927e+05   6.74e-21
  1.8384e+05   6.36e-21
  1.8853e+05   5.99e-21
  1.9334e+05   5.65e-21
  1.9827e+05   5.33e-21
  2.0333e+05   5.02e-21
  2.0851e+05   4.72e-21
  2.1383e+05   4.43e-21
  2.1928e+05   4.17e-21
  2.2487e+05   3.92e-21
  2.3060e+05   3.68e-21
  2.3648e+05   3.45e-21
  2.4251e+05   3.23e-21
  2.4870e+05   3.03e-21
  2.5504e+05   2.84e-21
  2.6154e+05   2.65e-21
  2.6821e+05   2.48e-21
  2.7505e+05   2.32e-21
  2.8206e+05   2.17e-21
  2.8926e+05   2.02e-21
  2.9663e+05   1.88e-21
  3.0420e+05   1.75e-21
  3.1195e+05   1.63e-21
  3.1991e+05   1.52e-21
  3.2806e+05   1.42e-21
  3.3643e+05   1.31e-21
  3.4501e+05   1.22e-21
  3.5381e+05   1.13e-21
  3.6283e+05   1.05e-21
  3.7208e+05   9.73e-22
  3.8157e+05   8.99e-22
  3.9130e+05   8.34e-22
  4.0127e+05   7.72e-22
  4.1150e+05   7.13e-22
  4.2200e+05   6.57e-22
  4.3276e+05   6.06e-22
  4.4379e+05   5.60e-22
  4.5511e+05   5.15e-22
  4.6671e+05   4.73e-22
  4.7861e+05   4.33e-22
  4.9082e+05   4.00e-22
  5.0333e+05   3.67e-22
  5.1617e+05   3.37e-22
  5.2933e+05   3.08e-22
  5.4283e+05   2.82e-22
  5.5667e+05   2.59e-22
  5.7086e+05   2.37e-22
  5.8542e+05   2.16e-22
  6.0035e+05   1.97e-22
  6.1565e+05   1.80e-22
  6.3135e+05   1.65e-22
  6.4745e+05   1.50e-22
  6.6396e+05   1.36e-22
  6.8089e+05   1.24e-22
  6.9825e+05   1.13e-22
  7.1606e+05   1.03e-22
  7.3432e+05   9.32e-23
  7.5304e+05   8.42e-23
  7.7224e+05   7.66e-23
  7.9193e+05   6.97e-23
  8.1213e+05   6.32e-23
  8.3283e+05   5.70e-23
  8.5407e+05   5.13e-23
  8.7585e+05   4.67e-23
  8.9818e+05   4.23e-23
  9.2108e+05   3.82e-23
  9.4457e+05   3.43e-23
  9.6866e+05   3.10e-23
  9.9336e+05   2.81e-23
  1.0187e+06   2.54e-23
  1.0447e+06   2.28e-23
  1.0713e+06   2.04e-23
  1.0986e+06   1.85e-23
  1.1266e+06   1.67e-23
  1.1554e+06   1.51e-23
  1.1848e+06   1.35e-23
  1.2150e+06   1.21e-23
  1.2460e+06   1.10e-23
  1.2778e+06   9.90e-24
  1.3104e+06   8.89e-24
  1.3438e+06   7.93e-24
  1.3780e+06   7.18e-24
  1.4132e+06   6.50e-24
  1.4492e+06   5.86e-24
  1.4862e+06   5.25e-24
  1.5241e+06   4.71e-24
  1.5629e+06   4.28e-24
  1.6028e+06   3.87e-24
  1.6436e+06   3.49e-24
  1.6856e+06   3.13e-24
  1.7285e+06   2.84e-24
  1.7726e+06   2.59e-24
  1.8178e+06   2.35e-24
  1.8642e+06   2.12e-24
  1.9117e+06   1.91e-24
  1.9604e+06   1.76e-24
  2.0104e+06   1.61e-24
  2.0617e+06   1.46e-24
  2.1143e+06   1.33e-24
  2.1682e+06   1.21e-24
  2.2235e+06   1.12e-24
  2.2802e+06   1.03e-24
  2.3383e+06   9.42e-25
  2.3979e+06   8.60e-25
  2.4591e+06   7.97e-25
  2.5218e+06   7.37e-25
  2.5861e+06   6.80e-25
  2.6520e+06   6.26e-25
  2.7196e+06   5.78e-25
  2.7890e+06   5.38e-25
  2.8601e+06   4.99e-25
  2.9330e+06   4.63e-25
  3.0078e+06   4.28e-25
  3.0845e+06   3.99e-25
  3.1632e+06   3.72e-25
  3.2438e+06   3.46e-25
  3.3265e+06   3.22e-25
  3.4113e+06   2.98e-25
  3.4983e+06   2.77e-25
  3.5875e+06   2.57e-25
  3.6790e+06   2.38e-25
  3.7728e+06   2.20e-25
  3.8690e+06   2.03e-25
  3.9677e+06   1.87e-25
  4.0689e+06   1.72e-25
  4.1726e+06   1.58e-25
  4.2790e+06   1.44e-25
  4.3881e+06   1.34e-25
  4.5000e+06   1.25e-25
