#  E [GeV]   # per interaction  [GeV^{-1}]
  3.0000e+01   2.42e-01
  3.0589e+01   2.35e-01
  3.1190e+01   2.27e-01
  3.1803e+01   2.20e-01
  3.2428e+01   2.13e-01
  3.3065e+01   2.06e-01
  3.3714e+01   1.99e-01
  3.4376e+01   1.92e-01
  3.5052e+01   1.86e-01
  3.5740e+01   1.80e-01
  3.6442e+01   1.74e-01
  3.7158e+01   1.68e-01
  3.7888e+01   1.62e-01
  3.8632e+01   1.57e-01
  3.9391e+01   1.51e-01
  4.0165e+01   1.46e-01
  4.0954e+01   1.41e-01
  4.1758e+01   1.36e-01
  4.2579e+01   1.31e-01
  4.3415e+01   1.27e-01
  4.4268e+01   1.22e-01
  4.5138e+01   1.18e-01
  4.6024e+01   1.14e-01
  4.6928e+01   1.09e-01
  4.7850e+01   1.06e-01
  4.8790e+01   1.02e-01
  4.9749e+01   9.79e-02
  5.0726e+01   9.43e-02
  5.1722e+01   9.08e-02
  5.2738e+01   8.74e-02
  5.3774e+01   8.41e-02
  5.4831e+01   8.09e-02
  5.5908e+01   7.79e-02
  5.7006e+01   7.49e-02
  5.8126e+01   7.20e-02
  5.9268e+01   6.92e-02
  6.0432e+01   6.65e-02
  6.1619e+01   6.39e-02
  6.2829e+01   6.14e-02
  6.4064e+01   5.90e-02
  6.5322e+01   5.66e-02
  6.6605e+01   5.43e-02
  6.7913e+01   5.21e-02
  6.9248e+01   5.00e-02
  7.0608e+01   4.79e-02
  7.1995e+01   4.59e-02
  7.3409e+01   4.40e-02
  7.4851e+01   4.21e-02
  7.6321e+01   4.03e-02
  7.7821e+01   3.86e-02
  7.9349e+01   3.70e-02
  8.0908e+01   3.54e-02
  8.2497e+01   3.38e-02
  8.4118e+01   3.23e-02
  8.5770e+01   3.09e-02
  8.7455e+01   2.95e-02
  8.9173e+01   2.82e-02
  9.0925e+01   2.69e-02
  9.2711e+01   2.57e-02
  9.4532e+01   2.45e-02
  9.6389e+01   2.33e-02
  9.8283e+01   2.23e-02
  1.0021e+02   2.12e-02
  1.0218e+02   2.02e-02
  1.0419e+02   1.93e-02
  1.0624e+02   1.83e-02
  1.0832e+02   1.74e-02
  1.1045e+02   1.66e-02
  1.1262e+02   1.58e-02
  1.1483e+02   1.50e-02
  1.1709e+02   1.42e-02
  1.1939e+02   1.35e-02
  1.2173e+02   1.28e-02
  1.2412e+02   1.22e-02
  1.2656e+02   1.16e-02
  1.2905e+02   1.10e-02
  1.3158e+02   1.04e-02
  1.3417e+02   9.82e-03
  1.3680e+02   9.28e-03
  1.3949e+02   8.80e-03
  1.4223e+02   8.32e-03
  1.4503e+02   7.87e-03
  1.4787e+02   7.42e-03
  1.5078e+02   7.00e-03
  1.5374e+02   6.59e-03
  1.5676e+02   6.23e-03
  1.5984e+02   5.88e-03
  1.6298e+02   5.54e-03
  1.6618e+02   5.21e-03
  1.6945e+02   4.89e-03
  1.7278e+02   4.60e-03
  1.7617e+02   4.33e-03
  1.7963e+02   4.08e-03
  1.8316e+02   3.83e-03
  1.8676e+02   3.59e-03
  1.9042e+02   3.36e-03
  1.9417e+02   3.14e-03
  1.9798e+02   2.96e-03
  2.0187e+02   2.77e-03
  2.0583e+02   2.60e-03
  2.0988e+02   2.42e-03
  2.1400e+02   2.26e-03
  2.1820e+02   2.11e-03
  2.2249e+02   1.98e-03
  2.2686e+02   1.85e-03
  2.3132e+02   1.73e-03
  2.3586e+02   1.61e-03
  2.4049e+02   1.49e-03
  2.4522e+02   1.39e-03
  2.5004e+02   1.30e-03
  2.5495e+02   1.21e-03
  2.5996e+02   1.12e-03
  2.6506e+02   1.04e-03
  2.7027e+02   9.61e-04
  2.7558e+02   8.92e-04
  2.8099e+02   8.30e-04
  2.8651e+02   7.71e-04
  2.9214e+02   7.13e-04
  2.9788e+02   6.57e-04
  3.0373e+02   6.04e-04
  3.0970e+02   5.59e-04
  3.1578e+02   5.18e-04
  3.2198e+02   4.79e-04
  3.2831e+02   4.41e-04
  3.3476e+02   4.05e-04
  3.4133e+02   3.70e-04
  3.4804e+02   3.42e-04
  3.5487e+02   3.16e-04
  3.6185e+02   2.91e-04
  3.6895e+02   2.67e-04
  3.7620e+02   2.44e-04
  3.8359e+02   2.22e-04
  3.9113e+02   2.04e-04
  3.9881e+02   1.88e-04
  4.0664e+02   1.72e-04
  4.1463e+02   1.57e-04
  4.2278e+02   1.43e-04
  4.3108e+02   1.29e-04
  4.3955e+02   1.19e-04
  4.4818e+02   1.09e-04
  4.5699e+02   9.99e-05
  4.6596e+02   9.08e-05
  4.7512e+02   8.22e-05
  4.8445e+02   7.40e-05
  4.9397e+02   6.79e-05
  5.0367e+02   6.21e-05
  5.1356e+02   5.66e-05
  5.2365e+02   5.13e-05
  5.3394e+02   4.62e-05
  5.4443e+02   4.14e-05
  5.5512e+02   3.79e-05
  5.6603e+02   3.45e-05
  5.7715e+02   3.13e-05
  5.8848e+02   2.82e-05
  6.0004e+02   2.53e-05
  6.1183e+02   2.26e-05
  6.2385e+02   2.06e-05
  6.3610e+02   1.88e-05
  6.4860e+02   1.70e-05
  6.6134e+02   1.53e-05
  6.7433e+02   1.37e-05
  6.8758e+02   1.22e-05
  7.0108e+02   1.12e-05
  7.1486e+02   1.02e-05
  7.2890e+02   9.23e-06
  7.4322e+02   8.32e-06
  7.5782e+02   7.44e-06
  7.7270e+02   6.69e-06
  7.8788e+02   6.13e-06
  8.0336e+02   5.60e-06
  8.1914e+02   5.08e-06
  8.3523e+02   4.59e-06
  8.5164e+02   4.13e-06
  8.6837e+02   3.74e-06
  8.8542e+02   3.46e-06
  9.0282e+02   3.18e-06
  9.2055e+02   2.92e-06
  9.3863e+02   2.67e-06
  9.5707e+02   2.43e-06
  9.7587e+02   2.23e-06
  9.9504e+02   2.08e-06
  1.0146e+03   1.93e-06
  1.0345e+03   1.79e-06
  1.0548e+03   1.65e-06
  1.0756e+03   1.52e-06
  1.0967e+03   1.42e-06
  1.1182e+03   1.33e-06
  1.1402e+03   1.24e-06
  1.1626e+03   1.16e-06
  1.1854e+03   1.08e-06
  1.2087e+03   9.99e-07
  1.2325e+03   9.32e-07
  1.2567e+03   8.71e-07
  1.2814e+03   8.12e-07
  1.3065e+03   7.56e-07
  1.3322e+03   7.03e-07
  1.3584e+03   6.51e-07
  1.3851e+03   6.14e-07
  1.4123e+03   5.81e-07
  1.4400e+03   5.50e-07
