#  E [MeV]   Flux [# cm^{-2} s^{-1}  MeV^{-1}]
  3.0000e+04   1.37e-24
  3.0962e+04   1.33e-24
  3.1955e+04   1.28e-24
  3.2979e+04   1.24e-24
  3.4037e+04   1.19e-24
  3.5128e+04   1.15e-24
  3.6254e+04   1.11e-24
  3.7417e+04   1.07e-24
  3.8616e+04   1.03e-24
  3.9855e+04   9.94e-25
  4.1132e+04   9.58e-25
  4.2451e+04   9.23e-25
  4.3812e+04   8.89e-25
  4.5217e+04   8.57e-25
  4.6667e+04   8.25e-25
  4.8163e+04   7.95e-25
  4.9707e+04   7.65e-25
  5.1301e+04   7.36e-25
  5.2946e+04   7.09e-25
  5.4644e+04   6.82e-25
  5.6396e+04   6.56e-25
  5.8204e+04   6.31e-25
  6.0070e+04   6.06e-25
  6.1996e+04   5.83e-25
  6.3984e+04   5.60e-25
  6.6035e+04   5.38e-25
  6.8153e+04   5.17e-25
  7.0338e+04   4.96e-25
  7.2593e+04   4.77e-25
  7.4921e+04   4.57e-25
  7.7323e+04   4.39e-25
  7.9802e+04   4.21e-25
  8.2361e+04   4.04e-25
  8.5002e+04   3.87e-25
  8.7727e+04   3.71e-25
  9.0540e+04   3.56e-25
  9.3443e+04   3.41e-25
  9.6439e+04   3.26e-25
  9.9531e+04   3.13e-25
  1.0272e+05   2.99e-25
  1.0602e+05   2.86e-25
  1.0942e+05   2.74e-25
  1.1292e+05   2.62e-25
  1.1654e+05   2.50e-25
  1.2028e+05   2.39e-25
  1.2414e+05   2.28e-25
  1.2812e+05   2.18e-25
  1.3223e+05   2.08e-25
  1.3646e+05   1.98e-25
  1.4084e+05   1.89e-25
  1.4536e+05   1.80e-25
  1.5002e+05   1.72e-25
  1.5483e+05   1.64e-25
  1.5979e+05   1.56e-25
  1.6491e+05   1.48e-25
  1.7020e+05   1.41e-25
  1.7566e+05   1.34e-25
  1.8129e+05   1.28e-25
  1.8710e+05   1.21e-25
  1.9310e+05   1.15e-25
  1.9929e+05   1.09e-25
  2.0568e+05   1.04e-25
  2.1228e+05   9.82e-26
  2.1909e+05   9.31e-26
  2.2611e+05   8.81e-26
  2.3336e+05   8.34e-26
  2.4084e+05   7.89e-26
  2.4856e+05   7.46e-26
  2.5653e+05   7.05e-26
  2.6476e+05   6.66e-26
  2.7325e+05   6.29e-26
  2.8201e+05   5.93e-26
  2.9105e+05   5.59e-26
  3.0038e+05   5.26e-26
  3.1002e+05   4.96e-26
  3.1996e+05   4.66e-26
  3.3021e+05   4.38e-26
  3.4080e+05   4.12e-26
  3.5173e+05   3.87e-26
  3.6301e+05   3.63e-26
  3.7465e+05   3.40e-26
  3.8666e+05   3.19e-26
  3.9905e+05   2.98e-26
  4.1185e+05   2.79e-26
  4.2506e+05   2.60e-26
  4.3868e+05   2.43e-26
  4.5275e+05   2.27e-26
  4.6727e+05   2.12e-26
  4.8225e+05   1.97e-26
  4.9771e+05   1.84e-26
  5.1367e+05   1.71e-26
  5.3014e+05   1.59e-26
  5.4714e+05   1.48e-26
  5.6468e+05   1.37e-26
  5.8278e+05   1.27e-26
  6.0147e+05   1.18e-26
  6.2075e+05   1.09e-26
  6.4066e+05   1.01e-26
  6.6120e+05   9.39e-27
  6.8240e+05   8.69e-27
  7.0428e+05   8.04e-27
  7.2686e+05   7.43e-27
  7.5017e+05   6.86e-27
  7.7422e+05   6.34e-27
  7.9904e+05   5.85e-27
  8.2466e+05   5.39e-27
  8.5110e+05   4.97e-27
  8.7839e+05   4.59e-27
  9.0656e+05   4.23e-27
  9.3562e+05   3.89e-27
  9.6562e+05   3.59e-27
  9.9658e+05   3.30e-27
  1.0285e+06   3.04e-27
  1.0615e+06   2.80e-27
  1.0956e+06   2.58e-27
  1.1307e+06   2.37e-27
  1.1669e+06   2.18e-27
  1.2043e+06   2.00e-27
  1.2430e+06   1.84e-27
  1.2828e+06   1.69e-27
  1.3239e+06   1.55e-27
  1.3664e+06   1.43e-27
  1.4102e+06   1.31e-27
  1.4554e+06   1.20e-27
  1.5021e+06   1.10e-27
  1.5502e+06   1.01e-27
  1.6000e+06   9.29e-28
  1.6513e+06   8.51e-28
  1.7042e+06   7.80e-28
  1.7588e+06   7.15e-28
  1.8152e+06   6.55e-28
  1.8734e+06   5.99e-28
  1.9335e+06   5.49e-28
  1.9955e+06   5.03e-28
  2.0595e+06   4.59e-28
  2.1255e+06   4.19e-28
  2.1937e+06   3.83e-28
  2.2640e+06   3.50e-28
  2.3366e+06   3.19e-28
  2.4115e+06   2.91e-28
  2.4888e+06   2.66e-28
  2.5686e+06   2.42e-28
  2.6510e+06   2.20e-28
  2.7360e+06   2.00e-28
  2.8237e+06   1.82e-28
  2.9142e+06   1.66e-28
  3.0077e+06   1.50e-28
  3.1041e+06   1.36e-28
  3.2036e+06   1.24e-28
  3.3064e+06   1.12e-28
  3.4124e+06   1.01e-28
  3.5218e+06   9.15e-29
  3.6347e+06   8.26e-29
  3.7512e+06   7.42e-29
  3.8715e+06   6.71e-29
  3.9957e+06   6.06e-29
  4.1238e+06   5.44e-29
  4.2560e+06   4.88e-29
  4.3924e+06   4.41e-29
  4.5333e+06   3.96e-29
  4.6786e+06   3.55e-29
  4.8286e+06   3.19e-29
  4.9835e+06   2.87e-29
  5.1433e+06   2.57e-29
  5.3082e+06   2.29e-29
  5.4784e+06   2.06e-29
  5.6540e+06   1.85e-29
  5.8353e+06   1.66e-29
  6.0224e+06   1.48e-29
  6.2155e+06   1.33e-29
  6.4148e+06   1.20e-29
  6.6205e+06   1.07e-29
  6.8327e+06   9.66e-30
  7.0518e+06   8.73e-30
  7.2779e+06   7.86e-30
  7.5113e+06   7.04e-30
  7.7521e+06   6.39e-30
  8.0007e+06   5.79e-30
  8.2572e+06   5.23e-30
  8.5219e+06   4.72e-30
  8.7952e+06   4.30e-30
  9.0772e+06   3.90e-30
  9.3682e+06   3.52e-30
  9.6686e+06   3.21e-30
  9.9786e+06   2.95e-30
  1.0299e+07   2.69e-30
  1.0629e+07   2.44e-30
  1.0970e+07   2.27e-30
  1.1321e+07   2.09e-30
  1.1684e+07   1.91e-30
  1.2059e+07   1.77e-30
  1.2446e+07   1.69e-30
  1.2845e+07   1.59e-30
  1.3256e+07   1.46e-30
  1.3681e+07   1.48e-30
  1.4120e+07   1.50e-30
  1.4573e+07   1.44e-30
  1.5040e+07   1.32e-30
  1.5522e+07   1.11e-30
  1.6020e+07   9.10e-31
