#  E [MeV]   Flux [# cm^{-2} s^{-1}  MeV^{-1}]
  3.0000e+04   9.53e-24
  3.1232e+04   9.08e-24
  3.2514e+04   8.66e-24
  3.3849e+04   8.25e-24
  3.5238e+04   7.87e-24
  3.6685e+04   7.49e-24
  3.8191e+04   7.14e-24
  3.9759e+04   6.80e-24
  4.1391e+04   6.47e-24
  4.3090e+04   6.16e-24
  4.4859e+04   5.87e-24
  4.6701e+04   5.58e-24
  4.8618e+04   5.31e-24
  5.0614e+04   5.06e-24
  5.2692e+04   4.81e-24
  5.4855e+04   4.57e-24
  5.7107e+04   4.35e-24
  5.9451e+04   4.14e-24
  6.1892e+04   3.93e-24
  6.4433e+04   3.74e-24
  6.7078e+04   3.55e-24
  6.9832e+04   3.37e-24
  7.2699e+04   3.21e-24
  7.5683e+04   3.04e-24
  7.8790e+04   2.89e-24
  8.2025e+04   2.75e-24
  8.5392e+04   2.61e-24
  8.8898e+04   2.47e-24
  9.2547e+04   2.35e-24
  9.6347e+04   2.23e-24
  1.0030e+05   2.11e-24
  1.0442e+05   2.00e-24
  1.0871e+05   1.90e-24
  1.1317e+05   1.80e-24
  1.1782e+05   1.71e-24
  1.2265e+05   1.62e-24
  1.2769e+05   1.54e-24
  1.3293e+05   1.45e-24
  1.3839e+05   1.38e-24
  1.4407e+05   1.31e-24
  1.4998e+05   1.24e-24
  1.5614e+05   1.17e-24
  1.6255e+05   1.11e-24
  1.6922e+05   1.05e-24
  1.7617e+05   9.93e-25
  1.8340e+05   9.40e-25
  1.9093e+05   8.89e-25
  1.9877e+05   8.41e-25
  2.0693e+05   7.96e-25
  2.1543e+05   7.52e-25
  2.2427e+05   7.11e-25
  2.3348e+05   6.72e-25
  2.4306e+05   6.36e-25
  2.5304e+05   6.01e-25
  2.6343e+05   5.67e-25
  2.7424e+05   5.36e-25
  2.8550e+05   5.06e-25
  2.9722e+05   4.78e-25
  3.0942e+05   4.51e-25
  3.2213e+05   4.26e-25
  3.3535e+05   4.02e-25
  3.4912e+05   3.79e-25
  3.6345e+05   3.58e-25
  3.7837e+05   3.37e-25
  3.9390e+05   3.18e-25
  4.1008e+05   3.00e-25
  4.2691e+05   2.82e-25
  4.4444e+05   2.66e-25
  4.6268e+05   2.51e-25
  4.8168e+05   2.36e-25
  5.0145e+05   2.22e-25
  5.2204e+05   2.09e-25
  5.4347e+05   1.97e-25
  5.6578e+05   1.85e-25
  5.8901e+05   1.74e-25
  6.1319e+05   1.64e-25
  6.3836e+05   1.54e-25
  6.6457e+05   1.45e-25
  6.9185e+05   1.36e-25
  7.2025e+05   1.27e-25
  7.4982e+05   1.20e-25
  7.8061e+05   1.12e-25
  8.1265e+05   1.05e-25
  8.4601e+05   9.85e-26
  8.8075e+05   9.23e-26
  9.1690e+05   8.64e-26
  9.5455e+05   8.08e-26
  9.9373e+05   7.56e-26
  1.0345e+06   7.07e-26
  1.0770e+06   6.60e-26
  1.1212e+06   6.16e-26
  1.1672e+06   5.75e-26
  1.2152e+06   5.36e-26
  1.2650e+06   4.99e-26
  1.3170e+06   4.65e-26
  1.3711e+06   4.33e-26
  1.4273e+06   4.03e-26
  1.4859e+06   3.75e-26
  1.5469e+06   3.49e-26
  1.6104e+06   3.24e-26
  1.6766e+06   3.02e-26
  1.7454e+06   2.80e-26
  1.8170e+06   2.60e-26
  1.8916e+06   2.42e-26
  1.9693e+06   2.24e-26
  2.0501e+06   2.08e-26
  2.1343e+06   1.93e-26
  2.2219e+06   1.79e-26
  2.3131e+06   1.66e-26
  2.4081e+06   1.53e-26
  2.5070e+06   1.41e-26
  2.6099e+06   1.31e-26
  2.7170e+06   1.21e-26
  2.8286e+06   1.11e-26
  2.9447e+06   1.02e-26
  3.0656e+06   9.42e-27
  3.1914e+06   8.66e-27
  3.3225e+06   7.96e-27
  3.4589e+06   7.30e-27
  3.6008e+06   6.70e-27
  3.7487e+06   6.14e-27
  3.9026e+06   5.61e-27
  4.0628e+06   5.13e-27
  4.2296e+06   4.68e-27
  4.4032e+06   4.26e-27
  4.5840e+06   3.88e-27
  4.7722e+06   3.53e-27
  4.9681e+06   3.20e-27
  5.1720e+06   2.91e-27
  5.3844e+06   2.63e-27
  5.6054e+06   2.37e-27
  5.8355e+06   2.15e-27
  6.0751e+06   1.93e-27
  6.3245e+06   1.74e-27
  6.5841e+06   1.56e-27
  6.8544e+06   1.40e-27
  7.1358e+06   1.25e-27
  7.4288e+06   1.12e-27
  7.7338e+06   9.96e-28
  8.0513e+06   8.86e-28
  8.3818e+06   7.88e-28
  8.7259e+06   6.96e-28
  9.0841e+06   6.15e-28
  9.4571e+06   5.43e-28
  9.8453e+06   4.76e-28
  1.0249e+07   4.18e-28
  1.0670e+07   3.66e-28
  1.1108e+07   3.17e-28
  1.1564e+07   2.77e-28
  1.2039e+07   2.40e-28
  1.2533e+07   2.06e-28
  1.3048e+07   1.79e-28
  1.3584e+07   1.53e-28
  1.4141e+07   1.30e-28
  1.4722e+07   1.12e-28
  1.5326e+07   9.47e-29
  1.5955e+07   7.97e-29
  1.6610e+07   6.74e-29
  1.7292e+07   5.63e-29
  1.8002e+07   4.67e-29
  1.8741e+07   3.88e-29
  1.9511e+07   3.17e-29
  2.0312e+07   2.58e-29
  2.1145e+07   2.10e-29
  2.2013e+07   1.67e-29
  2.2917e+07   1.33e-29
  2.3858e+07   1.04e-29
  2.4837e+07   7.98e-30
  2.5857e+07   6.11e-30
  2.6919e+07   4.57e-30
  2.8024e+07   3.29e-30
  2.9174e+07   2.37e-30
  3.0372e+07   1.63e-30
  3.1619e+07   1.07e-30
  3.2917e+07   6.86e-31
  3.4268e+07   4.10e-31
  3.5675e+07   2.27e-31
  3.7140e+07   1.17e-31
  3.8664e+07   5.36e-32
  4.0252e+07   2.12e-32
  4.1904e+07   7.16e-33
  4.3624e+07   1.89e-33
  4.5415e+07   3.69e-34
  4.7280e+07   4.89e-35
  4.9221e+07   3.76e-36
  5.1241e+07   1.43e-37
  5.3345e+07   2.08e-39
  5.5535e+07   7.93e-42
  5.7815e+07   4.85e-45
  6.0188e+07   2.22e-49
  6.2659e+07   2.52e-55
  6.5232e+07   1.41e-63
  6.7910e+07   4.97e-71
  7.0698e+07   4.43e-71
  7.3600e+07   3.98e-71
  7.6621e+07   3.55e-71
  7.9767e+07   3.15e-71
  8.3042e+07   2.77e-71
  8.6451e+07   2.41e-71
  9.0000e+07   2.09e-71
