#  E [MeV]   Flux [# cm^{-2} s^{-1}  MeV^{-1}]
  3.0000e+04   7.82e-25
  3.1232e+04   7.49e-25
  3.2514e+04   7.16e-25
  3.3849e+04   6.85e-25
  3.5238e+04   6.56e-25
  3.6685e+04   6.27e-25
  3.8191e+04   6.00e-25
  3.9759e+04   5.74e-25
  4.1391e+04   5.49e-25
  4.3090e+04   5.25e-25
  4.4859e+04   5.02e-25
  4.6701e+04   4.80e-25
  4.8618e+04   4.59e-25
  5.0614e+04   4.39e-25
  5.2692e+04   4.19e-25
  5.4855e+04   4.01e-25
  5.7107e+04   3.83e-25
  5.9451e+04   3.66e-25
  6.1892e+04   3.50e-25
  6.4433e+04   3.35e-25
  6.7078e+04   3.20e-25
  6.9832e+04   3.06e-25
  7.2699e+04   2.92e-25
  7.5683e+04   2.79e-25
  7.8790e+04   2.67e-25
  8.2025e+04   2.55e-25
  8.5392e+04   2.44e-25
  8.8898e+04   2.33e-25
  9.2547e+04   2.22e-25
  9.6347e+04   2.12e-25
  1.0030e+05   2.03e-25
  1.0442e+05   1.93e-25
  1.0871e+05   1.85e-25
  1.1317e+05   1.76e-25
  1.1782e+05   1.68e-25
  1.2265e+05   1.61e-25
  1.2769e+05   1.53e-25
  1.3293e+05   1.46e-25
  1.3839e+05   1.40e-25
  1.4407e+05   1.33e-25
  1.4998e+05   1.27e-25
  1.5614e+05   1.21e-25
  1.6255e+05   1.15e-25
  1.6922e+05   1.10e-25
  1.7617e+05   1.05e-25
  1.8340e+05   9.99e-26
  1.9093e+05   9.51e-26
  1.9877e+05   9.06e-26
  2.0693e+05   8.63e-26
  2.1543e+05   8.21e-26
  2.2427e+05   7.82e-26
  2.3348e+05   7.44e-26
  2.4306e+05   7.07e-26
  2.5304e+05   6.73e-26
  2.6343e+05   6.39e-26
  2.7424e+05   6.08e-26
  2.8550e+05   5.77e-26
  2.9722e+05   5.48e-26
  3.0942e+05   5.20e-26
  3.2213e+05   4.94e-26
  3.3535e+05   4.68e-26
  3.4912e+05   4.44e-26
  3.6345e+05   4.21e-26
  3.7837e+05   3.99e-26
  3.9390e+05   3.78e-26
  4.1008e+05   3.58e-26
  4.2691e+05   3.38e-26
  4.4444e+05   3.20e-26
  4.6268e+05   3.03e-26
  4.8168e+05   2.86e-26
  5.0145e+05   2.70e-26
  5.2204e+05   2.55e-26
  5.4347e+05   2.41e-26
  5.6578e+05   2.27e-26
  5.8901e+05   2.14e-26
  6.1319e+05   2.02e-26
  6.3836e+05   1.90e-26
  6.6457e+05   1.79e-26
  6.9185e+05   1.68e-26
  7.2025e+05   1.58e-26
  7.4982e+05   1.48e-26
  7.8061e+05   1.39e-26
  8.1265e+05   1.31e-26
  8.4601e+05   1.23e-26
  8.8075e+05   1.15e-26
  9.1690e+05   1.08e-26
  9.5455e+05   1.01e-26
  9.9373e+05   9.47e-27
  1.0345e+06   8.86e-27
  1.0770e+06   8.29e-27
  1.1212e+06   7.75e-27
  1.1672e+06   7.24e-27
  1.2152e+06   6.76e-27
  1.2650e+06   6.30e-27
  1.3170e+06   5.88e-27
  1.3711e+06   5.48e-27
  1.4273e+06   5.11e-27
  1.4859e+06   4.76e-27
  1.5469e+06   4.43e-27
  1.6104e+06   4.12e-27
  1.6766e+06   3.83e-27
  1.7454e+06   3.56e-27
  1.8170e+06   3.31e-27
  1.8916e+06   3.07e-27
  1.9693e+06   2.85e-27
  2.0501e+06   2.64e-27
  2.1343e+06   2.45e-27
  2.2219e+06   2.27e-27
  2.3131e+06   2.10e-27
  2.4081e+06   1.94e-27
  2.5070e+06   1.79e-27
  2.6099e+06   1.65e-27
  2.7170e+06   1.52e-27
  2.8286e+06   1.40e-27
  2.9447e+06   1.29e-27
  3.0656e+06   1.19e-27
  3.1914e+06   1.09e-27
  3.3225e+06   1.01e-27
  3.4589e+06   9.22e-28
  3.6008e+06   8.46e-28
  3.7487e+06   7.75e-28
  3.9026e+06   7.09e-28
  4.0628e+06   6.49e-28
  4.2296e+06   5.93e-28
  4.4032e+06   5.41e-28
  4.5840e+06   4.94e-28
  4.7722e+06   4.50e-28
  4.9681e+06   4.08e-28
  5.1720e+06   3.71e-28
  5.3844e+06   3.37e-28
  5.6054e+06   3.05e-28
  5.8355e+06   2.77e-28
  6.0751e+06   2.50e-28
  6.3245e+06   2.26e-28
  6.5841e+06   2.04e-28
  6.8544e+06   1.84e-28
  7.1358e+06   1.65e-28
  7.4288e+06   1.49e-28
  7.7338e+06   1.33e-28
  8.0513e+06   1.19e-28
  8.3818e+06   1.07e-28
  8.7259e+06   9.52e-29
  9.0841e+06   8.49e-29
  9.4571e+06   7.57e-29
  9.8453e+06   6.70e-29
  1.0249e+07   5.95e-29
  1.0670e+07   5.27e-29
  1.1108e+07   4.63e-29
  1.1564e+07   4.09e-29
  1.2039e+07   3.60e-29
  1.2533e+07   3.14e-29
  1.3048e+07   2.76e-29
  1.3584e+07   2.41e-29
  1.4141e+07   2.08e-29
  1.4722e+07   1.81e-29
  1.5326e+07   1.57e-29
  1.5955e+07   1.34e-29
  1.6610e+07   1.16e-29
  1.7292e+07   9.84e-30
  1.8002e+07   8.34e-30
  1.8741e+07   7.06e-30
  1.9511e+07   5.90e-30
  2.0312e+07   4.91e-30
  2.1145e+07   4.06e-30
  2.2013e+07   3.31e-30
  2.2917e+07   2.68e-30
  2.3858e+07   2.15e-30
  2.4837e+07   1.68e-30
  2.5857e+07   1.31e-30
  2.6919e+07   1.00e-30
  2.8024e+07   7.38e-31
  2.9174e+07   5.38e-31
  3.0372e+07   3.77e-31
  3.1619e+07   2.52e-31
  3.2917e+07   1.63e-31
  3.4268e+07   9.87e-32
  3.5675e+07   5.52e-32
  3.7140e+07   2.85e-32
  3.8664e+07   1.30e-32
  4.0252e+07   5.12e-33
  4.1904e+07   1.69e-33
  4.3624e+07   4.33e-34
  4.5415e+07   8.17e-35
  4.7280e+07   1.03e-35
  4.9221e+07   7.45e-37
  5.1241e+07   2.63e-38
  5.3345e+07   3.46e-40
  5.5535e+07   1.16e-42
  5.7815e+07   6.06e-46
  6.0188e+07   2.25e-50
  6.2659e+07   1.93e-56
  6.5232e+07   7.52e-65
  6.7910e+07   9.81e-72
  7.0698e+07   8.48e-72
  7.3600e+07   7.56e-72
  7.6621e+07   6.70e-72
  7.9767e+07   5.93e-72
  8.3042e+07   5.35e-72
  8.6451e+07   4.81e-72
  9.0000e+07   4.34e-72
