#  E [GeV]   # per interaction  [GeV^{-1}]
  3.0000e+01   2.57e-02
  3.1123e+01   2.47e-02
  3.2288e+01   2.38e-02
  3.3497e+01   2.29e-02
  3.4751e+01   2.20e-02
  3.6051e+01   2.11e-02
  3.7401e+01   2.03e-02
  3.8801e+01   1.95e-02
  4.0253e+01   1.87e-02
  4.1760e+01   1.80e-02
  4.3324e+01   1.73e-02
  4.4945e+01   1.66e-02
  4.6628e+01   1.59e-02
  4.8373e+01   1.53e-02
  5.0184e+01   1.46e-02
  5.2063e+01   1.40e-02
  5.4011e+01   1.34e-02
  5.6033e+01   1.29e-02
  5.8131e+01   1.23e-02
  6.0307e+01   1.18e-02
  6.2564e+01   1.13e-02
  6.4906e+01   1.08e-02
  6.7336e+01   1.04e-02
  6.9857e+01   9.93e-03
  7.2472e+01   9.50e-03
  7.5184e+01   9.08e-03
  7.7999e+01   8.68e-03
  8.0919e+01   8.30e-03
  8.3948e+01   7.93e-03
  8.7090e+01   7.57e-03
  9.0350e+01   7.23e-03
  9.3732e+01   6.90e-03
  9.7241e+01   6.58e-03
  1.0088e+02   6.28e-03
  1.0466e+02   5.99e-03
  1.0858e+02   5.71e-03
  1.1264e+02   5.44e-03
  1.1686e+02   5.19e-03
  1.2123e+02   4.94e-03
  1.2577e+02   4.70e-03
  1.3048e+02   4.47e-03
  1.3536e+02   4.25e-03
  1.4043e+02   4.05e-03
  1.4568e+02   3.85e-03
  1.5114e+02   3.65e-03
  1.5680e+02   3.47e-03
  1.6266e+02   3.29e-03
  1.6875e+02   3.13e-03
  1.7507e+02   2.96e-03
  1.8162e+02   2.81e-03
  1.8842e+02   2.66e-03
  1.9548e+02   2.52e-03
  2.0279e+02   2.39e-03
  2.1039e+02   2.26e-03
  2.1826e+02   2.13e-03
  2.2643e+02   2.02e-03
  2.3491e+02   1.91e-03
  2.4370e+02   1.80e-03
  2.5282e+02   1.70e-03
  2.6229e+02   1.60e-03
  2.7211e+02   1.51e-03
  2.8229e+02   1.42e-03
  2.9286e+02   1.33e-03
  3.0382e+02   1.25e-03
  3.1519e+02   1.18e-03
  3.2699e+02   1.11e-03
  3.3923e+02   1.04e-03
  3.5193e+02   9.73e-04
  3.6511e+02   9.11e-04
  3.7877e+02   8.53e-04
  3.9295e+02   7.98e-04
  4.0766e+02   7.46e-04
  4.2292e+02   6.96e-04
  4.3875e+02   6.50e-04
  4.5518e+02   6.06e-04
  4.7222e+02   5.65e-04
  4.8989e+02   5.27e-04
  5.0823e+02   4.90e-04
  5.2726e+02   4.56e-04
  5.4699e+02   4.24e-04
  5.6747e+02   3.94e-04
  5.8871e+02   3.66e-04
  6.1075e+02   3.40e-04
  6.3361e+02   3.16e-04
  6.5733e+02   2.93e-04
  6.8194e+02   2.71e-04
  7.0746e+02   2.52e-04
  7.3395e+02   2.33e-04
  7.6142e+02   2.16e-04
  7.8992e+02   2.01e-04
  8.1949e+02   1.86e-04
  8.5017e+02   1.73e-04
  8.8199e+02   1.60e-04
  9.1501e+02   1.48e-04
  9.4926e+02   1.38e-04
  9.8479e+02   1.28e-04
  1.0217e+03   1.19e-04
  1.0599e+03   1.10e-04
  1.0996e+03   1.02e-04
  1.1407e+03   9.50e-05
  1.1834e+03   8.82e-05
  1.2277e+03   8.21e-05
  1.2737e+03   7.64e-05
  1.3214e+03   7.11e-05
  1.3708e+03   6.63e-05
  1.4222e+03   6.18e-05
  1.4754e+03   5.76e-05
  1.5306e+03   5.38e-05
  1.5879e+03   5.02e-05
  1.6474e+03   4.69e-05
  1.7090e+03   4.38e-05
  1.7730e+03   4.10e-05
  1.8394e+03   3.84e-05
  1.9082e+03   3.59e-05
  1.9797e+03   3.36e-05
  2.0538e+03   3.15e-05
  2.1306e+03   2.95e-05
  2.2104e+03   2.77e-05
  2.2931e+03   2.60e-05
  2.3790e+03   2.44e-05
  2.4680e+03   2.29e-05
  2.5604e+03   2.15e-05
  2.6563e+03   2.01e-05
  2.7557e+03   1.89e-05
  2.8589e+03   1.78e-05
  2.9659e+03   1.67e-05
  3.0769e+03   1.57e-05
  3.1921e+03   1.47e-05
  3.3116e+03   1.38e-05
  3.4355e+03   1.30e-05
  3.5641e+03   1.22e-05
  3.6976e+03   1.14e-05
  3.8360e+03   1.07e-05
  3.9796e+03   1.00e-05
  4.1285e+03   9.37e-06
  4.2831e+03   8.76e-06
  4.4434e+03   8.19e-06
  4.6097e+03   7.64e-06
  4.7823e+03   7.13e-06
  4.9613e+03   6.64e-06
  5.1470e+03   6.18e-06
  5.3397e+03   5.74e-06
  5.5396e+03   5.32e-06
  5.7470e+03   4.92e-06
  5.9621e+03   4.55e-06
  6.1853e+03   4.19e-06
  6.4168e+03   3.85e-06
  6.6570e+03   3.53e-06
  6.9062e+03   3.23e-06
  7.1647e+03   2.95e-06
  7.4329e+03   2.67e-06
  7.7112e+03   2.42e-06
  7.9998e+03   2.18e-06
  8.2993e+03   1.95e-06
  8.6100e+03   1.74e-06
  8.9323e+03   1.55e-06
  9.2666e+03   1.36e-06
  9.6135e+03   1.19e-06
  9.9734e+03   1.04e-06
  1.0347e+04   8.97e-07
  1.0734e+04   7.67e-07
  1.1136e+04   6.49e-07
  1.1553e+04   5.44e-07
  1.1985e+04   4.51e-07
  1.2434e+04   3.68e-07
  1.2899e+04   2.97e-07
  1.3382e+04   2.35e-07
  1.3883e+04   1.83e-07
  1.4403e+04   1.40e-07
  1.4942e+04   1.04e-07
  1.5501e+04   7.61e-08
  1.6081e+04   5.39e-08
  1.6683e+04   3.70e-08
  1.7308e+04   2.45e-08
  1.7956e+04   1.56e-08
  1.8628e+04   9.48e-09
  1.9325e+04   5.47e-09
  2.0049e+04   2.98e-09
  2.0799e+04   1.52e-09
  2.1578e+04   7.15e-10
  2.2386e+04   3.08e-10
  2.3224e+04   1.20e-10
  2.4093e+04   4.14e-11
  2.4995e+04   1.24e-11
  2.5930e+04   3.16e-12
  2.6901e+04   6.66e-13
  2.7908e+04   1.12e-13
  2.8953e+04   1.44e-14
  3.0037e+04   1.34e-15
  3.1161e+04   8.57e-17
  3.2327e+04   3.46e-18
  3.3537e+04   8.02e-20
  3.4793e+04   9.48e-22
  3.6095e+04   4.91e-24
  3.7446e+04   9.24e-27
  3.8848e+04   4.96e-30
  4.0302e+04   5.57e-34
  4.1811e+04   8.78e-39
  4.3376e+04   1.17e-44
  4.5000e+04   1.00e-46
