#  E [GeV]   # per interaction  [GeV^{-1}]
  3.0000e+01   5.46e-01
  3.1123e+01   5.24e-01
  3.2288e+01   5.04e-01
  3.3497e+01   4.84e-01
  3.4751e+01   4.65e-01
  3.6051e+01   4.47e-01
  3.7401e+01   4.29e-01
  3.8801e+01   4.12e-01
  4.0253e+01   3.96e-01
  4.1760e+01   3.80e-01
  4.3324e+01   3.65e-01
  4.4945e+01   3.51e-01
  4.6628e+01   3.37e-01
  4.8373e+01   3.23e-01
  5.0184e+01   3.10e-01
  5.2063e+01   2.98e-01
  5.4011e+01   2.86e-01
  5.6033e+01   2.74e-01
  5.8131e+01   2.63e-01
  6.0307e+01   2.53e-01
  6.2564e+01   2.43e-01
  6.4906e+01   2.33e-01
  6.7336e+01   2.23e-01
  6.9857e+01   2.14e-01
  7.2472e+01   2.05e-01
  7.5184e+01   1.97e-01
  7.7999e+01   1.89e-01
  8.0919e+01   1.81e-01
  8.3948e+01   1.73e-01
  8.7090e+01   1.66e-01
  9.0350e+01   1.59e-01
  9.3732e+01   1.52e-01
  9.7241e+01   1.46e-01
  1.0088e+02   1.40e-01
  1.0466e+02   1.34e-01
  1.0858e+02   1.28e-01
  1.1264e+02   1.23e-01
  1.1686e+02   1.17e-01
  1.2123e+02   1.12e-01
  1.2577e+02   1.07e-01
  1.3048e+02   1.03e-01
  1.3536e+02   9.82e-02
  1.4043e+02   9.39e-02
  1.4568e+02   8.97e-02
  1.5114e+02   8.57e-02
  1.5680e+02   8.18e-02
  1.6266e+02   7.81e-02
  1.6875e+02   7.46e-02
  1.7507e+02   7.12e-02
  1.8162e+02   6.79e-02
  1.8842e+02   6.47e-02
  1.9548e+02   6.17e-02
  2.0279e+02   5.88e-02
  2.1039e+02   5.60e-02
  2.1826e+02   5.34e-02
  2.2643e+02   5.08e-02
  2.3491e+02   4.84e-02
  2.4370e+02   4.60e-02
  2.5282e+02   4.38e-02
  2.6229e+02   4.16e-02
  2.7211e+02   3.96e-02
  2.8229e+02   3.76e-02
  2.9286e+02   3.57e-02
  3.0382e+02   3.39e-02
  3.1519e+02   3.22e-02
  3.2699e+02   3.05e-02
  3.3923e+02   2.89e-02
  3.5193e+02   2.74e-02
  3.6511e+02   2.60e-02
  3.7877e+02   2.46e-02
  3.9295e+02   2.33e-02
  4.0766e+02   2.20e-02
  4.2292e+02   2.08e-02
  4.3875e+02   1.97e-02
  4.5518e+02   1.86e-02
  4.7222e+02   1.76e-02
  4.8989e+02   1.66e-02
  5.0823e+02   1.56e-02
  5.2726e+02   1.48e-02
  5.4699e+02   1.39e-02
  5.6747e+02   1.31e-02
  5.8871e+02   1.23e-02
  6.1075e+02   1.16e-02
  6.3361e+02   1.09e-02
  6.5733e+02   1.03e-02
  6.8194e+02   9.67e-03
  7.0746e+02   9.09e-03
  7.3395e+02   8.54e-03
  7.6142e+02   8.01e-03
  7.8992e+02   7.52e-03
  8.1949e+02   7.06e-03
  8.5017e+02   6.62e-03
  8.8199e+02   6.20e-03
  9.1501e+02   5.81e-03
  9.4926e+02   5.44e-03
  9.8479e+02   5.10e-03
  1.0217e+03   4.77e-03
  1.0599e+03   4.46e-03
  1.0996e+03   4.17e-03
  1.1407e+03   3.90e-03
  1.1834e+03   3.64e-03
  1.2277e+03   3.40e-03
  1.2737e+03   3.17e-03
  1.3214e+03   2.96e-03
  1.3708e+03   2.75e-03
  1.4222e+03   2.57e-03
  1.4754e+03   2.39e-03
  1.5306e+03   2.22e-03
  1.5879e+03   2.07e-03
  1.6474e+03   1.92e-03
  1.7090e+03   1.79e-03
  1.7730e+03   1.66e-03
  1.8394e+03   1.54e-03
  1.9082e+03   1.43e-03
  1.9797e+03   1.33e-03
  2.0538e+03   1.23e-03
  2.1306e+03   1.14e-03
  2.2104e+03   1.05e-03
  2.2931e+03   9.74e-04
  2.3790e+03   9.01e-04
  2.4680e+03   8.31e-04
  2.5604e+03   7.67e-04
  2.6563e+03   7.08e-04
  2.7557e+03   6.52e-04
  2.8589e+03   6.01e-04
  2.9659e+03   5.53e-04
  3.0769e+03   5.08e-04
  3.1921e+03   4.67e-04
  3.3116e+03   4.29e-04
  3.4355e+03   3.94e-04
  3.5641e+03   3.61e-04
  3.6976e+03   3.31e-04
  3.8360e+03   3.03e-04
  3.9796e+03   2.76e-04
  4.1285e+03   2.53e-04
  4.2831e+03   2.31e-04
  4.4434e+03   2.10e-04
  4.6097e+03   1.92e-04
  4.7823e+03   1.74e-04
  4.9613e+03   1.58e-04
  5.1470e+03   1.44e-04
  5.3397e+03   1.30e-04
  5.5396e+03   1.18e-04
  5.7470e+03   1.06e-04
  5.9621e+03   9.62e-05
  6.1853e+03   8.66e-05
  6.4168e+03   7.80e-05
  6.6570e+03   7.03e-05
  6.9062e+03   6.30e-05
  7.1647e+03   5.65e-05
  7.4329e+03   5.07e-05
  7.7112e+03   4.52e-05
  7.9998e+03   4.03e-05
  8.2993e+03   3.60e-05
  8.6100e+03   3.20e-05
  8.9323e+03   2.84e-05
  9.2666e+03   2.52e-05
  9.6135e+03   2.22e-05
  9.9734e+03   1.95e-05
  1.0347e+04   1.72e-05
  1.0734e+04   1.51e-05
  1.1136e+04   1.32e-05
  1.1553e+04   1.16e-05
  1.1985e+04   1.01e-05
  1.2434e+04   8.68e-06
  1.2899e+04   7.54e-06
  1.3382e+04   6.52e-06
  1.3883e+04   5.57e-06
  1.4403e+04   4.78e-06
  1.4942e+04   4.09e-06
  1.5501e+04   3.46e-06
  1.6081e+04   2.93e-06
  1.6683e+04   2.48e-06
  1.7308e+04   2.07e-06
  1.7956e+04   1.72e-06
  1.8628e+04   1.43e-06
  1.9325e+04   1.17e-06
  2.0049e+04   9.46e-07
  2.0799e+04   7.71e-07
  2.1578e+04   6.15e-07
  2.2386e+04   4.83e-07
  2.3224e+04   3.83e-07
  2.4093e+04   2.96e-07
  2.4995e+04   2.22e-07
  2.5930e+04   1.70e-07
  2.6901e+04   1.25e-07
  2.7908e+04   8.87e-08
  2.8953e+04   6.32e-08
  3.0037e+04   4.33e-08
  3.1161e+04   2.80e-08
  3.2327e+04   1.77e-08
  3.3537e+04   1.06e-08
  3.4793e+04   5.83e-09
  3.6095e+04   3.01e-09
  3.7446e+04   1.43e-09
  3.8848e+04   5.87e-10
  4.0302e+04   2.08e-10
  4.1811e+04   6.12e-11
  4.3376e+04   1.38e-11
  4.5000e+04   2.28e-12
