#  E [MeV]   Flux [# cm^{-2} s^{-1}  MeV^{-1}]
  3.0000e+04   9.10e-20
  3.1033e+04   8.77e-20
  3.2102e+04   8.44e-20
  3.3207e+04   8.13e-20
  3.4350e+04   7.83e-20
  3.5533e+04   7.54e-20
  3.6757e+04   7.26e-20
  3.8022e+04   6.99e-20
  3.9332e+04   6.73e-20
  4.0686e+04   6.47e-20
  4.2087e+04   6.23e-20
  4.3536e+04   5.99e-20
  4.5035e+04   5.77e-20
  4.6586e+04   5.55e-20
  4.8190e+04   5.33e-20
  4.9850e+04   5.13e-20
  5.1566e+04   4.93e-20
  5.3342e+04   4.74e-20
  5.5178e+04   4.56e-20
  5.7078e+04   4.38e-20
  5.9044e+04   4.21e-20
  6.1077e+04   4.04e-20
  6.3180e+04   3.88e-20
  6.5356e+04   3.73e-20
  6.7606e+04   3.58e-20
  6.9934e+04   3.44e-20
  7.2342e+04   3.30e-20
  7.4833e+04   3.17e-20
  7.7410e+04   3.04e-20
  8.0075e+04   2.91e-20
  8.2833e+04   2.79e-20
  8.5685e+04   2.68e-20
  8.8635e+04   2.57e-20
  9.1687e+04   2.46e-20
  9.4844e+04   2.36e-20
  9.8110e+04   2.26e-20
  1.0149e+05   2.16e-20
  1.0498e+05   2.07e-20
  1.0860e+05   1.98e-20
  1.1234e+05   1.89e-20
  1.1621e+05   1.81e-20
  1.2021e+05   1.73e-20
  1.2435e+05   1.66e-20
  1.2863e+05   1.58e-20
  1.3306e+05   1.51e-20
  1.3764e+05   1.44e-20
  1.4238e+05   1.38e-20
  1.4728e+05   1.32e-20
  1.5235e+05   1.26e-20
  1.5760e+05   1.20e-20
  1.6302e+05   1.14e-20
  1.6864e+05   1.09e-20
  1.7445e+05   1.04e-20
  1.8045e+05   9.89e-21
  1.8667e+05   9.41e-21
  1.9309e+05   8.96e-21
  1.9974e+05   8.52e-21
  2.0662e+05   8.10e-21
  2.1373e+05   7.70e-21
  2.2109e+05   7.32e-21
  2.2871e+05   6.95e-21
  2.3658e+05   6.60e-21
  2.4473e+05   6.26e-21
  2.5316e+05   5.94e-21
  2.6187e+05   5.63e-21
  2.7089e+05   5.34e-21
  2.8022e+05   5.06e-21
  2.8987e+05   4.79e-21
  2.9985e+05   4.53e-21
  3.1017e+05   4.29e-21
  3.2085e+05   4.05e-21
  3.3190e+05   3.83e-21
  3.4333e+05   3.61e-21
  3.5515e+05   3.41e-21
  3.6738e+05   3.22e-21
  3.8003e+05   3.03e-21
  3.9312e+05   2.86e-21
  4.0665e+05   2.69e-21
  4.2066e+05   2.54e-21
  4.3514e+05   2.39e-21
  4.5013e+05   2.25e-21
  4.6562e+05   2.11e-21
  4.8166e+05   1.98e-21
  4.9824e+05   1.86e-21
  5.1540e+05   1.75e-21
  5.3315e+05   1.64e-21
  5.5150e+05   1.54e-21
  5.7050e+05   1.44e-21
  5.9014e+05   1.35e-21
  6.1046e+05   1.26e-21
  6.3148e+05   1.18e-21
  6.5322e+05   1.11e-21
  6.7572e+05   1.03e-21
  6.9898e+05   9.66e-22
  7.2305e+05   9.02e-22
  7.4795e+05   8.42e-22
  7.7371e+05   7.85e-22
  8.0035e+05   7.33e-22
  8.2791e+05   6.83e-22
  8.5641e+05   6.36e-22
  8.8590e+05   5.92e-22
  9.1641e+05   5.52e-22
  9.4796e+05   5.13e-22
  9.8061e+05   4.77e-22
  1.0144e+06   4.44e-22
  1.0493e+06   4.13e-22
  1.0854e+06   3.83e-22
  1.1228e+06   3.56e-22
  1.1615e+06   3.31e-22
  1.2015e+06   3.07e-22
  1.2428e+06   2.85e-22
  1.2856e+06   2.64e-22
  1.3299e+06   2.45e-22
  1.3757e+06   2.26e-22
  1.4231e+06   2.10e-22
  1.4721e+06   1.94e-22
  1.5228e+06   1.80e-22
  1.5752e+06   1.66e-22
  1.6294e+06   1.54e-22
  1.6855e+06   1.42e-22
  1.7436e+06   1.31e-22
  1.8036e+06   1.21e-22
  1.8657e+06   1.12e-22
  1.9300e+06   1.03e-22
  1.9964e+06   9.51e-23
  2.0652e+06   8.77e-23
  2.1363e+06   8.07e-23
  2.2098e+06   7.42e-23
  2.2859e+06   6.83e-23
  2.3646e+06   6.28e-23
  2.4461e+06   5.76e-23
  2.5303e+06   5.30e-23
  2.6174e+06   4.86e-23
  2.7075e+06   4.45e-23
  2.8008e+06   4.08e-23
  2.8972e+06   3.74e-23
  2.9970e+06   3.42e-23
  3.1002e+06   3.12e-23
  3.2069e+06   2.86e-23
  3.3173e+06   2.61e-23
  3.4316e+06   2.37e-23
  3.5497e+06   2.17e-23
  3.6720e+06   1.97e-23
  3.7984e+06   1.79e-23
  3.9292e+06   1.63e-23
  4.0645e+06   1.48e-23
  4.2044e+06   1.34e-23
  4.3492e+06   1.22e-23
  4.4990e+06   1.10e-23
  4.6539e+06   1.00e-23
  4.8141e+06   9.02e-24
  4.9799e+06   8.15e-24
  5.1514e+06   7.37e-24
  5.3288e+06   6.63e-24
  5.5123e+06   5.95e-24
  5.7021e+06   5.37e-24
  5.8984e+06   4.83e-24
  6.1015e+06   4.33e-24
  6.3116e+06   3.89e-24
  6.5289e+06   3.50e-24
  6.7538e+06   3.13e-24
  6.9863e+06   2.80e-24
  7.2269e+06   2.51e-24
  7.4757e+06   2.25e-24
  7.7331e+06   2.00e-24
  7.9994e+06   1.79e-24
  8.2749e+06   1.61e-24
  8.5598e+06   1.43e-24
  8.8546e+06   1.28e-24
  9.1594e+06   1.14e-24
  9.4748e+06   1.02e-24
  9.8011e+06   9.07e-25
  1.0139e+07   8.17e-25
  1.0488e+07   7.32e-25
  1.0849e+07   6.53e-25
  1.1222e+07   5.87e-25
  1.1609e+07   5.28e-25
  1.2009e+07   4.72e-25
  1.2422e+07   4.23e-25
  1.2850e+07   3.82e-25
  1.3292e+07   3.44e-25
  1.3750e+07   3.07e-25
  1.4223e+07   2.77e-25
  1.4713e+07   2.49e-25
  1.5220e+07   2.23e-25
  1.5744e+07   2.00e-25
  1.6286e+07   1.81e-25
  1.6847e+07   1.62e-25
  1.7427e+07   1.44e-25
  1.8027e+07   1.31e-25
  1.8648e+07   1.17e-25
  1.9290e+07   1.02e-25
  1.9954e+07   9.35e-26
  2.0641e+07   8.46e-26
  2.1352e+07   7.39e-26
  2.2087e+07   6.71e-26
  2.2848e+07   6.53e-26
  2.3634e+07   5.82e-26
  2.4448e+07   4.82e-26
  2.5290e+07   3.79e-26
