#  E [MeV]   Flux [# cm^{-2} s^{-1}  MeV^{-1}]
  3.0000e+04   9.83e-25
  3.0607e+04   9.56e-25
  3.1227e+04   9.29e-25
  3.1859e+04   9.03e-25
  3.2504e+04   8.78e-25
  3.3163e+04   8.54e-25
  3.3834e+04   8.30e-25
  3.4519e+04   8.07e-25
  3.5218e+04   7.84e-25
  3.5931e+04   7.63e-25
  3.6659e+04   7.41e-25
  3.7401e+04   7.21e-25
  3.8158e+04   7.01e-25
  3.8931e+04   6.81e-25
  3.9719e+04   6.62e-25
  4.0523e+04   6.44e-25
  4.1344e+04   6.26e-25
  4.2181e+04   6.08e-25
  4.3035e+04   5.91e-25
  4.3906e+04   5.75e-25
  4.4795e+04   5.59e-25
  4.5702e+04   5.44e-25
  4.6628e+04   5.28e-25
  4.7572e+04   5.14e-25
  4.8535e+04   4.99e-25
  4.9517e+04   4.86e-25
  5.0520e+04   4.72e-25
  5.1543e+04   4.59e-25
  5.2587e+04   4.47e-25
  5.3651e+04   4.34e-25
  5.4738e+04   4.22e-25
  5.5846e+04   4.11e-25
  5.6977e+04   3.99e-25
  5.8130e+04   3.89e-25
  5.9307e+04   3.78e-25
  6.0508e+04   3.67e-25
  6.1733e+04   3.57e-25
  6.2983e+04   3.48e-25
  6.4258e+04   3.38e-25
  6.5559e+04   3.29e-25
  6.6887e+04   3.20e-25
  6.8241e+04   3.11e-25
  6.9623e+04   3.03e-25
  7.1033e+04   2.95e-25
  7.2471e+04   2.87e-25
  7.3938e+04   2.79e-25
  7.5435e+04   2.71e-25
  7.6963e+04   2.64e-25
  7.8521e+04   2.57e-25
  8.0111e+04   2.50e-25
  8.1733e+04   2.43e-25
  8.3388e+04   2.37e-25
  8.5076e+04   2.30e-25
  8.6799e+04   2.24e-25
  8.8556e+04   2.18e-25
  9.0349e+04   2.12e-25
  9.2178e+04   2.07e-25
  9.4045e+04   2.01e-25
  9.5949e+04   1.96e-25
  9.7892e+04   1.90e-25
  9.9874e+04   1.85e-25
  1.0190e+05   1.81e-25
  1.0396e+05   1.76e-25
  1.0606e+05   1.71e-25
  1.0821e+05   1.67e-25
  1.1040e+05   1.62e-25
  1.1264e+05   1.58e-25
  1.1492e+05   1.54e-25
  1.1725e+05   1.50e-25
  1.1962e+05   1.46e-25
  1.2204e+05   1.42e-25
  1.2451e+05   1.38e-25
  1.2703e+05   1.35e-25
  1.2961e+05   1.31e-25
  1.3223e+05   1.28e-25
  1.3491e+05   1.24e-25
  1.3764e+05   1.21e-25
  1.4043e+05   1.18e-25
  1.4327e+05   1.15e-25
  1.4617e+05   1.12e-25
  1.4913e+05   1.09e-25
  1.5215e+05   1.06e-25
  1.5523e+05   1.03e-25
  1.5837e+05   1.01e-25
  1.6158e+05   9.81e-26
  1.6485e+05   9.56e-26
  1.6819e+05   9.31e-26
  1.7159e+05   9.06e-26
  1.7507e+05   8.83e-26
  1.7861e+05   8.60e-26
  1.8223e+05   8.37e-26
  1.8592e+05   8.15e-26
  1.8968e+05   7.93e-26
  1.9352e+05   7.72e-26
  1.9744e+05   7.52e-26
  2.0144e+05   7.32e-26
  2.0552e+05   7.13e-26
  2.0968e+05   6.93e-26
  2.1392e+05   6.75e-26
  2.1826e+05   6.57e-26
  2.2267e+05   6.39e-26
  2.2718e+05   6.22e-26
  2.3178e+05   6.05e-26
  2.3648e+05   5.89e-26
  2.4126e+05   5.73e-26
  2.4615e+05   5.57e-26
  2.5113e+05   5.42e-26
  2.5622e+05   5.27e-26
  2.6141e+05   5.13e-26
  2.6670e+05   4.99e-26
  2.7210e+05   4.85e-26
  2.7761e+05   4.71e-26
  2.8323e+05   4.58e-26
  2.8896e+05   4.46e-26
  2.9481e+05   4.33e-26
  3.0078e+05   4.21e-26
  3.0687e+05   4.09e-26
  3.1309e+05   3.98e-26
  3.1943e+05   3.86e-26
  3.2589e+05   3.75e-26
  3.3249e+05   3.65e-26
  3.3922e+05   3.54e-26
  3.4609e+05   3.44e-26
  3.5310e+05   3.34e-26
  3.6025e+05   3.24e-26
  3.6754e+05   3.14e-26
  3.7498e+05   3.05e-26
  3.8258e+05   2.96e-26
  3.9032e+05   2.87e-26
  3.9823e+05   2.78e-26
  4.0629e+05   2.70e-26
  4.1452e+05   2.62e-26
  4.2291e+05   2.54e-26
  4.3147e+05   2.46e-26
  4.4021e+05   2.38e-26
  4.4912e+05   2.31e-26
  4.5821e+05   2.23e-26
  4.6749e+05   2.16e-26
  4.7696e+05   2.09e-26
  4.8661e+05   2.03e-26
  4.9647e+05   1.96e-26
  5.0652e+05   1.90e-26
  5.1678e+05   1.83e-26
  5.2724e+05   1.77e-26
  5.3791e+05   1.72e-26
  5.4881e+05   1.66e-26
  5.5992e+05   1.61e-26
  5.7125e+05   1.55e-26
  5.8282e+05   1.50e-26
  5.9462e+05   1.45e-26
  6.0666e+05   1.40e-26
  6.1894e+05   1.36e-26
  6.3148e+05   1.31e-26
  6.4426e+05   1.26e-26
  6.5731e+05   1.22e-26
  6.7061e+05   1.18e-26
  6.8419e+05   1.14e-26
  6.9805e+05   1.10e-26
  7.1218e+05   1.06e-26
  7.2660e+05   1.02e-26
  7.4131e+05   9.83e-27
  7.5632e+05   9.48e-27
  7.7163e+05   9.14e-27
  7.8726e+05   8.81e-27
  8.0320e+05   8.50e-27
  8.1946e+05   8.19e-27
  8.3605e+05   7.89e-27
  8.5298e+05   7.61e-27
  8.7025e+05   7.33e-27
  8.8787e+05   7.07e-27
  9.0585e+05   6.81e-27
  9.2419e+05   6.56e-27
  9.4290e+05   6.32e-27
  9.6199e+05   6.09e-27
  9.8147e+05   5.87e-27
  1.0013e+06   5.66e-27
  1.0216e+06   5.45e-27
  1.0423e+06   5.25e-27
  1.0634e+06   5.06e-27
  1.0849e+06   4.88e-27
  1.1069e+06   4.70e-27
  1.1293e+06   4.53e-27
  1.1522e+06   4.36e-27
  1.1755e+06   4.20e-27
  1.1993e+06   4.05e-27
  1.2236e+06   3.90e-27
  1.2484e+06   3.75e-27
  1.2736e+06   3.61e-27
  1.2994e+06   3.48e-27
  1.3257e+06   3.35e-27
  1.3526e+06   3.22e-27
  1.3800e+06   3.10e-27
  1.4079e+06   2.98e-27
  1.4364e+06   2.87e-27
  1.4655e+06   2.76e-27
  1.4952e+06   2.66e-27
  1.5255e+06   2.56e-27
  1.5563e+06   2.47e-27
  1.5879e+06   2.39e-27
  1.6200e+06   2.31e-27
