#  E [GeV]   # per interaction  [GeV^{-1}]
  3.0000e+01   6.36e-01
  3.1232e+01   6.09e-01
  3.2514e+01   5.82e-01
  3.3849e+01   5.57e-01
  3.5238e+01   5.32e-01
  3.6685e+01   5.09e-01
  3.8191e+01   4.87e-01
  3.9759e+01   4.65e-01
  4.1391e+01   4.45e-01
  4.3090e+01   4.25e-01
  4.4859e+01   4.06e-01
  4.6701e+01   3.88e-01
  4.8618e+01   3.71e-01
  5.0614e+01   3.55e-01
  5.2692e+01   3.39e-01
  5.4855e+01   3.24e-01
  5.7107e+01   3.09e-01
  5.9451e+01   2.95e-01
  6.1892e+01   2.82e-01
  6.4433e+01   2.69e-01
  6.7078e+01   2.57e-01
  6.9832e+01   2.46e-01
  7.2699e+01   2.34e-01
  7.5683e+01   2.24e-01
  7.8790e+01   2.14e-01
  8.2025e+01   2.04e-01
  8.5392e+01   1.95e-01
  8.8898e+01   1.86e-01
  9.2547e+01   1.77e-01
  9.6347e+01   1.69e-01
  1.0030e+02   1.61e-01
  1.0442e+02   1.54e-01
  1.0871e+02   1.46e-01
  1.1317e+02   1.39e-01
  1.1782e+02   1.33e-01
  1.2265e+02   1.27e-01
  1.2769e+02   1.21e-01
  1.3293e+02   1.15e-01
  1.3839e+02   1.09e-01
  1.4407e+02   1.04e-01
  1.4998e+02   9.90e-02
  1.5614e+02   9.41e-02
  1.6255e+02   8.95e-02
  1.6922e+02   8.51e-02
  1.7617e+02   8.08e-02
  1.8340e+02   7.67e-02
  1.9093e+02   7.28e-02
  1.9877e+02   6.91e-02
  2.0693e+02   6.55e-02
  2.1543e+02   6.21e-02
  2.2427e+02   5.88e-02
  2.3348e+02   5.57e-02
  2.4306e+02   5.27e-02
  2.5304e+02   4.99e-02
  2.6343e+02   4.71e-02
  2.7424e+02   4.45e-02
  2.8550e+02   4.20e-02
  2.9722e+02   3.96e-02
  3.0942e+02   3.73e-02
  3.2213e+02   3.51e-02
  3.3535e+02   3.31e-02
  3.4912e+02   3.11e-02
  3.6345e+02   2.92e-02
  3.7837e+02   2.74e-02
  3.9390e+02   2.57e-02
  4.1008e+02   2.41e-02
  4.2691e+02   2.25e-02
  4.4444e+02   2.11e-02
  4.6268e+02   1.97e-02
  4.8168e+02   1.84e-02
  5.0145e+02   1.71e-02
  5.2204e+02   1.60e-02
  5.4347e+02   1.49e-02
  5.6578e+02   1.39e-02
  5.8901e+02   1.29e-02
  6.1319e+02   1.20e-02
  6.3836e+02   1.11e-02
  6.6457e+02   1.03e-02
  6.9185e+02   9.56e-03
  7.2025e+02   8.86e-03
  7.4982e+02   8.21e-03
  7.8061e+02   7.60e-03
  8.1265e+02   7.03e-03
  8.4601e+02   6.51e-03
  8.8075e+02   6.02e-03
  9.1690e+02   5.57e-03
  9.5455e+02   5.14e-03
  9.9373e+02   4.76e-03
  1.0345e+03   4.39e-03
  1.0770e+03   4.06e-03
  1.1212e+03   3.75e-03
  1.1672e+03   3.46e-03
  1.2152e+03   3.20e-03
  1.2650e+03   2.96e-03
  1.3170e+03   2.73e-03
  1.3711e+03   2.52e-03
  1.4273e+03   2.33e-03
  1.4859e+03   2.15e-03
  1.5469e+03   1.98e-03
  1.6104e+03   1.83e-03
  1.6766e+03   1.69e-03
  1.7454e+03   1.56e-03
  1.8170e+03   1.44e-03
  1.8916e+03   1.33e-03
  1.9693e+03   1.23e-03
  2.0501e+03   1.13e-03
  2.1343e+03   1.04e-03
  2.2219e+03   9.61e-04
  2.3131e+03   8.85e-04
  2.4081e+03   8.14e-04
  2.5070e+03   7.49e-04
  2.6099e+03   6.88e-04
  2.7170e+03   6.32e-04
  2.8286e+03   5.80e-04
  2.9447e+03   5.32e-04
  3.0656e+03   4.87e-04
  3.1914e+03   4.46e-04
  3.3225e+03   4.07e-04
  3.4589e+03   3.72e-04
  3.6008e+03   3.39e-04
  3.7487e+03   3.08e-04
  3.9026e+03   2.80e-04
  4.0628e+03   2.55e-04
  4.2296e+03   2.30e-04
  4.4032e+03   2.08e-04
  4.5840e+03   1.88e-04
  4.7722e+03   1.69e-04
  4.9681e+03   1.52e-04
  5.1720e+03   1.36e-04
  5.3844e+03   1.22e-04
  5.6054e+03   1.08e-04
  5.8355e+03   9.64e-05
  6.0751e+03   8.53e-05
  6.3245e+03   7.54e-05
  6.5841e+03   6.63e-05
  6.8544e+03   5.81e-05
  7.1358e+03   5.08e-05
  7.4288e+03   4.41e-05
  7.7338e+03   3.81e-05
  8.0513e+03   3.28e-05
  8.3818e+03   2.80e-05
  8.7259e+03   2.39e-05
  9.0841e+03   2.01e-05
  9.4571e+03   1.69e-05
  9.8453e+03   1.40e-05
  1.0249e+04   1.16e-05
  1.0670e+04   9.42e-06
  1.1108e+04   7.64e-06
  1.1564e+04   6.10e-06
  1.2039e+04   4.80e-06
  1.2533e+04   3.74e-06
  1.3048e+04   2.87e-06
  1.3584e+04   2.15e-06
  1.4141e+04   1.59e-06
  1.4722e+04   1.15e-06
  1.5326e+04   8.09e-07
  1.5955e+04   5.56e-07
  1.6610e+04   3.69e-07
  1.7292e+04   2.36e-07
  1.8002e+04   1.46e-07
  1.8741e+04   8.52e-08
  1.9511e+04   4.74e-08
  2.0312e+04   2.49e-08
  2.1145e+04   1.21e-08
  2.2013e+04   5.43e-09
  2.2917e+04   2.21e-09
  2.3858e+04   7.98e-10
  2.4837e+04   2.55e-10
  2.5857e+04   6.91e-11
  2.6919e+04   1.53e-11
  2.8024e+04   2.76e-12
  2.9174e+04   3.74e-13
  3.0372e+04   3.61e-14
  3.1619e+04   2.36e-15
  3.2917e+04   9.27e-17
  3.4268e+04   1.96e-18
  3.5675e+04   1.94e-20
  3.7140e+04   7.24e-23
  3.8664e+04   8.01e-26
  4.0252e+04   1.89e-29
  4.1904e+04   5.93e-34
  4.3624e+04   1.41e-39
  4.5415e+04   1.12e-46
  4.7280e+04   3.61e-47
  4.9221e+04   3.03e-47
  5.1241e+04   2.54e-47
  5.3345e+04   2.08e-47
  5.5535e+04   1.76e-47
  5.7815e+04   1.46e-47
  6.0188e+04   1.19e-47
  6.2659e+04   9.99e-48
  6.5232e+04   8.20e-48
  6.7910e+04   6.61e-48
  7.0698e+04   5.49e-48
  7.3600e+04   4.44e-48
  7.6621e+04   3.53e-48
  7.9767e+04   2.81e-48
  8.3042e+04   2.14e-48
  8.6451e+04   1.58e-48
  9.0000e+04   1.14e-48
