#  E [MeV]   Flux [# cm^{-2} s^{-1}  MeV^{-1}]
  3.0000e+04   1.03e-18
  3.0765e+04   9.95e-19
  3.1549e+04   9.58e-19
  3.2354e+04   9.23e-19
  3.3179e+04   8.89e-19
  3.4025e+04   8.56e-19
  3.4892e+04   8.24e-19
  3.5782e+04   7.93e-19
  3.6695e+04   7.63e-19
  3.7630e+04   7.34e-19
  3.8590e+04   7.06e-19
  3.9574e+04   6.78e-19
  4.0583e+04   6.52e-19
  4.1618e+04   6.27e-19
  4.2679e+04   6.02e-19
  4.3767e+04   5.79e-19
  4.4883e+04   5.56e-19
  4.6028e+04   5.34e-19
  4.7201e+04   5.13e-19
  4.8405e+04   4.92e-19
  4.9639e+04   4.73e-19
  5.0905e+04   4.54e-19
  5.2203e+04   4.35e-19
  5.3534e+04   4.17e-19
  5.4899e+04   4.00e-19
  5.6299e+04   3.84e-19
  5.7734e+04   3.68e-19
  5.9207e+04   3.53e-19
  6.0716e+04   3.38e-19
  6.2264e+04   3.24e-19
  6.3852e+04   3.10e-19
  6.5480e+04   2.97e-19
  6.7150e+04   2.85e-19
  6.8862e+04   2.73e-19
  7.0618e+04   2.61e-19
  7.2419e+04   2.50e-19
  7.4265e+04   2.39e-19
  7.6159e+04   2.29e-19
  7.8101e+04   2.19e-19
  8.0092e+04   2.09e-19
  8.2135e+04   2.00e-19
  8.4229e+04   1.91e-19
  8.6377e+04   1.82e-19
  8.8579e+04   1.74e-19
  9.0838e+04   1.66e-19
  9.3154e+04   1.59e-19
  9.5529e+04   1.51e-19
  9.7965e+04   1.44e-19
  1.0046e+05   1.38e-19
  1.0303e+05   1.31e-19
  1.0565e+05   1.25e-19
  1.0835e+05   1.19e-19
  1.1111e+05   1.14e-19
  1.1394e+05   1.08e-19
  1.1685e+05   1.03e-19
  1.1983e+05   9.81e-20
  1.2288e+05   9.32e-20
  1.2602e+05   8.86e-20
  1.2923e+05   8.43e-20
  1.3252e+05   8.01e-20
  1.3590e+05   7.60e-20
  1.3937e+05   7.21e-20
  1.4292e+05   6.85e-20
  1.4657e+05   6.50e-20
  1.5030e+05   6.17e-20
  1.5414e+05   5.84e-20
  1.5807e+05   5.53e-20
  1.6210e+05   5.25e-20
  1.6623e+05   4.97e-20
  1.7047e+05   4.70e-20
  1.7482e+05   4.45e-20
  1.7927e+05   4.21e-20
  1.8384e+05   3.98e-20
  1.8853e+05   3.76e-20
  1.9334e+05   3.55e-20
  1.9827e+05   3.35e-20
  2.0333e+05   3.17e-20
  2.0851e+05   2.99e-20
  2.1383e+05   2.82e-20
  2.1928e+05   2.66e-20
  2.2487e+05   2.50e-20
  2.3060e+05   2.36e-20
  2.3648e+05   2.22e-20
  2.4251e+05   2.08e-20
  2.4870e+05   1.96e-20
  2.5504e+05   1.84e-20
  2.6154e+05   1.73e-20
  2.6821e+05   1.62e-20
  2.7505e+05   1.52e-20
  2.8206e+05   1.42e-20
  2.8926e+05   1.34e-20
  2.9663e+05   1.25e-20
  3.0420e+05   1.17e-20
  3.1195e+05   1.09e-20
  3.1991e+05   1.02e-20
  3.2806e+05   9.59e-21
  3.3643e+05   8.96e-21
  3.4501e+05   8.35e-21
  3.5381e+05   7.78e-21
  3.6283e+05   7.27e-21
  3.7208e+05   6.78e-21
  3.8157e+05   6.32e-21
  3.9130e+05   5.87e-21
  4.0127e+05   5.46e-21
  4.1150e+05   5.09e-21
  4.2200e+05   4.73e-21
  4.3276e+05   4.39e-21
  4.4379e+05   4.06e-21
  4.5511e+05   3.78e-21
  4.6671e+05   3.50e-21
  4.7861e+05   3.24e-21
  4.9082e+05   2.99e-21
  5.0333e+05   2.77e-21
  5.1617e+05   2.57e-21
  5.2933e+05   2.37e-21
  5.4283e+05   2.19e-21
  5.5667e+05   2.01e-21
  5.7086e+05   1.86e-21
  5.8542e+05   1.72e-21
  6.0035e+05   1.58e-21
  6.1565e+05   1.45e-21
  6.3135e+05   1.33e-21
  6.4745e+05   1.23e-21
  6.6396e+05   1.13e-21
  6.8089e+05   1.04e-21
  6.9825e+05   9.49e-22
  7.1606e+05   8.72e-22
  7.3432e+05   8.02e-22
  7.5304e+05   7.35e-22
  7.7224e+05   6.71e-22
  7.9193e+05   6.11e-22
  8.1213e+05   5.62e-22
  8.3283e+05   5.14e-22
  8.5407e+05   4.69e-22
  8.7585e+05   4.26e-22
  8.9818e+05   3.89e-22
  9.2108e+05   3.56e-22
  9.4457e+05   3.25e-22
  9.6866e+05   2.95e-22
  9.9336e+05   2.66e-22
  1.0187e+06   2.44e-22
  1.0447e+06   2.22e-22
  1.0713e+06   2.02e-22
  1.0986e+06   1.82e-22
  1.1266e+06   1.65e-22
  1.1554e+06   1.51e-22
  1.1848e+06   1.37e-22
  1.2150e+06   1.24e-22
  1.2460e+06   1.11e-22
  1.2778e+06   1.02e-22
  1.3104e+06   9.25e-23
  1.3438e+06   8.39e-23
  1.3780e+06   7.56e-23
  1.4132e+06   6.81e-23
  1.4492e+06   6.22e-23
  1.4862e+06   5.65e-23
  1.5241e+06   5.11e-23
  1.5629e+06   4.59e-23
  1.6028e+06   4.18e-23
  1.6436e+06   3.81e-23
  1.6856e+06   3.46e-23
  1.7285e+06   3.13e-23
  1.7726e+06   2.82e-23
  1.8178e+06   2.59e-23
  1.8642e+06   2.37e-23
  1.9117e+06   2.15e-23
  1.9604e+06   1.95e-23
  2.0104e+06   1.78e-23
  2.0617e+06   1.64e-23
  2.1143e+06   1.50e-23
  2.1682e+06   1.37e-23
  2.2235e+06   1.25e-23
  2.2802e+06   1.16e-23
  2.3383e+06   1.07e-23
  2.3979e+06   9.85e-24
  2.4591e+06   9.05e-24
  2.5218e+06   8.35e-24
  2.5861e+06   7.76e-24
  2.6520e+06   7.20e-24
  2.7196e+06   6.66e-24
  2.7890e+06   6.15e-24
  2.8601e+06   5.74e-24
  2.9330e+06   5.36e-24
  3.0078e+06   4.99e-24
  3.0845e+06   4.64e-24
  3.1632e+06   4.32e-24
  3.2438e+06   4.05e-24
  3.3265e+06   3.80e-24
  3.4113e+06   3.55e-24
  3.4983e+06   3.31e-24
  3.5875e+06   3.09e-24
  3.6790e+06   2.89e-24
  3.7728e+06   2.69e-24
  3.8690e+06   2.50e-24
  3.9677e+06   2.32e-24
  4.0689e+06   2.16e-24
  4.1726e+06   2.00e-24
  4.2790e+06   1.85e-24
  4.3881e+06   1.70e-24
  4.5000e+06   1.59e-24
