#  E [MeV]   Flux [# cm^{-2} s^{-1}  MeV^{-1}]
  3.0000e+04   1.66e-25
  3.1141e+04   1.60e-25
  3.2326e+04   1.53e-25
  3.3556e+04   1.47e-25
  3.4832e+04   1.41e-25
  3.6157e+04   1.36e-25
  3.7533e+04   1.30e-25
  3.8961e+04   1.25e-25
  4.0443e+04   1.20e-25
  4.1982e+04   1.15e-25
  4.3579e+04   1.10e-25
  4.5237e+04   1.06e-25
  4.6958e+04   1.02e-25
  4.8744e+04   9.74e-26
  5.0598e+04   9.34e-26
  5.2523e+04   8.96e-26
  5.4521e+04   8.59e-26
  5.6596e+04   8.23e-26
  5.8749e+04   7.89e-26
  6.0984e+04   7.57e-26
  6.3304e+04   7.25e-26
  6.5712e+04   6.95e-26
  6.8212e+04   6.66e-26
  7.0807e+04   6.38e-26
  7.3500e+04   6.11e-26
  7.6297e+04   5.85e-26
  7.9199e+04   5.60e-26
  8.2212e+04   5.37e-26
  8.5340e+04   5.14e-26
  8.8586e+04   4.91e-26
  9.1956e+04   4.70e-26
  9.5455e+04   4.50e-26
  9.9086e+04   4.30e-26
  1.0286e+05   4.11e-26
  1.0677e+05   3.93e-26
  1.1083e+05   3.76e-26
  1.1505e+05   3.59e-26
  1.1942e+05   3.43e-26
  1.2397e+05   3.27e-26
  1.2868e+05   3.12e-26
  1.3358e+05   2.98e-26
  1.3866e+05   2.84e-26
  1.4394e+05   2.71e-26
  1.4941e+05   2.58e-26
  1.5509e+05   2.46e-26
  1.6100e+05   2.34e-26
  1.6712e+05   2.23e-26
  1.7348e+05   2.12e-26
  1.8008e+05   2.02e-26
  1.8693e+05   1.92e-26
  1.9404e+05   1.82e-26
  2.0142e+05   1.73e-26
  2.0908e+05   1.64e-26
  2.1704e+05   1.56e-26
  2.2529e+05   1.47e-26
  2.3387e+05   1.40e-26
  2.4276e+05   1.32e-26
  2.5200e+05   1.25e-26
  2.6158e+05   1.18e-26
  2.7154e+05   1.12e-26
  2.8187e+05   1.05e-26
  2.9259e+05   9.92e-27
  3.0372e+05   9.35e-27
  3.1527e+05   8.80e-27
  3.2727e+05   8.27e-27
  3.3972e+05   7.77e-27
  3.5264e+05   7.29e-27
  3.6606e+05   6.84e-27
  3.7998e+05   6.41e-27
  3.9444e+05   6.00e-27
  4.0945e+05   5.61e-27
  4.2502e+05   5.24e-27
  4.4119e+05   4.89e-27
  4.5798e+05   4.56e-27
  4.7540e+05   4.25e-27
  4.9348e+05   3.96e-27
  5.1226e+05   3.68e-27
  5.3175e+05   3.42e-27
  5.5198e+05   3.17e-27
  5.7297e+05   2.95e-27
  5.9477e+05   2.73e-27
  6.1740e+05   2.53e-27
  6.4089e+05   2.34e-27
  6.6527e+05   2.17e-27
  6.9058e+05   2.00e-27
  7.1685e+05   1.85e-27
  7.4412e+05   1.71e-27
  7.7243e+05   1.58e-27
  8.0181e+05   1.46e-27
  8.3232e+05   1.34e-27
  8.6398e+05   1.24e-27
  8.9685e+05   1.14e-27
  9.3097e+05   1.05e-27
  9.6638e+05   9.69e-28
  1.0031e+06   8.93e-28
  1.0413e+06   8.23e-28
  1.0809e+06   7.58e-28
  1.1220e+06   6.98e-28
  1.1647e+06   6.43e-28
  1.2090e+06   5.92e-28
  1.2550e+06   5.45e-28
  1.3028e+06   5.01e-28
  1.3523e+06   4.61e-28
  1.4038e+06   4.25e-28
  1.4572e+06   3.91e-28
  1.5126e+06   3.60e-28
  1.5702e+06   3.31e-28
  1.6299e+06   3.05e-28
  1.6919e+06   2.80e-28
  1.7563e+06   2.58e-28
  1.8231e+06   2.37e-28
  1.8925e+06   2.18e-28
  1.9645e+06   2.00e-28
  2.0392e+06   1.84e-28
  2.1168e+06   1.69e-28
  2.1973e+06   1.55e-28
  2.2809e+06   1.42e-28
  2.3677e+06   1.30e-28
  2.4577e+06   1.19e-28
  2.5512e+06   1.09e-28
  2.6483e+06   9.99e-29
  2.7490e+06   9.14e-29
  2.8536e+06   8.34e-29
  2.9622e+06   7.60e-29
  3.0749e+06   6.93e-29
  3.1918e+06   6.31e-29
  3.3133e+06   5.72e-29
  3.4393e+06   5.20e-29
  3.5702e+06   4.71e-29
  3.7060e+06   4.26e-29
  3.8470e+06   3.85e-29
  3.9933e+06   3.47e-29
  4.1452e+06   3.12e-29
  4.3029e+06   2.81e-29
  4.4666e+06   2.52e-29
  4.6366e+06   2.25e-29
  4.8129e+06   2.01e-29
  4.9960e+06   1.79e-29
  5.1861e+06   1.59e-29
  5.3834e+06   1.40e-29
  5.5882e+06   1.24e-29
  5.8008e+06   1.09e-29
  6.0215e+06   9.53e-30
  6.2506e+06   8.34e-30
  6.4883e+06   7.25e-30
  6.7352e+06   6.27e-30
  6.9914e+06   5.42e-30
  7.2574e+06   4.65e-30
  7.5335e+06   3.96e-30
  7.8201e+06   3.37e-30
  8.1176e+06   2.85e-30
  8.4264e+06   2.38e-30
  8.7470e+06   1.99e-30
  9.0797e+06   1.65e-30
  9.4251e+06   1.35e-30
  9.7837e+06   1.10e-30
  1.0156e+07   8.90e-31
  1.0542e+07   7.06e-31
  1.0943e+07   5.60e-31
  1.1360e+07   4.37e-31
  1.1792e+07   3.34e-31
  1.2240e+07   2.55e-31
  1.2706e+07   1.90e-31
  1.3189e+07   1.39e-31
  1.3691e+07   1.00e-31
  1.4212e+07   7.08e-32
  1.4753e+07   4.85e-32
  1.5314e+07   3.25e-32
  1.5897e+07   2.13e-32
  1.6501e+07   1.33e-32
  1.7129e+07   8.09e-33
  1.7781e+07   4.73e-33
  1.8457e+07   2.62e-33
  1.9159e+07   1.37e-33
  1.9888e+07   6.85e-34
  2.0645e+07   3.15e-34
  2.1430e+07   1.33e-34
  2.2245e+07   5.24e-35
  2.3092e+07   1.83e-35
  2.3970e+07   5.61e-36
  2.4882e+07   1.52e-36
  2.5829e+07   3.45e-37
  2.6811e+07   6.39e-38
  2.7831e+07   9.61e-39
  2.8890e+07   1.08e-39
  2.9989e+07   8.71e-41
  3.1130e+07   4.87e-42
  3.2314e+07   1.68e-43
  3.3544e+07   3.19e-45
  3.4820e+07   3.12e-47
  3.6144e+07   1.28e-49
  3.7519e+07   1.77e-52
  3.8947e+07   6.89e-56
  4.0428e+07   5.11e-60
  4.1966e+07   4.68e-65
  4.3563e+07   3.14e-71
  4.5220e+07   1.31e-72
  4.6941e+07   9.84e-73
  4.8726e+07   7.47e-73
  5.0580e+07   5.43e-73
