#  E [MeV]   Flux [# cm^{-2} s^{-1}  MeV^{-1}]
  3.0000e+04   2.04e-19
  3.0854e+04   1.98e-19
  3.1733e+04   1.92e-19
  3.2636e+04   1.85e-19
  3.3566e+04   1.79e-19
  3.4521e+04   1.73e-19
  3.5504e+04   1.68e-19
  3.6515e+04   1.62e-19
  3.7555e+04   1.56e-19
  3.8625e+04   1.51e-19
  3.9724e+04   1.46e-19
  4.0855e+04   1.41e-19
  4.2019e+04   1.36e-19
  4.3215e+04   1.31e-19
  4.4446e+04   1.27e-19
  4.5711e+04   1.22e-19
  4.7013e+04   1.18e-19
  4.8352e+04   1.14e-19
  4.9728e+04   1.10e-19
  5.1144e+04   1.06e-19
  5.2601e+04   1.02e-19
  5.4099e+04   9.80e-20
  5.5639e+04   9.43e-20
  5.7223e+04   9.08e-20
  5.8853e+04   8.73e-20
  6.0528e+04   8.40e-20
  6.2252e+04   8.08e-20
  6.4025e+04   7.76e-20
  6.5848e+04   7.46e-20
  6.7723e+04   7.17e-20
  6.9651e+04   6.88e-20
  7.1634e+04   6.61e-20
  7.3674e+04   6.34e-20
  7.5772e+04   6.08e-20
  7.7929e+04   5.84e-20
  8.0148e+04   5.59e-20
  8.2431e+04   5.36e-20
  8.4778e+04   5.14e-20
  8.7192e+04   4.92e-20
  8.9674e+04   4.71e-20
  9.2228e+04   4.51e-20
  9.4854e+04   4.32e-20
  9.7555e+04   4.13e-20
  1.0033e+05   3.95e-20
  1.0319e+05   3.77e-20
  1.0613e+05   3.60e-20
  1.0915e+05   3.44e-20
  1.1226e+05   3.29e-20
  1.1545e+05   3.14e-20
  1.1874e+05   2.99e-20
  1.2212e+05   2.86e-20
  1.2560e+05   2.72e-20
  1.2918e+05   2.60e-20
  1.3286e+05   2.48e-20
  1.3664e+05   2.36e-20
  1.4053e+05   2.25e-20
  1.4453e+05   2.14e-20
  1.4865e+05   2.04e-20
  1.5288e+05   1.94e-20
  1.5723e+05   1.85e-20
  1.6171e+05   1.76e-20
  1.6631e+05   1.67e-20
  1.7105e+05   1.59e-20
  1.7592e+05   1.51e-20
  1.8093e+05   1.43e-20
  1.8608e+05   1.36e-20
  1.9138e+05   1.29e-20
  1.9683e+05   1.22e-20
  2.0243e+05   1.16e-20
  2.0820e+05   1.10e-20
  2.1413e+05   1.04e-20
  2.2022e+05   9.86e-21
  2.2649e+05   9.33e-21
  2.3294e+05   8.82e-21
  2.3958e+05   8.34e-21
  2.4640e+05   7.88e-21
  2.5341e+05   7.44e-21
  2.6063e+05   7.03e-21
  2.6805e+05   6.63e-21
  2.7568e+05   6.25e-21
  2.8353e+05   5.90e-21
  2.9161e+05   5.56e-21
  2.9991e+05   5.24e-21
  3.0845e+05   4.93e-21
  3.1723e+05   4.64e-21
  3.2627e+05   4.36e-21
  3.3556e+05   4.10e-21
  3.4511e+05   3.85e-21
  3.5494e+05   3.61e-21
  3.6504e+05   3.40e-21
  3.7544e+05   3.19e-21
  3.8613e+05   2.98e-21
  3.9712e+05   2.79e-21
  4.0843e+05   2.62e-21
  4.2006e+05   2.45e-21
  4.3202e+05   2.29e-21
  4.4432e+05   2.14e-21
  4.5698e+05   2.00e-21
  4.6999e+05   1.86e-21
  4.8337e+05   1.74e-21
  4.9713e+05   1.62e-21
  5.1129e+05   1.51e-21
  5.2585e+05   1.41e-21
  5.4082e+05   1.31e-21
  5.5622e+05   1.21e-21
  5.7206e+05   1.13e-21
  5.8835e+05   1.05e-21
  6.0510e+05   9.74e-22
  6.2233e+05   9.01e-22
  6.4005e+05   8.37e-22
  6.5828e+05   7.76e-22
  6.7702e+05   7.18e-22
  6.9630e+05   6.63e-22
  7.1613e+05   6.13e-22
  7.3652e+05   5.68e-22
  7.5749e+05   5.24e-22
  7.7906e+05   4.82e-22
  8.0124e+05   4.45e-22
  8.2406e+05   4.11e-22
  8.4752e+05   3.78e-22
  8.7165e+05   3.47e-22
  8.9647e+05   3.19e-22
  9.2200e+05   2.94e-22
  9.4825e+05   2.70e-22
  9.7526e+05   2.47e-22
  1.0030e+06   2.26e-22
  1.0316e+06   2.08e-22
  1.0610e+06   1.91e-22
  1.0912e+06   1.74e-22
  1.1222e+06   1.59e-22
  1.1542e+06   1.46e-22
  1.1871e+06   1.33e-22
  1.2209e+06   1.21e-22
  1.2556e+06   1.11e-22
  1.2914e+06   1.01e-22
  1.3281e+06   9.24e-23
  1.3660e+06   8.40e-23
  1.4049e+06   7.62e-23
  1.4449e+06   6.96e-23
  1.4860e+06   6.34e-23
  1.5283e+06   5.75e-23
  1.5718e+06   5.20e-23
  1.6166e+06   4.74e-23
  1.6626e+06   4.31e-23
  1.7100e+06   3.90e-23
  1.7587e+06   3.51e-23
  1.8087e+06   3.20e-23
  1.8602e+06   2.90e-23
  1.9132e+06   2.62e-23
  1.9677e+06   2.35e-23
  2.0237e+06   2.14e-23
  2.0813e+06   1.94e-23
  2.1406e+06   1.75e-23
  2.2016e+06   1.57e-23
  2.2642e+06   1.42e-23
  2.3287e+06   1.29e-23
  2.3950e+06   1.16e-23
  2.4632e+06   1.04e-23
  2.5334e+06   9.38e-24
  2.6055e+06   8.49e-24
  2.6797e+06   7.64e-24
  2.7560e+06   6.84e-24
  2.8345e+06   6.16e-24
  2.9152e+06   5.57e-24
  2.9982e+06   5.01e-24
  3.0836e+06   4.48e-24
  3.1714e+06   4.03e-24
  3.2617e+06   3.64e-24
  3.3545e+06   3.28e-24
  3.4501e+06   2.93e-24
  3.5483e+06   2.63e-24
  3.6493e+06   2.37e-24
  3.7532e+06   2.13e-24
  3.8601e+06   1.90e-24
  3.9700e+06   1.70e-24
  4.0831e+06   1.54e-24
  4.1993e+06   1.38e-24
  4.3189e+06   1.24e-24
  4.4419e+06   1.11e-24
  4.5684e+06   1.01e-24
  4.6985e+06   9.13e-25
  4.8322e+06   8.23e-25
  4.9698e+06   7.39e-25
  5.1114e+06   6.83e-25
  5.2569e+06   6.29e-25
  5.4066e+06   5.77e-25
  5.5605e+06   5.28e-25
  5.7189e+06   4.94e-25
  5.8817e+06   4.61e-25
  6.0492e+06   4.31e-25
  6.2214e+06   4.01e-25
  6.3986e+06   3.80e-25
  6.5808e+06   3.61e-25
  6.7682e+06   3.42e-25
  6.9609e+06   3.24e-25
  7.1591e+06   3.10e-25
  7.3630e+06   2.98e-25
  7.5726e+06   2.86e-25
  7.7882e+06   2.74e-25
  8.0100e+06   2.64e-25
