#  E [MeV]   Flux [# cm^{-2} s^{-1}  MeV^{-1}]
  3.0000e+04   1.44e-24
  3.1232e+04   1.38e-24
  3.2514e+04   1.31e-24
  3.3849e+04   1.25e-24
  3.5238e+04   1.19e-24
  3.6685e+04   1.13e-24
  3.8191e+04   1.08e-24
  3.9759e+04   1.03e-24
  4.1391e+04   9.80e-25
  4.3090e+04   9.33e-25
  4.4859e+04   8.88e-25
  4.6701e+04   8.45e-25
  4.8618e+04   8.05e-25
  5.0614e+04   7.65e-25
  5.2692e+04   7.28e-25
  5.4855e+04   6.93e-25
  5.7107e+04   6.59e-25
  5.9451e+04   6.26e-25
  6.1892e+04   5.95e-25
  6.4433e+04   5.66e-25
  6.7078e+04   5.38e-25
  6.9832e+04   5.11e-25
  7.2699e+04   4.85e-25
  7.5683e+04   4.61e-25
  7.8790e+04   4.37e-25
  8.2025e+04   4.15e-25
  8.5392e+04   3.94e-25
  8.8898e+04   3.74e-25
  9.2547e+04   3.55e-25
  9.6347e+04   3.37e-25
  1.0030e+05   3.19e-25
  1.0442e+05   3.03e-25
  1.0871e+05   2.87e-25
  1.1317e+05   2.72e-25
  1.1782e+05   2.58e-25
  1.2265e+05   2.45e-25
  1.2769e+05   2.32e-25
  1.3293e+05   2.20e-25
  1.3839e+05   2.08e-25
  1.4407e+05   1.97e-25
  1.4998e+05   1.87e-25
  1.5614e+05   1.77e-25
  1.6255e+05   1.67e-25
  1.6922e+05   1.58e-25
  1.7617e+05   1.50e-25
  1.8340e+05   1.42e-25
  1.9093e+05   1.34e-25
  1.9877e+05   1.27e-25
  2.0693e+05   1.20e-25
  2.1543e+05   1.13e-25
  2.2427e+05   1.07e-25
  2.3348e+05   1.01e-25
  2.4306e+05   9.54e-26
  2.5304e+05   9.01e-26
  2.6343e+05   8.51e-26
  2.7424e+05   8.03e-26
  2.8550e+05   7.58e-26
  2.9722e+05   7.15e-26
  3.0942e+05   6.74e-26
  3.2213e+05   6.36e-26
  3.3535e+05   5.99e-26
  3.4912e+05   5.64e-26
  3.6345e+05   5.32e-26
  3.7837e+05   5.01e-26
  3.9390e+05   4.72e-26
  4.1008e+05   4.44e-26
  4.2691e+05   4.18e-26
  4.4444e+05   3.93e-26
  4.6268e+05   3.70e-26
  4.8168e+05   3.48e-26
  5.0145e+05   3.27e-26
  5.2204e+05   3.07e-26
  5.4347e+05   2.88e-26
  5.6578e+05   2.71e-26
  5.8901e+05   2.54e-26
  6.1319e+05   2.38e-26
  6.3836e+05   2.24e-26
  6.6457e+05   2.10e-26
  6.9185e+05   1.96e-26
  7.2025e+05   1.84e-26
  7.4982e+05   1.72e-26
  7.8061e+05   1.61e-26
  8.1265e+05   1.51e-26
  8.4601e+05   1.41e-26
  8.8075e+05   1.32e-26
  9.1690e+05   1.23e-26
  9.5455e+05   1.15e-26
  9.9373e+05   1.07e-26
  1.0345e+06   1.00e-26
  1.0770e+06   9.34e-27
  1.1212e+06   8.70e-27
  1.1672e+06   8.10e-27
  1.2152e+06   7.53e-27
  1.2650e+06   7.01e-27
  1.3170e+06   6.52e-27
  1.3711e+06   6.05e-27
  1.4273e+06   5.63e-27
  1.4859e+06   5.23e-27
  1.5469e+06   4.86e-27
  1.6104e+06   4.51e-27
  1.6766e+06   4.19e-27
  1.7454e+06   3.89e-27
  1.8170e+06   3.61e-27
  1.8916e+06   3.34e-27
  1.9693e+06   3.10e-27
  2.0501e+06   2.87e-27
  2.1343e+06   2.66e-27
  2.2219e+06   2.46e-27
  2.3131e+06   2.28e-27
  2.4081e+06   2.10e-27
  2.5070e+06   1.94e-27
  2.6099e+06   1.79e-27
  2.7170e+06   1.65e-27
  2.8286e+06   1.52e-27
  2.9447e+06   1.40e-27
  3.0656e+06   1.28e-27
  3.1914e+06   1.18e-27
  3.3225e+06   1.08e-27
  3.4589e+06   9.91e-28
  3.6008e+06   9.07e-28
  3.7487e+06   8.30e-28
  3.9026e+06   7.57e-28
  4.0628e+06   6.91e-28
  4.2296e+06   6.30e-28
  4.4032e+06   5.72e-28
  4.5840e+06   5.20e-28
  4.7722e+06   4.72e-28
  4.9681e+06   4.27e-28
  5.1720e+06   3.86e-28
  5.3844e+06   3.49e-28
  5.6054e+06   3.14e-28
  5.8355e+06   2.83e-28
  6.0751e+06   2.54e-28
  6.3245e+06   2.27e-28
  6.5841e+06   2.03e-28
  6.8544e+06   1.81e-28
  7.1358e+06   1.61e-28
  7.4288e+06   1.43e-28
  7.7338e+06   1.27e-28
  8.0513e+06   1.12e-28
  8.3818e+06   9.91e-29
  8.7259e+06   8.69e-29
  9.0841e+06   7.63e-29
  9.4571e+06   6.67e-29
  9.8453e+06   5.78e-29
  1.0249e+07   5.03e-29
  1.0670e+07   4.35e-29
  1.1108e+07   3.73e-29
  1.1564e+07   3.21e-29
  1.2039e+07   2.74e-29
  1.2533e+07   2.32e-29
  1.3048e+07   1.98e-29
  1.3584e+07   1.66e-29
  1.4141e+07   1.39e-29
  1.4722e+07   1.16e-29
  1.5326e+07   9.54e-30
  1.5955e+07   7.81e-30
  1.6610e+07   6.39e-30
  1.7292e+07   5.12e-30
  1.8002e+07   4.09e-30
  1.8741e+07   3.24e-30
  1.9511e+07   2.51e-30
  2.0312e+07   1.93e-30
  2.1145e+07   1.47e-30
  2.2013e+07   1.08e-30
  2.2917e+07   7.89e-31
  2.3858e+07   5.60e-31
  2.4837e+07   3.81e-31
  2.5857e+07   2.57e-31
  2.6919e+07   1.64e-31
  2.8024e+07   9.90e-32
  2.9174e+07   5.77e-32
  3.0372e+07   3.10e-32
  3.1619e+07   1.52e-32
  3.2917e+07   6.85e-33
  3.4268e+07   2.68e-33
  3.5675e+07   9.00e-34
  3.7140e+07   2.52e-34
  3.8664e+07   5.40e-35
  4.0252e+07   8.56e-36
  4.1904e+07   9.15e-37
  4.3624e+07   5.73e-38
  4.5415e+07   1.85e-39
  4.7280e+07   2.45e-41
  4.9221e+07   9.81e-44
  5.1241e+07   8.13e-47
  5.3345e+07   7.74e-51
  5.5535e+07   3.75e-56
  5.7815e+07   3.03e-63
  6.0188e+07   1.04e-71
  6.2659e+07   9.21e-72
  6.5232e+07   8.29e-72
  6.7910e+07   7.43e-72
  7.0698e+07   6.64e-72
  7.3600e+07   5.95e-72
  7.6621e+07   5.31e-72
  7.9767e+07   4.70e-72
  8.3042e+07   4.12e-72
  8.6451e+07   3.58e-72
  9.0000e+07   3.11e-72
