#  E [MeV]   Flux [# cm^{-2} s^{-1}  MeV^{-1}]
  3.0000e+04   3.42e-19
  3.1033e+04   3.28e-19
  3.2102e+04   3.14e-19
  3.3207e+04   3.01e-19
  3.4350e+04   2.88e-19
  3.5533e+04   2.76e-19
  3.6757e+04   2.64e-19
  3.8022e+04   2.53e-19
  3.9332e+04   2.42e-19
  4.0686e+04   2.32e-19
  4.2087e+04   2.22e-19
  4.3536e+04   2.12e-19
  4.5035e+04   2.03e-19
  4.6586e+04   1.94e-19
  4.8190e+04   1.86e-19
  4.9850e+04   1.78e-19
  5.1566e+04   1.70e-19
  5.3342e+04   1.63e-19
  5.5178e+04   1.56e-19
  5.7078e+04   1.49e-19
  5.9044e+04   1.42e-19
  6.1077e+04   1.36e-19
  6.3180e+04   1.30e-19
  6.5356e+04   1.24e-19
  6.7606e+04   1.19e-19
  6.9934e+04   1.14e-19
  7.2342e+04   1.08e-19
  7.4833e+04   1.04e-19
  7.7410e+04   9.90e-20
  8.0075e+04   9.45e-20
  8.2833e+04   9.03e-20
  8.5685e+04   8.62e-20
  8.8635e+04   8.23e-20
  9.1687e+04   7.86e-20
  9.4844e+04   7.50e-20
  9.8110e+04   7.16e-20
  1.0149e+05   6.83e-20
  1.0498e+05   6.52e-20
  1.0860e+05   6.22e-20
  1.1234e+05   5.93e-20
  1.1621e+05   5.66e-20
  1.2021e+05   5.40e-20
  1.2435e+05   5.15e-20
  1.2863e+05   4.91e-20
  1.3306e+05   4.68e-20
  1.3764e+05   4.46e-20
  1.4238e+05   4.25e-20
  1.4728e+05   4.05e-20
  1.5235e+05   3.86e-20
  1.5760e+05   3.68e-20
  1.6302e+05   3.50e-20
  1.6864e+05   3.34e-20
  1.7445e+05   3.17e-20
  1.8045e+05   3.02e-20
  1.8667e+05   2.87e-20
  1.9309e+05   2.73e-20
  1.9974e+05   2.60e-20
  2.0662e+05   2.47e-20
  2.1373e+05   2.35e-20
  2.2109e+05   2.23e-20
  2.2871e+05   2.12e-20
  2.3658e+05   2.01e-20
  2.4473e+05   1.91e-20
  2.5316e+05   1.81e-20
  2.6187e+05   1.72e-20
  2.7089e+05   1.63e-20
  2.8022e+05   1.54e-20
  2.8987e+05   1.46e-20
  2.9985e+05   1.38e-20
  3.1017e+05   1.31e-20
  3.2085e+05   1.24e-20
  3.3190e+05   1.17e-20
  3.4333e+05   1.10e-20
  3.5515e+05   1.04e-20
  3.6738e+05   9.81e-21
  3.8003e+05   9.26e-21
  3.9312e+05   8.72e-21
  4.0665e+05   8.22e-21
  4.2066e+05   7.75e-21
  4.3514e+05   7.30e-21
  4.5013e+05   6.88e-21
  4.6562e+05   6.48e-21
  4.8166e+05   6.10e-21
  4.9824e+05   5.74e-21
  5.1540e+05   5.40e-21
  5.3315e+05   5.08e-21
  5.5150e+05   4.77e-21
  5.7050e+05   4.48e-21
  5.9014e+05   4.21e-21
  6.1046e+05   3.95e-21
  6.3148e+05   3.71e-21
  6.5322e+05   3.48e-21
  6.7572e+05   3.26e-21
  6.9898e+05   3.05e-21
  7.2305e+05   2.85e-21
  7.4795e+05   2.67e-21
  7.7371e+05   2.49e-21
  8.0035e+05   2.33e-21
  8.2791e+05   2.17e-21
  8.5641e+05   2.03e-21
  8.8590e+05   1.89e-21
  9.1641e+05   1.76e-21
  9.4796e+05   1.64e-21
  9.8061e+05   1.53e-21
  1.0144e+06   1.42e-21
  1.0493e+06   1.32e-21
  1.0854e+06   1.23e-21
  1.1228e+06   1.14e-21
  1.1615e+06   1.06e-21
  1.2015e+06   9.80e-22
  1.2428e+06   9.07e-22
  1.2856e+06   8.39e-22
  1.3299e+06   7.76e-22
  1.3757e+06   7.16e-22
  1.4231e+06   6.61e-22
  1.4721e+06   6.10e-22
  1.5228e+06   5.61e-22
  1.5752e+06   5.16e-22
  1.6294e+06   4.75e-22
  1.6855e+06   4.36e-22
  1.7436e+06   4.00e-22
  1.8036e+06   3.67e-22
  1.8657e+06   3.36e-22
  1.9300e+06   3.07e-22
  1.9964e+06   2.80e-22
  2.0652e+06   2.56e-22
  2.1363e+06   2.34e-22
  2.2098e+06   2.12e-22
  2.2859e+06   1.94e-22
  2.3646e+06   1.76e-22
  2.4461e+06   1.60e-22
  2.5303e+06   1.45e-22
  2.6174e+06   1.31e-22
  2.7075e+06   1.18e-22
  2.8008e+06   1.06e-22
  2.8972e+06   9.61e-23
  2.9970e+06   8.65e-23
  3.1002e+06   7.75e-23
  3.2069e+06   6.96e-23
  3.3173e+06   6.25e-23
  3.4316e+06   5.58e-23
  3.5497e+06   4.97e-23
  3.6720e+06   4.45e-23
  3.7984e+06   3.97e-23
  3.9292e+06   3.51e-23
  4.0645e+06   3.13e-23
  4.2044e+06   2.78e-23
  4.3492e+06   2.45e-23
  4.4990e+06   2.17e-23
  4.6539e+06   1.92e-23
  4.8141e+06   1.69e-23
  4.9799e+06   1.48e-23
  5.1514e+06   1.31e-23
  5.3288e+06   1.15e-23
  5.5123e+06   9.96e-24
  5.7021e+06   8.72e-24
  5.8984e+06   7.64e-24
  6.1015e+06   6.63e-24
  6.3116e+06   5.73e-24
  6.5289e+06   5.02e-24
  6.7538e+06   4.35e-24
  6.9863e+06   3.73e-24
  7.2269e+06   3.25e-24
  7.4757e+06   2.82e-24
  7.7331e+06   2.41e-24
  7.9994e+06   2.07e-24
  8.2749e+06   1.80e-24
  8.5598e+06   1.54e-24
  8.8546e+06   1.30e-24
  9.1594e+06   1.13e-24
  9.4748e+06   9.74e-25
  9.8011e+06   8.25e-25
  1.0139e+07   7.08e-25
  1.0488e+07   6.11e-25
  1.0849e+07   5.20e-25
  1.1222e+07   4.40e-25
  1.1609e+07   3.82e-25
  1.2009e+07   3.28e-25
  1.2422e+07   2.78e-25
  1.2850e+07   2.41e-25
  1.3292e+07   2.09e-25
  1.3750e+07   1.79e-25
  1.4223e+07   1.54e-25
  1.4713e+07   1.34e-25
  1.5220e+07   1.16e-25
  1.5744e+07   9.96e-26
  1.6286e+07   8.78e-26
  1.6847e+07   7.68e-26
  1.7427e+07   6.66e-26
  1.8027e+07   5.81e-26
  1.8648e+07   5.08e-26
  1.9290e+07   4.41e-26
  1.9954e+07   3.80e-26
  2.0641e+07   3.28e-26
  2.1352e+07   2.81e-26
  2.2087e+07   2.37e-26
  2.2848e+07   1.99e-26
  2.3634e+07   1.64e-26
  2.4448e+07   1.33e-26
  2.5290e+07   1.08e-26
