#  E [MeV]   Flux [# cm^{-2} s^{-1}  MeV^{-1}]
  3.0000e+04   4.03e-20
  3.1123e+04   3.87e-20
  3.2288e+04   3.72e-20
  3.3497e+04   3.57e-20
  3.4751e+04   3.42e-20
  3.6051e+04   3.29e-20
  3.7401e+04   3.15e-20
  3.8801e+04   3.03e-20
  4.0253e+04   2.90e-20
  4.1760e+04   2.79e-20
  4.3324e+04   2.67e-20
  4.4945e+04   2.56e-20
  4.6628e+04   2.46e-20
  4.8373e+04   2.36e-20
  5.0184e+04   2.26e-20
  5.2063e+04   2.17e-20
  5.4011e+04   2.08e-20
  5.6033e+04   1.99e-20
  5.8131e+04   1.91e-20
  6.0307e+04   1.83e-20
  6.2564e+04   1.75e-20
  6.4906e+04   1.68e-20
  6.7336e+04   1.61e-20
  6.9857e+04   1.54e-20
  7.2472e+04   1.48e-20
  7.5184e+04   1.42e-20
  7.7999e+04   1.36e-20
  8.0919e+04   1.30e-20
  8.3948e+04   1.24e-20
  8.7090e+04   1.19e-20
  9.0350e+04   1.14e-20
  9.3732e+04   1.09e-20
  9.7241e+04   1.04e-20
  1.0088e+05   9.96e-21
  1.0466e+05   9.53e-21
  1.0858e+05   9.11e-21
  1.1264e+05   8.71e-21
  1.1686e+05   8.32e-21
  1.2123e+05   7.95e-21
  1.2577e+05   7.60e-21
  1.3048e+05   7.25e-21
  1.3536e+05   6.93e-21
  1.4043e+05   6.61e-21
  1.4568e+05   6.31e-21
  1.5114e+05   6.02e-21
  1.5680e+05   5.74e-21
  1.6266e+05   5.48e-21
  1.6875e+05   5.22e-21
  1.7507e+05   4.97e-21
  1.8162e+05   4.74e-21
  1.8842e+05   4.51e-21
  1.9548e+05   4.30e-21
  2.0279e+05   4.09e-21
  2.1039e+05   3.89e-21
  2.1826e+05   3.70e-21
  2.2643e+05   3.52e-21
  2.3491e+05   3.35e-21
  2.4370e+05   3.18e-21
  2.5282e+05   3.02e-21
  2.6229e+05   2.87e-21
  2.7211e+05   2.73e-21
  2.8229e+05   2.59e-21
  2.9286e+05   2.45e-21
  3.0382e+05   2.32e-21
  3.1519e+05   2.20e-21
  3.2699e+05   2.08e-21
  3.3923e+05   1.97e-21
  3.5193e+05   1.87e-21
  3.6511e+05   1.77e-21
  3.7877e+05   1.67e-21
  3.9295e+05   1.58e-21
  4.0766e+05   1.49e-21
  4.2292e+05   1.41e-21
  4.3875e+05   1.33e-21
  4.5518e+05   1.25e-21
  4.7222e+05   1.18e-21
  4.8989e+05   1.11e-21
  5.0823e+05   1.05e-21
  5.2726e+05   9.88e-22
  5.4699e+05   9.30e-22
  5.6747e+05   8.74e-22
  5.8871e+05   8.22e-22
  6.1075e+05   7.72e-22
  6.3361e+05   7.25e-22
  6.5733e+05   6.81e-22
  6.8194e+05   6.39e-22
  7.0746e+05   6.00e-22
  7.3395e+05   5.62e-22
  7.6142e+05   5.27e-22
  7.8992e+05   4.94e-22
  8.1949e+05   4.62e-22
  8.5017e+05   4.33e-22
  8.8199e+05   4.05e-22
  9.1501e+05   3.79e-22
  9.4926e+05   3.54e-22
  9.8479e+05   3.31e-22
  1.0217e+06   3.09e-22
  1.0599e+06   2.89e-22
  1.0996e+06   2.70e-22
  1.1407e+06   2.51e-22
  1.1834e+06   2.34e-22
  1.2277e+06   2.18e-22
  1.2737e+06   2.03e-22
  1.3214e+06   1.89e-22
  1.3708e+06   1.76e-22
  1.4222e+06   1.64e-22
  1.4754e+06   1.53e-22
  1.5306e+06   1.42e-22
  1.5879e+06   1.32e-22
  1.6474e+06   1.22e-22
  1.7090e+06   1.13e-22
  1.7730e+06   1.05e-22
  1.8394e+06   9.76e-23
  1.9082e+06   9.05e-23
  1.9797e+06   8.37e-23
  2.0538e+06   7.76e-23
  2.1306e+06   7.18e-23
  2.2104e+06   6.63e-23
  2.2931e+06   6.13e-23
  2.3790e+06   5.66e-23
  2.4680e+06   5.22e-23
  2.5604e+06   4.82e-23
  2.6563e+06   4.44e-23
  2.7557e+06   4.09e-23
  2.8589e+06   3.76e-23
  2.9659e+06   3.46e-23
  3.0769e+06   3.18e-23
  3.1921e+06   2.92e-23
  3.3116e+06   2.68e-23
  3.4355e+06   2.46e-23
  3.5641e+06   2.25e-23
  3.6976e+06   2.07e-23
  3.8360e+06   1.89e-23
  3.9796e+06   1.73e-23
  4.1285e+06   1.58e-23
  4.2831e+06   1.44e-23
  4.4434e+06   1.31e-23
  4.6097e+06   1.20e-23
  4.7823e+06   1.09e-23
  4.9613e+06   9.88e-24
  5.1470e+06   9.00e-24
  5.3397e+06   8.17e-24
  5.5396e+06   7.39e-24
  5.7470e+06   6.71e-24
  5.9621e+06   6.07e-24
  6.1853e+06   5.47e-24
  6.4168e+06   4.95e-24
  6.6570e+06   4.47e-24
  6.9062e+06   4.02e-24
  7.1647e+06   3.62e-24
  7.4329e+06   3.26e-24
  7.7112e+06   2.92e-24
  7.9998e+06   2.62e-24
  8.2993e+06   2.35e-24
  8.6100e+06   2.10e-24
  8.9323e+06   1.88e-24
  9.2666e+06   1.68e-24
  9.6135e+06   1.49e-24
  9.9734e+06   1.33e-24
  1.0347e+07   1.18e-24
  1.0734e+07   1.05e-24
  1.1136e+07   9.29e-25
  1.1553e+07   8.26e-25
  1.1985e+07   7.31e-25
  1.2434e+07   6.43e-25
  1.2899e+07   5.70e-25
  1.3382e+07   5.03e-25
  1.3883e+07   4.41e-25
  1.4403e+07   3.89e-25
  1.4942e+07   3.41e-25
  1.5501e+07   2.98e-25
  1.6081e+07   2.61e-25
  1.6683e+07   2.28e-25
  1.7308e+07   1.98e-25
  1.7956e+07   1.72e-25
  1.8628e+07   1.49e-25
  1.9325e+07   1.29e-25
  2.0049e+07   1.11e-25
  2.0799e+07   9.50e-26
  2.1578e+07   8.06e-26
  2.2386e+07   6.79e-26
  2.3224e+07   5.71e-26
  2.4093e+07   4.72e-26
  2.4995e+07   3.83e-26
  2.5930e+07   3.09e-26
  2.6901e+07   2.43e-26
  2.7908e+07   1.85e-26
  2.8953e+07   1.39e-26
  3.0037e+07   1.00e-26
  3.1161e+07   6.85e-27
  3.2327e+07   4.54e-27
  3.3537e+07   2.79e-27
  3.4793e+07   1.55e-27
  3.6095e+07   8.20e-28
  3.7446e+07   3.78e-28
  3.8848e+07   1.44e-28
  4.0302e+07   5.11e-29
  4.1811e+07   1.39e-29
  4.3376e+07   2.52e-30
  4.5000e+07   3.00e-31
