#  E [MeV]   Flux [# cm^{-2} s^{-1}  MeV^{-1}]
  3.0000e+04   1.20e-26
  3.1141e+04   1.15e-26
  3.2326e+04   1.11e-26
  3.3556e+04   1.07e-26
  3.4832e+04   1.03e-26
  3.6157e+04   9.87e-27
  3.7533e+04   9.49e-27
  3.8961e+04   9.12e-27
  4.0443e+04   8.76e-27
  4.1982e+04   8.41e-27
  4.3579e+04   8.08e-27
  4.5237e+04   7.76e-27
  4.6958e+04   7.45e-27
  4.8744e+04   7.15e-27
  5.0598e+04   6.86e-27
  5.2523e+04   6.57e-27
  5.4521e+04   6.31e-27
  5.6596e+04   6.05e-27
  5.8749e+04   5.79e-27
  6.0984e+04   5.55e-27
  6.3304e+04   5.32e-27
  6.5712e+04   5.10e-27
  6.8212e+04   4.88e-27
  7.0807e+04   4.67e-27
  7.3500e+04   4.47e-27
  7.6297e+04   4.28e-27
  7.9199e+04   4.10e-27
  8.2212e+04   3.92e-27
  8.5340e+04   3.74e-27
  8.8586e+04   3.58e-27
  9.1956e+04   3.42e-27
  9.5455e+04   3.27e-27
  9.9086e+04   3.12e-27
  1.0286e+05   2.98e-27
  1.0677e+05   2.85e-27
  1.1083e+05   2.72e-27
  1.1505e+05   2.59e-27
  1.1942e+05   2.47e-27
  1.2397e+05   2.36e-27
  1.2868e+05   2.25e-27
  1.3358e+05   2.14e-27
  1.3866e+05   2.04e-27
  1.4394e+05   1.94e-27
  1.4941e+05   1.85e-27
  1.5509e+05   1.76e-27
  1.6100e+05   1.68e-27
  1.6712e+05   1.60e-27
  1.7348e+05   1.52e-27
  1.8008e+05   1.44e-27
  1.8693e+05   1.37e-27
  1.9404e+05   1.30e-27
  2.0142e+05   1.24e-27
  2.0908e+05   1.18e-27
  2.1704e+05   1.12e-27
  2.2529e+05   1.06e-27
  2.3387e+05   1.01e-27
  2.4276e+05   9.55e-28
  2.5200e+05   9.06e-28
  2.6158e+05   8.59e-28
  2.7154e+05   8.14e-28
  2.8187e+05   7.71e-28
  2.9259e+05   7.31e-28
  3.0372e+05   6.92e-28
  3.1527e+05   6.55e-28
  3.2727e+05   6.20e-28
  3.3972e+05   5.86e-28
  3.5264e+05   5.54e-28
  3.6606e+05   5.24e-28
  3.7998e+05   4.96e-28
  3.9444e+05   4.68e-28
  4.0945e+05   4.42e-28
  4.2502e+05   4.18e-28
  4.4119e+05   3.95e-28
  4.5798e+05   3.72e-28
  4.7540e+05   3.51e-28
  4.9348e+05   3.32e-28
  5.1226e+05   3.13e-28
  5.3175e+05   2.95e-28
  5.5198e+05   2.78e-28
  5.7297e+05   2.62e-28
  5.9477e+05   2.47e-28
  6.1740e+05   2.33e-28
  6.4089e+05   2.19e-28
  6.6527e+05   2.06e-28
  6.9058e+05   1.94e-28
  7.1685e+05   1.83e-28
  7.4412e+05   1.72e-28
  7.7243e+05   1.62e-28
  8.0181e+05   1.52e-28
  8.3232e+05   1.43e-28
  8.6398e+05   1.35e-28
  8.9685e+05   1.27e-28
  9.3097e+05   1.20e-28
  9.6638e+05   1.12e-28
  1.0031e+06   1.06e-28
  1.0413e+06   9.96e-29
  1.0809e+06   9.37e-29
  1.1220e+06   8.81e-29
  1.1647e+06   8.29e-29
  1.2090e+06   7.80e-29
  1.2550e+06   7.34e-29
  1.3028e+06   6.91e-29
  1.3523e+06   6.50e-29
  1.4038e+06   6.12e-29
  1.4572e+06   5.76e-29
  1.5126e+06   5.42e-29
  1.5702e+06   5.11e-29
  1.6299e+06   4.81e-29
  1.6919e+06   4.53e-29
  1.7563e+06   4.27e-29
  1.8231e+06   4.02e-29
  1.8925e+06   3.79e-29
  1.9645e+06   3.57e-29
  2.0392e+06   3.37e-29
  2.1168e+06   3.18e-29
  2.1973e+06   3.00e-29
  2.2809e+06   2.83e-29
  2.3677e+06   2.67e-29
  2.4577e+06   2.52e-29
  2.5512e+06   2.38e-29
  2.6483e+06   2.24e-29
  2.7490e+06   2.12e-29
  2.8536e+06   2.00e-29
  2.9622e+06   1.89e-29
  3.0749e+06   1.79e-29
  3.1918e+06   1.69e-29
  3.3133e+06   1.60e-29
  3.4393e+06   1.51e-29
  3.5702e+06   1.43e-29
  3.7060e+06   1.35e-29
  3.8470e+06   1.28e-29
  3.9933e+06   1.21e-29
  4.1452e+06   1.15e-29
  4.3029e+06   1.09e-29
  4.4666e+06   1.03e-29
  4.6366e+06   9.78e-30
  4.8129e+06   9.26e-30
  4.9960e+06   8.78e-30
  5.1861e+06   8.32e-30
  5.3834e+06   7.89e-30
  5.5882e+06   7.48e-30
  5.8008e+06   7.09e-30
  6.0215e+06   6.73e-30
  6.2506e+06   6.38e-30
  6.4883e+06   6.05e-30
  6.7352e+06   5.74e-30
  6.9914e+06   5.44e-30
  7.2574e+06   5.15e-30
  7.5335e+06   4.88e-30
  7.8201e+06   4.62e-30
  8.1176e+06   4.38e-30
  8.4264e+06   4.15e-30
  8.7470e+06   3.92e-30
  9.0797e+06   3.71e-30
  9.4251e+06   3.50e-30
  9.7837e+06   3.30e-30
  1.0156e+07   3.12e-30
  1.0542e+07   2.94e-30
  1.0943e+07   2.77e-30
  1.1360e+07   2.60e-30
  1.1792e+07   2.44e-30
  1.2240e+07   2.29e-30
  1.2706e+07   2.14e-30
  1.3189e+07   2.00e-30
  1.3691e+07   1.87e-30
  1.4212e+07   1.74e-30
  1.4753e+07   1.61e-30
  1.5314e+07   1.49e-30
  1.5897e+07   1.37e-30
  1.6501e+07   1.26e-30
  1.7129e+07   1.15e-30
  1.7781e+07   1.05e-30
  1.8457e+07   9.52e-31
  1.9159e+07   8.57e-31
  1.9888e+07   7.66e-31
  2.0645e+07   6.79e-31
  2.1430e+07   5.97e-31
  2.2245e+07   5.20e-31
  2.3092e+07   4.47e-31
  2.3970e+07   3.79e-31
  2.4882e+07   3.16e-31
  2.5829e+07   2.59e-31
  2.6811e+07   2.07e-31
  2.7831e+07   1.62e-31
  2.8890e+07   1.22e-31
  2.9989e+07   8.93e-32
  3.1130e+07   6.23e-32
  3.2314e+07   4.12e-32
  3.3544e+07   2.55e-32
  3.4820e+07   1.46e-32
  3.6144e+07   7.58e-33
  3.7519e+07   3.50e-33
  3.8947e+07   1.39e-33
  4.0428e+07   4.59e-34
  4.1966e+07   1.20e-34
  4.3563e+07   2.33e-35
  4.5220e+07   3.11e-36
  4.6941e+07   2.54e-37
  4.8726e+07   1.10e-38
  5.0580e+07   2.10e-40
