#  E [GeV]   # per interaction  [GeV^{-1}]
  3.0000e+01   5.72e-01
  3.1141e+01   5.48e-01
  3.2326e+01   5.26e-01
  3.3556e+01   5.05e-01
  3.4832e+01   4.84e-01
  3.6157e+01   4.64e-01
  3.7533e+01   4.45e-01
  3.8961e+01   4.27e-01
  4.0443e+01   4.09e-01
  4.1982e+01   3.92e-01
  4.3579e+01   3.76e-01
  4.5237e+01   3.60e-01
  4.6958e+01   3.46e-01
  4.8744e+01   3.31e-01
  5.0598e+01   3.17e-01
  5.2523e+01   3.04e-01
  5.4521e+01   2.91e-01
  5.6596e+01   2.79e-01
  5.8749e+01   2.67e-01
  6.0984e+01   2.56e-01
  6.3304e+01   2.45e-01
  6.5712e+01   2.35e-01
  6.8212e+01   2.25e-01
  7.0807e+01   2.15e-01
  7.3500e+01   2.06e-01
  7.6297e+01   1.97e-01
  7.9199e+01   1.88e-01
  8.2212e+01   1.80e-01
  8.5340e+01   1.72e-01
  8.8586e+01   1.65e-01
  9.1956e+01   1.57e-01
  9.5455e+01   1.50e-01
  9.9086e+01   1.44e-01
  1.0286e+02   1.37e-01
  1.0677e+02   1.31e-01
  1.1083e+02   1.25e-01
  1.1505e+02   1.20e-01
  1.1942e+02   1.14e-01
  1.2397e+02   1.09e-01
  1.2868e+02   1.04e-01
  1.3358e+02   9.91e-02
  1.3866e+02   9.45e-02
  1.4394e+02   9.01e-02
  1.4941e+02   8.58e-02
  1.5509e+02   8.18e-02
  1.6100e+02   7.78e-02
  1.6712e+02   7.41e-02
  1.7348e+02   7.05e-02
  1.8008e+02   6.70e-02
  1.8693e+02   6.37e-02
  1.9404e+02   6.05e-02
  2.0142e+02   5.74e-02
  2.0908e+02   5.45e-02
  2.1704e+02   5.17e-02
  2.2529e+02   4.90e-02
  2.3387e+02   4.65e-02
  2.4276e+02   4.40e-02
  2.5200e+02   4.17e-02
  2.6158e+02   3.94e-02
  2.7154e+02   3.73e-02
  2.8187e+02   3.53e-02
  2.9259e+02   3.33e-02
  3.0372e+02   3.15e-02
  3.1527e+02   2.97e-02
  3.2727e+02   2.79e-02
  3.3972e+02   2.63e-02
  3.5264e+02   2.48e-02
  3.6606e+02   2.33e-02
  3.7998e+02   2.19e-02
  3.9444e+02   2.05e-02
  4.0945e+02   1.93e-02
  4.2502e+02   1.81e-02
  4.4119e+02   1.69e-02
  4.5798e+02   1.58e-02
  4.7540e+02   1.48e-02
  4.9348e+02   1.38e-02
  5.1226e+02   1.29e-02
  5.3175e+02   1.21e-02
  5.5198e+02   1.13e-02
  5.7297e+02   1.05e-02
  5.9477e+02   9.78e-03
  6.1740e+02   9.11e-03
  6.4089e+02   8.47e-03
  6.6527e+02   7.88e-03
  6.9058e+02   7.32e-03
  7.1685e+02   6.80e-03
  7.4412e+02   6.31e-03
  7.7243e+02   5.85e-03
  8.0181e+02   5.43e-03
  8.3232e+02   5.03e-03
  8.6398e+02   4.67e-03
  8.9685e+02   4.32e-03
  9.3097e+02   4.00e-03
  9.6638e+02   3.71e-03
  1.0031e+03   3.43e-03
  1.0413e+03   3.18e-03
  1.0809e+03   2.94e-03
  1.1220e+03   2.72e-03
  1.1647e+03   2.52e-03
  1.2090e+03   2.33e-03
  1.2550e+03   2.15e-03
  1.3028e+03   1.99e-03
  1.3523e+03   1.83e-03
  1.4038e+03   1.70e-03
  1.4572e+03   1.57e-03
  1.5126e+03   1.45e-03
  1.5702e+03   1.33e-03
  1.6299e+03   1.23e-03
  1.6919e+03   1.14e-03
  1.7563e+03   1.05e-03
  1.8231e+03   9.67e-04
  1.8925e+03   8.91e-04
  1.9645e+03   8.21e-04
  2.0392e+03   7.56e-04
  2.1168e+03   6.96e-04
  2.1973e+03   6.41e-04
  2.2809e+03   5.90e-04
  2.3677e+03   5.42e-04
  2.4577e+03   4.98e-04
  2.5512e+03   4.57e-04
  2.6483e+03   4.19e-04
  2.7490e+03   3.84e-04
  2.8536e+03   3.52e-04
  2.9622e+03   3.22e-04
  3.0749e+03   2.94e-04
  3.1918e+03   2.69e-04
  3.3133e+03   2.45e-04
  3.4393e+03   2.23e-04
  3.5702e+03   2.03e-04
  3.7060e+03   1.85e-04
  3.8470e+03   1.68e-04
  3.9933e+03   1.52e-04
  4.1452e+03   1.38e-04
  4.3029e+03   1.25e-04
  4.4666e+03   1.13e-04
  4.6366e+03   1.02e-04
  4.8129e+03   9.14e-05
  4.9960e+03   8.23e-05
  5.1861e+03   7.38e-05
  5.3834e+03   6.59e-05
  5.5882e+03   5.89e-05
  5.8008e+03   5.26e-05
  6.0215e+03   4.66e-05
  6.2506e+03   4.14e-05
  6.4883e+03   3.67e-05
  6.7352e+03   3.23e-05
  6.9914e+03   2.85e-05
  7.2574e+03   2.50e-05
  7.5335e+03   2.18e-05
  7.8201e+03   1.90e-05
  8.1176e+03   1.66e-05
  8.4264e+03   1.43e-05
  8.7470e+03   1.23e-05
  9.0797e+03   1.06e-05
  9.4251e+03   9.04e-06
  9.7837e+03   7.68e-06
  1.0156e+04   6.51e-06
  1.0542e+04   5.46e-06
  1.0943e+04   4.55e-06
  1.1360e+04   3.79e-06
  1.1792e+04   3.11e-06
  1.2240e+04   2.54e-06
  1.2706e+04   2.06e-06
  1.3189e+04   1.65e-06
  1.3691e+04   1.30e-06
  1.4212e+04   1.03e-06
  1.4753e+04   7.94e-07
  1.5314e+04   6.03e-07
  1.5897e+04   4.54e-07
  1.6501e+04   3.34e-07
  1.7129e+04   2.40e-07
  1.7781e+04   1.70e-07
  1.8457e+04   1.16e-07
  1.9159e+04   7.68e-08
  1.9888e+04   4.96e-08
  2.0645e+04   3.06e-08
  2.1430e+04   1.79e-08
  2.2245e+04   1.01e-08
  2.3092e+04   5.27e-09
  2.3970e+04   2.55e-09
  2.4882e+04   1.14e-09
  2.5829e+04   4.56e-10
  2.6811e+04   1.61e-10
  2.7831e+04   4.93e-11
  2.8890e+04   1.26e-11
  2.9989e+04   2.61e-12
  3.1130e+04   4.20e-13
  3.2314e+04   4.97e-14
  3.3544e+04   3.98e-15
  3.4820e+04   2.02e-16
  3.6144e+04   5.78e-18
  3.7519e+04   7.92e-20
  3.8947e+04   4.54e-22
  4.0428e+04   8.54e-25
  4.1966e+04   3.67e-28
  4.3563e+04   2.70e-32
  4.5220e+04   1.95e-37
  4.6941e+04   5.76e-44
  4.8726e+04   8.00e-46
  5.0580e+04   1.01e-45
