#  E [MeV]   Flux [# cm^{-2} s^{-1}  MeV^{-1}]
  3.0000e+04   6.16e-26
  3.1232e+04   5.89e-26
  3.2514e+04   5.64e-26
  3.3849e+04   5.39e-26
  3.5238e+04   5.16e-26
  3.6685e+04   4.93e-26
  3.8191e+04   4.72e-26
  3.9759e+04   4.51e-26
  4.1391e+04   4.31e-26
  4.3090e+04   4.12e-26
  4.4859e+04   3.94e-26
  4.6701e+04   3.77e-26
  4.8618e+04   3.60e-26
  5.0614e+04   3.44e-26
  5.2692e+04   3.29e-26
  5.4855e+04   3.14e-26
  5.7107e+04   3.01e-26
  5.9451e+04   2.87e-26
  6.1892e+04   2.74e-26
  6.4433e+04   2.62e-26
  6.7078e+04   2.50e-26
  6.9832e+04   2.39e-26
  7.2699e+04   2.28e-26
  7.5683e+04   2.18e-26
  7.8790e+04   2.08e-26
  8.2025e+04   1.99e-26
  8.5392e+04   1.89e-26
  8.8898e+04   1.81e-26
  9.2547e+04   1.72e-26
  9.6347e+04   1.64e-26
  1.0030e+05   1.57e-26
  1.0442e+05   1.50e-26
  1.0871e+05   1.43e-26
  1.1317e+05   1.36e-26
  1.1782e+05   1.29e-26
  1.2265e+05   1.23e-26
  1.2769e+05   1.17e-26
  1.3293e+05   1.12e-26
  1.3839e+05   1.06e-26
  1.4407e+05   1.01e-26
  1.4998e+05   9.61e-27
  1.5614e+05   9.13e-27
  1.6255e+05   8.68e-27
  1.6922e+05   8.24e-27
  1.7617e+05   7.82e-27
  1.8340e+05   7.41e-27
  1.9093e+05   7.03e-27
  1.9877e+05   6.66e-27
  2.0693e+05   6.30e-27
  2.1543e+05   5.96e-27
  2.2427e+05   5.63e-27
  2.3348e+05   5.32e-27
  2.4306e+05   5.02e-27
  2.5304e+05   4.74e-27
  2.6343e+05   4.46e-27
  2.7424e+05   4.20e-27
  2.8550e+05   3.95e-27
  2.9722e+05   3.71e-27
  3.0942e+05   3.48e-27
  3.2213e+05   3.26e-27
  3.3535e+05   3.05e-27
  3.4912e+05   2.86e-27
  3.6345e+05   2.67e-27
  3.7837e+05   2.49e-27
  3.9390e+05   2.32e-27
  4.1008e+05   2.16e-27
  4.2691e+05   2.01e-27
  4.4444e+05   1.86e-27
  4.6268e+05   1.73e-27
  4.8168e+05   1.60e-27
  5.0145e+05   1.48e-27
  5.2204e+05   1.37e-27
  5.4347e+05   1.26e-27
  5.6578e+05   1.17e-27
  5.8901e+05   1.07e-27
  6.1319e+05   9.89e-28
  6.3836e+05   9.10e-28
  6.6457e+05   8.36e-28
  6.9185e+05   7.67e-28
  7.2025e+05   7.04e-28
  7.4982e+05   6.46e-28
  7.8061e+05   5.92e-28
  8.1265e+05   5.42e-28
  8.4601e+05   4.96e-28
  8.8075e+05   4.54e-28
  9.1690e+05   4.16e-28
  9.5455e+05   3.80e-28
  9.9373e+05   3.48e-28
  1.0345e+06   3.18e-28
  1.0770e+06   2.91e-28
  1.1212e+06   2.66e-28
  1.1672e+06   2.44e-28
  1.2152e+06   2.23e-28
  1.2650e+06   2.04e-28
  1.3170e+06   1.86e-28
  1.3711e+06   1.71e-28
  1.4273e+06   1.56e-28
  1.4859e+06   1.43e-28
  1.5469e+06   1.31e-28
  1.6104e+06   1.20e-28
  1.6766e+06   1.10e-28
  1.7454e+06   1.01e-28
  1.8170e+06   9.20e-29
  1.8916e+06   8.42e-29
  1.9693e+06   7.71e-29
  2.0501e+06   7.05e-29
  2.1343e+06   6.45e-29
  2.2219e+06   5.89e-29
  2.3131e+06   5.38e-29
  2.4081e+06   4.91e-29
  2.5070e+06   4.47e-29
  2.6099e+06   4.07e-29
  2.7170e+06   3.71e-29
  2.8286e+06   3.37e-29
  2.9447e+06   3.06e-29
  3.0656e+06   2.78e-29
  3.1914e+06   2.51e-29
  3.3225e+06   2.27e-29
  3.4589e+06   2.05e-29
  3.6008e+06   1.85e-29
  3.7487e+06   1.66e-29
  3.9026e+06   1.49e-29
  4.0628e+06   1.33e-29
  4.2296e+06   1.19e-29
  4.4032e+06   1.06e-29
  4.5840e+06   9.36e-30
  4.7722e+06   8.28e-30
  4.9681e+06   7.30e-30
  5.1720e+06   6.40e-30
  5.3844e+06   5.61e-30
  5.6054e+06   4.89e-30
  5.8355e+06   4.23e-30
  6.0751e+06   3.66e-30
  6.3245e+06   3.14e-30
  6.5841e+06   2.68e-30
  6.8544e+06   2.28e-30
  7.1358e+06   1.93e-30
  7.4288e+06   1.61e-30
  7.7338e+06   1.34e-30
  8.0513e+06   1.11e-30
  8.3818e+06   9.06e-31
  8.7259e+06   7.36e-31
  9.0841e+06   5.90e-31
  9.4571e+06   4.67e-31
  9.8453e+06   3.67e-31
  1.0249e+07   2.83e-31
  1.0670e+07   2.15e-31
  1.1108e+07   1.62e-31
  1.1564e+07   1.18e-31
  1.2039e+07   8.55e-32
  1.2533e+07   6.04e-32
  1.3048e+07   4.13e-32
  1.3584e+07   2.77e-32
  1.4141e+07   1.80e-32
  1.4722e+07   1.12e-32
  1.5326e+07   6.78e-33
  1.5955e+07   3.90e-33
  1.6610e+07   2.13e-33
  1.7292e+07   1.10e-33
  1.8002e+07   5.34e-34
  1.8741e+07   2.39e-34
  1.9511e+07   9.90e-35
  2.0312e+07   3.69e-35
  2.1145e+07   1.23e-35
  2.2013e+07   3.60e-36
  2.2917e+07   8.96e-37
  2.3858e+07   1.87e-37
  2.4837e+07   3.17e-38
  2.5857e+07   4.14e-39
  2.6919e+07   4.05e-40
  2.8024e+07   2.78e-41
  2.9174e+07   1.23e-42
  3.0372e+07   3.33e-44
  3.1619e+07   4.82e-46
  3.2917e+07   3.24e-48
  3.4268e+07   8.77e-51
  3.5675e+07   7.51e-54
  3.7140e+07   1.54e-57
  3.8664e+07   5.46e-62
  4.0252e+07   2.05e-67
  4.1904e+07   3.96e-72
  4.3624e+07   3.41e-72
  4.5415e+07   2.89e-72
  4.7280e+07   2.45e-72
  4.9221e+07   2.12e-72
  5.1241e+07   1.80e-72
  5.3345e+07   1.54e-72
  5.5535e+07   1.34e-72
  5.7815e+07   1.15e-72
  6.0188e+07   9.95e-73
  6.2659e+07   8.69e-73
  6.5232e+07   7.52e-73
  6.7910e+07   6.65e-73
  7.0698e+07   5.90e-73
  7.3600e+07   5.21e-73
  7.6621e+07   4.69e-73
  7.9767e+07   4.22e-73
  8.3042e+07   3.78e-73
  8.6451e+07   3.46e-73
  9.0000e+07   3.16e-73
