#  E [MeV]   Flux [# cm^{-2} s^{-1}  MeV^{-1}]
  3.0000e+04   1.70e-25
  3.1232e+04   1.62e-25
  3.2514e+04   1.55e-25
  3.3849e+04   1.47e-25
  3.5238e+04   1.41e-25
  3.6685e+04   1.34e-25
  3.8191e+04   1.28e-25
  3.9759e+04   1.22e-25
  4.1391e+04   1.16e-25
  4.3090e+04   1.10e-25
  4.4859e+04   1.05e-25
  4.6701e+04   1.00e-25
  4.8618e+04   9.54e-26
  5.0614e+04   9.08e-26
  5.2692e+04   8.65e-26
  5.4855e+04   8.23e-26
  5.7107e+04   7.83e-26
  5.9451e+04   7.45e-26
  6.1892e+04   7.08e-26
  6.4433e+04   6.74e-26
  6.7078e+04   6.40e-26
  6.9832e+04   6.09e-26
  7.2699e+04   5.79e-26
  7.5683e+04   5.50e-26
  7.8790e+04   5.22e-26
  8.2025e+04   4.96e-26
  8.5392e+04   4.71e-26
  8.8898e+04   4.47e-26
  9.2547e+04   4.24e-26
  9.6347e+04   4.03e-26
  1.0030e+05   3.82e-26
  1.0442e+05   3.62e-26
  1.0871e+05   3.44e-26
  1.1317e+05   3.26e-26
  1.1782e+05   3.09e-26
  1.2265e+05   2.93e-26
  1.2769e+05   2.77e-26
  1.3293e+05   2.63e-26
  1.3839e+05   2.49e-26
  1.4407e+05   2.36e-26
  1.4998e+05   2.23e-26
  1.5614e+05   2.11e-26
  1.6255e+05   1.99e-26
  1.6922e+05   1.89e-26
  1.7617e+05   1.78e-26
  1.8340e+05   1.68e-26
  1.9093e+05   1.59e-26
  1.9877e+05   1.50e-26
  2.0693e+05   1.42e-26
  2.1543e+05   1.34e-26
  2.2427e+05   1.26e-26
  2.3348e+05   1.19e-26
  2.4306e+05   1.12e-26
  2.5304e+05   1.05e-26
  2.6343e+05   9.91e-27
  2.7424e+05   9.32e-27
  2.8550e+05   8.76e-27
  2.9722e+05   8.23e-27
  3.0942e+05   7.73e-27
  3.2213e+05   7.25e-27
  3.3535e+05   6.80e-27
  3.4912e+05   6.37e-27
  3.6345e+05   5.97e-27
  3.7837e+05   5.59e-27
  3.9390e+05   5.23e-27
  4.1008e+05   4.89e-27
  4.2691e+05   4.57e-27
  4.4444e+05   4.26e-27
  4.6268e+05   3.98e-27
  4.8168e+05   3.71e-27
  5.0145e+05   3.45e-27
  5.2204e+05   3.22e-27
  5.4347e+05   2.99e-27
  5.6578e+05   2.78e-27
  5.8901e+05   2.58e-27
  6.1319e+05   2.40e-27
  6.3836e+05   2.23e-27
  6.6457e+05   2.06e-27
  6.9185e+05   1.91e-27
  7.2025e+05   1.77e-27
  7.4982e+05   1.64e-27
  7.8061e+05   1.52e-27
  8.1265e+05   1.40e-27
  8.4601e+05   1.30e-27
  8.8075e+05   1.20e-27
  9.1690e+05   1.11e-27
  9.5455e+05   1.02e-27
  9.9373e+05   9.43e-28
  1.0345e+06   8.71e-28
  1.0770e+06   8.03e-28
  1.1212e+06   7.41e-28
  1.1672e+06   6.83e-28
  1.2152e+06   6.30e-28
  1.2650e+06   5.81e-28
  1.3170e+06   5.35e-28
  1.3711e+06   4.93e-28
  1.4273e+06   4.54e-28
  1.4859e+06   4.18e-28
  1.5469e+06   3.85e-28
  1.6104e+06   3.54e-28
  1.6766e+06   3.26e-28
  1.7454e+06   3.00e-28
  1.8170e+06   2.76e-28
  1.8916e+06   2.53e-28
  1.9693e+06   2.33e-28
  2.0501e+06   2.14e-28
  2.1343e+06   1.96e-28
  2.2219e+06   1.80e-28
  2.3131e+06   1.65e-28
  2.4081e+06   1.50e-28
  2.5070e+06   1.38e-28
  2.6099e+06   1.26e-28
  2.7170e+06   1.15e-28
  2.8286e+06   1.05e-28
  2.9447e+06   9.53e-29
  3.0656e+06   8.67e-29
  3.1914e+06   7.89e-29
  3.3225e+06   7.16e-29
  3.4589e+06   6.48e-29
  3.6008e+06   5.87e-29
  3.7487e+06   5.31e-29
  3.9026e+06   4.79e-29
  4.0628e+06   4.32e-29
  4.2296e+06   3.88e-29
  4.4032e+06   3.48e-29
  4.5840e+06   3.12e-29
  4.7722e+06   2.79e-29
  4.9681e+06   2.48e-29
  5.1720e+06   2.21e-29
  5.3844e+06   1.96e-29
  5.6054e+06   1.74e-29
  5.8355e+06   1.54e-29
  6.0751e+06   1.35e-29
  6.3245e+06   1.19e-29
  6.5841e+06   1.04e-29
  6.8544e+06   9.04e-30
  7.1358e+06   7.89e-30
  7.4288e+06   6.83e-30
  7.7338e+06   5.88e-30
  8.0513e+06   5.07e-30
  8.3818e+06   4.34e-30
  8.7259e+06   3.69e-30
  9.0841e+06   3.13e-30
  9.4571e+06   2.63e-30
  9.8453e+06   2.20e-30
  1.0249e+07   1.84e-30
  1.0670e+07   1.51e-30
  1.1108e+07   1.24e-30
  1.1564e+07   1.01e-30
  1.2039e+07   8.14e-31
  1.2533e+07   6.52e-31
  1.3048e+07   5.16e-31
  1.3584e+07   4.01e-31
  1.4141e+07   3.10e-31
  1.4722e+07   2.36e-31
  1.5326e+07   1.75e-31
  1.5955e+07   1.29e-31
  1.6610e+07   9.28e-32
  1.7292e+07   6.47e-32
  1.8002e+07   4.45e-32
  1.8741e+07   2.94e-32
  1.9511e+07   1.87e-32
  2.0312e+07   1.16e-32
  2.1145e+07   6.75e-33
  2.2013e+07   3.74e-33
  2.2917e+07   1.96e-33
  2.3858e+07   9.44e-34
  2.4837e+07   4.18e-34
  2.5857e+07   1.67e-34
  2.6919e+07   5.85e-35
  2.8024e+07   1.77e-35
  2.9174e+07   4.49e-36
  3.0372e+07   8.98e-37
  3.1619e+07   1.39e-37
  3.2917e+07   1.54e-38
  3.4268e+07   1.11e-39
  3.5675e+07   4.89e-41
  3.7140e+07   1.11e-42
  3.8664e+07   1.10e-44
  4.0252e+07   3.87e-47
  4.1904e+07   3.46e-50
  4.3624e+07   5.29e-54
  4.5415e+07   8.02e-59
  4.7280e+07   5.60e-65
  4.9221e+07   3.68e-72
  5.1241e+07   3.34e-72
  5.3345e+07   3.03e-72
  5.5535e+07   2.76e-72
  5.7815e+07   2.52e-72
  6.0188e+07   2.29e-72
  6.2659e+07   2.10e-72
  6.5232e+07   1.92e-72
  6.7910e+07   1.76e-72
  7.0698e+07   1.60e-72
  7.3600e+07   1.46e-72
  7.6621e+07   1.32e-72
  7.9767e+07   1.19e-72
  8.3042e+07   1.06e-72
  8.6451e+07   9.41e-73
  9.0000e+07   8.55e-73
