#  E [MeV]   Flux [# cm^{-2} s^{-1}  MeV^{-1}]
  3.0000e+04   1.37e-24
  3.0962e+04   1.33e-24
  3.1955e+04   1.28e-24
  3.2979e+04   1.24e-24
  3.4037e+04   1.19e-24
  3.5128e+04   1.15e-24
  3.6254e+04   1.11e-24
  3.7417e+04   1.07e-24
  3.8616e+04   1.04e-24
  3.9855e+04   1.00e-24
  4.1132e+04   9.66e-25
  4.2451e+04   9.32e-25
  4.3812e+04   8.98e-25
  4.5217e+04   8.66e-25
  4.6667e+04   8.35e-25
  4.8163e+04   8.05e-25
  4.9707e+04   7.76e-25
  5.1301e+04   7.47e-25
  5.2946e+04   7.20e-25
  5.4644e+04   6.93e-25
  5.6396e+04   6.67e-25
  5.8204e+04   6.42e-25
  6.0070e+04   6.18e-25
  6.1996e+04   5.94e-25
  6.3984e+04   5.72e-25
  6.6035e+04   5.50e-25
  6.8153e+04   5.29e-25
  7.0338e+04   5.08e-25
  7.2593e+04   4.88e-25
  7.4921e+04   4.69e-25
  7.7323e+04   4.50e-25
  7.9802e+04   4.32e-25
  8.2361e+04   4.15e-25
  8.5002e+04   3.98e-25
  8.7727e+04   3.82e-25
  9.0540e+04   3.66e-25
  9.3443e+04   3.51e-25
  9.6439e+04   3.37e-25
  9.9531e+04   3.22e-25
  1.0272e+05   3.09e-25
  1.0602e+05   2.96e-25
  1.0942e+05   2.83e-25
  1.1292e+05   2.70e-25
  1.1654e+05   2.59e-25
  1.2028e+05   2.47e-25
  1.2414e+05   2.36e-25
  1.2812e+05   2.26e-25
  1.3223e+05   2.15e-25
  1.3646e+05   2.06e-25
  1.4084e+05   1.96e-25
  1.4536e+05   1.87e-25
  1.5002e+05   1.78e-25
  1.5483e+05   1.70e-25
  1.5979e+05   1.62e-25
  1.6491e+05   1.54e-25
  1.7020e+05   1.47e-25
  1.7566e+05   1.40e-25
  1.8129e+05   1.33e-25
  1.8710e+05   1.26e-25
  1.9310e+05   1.20e-25
  1.9929e+05   1.14e-25
  2.0568e+05   1.08e-25
  2.1228e+05   1.02e-25
  2.1909e+05   9.69e-26
  2.2611e+05   9.18e-26
  2.3336e+05   8.69e-26
  2.4084e+05   8.22e-26
  2.4856e+05   7.77e-26
  2.5653e+05   7.35e-26
  2.6476e+05   6.94e-26
  2.7325e+05   6.55e-26
  2.8201e+05   6.18e-26
  2.9105e+05   5.82e-26
  3.0038e+05   5.48e-26
  3.1002e+05   5.16e-26
  3.1996e+05   4.86e-26
  3.3021e+05   4.57e-26
  3.4080e+05   4.29e-26
  3.5173e+05   4.03e-26
  3.6301e+05   3.78e-26
  3.7465e+05   3.54e-26
  3.8666e+05   3.32e-26
  3.9905e+05   3.11e-26
  4.1185e+05   2.90e-26
  4.2506e+05   2.71e-26
  4.3868e+05   2.53e-26
  4.5275e+05   2.37e-26
  4.6727e+05   2.20e-26
  4.8225e+05   2.05e-26
  4.9771e+05   1.91e-26
  5.1367e+05   1.78e-26
  5.3014e+05   1.65e-26
  5.4714e+05   1.54e-26
  5.6468e+05   1.43e-26
  5.8278e+05   1.32e-26
  6.0147e+05   1.23e-26
  6.2075e+05   1.14e-26
  6.4066e+05   1.05e-26
  6.6120e+05   9.73e-27
  6.8240e+05   9.00e-27
  7.0428e+05   8.32e-27
  7.2686e+05   7.69e-27
  7.5017e+05   7.10e-27
  7.7422e+05   6.55e-27
  7.9904e+05   6.04e-27
  8.2466e+05   5.57e-27
  8.5110e+05   5.13e-27
  8.7839e+05   4.73e-27
  9.0656e+05   4.35e-27
  9.3562e+05   4.00e-27
  9.6562e+05   3.68e-27
  9.9658e+05   3.39e-27
  1.0285e+06   3.12e-27
  1.0615e+06   2.86e-27
  1.0956e+06   2.63e-27
  1.1307e+06   2.42e-27
  1.1669e+06   2.22e-27
  1.2043e+06   2.04e-27
  1.2430e+06   1.87e-27
  1.2828e+06   1.72e-27
  1.3239e+06   1.57e-27
  1.3664e+06   1.44e-27
  1.4102e+06   1.32e-27
  1.4554e+06   1.21e-27
  1.5021e+06   1.11e-27
  1.5502e+06   1.01e-27
  1.6000e+06   9.28e-28
  1.6513e+06   8.48e-28
  1.7042e+06   7.74e-28
  1.7588e+06   7.08e-28
  1.8152e+06   6.47e-28
  1.8734e+06   5.89e-28
  1.9335e+06   5.38e-28
  1.9955e+06   4.91e-28
  2.0595e+06   4.47e-28
  2.1255e+06   4.05e-28
  2.1937e+06   3.70e-28
  2.2640e+06   3.36e-28
  2.3366e+06   3.05e-28
  2.4115e+06   2.76e-28
  2.4888e+06   2.51e-28
  2.5686e+06   2.27e-28
  2.6510e+06   2.05e-28
  2.7360e+06   1.86e-28
  2.8237e+06   1.68e-28
  2.9142e+06   1.51e-28
  3.0077e+06   1.36e-28
  3.1041e+06   1.23e-28
  3.2036e+06   1.10e-28
  3.3064e+06   9.83e-29
  3.4124e+06   8.78e-29
  3.5218e+06   7.87e-29
  3.6347e+06   7.01e-29
  3.7512e+06   6.21e-29
  3.8715e+06   5.53e-29
  3.9957e+06   4.92e-29
  4.1238e+06   4.34e-29
  4.2560e+06   3.81e-29
  4.3924e+06   3.38e-29
  4.5333e+06   2.97e-29
  4.6786e+06   2.60e-29
  4.8286e+06   2.27e-29
  4.9835e+06   1.99e-29
  5.1433e+06   1.73e-29
  5.3082e+06   1.49e-29
  5.4784e+06   1.30e-29
  5.6540e+06   1.12e-29
  5.8353e+06   9.63e-30
  6.0224e+06   8.20e-30
  6.2155e+06   7.06e-30
  6.4148e+06   6.02e-30
  6.6205e+06   5.06e-30
  6.8327e+06   4.27e-30
  7.0518e+06   3.62e-30
  7.2779e+06   3.02e-30
  7.5113e+06   2.49e-30
  7.7521e+06   2.09e-30
  8.0007e+06   1.73e-30
  8.2572e+06   1.42e-30
  8.5219e+06   1.15e-30
  8.7952e+06   9.47e-31
  9.0772e+06   7.68e-31
  9.3682e+06   6.11e-31
  9.6686e+06   4.89e-31
  9.9786e+06   3.92e-31
  1.0299e+07   3.08e-31
  1.0629e+07   2.36e-31
  1.0970e+07   1.86e-31
  1.1321e+07   1.44e-31
  1.1684e+07   1.09e-31
  1.2059e+07   8.13e-32
  1.2446e+07   6.12e-32
  1.2845e+07   4.49e-32
  1.3256e+07   3.17e-32
  1.3681e+07   2.24e-32
  1.4120e+07   1.56e-32
  1.4573e+07   1.03e-32
  1.5040e+07   6.47e-33
  1.5522e+07   4.19e-33
  1.6020e+07   2.55e-33
