#  E [GeV]   # per interaction  [GeV^{-1}]
  3.0000e+01   1.81e-02
  3.0517e+01   1.79e-02
  3.1043e+01   1.78e-02
  3.1578e+01   1.76e-02
  3.2123e+01   1.74e-02
  3.2676e+01   1.73e-02
  3.3240e+01   1.71e-02
  3.3813e+01   1.69e-02
  3.4396e+01   1.68e-02
  3.4989e+01   1.66e-02
  3.5592e+01   1.64e-02
  3.6205e+01   1.63e-02
  3.6829e+01   1.61e-02
  3.7464e+01   1.60e-02
  3.8110e+01   1.58e-02
  3.8767e+01   1.56e-02
  3.9435e+01   1.55e-02
  4.0115e+01   1.53e-02
  4.0807e+01   1.52e-02
  4.1510e+01   1.50e-02
  4.2226e+01   1.49e-02
  4.2953e+01   1.47e-02
  4.3694e+01   1.46e-02
  4.4447e+01   1.44e-02
  4.5213e+01   1.43e-02
  4.5993e+01   1.41e-02
  4.6786e+01   1.40e-02
  4.7592e+01   1.38e-02
  4.8412e+01   1.37e-02
  4.9247e+01   1.35e-02
  5.0096e+01   1.34e-02
  5.0960e+01   1.32e-02
  5.1838e+01   1.31e-02
  5.2732e+01   1.29e-02
  5.3641e+01   1.28e-02
  5.4565e+01   1.26e-02
  5.5506e+01   1.25e-02
  5.6463e+01   1.23e-02
  5.7436e+01   1.22e-02
  5.8426e+01   1.21e-02
  5.9433e+01   1.19e-02
  6.0458e+01   1.18e-02
  6.1500e+01   1.16e-02
  6.2560e+01   1.15e-02
  6.3639e+01   1.14e-02
  6.4736e+01   1.12e-02
  6.5852e+01   1.11e-02
  6.6987e+01   1.09e-02
  6.8142e+01   1.08e-02
  6.9316e+01   1.07e-02
  7.0511e+01   1.05e-02
  7.1727e+01   1.04e-02
  7.2963e+01   1.03e-02
  7.4221e+01   1.01e-02
  7.5500e+01   1.00e-02
  7.6802e+01   9.87e-03
  7.8126e+01   9.74e-03
  7.9472e+01   9.61e-03
  8.0842e+01   9.47e-03
  8.2236e+01   9.34e-03
  8.3654e+01   9.22e-03
  8.5096e+01   9.09e-03
  8.6563e+01   8.96e-03
  8.8055e+01   8.84e-03
  8.9573e+01   8.71e-03
  9.1117e+01   8.58e-03
  9.2687e+01   8.45e-03
  9.4285e+01   8.33e-03
  9.5911e+01   8.20e-03
  9.7564e+01   8.08e-03
  9.9246e+01   7.96e-03
  1.0096e+02   7.83e-03
  1.0270e+02   7.71e-03
  1.0447e+02   7.59e-03
  1.0627e+02   7.46e-03
  1.0810e+02   7.35e-03
  1.0996e+02   7.23e-03
  1.1186e+02   7.11e-03
  1.1379e+02   6.99e-03
  1.1575e+02   6.87e-03
  1.1774e+02   6.75e-03
  1.1977e+02   6.64e-03
  1.2184e+02   6.52e-03
  1.2394e+02   6.41e-03
  1.2608e+02   6.30e-03
  1.2825e+02   6.18e-03
  1.3046e+02   6.07e-03
  1.3271e+02   5.96e-03
  1.3500e+02   5.85e-03
  1.3732e+02   5.74e-03
  1.3969e+02   5.63e-03
  1.4210e+02   5.52e-03
  1.4455e+02   5.41e-03
  1.4704e+02   5.30e-03
  1.4957e+02   5.20e-03
  1.5215e+02   5.09e-03
  1.5478e+02   4.99e-03
  1.5744e+02   4.89e-03
  1.6016e+02   4.79e-03
  1.6292e+02   4.68e-03
  1.6573e+02   4.58e-03
  1.6858e+02   4.48e-03
  1.7149e+02   4.39e-03
  1.7445e+02   4.29e-03
  1.7745e+02   4.20e-03
  1.8051e+02   4.10e-03
  1.8362e+02   4.00e-03
  1.8679e+02   3.91e-03
  1.9001e+02   3.82e-03
  1.9328e+02   3.72e-03
  1.9662e+02   3.64e-03
  2.0001e+02   3.55e-03
  2.0345e+02   3.46e-03
  2.0696e+02   3.37e-03
  2.1053e+02   3.28e-03
  2.1416e+02   3.19e-03
  2.1785e+02   3.11e-03
  2.2160e+02   3.03e-03
  2.2543e+02   2.95e-03
  2.2931e+02   2.86e-03
  2.3326e+02   2.78e-03
  2.3729e+02   2.71e-03
  2.4138e+02   2.63e-03
  2.4554e+02   2.55e-03
  2.4977e+02   2.48e-03
  2.5407e+02   2.41e-03
  2.5845e+02   2.33e-03
  2.6291e+02   2.26e-03
  2.6744e+02   2.19e-03
  2.7205e+02   2.12e-03
  2.7674e+02   2.06e-03
  2.8151e+02   1.99e-03
  2.8637e+02   1.93e-03
  2.9130e+02   1.86e-03
  2.9632e+02   1.80e-03
  3.0143e+02   1.74e-03
  3.0663e+02   1.68e-03
  3.1191e+02   1.62e-03
  3.1729e+02   1.56e-03
  3.2276e+02   1.51e-03
  3.2832e+02   1.45e-03
  3.3398e+02   1.40e-03
  3.3974e+02   1.34e-03
  3.4560e+02   1.29e-03
  3.5155e+02   1.24e-03
  3.5761e+02   1.19e-03
  3.6378e+02   1.14e-03
  3.7005e+02   1.10e-03
  3.7643e+02   1.05e-03
  3.8292e+02   1.01e-03
  3.8952e+02   9.62e-04
  3.9623e+02   9.20e-04
  4.0306e+02   8.78e-04
  4.1001e+02   8.38e-04
  4.1708e+02   8.00e-04
  4.2427e+02   7.62e-04
  4.3158e+02   7.25e-04
  4.3902e+02   6.89e-04
  4.4659e+02   6.55e-04
  4.5429e+02   6.23e-04
  4.6212e+02   5.91e-04
  4.7009e+02   5.60e-04
  4.7819e+02   5.31e-04
  4.8643e+02   5.02e-04
  4.9482e+02   4.74e-04
  5.0335e+02   4.48e-04
  5.1203e+02   4.23e-04
  5.2085e+02   4.00e-04
  5.2983e+02   3.77e-04
  5.3897e+02   3.55e-04
  5.4826e+02   3.33e-04
  5.5771e+02   3.12e-04
  5.6732e+02   2.93e-04
  5.7710e+02   2.75e-04
  5.8705e+02   2.58e-04
  5.9717e+02   2.41e-04
  6.0746e+02   2.24e-04
  6.1793e+02   2.08e-04
  6.2859e+02   1.93e-04
  6.3942e+02   1.80e-04
  6.5045e+02   1.68e-04
  6.6166e+02   1.56e-04
  6.7306e+02   1.45e-04
  6.8467e+02   1.34e-04
  6.9647e+02   1.23e-04
  7.0847e+02   1.13e-04
  7.2069e+02   1.06e-04
  7.3311e+02   9.79e-05
  7.4575e+02   9.05e-05
  7.5860e+02   8.33e-05
  7.7168e+02   7.64e-05
  7.8498e+02   6.97e-05
  7.9852e+02   6.44e-05
  8.1228e+02   6.01e-05
  8.2628e+02   5.59e-05
  8.4053e+02   5.19e-05
  8.5502e+02   4.80e-05
  8.6976e+02   4.42e-05
  8.8475e+02   4.05e-05
  9.0000e+02   3.84e-05
