#  E [MeV]   Flux [# cm^{-2} s^{-1}  MeV^{-1}]
  3.0000e+04   2.17e-23
  3.0782e+04   2.10e-23
  3.1585e+04   2.03e-23
  3.2409e+04   1.96e-23
  3.3255e+04   1.90e-23
  3.4122e+04   1.84e-23
  3.5012e+04   1.78e-23
  3.5925e+04   1.72e-23
  3.6862e+04   1.66e-23
  3.7824e+04   1.60e-23
  3.8810e+04   1.55e-23
  3.9822e+04   1.49e-23
  4.0861e+04   1.44e-23
  4.1927e+04   1.39e-23
  4.3021e+04   1.34e-23
  4.4143e+04   1.30e-23
  4.5294e+04   1.25e-23
  4.6475e+04   1.21e-23
  4.7688e+04   1.16e-23
  4.8931e+04   1.12e-23
  5.0208e+04   1.08e-23
  5.1517e+04   1.04e-23
  5.2861e+04   1.00e-23
  5.4240e+04   9.66e-24
  5.5654e+04   9.30e-24
  5.7106e+04   8.96e-24
  5.8596e+04   8.62e-24
  6.0124e+04   8.30e-24
  6.1692e+04   7.99e-24
  6.3301e+04   7.68e-24
  6.4952e+04   7.39e-24
  6.6647e+04   7.10e-24
  6.8385e+04   6.83e-24
  7.0169e+04   6.56e-24
  7.1999e+04   6.31e-24
  7.3877e+04   6.06e-24
  7.5804e+04   5.82e-24
  7.7781e+04   5.59e-24
  7.9810e+04   5.37e-24
  8.1891e+04   5.15e-24
  8.4027e+04   4.94e-24
  8.6219e+04   4.74e-24
  8.8468e+04   4.55e-24
  9.0775e+04   4.36e-24
  9.3143e+04   4.18e-24
  9.5572e+04   4.01e-24
  9.8065e+04   3.84e-24
  1.0062e+05   3.68e-24
  1.0325e+05   3.53e-24
  1.0594e+05   3.38e-24
  1.0870e+05   3.24e-24
  1.1154e+05   3.10e-24
  1.1445e+05   2.96e-24
  1.1743e+05   2.84e-24
  1.2050e+05   2.71e-24
  1.2364e+05   2.59e-24
  1.2686e+05   2.48e-24
  1.3017e+05   2.37e-24
  1.3357e+05   2.26e-24
  1.3705e+05   2.16e-24
  1.4063e+05   2.06e-24
  1.4429e+05   1.97e-24
  1.4806e+05   1.88e-24
  1.5192e+05   1.79e-24
  1.5588e+05   1.71e-24
  1.5995e+05   1.63e-24
  1.6412e+05   1.55e-24
  1.6840e+05   1.48e-24
  1.7279e+05   1.41e-24
  1.7730e+05   1.34e-24
  1.8193e+05   1.28e-24
  1.8667e+05   1.22e-24
  1.9154e+05   1.16e-24
  1.9654e+05   1.10e-24
  2.0166e+05   1.05e-24
  2.0692e+05   9.93e-25
  2.1232e+05   9.43e-25
  2.1786e+05   8.95e-25
  2.2354e+05   8.50e-25
  2.2937e+05   8.07e-25
  2.3535e+05   7.66e-25
  2.4149e+05   7.25e-25
  2.4779e+05   6.88e-25
  2.5425e+05   6.52e-25
  2.6088e+05   6.17e-25
  2.6769e+05   5.84e-25
  2.7467e+05   5.52e-25
  2.8184e+05   5.22e-25
  2.8919e+05   4.94e-25
  2.9673e+05   4.67e-25
  3.0447e+05   4.40e-25
  3.1241e+05   4.16e-25
  3.2056e+05   3.93e-25
  3.2892e+05   3.70e-25
  3.3750e+05   3.49e-25
  3.4630e+05   3.29e-25
  3.5533e+05   3.10e-25
  3.6460e+05   2.92e-25
  3.7411e+05   2.75e-25
  3.8387e+05   2.58e-25
  3.9388e+05   2.43e-25
  4.0416e+05   2.28e-25
  4.1470e+05   2.14e-25
  4.2551e+05   2.01e-25
  4.3661e+05   1.89e-25
  4.4800e+05   1.77e-25
  4.5969e+05   1.66e-25
  4.7168e+05   1.55e-25
  4.8398e+05   1.45e-25
  4.9660e+05   1.36e-25
  5.0956e+05   1.27e-25
  5.2285e+05   1.19e-25
  5.3648e+05   1.11e-25
  5.5048e+05   1.04e-25
  5.6483e+05   9.69e-26
  5.7957e+05   9.04e-26
  5.9468e+05   8.42e-26
  6.1020e+05   7.83e-26
  6.2611e+05   7.31e-26
  6.4244e+05   6.81e-26
  6.5920e+05   6.33e-26
  6.7639e+05   5.88e-26
  6.9403e+05   5.46e-26
  7.1214e+05   5.08e-26
  7.3071e+05   4.72e-26
  7.4977e+05   4.38e-26
  7.6933e+05   4.05e-26
  7.8939e+05   3.77e-26
  8.0998e+05   3.49e-26
  8.3111e+05   3.23e-26
  8.5279e+05   2.99e-26
  8.7503e+05   2.77e-26
  8.9785e+05   2.56e-26
  9.2127e+05   2.37e-26
  9.4530e+05   2.19e-26
  9.6996e+05   2.02e-26
  9.9526e+05   1.87e-26
  1.0212e+06   1.73e-26
  1.0479e+06   1.59e-26
  1.0752e+06   1.46e-26
  1.1032e+06   1.35e-26
  1.1320e+06   1.25e-26
  1.1615e+06   1.15e-26
  1.1918e+06   1.06e-26
  1.2229e+06   9.69e-27
  1.2548e+06   8.96e-27
  1.2875e+06   8.26e-27
  1.3211e+06   7.59e-27
  1.3556e+06   6.96e-27
  1.3909e+06   6.42e-27
  1.4272e+06   5.92e-27
  1.4644e+06   5.45e-27
  1.5026e+06   5.01e-27
  1.5418e+06   4.60e-27
  1.5820e+06   4.25e-27
  1.6233e+06   3.92e-27
  1.6657e+06   3.60e-27
  1.7091e+06   3.30e-27
  1.7537e+06   3.05e-27
  1.7994e+06   2.83e-27
  1.8464e+06   2.61e-27
  1.8945e+06   2.40e-27
  1.9439e+06   2.21e-27
  1.9946e+06   2.06e-27
  2.0467e+06   1.91e-27
  2.1000e+06   1.78e-27
  2.1548e+06   1.64e-27
  2.2110e+06   1.54e-27
  2.2687e+06   1.44e-27
  2.3279e+06   1.35e-27
  2.3886e+06   1.26e-27
  2.4509e+06   1.18e-27
  2.5148e+06   1.12e-27
  2.5804e+06   1.06e-27
  2.6477e+06   1.01e-27
  2.7168e+06   9.50e-28
  2.7876e+06   9.10e-28
  2.8603e+06   8.73e-28
  2.9349e+06   8.37e-28
  3.0115e+06   8.03e-28
  3.0900e+06   7.77e-28
  3.1706e+06   7.61e-28
  3.2533e+06   7.45e-28
  3.3382e+06   7.30e-28
  3.4253e+06   7.15e-28
  3.5146e+06   7.18e-28
  3.6063e+06   7.21e-28
  3.7003e+06   7.23e-28
  3.7969e+06   7.24e-28
  3.8959e+06   7.44e-28
  3.9975e+06   7.81e-28
  4.1018e+06   8.15e-28
  4.2088e+06   8.46e-28
  4.3185e+06   8.75e-28
  4.4312e+06   9.78e-28
  4.5467e+06   1.07e-27
  4.6653e+06   1.16e-27
  4.7870e+06   1.24e-27
  4.9119e+06   1.15e-27
  5.0400e+06   9.38e-28
