#  E [MeV]   Flux [# cm^{-2} s^{-1}  MeV^{-1}]
  3.0000e+04   1.36e-19
  3.1033e+04   1.31e-19
  3.2102e+04   1.25e-19
  3.3207e+04   1.20e-19
  3.4350e+04   1.15e-19
  3.5533e+04   1.10e-19
  3.6757e+04   1.06e-19
  3.8022e+04   1.01e-19
  3.9332e+04   9.68e-20
  4.0686e+04   9.27e-20
  4.2087e+04   8.87e-20
  4.3536e+04   8.49e-20
  4.5035e+04   8.13e-20
  4.6586e+04   7.77e-20
  4.8190e+04   7.44e-20
  4.9850e+04   7.11e-20
  5.1566e+04   6.80e-20
  5.3342e+04   6.50e-20
  5.5178e+04   6.22e-20
  5.7078e+04   5.94e-20
  5.9044e+04   5.68e-20
  6.1077e+04   5.42e-20
  6.3180e+04   5.18e-20
  6.5356e+04   4.95e-20
  6.7606e+04   4.72e-20
  6.9934e+04   4.51e-20
  7.2342e+04   4.31e-20
  7.4833e+04   4.11e-20
  7.7410e+04   3.92e-20
  8.0075e+04   3.74e-20
  8.2833e+04   3.57e-20
  8.5685e+04   3.40e-20
  8.8635e+04   3.24e-20
  9.1687e+04   3.09e-20
  9.4844e+04   2.94e-20
  9.8110e+04   2.80e-20
  1.0149e+05   2.67e-20
  1.0498e+05   2.54e-20
  1.0860e+05   2.42e-20
  1.1234e+05   2.30e-20
  1.1621e+05   2.19e-20
  1.2021e+05   2.08e-20
  1.2435e+05   1.98e-20
  1.2863e+05   1.88e-20
  1.3306e+05   1.78e-20
  1.3764e+05   1.69e-20
  1.4238e+05   1.61e-20
  1.4728e+05   1.52e-20
  1.5235e+05   1.45e-20
  1.5760e+05   1.37e-20
  1.6302e+05   1.30e-20
  1.6864e+05   1.23e-20
  1.7445e+05   1.16e-20
  1.8045e+05   1.10e-20
  1.8667e+05   1.04e-20
  1.9309e+05   9.83e-21
  1.9974e+05   9.29e-21
  2.0662e+05   8.77e-21
  2.1373e+05   8.27e-21
  2.2109e+05   7.80e-21
  2.2871e+05   7.35e-21
  2.3658e+05   6.92e-21
  2.4473e+05   6.51e-21
  2.5316e+05   6.13e-21
  2.6187e+05   5.76e-21
  2.7089e+05   5.41e-21
  2.8022e+05   5.08e-21
  2.8987e+05   4.76e-21
  2.9985e+05   4.46e-21
  3.1017e+05   4.18e-21
  3.2085e+05   3.92e-21
  3.3190e+05   3.66e-21
  3.4333e+05   3.42e-21
  3.5515e+05   3.20e-21
  3.6738e+05   2.98e-21
  3.8003e+05   2.78e-21
  3.9312e+05   2.59e-21
  4.0665e+05   2.41e-21
  4.2066e+05   2.24e-21
  4.3514e+05   2.09e-21
  4.5013e+05   1.94e-21
  4.6562e+05   1.80e-21
  4.8166e+05   1.67e-21
  4.9824e+05   1.54e-21
  5.1540e+05   1.43e-21
  5.3315e+05   1.32e-21
  5.5150e+05   1.22e-21
  5.7050e+05   1.13e-21
  5.9014e+05   1.04e-21
  6.1046e+05   9.59e-22
  6.3148e+05   8.84e-22
  6.5322e+05   8.13e-22
  6.7572e+05   7.47e-22
  6.9898e+05   6.87e-22
  7.2305e+05   6.31e-22
  7.4795e+05   5.78e-22
  7.7371e+05   5.31e-22
  8.0035e+05   4.86e-22
  8.2791e+05   4.45e-22
  8.5641e+05   4.07e-22
  8.8590e+05   3.73e-22
  9.1641e+05   3.41e-22
  9.4796e+05   3.11e-22
  9.8061e+05   2.85e-22
  1.0144e+06   2.60e-22
  1.0493e+06   2.37e-22
  1.0854e+06   2.16e-22
  1.1228e+06   1.97e-22
  1.1615e+06   1.80e-22
  1.2015e+06   1.63e-22
  1.2428e+06   1.49e-22
  1.2856e+06   1.35e-22
  1.3299e+06   1.23e-22
  1.3757e+06   1.12e-22
  1.4231e+06   1.02e-22
  1.4721e+06   9.21e-23
  1.5228e+06   8.35e-23
  1.5752e+06   7.58e-23
  1.6294e+06   6.87e-23
  1.6855e+06   6.20e-23
  1.7436e+06   5.63e-23
  1.8036e+06   5.09e-23
  1.8657e+06   4.59e-23
  1.9300e+06   4.15e-23
  1.9964e+06   3.75e-23
  2.0652e+06   3.38e-23
  2.1363e+06   3.04e-23
  2.2098e+06   2.74e-23
  2.2859e+06   2.47e-23
  2.3646e+06   2.21e-23
  2.4461e+06   1.99e-23
  2.5303e+06   1.78e-23
  2.6174e+06   1.59e-23
  2.7075e+06   1.42e-23
  2.8008e+06   1.28e-23
  2.8972e+06   1.14e-23
  2.9970e+06   1.01e-23
  3.1002e+06   9.02e-24
  3.2069e+06   8.02e-24
  3.3173e+06   7.09e-24
  3.4316e+06   6.29e-24
  3.5497e+06   5.59e-24
  3.6720e+06   4.93e-24
  3.7984e+06   4.33e-24
  3.9292e+06   3.83e-24
  4.0645e+06   3.37e-24
  4.2044e+06   2.94e-24
  4.3492e+06   2.59e-24
  4.4990e+06   2.27e-24
  4.6539e+06   1.98e-24
  4.8141e+06   1.72e-24
  4.9799e+06   1.50e-24
  5.1514e+06   1.30e-24
  5.3288e+06   1.12e-24
  5.5123e+06   9.76e-25
  5.7021e+06   8.44e-25
  5.8984e+06   7.22e-25
  6.1015e+06   6.22e-25
  6.3116e+06   5.36e-25
  6.5289e+06   4.57e-25
  6.7538e+06   3.88e-25
  6.9863e+06   3.34e-25
  7.2269e+06   2.84e-25
  7.4757e+06   2.39e-25
  7.7331e+06   2.03e-25
  7.9994e+06   1.72e-25
  8.2749e+06   1.45e-25
  8.5598e+06   1.21e-25
  8.8546e+06   1.02e-25
  9.1594e+06   8.50e-26
  9.4748e+06   6.99e-26
  9.8011e+06   5.86e-26
  1.0139e+07   4.86e-26
  1.0488e+07   3.98e-26
  1.0849e+07   3.27e-26
  1.1222e+07   2.68e-26
  1.1609e+07   2.17e-26
  1.2009e+07   1.74e-26
  1.2422e+07   1.40e-26
  1.2850e+07   1.11e-26
  1.3292e+07   8.71e-27
  1.3750e+07   6.80e-27
  1.4223e+07   5.23e-27
  1.4713e+07   3.95e-27
  1.5220e+07   2.94e-27
  1.5744e+07   2.16e-27
  1.6286e+07   1.55e-27
  1.6847e+07   1.08e-27
  1.7427e+07   7.42e-28
  1.8027e+07   4.92e-28
  1.8648e+07   3.14e-28
  1.9290e+07   1.93e-28
  1.9954e+07   1.13e-28
  2.0641e+07   6.29e-29
  2.1352e+07   3.30e-29
  2.2087e+07   1.61e-29
  2.2848e+07   7.31e-30
  2.3634e+07   3.03e-30
  2.4448e+07   1.16e-30
  2.5290e+07   3.96e-31
