#  E [GeV]   # per interaction  [GeV^{-1}]
  3.0000e+01   3.64e-03
  3.0517e+01   3.56e-03
  3.1043e+01   3.48e-03
  3.1578e+01   3.40e-03
  3.2123e+01   3.32e-03
  3.2676e+01   3.25e-03
  3.3240e+01   3.17e-03
  3.3813e+01   3.10e-03
  3.4396e+01   3.03e-03
  3.4989e+01   2.96e-03
  3.5592e+01   2.90e-03
  3.6205e+01   2.83e-03
  3.6829e+01   2.77e-03
  3.7464e+01   2.71e-03
  3.8110e+01   2.65e-03
  3.8767e+01   2.59e-03
  3.9435e+01   2.53e-03
  4.0115e+01   2.47e-03
  4.0807e+01   2.42e-03
  4.1510e+01   2.37e-03
  4.2226e+01   2.31e-03
  4.2953e+01   2.26e-03
  4.3694e+01   2.21e-03
  4.4447e+01   2.17e-03
  4.5213e+01   2.12e-03
  4.5993e+01   2.07e-03
  4.6786e+01   2.03e-03
  4.7592e+01   1.98e-03
  4.8412e+01   1.94e-03
  4.9247e+01   1.90e-03
  5.0096e+01   1.86e-03
  5.0960e+01   1.81e-03
  5.1838e+01   1.77e-03
  5.2732e+01   1.74e-03
  5.3641e+01   1.70e-03
  5.4565e+01   1.66e-03
  5.5506e+01   1.62e-03
  5.6463e+01   1.59e-03
  5.7436e+01   1.55e-03
  5.8426e+01   1.52e-03
  5.9433e+01   1.49e-03
  6.0458e+01   1.45e-03
  6.1500e+01   1.42e-03
  6.2560e+01   1.39e-03
  6.3639e+01   1.36e-03
  6.4736e+01   1.33e-03
  6.5852e+01   1.30e-03
  6.6987e+01   1.27e-03
  6.8142e+01   1.25e-03
  6.9316e+01   1.22e-03
  7.0511e+01   1.19e-03
  7.1727e+01   1.17e-03
  7.2963e+01   1.14e-03
  7.4221e+01   1.12e-03
  7.5500e+01   1.09e-03
  7.6802e+01   1.07e-03
  7.8126e+01   1.05e-03
  7.9472e+01   1.02e-03
  8.0842e+01   1.00e-03
  8.2236e+01   9.81e-04
  8.3654e+01   9.60e-04
  8.5096e+01   9.39e-04
  8.6563e+01   9.19e-04
  8.8055e+01   9.00e-04
  8.9573e+01   8.81e-04
  9.1117e+01   8.62e-04
  9.2687e+01   8.43e-04
  9.4285e+01   8.25e-04
  9.5911e+01   8.08e-04
  9.7564e+01   7.91e-04
  9.9246e+01   7.74e-04
  1.0096e+02   7.57e-04
  1.0270e+02   7.41e-04
  1.0447e+02   7.25e-04
  1.0627e+02   7.10e-04
  1.0810e+02   6.95e-04
  1.0996e+02   6.80e-04
  1.1186e+02   6.65e-04
  1.1379e+02   6.51e-04
  1.1575e+02   6.37e-04
  1.1774e+02   6.23e-04
  1.1977e+02   6.10e-04
  1.2184e+02   5.97e-04
  1.2394e+02   5.84e-04
  1.2608e+02   5.71e-04
  1.2825e+02   5.59e-04
  1.3046e+02   5.47e-04
  1.3271e+02   5.35e-04
  1.3500e+02   5.23e-04
  1.3732e+02   5.12e-04
  1.3969e+02   5.01e-04
  1.4210e+02   4.90e-04
  1.4455e+02   4.79e-04
  1.4704e+02   4.69e-04
  1.4957e+02   4.58e-04
  1.5215e+02   4.48e-04
  1.5478e+02   4.38e-04
  1.5744e+02   4.29e-04
  1.6016e+02   4.19e-04
  1.6292e+02   4.10e-04
  1.6573e+02   4.01e-04
  1.6858e+02   3.92e-04
  1.7149e+02   3.83e-04
  1.7445e+02   3.74e-04
  1.7745e+02   3.66e-04
  1.8051e+02   3.58e-04
  1.8362e+02   3.50e-04
  1.8679e+02   3.42e-04
  1.9001e+02   3.34e-04
  1.9328e+02   3.26e-04
  1.9662e+02   3.18e-04
  2.0001e+02   3.11e-04
  2.0345e+02   3.04e-04
  2.0696e+02   2.96e-04
  2.1053e+02   2.89e-04
  2.1416e+02   2.83e-04
  2.1785e+02   2.76e-04
  2.2160e+02   2.69e-04
  2.2543e+02   2.63e-04
  2.2931e+02   2.57e-04
  2.3326e+02   2.50e-04
  2.3729e+02   2.44e-04
  2.4138e+02   2.38e-04
  2.4554e+02   2.32e-04
  2.4977e+02   2.27e-04
  2.5407e+02   2.21e-04
  2.5845e+02   2.16e-04
  2.6291e+02   2.10e-04
  2.6744e+02   2.05e-04
  2.7205e+02   2.00e-04
  2.7674e+02   1.95e-04
  2.8151e+02   1.90e-04
  2.8637e+02   1.85e-04
  2.9130e+02   1.80e-04
  2.9632e+02   1.75e-04
  3.0143e+02   1.71e-04
  3.0663e+02   1.66e-04
  3.1191e+02   1.62e-04
  3.1729e+02   1.57e-04
  3.2276e+02   1.53e-04
  3.2832e+02   1.49e-04
  3.3398e+02   1.45e-04
  3.3974e+02   1.41e-04
  3.4560e+02   1.37e-04
  3.5155e+02   1.33e-04
  3.5761e+02   1.29e-04
  3.6378e+02   1.25e-04
  3.7005e+02   1.22e-04
  3.7643e+02   1.18e-04
  3.8292e+02   1.15e-04
  3.8952e+02   1.11e-04
  3.9623e+02   1.08e-04
  4.0306e+02   1.05e-04
  4.1001e+02   1.01e-04
  4.1708e+02   9.84e-05
  4.2427e+02   9.54e-05
  4.3158e+02   9.25e-05
  4.3902e+02   8.96e-05
  4.4659e+02   8.69e-05
  4.5429e+02   8.42e-05
  4.6212e+02   8.16e-05
  4.7009e+02   7.90e-05
  4.7819e+02   7.65e-05
  4.8643e+02   7.41e-05
  4.9482e+02   7.18e-05
  5.0335e+02   6.95e-05
  5.1203e+02   6.72e-05
  5.2085e+02   6.51e-05
  5.2983e+02   6.30e-05
  5.3897e+02   6.09e-05
  5.4826e+02   5.88e-05
  5.5771e+02   5.69e-05
  5.6732e+02   5.50e-05
  5.7710e+02   5.31e-05
  5.8705e+02   5.13e-05
  5.9717e+02   4.95e-05
  6.0746e+02   4.79e-05
  6.1793e+02   4.62e-05
  6.2859e+02   4.47e-05
  6.3942e+02   4.31e-05
  6.5045e+02   4.16e-05
  6.6166e+02   4.02e-05
  6.7306e+02   3.88e-05
  6.8467e+02   3.75e-05
  6.9647e+02   3.62e-05
  7.0847e+02   3.49e-05
  7.2069e+02   3.37e-05
  7.3311e+02   3.25e-05
  7.4575e+02   3.13e-05
  7.5860e+02   3.02e-05
  7.7168e+02   2.91e-05
  7.8498e+02   2.81e-05
  7.9852e+02   2.70e-05
  8.1228e+02   2.60e-05
  8.2628e+02   2.51e-05
  8.4053e+02   2.42e-05
  8.5502e+02   2.34e-05
  8.6976e+02   2.26e-05
  8.8475e+02   2.19e-05
  9.0000e+02   2.11e-05
