#  E [MeV]   Flux [# cm^{-2} s^{-1}  MeV^{-1}]
  3.0000e+04   3.87e-27
  3.1232e+04   3.72e-27
  3.2514e+04   3.57e-27
  3.3849e+04   3.44e-27
  3.5238e+04   3.30e-27
  3.6685e+04   3.17e-27
  3.8191e+04   3.04e-27
  3.9759e+04   2.92e-27
  4.1391e+04   2.81e-27
  4.3090e+04   2.69e-27
  4.4859e+04   2.58e-27
  4.6701e+04   2.48e-27
  4.8618e+04   2.38e-27
  5.0614e+04   2.28e-27
  5.2692e+04   2.18e-27
  5.4855e+04   2.09e-27
  5.7107e+04   2.00e-27
  5.9451e+04   1.92e-27
  6.1892e+04   1.84e-27
  6.4433e+04   1.76e-27
  6.7078e+04   1.68e-27
  6.9832e+04   1.61e-27
  7.2699e+04   1.54e-27
  7.5683e+04   1.47e-27
  7.8790e+04   1.41e-27
  8.2025e+04   1.35e-27
  8.5392e+04   1.29e-27
  8.8898e+04   1.23e-27
  9.2547e+04   1.17e-27
  9.6347e+04   1.12e-27
  1.0030e+05   1.07e-27
  1.0442e+05   1.02e-27
  1.0871e+05   9.72e-28
  1.1317e+05   9.26e-28
  1.1782e+05   8.83e-28
  1.2265e+05   8.41e-28
  1.2769e+05   8.01e-28
  1.3293e+05   7.62e-28
  1.3839e+05   7.25e-28
  1.4407e+05   6.90e-28
  1.4998e+05   6.56e-28
  1.5614e+05   6.23e-28
  1.6255e+05   5.92e-28
  1.6922e+05   5.62e-28
  1.7617e+05   5.33e-28
  1.8340e+05   5.05e-28
  1.9093e+05   4.79e-28
  1.9877e+05   4.54e-28
  2.0693e+05   4.30e-28
  2.1543e+05   4.07e-28
  2.2427e+05   3.85e-28
  2.3348e+05   3.63e-28
  2.4306e+05   3.43e-28
  2.5304e+05   3.24e-28
  2.6343e+05   3.06e-28
  2.7424e+05   2.88e-28
  2.8550e+05   2.71e-28
  2.9722e+05   2.55e-28
  3.0942e+05   2.40e-28
  3.2213e+05   2.26e-28
  3.3535e+05   2.12e-28
  3.4912e+05   1.99e-28
  3.6345e+05   1.87e-28
  3.7837e+05   1.75e-28
  3.9390e+05   1.64e-28
  4.1008e+05   1.53e-28
  4.2691e+05   1.43e-28
  4.4444e+05   1.34e-28
  4.6268e+05   1.25e-28
  4.8168e+05   1.17e-28
  5.0145e+05   1.09e-28
  5.2204e+05   1.01e-28
  5.4347e+05   9.42e-29
  5.6578e+05   8.76e-29
  5.8901e+05   8.14e-29
  6.1319e+05   7.56e-29
  6.3836e+05   7.02e-29
  6.6457e+05   6.52e-29
  6.9185e+05   6.04e-29
  7.2025e+05   5.61e-29
  7.4982e+05   5.20e-29
  7.8061e+05   4.82e-29
  8.1265e+05   4.46e-29
  8.4601e+05   4.13e-29
  8.8075e+05   3.83e-29
  9.1690e+05   3.55e-29
  9.5455e+05   3.29e-29
  9.9373e+05   3.04e-29
  1.0345e+06   2.82e-29
  1.0770e+06   2.61e-29
  1.1212e+06   2.42e-29
  1.1672e+06   2.24e-29
  1.2152e+06   2.08e-29
  1.2650e+06   1.93e-29
  1.3170e+06   1.79e-29
  1.3711e+06   1.66e-29
  1.4273e+06   1.54e-29
  1.4859e+06   1.43e-29
  1.5469e+06   1.32e-29
  1.6104e+06   1.23e-29
  1.6766e+06   1.14e-29
  1.7454e+06   1.06e-29
  1.8170e+06   9.87e-30
  1.8916e+06   9.17e-30
  1.9693e+06   8.53e-30
  2.0501e+06   7.93e-30
  2.1343e+06   7.37e-30
  2.2219e+06   6.86e-30
  2.3131e+06   6.38e-30
  2.4081e+06   5.93e-30
  2.5070e+06   5.52e-30
  2.6099e+06   5.13e-30
  2.7170e+06   4.77e-30
  2.8286e+06   4.44e-30
  2.9447e+06   4.13e-30
  3.0656e+06   3.84e-30
  3.1914e+06   3.58e-30
  3.3225e+06   3.32e-30
  3.4589e+06   3.09e-30
  3.6008e+06   2.87e-30
  3.7487e+06   2.67e-30
  3.9026e+06   2.47e-30
  4.0628e+06   2.30e-30
  4.2296e+06   2.13e-30
  4.4032e+06   1.97e-30
  4.5840e+06   1.82e-30
  4.7722e+06   1.69e-30
  4.9681e+06   1.56e-30
  5.1720e+06   1.44e-30
  5.3844e+06   1.33e-30
  5.6054e+06   1.22e-30
  5.8355e+06   1.12e-30
  6.0751e+06   1.03e-30
  6.3245e+06   9.44e-31
  6.5841e+06   8.63e-31
  6.8544e+06   7.87e-31
  7.1358e+06   7.17e-31
  7.4288e+06   6.50e-31
  7.7338e+06   5.88e-31
  8.0513e+06   5.31e-31
  8.3818e+06   4.77e-31
  8.7259e+06   4.26e-31
  9.0841e+06   3.80e-31
  9.4571e+06   3.37e-31
  9.8453e+06   2.97e-31
  1.0249e+07   2.60e-31
  1.0670e+07   2.26e-31
  1.1108e+07   1.95e-31
  1.1564e+07   1.67e-31
  1.2039e+07   1.41e-31
  1.2533e+07   1.18e-31
  1.3048e+07   9.78e-32
  1.3584e+07   7.97e-32
  1.4141e+07   6.40e-32
  1.4722e+07   5.04e-32
  1.5326e+07   3.90e-32
  1.5955e+07   2.94e-32
  1.6610e+07   2.16e-32
  1.7292e+07   1.54e-32
  1.8002e+07   1.06e-32
  1.8741e+07   7.02e-33
  1.9511e+07   4.44e-33
  2.0312e+07   2.66e-33
  2.1145e+07   1.50e-33
  2.2013e+07   7.84e-34
  2.2917e+07   3.77e-34
  2.3858e+07   1.64e-34
  2.4837e+07   6.32e-35
  2.5857e+07   2.12e-35
  2.6919e+07   6.00e-36
  2.8024e+07   1.39e-36
  2.9174e+07   2.51e-37
  3.0372e+07   3.37e-38
  3.1619e+07   3.15e-39
  3.2917e+07   1.87e-40
  3.4268e+07   6.41e-42
  3.5675e+07   1.09e-43
  3.7140e+07   7.80e-46
  3.8664e+07   1.84e-48
  4.0252e+07   1.06e-51
  4.1904e+07   9.91e-56
  4.3624e+07   8.70e-61
  4.5415e+07   3.43e-67
  4.7280e+07   1.77e-71
  4.9221e+07   1.67e-71
  5.1241e+07   1.58e-71
  5.3345e+07   1.49e-71
  5.5535e+07   1.41e-71
  5.7815e+07   1.33e-71
  6.0188e+07   1.25e-71
  6.2659e+07   1.18e-71
  6.5232e+07   1.11e-71
  6.7910e+07   1.05e-71
  7.0698e+07   9.85e-72
  7.3600e+07   9.26e-72
  7.6621e+07   8.70e-72
  7.9767e+07   8.15e-72
  8.3042e+07   7.62e-72
  8.6451e+07   7.15e-72
  9.0000e+07   6.73e-72
