#  E [MeV]   Flux [# cm^{-2} s^{-1}  MeV^{-1}]
  3.0000e+04   7.13e-25
  3.1051e+04   6.83e-25
  3.2139e+04   6.54e-25
  3.3266e+04   6.27e-25
  3.4432e+04   6.00e-25
  3.5638e+04   5.75e-25
  3.6887e+04   5.50e-25
  3.8180e+04   5.27e-25
  3.9518e+04   5.04e-25
  4.0903e+04   4.83e-25
  4.2336e+04   4.62e-25
  4.3820e+04   4.42e-25
  4.5355e+04   4.23e-25
  4.6945e+04   4.04e-25
  4.8590e+04   3.86e-25
  5.0293e+04   3.69e-25
  5.2055e+04   3.53e-25
  5.3879e+04   3.37e-25
  5.5767e+04   3.22e-25
  5.7722e+04   3.08e-25
  5.9745e+04   2.94e-25
  6.1838e+04   2.81e-25
  6.4005e+04   2.68e-25
  6.6248e+04   2.56e-25
  6.8570e+04   2.44e-25
  7.0973e+04   2.33e-25
  7.3460e+04   2.23e-25
  7.6034e+04   2.12e-25
  7.8699e+04   2.03e-25
  8.1457e+04   1.93e-25
  8.4311e+04   1.84e-25
  8.7266e+04   1.76e-25
  9.0324e+04   1.67e-25
  9.3490e+04   1.59e-25
  9.6766e+04   1.52e-25
  1.0016e+05   1.44e-25
  1.0367e+05   1.38e-25
  1.0730e+05   1.31e-25
  1.1106e+05   1.24e-25
  1.1495e+05   1.18e-25
  1.1898e+05   1.13e-25
  1.2315e+05   1.07e-25
  1.2747e+05   1.02e-25
  1.3193e+05   9.66e-26
  1.3656e+05   9.18e-26
  1.4134e+05   8.71e-26
  1.4629e+05   8.27e-26
  1.5142e+05   7.84e-26
  1.5673e+05   7.44e-26
  1.6222e+05   7.05e-26
  1.6790e+05   6.68e-26
  1.7379e+05   6.33e-26
  1.7988e+05   5.99e-26
  1.8618e+05   5.67e-26
  1.9271e+05   5.36e-26
  1.9946e+05   5.06e-26
  2.0645e+05   4.78e-26
  2.1369e+05   4.52e-26
  2.2117e+05   4.26e-26
  2.2892e+05   4.02e-26
  2.3695e+05   3.79e-26
  2.4525e+05   3.57e-26
  2.5385e+05   3.36e-26
  2.6274e+05   3.16e-26
  2.7195e+05   2.97e-26
  2.8148e+05   2.79e-26
  2.9134e+05   2.62e-26
  3.0155e+05   2.46e-26
  3.1212e+05   2.30e-26
  3.2306e+05   2.16e-26
  3.3438e+05   2.02e-26
  3.4610e+05   1.89e-26
  3.5823e+05   1.77e-26
  3.7078e+05   1.65e-26
  3.8377e+05   1.54e-26
  3.9722e+05   1.44e-26
  4.1114e+05   1.34e-26
  4.2555e+05   1.25e-26
  4.4046e+05   1.16e-26
  4.5590e+05   1.08e-26
  4.7188e+05   1.01e-26
  4.8841e+05   9.35e-27
  5.0553e+05   8.68e-27
  5.2324e+05   8.05e-27
  5.4158e+05   7.46e-27
  5.6056e+05   6.91e-27
  5.8020e+05   6.39e-27
  6.0054e+05   5.91e-27
  6.2158e+05   5.46e-27
  6.4337e+05   5.04e-27
  6.6591e+05   4.65e-27
  6.8925e+05   4.29e-27
  7.1340e+05   3.95e-27
  7.3840e+05   3.64e-27
  7.6428e+05   3.34e-27
  7.9106e+05   3.08e-27
  8.1878e+05   2.83e-27
  8.4748e+05   2.59e-27
  8.7718e+05   2.38e-27
  9.0792e+05   2.18e-27
  9.3973e+05   2.00e-27
  9.7267e+05   1.83e-27
  1.0068e+06   1.68e-27
  1.0420e+06   1.54e-27
  1.0785e+06   1.40e-27
  1.1163e+06   1.29e-27
  1.1555e+06   1.18e-27
  1.1960e+06   1.07e-27
  1.2379e+06   9.81e-28
  1.2813e+06   8.95e-28
  1.3262e+06   8.16e-28
  1.3726e+06   7.44e-28
  1.4207e+06   6.78e-28
  1.4705e+06   6.17e-28
  1.5220e+06   5.60e-28
  1.5754e+06   5.11e-28
  1.6306e+06   4.64e-28
  1.6877e+06   4.20e-28
  1.7469e+06   3.82e-28
  1.8081e+06   3.47e-28
  1.8715e+06   3.14e-28
  1.9370e+06   2.84e-28
  2.0049e+06   2.58e-28
  2.0752e+06   2.33e-28
  2.1479e+06   2.10e-28
  2.2232e+06   1.90e-28
  2.3011e+06   1.71e-28
  2.3817e+06   1.54e-28
  2.4652e+06   1.39e-28
  2.5516e+06   1.25e-28
  2.6410e+06   1.12e-28
  2.7336e+06   1.00e-28
  2.8294e+06   9.01e-29
  2.9285e+06   8.06e-29
  3.0311e+06   7.17e-29
  3.1374e+06   6.42e-29
  3.2473e+06   5.72e-29
  3.3611e+06   5.07e-29
  3.4789e+06   4.52e-29
  3.6008e+06   4.02e-29
  3.7270e+06   3.55e-29
  3.8576e+06   3.13e-29
  3.9928e+06   2.78e-29
  4.1327e+06   2.45e-29
  4.2775e+06   2.14e-29
  4.4274e+06   1.89e-29
  4.5826e+06   1.66e-29
  4.7432e+06   1.45e-29
  4.9094e+06   1.27e-29
  5.0815e+06   1.11e-29
  5.2595e+06   9.62e-30
  5.4438e+06   8.34e-30
  5.6346e+06   7.27e-30
  5.8321e+06   6.28e-30
  6.0365e+06   5.37e-30
  6.2480e+06   4.66e-30
  6.4670e+06   4.01e-30
  6.6936e+06   3.42e-30
  6.9282e+06   2.93e-30
  7.1709e+06   2.51e-30
  7.4222e+06   2.13e-30
  7.6823e+06   1.80e-30
  7.9516e+06   1.54e-30
  8.2302e+06   1.30e-30
  8.5186e+06   1.09e-30
  8.8172e+06   9.22e-31
  9.1262e+06   7.74e-31
  9.4460e+06   6.43e-31
  9.7770e+06   5.36e-31
  1.0120e+07   4.47e-31
  1.0474e+07   3.67e-31
  1.0841e+07   3.01e-31
  1.1221e+07   2.49e-31
  1.1614e+07   2.03e-31
  1.2022e+07   1.63e-31
  1.2443e+07   1.33e-31
  1.2879e+07   1.07e-31
  1.3330e+07   8.46e-32
  1.3797e+07   6.68e-32
  1.4281e+07   5.23e-32
  1.4781e+07   4.03e-32
  1.5299e+07   3.05e-32
  1.5835e+07   2.30e-32
  1.6390e+07   1.69e-32
  1.6965e+07   1.22e-32
  1.7559e+07   8.62e-33
  1.8175e+07   5.95e-33
  1.8812e+07   3.97e-33
  1.9471e+07   2.57e-33
  2.0153e+07   1.60e-33
  2.0859e+07   9.49e-34
  2.1590e+07   5.35e-34
  2.2347e+07   2.83e-34
  2.3130e+07   1.40e-34
  2.3941e+07   6.38e-35
  2.4780e+07   2.65e-35
  2.5648e+07   9.86e-36
  2.6547e+07   3.24e-36
  2.7477e+07   9.32e-37
  2.8440e+07   2.29e-37
