#  E [MeV]   Flux [# cm^{-2} s^{-1}  MeV^{-1}]
  3.0000e+04   8.91e-20
  3.0675e+04   8.62e-20
  3.1366e+04   8.33e-20
  3.2072e+04   8.06e-20
  3.2794e+04   7.79e-20
  3.3533e+04   7.54e-20
  3.4288e+04   7.28e-20
  3.5060e+04   7.04e-20
  3.5849e+04   6.80e-20
  3.6656e+04   6.57e-20
  3.7482e+04   6.35e-20
  3.8326e+04   6.13e-20
  3.9188e+04   5.92e-20
  4.0071e+04   5.72e-20
  4.0973e+04   5.52e-20
  4.1896e+04   5.33e-20
  4.2839e+04   5.14e-20
  4.3803e+04   4.96e-20
  4.4790e+04   4.79e-20
  4.5798e+04   4.62e-20
  4.6829e+04   4.45e-20
  4.7884e+04   4.29e-20
  4.8962e+04   4.14e-20
  5.0064e+04   3.99e-20
  5.1191e+04   3.85e-20
  5.2344e+04   3.71e-20
  5.3522e+04   3.57e-20
  5.4727e+04   3.44e-20
  5.5960e+04   3.31e-20
  5.7219e+04   3.19e-20
  5.8508e+04   3.07e-20
  5.9825e+04   2.95e-20
  6.1172e+04   2.84e-20
  6.2549e+04   2.73e-20
  6.3958e+04   2.63e-20
  6.5398e+04   2.53e-20
  6.6870e+04   2.43e-20
  6.8376e+04   2.33e-20
  6.9915e+04   2.24e-20
  7.1489e+04   2.15e-20
  7.3099e+04   2.07e-20
  7.4745e+04   1.99e-20
  7.6428e+04   1.91e-20
  7.8148e+04   1.83e-20
  7.9908e+04   1.76e-20
  8.1707e+04   1.68e-20
  8.3547e+04   1.62e-20
  8.5428e+04   1.55e-20
  8.7351e+04   1.49e-20
  8.9318e+04   1.42e-20
  9.1329e+04   1.36e-20
  9.3385e+04   1.31e-20
  9.5488e+04   1.25e-20
  9.7638e+04   1.20e-20
  9.9836e+04   1.15e-20
  1.0208e+05   1.10e-20
  1.0438e+05   1.05e-20
  1.0673e+05   1.00e-20
  1.0914e+05   9.61e-21
  1.1159e+05   9.19e-21
  1.1411e+05   8.78e-21
  1.1667e+05   8.39e-21
  1.1930e+05   8.01e-21
  1.2199e+05   7.65e-21
  1.2473e+05   7.31e-21
  1.2754e+05   6.97e-21
  1.3041e+05   6.65e-21
  1.3335e+05   6.34e-21
  1.3635e+05   6.04e-21
  1.3942e+05   5.76e-21
  1.4256e+05   5.49e-21
  1.4577e+05   5.23e-21
  1.4905e+05   4.98e-21
  1.5241e+05   4.74e-21
  1.5584e+05   4.51e-21
  1.5935e+05   4.29e-21
  1.6294e+05   4.08e-21
  1.6661e+05   3.88e-21
  1.7036e+05   3.69e-21
  1.7419e+05   3.50e-21
  1.7812e+05   3.33e-21
  1.8213e+05   3.16e-21
  1.8623e+05   3.00e-21
  1.9042e+05   2.84e-21
  1.9471e+05   2.70e-21
  1.9909e+05   2.56e-21
  2.0357e+05   2.42e-21
  2.0816e+05   2.29e-21
  2.1284e+05   2.17e-21
  2.1763e+05   2.06e-21
  2.2253e+05   1.95e-21
  2.2755e+05   1.84e-21
  2.3267e+05   1.74e-21
  2.3791e+05   1.64e-21
  2.4326e+05   1.55e-21
  2.4874e+05   1.46e-21
  2.5434e+05   1.38e-21
  2.6007e+05   1.30e-21
  2.6592e+05   1.22e-21
  2.7191e+05   1.15e-21
  2.7803e+05   1.09e-21
  2.8429e+05   1.02e-21
  2.9069e+05   9.61e-22
  2.9724e+05   9.02e-22
  3.0393e+05   8.48e-22
  3.1077e+05   7.97e-22
  3.1777e+05   7.48e-22
  3.2493e+05   7.02e-22
  3.3224e+05   6.57e-22
  3.3972e+05   6.15e-22
  3.4737e+05   5.77e-22
  3.5519e+05   5.40e-22
  3.6319e+05   5.05e-22
  3.7137e+05   4.71e-22
  3.7973e+05   4.39e-22
  3.8828e+05   4.11e-22
  3.9702e+05   3.84e-22
  4.0596e+05   3.58e-22
  4.1510e+05   3.33e-22
  4.2444e+05   3.09e-22
  4.3400e+05   2.89e-22
  4.4377e+05   2.69e-22
  4.5376e+05   2.50e-22
  4.6398e+05   2.32e-22
  4.7443e+05   2.15e-22
  4.8511e+05   1.99e-22
  4.9603e+05   1.85e-22
  5.0720e+05   1.71e-22
  5.1862e+05   1.58e-22
  5.3030e+05   1.46e-22
  5.4224e+05   1.35e-22
  5.5444e+05   1.25e-22
  5.6693e+05   1.15e-22
  5.7969e+05   1.06e-22
  5.9274e+05   9.74e-23
  6.0609e+05   8.96e-23
  6.1974e+05   8.26e-23
  6.3369e+05   7.61e-23
  6.4796e+05   6.98e-23
  6.6255e+05   6.38e-23
  6.7746e+05   5.84e-23
  6.9272e+05   5.37e-23
  7.0831e+05   4.93e-23
  7.2426e+05   4.51e-23
  7.4057e+05   4.11e-23
  7.5724e+05   3.73e-23
  7.7429e+05   3.43e-23
  7.9172e+05   3.13e-23
  8.0955e+05   2.85e-23
  8.2778e+05   2.59e-23
  8.4641e+05   2.34e-23
  8.6547e+05   2.14e-23
  8.8496e+05   1.95e-23
  9.0488e+05   1.77e-23
  9.2526e+05   1.60e-23
  9.4609e+05   1.44e-23
  9.6739e+05   1.31e-23
  9.8917e+05   1.19e-23
  1.0114e+06   1.07e-23
  1.0342e+06   9.66e-24
  1.0575e+06   8.63e-24
  1.0813e+06   7.78e-24
  1.1057e+06   7.05e-24
  1.1305e+06   6.35e-24
  1.1560e+06   5.69e-24
  1.1820e+06   5.06e-24
  1.2086e+06   4.53e-24
  1.2359e+06   4.09e-24
  1.2637e+06   3.67e-24
  1.2921e+06   3.28e-24
  1.3212e+06   2.91e-24
  1.3510e+06   2.57e-24
  1.3814e+06   2.32e-24
  1.4125e+06   2.08e-24
  1.4443e+06   1.85e-24
  1.4768e+06   1.64e-24
  1.5101e+06   1.44e-24
  1.5441e+06   1.29e-24
  1.5788e+06   1.15e-24
  1.6144e+06   1.02e-24
  1.6507e+06   8.97e-25
  1.6879e+06   7.78e-25
  1.7259e+06   6.96e-25
  1.7648e+06   6.20e-25
  1.8045e+06   5.47e-25
  1.8451e+06   4.78e-25
  1.8867e+06   4.12e-25
  1.9291e+06   3.64e-25
  1.9726e+06   3.22e-25
  2.0170e+06   2.83e-25
  2.0624e+06   2.45e-25
  2.1088e+06   2.09e-25
  2.1563e+06   1.81e-25
  2.2049e+06   1.57e-25
  2.2545e+06   1.36e-25
  2.3053e+06   1.15e-25
  2.3572e+06   9.48e-26
  2.4102e+06   7.95e-26
  2.4645e+06   6.94e-26
  2.5200e+06   5.99e-26
