#  E [MeV]   Flux [# cm^{-2} s^{-1}  MeV^{-1}]
  3.0000e+04   2.53e-24
  3.1051e+04   2.42e-24
  3.2139e+04   2.32e-24
  3.3266e+04   2.23e-24
  3.4432e+04   2.13e-24
  3.5638e+04   2.04e-24
  3.6887e+04   1.95e-24
  3.8180e+04   1.87e-24
  3.9518e+04   1.79e-24
  4.0903e+04   1.71e-24
  4.2336e+04   1.64e-24
  4.3820e+04   1.57e-24
  4.5355e+04   1.50e-24
  4.6945e+04   1.43e-24
  4.8590e+04   1.37e-24
  5.0293e+04   1.31e-24
  5.2055e+04   1.25e-24
  5.3879e+04   1.20e-24
  5.5767e+04   1.14e-24
  5.7722e+04   1.09e-24
  5.9745e+04   1.04e-24
  6.1838e+04   9.97e-25
  6.4005e+04   9.52e-25
  6.6248e+04   9.08e-25
  6.8570e+04   8.67e-25
  7.0973e+04   8.27e-25
  7.3460e+04   7.89e-25
  7.6034e+04   7.53e-25
  7.8699e+04   7.18e-25
  8.1457e+04   6.84e-25
  8.4311e+04   6.53e-25
  8.7266e+04   6.22e-25
  9.0324e+04   5.92e-25
  9.3490e+04   5.64e-25
  9.6766e+04   5.37e-25
  1.0016e+05   5.11e-25
  1.0367e+05   4.87e-25
  1.0730e+05   4.63e-25
  1.1106e+05   4.41e-25
  1.1495e+05   4.19e-25
  1.1898e+05   3.98e-25
  1.2315e+05   3.79e-25
  1.2747e+05   3.60e-25
  1.3193e+05   3.42e-25
  1.3656e+05   3.24e-25
  1.4134e+05   3.08e-25
  1.4629e+05   2.92e-25
  1.5142e+05   2.77e-25
  1.5673e+05   2.63e-25
  1.6222e+05   2.49e-25
  1.6790e+05   2.36e-25
  1.7379e+05   2.23e-25
  1.7988e+05   2.11e-25
  1.8618e+05   2.00e-25
  1.9271e+05   1.89e-25
  1.9946e+05   1.78e-25
  2.0645e+05   1.68e-25
  2.1369e+05   1.59e-25
  2.2117e+05   1.50e-25
  2.2892e+05   1.41e-25
  2.3695e+05   1.33e-25
  2.4525e+05   1.25e-25
  2.5385e+05   1.18e-25
  2.6274e+05   1.10e-25
  2.7195e+05   1.04e-25
  2.8148e+05   9.74e-26
  2.9134e+05   9.13e-26
  3.0155e+05   8.56e-26
  3.1212e+05   8.02e-26
  3.2306e+05   7.51e-26
  3.3438e+05   7.02e-26
  3.4610e+05   6.56e-26
  3.5823e+05   6.12e-26
  3.7078e+05   5.71e-26
  3.8377e+05   5.33e-26
  3.9722e+05   4.96e-26
  4.1114e+05   4.62e-26
  4.2555e+05   4.29e-26
  4.4046e+05   3.99e-26
  4.5590e+05   3.71e-26
  4.7188e+05   3.44e-26
  4.8841e+05   3.19e-26
  5.0553e+05   2.95e-26
  5.2324e+05   2.73e-26
  5.4158e+05   2.53e-26
  5.6056e+05   2.34e-26
  5.8020e+05   2.16e-26
  6.0054e+05   1.99e-26
  6.2158e+05   1.83e-26
  6.4337e+05   1.69e-26
  6.6591e+05   1.55e-26
  6.8925e+05   1.43e-26
  7.1340e+05   1.31e-26
  7.3840e+05   1.21e-26
  7.6428e+05   1.11e-26
  7.9106e+05   1.02e-26
  8.1878e+05   9.31e-27
  8.4748e+05   8.52e-27
  8.7718e+05   7.81e-27
  9.0792e+05   7.15e-27
  9.3973e+05   6.53e-27
  9.7267e+05   5.97e-27
  1.0068e+06   5.46e-27
  1.0420e+06   4.98e-27
  1.0785e+06   4.55e-27
  1.1163e+06   4.15e-27
  1.1555e+06   3.79e-27
  1.1960e+06   3.45e-27
  1.2379e+06   3.15e-27
  1.2813e+06   2.87e-27
  1.3262e+06   2.61e-27
  1.3726e+06   2.38e-27
  1.4207e+06   2.16e-27
  1.4705e+06   1.96e-27
  1.5220e+06   1.78e-27
  1.5754e+06   1.62e-27
  1.6306e+06   1.47e-27
  1.6877e+06   1.33e-27
  1.7469e+06   1.21e-27
  1.8081e+06   1.09e-27
  1.8715e+06   9.88e-28
  1.9370e+06   8.94e-28
  2.0049e+06   8.09e-28
  2.0752e+06   7.30e-28
  2.1479e+06   6.57e-28
  2.2232e+06   5.94e-28
  2.3011e+06   5.35e-28
  2.3817e+06   4.80e-28
  2.4652e+06   4.33e-28
  2.5516e+06   3.89e-28
  2.6410e+06   3.48e-28
  2.7336e+06   3.12e-28
  2.8294e+06   2.79e-28
  2.9285e+06   2.49e-28
  3.0311e+06   2.22e-28
  3.1374e+06   1.98e-28
  3.2473e+06   1.76e-28
  3.3611e+06   1.56e-28
  3.4789e+06   1.39e-28
  3.6008e+06   1.23e-28
  3.7270e+06   1.08e-28
  3.8576e+06   9.57e-29
  3.9928e+06   8.46e-29
  4.1327e+06   7.43e-29
  4.2775e+06   6.50e-29
  4.4274e+06   5.73e-29
  4.5826e+06   5.01e-29
  4.7432e+06   4.34e-29
  4.9094e+06   3.80e-29
  5.0815e+06   3.31e-29
  5.2595e+06   2.86e-29
  5.4438e+06   2.48e-29
  5.6346e+06   2.15e-29
  5.8321e+06   1.84e-29
  6.0365e+06   1.58e-29
  6.2480e+06   1.36e-29
  6.4670e+06   1.16e-29
  6.6936e+06   9.84e-30
  6.9282e+06   8.43e-30
  7.1709e+06   7.17e-30
  7.4222e+06   6.03e-30
  7.6823e+06   5.09e-30
  7.9516e+06   4.30e-30
  8.2302e+06   3.60e-30
  8.5186e+06   2.99e-30
  8.8172e+06   2.51e-30
  9.1262e+06   2.08e-30
  9.4460e+06   1.71e-30
  9.7770e+06   1.41e-30
  1.0120e+07   1.16e-30
  1.0474e+07   9.40e-31
  1.0841e+07   7.62e-31
  1.1221e+07   6.19e-31
  1.1614e+07   4.96e-31
  1.2022e+07   3.93e-31
  1.2443e+07   3.13e-31
  1.2879e+07   2.46e-31
  1.3330e+07   1.89e-31
  1.3797e+07   1.46e-31
  1.4281e+07   1.11e-31
  1.4781e+07   8.27e-32
  1.5299e+07   6.08e-32
  1.5835e+07   4.40e-32
  1.6390e+07   3.10e-32
  1.6965e+07   2.13e-32
  1.7559e+07   1.44e-32
  1.8175e+07   9.37e-33
  1.8812e+07   5.87e-33
  1.9471e+07   3.55e-33
  2.0153e+07   2.05e-33
  2.0859e+07   1.12e-33
  2.1590e+07   5.72e-34
  2.2347e+07   2.73e-34
  2.3130e+07   1.20e-34
  2.3941e+07   4.78e-35
  2.4780e+07   1.71e-35
  2.5648e+07   5.36e-36
  2.6547e+07   1.45e-36
  2.7477e+07   3.39e-37
  2.8440e+07   6.52e-38
