#  E [MeV]   Flux [# cm^{-2} s^{-1}  MeV^{-1}]
  3.0000e+04   1.63e-20
  3.0501e+04   1.59e-20
  3.1010e+04   1.56e-20
  3.1528e+04   1.52e-20
  3.2055e+04   1.49e-20
  3.2590e+04   1.46e-20
  3.3134e+04   1.43e-20
  3.3688e+04   1.39e-20
  3.4250e+04   1.36e-20
  3.4822e+04   1.34e-20
  3.5404e+04   1.31e-20
  3.5995e+04   1.28e-20
  3.6596e+04   1.25e-20
  3.7207e+04   1.23e-20
  3.7829e+04   1.20e-20
  3.8460e+04   1.17e-20
  3.9103e+04   1.15e-20
  3.9756e+04   1.12e-20
  4.0420e+04   1.10e-20
  4.1095e+04   1.08e-20
  4.1781e+04   1.06e-20
  4.2479e+04   1.03e-20
  4.3188e+04   1.01e-20
  4.3909e+04   9.90e-21
  4.4642e+04   9.69e-21
  4.5388e+04   9.48e-21
  4.6146e+04   9.28e-21
  4.6917e+04   9.09e-21
  4.7700e+04   8.89e-21
  4.8497e+04   8.70e-21
  4.9307e+04   8.52e-21
  5.0130e+04   8.34e-21
  5.0967e+04   8.17e-21
  5.1818e+04   8.00e-21
  5.2684e+04   7.83e-21
  5.3563e+04   7.67e-21
  5.4458e+04   7.51e-21
  5.5367e+04   7.35e-21
  5.6292e+04   7.20e-21
  5.7232e+04   7.05e-21
  5.8188e+04   6.90e-21
  5.9160e+04   6.76e-21
  6.0148e+04   6.62e-21
  6.1152e+04   6.48e-21
  6.2173e+04   6.35e-21
  6.3212e+04   6.22e-21
  6.4267e+04   6.09e-21
  6.5340e+04   5.96e-21
  6.6432e+04   5.84e-21
  6.7541e+04   5.72e-21
  6.8669e+04   5.60e-21
  6.9816e+04   5.48e-21
  7.0982e+04   5.37e-21
  7.2167e+04   5.26e-21
  7.3372e+04   5.15e-21
  7.4598e+04   5.04e-21
  7.5843e+04   4.94e-21
  7.7110e+04   4.84e-21
  7.8398e+04   4.74e-21
  7.9707e+04   4.64e-21
  8.1038e+04   4.55e-21
  8.2391e+04   4.46e-21
  8.3767e+04   4.36e-21
  8.5166e+04   4.27e-21
  8.6588e+04   4.19e-21
  8.8034e+04   4.10e-21
  8.9505e+04   4.02e-21
  9.0999e+04   3.94e-21
  9.2519e+04   3.86e-21
  9.4064e+04   3.78e-21
  9.5635e+04   3.70e-21
  9.7232e+04   3.62e-21
  9.8856e+04   3.55e-21
  1.0051e+05   3.48e-21
  1.0219e+05   3.40e-21
  1.0389e+05   3.33e-21
  1.0563e+05   3.27e-21
  1.0739e+05   3.20e-21
  1.0918e+05   3.13e-21
  1.1101e+05   3.07e-21
  1.1286e+05   3.00e-21
  1.1475e+05   2.94e-21
  1.1666e+05   2.88e-21
  1.1861e+05   2.82e-21
  1.2059e+05   2.76e-21
  1.2260e+05   2.71e-21
  1.2465e+05   2.65e-21
  1.2673e+05   2.60e-21
  1.2885e+05   2.54e-21
  1.3100e+05   2.49e-21
  1.3319e+05   2.44e-21
  1.3541e+05   2.39e-21
  1.3768e+05   2.34e-21
  1.3997e+05   2.29e-21
  1.4231e+05   2.24e-21
  1.4469e+05   2.19e-21
  1.4711e+05   2.15e-21
  1.4956e+05   2.10e-21
  1.5206e+05   2.06e-21
  1.5460e+05   2.01e-21
  1.5718e+05   1.97e-21
  1.5981e+05   1.93e-21
  1.6247e+05   1.88e-21
  1.6519e+05   1.84e-21
  1.6795e+05   1.80e-21
  1.7075e+05   1.76e-21
  1.7360e+05   1.73e-21
  1.7650e+05   1.69e-21
  1.7945e+05   1.65e-21
  1.8245e+05   1.61e-21
  1.8549e+05   1.58e-21
  1.8859e+05   1.54e-21
  1.9174e+05   1.51e-21
  1.9494e+05   1.47e-21
  1.9820e+05   1.44e-21
  2.0151e+05   1.41e-21
  2.0487e+05   1.37e-21
  2.0829e+05   1.34e-21
  2.1177e+05   1.31e-21
  2.1531e+05   1.28e-21
  2.1890e+05   1.25e-21
  2.2256e+05   1.22e-21
  2.2628e+05   1.20e-21
  2.3006e+05   1.17e-21
  2.3390e+05   1.14e-21
  2.3780e+05   1.11e-21
  2.4178e+05   1.09e-21
  2.4581e+05   1.06e-21
  2.4992e+05   1.04e-21
  2.5409e+05   1.01e-21
  2.5833e+05   9.86e-22
  2.6265e+05   9.62e-22
  2.6704e+05   9.38e-22
  2.7149e+05   9.15e-22
  2.7603e+05   8.92e-22
  2.8064e+05   8.70e-22
  2.8532e+05   8.48e-22
  2.9009e+05   8.26e-22
  2.9493e+05   8.05e-22
  2.9986e+05   7.84e-22
  3.0487e+05   7.64e-22
  3.0996e+05   7.45e-22
  3.1513e+05   7.25e-22
  3.2040e+05   7.06e-22
  3.2575e+05   6.88e-22
  3.3119e+05   6.70e-22
  3.3672e+05   6.52e-22
  3.4234e+05   6.35e-22
  3.4806e+05   6.18e-22
  3.5387e+05   6.01e-22
  3.5978e+05   5.85e-22
  3.6579e+05   5.69e-22
  3.7190e+05   5.53e-22
  3.7811e+05   5.38e-22
  3.8442e+05   5.23e-22
  3.9084e+05   5.08e-22
  3.9737e+05   4.93e-22
  4.0401e+05   4.79e-22
  4.1075e+05   4.65e-22
  4.1761e+05   4.52e-22
  4.2459e+05   4.39e-22
  4.3168e+05   4.26e-22
  4.3889e+05   4.13e-22
  4.4622e+05   4.01e-22
  4.5367e+05   3.89e-22
  4.6124e+05   3.77e-22
  4.6895e+05   3.65e-22
  4.7678e+05   3.54e-22
  4.8474e+05   3.43e-22
  4.9283e+05   3.33e-22
  5.0107e+05   3.23e-22
  5.0943e+05   3.12e-22
  5.1794e+05   3.03e-22
  5.2659e+05   2.93e-22
  5.3538e+05   2.84e-22
  5.4432e+05   2.75e-22
  5.5342e+05   2.66e-22
  5.6266e+05   2.58e-22
  5.7205e+05   2.50e-22
  5.8161e+05   2.42e-22
  5.9132e+05   2.34e-22
  6.0119e+05   2.27e-22
  6.1123e+05   2.19e-22
  6.2144e+05   2.12e-22
  6.3182e+05   2.05e-22
  6.4237e+05   1.99e-22
  6.5310e+05   1.92e-22
  6.6401e+05   1.86e-22
  6.7509e+05   1.80e-22
  6.8637e+05   1.74e-22
  6.9783e+05   1.68e-22
  7.0948e+05   1.62e-22
  7.2133e+05   1.56e-22
  7.3338e+05   1.51e-22
  7.4563e+05   1.46e-22
  7.5808e+05   1.41e-22
  7.7074e+05   1.36e-22
  7.8361e+05   1.32e-22
  7.9670e+05   1.28e-22
  8.1000e+05   1.24e-22
