#  E [MeV]   Flux [# cm^{-2} s^{-1}  MeV^{-1}]
  3.0000e+04   9.15e-20
  3.0854e+04   8.81e-20
  3.1733e+04   8.47e-20
  3.2636e+04   8.15e-20
  3.3566e+04   7.83e-20
  3.4521e+04   7.53e-20
  3.5504e+04   7.24e-20
  3.6515e+04   6.96e-20
  3.7555e+04   6.69e-20
  3.8625e+04   6.43e-20
  3.9724e+04   6.17e-20
  4.0855e+04   5.93e-20
  4.2019e+04   5.69e-20
  4.3215e+04   5.47e-20
  4.4446e+04   5.25e-20
  4.5711e+04   5.03e-20
  4.7013e+04   4.83e-20
  4.8352e+04   4.63e-20
  4.9728e+04   4.44e-20
  5.1144e+04   4.26e-20
  5.2601e+04   4.08e-20
  5.4099e+04   3.91e-20
  5.5639e+04   3.74e-20
  5.7223e+04   3.58e-20
  5.8853e+04   3.43e-20
  6.0528e+04   3.28e-20
  6.2252e+04   3.14e-20
  6.4025e+04   3.01e-20
  6.5848e+04   2.87e-20
  6.7723e+04   2.75e-20
  6.9651e+04   2.63e-20
  7.1634e+04   2.51e-20
  7.3674e+04   2.40e-20
  7.5772e+04   2.29e-20
  7.7929e+04   2.19e-20
  8.0148e+04   2.09e-20
  8.2431e+04   1.99e-20
  8.4778e+04   1.90e-20
  8.7192e+04   1.81e-20
  8.9674e+04   1.73e-20
  9.2228e+04   1.64e-20
  9.4854e+04   1.57e-20
  9.7555e+04   1.49e-20
  1.0033e+05   1.42e-20
  1.0319e+05   1.35e-20
  1.0613e+05   1.29e-20
  1.0915e+05   1.23e-20
  1.1226e+05   1.17e-20
  1.1545e+05   1.11e-20
  1.1874e+05   1.05e-20
  1.2212e+05   1.00e-20
  1.2560e+05   9.51e-21
  1.2918e+05   9.03e-21
  1.3286e+05   8.57e-21
  1.3664e+05   8.13e-21
  1.4053e+05   7.71e-21
  1.4453e+05   7.30e-21
  1.4865e+05   6.92e-21
  1.5288e+05   6.55e-21
  1.5723e+05   6.20e-21
  1.6171e+05   5.87e-21
  1.6631e+05   5.55e-21
  1.7105e+05   5.24e-21
  1.7592e+05   4.95e-21
  1.8093e+05   4.68e-21
  1.8608e+05   4.41e-21
  1.9138e+05   4.16e-21
  1.9683e+05   3.92e-21
  2.0243e+05   3.69e-21
  2.0820e+05   3.47e-21
  2.1413e+05   3.26e-21
  2.2022e+05   3.06e-21
  2.2649e+05   2.88e-21
  2.3294e+05   2.70e-21
  2.3958e+05   2.53e-21
  2.4640e+05   2.37e-21
  2.5341e+05   2.22e-21
  2.6063e+05   2.08e-21
  2.6805e+05   1.94e-21
  2.7568e+05   1.81e-21
  2.8353e+05   1.69e-21
  2.9161e+05   1.58e-21
  2.9991e+05   1.47e-21
  3.0845e+05   1.37e-21
  3.1723e+05   1.27e-21
  3.2627e+05   1.18e-21
  3.3556e+05   1.10e-21
  3.4511e+05   1.02e-21
  3.5494e+05   9.44e-22
  3.6504e+05   8.73e-22
  3.7544e+05   8.07e-22
  3.8613e+05   7.46e-22
  3.9712e+05   6.88e-22
  4.0843e+05   6.34e-22
  4.2006e+05   5.83e-22
  4.3202e+05   5.37e-22
  4.4432e+05   4.94e-22
  4.5698e+05   4.53e-22
  4.6999e+05   4.15e-22
  4.8337e+05   3.81e-22
  4.9713e+05   3.48e-22
  5.1129e+05   3.18e-22
  5.2585e+05   2.90e-22
  5.4082e+05   2.65e-22
  5.5622e+05   2.42e-22
  5.7206e+05   2.20e-22
  5.8835e+05   2.00e-22
  6.0510e+05   1.82e-22
  6.2233e+05   1.66e-22
  6.4005e+05   1.50e-22
  6.5828e+05   1.36e-22
  6.7702e+05   1.24e-22
  6.9630e+05   1.12e-22
  7.1613e+05   1.01e-22
  7.3652e+05   9.12e-23
  7.5749e+05   8.26e-23
  7.7906e+05   7.47e-23
  8.0124e+05   6.72e-23
  8.2406e+05   6.03e-23
  8.4752e+05   5.45e-23
  8.7165e+05   4.91e-23
  8.9647e+05   4.42e-23
  9.2200e+05   3.95e-23
  9.4825e+05   3.56e-23
  9.7526e+05   3.21e-23
  1.0030e+06   2.87e-23
  1.0316e+06   2.57e-23
  1.0610e+06   2.31e-23
  1.0912e+06   2.07e-23
  1.1222e+06   1.86e-23
  1.1542e+06   1.66e-23
  1.1871e+06   1.49e-23
  1.2209e+06   1.33e-23
  1.2556e+06   1.19e-23
  1.2914e+06   1.06e-23
  1.3281e+06   9.51e-24
  1.3660e+06   8.54e-24
  1.4049e+06   7.64e-24
  1.4449e+06   6.79e-24
  1.4860e+06   6.06e-24
  1.5283e+06   5.43e-24
  1.5718e+06   4.85e-24
  1.6166e+06   4.31e-24
  1.6626e+06   3.83e-24
  1.7100e+06   3.43e-24
  1.7587e+06   3.06e-24
  1.8087e+06   2.72e-24
  1.8602e+06   2.41e-24
  1.9132e+06   2.16e-24
  1.9677e+06   1.93e-24
  2.0237e+06   1.71e-24
  2.0813e+06   1.51e-24
  2.1406e+06   1.36e-24
  2.2016e+06   1.21e-24
  2.2642e+06   1.08e-24
  2.3287e+06   9.50e-25
  2.3950e+06   8.54e-25
  2.4632e+06   7.63e-25
  2.5334e+06   6.78e-25
  2.6055e+06   5.98e-25
  2.6797e+06   5.38e-25
  2.7560e+06   4.82e-25
  2.8345e+06   4.29e-25
  2.9152e+06   3.79e-25
  2.9982e+06   3.41e-25
  3.0836e+06   3.07e-25
  3.1714e+06   2.75e-25
  3.2617e+06   2.45e-25
  3.3545e+06   2.20e-25
  3.4501e+06   1.99e-25
  3.5483e+06   1.80e-25
  3.6493e+06   1.61e-25
  3.7532e+06   1.45e-25
  3.8601e+06   1.32e-25
  3.9700e+06   1.20e-25
  4.0831e+06   1.08e-25
  4.1993e+06   9.75e-26
  4.3189e+06   8.87e-26
  4.4419e+06   8.04e-26
  4.5684e+06   7.27e-26
  4.6985e+06   6.58e-26
  4.8322e+06   6.00e-26
  4.9698e+06   5.45e-26
  5.1114e+06   4.93e-26
  5.2569e+06   4.46e-26
  5.4066e+06   4.05e-26
  5.5605e+06   3.66e-26
  5.7189e+06   3.30e-26
  5.8817e+06   2.97e-26
  6.0492e+06   2.67e-26
  6.2214e+06   2.40e-26
  6.3986e+06   2.14e-26
  6.5808e+06   1.90e-26
  6.7682e+06   1.68e-26
  6.9609e+06   1.48e-26
  7.1591e+06   1.29e-26
  7.3630e+06   1.12e-26
  7.5726e+06   9.95e-27
  7.7882e+06   8.76e-27
  8.0100e+06   7.67e-27
