#  E [GeV]   # per interaction  [GeV^{-1}]
  3.0000e+01   1.37e+00
  3.1232e+01   1.30e+00
  3.2514e+01   1.24e+00
  3.3849e+01   1.18e+00
  3.5238e+01   1.13e+00
  3.6685e+01   1.07e+00
  3.8191e+01   1.02e+00
  3.9759e+01   9.75e-01
  4.1391e+01   9.28e-01
  4.3090e+01   8.84e-01
  4.4859e+01   8.41e-01
  4.6701e+01   8.00e-01
  4.8618e+01   7.61e-01
  5.0614e+01   7.24e-01
  5.2692e+01   6.89e-01
  5.4855e+01   6.55e-01
  5.7107e+01   6.23e-01
  5.9451e+01   5.92e-01
  6.1892e+01   5.63e-01
  6.4433e+01   5.35e-01
  6.7078e+01   5.08e-01
  6.9832e+01   4.83e-01
  7.2699e+01   4.58e-01
  7.5683e+01   4.35e-01
  7.8790e+01   4.13e-01
  8.2025e+01   3.92e-01
  8.5392e+01   3.72e-01
  8.8898e+01   3.53e-01
  9.2547e+01   3.35e-01
  9.6347e+01   3.17e-01
  1.0030e+02   3.01e-01
  1.0442e+02   2.85e-01
  1.0871e+02   2.70e-01
  1.1317e+02   2.56e-01
  1.1782e+02   2.43e-01
  1.2265e+02   2.30e-01
  1.2769e+02   2.18e-01
  1.3293e+02   2.06e-01
  1.3839e+02   1.95e-01
  1.4407e+02   1.85e-01
  1.4998e+02   1.75e-01
  1.5614e+02   1.65e-01
  1.6255e+02   1.56e-01
  1.6922e+02   1.48e-01
  1.7617e+02   1.40e-01
  1.8340e+02   1.32e-01
  1.9093e+02   1.25e-01
  1.9877e+02   1.18e-01
  2.0693e+02   1.11e-01
  2.1543e+02   1.05e-01
  2.2427e+02   9.89e-02
  2.3348e+02   9.33e-02
  2.4306e+02   8.79e-02
  2.5304e+02   8.28e-02
  2.6343e+02   7.80e-02
  2.7424e+02   7.35e-02
  2.8550e+02   6.91e-02
  2.9722e+02   6.50e-02
  3.0942e+02   6.12e-02
  3.2213e+02   5.75e-02
  3.3535e+02   5.40e-02
  3.4912e+02   5.07e-02
  3.6345e+02   4.76e-02
  3.7837e+02   4.47e-02
  3.9390e+02   4.19e-02
  4.1008e+02   3.92e-02
  4.2691e+02   3.68e-02
  4.4444e+02   3.44e-02
  4.6268e+02   3.22e-02
  4.8168e+02   3.01e-02
  5.0145e+02   2.82e-02
  5.2204e+02   2.63e-02
  5.4347e+02   2.46e-02
  5.6578e+02   2.29e-02
  5.8901e+02   2.14e-02
  6.1319e+02   2.00e-02
  6.3836e+02   1.86e-02
  6.6457e+02   1.73e-02
  6.9185e+02   1.61e-02
  7.2025e+02   1.50e-02
  7.4982e+02   1.40e-02
  7.8061e+02   1.30e-02
  8.1265e+02   1.21e-02
  8.4601e+02   1.12e-02
  8.8075e+02   1.04e-02
  9.1690e+02   9.66e-03
  9.5455e+02   8.96e-03
  9.9373e+02   8.31e-03
  1.0345e+03   7.70e-03
  1.0770e+03   7.14e-03
  1.1212e+03   6.61e-03
  1.1672e+03   6.12e-03
  1.2152e+03   5.66e-03
  1.2650e+03   5.24e-03
  1.3170e+03   4.84e-03
  1.3711e+03   4.48e-03
  1.4273e+03   4.14e-03
  1.4859e+03   3.83e-03
  1.5469e+03   3.54e-03
  1.6104e+03   3.27e-03
  1.6766e+03   3.03e-03
  1.7454e+03   2.80e-03
  1.8170e+03   2.59e-03
  1.8916e+03   2.39e-03
  1.9693e+03   2.21e-03
  2.0501e+03   2.04e-03
  2.1343e+03   1.88e-03
  2.2219e+03   1.73e-03
  2.3131e+03   1.60e-03
  2.4081e+03   1.47e-03
  2.5070e+03   1.35e-03
  2.6099e+03   1.24e-03
  2.7170e+03   1.14e-03
  2.8286e+03   1.05e-03
  2.9447e+03   9.58e-04
  3.0656e+03   8.76e-04
  3.1914e+03   8.02e-04
  3.3225e+03   7.32e-04
  3.4589e+03   6.67e-04
  3.6008e+03   6.09e-04
  3.7487e+03   5.53e-04
  3.9026e+03   5.02e-04
  4.0628e+03   4.56e-04
  4.2296e+03   4.13e-04
  4.4032e+03   3.73e-04
  4.5840e+03   3.36e-04
  4.7722e+03   3.03e-04
  4.9681e+03   2.72e-04
  5.1720e+03   2.44e-04
  5.3844e+03   2.18e-04
  5.6054e+03   1.94e-04
  5.8355e+03   1.73e-04
  6.0751e+03   1.53e-04
  6.3245e+03   1.36e-04
  6.5841e+03   1.20e-04
  6.8544e+03   1.05e-04
  7.1358e+03   9.20e-05
  7.4288e+03   8.03e-05
  7.7338e+03   6.96e-05
  8.0513e+03   6.05e-05
  8.3818e+03   5.21e-05
  8.7259e+03   4.46e-05
  9.0841e+03   3.82e-05
  9.4571e+03   3.23e-05
  9.8453e+03   2.72e-05
  1.0249e+04   2.29e-05
  1.0670e+04   1.90e-05
  1.1108e+04   1.57e-05
  1.1564e+04   1.29e-05
  1.2039e+04   1.05e-05
  1.2533e+04   8.46e-06
  1.3048e+04   6.76e-06
  1.3584e+04   5.30e-06
  1.4141e+04   4.14e-06
  1.4722e+04   3.18e-06
  1.5326e+04   2.39e-06
  1.5955e+04   1.79e-06
  1.6610e+04   1.30e-06
  1.7292e+04   9.21e-07
  1.8002e+04   6.46e-07
  1.8741e+04   4.36e-07
  1.9511e+04   2.83e-07
  2.0312e+04   1.80e-07
  2.1145e+04   1.09e-07
  2.2013e+04   6.21e-08
  2.2917e+04   3.40e-08
  2.3858e+04   1.72e-08
  2.4837e+04   8.04e-09
  2.5857e+04   3.45e-09
  2.6919e+04   1.31e-09
  2.8024e+04   4.36e-10
  2.9174e+04   1.24e-10
  3.0372e+04   2.86e-11
  3.1619e+04   5.26e-12
  3.2917e+04   7.20e-13
  3.4268e+04   6.72e-14
  3.5675e+04   4.08e-15
  3.7140e+04   1.39e-16
  3.8664e+04   2.25e-18
  4.0252e+04   1.50e-20
  4.1904e+04   3.02e-23
  4.3624e+04   1.29e-26
  4.5415e+04   7.47e-31
  4.7280e+04   2.97e-36
  4.9221e+04   3.31e-43
  5.1241e+04   1.55e-47
  5.3345e+04   1.36e-47
  5.5535e+04   1.20e-47
  5.7815e+04   1.07e-47
  6.0188e+04   9.51e-48
  6.2659e+04   8.51e-48
  6.5232e+04   7.64e-48
  6.7910e+04   6.83e-48
  7.0698e+04   6.12e-48
  7.3600e+04   5.47e-48
  7.6621e+04   4.87e-48
  7.9767e+04   4.29e-48
  8.3042e+04   3.74e-48
  8.6451e+04   3.24e-48
  9.0000e+04   2.83e-48
