#  E [GeV]   # per interaction  [GeV^{-1}]
  3.0000e+01   4.62e-01
  3.1051e+01   4.45e-01
  3.2139e+01   4.29e-01
  3.3266e+01   4.13e-01
  3.4432e+01   3.98e-01
  3.5638e+01   3.83e-01
  3.6887e+01   3.69e-01
  3.8180e+01   3.56e-01
  3.9518e+01   3.42e-01
  4.0903e+01   3.30e-01
  4.2336e+01   3.17e-01
  4.3820e+01   3.05e-01
  4.5355e+01   2.94e-01
  4.6945e+01   2.83e-01
  4.8590e+01   2.72e-01
  5.0293e+01   2.62e-01
  5.2055e+01   2.52e-01
  5.3879e+01   2.42e-01
  5.5767e+01   2.33e-01
  5.7722e+01   2.24e-01
  5.9745e+01   2.15e-01
  6.1838e+01   2.07e-01
  6.4005e+01   1.98e-01
  6.6248e+01   1.91e-01
  6.8570e+01   1.83e-01
  7.0973e+01   1.76e-01
  7.3460e+01   1.69e-01
  7.6034e+01   1.62e-01
  7.8699e+01   1.55e-01
  8.1457e+01   1.49e-01
  8.4311e+01   1.43e-01
  8.7266e+01   1.37e-01
  9.0324e+01   1.31e-01
  9.3490e+01   1.26e-01
  9.6766e+01   1.21e-01
  1.0016e+02   1.16e-01
  1.0367e+02   1.11e-01
  1.0730e+02   1.06e-01
  1.1106e+02   1.01e-01
  1.1495e+02   9.70e-02
  1.1898e+02   9.27e-02
  1.2315e+02   8.86e-02
  1.2747e+02   8.47e-02
  1.3193e+02   8.09e-02
  1.3656e+02   7.72e-02
  1.4134e+02   7.37e-02
  1.4629e+02   7.03e-02
  1.5142e+02   6.71e-02
  1.5673e+02   6.40e-02
  1.6222e+02   6.09e-02
  1.6790e+02   5.81e-02
  1.7379e+02   5.52e-02
  1.7988e+02   5.26e-02
  1.8618e+02   5.00e-02
  1.9271e+02   4.75e-02
  1.9946e+02   4.51e-02
  2.0645e+02   4.28e-02
  2.1369e+02   4.06e-02
  2.2117e+02   3.85e-02
  2.2892e+02   3.65e-02
  2.3695e+02   3.46e-02
  2.4525e+02   3.27e-02
  2.5385e+02   3.09e-02
  2.6274e+02   2.92e-02
  2.7195e+02   2.76e-02
  2.8148e+02   2.61e-02
  2.9134e+02   2.46e-02
  3.0155e+02   2.32e-02
  3.1212e+02   2.18e-02
  3.2306e+02   2.05e-02
  3.3438e+02   1.93e-02
  3.4610e+02   1.81e-02
  3.5823e+02   1.70e-02
  3.7078e+02   1.59e-02
  3.8377e+02   1.49e-02
  3.9722e+02   1.40e-02
  4.1114e+02   1.31e-02
  4.2555e+02   1.22e-02
  4.4046e+02   1.14e-02
  4.5590e+02   1.07e-02
  4.7188e+02   9.95e-03
  4.8841e+02   9.28e-03
  5.0553e+02   8.64e-03
  5.2324e+02   8.04e-03
  5.4158e+02   7.48e-03
  5.6056e+02   6.95e-03
  5.8020e+02   6.45e-03
  6.0054e+02   5.98e-03
  6.2158e+02   5.55e-03
  6.4337e+02   5.14e-03
  6.6591e+02   4.76e-03
  6.8925e+02   4.41e-03
  7.1340e+02   4.08e-03
  7.3840e+02   3.77e-03
  7.6428e+02   3.48e-03
  7.9106e+02   3.22e-03
  8.1878e+02   2.97e-03
  8.4748e+02   2.74e-03
  8.7718e+02   2.53e-03
  9.0792e+02   2.33e-03
  9.3973e+02   2.15e-03
  9.7267e+02   1.98e-03
  1.0068e+03   1.82e-03
  1.0420e+03   1.68e-03
  1.0785e+03   1.55e-03
  1.1163e+03   1.43e-03
  1.1555e+03   1.31e-03
  1.1960e+03   1.21e-03
  1.2379e+03   1.11e-03
  1.2813e+03   1.02e-03
  1.3262e+03   9.40e-04
  1.3726e+03   8.65e-04
  1.4207e+03   7.95e-04
  1.4705e+03   7.30e-04
  1.5220e+03   6.71e-04
  1.5754e+03   6.17e-04
  1.6306e+03   5.66e-04
  1.6877e+03   5.19e-04
  1.7469e+03   4.77e-04
  1.8081e+03   4.38e-04
  1.8715e+03   4.01e-04
  1.9370e+03   3.68e-04
  2.0049e+03   3.37e-04
  2.0752e+03   3.09e-04
  2.1479e+03   2.83e-04
  2.2232e+03   2.59e-04
  2.3011e+03   2.37e-04
  2.3817e+03   2.16e-04
  2.4652e+03   1.97e-04
  2.5516e+03   1.80e-04
  2.6410e+03   1.64e-04
  2.7336e+03   1.49e-04
  2.8294e+03   1.36e-04
  2.9285e+03   1.23e-04
  3.0311e+03   1.12e-04
  3.1374e+03   1.01e-04
  3.2473e+03   9.17e-05
  3.3611e+03   8.26e-05
  3.4789e+03   7.48e-05
  3.6008e+03   6.74e-05
  3.7270e+03   6.05e-05
  3.8576e+03   5.44e-05
  3.9928e+03   4.89e-05
  4.1327e+03   4.37e-05
  4.2775e+03   3.90e-05
  4.4274e+03   3.48e-05
  4.5826e+03   3.10e-05
  4.7432e+03   2.74e-05
  4.9094e+03   2.44e-05
  5.0815e+03   2.15e-05
  5.2595e+03   1.89e-05
  5.4438e+03   1.66e-05
  5.6346e+03   1.46e-05
  5.8321e+03   1.27e-05
  6.0365e+03   1.10e-05
  6.2480e+03   9.59e-06
  6.4670e+03   8.28e-06
  6.6936e+03   7.08e-06
  6.9282e+03   6.10e-06
  7.1709e+03   5.21e-06
  7.4222e+03   4.41e-06
  7.6823e+03   3.73e-06
  7.9516e+03   3.15e-06
  8.2302e+03   2.63e-06
  8.5186e+03   2.18e-06
  8.8172e+03   1.81e-06
  9.1262e+03   1.49e-06
  9.4460e+03   1.20e-06
  9.7770e+03   9.82e-07
  1.0120e+04   7.91e-07
  1.0474e+04   6.26e-07
  1.0841e+04   4.95e-07
  1.1221e+04   3.88e-07
  1.1614e+04   2.99e-07
  1.2022e+04   2.27e-07
  1.2443e+04   1.72e-07
  1.2879e+04   1.28e-07
  1.3330e+04   9.26e-08
  1.3797e+04   6.74e-08
  1.4281e+04   4.80e-08
  1.4781e+04   3.30e-08
  1.5299e+04   2.25e-08
  1.5835e+04   1.51e-08
  1.6390e+04   9.74e-09
  1.6965e+04   6.06e-09
  1.7559e+04   3.75e-09
  1.8175e+04   2.21e-09
  1.8812e+04   1.23e-09
  1.9471e+04   6.73e-10
  2.0153e+04   3.48e-10
  2.0859e+04   1.67e-10
  2.1590e+04   7.52e-11
  2.2347e+04   3.18e-11
  2.3130e+04   1.21e-11
  2.3941e+04   4.09e-12
  2.4780e+04   1.27e-12
  2.5648e+04   3.34e-13
  2.6547e+04   7.24e-14
  2.7477e+04   1.35e-14
  2.8440e+04   1.98e-15
