#  E [MeV]   Flux [# cm^{-2} s^{-1}  MeV^{-1}]
  3.0000e+04   5.09e-20
  3.1123e+04   4.90e-20
  3.2288e+04   4.72e-20
  3.3497e+04   4.54e-20
  3.4751e+04   4.37e-20
  3.6051e+04   4.20e-20
  3.7401e+04   4.04e-20
  3.8801e+04   3.89e-20
  4.0253e+04   3.74e-20
  4.1760e+04   3.59e-20
  4.3324e+04   3.45e-20
  4.4945e+04   3.32e-20
  4.6628e+04   3.19e-20
  4.8373e+04   3.06e-20
  5.0184e+04   2.94e-20
  5.2063e+04   2.82e-20
  5.4011e+04   2.71e-20
  5.6033e+04   2.60e-20
  5.8131e+04   2.50e-20
  6.0307e+04   2.40e-20
  6.2564e+04   2.30e-20
  6.4906e+04   2.20e-20
  6.7336e+04   2.11e-20
  6.9857e+04   2.03e-20
  7.2472e+04   1.94e-20
  7.5184e+04   1.86e-20
  7.7999e+04   1.78e-20
  8.0919e+04   1.71e-20
  8.3948e+04   1.64e-20
  8.7090e+04   1.57e-20
  9.0350e+04   1.50e-20
  9.3732e+04   1.44e-20
  9.7241e+04   1.38e-20
  1.0088e+05   1.32e-20
  1.0466e+05   1.26e-20
  1.0858e+05   1.21e-20
  1.1264e+05   1.16e-20
  1.1686e+05   1.11e-20
  1.2123e+05   1.06e-20
  1.2577e+05   1.01e-20
  1.3048e+05   9.67e-21
  1.3536e+05   9.25e-21
  1.4043e+05   8.84e-21
  1.4568e+05   8.45e-21
  1.5114e+05   8.08e-21
  1.5680e+05   7.72e-21
  1.6266e+05   7.38e-21
  1.6875e+05   7.05e-21
  1.7507e+05   6.74e-21
  1.8162e+05   6.44e-21
  1.8842e+05   6.16e-21
  1.9548e+05   5.88e-21
  2.0279e+05   5.62e-21
  2.1039e+05   5.37e-21
  2.1826e+05   5.13e-21
  2.2643e+05   4.91e-21
  2.3491e+05   4.69e-21
  2.4370e+05   4.48e-21
  2.5282e+05   4.28e-21
  2.6229e+05   4.10e-21
  2.7211e+05   3.92e-21
  2.8229e+05   3.74e-21
  2.9286e+05   3.58e-21
  3.0382e+05   3.43e-21
  3.1519e+05   3.28e-21
  3.2699e+05   3.14e-21
  3.3923e+05   3.00e-21
  3.5193e+05   2.87e-21
  3.6511e+05   2.75e-21
  3.7877e+05   2.64e-21
  3.9295e+05   2.53e-21
  4.0766e+05   2.42e-21
  4.2292e+05   2.32e-21
  4.3875e+05   2.23e-21
  4.5518e+05   2.14e-21
  4.7222e+05   2.05e-21
  4.8989e+05   1.97e-21
  5.0823e+05   1.89e-21
  5.2726e+05   1.82e-21
  5.4699e+05   1.74e-21
  5.6747e+05   1.68e-21
  5.8871e+05   1.61e-21
  6.1075e+05   1.55e-21
  6.3361e+05   1.49e-21
  6.5733e+05   1.44e-21
  6.8194e+05   1.39e-21
  7.0746e+05   1.34e-21
  7.3395e+05   1.29e-21
  7.6142e+05   1.24e-21
  7.8992e+05   1.20e-21
  8.1949e+05   1.16e-21
  8.5017e+05   1.12e-21
  8.8199e+05   1.08e-21
  9.1501e+05   1.05e-21
  9.4926e+05   1.01e-21
  9.8479e+05   9.79e-22
  1.0217e+06   9.48e-22
  1.0599e+06   9.18e-22
  1.0996e+06   8.89e-22
  1.1407e+06   8.61e-22
  1.1834e+06   8.35e-22
  1.2277e+06   8.09e-22
  1.2737e+06   7.85e-22
  1.3214e+06   7.62e-22
  1.3708e+06   7.39e-22
  1.4222e+06   7.17e-22
  1.4754e+06   6.96e-22
  1.5306e+06   6.76e-22
  1.5879e+06   6.56e-22
  1.6474e+06   6.38e-22
  1.7090e+06   6.20e-22
  1.7730e+06   6.02e-22
  1.8394e+06   5.85e-22
  1.9082e+06   5.69e-22
  1.9797e+06   5.53e-22
  2.0538e+06   5.37e-22
  2.1306e+06   5.22e-22
  2.2104e+06   5.08e-22
  2.2931e+06   4.94e-22
  2.3790e+06   4.80e-22
  2.4680e+06   4.66e-22
  2.5604e+06   4.53e-22
  2.6563e+06   4.40e-22
  2.7557e+06   4.27e-22
  2.8589e+06   4.15e-22
  2.9659e+06   4.03e-22
  3.0769e+06   3.91e-22
  3.1921e+06   3.79e-22
  3.3116e+06   3.68e-22
  3.4355e+06   3.56e-22
  3.5641e+06   3.45e-22
  3.6976e+06   3.35e-22
  3.8360e+06   3.24e-22
  3.9796e+06   3.14e-22
  4.1285e+06   3.03e-22
  4.2831e+06   2.93e-22
  4.4434e+06   2.83e-22
  4.6097e+06   2.74e-22
  4.7823e+06   2.64e-22
  4.9613e+06   2.55e-22
  5.1470e+06   2.45e-22
  5.3397e+06   2.36e-22
  5.5396e+06   2.27e-22
  5.7470e+06   2.18e-22
  5.9621e+06   2.09e-22
  6.1853e+06   2.01e-22
  6.4168e+06   1.92e-22
  6.6570e+06   1.84e-22
  6.9062e+06   1.76e-22
  7.1647e+06   1.68e-22
  7.4329e+06   1.60e-22
  7.7112e+06   1.53e-22
  7.9998e+06   1.45e-22
  8.2993e+06   1.38e-22
  8.6100e+06   1.31e-22
  8.9323e+06   1.24e-22
  9.2666e+06   1.17e-22
  9.6135e+06   1.10e-22
  9.9734e+06   1.04e-22
  1.0347e+07   9.76e-23
  1.0734e+07   9.15e-23
  1.1136e+07   8.57e-23
  1.1553e+07   7.99e-23
  1.1985e+07   7.43e-23
  1.2434e+07   6.91e-23
  1.2899e+07   6.39e-23
  1.3382e+07   5.89e-23
  1.3883e+07   5.43e-23
  1.4403e+07   4.97e-23
  1.4942e+07   4.54e-23
  1.5501e+07   4.13e-23
  1.6081e+07   3.74e-23
  1.6683e+07   3.38e-23
  1.7308e+07   3.03e-23
  1.7956e+07   2.70e-23
  1.8628e+07   2.39e-23
  1.9325e+07   2.10e-23
  2.0049e+07   1.83e-23
  2.0799e+07   1.59e-23
  2.1578e+07   1.36e-23
  2.2386e+07   1.15e-23
  2.3224e+07   9.69e-24
  2.4093e+07   8.03e-24
  2.4995e+07   6.54e-24
  2.5930e+07   5.28e-24
  2.6901e+07   4.17e-24
  2.7908e+07   3.22e-24
  2.8953e+07   2.43e-24
  3.0037e+07   1.78e-24
  3.1161e+07   1.26e-24
  3.2327e+07   8.58e-25
  3.3537e+07   5.60e-25
  3.4793e+07   3.42e-25
  3.6095e+07   1.98e-25
  3.7446e+07   1.06e-25
  3.8848e+07   5.11e-26
  4.0302e+07   2.20e-26
  4.1811e+07   8.23e-27
  4.3376e+07   2.52e-27
  4.5000e+07   6.13e-28
