#  E [MeV]   Flux [# cm^{-2} s^{-1}  MeV^{-1}]
  3.0000e+04   7.24e-22
  3.1123e+04   6.97e-22
  3.2288e+04   6.71e-22
  3.3497e+04   6.45e-22
  3.4751e+04   6.20e-22
  3.6051e+04   5.96e-22
  3.7401e+04   5.73e-22
  3.8801e+04   5.51e-22
  4.0253e+04   5.30e-22
  4.1760e+04   5.09e-22
  4.3324e+04   4.89e-22
  4.4945e+04   4.69e-22
  4.6628e+04   4.51e-22
  4.8373e+04   4.33e-22
  5.0184e+04   4.15e-22
  5.2063e+04   3.98e-22
  5.4011e+04   3.82e-22
  5.6033e+04   3.67e-22
  5.8131e+04   3.52e-22
  6.0307e+04   3.37e-22
  6.2564e+04   3.23e-22
  6.4906e+04   3.10e-22
  6.7336e+04   2.97e-22
  6.9857e+04   2.84e-22
  7.2472e+04   2.72e-22
  7.5184e+04   2.61e-22
  7.7999e+04   2.50e-22
  8.0919e+04   2.39e-22
  8.3948e+04   2.29e-22
  8.7090e+04   2.19e-22
  9.0350e+04   2.09e-22
  9.3732e+04   2.00e-22
  9.7241e+04   1.91e-22
  1.0088e+05   1.83e-22
  1.0466e+05   1.75e-22
  1.0858e+05   1.67e-22
  1.1264e+05   1.59e-22
  1.1686e+05   1.52e-22
  1.2123e+05   1.45e-22
  1.2577e+05   1.39e-22
  1.3048e+05   1.32e-22
  1.3536e+05   1.26e-22
  1.4043e+05   1.20e-22
  1.4568e+05   1.15e-22
  1.5114e+05   1.09e-22
  1.5680e+05   1.04e-22
  1.6266e+05   9.92e-23
  1.6875e+05   9.45e-23
  1.7507e+05   9.00e-23
  1.8162e+05   8.56e-23
  1.8842e+05   8.15e-23
  1.9548e+05   7.75e-23
  2.0279e+05   7.37e-23
  2.1039e+05   7.00e-23
  2.1826e+05   6.65e-23
  2.2643e+05   6.32e-23
  2.3491e+05   6.00e-23
  2.4370e+05   5.70e-23
  2.5282e+05   5.40e-23
  2.6229e+05   5.13e-23
  2.7211e+05   4.86e-23
  2.8229e+05   4.61e-23
  2.9286e+05   4.36e-23
  3.0382e+05   4.13e-23
  3.1519e+05   3.91e-23
  3.2699e+05   3.70e-23
  3.3923e+05   3.50e-23
  3.5193e+05   3.31e-23
  3.6511e+05   3.13e-23
  3.7877e+05   2.96e-23
  3.9295e+05   2.80e-23
  4.0766e+05   2.64e-23
  4.2292e+05   2.49e-23
  4.3875e+05   2.35e-23
  4.5518e+05   2.22e-23
  4.7222e+05   2.09e-23
  4.8989e+05   1.97e-23
  5.0823e+05   1.86e-23
  5.2726e+05   1.75e-23
  5.4699e+05   1.65e-23
  5.6747e+05   1.56e-23
  5.8871e+05   1.47e-23
  6.1075e+05   1.38e-23
  6.3361e+05   1.30e-23
  6.5733e+05   1.23e-23
  6.8194e+05   1.16e-23
  7.0746e+05   1.09e-23
  7.3395e+05   1.03e-23
  7.6142e+05   9.72e-24
  7.8992e+05   9.18e-24
  8.1949e+05   8.67e-24
  8.5017e+05   8.20e-24
  8.8199e+05   7.75e-24
  9.1501e+05   7.34e-24
  9.4926e+05   6.95e-24
  9.8479e+05   6.59e-24
  1.0217e+06   6.24e-24
  1.0599e+06   5.93e-24
  1.0996e+06   5.63e-24
  1.1407e+06   5.35e-24
  1.1834e+06   5.09e-24
  1.2277e+06   4.85e-24
  1.2737e+06   4.62e-24
  1.3214e+06   4.40e-24
  1.3708e+06   4.20e-24
  1.4222e+06   4.02e-24
  1.4754e+06   3.84e-24
  1.5306e+06   3.67e-24
  1.5879e+06   3.52e-24
  1.6474e+06   3.37e-24
  1.7090e+06   3.23e-24
  1.7730e+06   3.10e-24
  1.8394e+06   2.97e-24
  1.9082e+06   2.85e-24
  1.9797e+06   2.74e-24
  2.0538e+06   2.63e-24
  2.1306e+06   2.53e-24
  2.2104e+06   2.43e-24
  2.2931e+06   2.33e-24
  2.3790e+06   2.24e-24
  2.4680e+06   2.15e-24
  2.5604e+06   2.07e-24
  2.6563e+06   1.99e-24
  2.7557e+06   1.90e-24
  2.8589e+06   1.83e-24
  2.9659e+06   1.75e-24
  3.0769e+06   1.67e-24
  3.1921e+06   1.60e-24
  3.3116e+06   1.53e-24
  3.4355e+06   1.46e-24
  3.5641e+06   1.39e-24
  3.6976e+06   1.32e-24
  3.8360e+06   1.26e-24
  3.9796e+06   1.19e-24
  4.1285e+06   1.13e-24
  4.2831e+06   1.07e-24
  4.4434e+06   1.01e-24
  4.6097e+06   9.46e-25
  4.7823e+06   8.87e-25
  4.9613e+06   8.30e-25
  5.1470e+06   7.74e-25
  5.3397e+06   7.19e-25
  5.5396e+06   6.66e-25
  5.7470e+06   6.15e-25
  5.9621e+06   5.65e-25
  6.1853e+06   5.17e-25
  6.4168e+06   4.71e-25
  6.6570e+06   4.27e-25
  6.9062e+06   3.85e-25
  7.1647e+06   3.45e-25
  7.4329e+06   3.08e-25
  7.7112e+06   2.72e-25
  7.9998e+06   2.40e-25
  8.2993e+06   2.09e-25
  8.6100e+06   1.81e-25
  8.9323e+06   1.55e-25
  9.2666e+06   1.31e-25
  9.6135e+06   1.10e-25
  9.9734e+06   9.12e-26
  1.0347e+07   7.47e-26
  1.0734e+07   6.03e-26
  1.1136e+07   4.79e-26
  1.1553e+07   3.75e-26
  1.1985e+07   2.87e-26
  1.2434e+07   2.16e-26
  1.2899e+07   1.59e-26
  1.3382e+07   1.14e-26
  1.3883e+07   7.96e-27
  1.4403e+07   5.39e-27
  1.4942e+07   3.53e-27
  1.5501e+07   2.23e-27
  1.6081e+07   1.35e-27
  1.6683e+07   7.77e-28
  1.7308e+07   4.24e-28
  1.7956e+07   2.18e-28
  1.8628e+07   1.05e-28
  1.9325e+07   4.69e-29
  2.0049e+07   1.92e-29
  2.0799e+07   7.10e-30
  2.1578e+07   2.36e-30
  2.2386e+07   6.86e-31
  2.3224e+07   1.72e-31
  2.4093e+07   3.66e-32
  2.4995e+07   6.38e-33
  2.5930e+07   8.81e-34
  2.6901e+07   9.36e-35
  2.7908e+07   7.24e-36
  2.8953e+07   3.85e-37
  3.0037e+07   1.34e-38
  3.1161e+07   2.76e-40
  3.2327e+07   3.04e-42
  3.3537e+07   1.62e-44
  3.4793e+07   3.54e-47
  3.6095e+07   2.60e-50
  3.7446e+07   5.15e-54
  3.8848e+07   2.05e-58
  4.0302e+07   1.10e-63
  4.1811e+07   3.06e-66
  4.3376e+07   2.81e-66
  4.5000e+07   2.58e-66
