#  E [GeV]   # per interaction  [GeV^{-1}]
  3.0000e+01   2.74e-02
  3.1123e+01   2.64e-02
  3.2288e+01   2.54e-02
  3.3497e+01   2.44e-02
  3.4751e+01   2.35e-02
  3.6051e+01   2.26e-02
  3.7401e+01   2.17e-02
  3.8801e+01   2.09e-02
  4.0253e+01   2.01e-02
  4.1760e+01   1.93e-02
  4.3324e+01   1.86e-02
  4.4945e+01   1.78e-02
  4.6628e+01   1.71e-02
  4.8373e+01   1.65e-02
  5.0184e+01   1.58e-02
  5.2063e+01   1.52e-02
  5.4011e+01   1.46e-02
  5.6033e+01   1.40e-02
  5.8131e+01   1.34e-02
  6.0307e+01   1.29e-02
  6.2564e+01   1.23e-02
  6.4906e+01   1.18e-02
  6.7336e+01   1.14e-02
  6.9857e+01   1.09e-02
  7.2472e+01   1.04e-02
  7.5184e+01   1.00e-02
  7.7999e+01   9.58e-03
  8.0919e+01   9.18e-03
  8.3948e+01   8.80e-03
  8.7090e+01   8.42e-03
  9.0350e+01   8.07e-03
  9.3732e+01   7.72e-03
  9.7241e+01   7.39e-03
  1.0088e+02   7.08e-03
  1.0466e+02   6.77e-03
  1.0858e+02   6.48e-03
  1.1264e+02   6.20e-03
  1.1686e+02   5.93e-03
  1.2123e+02   5.67e-03
  1.2577e+02   5.42e-03
  1.3048e+02   5.18e-03
  1.3536e+02   4.96e-03
  1.4043e+02   4.74e-03
  1.4568e+02   4.53e-03
  1.5114e+02   4.33e-03
  1.5680e+02   4.14e-03
  1.6266e+02   3.95e-03
  1.6875e+02   3.78e-03
  1.7507e+02   3.61e-03
  1.8162e+02   3.45e-03
  1.8842e+02   3.29e-03
  1.9548e+02   3.15e-03
  2.0279e+02   3.01e-03
  2.1039e+02   2.87e-03
  2.1826e+02   2.74e-03
  2.2643e+02   2.62e-03
  2.3491e+02   2.50e-03
  2.4370e+02   2.39e-03
  2.5282e+02   2.29e-03
  2.6229e+02   2.18e-03
  2.7211e+02   2.09e-03
  2.8229e+02   1.99e-03
  2.9286e+02   1.91e-03
  3.0382e+02   1.82e-03
  3.1519e+02   1.74e-03
  3.2699e+02   1.67e-03
  3.3923e+02   1.59e-03
  3.5193e+02   1.53e-03
  3.6511e+02   1.46e-03
  3.7877e+02   1.40e-03
  3.9295e+02   1.34e-03
  4.0766e+02   1.28e-03
  4.2292e+02   1.23e-03
  4.3875e+02   1.17e-03
  4.5518e+02   1.13e-03
  4.7222e+02   1.08e-03
  4.8989e+02   1.03e-03
  5.0823e+02   9.92e-04
  5.2726e+02   9.52e-04
  5.4699e+02   9.13e-04
  5.6747e+02   8.77e-04
  5.8871e+02   8.43e-04
  6.1075e+02   8.10e-04
  6.3361e+02   7.79e-04
  6.5733e+02   7.49e-04
  6.8194e+02   7.21e-04
  7.0746e+02   6.94e-04
  7.3395e+02   6.68e-04
  7.6142e+02   6.44e-04
  7.8992e+02   6.20e-04
  8.1949e+02   5.98e-04
  8.5017e+02   5.77e-04
  8.8199e+02   5.57e-04
  9.1501e+02   5.38e-04
  9.4926e+02   5.19e-04
  9.8479e+02   5.02e-04
  1.0217e+03   4.85e-04
  1.0599e+03   4.69e-04
  1.0996e+03   4.53e-04
  1.1407e+03   4.39e-04
  1.1834e+03   4.25e-04
  1.2277e+03   4.11e-04
  1.2737e+03   3.98e-04
  1.3214e+03   3.86e-04
  1.3708e+03   3.74e-04
  1.4222e+03   3.63e-04
  1.4754e+03   3.52e-04
  1.5306e+03   3.41e-04
  1.5879e+03   3.31e-04
  1.6474e+03   3.21e-04
  1.7090e+03   3.12e-04
  1.7730e+03   3.03e-04
  1.8394e+03   2.94e-04
  1.9082e+03   2.85e-04
  1.9797e+03   2.77e-04
  2.0538e+03   2.69e-04
  2.1306e+03   2.61e-04
  2.2104e+03   2.54e-04
  2.2931e+03   2.47e-04
  2.3790e+03   2.39e-04
  2.4680e+03   2.33e-04
  2.5604e+03   2.26e-04
  2.6563e+03   2.19e-04
  2.7557e+03   2.13e-04
  2.8589e+03   2.06e-04
  2.9659e+03   2.00e-04
  3.0769e+03   1.94e-04
  3.1921e+03   1.88e-04
  3.3116e+03   1.82e-04
  3.4355e+03   1.76e-04
  3.5641e+03   1.71e-04
  3.6976e+03   1.65e-04
  3.8360e+03   1.60e-04
  3.9796e+03   1.54e-04
  4.1285e+03   1.49e-04
  4.2831e+03   1.44e-04
  4.4434e+03   1.39e-04
  4.6097e+03   1.34e-04
  4.7823e+03   1.29e-04
  4.9613e+03   1.24e-04
  5.1470e+03   1.19e-04
  5.3397e+03   1.15e-04
  5.5396e+03   1.10e-04
  5.7470e+03   1.05e-04
  5.9621e+03   1.01e-04
  6.1853e+03   9.67e-05
  6.4168e+03   9.23e-05
  6.6570e+03   8.80e-05
  6.9062e+03   8.39e-05
  7.1647e+03   7.98e-05
  7.4329e+03   7.58e-05
  7.7112e+03   7.19e-05
  7.9998e+03   6.81e-05
  8.2993e+03   6.43e-05
  8.6100e+03   6.07e-05
  8.9323e+03   5.72e-05
  9.2666e+03   5.37e-05
  9.6135e+03   5.03e-05
  9.9734e+03   4.70e-05
  1.0347e+04   4.38e-05
  1.0734e+04   4.07e-05
  1.1136e+04   3.78e-05
  1.1553e+04   3.48e-05
  1.1985e+04   3.21e-05
  1.2434e+04   2.95e-05
  1.2899e+04   2.69e-05
  1.3382e+04   2.45e-05
  1.3883e+04   2.22e-05
  1.4403e+04   2.00e-05
  1.4942e+04   1.79e-05
  1.5501e+04   1.60e-05
  1.6081e+04   1.41e-05
  1.6683e+04   1.24e-05
  1.7308e+04   1.08e-05
  1.7956e+04   9.37e-06
  1.8628e+04   8.02e-06
  1.9325e+04   6.78e-06
  2.0049e+04   5.67e-06
  2.0799e+04   4.68e-06
  2.1578e+04   3.80e-06
  2.2386e+04   3.03e-06
  2.3224e+04   2.38e-06
  2.4093e+04   1.82e-06
  2.4995e+04   1.36e-06
  2.5930e+04   9.92e-07
  2.6901e+04   6.98e-07
  2.7908e+04   4.71e-07
  2.8953e+04   3.06e-07
  3.0037e+04   1.87e-07
  3.1161e+04   1.07e-07
  3.2327e+04   5.75e-08
  3.3537e+04   2.81e-08
  3.4793e+04   1.22e-08
  3.6095e+04   4.77e-09
  3.7446e+04   1.58e-09
  3.8848e+04   4.26e-10
  4.0302e+04   9.19e-11
  4.1811e+04   1.47e-11
  4.3376e+04   1.59e-12
  4.5000e+04   1.08e-13
