#  E [GeV]   # per interaction  [GeV^{-1}]
  3.0000e+01   6.66e-01
  3.1232e+01   6.37e-01
  3.2514e+01   6.10e-01
  3.3849e+01   5.83e-01
  3.5238e+01   5.58e-01
  3.6685e+01   5.33e-01
  3.8191e+01   5.10e-01
  3.9759e+01   4.87e-01
  4.1391e+01   4.66e-01
  4.3090e+01   4.46e-01
  4.4859e+01   4.26e-01
  4.6701e+01   4.07e-01
  4.8618e+01   3.89e-01
  5.0614e+01   3.72e-01
  5.2692e+01   3.55e-01
  5.4855e+01   3.40e-01
  5.7107e+01   3.25e-01
  5.9451e+01   3.10e-01
  6.1892e+01   2.96e-01
  6.4433e+01   2.83e-01
  6.7078e+01   2.70e-01
  6.9832e+01   2.58e-01
  7.2699e+01   2.47e-01
  7.5683e+01   2.36e-01
  7.8790e+01   2.25e-01
  8.2025e+01   2.15e-01
  8.5392e+01   2.05e-01
  8.8898e+01   1.96e-01
  9.2547e+01   1.87e-01
  9.6347e+01   1.78e-01
  1.0030e+02   1.70e-01
  1.0442e+02   1.62e-01
  1.0871e+02   1.55e-01
  1.1317e+02   1.48e-01
  1.1782e+02   1.41e-01
  1.2265e+02   1.35e-01
  1.2769e+02   1.28e-01
  1.3293e+02   1.22e-01
  1.3839e+02   1.17e-01
  1.4407e+02   1.11e-01
  1.4998e+02   1.06e-01
  1.5614e+02   1.01e-01
  1.6255e+02   9.62e-02
  1.6922e+02   9.17e-02
  1.7617e+02   8.73e-02
  1.8340e+02   8.31e-02
  1.9093e+02   7.91e-02
  1.9877e+02   7.53e-02
  2.0693e+02   7.17e-02
  2.1543e+02   6.82e-02
  2.2427e+02   6.48e-02
  2.3348e+02   6.17e-02
  2.4306e+02   5.86e-02
  2.5304e+02   5.57e-02
  2.6343e+02   5.29e-02
  2.7424e+02   5.03e-02
  2.8550e+02   4.77e-02
  2.9722e+02   4.53e-02
  3.0942e+02   4.30e-02
  3.2213e+02   4.07e-02
  3.3535e+02   3.86e-02
  3.4912e+02   3.66e-02
  3.6345e+02   3.47e-02
  3.7837e+02   3.28e-02
  3.9390e+02   3.11e-02
  4.1008e+02   2.94e-02
  4.2691e+02   2.78e-02
  4.4444e+02   2.63e-02
  4.6268e+02   2.49e-02
  4.8168e+02   2.35e-02
  5.0145e+02   2.22e-02
  5.2204e+02   2.09e-02
  5.4347e+02   1.97e-02
  5.6578e+02   1.86e-02
  5.8901e+02   1.75e-02
  6.1319e+02   1.65e-02
  6.3836e+02   1.56e-02
  6.6457e+02   1.46e-02
  6.9185e+02   1.38e-02
  7.2025e+02   1.30e-02
  7.4982e+02   1.22e-02
  7.8061e+02   1.14e-02
  8.1265e+02   1.07e-02
  8.4601e+02   1.01e-02
  8.8075e+02   9.46e-03
  9.1690e+02   8.87e-03
  9.5455e+02   8.32e-03
  9.9373e+02   7.79e-03
  1.0345e+03   7.30e-03
  1.0770e+03   6.83e-03
  1.1212e+03   6.40e-03
  1.1672e+03   5.98e-03
  1.2152e+03   5.59e-03
  1.2650e+03   5.23e-03
  1.3170e+03   4.88e-03
  1.3711e+03   4.56e-03
  1.4273e+03   4.26e-03
  1.4859e+03   3.97e-03
  1.5469e+03   3.70e-03
  1.6104e+03   3.45e-03
  1.6766e+03   3.22e-03
  1.7454e+03   3.00e-03
  1.8170e+03   2.79e-03
  1.8916e+03   2.60e-03
  1.9693e+03   2.41e-03
  2.0501e+03   2.24e-03
  2.1343e+03   2.09e-03
  2.2219e+03   1.94e-03
  2.3131e+03   1.80e-03
  2.4081e+03   1.67e-03
  2.5070e+03   1.54e-03
  2.6099e+03   1.43e-03
  2.7170e+03   1.32e-03
  2.8286e+03   1.22e-03
  2.9447e+03   1.13e-03
  3.0656e+03   1.05e-03
  3.1914e+03   9.65e-04
  3.3225e+03   8.91e-04
  3.4589e+03   8.21e-04
  3.6008e+03   7.57e-04
  3.7487e+03   6.97e-04
  3.9026e+03   6.40e-04
  4.0628e+03   5.89e-04
  4.2296e+03   5.41e-04
  4.4032e+03   4.96e-04
  4.5840e+03   4.55e-04
  4.7722e+03   4.16e-04
  4.9681e+03   3.80e-04
  5.1720e+03   3.48e-04
  5.3844e+03   3.17e-04
  5.6054e+03   2.89e-04
  5.8355e+03   2.64e-04
  6.0751e+03   2.40e-04
  6.3245e+03   2.18e-04
  6.5841e+03   1.98e-04
  6.8544e+03   1.79e-04
  7.1358e+03   1.62e-04
  7.4288e+03   1.47e-04
  7.7338e+03   1.32e-04
  8.0513e+03   1.19e-04
  8.3818e+03   1.07e-04
  8.7259e+03   9.63e-05
  9.0841e+03   8.64e-05
  9.4571e+03   7.73e-05
  9.8453e+03   6.88e-05
  1.0249e+04   6.14e-05
  1.0670e+04   5.46e-05
  1.1108e+04   4.82e-05
  1.1564e+04   4.28e-05
  1.2039e+04   3.77e-05
  1.2533e+04   3.30e-05
  1.3048e+04   2.90e-05
  1.3584e+04   2.53e-05
  1.4141e+04   2.20e-05
  1.4722e+04   1.91e-05
  1.5326e+04   1.64e-05
  1.5955e+04   1.41e-05
  1.6610e+04   1.21e-05
  1.7292e+04   1.02e-05
  1.8002e+04   8.58e-06
  1.8741e+04   7.18e-06
  1.9511e+04   5.92e-06
  2.0312e+04   4.85e-06
  2.1145e+04   3.94e-06
  2.2013e+04   3.13e-06
  2.2917e+04   2.47e-06
  2.3858e+04   1.92e-06
  2.4837e+04   1.45e-06
  2.5857e+04   1.08e-06
  2.6919e+04   7.77e-07
  2.8024e+04   5.38e-07
  2.9174e+04   3.64e-07
  3.0372e+04   2.33e-07
  3.1619e+04   1.40e-07
  3.2917e+04   7.97e-08
  3.4268e+04   4.13e-08
  3.5675e+04   1.92e-08
  3.7140e+04   7.91e-09
  3.8664e+04   2.73e-09
  4.0252e+04   7.69e-10
  4.1904e+04   1.68e-10
  4.3624e+04   2.55e-11
  4.5415e+04   2.51e-12
  4.7280e+04   1.39e-13
  4.9221e+04   3.46e-15
  5.1241e+04   3.11e-17
  5.3345e+04   6.84e-20
  5.5535e+04   2.14e-23
  5.7815e+04   4.74e-28
  6.0188e+04   2.43e-34
  6.2659e+04   5.79e-43
  6.5232e+04   1.00e-47
  6.7910e+04   8.26e-48
  7.0698e+04   6.65e-48
  7.3600e+04   5.52e-48
  7.6621e+04   4.48e-48
  7.9767e+04   3.55e-48
  8.3042e+04   2.83e-48
  8.6451e+04   2.16e-48
  9.0000e+04   1.59e-48
