#  E [GeV]   # per interaction  [GeV^{-1}]
  3.0000e+01   1.14e+00
  3.1141e+01   1.09e+00
  3.2326e+01   1.04e+00
  3.3556e+01   9.97e-01
  3.4832e+01   9.53e-01
  3.6157e+01   9.10e-01
  3.7533e+01   8.70e-01
  3.8961e+01   8.31e-01
  4.0443e+01   7.93e-01
  4.1982e+01   7.57e-01
  4.3579e+01   7.23e-01
  4.5237e+01   6.90e-01
  4.6958e+01   6.59e-01
  4.8744e+01   6.28e-01
  5.0598e+01   5.99e-01
  5.2523e+01   5.72e-01
  5.4521e+01   5.45e-01
  5.6596e+01   5.20e-01
  5.8749e+01   4.96e-01
  6.0984e+01   4.72e-01
  6.3304e+01   4.50e-01
  6.5712e+01   4.29e-01
  6.8212e+01   4.09e-01
  7.0807e+01   3.89e-01
  7.3500e+01   3.71e-01
  7.6297e+01   3.53e-01
  7.9199e+01   3.36e-01
  8.2212e+01   3.20e-01
  8.5340e+01   3.04e-01
  8.8586e+01   2.89e-01
  9.1956e+01   2.75e-01
  9.5455e+01   2.61e-01
  9.9086e+01   2.49e-01
  1.0286e+02   2.36e-01
  1.0677e+02   2.24e-01
  1.1083e+02   2.13e-01
  1.1505e+02   2.02e-01
  1.1942e+02   1.92e-01
  1.2397e+02   1.82e-01
  1.2868e+02   1.73e-01
  1.3358e+02   1.64e-01
  1.3866e+02   1.56e-01
  1.4394e+02   1.48e-01
  1.4941e+02   1.40e-01
  1.5509e+02   1.32e-01
  1.6100e+02   1.25e-01
  1.6712e+02   1.19e-01
  1.7348e+02   1.12e-01
  1.8008e+02   1.06e-01
  1.8693e+02   1.00e-01
  1.9404e+02   9.48e-02
  2.0142e+02   8.96e-02
  2.0908e+02   8.45e-02
  2.1704e+02   7.98e-02
  2.2529e+02   7.52e-02
  2.3387e+02   7.09e-02
  2.4276e+02   6.68e-02
  2.5200e+02   6.28e-02
  2.6158e+02   5.91e-02
  2.7154e+02   5.56e-02
  2.8187e+02   5.22e-02
  2.9259e+02   4.90e-02
  3.0372e+02   4.60e-02
  3.1527e+02   4.31e-02
  3.2727e+02   4.03e-02
  3.3972e+02   3.77e-02
  3.5264e+02   3.53e-02
  3.6606e+02   3.29e-02
  3.7998e+02   3.07e-02
  3.9444e+02   2.87e-02
  4.0945e+02   2.67e-02
  4.2502e+02   2.49e-02
  4.4119e+02   2.31e-02
  4.5798e+02   2.15e-02
  4.7540e+02   2.00e-02
  4.9348e+02   1.85e-02
  5.1226e+02   1.72e-02
  5.3175e+02   1.59e-02
  5.5198e+02   1.47e-02
  5.7297e+02   1.36e-02
  5.9477e+02   1.26e-02
  6.1740e+02   1.16e-02
  6.4089e+02   1.07e-02
  6.6527e+02   9.90e-03
  6.9058e+02   9.13e-03
  7.1685e+02   8.41e-03
  7.4412e+02   7.74e-03
  7.7243e+02   7.13e-03
  8.0181e+02   6.56e-03
  8.3232e+02   6.03e-03
  8.6398e+02   5.54e-03
  8.9685e+02   5.10e-03
  9.3097e+02   4.68e-03
  9.6638e+02   4.30e-03
  1.0031e+03   3.95e-03
  1.0413e+03   3.62e-03
  1.0809e+03   3.32e-03
  1.1220e+03   3.05e-03
  1.1647e+03   2.79e-03
  1.2090e+03   2.56e-03
  1.2550e+03   2.34e-03
  1.3028e+03   2.15e-03
  1.3523e+03   1.96e-03
  1.4038e+03   1.80e-03
  1.4572e+03   1.64e-03
  1.5126e+03   1.50e-03
  1.5702e+03   1.37e-03
  1.6299e+03   1.26e-03
  1.6919e+03   1.15e-03
  1.7563e+03   1.05e-03
  1.8231e+03   9.55e-04
  1.8925e+03   8.70e-04
  1.9645e+03   7.93e-04
  2.0392e+03   7.23e-04
  2.1168e+03   6.57e-04
  2.1973e+03   5.98e-04
  2.2809e+03   5.43e-04
  2.3677e+03   4.93e-04
  2.4577e+03   4.47e-04
  2.5512e+03   4.05e-04
  2.6483e+03   3.66e-04
  2.7490e+03   3.31e-04
  2.8536e+03   2.99e-04
  2.9622e+03   2.69e-04
  3.0749e+03   2.42e-04
  3.1918e+03   2.18e-04
  3.3133e+03   1.95e-04
  3.4393e+03   1.75e-04
  3.5702e+03   1.57e-04
  3.7060e+03   1.40e-04
  3.8470e+03   1.24e-04
  3.9933e+03   1.11e-04
  4.1452e+03   9.83e-05
  4.3029e+03   8.70e-05
  4.4666e+03   7.72e-05
  4.6366e+03   6.80e-05
  4.8129e+03   5.97e-05
  4.9960e+03   5.26e-05
  5.1861e+03   4.60e-05
  5.3834e+03   4.00e-05
  5.5882e+03   3.49e-05
  5.8008e+03   3.03e-05
  6.0215e+03   2.61e-05
  6.2506e+03   2.26e-05
  6.4883e+03   1.94e-05
  6.7352e+03   1.65e-05
  6.9914e+03   1.42e-05
  7.2574e+03   1.20e-05
  7.5335e+03   1.01e-05
  7.8201e+03   8.57e-06
  8.1176e+03   7.20e-06
  8.4264e+03   5.97e-06
  8.7470e+03   4.97e-06
  9.0797e+03   4.11e-06
  9.4251e+03   3.35e-06
  9.7837e+03   2.74e-06
  1.0156e+04   2.22e-06
  1.0542e+04   1.77e-06
  1.0943e+04   1.41e-06
  1.1360e+04   1.12e-06
  1.1792e+04   8.66e-07
  1.2240e+04   6.70e-07
  1.2706e+04   5.14e-07
  1.3189e+04   3.86e-07
  1.3691e+04   2.87e-07
  1.4212e+04   2.12e-07
  1.4753e+04   1.52e-07
  1.5314e+04   1.07e-07
  1.5897e+04   7.46e-08
  1.6501e+04   5.02e-08
  1.7129e+04   3.29e-08
  1.7781e+04   2.11e-08
  1.8457e+04   1.30e-08
  1.9159e+04   7.64e-09
  1.9888e+04   4.36e-09
  2.0645e+04   2.34e-09
  2.1430e+04   1.18e-09
  2.2245e+04   5.60e-10
  2.3092e+04   2.44e-10
  2.3970e+04   9.56e-11
  2.4882e+04   3.40e-11
  2.5829e+04   1.05e-11
  2.6811e+04   2.76e-12
  2.7831e+04   6.08e-13
  2.8890e+04   1.06e-13
  2.9989e+04   1.42e-14
  3.1130e+04   1.38e-15
  3.2314e+04   9.04e-17
  3.3544e+04   3.67e-18
  3.4820e+04   8.37e-20
  3.6144e+04   9.31e-22
  3.7519e+04   4.25e-24
  3.8947e+04   6.37e-27
  4.0428e+04   2.37e-30
  4.1966e+04   1.52e-34
  4.3563e+04   1.02e-39
  4.5220e+04   3.84e-46
  4.6941e+04   1.35e-47
  4.8726e+04   1.22e-47
  5.0580e+04   1.12e-47
