#  E [GeV]   # per interaction  [GeV^{-1}]
  3.0000e+01   6.35e-01
  3.1141e+01   6.10e-01
  3.2326e+01   5.86e-01
  3.3556e+01   5.63e-01
  3.4832e+01   5.41e-01
  3.6157e+01   5.20e-01
  3.7533e+01   5.00e-01
  3.8961e+01   4.80e-01
  4.0443e+01   4.61e-01
  4.1982e+01   4.43e-01
  4.3579e+01   4.25e-01
  4.5237e+01   4.08e-01
  4.6958e+01   3.92e-01
  4.8744e+01   3.76e-01
  5.0598e+01   3.61e-01
  5.2523e+01   3.47e-01
  5.4521e+01   3.33e-01
  5.6596e+01   3.19e-01
  5.8749e+01   3.06e-01
  6.0984e+01   2.94e-01
  6.3304e+01   2.82e-01
  6.5712e+01   2.70e-01
  6.8212e+01   2.59e-01
  7.0807e+01   2.48e-01
  7.3500e+01   2.38e-01
  7.6297e+01   2.28e-01
  7.9199e+01   2.19e-01
  8.2212e+01   2.09e-01
  8.5340e+01   2.00e-01
  8.8586e+01   1.92e-01
  9.1956e+01   1.84e-01
  9.5455e+01   1.76e-01
  9.9086e+01   1.68e-01
  1.0286e+02   1.61e-01
  1.0677e+02   1.54e-01
  1.1083e+02   1.47e-01
  1.1505e+02   1.41e-01
  1.1942e+02   1.34e-01
  1.2397e+02   1.28e-01
  1.2868e+02   1.22e-01
  1.3358e+02   1.17e-01
  1.3866e+02   1.11e-01
  1.4394e+02   1.06e-01
  1.4941e+02   1.01e-01
  1.5509e+02   9.64e-02
  1.6100e+02   9.18e-02
  1.6712e+02   8.73e-02
  1.7348e+02   8.30e-02
  1.8008e+02   7.89e-02
  1.8693e+02   7.49e-02
  1.9404e+02   7.11e-02
  2.0142e+02   6.75e-02
  2.0908e+02   6.40e-02
  2.1704e+02   6.06e-02
  2.2529e+02   5.73e-02
  2.3387e+02   5.42e-02
  2.4276e+02   5.12e-02
  2.5200e+02   4.84e-02
  2.6158e+02   4.56e-02
  2.7154e+02   4.30e-02
  2.8187e+02   4.05e-02
  2.9259e+02   3.81e-02
  3.0372e+02   3.58e-02
  3.1527e+02   3.36e-02
  3.2727e+02   3.15e-02
  3.3972e+02   2.95e-02
  3.5264e+02   2.76e-02
  3.6606e+02   2.58e-02
  3.7998e+02   2.41e-02
  3.9444e+02   2.24e-02
  4.0945e+02   2.09e-02
  4.2502e+02   1.94e-02
  4.4119e+02   1.81e-02
  4.5798e+02   1.68e-02
  4.7540e+02   1.55e-02
  4.9348e+02   1.44e-02
  5.1226e+02   1.33e-02
  5.3175e+02   1.23e-02
  5.5198e+02   1.14e-02
  5.7297e+02   1.05e-02
  5.9477e+02   9.65e-03
  6.1740e+02   8.88e-03
  6.4089e+02   8.17e-03
  6.6527e+02   7.51e-03
  6.9058e+02   6.90e-03
  7.1685e+02   6.33e-03
  7.4412e+02   5.80e-03
  7.7243e+02   5.32e-03
  8.0181e+02   4.88e-03
  8.3232e+02   4.47e-03
  8.6398e+02   4.09e-03
  8.9685e+02   3.75e-03
  9.3097e+02   3.43e-03
  9.6638e+02   3.14e-03
  1.0031e+03   2.87e-03
  1.0413e+03   2.62e-03
  1.0809e+03   2.40e-03
  1.1220e+03   2.20e-03
  1.1647e+03   2.01e-03
  1.2090e+03   1.83e-03
  1.2550e+03   1.68e-03
  1.3028e+03   1.53e-03
  1.3523e+03   1.40e-03
  1.4038e+03   1.28e-03
  1.4572e+03   1.17e-03
  1.5126e+03   1.07e-03
  1.5702e+03   9.75e-04
  1.6299e+03   8.90e-04
  1.6919e+03   8.12e-04
  1.7563e+03   7.42e-04
  1.8231e+03   6.77e-04
  1.8925e+03   6.17e-04
  1.9645e+03   5.63e-04
  2.0392e+03   5.13e-04
  2.1168e+03   4.67e-04
  2.1973e+03   4.26e-04
  2.2809e+03   3.87e-04
  2.3677e+03   3.52e-04
  2.4577e+03   3.20e-04
  2.5512e+03   2.90e-04
  2.6483e+03   2.62e-04
  2.7490e+03   2.38e-04
  2.8536e+03   2.15e-04
  2.9622e+03   1.94e-04
  3.0749e+03   1.75e-04
  3.1918e+03   1.57e-04
  3.3133e+03   1.41e-04
  3.4393e+03   1.27e-04
  3.5702e+03   1.14e-04
  3.7060e+03   1.01e-04
  3.8470e+03   9.08e-05
  3.9933e+03   8.09e-05
  4.1452e+03   7.17e-05
  4.3029e+03   6.37e-05
  4.4666e+03   5.63e-05
  4.6366e+03   4.95e-05
  4.8129e+03   4.36e-05
  4.9960e+03   3.82e-05
  5.1861e+03   3.33e-05
  5.3834e+03   2.90e-05
  5.5882e+03   2.52e-05
  5.8008e+03   2.17e-05
  6.0215e+03   1.87e-05
  6.2506e+03   1.61e-05
  6.4883e+03   1.37e-05
  6.7352e+03   1.16e-05
  6.9914e+03   9.82e-06
  7.2574e+03   8.22e-06
  7.5335e+03   6.86e-06
  7.8201e+03   5.71e-06
  8.1176e+03   4.69e-06
  8.4264e+03   3.83e-06
  8.7470e+03   3.12e-06
  9.0797e+03   2.50e-06
  9.4251e+03   1.99e-06
  9.7837e+03   1.57e-06
  1.0156e+04   1.22e-06
  1.0542e+04   9.39e-07
  1.0943e+04   7.18e-07
  1.1360e+04   5.38e-07
  1.1792e+04   3.94e-07
  1.2240e+04   2.88e-07
  1.2706e+04   2.04e-07
  1.3189e+04   1.41e-07
  1.3691e+04   9.67e-08
  1.4212e+04   6.41e-08
  1.4753e+04   4.09e-08
  1.5314e+04   2.57e-08
  1.5897e+04   1.54e-08
  1.6501e+04   8.84e-09
  1.7129e+04   4.91e-09
  1.7781e+04   2.58e-09
  1.8457e+04   1.26e-09
  1.9159e+04   5.88e-10
  1.9888e+04   2.53e-10
  2.0645e+04   9.89e-11
  2.1430e+04   3.54e-11
  2.2245e+04   1.13e-11
  2.3092e+04   3.13e-12
  2.3970e+04   7.50e-13
  2.4882e+04   1.52e-13
  2.5829e+04   2.46e-14
  2.6811e+04   3.17e-15
  2.7831e+04   3.09e-16
  2.8890e+04   2.13e-17
  2.9989e+04   9.91e-19
  3.1130e+04   2.89e-20
  3.2314e+04   4.71e-22
  3.3544e+04   3.84e-24
  3.4820e+04   1.38e-26
  3.6144e+04   1.75e-29
  3.7519e+04   6.36e-33
  3.8947e+04   4.97e-37
  4.0428e+04   5.61e-42
  4.1966e+04   1.21e-47
  4.3563e+04   1.12e-47
  4.5220e+04   1.04e-47
  4.6941e+04   9.57e-48
  4.8726e+04   8.96e-48
  5.0580e+04   8.39e-48
