#  E [MeV]   Flux [# cm^{-2} s^{-1}  MeV^{-1}]
  3.0000e+04   1.16e-23
  3.1051e+04   1.11e-23
  3.2139e+04   1.06e-23
  3.3266e+04   1.02e-23
  3.4432e+04   9.72e-24
  3.5638e+04   9.30e-24
  3.6887e+04   8.90e-24
  3.8180e+04   8.52e-24
  3.9518e+04   8.16e-24
  4.0903e+04   7.80e-24
  4.2336e+04   7.46e-24
  4.3820e+04   7.14e-24
  4.5355e+04   6.83e-24
  4.6945e+04   6.53e-24
  4.8590e+04   6.24e-24
  5.0293e+04   5.97e-24
  5.2055e+04   5.71e-24
  5.3879e+04   5.45e-24
  5.5767e+04   5.21e-24
  5.7722e+04   4.98e-24
  5.9745e+04   4.76e-24
  6.1838e+04   4.55e-24
  6.4005e+04   4.34e-24
  6.6248e+04   4.15e-24
  6.8570e+04   3.96e-24
  7.0973e+04   3.78e-24
  7.3460e+04   3.61e-24
  7.6034e+04   3.45e-24
  7.8699e+04   3.29e-24
  8.1457e+04   3.14e-24
  8.4311e+04   3.00e-24
  8.7266e+04   2.86e-24
  9.0324e+04   2.73e-24
  9.3490e+04   2.61e-24
  9.6766e+04   2.49e-24
  1.0016e+05   2.37e-24
  1.0367e+05   2.26e-24
  1.0730e+05   2.16e-24
  1.1106e+05   2.06e-24
  1.1495e+05   1.96e-24
  1.1898e+05   1.87e-24
  1.2315e+05   1.78e-24
  1.2747e+05   1.70e-24
  1.3193e+05   1.62e-24
  1.3656e+05   1.54e-24
  1.4134e+05   1.47e-24
  1.4629e+05   1.40e-24
  1.5142e+05   1.33e-24
  1.5673e+05   1.27e-24
  1.6222e+05   1.21e-24
  1.6790e+05   1.15e-24
  1.7379e+05   1.09e-24
  1.7988e+05   1.04e-24
  1.8618e+05   9.89e-25
  1.9271e+05   9.41e-25
  1.9946e+05   8.95e-25
  2.0645e+05   8.50e-25
  2.1369e+05   8.08e-25
  2.2117e+05   7.68e-25
  2.2892e+05   7.29e-25
  2.3695e+05   6.92e-25
  2.4525e+05   6.57e-25
  2.5385e+05   6.23e-25
  2.6274e+05   5.91e-25
  2.7195e+05   5.60e-25
  2.8148e+05   5.31e-25
  2.9134e+05   5.03e-25
  3.0155e+05   4.76e-25
  3.1212e+05   4.51e-25
  3.2306e+05   4.26e-25
  3.3438e+05   4.03e-25
  3.4610e+05   3.81e-25
  3.5823e+05   3.60e-25
  3.7078e+05   3.39e-25
  3.8377e+05   3.20e-25
  3.9722e+05   3.02e-25
  4.1114e+05   2.84e-25
  4.2555e+05   2.68e-25
  4.4046e+05   2.52e-25
  4.5590e+05   2.37e-25
  4.7188e+05   2.23e-25
  4.8841e+05   2.10e-25
  5.0553e+05   1.98e-25
  5.2324e+05   1.86e-25
  5.4158e+05   1.75e-25
  5.6056e+05   1.64e-25
  5.8020e+05   1.54e-25
  6.0054e+05   1.45e-25
  6.2158e+05   1.36e-25
  6.4337e+05   1.28e-25
  6.6591e+05   1.20e-25
  6.8925e+05   1.12e-25
  7.1340e+05   1.05e-25
  7.3840e+05   9.85e-26
  7.6428e+05   9.21e-26
  7.9106e+05   8.61e-26
  8.1878e+05   8.05e-26
  8.4748e+05   7.52e-26
  8.7718e+05   7.01e-26
  9.0792e+05   6.54e-26
  9.3973e+05   6.10e-26
  9.7267e+05   5.68e-26
  1.0068e+06   5.29e-26
  1.0420e+06   4.93e-26
  1.0785e+06   4.58e-26
  1.1163e+06   4.25e-26
  1.1555e+06   3.95e-26
  1.1960e+06   3.67e-26
  1.2379e+06   3.40e-26
  1.2813e+06   3.15e-26
  1.3262e+06   2.92e-26
  1.3726e+06   2.70e-26
  1.4207e+06   2.50e-26
  1.4705e+06   2.31e-26
  1.5220e+06   2.13e-26
  1.5754e+06   1.96e-26
  1.6306e+06   1.81e-26
  1.6877e+06   1.66e-26
  1.7469e+06   1.53e-26
  1.8081e+06   1.40e-26
  1.8715e+06   1.29e-26
  1.9370e+06   1.18e-26
  2.0049e+06   1.08e-26
  2.0752e+06   9.89e-27
  2.1479e+06   9.03e-27
  2.2232e+06   8.23e-27
  2.3011e+06   7.51e-27
  2.3817e+06   6.85e-27
  2.4652e+06   6.21e-27
  2.5516e+06   5.65e-27
  2.6410e+06   5.13e-27
  2.7336e+06   4.65e-27
  2.8294e+06   4.20e-27
  2.9285e+06   3.80e-27
  3.0311e+06   3.43e-27
  3.1374e+06   3.07e-27
  3.2473e+06   2.77e-27
  3.3611e+06   2.49e-27
  3.4789e+06   2.23e-27
  3.6008e+06   2.00e-27
  3.7270e+06   1.79e-27
  3.8576e+06   1.59e-27
  3.9928e+06   1.42e-27
  4.1327e+06   1.27e-27
  4.2775e+06   1.13e-27
  4.4274e+06   9.93e-28
  4.5826e+06   8.84e-28
  4.7432e+06   7.83e-28
  4.9094e+06   6.89e-28
  5.0815e+06   6.07e-28
  5.2595e+06   5.37e-28
  5.4438e+06   4.71e-28
  5.6346e+06   4.11e-28
  5.8321e+06   3.62e-28
  6.0365e+06   3.16e-28
  6.2480e+06   2.73e-28
  6.4670e+06   2.40e-28
  6.6936e+06   2.09e-28
  6.9282e+06   1.80e-28
  7.1709e+06   1.56e-28
  7.4222e+06   1.36e-28
  7.6823e+06   1.17e-28
  7.9516e+06   1.00e-28
  8.2302e+06   8.72e-29
  8.5186e+06   7.50e-29
  8.8172e+06   6.37e-29
  9.1262e+06   5.51e-29
  9.4460e+06   4.74e-29
  9.7770e+06   4.03e-29
  1.0120e+07   3.43e-29
  1.0474e+07   2.96e-29
  1.0841e+07   2.52e-29
  1.1221e+07   2.12e-29
  1.1614e+07   1.83e-29
  1.2022e+07   1.56e-29
  1.2443e+07   1.31e-29
  1.2879e+07   1.13e-29
  1.3330e+07   9.67e-30
  1.3797e+07   8.19e-30
  1.4281e+07   6.98e-30
  1.4781e+07   6.03e-30
  1.5299e+07   5.15e-30
  1.5835e+07   4.37e-30
  1.6390e+07   3.79e-30
  1.6965e+07   3.26e-30
  1.7559e+07   2.78e-30
  1.8175e+07   2.41e-30
  1.8812e+07   2.09e-30
  1.9471e+07   1.79e-30
  2.0153e+07   1.54e-30
  2.0859e+07   1.32e-30
  2.1590e+07   1.13e-30
  2.2347e+07   9.53e-31
  2.3130e+07   8.05e-31
  2.3941e+07   6.70e-31
  2.4780e+07   5.50e-31
  2.5648e+07   4.44e-31
  2.6547e+07   3.52e-31
  2.7477e+07   2.73e-31
  2.8440e+07   2.08e-31
