#  E [MeV]   Flux [# cm^{-2} s^{-1}  MeV^{-1}]
  3.0000e+04   3.83e-19
  3.0943e+04   3.70e-19
  3.1916e+04   3.58e-19
  3.2920e+04   3.46e-19
  3.3955e+04   3.34e-19
  3.5023e+04   3.23e-19
  3.6124e+04   3.12e-19
  3.7260e+04   3.01e-19
  3.8432e+04   2.91e-19
  3.9640e+04   2.81e-19
  4.0887e+04   2.71e-19
  4.2172e+04   2.62e-19
  4.3499e+04   2.53e-19
  4.4866e+04   2.44e-19
  4.6277e+04   2.35e-19
  4.7732e+04   2.27e-19
  4.9233e+04   2.19e-19
  5.0781e+04   2.11e-19
  5.2378e+04   2.03e-19
  5.4025e+04   1.96e-19
  5.5724e+04   1.88e-19
  5.7476e+04   1.81e-19
  5.9284e+04   1.75e-19
  6.1148e+04   1.68e-19
  6.3071e+04   1.62e-19
  6.5054e+04   1.56e-19
  6.7100e+04   1.50e-19
  6.9210e+04   1.44e-19
  7.1386e+04   1.39e-19
  7.3631e+04   1.33e-19
  7.5946e+04   1.28e-19
  7.8334e+04   1.23e-19
  8.0797e+04   1.18e-19
  8.3338e+04   1.14e-19
  8.5959e+04   1.09e-19
  8.8662e+04   1.05e-19
  9.1450e+04   1.01e-19
  9.4325e+04   9.64e-20
  9.7291e+04   9.25e-20
  1.0035e+05   8.86e-20
  1.0351e+05   8.49e-20
  1.0676e+05   8.14e-20
  1.1012e+05   7.80e-20
  1.1358e+05   7.46e-20
  1.1715e+05   7.15e-20
  1.2084e+05   6.84e-20
  1.2464e+05   6.54e-20
  1.2856e+05   6.26e-20
  1.3260e+05   5.98e-20
  1.3677e+05   5.72e-20
  1.4107e+05   5.46e-20
  1.4550e+05   5.22e-20
  1.5008e+05   4.98e-20
  1.5480e+05   4.76e-20
  1.5967e+05   4.54e-20
  1.6469e+05   4.33e-20
  1.6987e+05   4.13e-20
  1.7521e+05   3.94e-20
  1.8072e+05   3.75e-20
  1.8640e+05   3.57e-20
  1.9226e+05   3.40e-20
  1.9831e+05   3.24e-20
  2.0454e+05   3.08e-20
  2.1097e+05   2.93e-20
  2.1761e+05   2.79e-20
  2.2445e+05   2.65e-20
  2.3151e+05   2.52e-20
  2.3879e+05   2.39e-20
  2.4630e+05   2.27e-20
  2.5404e+05   2.16e-20
  2.6203e+05   2.05e-20
  2.7027e+05   1.94e-20
  2.7877e+05   1.84e-20
  2.8753e+05   1.75e-20
  2.9657e+05   1.65e-20
  3.0590e+05   1.57e-20
  3.1552e+05   1.48e-20
  3.2544e+05   1.40e-20
  3.3567e+05   1.33e-20
  3.4623e+05   1.26e-20
  3.5712e+05   1.19e-20
  3.6835e+05   1.12e-20
  3.7993e+05   1.06e-20
  3.9188e+05   9.99e-21
  4.0420e+05   9.43e-21
  4.1691e+05   8.89e-21
  4.3002e+05   8.38e-21
  4.4354e+05   7.89e-21
  4.5749e+05   7.43e-21
  4.7187e+05   7.00e-21
  4.8671e+05   6.58e-21
  5.0202e+05   6.19e-21
  5.1780e+05   5.82e-21
  5.3409e+05   5.46e-21
  5.5088e+05   5.13e-21
  5.6820e+05   4.81e-21
  5.8607e+05   4.52e-21
  6.0450e+05   4.23e-21
  6.2351e+05   3.97e-21
  6.4311e+05   3.72e-21
  6.6334e+05   3.48e-21
  6.8419e+05   3.26e-21
  7.0571e+05   3.05e-21
  7.2790e+05   2.85e-21
  7.5079e+05   2.66e-21
  7.7440e+05   2.48e-21
  7.9875e+05   2.32e-21
  8.2387e+05   2.16e-21
  8.4977e+05   2.02e-21
  8.7649e+05   1.88e-21
  9.0405e+05   1.75e-21
  9.3248e+05   1.63e-21
  9.6180e+05   1.52e-21
  9.9205e+05   1.41e-21
  1.0232e+06   1.31e-21
  1.0554e+06   1.22e-21
  1.0886e+06   1.13e-21
  1.1228e+06   1.05e-21
  1.1581e+06   9.75e-22
  1.1946e+06   9.04e-22
  1.2321e+06   8.36e-22
  1.2709e+06   7.75e-22
  1.3108e+06   7.18e-22
  1.3521e+06   6.64e-22
  1.3946e+06   6.13e-22
  1.4384e+06   5.67e-22
  1.4837e+06   5.23e-22
  1.5303e+06   4.82e-22
  1.5784e+06   4.44e-22
  1.6281e+06   4.10e-22
  1.6793e+06   3.77e-22
  1.7321e+06   3.46e-22
  1.7865e+06   3.19e-22
  1.8427e+06   2.93e-22
  1.9006e+06   2.69e-22
  1.9604e+06   2.46e-22
  2.0221e+06   2.26e-22
  2.0856e+06   2.07e-22
  2.1512e+06   1.90e-22
  2.2189e+06   1.73e-22
  2.2886e+06   1.58e-22
  2.3606e+06   1.45e-22
  2.4348e+06   1.32e-22
  2.5114e+06   1.20e-22
  2.5904e+06   1.10e-22
  2.6718e+06   9.96e-23
  2.7558e+06   9.02e-23
  2.8425e+06   8.20e-23
  2.9319e+06   7.44e-23
  3.0241e+06   6.73e-23
  3.1192e+06   6.05e-23
  3.2173e+06   5.49e-23
  3.3184e+06   4.95e-23
  3.4228e+06   4.45e-23
  3.5304e+06   3.99e-23
  3.6414e+06   3.60e-23
  3.7559e+06   3.23e-23
  3.8740e+06   2.88e-23
  3.9958e+06   2.58e-23
  4.1215e+06   2.31e-23
  4.2511e+06   2.06e-23
  4.3848e+06   1.82e-23
  4.5227e+06   1.63e-23
  4.6649e+06   1.45e-23
  4.8116e+06   1.28e-23
  4.9629e+06   1.13e-23
  5.1189e+06   1.00e-23
  5.2799e+06   8.85e-24
  5.4459e+06   7.75e-24
  5.6171e+06   6.79e-24
  5.7938e+06   5.99e-24
  5.9760e+06   5.24e-24
  6.1639e+06   4.53e-24
  6.3577e+06   3.96e-24
  6.5576e+06   3.46e-24
  6.7638e+06   2.99e-24
  6.9765e+06   2.55e-24
  7.1959e+06   2.23e-24
  7.4222e+06   1.93e-24
  7.6556e+06   1.65e-24
  7.8963e+06   1.41e-24
  8.1446e+06   1.22e-24
  8.4007e+06   1.05e-24
  8.6649e+06   8.84e-25
  8.9373e+06   7.52e-25
  9.2184e+06   6.46e-25
  9.5082e+06   5.46e-25
  9.8072e+06   4.53e-25
  1.0116e+07   3.86e-25
  1.0434e+07   3.28e-25
  1.0762e+07   2.73e-25
  1.1100e+07   2.24e-25
  1.1449e+07   1.89e-25
  1.1809e+07   1.57e-25
  1.2181e+07   1.27e-25
  1.2564e+07   1.02e-25
  1.2959e+07   8.31e-26
  1.3366e+07   6.57e-26
  1.3786e+07   4.99e-26
  1.4220e+07   3.85e-26
