#  E [MeV]   Flux [# cm^{-2} s^{-1}  MeV^{-1}]
  3.0000e+04   3.25e-19
  3.0943e+04   3.12e-19
  3.1916e+04   3.00e-19
  3.2920e+04   2.88e-19
  3.3955e+04   2.77e-19
  3.5023e+04   2.66e-19
  3.6124e+04   2.55e-19
  3.7260e+04   2.45e-19
  3.8432e+04   2.35e-19
  3.9640e+04   2.25e-19
  4.0887e+04   2.16e-19
  4.2172e+04   2.07e-19
  4.3499e+04   1.99e-19
  4.4866e+04   1.91e-19
  4.6277e+04   1.83e-19
  4.7732e+04   1.75e-19
  4.9233e+04   1.68e-19
  5.0781e+04   1.61e-19
  5.2378e+04   1.54e-19
  5.4025e+04   1.48e-19
  5.5724e+04   1.41e-19
  5.7476e+04   1.35e-19
  5.9284e+04   1.30e-19
  6.1148e+04   1.24e-19
  6.3071e+04   1.19e-19
  6.5054e+04   1.14e-19
  6.7100e+04   1.09e-19
  6.9210e+04   1.04e-19
  7.1386e+04   9.94e-20
  7.3631e+04   9.50e-20
  7.5946e+04   9.08e-20
  7.8334e+04   8.67e-20
  8.0797e+04   8.29e-20
  8.3338e+04   7.91e-20
  8.5959e+04   7.56e-20
  8.8662e+04   7.21e-20
  9.1450e+04   6.88e-20
  9.4325e+04   6.56e-20
  9.7291e+04   6.26e-20
  1.0035e+05   5.96e-20
  1.0351e+05   5.68e-20
  1.0676e+05   5.41e-20
  1.1012e+05   5.15e-20
  1.1358e+05   4.91e-20
  1.1715e+05   4.67e-20
  1.2084e+05   4.44e-20
  1.2464e+05   4.23e-20
  1.2856e+05   4.02e-20
  1.3260e+05   3.82e-20
  1.3677e+05   3.63e-20
  1.4107e+05   3.45e-20
  1.4550e+05   3.27e-20
  1.5008e+05   3.11e-20
  1.5480e+05   2.95e-20
  1.5967e+05   2.80e-20
  1.6469e+05   2.65e-20
  1.6987e+05   2.51e-20
  1.7521e+05   2.38e-20
  1.8072e+05   2.26e-20
  1.8640e+05   2.14e-20
  1.9226e+05   2.02e-20
  1.9831e+05   1.91e-20
  2.0454e+05   1.81e-20
  2.1097e+05   1.71e-20
  2.1761e+05   1.62e-20
  2.2445e+05   1.53e-20
  2.3151e+05   1.44e-20
  2.3879e+05   1.36e-20
  2.4630e+05   1.28e-20
  2.5404e+05   1.21e-20
  2.6203e+05   1.14e-20
  2.7027e+05   1.07e-20
  2.7877e+05   1.01e-20
  2.8753e+05   9.51e-21
  2.9657e+05   8.94e-21
  3.0590e+05   8.40e-21
  3.1552e+05   7.89e-21
  3.2544e+05   7.41e-21
  3.3567e+05   6.95e-21
  3.4623e+05   6.51e-21
  3.5712e+05   6.10e-21
  3.6835e+05   5.71e-21
  3.7993e+05   5.34e-21
  3.9188e+05   4.99e-21
  4.0420e+05   4.66e-21
  4.1691e+05   4.35e-21
  4.3002e+05   4.05e-21
  4.4354e+05   3.78e-21
  4.5749e+05   3.52e-21
  4.7187e+05   3.28e-21
  4.8671e+05   3.05e-21
  5.0202e+05   2.84e-21
  5.1780e+05   2.63e-21
  5.3409e+05   2.44e-21
  5.5088e+05   2.27e-21
  5.6820e+05   2.10e-21
  5.8607e+05   1.95e-21
  6.0450e+05   1.80e-21
  6.2351e+05   1.67e-21
  6.4311e+05   1.54e-21
  6.6334e+05   1.42e-21
  6.8419e+05   1.31e-21
  7.0571e+05   1.21e-21
  7.2790e+05   1.11e-21
  7.5079e+05   1.02e-21
  7.7440e+05   9.41e-22
  7.9875e+05   8.66e-22
  8.2387e+05   7.96e-22
  8.4977e+05   7.29e-22
  8.7649e+05   6.69e-22
  9.0405e+05   6.14e-22
  9.3248e+05   5.62e-22
  9.6180e+05   5.13e-22
  9.9205e+05   4.70e-22
  1.0232e+06   4.30e-22
  1.0554e+06   3.92e-22
  1.0886e+06   3.57e-22
  1.1228e+06   3.26e-22
  1.1581e+06   2.98e-22
  1.1946e+06   2.71e-22
  1.2321e+06   2.46e-22
  1.2709e+06   2.24e-22
  1.3108e+06   2.04e-22
  1.3521e+06   1.85e-22
  1.3946e+06   1.68e-22
  1.4384e+06   1.52e-22
  1.4837e+06   1.38e-22
  1.5303e+06   1.24e-22
  1.5784e+06   1.13e-22
  1.6281e+06   1.02e-22
  1.6793e+06   9.22e-23
  1.7321e+06   8.29e-23
  1.7865e+06   7.51e-23
  1.8427e+06   6.78e-23
  1.9006e+06   6.09e-23
  1.9604e+06   5.47e-23
  2.0221e+06   4.94e-23
  2.0856e+06   4.44e-23
  2.1512e+06   3.97e-23
  2.2189e+06   3.57e-23
  2.2886e+06   3.21e-23
  2.3606e+06   2.87e-23
  2.4348e+06   2.55e-23
  2.5114e+06   2.30e-23
  2.5904e+06   2.06e-23
  2.6718e+06   1.83e-23
  2.7558e+06   1.63e-23
  2.8425e+06   1.46e-23
  2.9319e+06   1.30e-23
  3.0241e+06   1.15e-23
  3.1192e+06   1.02e-23
  3.2173e+06   9.15e-24
  3.3184e+06   8.12e-24
  3.4228e+06   7.15e-24
  3.5304e+06   6.38e-24
  3.6414e+06   5.68e-24
  3.7559e+06   5.02e-24
  3.8740e+06   4.41e-24
  3.9958e+06   3.94e-24
  4.1215e+06   3.50e-24
  4.2511e+06   3.08e-24
  4.3848e+06   2.72e-24
  4.5227e+06   2.43e-24
  4.6649e+06   2.15e-24
  4.8116e+06   1.89e-24
  4.9629e+06   1.68e-24
  5.1189e+06   1.49e-24
  5.2799e+06   1.32e-24
  5.4459e+06   1.16e-24
  5.6171e+06   1.04e-24
  5.7938e+06   9.30e-25
  5.9760e+06   8.26e-25
  6.1639e+06   7.33e-25
  6.3577e+06   6.60e-25
  6.5576e+06   5.91e-25
  6.7638e+06   5.27e-25
  6.9765e+06   4.73e-25
  7.1959e+06   4.26e-25
  7.4222e+06   3.83e-25
  7.6556e+06   3.42e-25
  7.8963e+06   3.08e-25
  8.1446e+06   2.78e-25
  8.4007e+06   2.49e-25
  8.6649e+06   2.23e-25
  8.9373e+06   2.02e-25
  9.2184e+06   1.82e-25
  9.5082e+06   1.63e-25
  9.8072e+06   1.46e-25
  1.0116e+07   1.31e-25
  1.0434e+07   1.17e-25
  1.0762e+07   1.04e-25
  1.1100e+07   9.27e-26
  1.1449e+07   8.21e-26
  1.1809e+07   7.22e-26
  1.2181e+07   6.32e-26
  1.2564e+07   5.48e-26
  1.2959e+07   4.72e-26
  1.3366e+07   4.03e-26
  1.3786e+07   3.43e-26
  1.4220e+07   2.95e-26
