#  E [MeV]   Flux [# cm^{-2} s^{-1}  MeV^{-1}]
  3.0000e+04   8.78e-24
  3.0782e+04   8.49e-24
  3.1585e+04   8.22e-24
  3.2409e+04   7.94e-24
  3.3255e+04   7.68e-24
  3.4122e+04   7.43e-24
  3.5012e+04   7.17e-24
  3.5925e+04   6.93e-24
  3.6862e+04   6.70e-24
  3.7824e+04   6.47e-24
  3.8810e+04   6.25e-24
  3.9822e+04   6.03e-24
  4.0861e+04   5.82e-24
  4.1927e+04   5.62e-24
  4.3021e+04   5.42e-24
  4.4143e+04   5.23e-24
  4.5294e+04   5.04e-24
  4.6475e+04   4.86e-24
  4.7688e+04   4.69e-24
  4.8931e+04   4.52e-24
  5.0208e+04   4.36e-24
  5.1517e+04   4.20e-24
  5.2861e+04   4.04e-24
  5.4240e+04   3.89e-24
  5.5654e+04   3.75e-24
  5.7106e+04   3.61e-24
  5.8596e+04   3.47e-24
  6.0124e+04   3.34e-24
  6.1692e+04   3.22e-24
  6.3301e+04   3.09e-24
  6.4952e+04   2.97e-24
  6.6647e+04   2.86e-24
  6.8385e+04   2.75e-24
  7.0169e+04   2.64e-24
  7.1999e+04   2.54e-24
  7.3877e+04   2.44e-24
  7.5804e+04   2.34e-24
  7.7781e+04   2.25e-24
  7.9810e+04   2.16e-24
  8.1891e+04   2.07e-24
  8.4027e+04   1.98e-24
  8.6219e+04   1.90e-24
  8.8468e+04   1.83e-24
  9.0775e+04   1.75e-24
  9.3143e+04   1.68e-24
  9.5572e+04   1.61e-24
  9.8065e+04   1.54e-24
  1.0062e+05   1.48e-24
  1.0325e+05   1.41e-24
  1.0594e+05   1.35e-24
  1.0870e+05   1.29e-24
  1.1154e+05   1.24e-24
  1.1445e+05   1.19e-24
  1.1743e+05   1.13e-24
  1.2050e+05   1.08e-24
  1.2364e+05   1.04e-24
  1.2686e+05   9.90e-25
  1.3017e+05   9.45e-25
  1.3357e+05   9.02e-25
  1.3705e+05   8.61e-25
  1.4063e+05   8.22e-25
  1.4429e+05   7.84e-25
  1.4806e+05   7.47e-25
  1.5192e+05   7.12e-25
  1.5588e+05   6.79e-25
  1.5995e+05   6.47e-25
  1.6412e+05   6.16e-25
  1.6840e+05   5.86e-25
  1.7279e+05   5.58e-25
  1.7730e+05   5.31e-25
  1.8193e+05   5.05e-25
  1.8667e+05   4.80e-25
  1.9154e+05   4.56e-25
  1.9654e+05   4.34e-25
  2.0166e+05   4.12e-25
  2.0692e+05   3.91e-25
  2.1232e+05   3.71e-25
  2.1786e+05   3.52e-25
  2.2354e+05   3.34e-25
  2.2937e+05   3.16e-25
  2.3535e+05   2.99e-25
  2.4149e+05   2.83e-25
  2.4779e+05   2.68e-25
  2.5425e+05   2.54e-25
  2.6088e+05   2.40e-25
  2.6769e+05   2.27e-25
  2.7467e+05   2.14e-25
  2.8184e+05   2.02e-25
  2.8919e+05   1.91e-25
  2.9673e+05   1.80e-25
  3.0447e+05   1.70e-25
  3.1241e+05   1.60e-25
  3.2056e+05   1.51e-25
  3.2892e+05   1.42e-25
  3.3750e+05   1.33e-25
  3.4630e+05   1.25e-25
  3.5533e+05   1.18e-25
  3.6460e+05   1.11e-25
  3.7411e+05   1.04e-25
  3.8387e+05   9.73e-26
  3.9388e+05   9.13e-26
  4.0416e+05   8.55e-26
  4.1470e+05   8.01e-26
  4.2551e+05   7.49e-26
  4.3661e+05   7.01e-26
  4.4800e+05   6.56e-26
  4.5969e+05   6.13e-26
  4.7168e+05   5.71e-26
  4.8398e+05   5.33e-26
  4.9660e+05   4.98e-26
  5.0956e+05   4.64e-26
  5.2285e+05   4.32e-26
  5.3648e+05   4.01e-26
  5.5048e+05   3.74e-26
  5.6483e+05   3.48e-26
  5.7957e+05   3.23e-26
  5.9468e+05   2.99e-26
  6.1020e+05   2.78e-26
  6.2611e+05   2.58e-26
  6.4244e+05   2.40e-26
  6.5920e+05   2.22e-26
  6.7639e+05   2.05e-26
  6.9403e+05   1.90e-26
  7.1214e+05   1.76e-26
  7.3071e+05   1.63e-26
  7.4977e+05   1.50e-26
  7.6933e+05   1.39e-26
  7.8939e+05   1.28e-26
  8.0998e+05   1.19e-26
  8.3111e+05   1.09e-26
  8.5279e+05   1.01e-26
  8.7503e+05   9.29e-27
  8.9785e+05   8.57e-27
  9.2127e+05   7.88e-27
  9.4530e+05   7.24e-27
  9.6996e+05   6.67e-27
  9.9526e+05   6.15e-27
  1.0212e+06   5.65e-27
  1.0479e+06   5.18e-27
  1.0752e+06   4.75e-27
  1.1032e+06   4.38e-27
  1.1320e+06   4.03e-27
  1.1615e+06   3.69e-27
  1.1918e+06   3.38e-27
  1.2229e+06   3.11e-27
  1.2548e+06   2.86e-27
  1.2875e+06   2.62e-27
  1.3211e+06   2.40e-27
  1.3556e+06   2.20e-27
  1.3909e+06   2.03e-27
  1.4272e+06   1.86e-27
  1.4644e+06   1.71e-27
  1.5026e+06   1.56e-27
  1.5418e+06   1.44e-27
  1.5820e+06   1.32e-27
  1.6233e+06   1.22e-27
  1.6657e+06   1.11e-27
  1.7091e+06   1.02e-27
  1.7537e+06   9.45e-28
  1.7994e+06   8.71e-28
  1.8464e+06   8.01e-28
  1.8945e+06   7.34e-28
  1.9439e+06   6.82e-28
  1.9946e+06   6.33e-28
  2.0467e+06   5.86e-28
  2.1000e+06   5.42e-28
  2.1548e+06   5.03e-28
  2.2110e+06   4.71e-28
  2.2687e+06   4.40e-28
  2.3279e+06   4.11e-28
  2.3886e+06   3.83e-28
  2.4509e+06   3.62e-28
  2.5148e+06   3.43e-28
  2.5804e+06   3.24e-28
  2.6477e+06   3.06e-28
  2.7168e+06   2.91e-28
  2.7876e+06   2.78e-28
  2.8603e+06   2.66e-28
  2.9349e+06   2.55e-28
  3.0115e+06   2.44e-28
  3.0900e+06   2.39e-28
  3.1706e+06   2.33e-28
  3.2533e+06   2.28e-28
  3.3382e+06   2.23e-28
  3.4253e+06   2.21e-28
  3.5146e+06   2.22e-28
  3.6063e+06   2.22e-28
  3.7003e+06   2.22e-28
  3.7969e+06   2.23e-28
  3.8959e+06   2.34e-28
  3.9975e+06   2.44e-28
  4.1018e+06   2.53e-28
  4.2088e+06   2.61e-28
  4.3185e+06   2.83e-28
  4.4312e+06   3.11e-28
  4.5467e+06   3.37e-28
  4.6653e+06   3.60e-28
  4.7870e+06   3.65e-28
  4.9119e+06   2.98e-28
  5.0400e+06   2.36e-28
