#  E [GeV]   # per interaction  [GeV^{-1}]
  3.0000e+01   2.71e-02
  3.1141e+01   2.61e-02
  3.2326e+01   2.51e-02
  3.3556e+01   2.41e-02
  3.4832e+01   2.32e-02
  3.6157e+01   2.23e-02
  3.7533e+01   2.14e-02
  3.8961e+01   2.06e-02
  4.0443e+01   1.98e-02
  4.1982e+01   1.90e-02
  4.3579e+01   1.82e-02
  4.5237e+01   1.75e-02
  4.6958e+01   1.68e-02
  4.8744e+01   1.61e-02
  5.0598e+01   1.54e-02
  5.2523e+01   1.48e-02
  5.4521e+01   1.42e-02
  5.6596e+01   1.36e-02
  5.8749e+01   1.30e-02
  6.0984e+01   1.25e-02
  6.3304e+01   1.20e-02
  6.5712e+01   1.15e-02
  6.8212e+01   1.10e-02
  7.0807e+01   1.05e-02
  7.3500e+01   1.01e-02
  7.6297e+01   9.62e-03
  7.9199e+01   9.20e-03
  8.2212e+01   8.79e-03
  8.5340e+01   8.40e-03
  8.8586e+01   8.03e-03
  9.1956e+01   7.67e-03
  9.5455e+01   7.33e-03
  9.9086e+01   6.99e-03
  1.0286e+02   6.67e-03
  1.0677e+02   6.37e-03
  1.1083e+02   6.08e-03
  1.1505e+02   5.79e-03
  1.1942e+02   5.52e-03
  1.2397e+02   5.26e-03
  1.2868e+02   5.01e-03
  1.3358e+02   4.78e-03
  1.3866e+02   4.55e-03
  1.4394e+02   4.33e-03
  1.4941e+02   4.12e-03
  1.5509e+02   3.92e-03
  1.6100e+02   3.72e-03
  1.6712e+02   3.54e-03
  1.7348e+02   3.36e-03
  1.8008e+02   3.19e-03
  1.8693e+02   3.03e-03
  1.9404e+02   2.88e-03
  2.0142e+02   2.73e-03
  2.0908e+02   2.59e-03
  2.1704e+02   2.46e-03
  2.2529e+02   2.33e-03
  2.3387e+02   2.20e-03
  2.4276e+02   2.09e-03
  2.5200e+02   1.97e-03
  2.6158e+02   1.87e-03
  2.7154e+02   1.77e-03
  2.8187e+02   1.67e-03
  2.9259e+02   1.58e-03
  3.0372e+02   1.49e-03
  3.1527e+02   1.40e-03
  3.2727e+02   1.32e-03
  3.3972e+02   1.25e-03
  3.5264e+02   1.18e-03
  3.6606e+02   1.11e-03
  3.7998e+02   1.04e-03
  3.9444e+02   9.82e-04
  4.0945e+02   9.24e-04
  4.2502e+02   8.68e-04
  4.4119e+02   8.16e-04
  4.5798e+02   7.67e-04
  4.7540e+02   7.20e-04
  4.9348e+02   6.75e-04
  5.1226e+02   6.34e-04
  5.3175e+02   5.94e-04
  5.5198e+02   5.57e-04
  5.7297e+02   5.22e-04
  5.9477e+02   4.89e-04
  6.1740e+02   4.58e-04
  6.4089e+02   4.29e-04
  6.6527e+02   4.01e-04
  6.9058e+02   3.75e-04
  7.1685e+02   3.51e-04
  7.4412e+02   3.28e-04
  7.7243e+02   3.07e-04
  8.0181e+02   2.87e-04
  8.3232e+02   2.68e-04
  8.6398e+02   2.51e-04
  8.9685e+02   2.35e-04
  9.3097e+02   2.19e-04
  9.6638e+02   2.05e-04
  1.0031e+03   1.92e-04
  1.0413e+03   1.79e-04
  1.0809e+03   1.68e-04
  1.1220e+03   1.57e-04
  1.1647e+03   1.47e-04
  1.2090e+03   1.37e-04
  1.2550e+03   1.29e-04
  1.3028e+03   1.21e-04
  1.3523e+03   1.13e-04
  1.4038e+03   1.06e-04
  1.4572e+03   9.91e-05
  1.5126e+03   9.29e-05
  1.5702e+03   8.71e-05
  1.6299e+03   8.17e-05
  1.6919e+03   7.66e-05
  1.7563e+03   7.19e-05
  1.8231e+03   6.75e-05
  1.8925e+03   6.34e-05
  1.9645e+03   5.95e-05
  2.0392e+03   5.60e-05
  2.1168e+03   5.26e-05
  2.1973e+03   4.94e-05
  2.2809e+03   4.65e-05
  2.3677e+03   4.37e-05
  2.4577e+03   4.11e-05
  2.5512e+03   3.87e-05
  2.6483e+03   3.65e-05
  2.7490e+03   3.43e-05
  2.8536e+03   3.23e-05
  2.9622e+03   3.04e-05
  3.0749e+03   2.87e-05
  3.1918e+03   2.70e-05
  3.3133e+03   2.55e-05
  3.4393e+03   2.40e-05
  3.5702e+03   2.26e-05
  3.7060e+03   2.13e-05
  3.8470e+03   2.01e-05
  3.9933e+03   1.89e-05
  4.1452e+03   1.78e-05
  4.3029e+03   1.68e-05
  4.4666e+03   1.58e-05
  4.6366e+03   1.49e-05
  4.8129e+03   1.40e-05
  4.9960e+03   1.32e-05
  5.1861e+03   1.24e-05
  5.3834e+03   1.16e-05
  5.5882e+03   1.09e-05
  5.8008e+03   1.03e-05
  6.0215e+03   9.64e-06
  6.2506e+03   9.03e-06
  6.4883e+03   8.46e-06
  6.7352e+03   7.92e-06
  6.9914e+03   7.40e-06
  7.2574e+03   6.90e-06
  7.5335e+03   6.43e-06
  7.8201e+03   5.98e-06
  8.1176e+03   5.55e-06
  8.4264e+03   5.15e-06
  8.7470e+03   4.76e-06
  9.0797e+03   4.38e-06
  9.4251e+03   4.03e-06
  9.7837e+03   3.69e-06
  1.0156e+04   3.37e-06
  1.0542e+04   3.07e-06
  1.0943e+04   2.79e-06
  1.1360e+04   2.51e-06
  1.1792e+04   2.26e-06
  1.2240e+04   2.01e-06
  1.2706e+04   1.79e-06
  1.3189e+04   1.57e-06
  1.3691e+04   1.38e-06
  1.4212e+04   1.19e-06
  1.4753e+04   1.02e-06
  1.5314e+04   8.67e-07
  1.5897e+04   7.27e-07
  1.6501e+04   6.01e-07
  1.7129e+04   4.90e-07
  1.7781e+04   3.92e-07
  1.8457e+04   3.07e-07
  1.9159e+04   2.35e-07
  1.9888e+04   1.76e-07
  2.0645e+04   1.27e-07
  2.1430e+04   8.89e-08
  2.2245e+04   5.98e-08
  2.3092e+04   3.84e-08
  2.3970e+04   2.33e-08
  2.4882e+04   1.33e-08
  2.5829e+04   7.07e-09
  2.6811e+04   3.44e-09
  2.7831e+04   1.51e-09
  2.8890e+04   5.85e-10
  2.9989e+04   1.96e-10
  3.1130e+04   5.50e-11
  3.2314e+04   1.25e-11
  3.3544e+04   2.19e-12
  3.4820e+04   2.79e-13
  3.6144e+04   2.41e-14
  3.7519e+04   1.29e-15
  3.8947e+04   3.77e-17
  4.0428e+04   5.20e-19
  4.1966e+04   2.77e-21
  4.3563e+04   4.40e-24
  4.5220e+04   1.47e-27
  4.6941e+04   6.62e-32
  4.8726e+04   2.16e-37
  5.0580e+04   2.24e-44
