#  E [MeV]   Flux [# cm^{-2} s^{-1}  MeV^{-1}]
  3.0000e+04   3.60e-19
  3.0589e+04   3.48e-19
  3.1190e+04   3.37e-19
  3.1803e+04   3.26e-19
  3.2428e+04   3.16e-19
  3.3065e+04   3.06e-19
  3.3714e+04   2.96e-19
  3.4376e+04   2.86e-19
  3.5052e+04   2.77e-19
  3.5740e+04   2.68e-19
  3.6442e+04   2.59e-19
  3.7158e+04   2.50e-19
  3.7888e+04   2.42e-19
  3.8632e+04   2.34e-19
  3.9391e+04   2.26e-19
  4.0165e+04   2.18e-19
  4.0954e+04   2.11e-19
  4.1758e+04   2.03e-19
  4.2579e+04   1.96e-19
  4.3415e+04   1.89e-19
  4.4268e+04   1.83e-19
  4.5138e+04   1.76e-19
  4.6024e+04   1.70e-19
  4.6928e+04   1.64e-19
  4.7850e+04   1.58e-19
  4.8790e+04   1.52e-19
  4.9749e+04   1.47e-19
  5.0726e+04   1.42e-19
  5.1722e+04   1.36e-19
  5.2738e+04   1.31e-19
  5.3774e+04   1.26e-19
  5.4831e+04   1.22e-19
  5.5908e+04   1.17e-19
  5.7006e+04   1.13e-19
  5.8126e+04   1.08e-19
  5.9268e+04   1.04e-19
  6.0432e+04   1.00e-19
  6.1619e+04   9.64e-20
  6.2829e+04   9.26e-20
  6.4064e+04   8.90e-20
  6.5322e+04   8.55e-20
  6.6605e+04   8.22e-20
  6.7913e+04   7.89e-20
  6.9248e+04   7.57e-20
  7.0608e+04   7.26e-20
  7.1995e+04   6.97e-20
  7.3409e+04   6.68e-20
  7.4851e+04   6.41e-20
  7.6321e+04   6.14e-20
  7.7821e+04   5.88e-20
  7.9349e+04   5.63e-20
  8.0908e+04   5.39e-20
  8.2497e+04   5.16e-20
  8.4118e+04   4.94e-20
  8.5770e+04   4.72e-20
  8.7455e+04   4.51e-20
  8.9173e+04   4.31e-20
  9.0925e+04   4.12e-20
  9.2711e+04   3.94e-20
  9.4532e+04   3.76e-20
  9.6389e+04   3.59e-20
  9.8283e+04   3.43e-20
  1.0021e+05   3.26e-20
  1.0218e+05   3.12e-20
  1.0419e+05   2.97e-20
  1.0624e+05   2.83e-20
  1.0832e+05   2.70e-20
  1.1045e+05   2.57e-20
  1.1262e+05   2.44e-20
  1.1483e+05   2.33e-20
  1.1709e+05   2.21e-20
  1.1939e+05   2.10e-20
  1.2173e+05   2.00e-20
  1.2412e+05   1.90e-20
  1.2656e+05   1.80e-20
  1.2905e+05   1.71e-20
  1.3158e+05   1.63e-20
  1.3417e+05   1.54e-20
  1.3680e+05   1.46e-20
  1.3949e+05   1.38e-20
  1.4223e+05   1.31e-20
  1.4503e+05   1.24e-20
  1.4787e+05   1.17e-20
  1.5078e+05   1.11e-20
  1.5374e+05   1.05e-20
  1.5676e+05   9.89e-21
  1.5984e+05   9.33e-21
  1.6298e+05   8.82e-21
  1.6618e+05   8.33e-21
  1.6945e+05   7.85e-21
  1.7278e+05   7.39e-21
  1.7617e+05   6.95e-21
  1.7963e+05   6.54e-21
  1.8316e+05   6.17e-21
  1.8676e+05   5.81e-21
  1.9042e+05   5.46e-21
  1.9417e+05   5.12e-21
  1.9798e+05   4.80e-21
  2.0187e+05   4.50e-21
  2.0583e+05   4.24e-21
  2.0988e+05   3.98e-21
  2.1400e+05   3.73e-21
  2.1820e+05   3.49e-21
  2.2249e+05   3.26e-21
  2.2686e+05   3.05e-21
  2.3132e+05   2.86e-21
  2.3586e+05   2.68e-21
  2.4049e+05   2.50e-21
  2.4522e+05   2.33e-21
  2.5004e+05   2.17e-21
  2.5495e+05   2.02e-21
  2.5996e+05   1.89e-21
  2.6506e+05   1.77e-21
  2.7027e+05   1.65e-21
  2.7558e+05   1.53e-21
  2.8099e+05   1.42e-21
  2.8651e+05   1.32e-21
  2.9214e+05   1.23e-21
  2.9788e+05   1.14e-21
  3.0373e+05   1.06e-21
  3.0970e+05   9.80e-22
  3.1578e+05   9.03e-22
  3.2198e+05   8.39e-22
  3.2831e+05   7.80e-22
  3.3476e+05   7.23e-22
  3.4133e+05   6.68e-22
  3.4804e+05   6.15e-22
  3.5487e+05   5.64e-22
  3.6185e+05   5.22e-22
  3.6895e+05   4.84e-22
  3.7620e+05   4.47e-22
  3.8359e+05   4.12e-22
  3.9113e+05   3.78e-22
  3.9881e+05   3.44e-22
  4.0664e+05   3.19e-22
  4.1463e+05   2.95e-22
  4.2278e+05   2.71e-22
  4.3108e+05   2.49e-22
  4.3955e+05   2.27e-22
  4.4818e+05   2.06e-22
  4.5699e+05   1.91e-22
  4.6596e+05   1.76e-22
  4.7512e+05   1.62e-22
  4.8445e+05   1.48e-22
  4.9397e+05   1.34e-22
  5.0367e+05   1.21e-22
  5.1356e+05   1.12e-22
  5.2365e+05   1.03e-22
  5.3394e+05   9.43e-23
  5.4443e+05   8.58e-23
  5.5512e+05   7.77e-23
  5.6603e+05   7.02e-23
  5.7715e+05   6.46e-23
  5.8848e+05   5.91e-23
  6.0004e+05   5.39e-23
  6.1183e+05   4.88e-23
  6.2385e+05   4.40e-23
  6.3610e+05   3.96e-23
  6.4860e+05   3.64e-23
  6.6134e+05   3.33e-23
  6.7433e+05   3.03e-23
  6.8758e+05   2.74e-23
  7.0108e+05   2.47e-23
  7.1486e+05   2.22e-23
  7.2890e+05   2.05e-23
  7.4322e+05   1.87e-23
  7.5782e+05   1.71e-23
  7.7270e+05   1.55e-23
  7.8788e+05   1.39e-23
  8.0336e+05   1.26e-23
  8.1914e+05   1.16e-23
  8.3523e+05   1.07e-23
  8.5164e+05   9.75e-24
  8.6837e+05   8.86e-24
  8.8542e+05   8.01e-24
  9.0282e+05   7.32e-24
  9.2055e+05   6.80e-24
  9.3863e+05   6.29e-24
  9.5707e+05   5.81e-24
  9.7587e+05   5.34e-24
  9.9504e+05   4.88e-24
  1.0146e+06   4.52e-24
  1.0345e+06   4.24e-24
  1.0548e+06   3.96e-24
  1.0756e+06   3.69e-24
  1.0967e+06   3.43e-24
  1.1182e+06   3.18e-24
  1.1402e+06   2.97e-24
  1.1626e+06   2.80e-24
  1.1854e+06   2.63e-24
  1.2087e+06   2.46e-24
  1.2325e+06   2.30e-24
  1.2567e+06   2.15e-24
  1.2814e+06   2.02e-24
  1.3065e+06   1.90e-24
  1.3322e+06   1.78e-24
  1.3584e+06   1.66e-24
  1.3851e+06   1.55e-24
  1.4123e+06   1.44e-24
  1.4400e+06   1.37e-24
