#  E [MeV]   Flux [# cm^{-2} s^{-1}  MeV^{-1}]
  3.0000e+04   8.96e-22
  3.1123e+04   8.62e-22
  3.2288e+04   8.29e-22
  3.3497e+04   7.97e-22
  3.4751e+04   7.66e-22
  3.6051e+04   7.36e-22
  3.7401e+04   7.08e-22
  3.8801e+04   6.80e-22
  4.0253e+04   6.53e-22
  4.1760e+04   6.27e-22
  4.3324e+04   6.02e-22
  4.4945e+04   5.78e-22
  4.6628e+04   5.55e-22
  4.8373e+04   5.32e-22
  5.0184e+04   5.10e-22
  5.2063e+04   4.90e-22
  5.4011e+04   4.70e-22
  5.6033e+04   4.50e-22
  5.8131e+04   4.31e-22
  6.0307e+04   4.13e-22
  6.2564e+04   3.96e-22
  6.4906e+04   3.79e-22
  6.7336e+04   3.63e-22
  6.9857e+04   3.47e-22
  7.2472e+04   3.32e-22
  7.5184e+04   3.18e-22
  7.7999e+04   3.04e-22
  8.0919e+04   2.91e-22
  8.3948e+04   2.78e-22
  8.7090e+04   2.65e-22
  9.0350e+04   2.54e-22
  9.3732e+04   2.42e-22
  9.7241e+04   2.31e-22
  1.0088e+05   2.21e-22
  1.0466e+05   2.11e-22
  1.0858e+05   2.01e-22
  1.1264e+05   1.92e-22
  1.1686e+05   1.83e-22
  1.2123e+05   1.74e-22
  1.2577e+05   1.66e-22
  1.3048e+05   1.58e-22
  1.3536e+05   1.50e-22
  1.4043e+05   1.43e-22
  1.4568e+05   1.36e-22
  1.5114e+05   1.29e-22
  1.5680e+05   1.23e-22
  1.6266e+05   1.17e-22
  1.6875e+05   1.11e-22
  1.7507e+05   1.06e-22
  1.8162e+05   1.00e-22
  1.8842e+05   9.51e-23
  1.9548e+05   9.02e-23
  2.0279e+05   8.55e-23
  2.1039e+05   8.11e-23
  2.1826e+05   7.68e-23
  2.2643e+05   7.27e-23
  2.3491e+05   6.89e-23
  2.4370e+05   6.51e-23
  2.5282e+05   6.16e-23
  2.6229e+05   5.82e-23
  2.7211e+05   5.50e-23
  2.8229e+05   5.19e-23
  2.9286e+05   4.90e-23
  3.0382e+05   4.62e-23
  3.1519e+05   4.36e-23
  3.2699e+05   4.11e-23
  3.3923e+05   3.87e-23
  3.5193e+05   3.65e-23
  3.6511e+05   3.43e-23
  3.7877e+05   3.23e-23
  3.9295e+05   3.03e-23
  4.0766e+05   2.85e-23
  4.2292e+05   2.67e-23
  4.3875e+05   2.51e-23
  4.5518e+05   2.36e-23
  4.7222e+05   2.21e-23
  4.8989e+05   2.07e-23
  5.0823e+05   1.94e-23
  5.2726e+05   1.82e-23
  5.4699e+05   1.70e-23
  5.6747e+05   1.59e-23
  5.8871e+05   1.49e-23
  6.1075e+05   1.39e-23
  6.3361e+05   1.30e-23
  6.5733e+05   1.21e-23
  6.8194e+05   1.13e-23
  7.0746e+05   1.06e-23
  7.3395e+05   9.90e-24
  7.6142e+05   9.24e-24
  7.8992e+05   8.63e-24
  8.1949e+05   8.06e-24
  8.5017e+05   7.53e-24
  8.8199e+05   7.03e-24
  9.1501e+05   6.57e-24
  9.4926e+05   6.13e-24
  9.8479e+05   5.73e-24
  1.0217e+06   5.35e-24
  1.0599e+06   5.00e-24
  1.0996e+06   4.67e-24
  1.1407e+06   4.37e-24
  1.1834e+06   4.09e-24
  1.2277e+06   3.82e-24
  1.2737e+06   3.58e-24
  1.3214e+06   3.35e-24
  1.3708e+06   3.14e-24
  1.4222e+06   2.94e-24
  1.4754e+06   2.75e-24
  1.5306e+06   2.58e-24
  1.5879e+06   2.42e-24
  1.6474e+06   2.27e-24
  1.7090e+06   2.13e-24
  1.7730e+06   2.00e-24
  1.8394e+06   1.88e-24
  1.9082e+06   1.77e-24
  1.9797e+06   1.66e-24
  2.0538e+06   1.56e-24
  2.1306e+06   1.47e-24
  2.2104e+06   1.38e-24
  2.2931e+06   1.30e-24
  2.3790e+06   1.22e-24
  2.4680e+06   1.15e-24
  2.5604e+06   1.09e-24
  2.6563e+06   1.02e-24
  2.7557e+06   9.63e-25
  2.8589e+06   9.08e-25
  2.9659e+06   8.56e-25
  3.0769e+06   8.07e-25
  3.1921e+06   7.61e-25
  3.3116e+06   7.18e-25
  3.4355e+06   6.76e-25
  3.5641e+06   6.38e-25
  3.6976e+06   6.01e-25
  3.8360e+06   5.66e-25
  3.9796e+06   5.34e-25
  4.1285e+06   5.03e-25
  4.2831e+06   4.73e-25
  4.4434e+06   4.46e-25
  4.6097e+06   4.20e-25
  4.7823e+06   3.94e-25
  4.9613e+06   3.71e-25
  5.1470e+06   3.49e-25
  5.3397e+06   3.27e-25
  5.5396e+06   3.07e-25
  5.7470e+06   2.88e-25
  5.9621e+06   2.69e-25
  6.1853e+06   2.52e-25
  6.4168e+06   2.35e-25
  6.6570e+06   2.19e-25
  6.9062e+06   2.04e-25
  7.1647e+06   1.90e-25
  7.4329e+06   1.76e-25
  7.7112e+06   1.63e-25
  7.9998e+06   1.50e-25
  8.2993e+06   1.39e-25
  8.6100e+06   1.27e-25
  8.9323e+06   1.16e-25
  9.2666e+06   1.06e-25
  9.6135e+06   9.66e-26
  9.9734e+06   8.75e-26
  1.0347e+07   7.88e-26
  1.0734e+07   7.07e-26
  1.1136e+07   6.30e-26
  1.1553e+07   5.58e-26
  1.1985e+07   4.92e-26
  1.2434e+07   4.29e-26
  1.2899e+07   3.72e-26
  1.3382e+07   3.20e-26
  1.3883e+07   2.72e-26
  1.4403e+07   2.28e-26
  1.4942e+07   1.89e-26
  1.5501e+07   1.55e-26
  1.6081e+07   1.25e-26
  1.6683e+07   9.86e-27
  1.7308e+07   7.64e-27
  1.7956e+07   5.79e-27
  1.8628e+07   4.27e-27
  1.9325e+07   3.06e-27
  2.0049e+07   2.12e-27
  2.0799e+07   1.41e-27
  2.1578e+07   8.99e-28
  2.2386e+07   5.44e-28
  2.3224e+07   3.10e-28
  2.4093e+07   1.65e-28
  2.4995e+07   8.11e-29
  2.5930e+07   3.62e-29
  2.6901e+07   1.45e-29
  2.7908e+07   5.06e-30
  2.8953e+07   1.51e-30
  3.0037e+07   3.76e-31
  3.1161e+07   7.45e-32
  3.2327e+07   1.13e-32
  3.3537e+07   1.22e-33
  3.4793e+07   8.91e-35
  3.6095e+07   3.96e-36
  3.7446e+07   9.58e-38
  3.8848e+07   1.09e-39
  4.0302e+07   4.77e-42
  4.1811e+07   6.34e-45
  4.3376e+07   1.85e-48
  4.5000e+07   7.72e-53
