#  E [GeV]   # per interaction  [GeV^{-1}]
  3.0000e+01   2.50e-01
  3.0696e+01   2.42e-01
  3.1408e+01   2.34e-01
  3.2137e+01   2.26e-01
  3.2883e+01   2.19e-01
  3.3646e+01   2.12e-01
  3.4426e+01   2.04e-01
  3.5225e+01   1.98e-01
  3.6042e+01   1.91e-01
  3.6878e+01   1.84e-01
  3.7734e+01   1.78e-01
  3.8609e+01   1.72e-01
  3.9505e+01   1.66e-01
  4.0422e+01   1.60e-01
  4.1360e+01   1.55e-01
  4.2319e+01   1.49e-01
  4.3301e+01   1.44e-01
  4.4306e+01   1.39e-01
  4.5334e+01   1.34e-01
  4.6386e+01   1.29e-01
  4.7462e+01   1.24e-01
  4.8563e+01   1.20e-01
  4.9690e+01   1.16e-01
  5.0843e+01   1.11e-01
  5.2022e+01   1.07e-01
  5.3229e+01   1.03e-01
  5.4464e+01   9.95e-02
  5.5728e+01   9.59e-02
  5.7021e+01   9.23e-02
  5.8344e+01   8.88e-02
  5.9697e+01   8.54e-02
  6.1083e+01   8.22e-02
  6.2500e+01   7.91e-02
  6.3950e+01   7.60e-02
  6.5434e+01   7.31e-02
  6.6952e+01   7.03e-02
  6.8505e+01   6.75e-02
  7.0095e+01   6.49e-02
  7.1721e+01   6.23e-02
  7.3385e+01   5.98e-02
  7.5088e+01   5.74e-02
  7.6830e+01   5.51e-02
  7.8612e+01   5.29e-02
  8.0436e+01   5.07e-02
  8.2302e+01   4.87e-02
  8.4212e+01   4.66e-02
  8.6166e+01   4.47e-02
  8.8165e+01   4.29e-02
  9.0210e+01   4.11e-02
  9.2304e+01   3.93e-02
  9.4445e+01   3.77e-02
  9.6636e+01   3.61e-02
  9.8878e+01   3.45e-02
  1.0117e+02   3.30e-02
  1.0352e+02   3.16e-02
  1.0592e+02   3.02e-02
  1.0838e+02   2.89e-02
  1.1089e+02   2.76e-02
  1.1347e+02   2.64e-02
  1.1610e+02   2.52e-02
  1.1879e+02   2.41e-02
  1.2155e+02   2.30e-02
  1.2437e+02   2.20e-02
  1.2725e+02   2.10e-02
  1.3021e+02   2.00e-02
  1.3323e+02   1.91e-02
  1.3632e+02   1.82e-02
  1.3948e+02   1.73e-02
  1.4272e+02   1.65e-02
  1.4603e+02   1.57e-02
  1.4942e+02   1.50e-02
  1.5288e+02   1.42e-02
  1.5643e+02   1.35e-02
  1.6006e+02   1.29e-02
  1.6377e+02   1.23e-02
  1.6757e+02   1.16e-02
  1.7146e+02   1.11e-02
  1.7544e+02   1.05e-02
  1.7951e+02   9.97e-03
  1.8368e+02   9.46e-03
  1.8794e+02   8.97e-03
  1.9230e+02   8.50e-03
  1.9676e+02   8.06e-03
  2.0132e+02   7.64e-03
  2.0600e+02   7.24e-03
  2.1078e+02   6.85e-03
  2.1567e+02   6.47e-03
  2.2067e+02   6.13e-03
  2.2579e+02   5.80e-03
  2.3103e+02   5.48e-03
  2.3639e+02   5.17e-03
  2.4187e+02   4.87e-03
  2.4748e+02   4.61e-03
  2.5323e+02   4.35e-03
  2.5910e+02   4.10e-03
  2.6511e+02   3.86e-03
  2.7126e+02   3.63e-03
  2.7756e+02   3.42e-03
  2.8400e+02   3.22e-03
  2.9059e+02   3.02e-03
  2.9733e+02   2.83e-03
  3.0423e+02   2.66e-03
  3.1129e+02   2.50e-03
  3.1851e+02   2.34e-03
  3.2590e+02   2.20e-03
  3.3346e+02   2.05e-03
  3.4120e+02   1.92e-03
  3.4911e+02   1.80e-03
  3.5721e+02   1.68e-03
  3.6550e+02   1.57e-03
  3.7398e+02   1.47e-03
  3.8266e+02   1.37e-03
  3.9154e+02   1.28e-03
  4.0062e+02   1.19e-03
  4.0991e+02   1.11e-03
  4.1943e+02   1.03e-03
  4.2916e+02   9.57e-04
  4.3911e+02   8.92e-04
  4.4930e+02   8.30e-04
  4.5973e+02   7.70e-04
  4.7039e+02   7.13e-04
  4.8131e+02   6.59e-04
  4.9247e+02   6.12e-04
  5.0390e+02   5.68e-04
  5.1559e+02   5.25e-04
  5.2755e+02   4.85e-04
  5.3979e+02   4.46e-04
  5.5232e+02   4.13e-04
  5.6513e+02   3.81e-04
  5.7824e+02   3.51e-04
  5.9166e+02   3.22e-04
  6.0539e+02   2.95e-04
  6.1943e+02   2.72e-04
  6.3381e+02   2.51e-04
  6.4851e+02   2.30e-04
  6.6356e+02   2.10e-04
  6.7895e+02   1.92e-04
  6.9471e+02   1.77e-04
  7.1082e+02   1.62e-04
  7.2732e+02   1.48e-04
  7.4419e+02   1.35e-04
  7.6146e+02   1.23e-04
  7.7912e+02   1.12e-04
  7.9720e+02   1.03e-04
  8.1570e+02   9.35e-05
  8.3462e+02   8.48e-05
  8.5399e+02   7.67e-05
  8.7380e+02   7.00e-05
  8.9407e+02   6.38e-05
  9.1482e+02   5.79e-05
  9.3604e+02   5.23e-05
  9.5776e+02   4.70e-05
  9.7998e+02   4.28e-05
  1.0027e+03   3.88e-05
  1.0260e+03   3.51e-05
  1.0498e+03   3.16e-05
  1.0741e+03   2.83e-05
  1.0991e+03   2.56e-05
  1.1246e+03   2.32e-05
  1.1507e+03   2.09e-05
  1.1774e+03   1.87e-05
  1.2047e+03   1.66e-05
  1.2326e+03   1.50e-05
  1.2612e+03   1.35e-05
  1.2905e+03   1.21e-05
  1.3204e+03   1.08e-05
  1.3511e+03   9.50e-06
  1.3824e+03   8.55e-06
  1.4145e+03   7.68e-06
  1.4473e+03   6.85e-06
  1.4809e+03   6.06e-06
  1.5152e+03   5.32e-06
  1.5504e+03   4.77e-06
  1.5864e+03   4.27e-06
  1.6232e+03   3.80e-06
  1.6608e+03   3.35e-06
  1.6994e+03   2.92e-06
  1.7388e+03   2.61e-06
  1.7791e+03   2.33e-06
  1.8204e+03   2.06e-06
  1.8626e+03   1.80e-06
  1.9059e+03   1.56e-06
  1.9501e+03   1.39e-06
  1.9953e+03   1.23e-06
  2.0416e+03   1.08e-06
  2.0890e+03   9.40e-07
  2.1375e+03   8.06e-07
  2.1870e+03   7.10e-07
  2.2378e+03   6.26e-07
  2.2897e+03   5.45e-07
  2.3428e+03   4.69e-07
  2.3972e+03   3.97e-07
  2.4528e+03   3.44e-07
  2.5097e+03   2.98e-07
  2.5680e+03   2.54e-07
  2.6275e+03   2.13e-07
  2.6885e+03   1.73e-07
  2.7509e+03   1.48e-07
  2.8147e+03   1.28e-07
  2.8800e+03   1.09e-07
