#  E [MeV]   Flux [# cm^{-2} s^{-1}  MeV^{-1}]
  3.0000e+04   2.06e-23
  3.0696e+04   1.99e-23
  3.1408e+04   1.93e-23
  3.2137e+04   1.87e-23
  3.2883e+04   1.80e-23
  3.3646e+04   1.74e-23
  3.4426e+04   1.69e-23
  3.5225e+04   1.63e-23
  3.6042e+04   1.57e-23
  3.6878e+04   1.52e-23
  3.7734e+04   1.47e-23
  3.8609e+04   1.42e-23
  3.9505e+04   1.37e-23
  4.0422e+04   1.32e-23
  4.1360e+04   1.27e-23
  4.2319e+04   1.23e-23
  4.3301e+04   1.19e-23
  4.4306e+04   1.14e-23
  4.5334e+04   1.10e-23
  4.6386e+04   1.06e-23
  4.7462e+04   1.03e-23
  4.8563e+04   9.89e-24
  4.9690e+04   9.53e-24
  5.0843e+04   9.18e-24
  5.2022e+04   8.85e-24
  5.3229e+04   8.52e-24
  5.4464e+04   8.21e-24
  5.5728e+04   7.90e-24
  5.7021e+04   7.61e-24
  5.8344e+04   7.32e-24
  5.9697e+04   7.04e-24
  6.1083e+04   6.78e-24
  6.2500e+04   6.52e-24
  6.3950e+04   6.27e-24
  6.5434e+04   6.03e-24
  6.6952e+04   5.79e-24
  6.8505e+04   5.57e-24
  7.0095e+04   5.35e-24
  7.1721e+04   5.14e-24
  7.3385e+04   4.93e-24
  7.5088e+04   4.73e-24
  7.6830e+04   4.54e-24
  7.8612e+04   4.36e-24
  8.0436e+04   4.18e-24
  8.2302e+04   4.01e-24
  8.4212e+04   3.85e-24
  8.6166e+04   3.69e-24
  8.8165e+04   3.53e-24
  9.0210e+04   3.39e-24
  9.2304e+04   3.24e-24
  9.4445e+04   3.11e-24
  9.6636e+04   2.97e-24
  9.8878e+04   2.85e-24
  1.0117e+05   2.72e-24
  1.0352e+05   2.61e-24
  1.0592e+05   2.49e-24
  1.0838e+05   2.38e-24
  1.1089e+05   2.28e-24
  1.1347e+05   2.18e-24
  1.1610e+05   2.08e-24
  1.1879e+05   1.99e-24
  1.2155e+05   1.90e-24
  1.2437e+05   1.81e-24
  1.2725e+05   1.73e-24
  1.3021e+05   1.65e-24
  1.3323e+05   1.57e-24
  1.3632e+05   1.50e-24
  1.3948e+05   1.43e-24
  1.4272e+05   1.36e-24
  1.4603e+05   1.30e-24
  1.4942e+05   1.23e-24
  1.5288e+05   1.17e-24
  1.5643e+05   1.12e-24
  1.6006e+05   1.06e-24
  1.6377e+05   1.01e-24
  1.6757e+05   9.59e-25
  1.7146e+05   9.11e-25
  1.7544e+05   8.66e-25
  1.7951e+05   8.22e-25
  1.8368e+05   7.80e-25
  1.8794e+05   7.39e-25
  1.9230e+05   7.01e-25
  1.9676e+05   6.65e-25
  2.0132e+05   6.30e-25
  2.0600e+05   5.97e-25
  2.1078e+05   5.64e-25
  2.1567e+05   5.34e-25
  2.2067e+05   5.05e-25
  2.2579e+05   4.78e-25
  2.3103e+05   4.51e-25
  2.3639e+05   4.26e-25
  2.4187e+05   4.02e-25
  2.4748e+05   3.80e-25
  2.5323e+05   3.58e-25
  2.5910e+05   3.38e-25
  2.6511e+05   3.18e-25
  2.7126e+05   2.99e-25
  2.7756e+05   2.82e-25
  2.8400e+05   2.65e-25
  2.9059e+05   2.49e-25
  2.9733e+05   2.34e-25
  3.0423e+05   2.19e-25
  3.1129e+05   2.06e-25
  3.1851e+05   1.93e-25
  3.2590e+05   1.81e-25
  3.3346e+05   1.69e-25
  3.4120e+05   1.58e-25
  3.4911e+05   1.48e-25
  3.5721e+05   1.39e-25
  3.6550e+05   1.30e-25
  3.7398e+05   1.21e-25
  3.8266e+05   1.13e-25
  3.9154e+05   1.05e-25
  4.0062e+05   9.82e-26
  4.0991e+05   9.15e-26
  4.1943e+05   8.50e-26
  4.2916e+05   7.89e-26
  4.3911e+05   7.35e-26
  4.4930e+05   6.84e-26
  4.5973e+05   6.35e-26
  4.7039e+05   5.88e-26
  4.8131e+05   5.44e-26
  4.9247e+05   5.05e-26
  5.0390e+05   4.68e-26
  5.1559e+05   4.33e-26
  5.2755e+05   3.99e-26
  5.3979e+05   3.68e-26
  5.5232e+05   3.40e-26
  5.6513e+05   3.14e-26
  5.7824e+05   2.89e-26
  5.9166e+05   2.66e-26
  6.0539e+05   2.43e-26
  6.1943e+05   2.25e-26
  6.3381e+05   2.07e-26
  6.4851e+05   1.90e-26
  6.6356e+05   1.74e-26
  6.7895e+05   1.58e-26
  6.9471e+05   1.46e-26
  7.1082e+05   1.33e-26
  7.2732e+05   1.22e-26
  7.4419e+05   1.11e-26
  7.6146e+05   1.01e-26
  7.7912e+05   9.26e-27
  7.9720e+05   8.46e-27
  8.1570e+05   7.71e-27
  8.3462e+05   6.99e-27
  8.5399e+05   6.32e-27
  8.7380e+05   5.77e-27
  8.9407e+05   5.26e-27
  9.1482e+05   4.77e-27
  9.3604e+05   4.31e-27
  9.5776e+05   3.88e-27
  9.7998e+05   3.53e-27
  1.0027e+06   3.20e-27
  1.0260e+06   2.90e-27
  1.0498e+06   2.60e-27
  1.0741e+06   2.33e-27
  1.0991e+06   2.11e-27
  1.1246e+06   1.91e-27
  1.1507e+06   1.72e-27
  1.1774e+06   1.54e-27
  1.2047e+06   1.37e-27
  1.2326e+06   1.23e-27
  1.2612e+06   1.11e-27
  1.2905e+06   9.96e-28
  1.3204e+06   8.87e-28
  1.3511e+06   7.83e-28
  1.3824e+06   7.05e-28
  1.4145e+06   6.33e-28
  1.4473e+06   5.64e-28
  1.4809e+06   5.00e-28
  1.5152e+06   4.39e-28
  1.5504e+06   3.93e-28
  1.5864e+06   3.52e-28
  1.6232e+06   3.13e-28
  1.6608e+06   2.76e-28
  1.6994e+06   2.41e-28
  1.7388e+06   2.15e-28
  1.7791e+06   1.92e-28
  1.8204e+06   1.70e-28
  1.8626e+06   1.49e-28
  1.9059e+06   1.29e-28
  1.9501e+06   1.14e-28
  1.9953e+06   1.01e-28
  2.0416e+06   8.91e-29
  2.0890e+06   7.75e-29
  2.1375e+06   6.65e-29
  2.1870e+06   5.85e-29
  2.2378e+06   5.16e-29
  2.2897e+06   4.50e-29
  2.3428e+06   3.87e-29
  2.3972e+06   3.27e-29
  2.4528e+06   2.84e-29
  2.5097e+06   2.46e-29
  2.5680e+06   2.10e-29
  2.6275e+06   1.75e-29
  2.6885e+06   1.43e-29
  2.7509e+06   1.22e-29
  2.8147e+06   1.05e-29
  2.8800e+06   8.96e-30
