#  E [GeV]   # per interaction  [GeV^{-1}]
  3.0000e+01   1.61e-01
  3.0589e+01   1.56e-01
  3.1190e+01   1.51e-01
  3.1803e+01   1.46e-01
  3.2428e+01   1.41e-01
  3.3065e+01   1.36e-01
  3.3714e+01   1.32e-01
  3.4376e+01   1.27e-01
  3.5052e+01   1.23e-01
  3.5740e+01   1.19e-01
  3.6442e+01   1.15e-01
  3.7158e+01   1.11e-01
  3.7888e+01   1.07e-01
  3.8632e+01   1.04e-01
  3.9391e+01   1.00e-01
  4.0165e+01   9.68e-02
  4.0954e+01   9.35e-02
  4.1758e+01   9.02e-02
  4.2579e+01   8.71e-02
  4.3415e+01   8.41e-02
  4.4268e+01   8.11e-02
  4.5138e+01   7.82e-02
  4.6024e+01   7.54e-02
  4.6928e+01   7.28e-02
  4.7850e+01   7.02e-02
  4.8790e+01   6.76e-02
  4.9749e+01   6.52e-02
  5.0726e+01   6.28e-02
  5.1722e+01   6.05e-02
  5.2738e+01   5.83e-02
  5.3774e+01   5.61e-02
  5.4831e+01   5.41e-02
  5.5908e+01   5.21e-02
  5.7006e+01   5.01e-02
  5.8126e+01   4.82e-02
  5.9268e+01   4.64e-02
  6.0432e+01   4.46e-02
  6.1619e+01   4.29e-02
  6.2829e+01   4.13e-02
  6.4064e+01   3.97e-02
  6.5322e+01   3.81e-02
  6.6605e+01   3.67e-02
  6.7913e+01   3.52e-02
  6.9248e+01   3.38e-02
  7.0608e+01   3.25e-02
  7.1995e+01   3.12e-02
  7.3409e+01   2.99e-02
  7.4851e+01   2.87e-02
  7.6321e+01   2.76e-02
  7.7821e+01   2.64e-02
  7.9349e+01   2.54e-02
  8.0908e+01   2.43e-02
  8.2497e+01   2.33e-02
  8.4118e+01   2.23e-02
  8.5770e+01   2.14e-02
  8.7455e+01   2.05e-02
  8.9173e+01   1.96e-02
  9.0925e+01   1.88e-02
  9.2711e+01   1.80e-02
  9.4532e+01   1.72e-02
  9.6389e+01   1.65e-02
  9.8283e+01   1.57e-02
  1.0021e+02   1.51e-02
  1.0218e+02   1.44e-02
  1.0419e+02   1.37e-02
  1.0624e+02   1.31e-02
  1.0832e+02   1.26e-02
  1.1045e+02   1.20e-02
  1.1262e+02   1.14e-02
  1.1483e+02   1.09e-02
  1.1709e+02   1.04e-02
  1.1939e+02   9.93e-03
  1.2173e+02   9.48e-03
  1.2412e+02   9.04e-03
  1.2656e+02   8.61e-03
  1.2905e+02   8.19e-03
  1.3158e+02   7.80e-03
  1.3417e+02   7.43e-03
  1.3680e+02   7.07e-03
  1.3949e+02   6.73e-03
  1.4223e+02   6.39e-03
  1.4503e+02   6.07e-03
  1.4787e+02   5.76e-03
  1.5078e+02   5.48e-03
  1.5374e+02   5.21e-03
  1.5676e+02   4.94e-03
  1.5984e+02   4.69e-03
  1.6298e+02   4.44e-03
  1.6618e+02   4.20e-03
  1.6945e+02   3.99e-03
  1.7278e+02   3.78e-03
  1.7617e+02   3.58e-03
  1.7963e+02   3.39e-03
  1.8316e+02   3.20e-03
  1.8676e+02   3.03e-03
  1.9042e+02   2.86e-03
  1.9417e+02   2.71e-03
  1.9798e+02   2.56e-03
  2.0187e+02   2.41e-03
  2.0583e+02   2.27e-03
  2.0988e+02   2.14e-03
  2.1400e+02   2.02e-03
  2.1820e+02   1.91e-03
  2.2249e+02   1.80e-03
  2.2686e+02   1.69e-03
  2.3132e+02   1.59e-03
  2.3586e+02   1.49e-03
  2.4049e+02   1.40e-03
  2.4522e+02   1.32e-03
  2.5004e+02   1.24e-03
  2.5495e+02   1.16e-03
  2.5996e+02   1.09e-03
  2.6506e+02   1.02e-03
  2.7027e+02   9.55e-04
  2.7558e+02   8.94e-04
  2.8099e+02   8.35e-04
  2.8651e+02   7.79e-04
  2.9214e+02   7.25e-04
  2.9788e+02   6.77e-04
  3.0373e+02   6.33e-04
  3.0970e+02   5.90e-04
  3.1578e+02   5.49e-04
  3.2198e+02   5.10e-04
  3.2831e+02   4.72e-04
  3.3476e+02   4.40e-04
  3.4133e+02   4.10e-04
  3.4804e+02   3.80e-04
  3.5487e+02   3.52e-04
  3.6185e+02   3.26e-04
  3.6895e+02   3.00e-04
  3.7620e+02   2.79e-04
  3.8359e+02   2.58e-04
  3.9113e+02   2.39e-04
  3.9881e+02   2.20e-04
  4.0664e+02   2.02e-04
  4.1463e+02   1.85e-04
  4.2278e+02   1.71e-04
  4.3108e+02   1.58e-04
  4.3955e+02   1.45e-04
  4.4818e+02   1.33e-04
  4.5699e+02   1.22e-04
  4.6596e+02   1.11e-04
  4.7512e+02   1.02e-04
  4.8445e+02   9.39e-05
  4.9397e+02   8.60e-05
  5.0367e+02   7.84e-05
  5.1356e+02   7.12e-05
  5.2365e+02   6.46e-05
  5.3394e+02   5.92e-05
  5.4443e+02   5.41e-05
  5.5512e+02   4.92e-05
  5.6603e+02   4.45e-05
  5.7715e+02   4.01e-05
  5.8848e+02   3.62e-05
  6.0004e+02   3.30e-05
  6.1183e+02   3.00e-05
  6.2385e+02   2.71e-05
  6.3610e+02   2.44e-05
  6.4860e+02   2.18e-05
  6.6134e+02   1.96e-05
  6.7433e+02   1.78e-05
  6.8758e+02   1.61e-05
  7.0108e+02   1.45e-05
  7.1486e+02   1.29e-05
  7.2890e+02   1.15e-05
  7.4322e+02   1.03e-05
  7.5782e+02   9.30e-06
  7.7270e+02   8.38e-06
  7.8788e+02   7.50e-06
  8.0336e+02   6.67e-06
  8.1914e+02   5.89e-06
  8.3523e+02   5.25e-06
  8.5164e+02   4.73e-06
  8.6837e+02   4.24e-06
  8.8542e+02   3.78e-06
  9.0282e+02   3.34e-06
  9.2055e+02   2.93e-06
  9.3863e+02   2.60e-06
  9.5707e+02   2.33e-06
  9.7587e+02   2.08e-06
  9.9504e+02   1.84e-06
  1.0146e+03   1.62e-06
  1.0345e+03   1.41e-06
  1.0548e+03   1.25e-06
  1.0756e+03   1.11e-06
  1.0967e+03   9.83e-07
  1.1182e+03   8.63e-07
  1.1402e+03   7.49e-07
  1.1626e+03   6.41e-07
  1.1854e+03   5.62e-07
  1.2087e+03   4.95e-07
  1.2325e+03   4.31e-07
  1.2567e+03   3.71e-07
  1.2814e+03   3.14e-07
  1.3065e+03   2.61e-07
  1.3322e+03   2.30e-07
  1.3584e+03   2.04e-07
  1.3851e+03   1.80e-07
  1.4123e+03   1.57e-07
  1.4400e+03   1.36e-07
