#  E [GeV]   # per interaction  [GeV^{-1}]
  3.0000e+01   4.24e-01
  3.0962e+01   4.10e-01
  3.1955e+01   3.96e-01
  3.2979e+01   3.82e-01
  3.4037e+01   3.69e-01
  3.5128e+01   3.57e-01
  3.6254e+01   3.44e-01
  3.7417e+01   3.32e-01
  3.8616e+01   3.21e-01
  3.9855e+01   3.10e-01
  4.1132e+01   2.99e-01
  4.2451e+01   2.88e-01
  4.3812e+01   2.78e-01
  4.5217e+01   2.68e-01
  4.6667e+01   2.59e-01
  4.8163e+01   2.49e-01
  4.9707e+01   2.40e-01
  5.1301e+01   2.32e-01
  5.2946e+01   2.23e-01
  5.4644e+01   2.15e-01
  5.6396e+01   2.07e-01
  5.8204e+01   1.99e-01
  6.0070e+01   1.92e-01
  6.1996e+01   1.85e-01
  6.3984e+01   1.78e-01
  6.6035e+01   1.71e-01
  6.8153e+01   1.64e-01
  7.0338e+01   1.58e-01
  7.2593e+01   1.52e-01
  7.4921e+01   1.46e-01
  7.7323e+01   1.40e-01
  7.9802e+01   1.35e-01
  8.2361e+01   1.30e-01
  8.5002e+01   1.24e-01
  8.7727e+01   1.19e-01
  9.0540e+01   1.15e-01
  9.3443e+01   1.10e-01
  9.6439e+01   1.05e-01
  9.9531e+01   1.01e-01
  1.0272e+02   9.68e-02
  1.0602e+02   9.28e-02
  1.0942e+02   8.89e-02
  1.1292e+02   8.51e-02
  1.1654e+02   8.14e-02
  1.2028e+02   7.79e-02
  1.2414e+02   7.45e-02
  1.2812e+02   7.13e-02
  1.3223e+02   6.81e-02
  1.3646e+02   6.51e-02
  1.4084e+02   6.22e-02
  1.4536e+02   5.94e-02
  1.5002e+02   5.67e-02
  1.5483e+02   5.41e-02
  1.5979e+02   5.16e-02
  1.6491e+02   4.92e-02
  1.7020e+02   4.69e-02
  1.7566e+02   4.47e-02
  1.8129e+02   4.26e-02
  1.8710e+02   4.06e-02
  1.9310e+02   3.86e-02
  1.9929e+02   3.67e-02
  2.0568e+02   3.49e-02
  2.1228e+02   3.32e-02
  2.1909e+02   3.16e-02
  2.2611e+02   3.00e-02
  2.3336e+02   2.85e-02
  2.4084e+02   2.70e-02
  2.4856e+02   2.56e-02
  2.5653e+02   2.43e-02
  2.6476e+02   2.30e-02
  2.7325e+02   2.18e-02
  2.8201e+02   2.07e-02
  2.9105e+02   1.96e-02
  3.0038e+02   1.85e-02
  3.1002e+02   1.75e-02
  3.1996e+02   1.66e-02
  3.3021e+02   1.57e-02
  3.4080e+02   1.48e-02
  3.5173e+02   1.40e-02
  3.6301e+02   1.32e-02
  3.7465e+02   1.24e-02
  3.8666e+02   1.17e-02
  3.9905e+02   1.10e-02
  4.1185e+02   1.04e-02
  4.2506e+02   9.78e-03
  4.3868e+02   9.19e-03
  4.5275e+02   8.64e-03
  4.6727e+02   8.12e-03
  4.8225e+02   7.63e-03
  4.9771e+02   7.16e-03
  5.1367e+02   6.71e-03
  5.3014e+02   6.30e-03
  5.4714e+02   5.90e-03
  5.6468e+02   5.52e-03
  5.8278e+02   5.17e-03
  6.0147e+02   4.84e-03
  6.2075e+02   4.52e-03
  6.4066e+02   4.23e-03
  6.6120e+02   3.95e-03
  6.8240e+02   3.69e-03
  7.0428e+02   3.44e-03
  7.2686e+02   3.21e-03
  7.5017e+02   2.99e-03
  7.7422e+02   2.79e-03
  7.9904e+02   2.60e-03
  8.2466e+02   2.42e-03
  8.5110e+02   2.25e-03
  8.7839e+02   2.09e-03
  9.0656e+02   1.94e-03
  9.3562e+02   1.81e-03
  9.6562e+02   1.68e-03
  9.9658e+02   1.55e-03
  1.0285e+03   1.44e-03
  1.0615e+03   1.34e-03
  1.0956e+03   1.24e-03
  1.1307e+03   1.15e-03
  1.1669e+03   1.07e-03
  1.2043e+03   9.86e-04
  1.2430e+03   9.11e-04
  1.2828e+03   8.43e-04
  1.3239e+03   7.79e-04
  1.3664e+03   7.18e-04
  1.4102e+03   6.63e-04
  1.4554e+03   6.12e-04
  1.5021e+03   5.64e-04
  1.5502e+03   5.19e-04
  1.6000e+03   4.79e-04
  1.6513e+03   4.41e-04
  1.7042e+03   4.05e-04
  1.7588e+03   3.72e-04
  1.8152e+03   3.42e-04
  1.8734e+03   3.14e-04
  1.9335e+03   2.87e-04
  1.9955e+03   2.64e-04
  2.0595e+03   2.42e-04
  2.1255e+03   2.21e-04
  2.1937e+03   2.02e-04
  2.2640e+03   1.85e-04
  2.3366e+03   1.69e-04
  2.4115e+03   1.54e-04
  2.4888e+03   1.40e-04
  2.5686e+03   1.28e-04
  2.6510e+03   1.16e-04
  2.7360e+03   1.05e-04
  2.8237e+03   9.59e-05
  2.9142e+03   8.72e-05
  3.0077e+03   7.89e-05
  3.1041e+03   7.12e-05
  3.2036e+03   6.45e-05
  3.3064e+03   5.83e-05
  3.4124e+03   5.24e-05
  3.5218e+03   4.71e-05
  3.6347e+03   4.24e-05
  3.7512e+03   3.81e-05
  3.8715e+03   3.39e-05
  3.9957e+03   3.04e-05
  4.1238e+03   2.73e-05
  4.2560e+03   2.43e-05
  4.3924e+03   2.15e-05
  4.5333e+03   1.92e-05
  4.6786e+03   1.71e-05
  4.8286e+03   1.51e-05
  4.9835e+03   1.33e-05
  5.1433e+03   1.18e-05
  5.3082e+03   1.04e-05
  5.4784e+03   9.08e-06
  5.6540e+03   8.01e-06
  5.8353e+03   7.04e-06
  6.0224e+03   6.13e-06
  6.2155e+03   5.31e-06
  6.4148e+03   4.65e-06
  6.6205e+03   4.04e-06
  6.8327e+03   3.47e-06
  7.0518e+03   2.99e-06
  7.2779e+03   2.59e-06
  7.5113e+03   2.22e-06
  7.7521e+03   1.87e-06
  8.0007e+03   1.61e-06
  8.2572e+03   1.38e-06
  8.5219e+03   1.17e-06
  8.7952e+03   9.78e-07
  9.0772e+03   8.36e-07
  9.3682e+03   7.05e-07
  9.6686e+03   5.85e-07
  9.9786e+03   4.89e-07
  1.0299e+04   4.11e-07
  1.0629e+04   3.40e-07
  1.0970e+04   2.75e-07
  1.1321e+04   2.30e-07
  1.1684e+04   1.90e-07
  1.2059e+04   1.54e-07
  1.2446e+04   1.23e-07
  1.2845e+04   1.00e-07
  1.3256e+04   8.01e-08
  1.3681e+04   6.21e-08
  1.4120e+04   4.84e-08
  1.4573e+04   3.74e-08
  1.5040e+04   2.79e-08
  1.5522e+04   1.98e-08
  1.6020e+04   1.47e-08
