#  E [GeV]   # per interaction  [GeV^{-1}]
  3.0000e+01   3.46e-01
  3.0675e+01   3.34e-01
  3.1366e+01   3.23e-01
  3.2072e+01   3.12e-01
  3.2794e+01   3.01e-01
  3.3533e+01   2.91e-01
  3.4288e+01   2.80e-01
  3.5060e+01   2.71e-01
  3.5849e+01   2.61e-01
  3.6656e+01   2.52e-01
  3.7482e+01   2.43e-01
  3.8326e+01   2.34e-01
  3.9188e+01   2.26e-01
  4.0071e+01   2.18e-01
  4.0973e+01   2.10e-01
  4.1896e+01   2.02e-01
  4.2839e+01   1.95e-01
  4.3803e+01   1.88e-01
  4.4790e+01   1.81e-01
  4.5798e+01   1.75e-01
  4.6829e+01   1.68e-01
  4.7884e+01   1.62e-01
  4.8962e+01   1.56e-01
  5.0064e+01   1.51e-01
  5.1191e+01   1.45e-01
  5.2344e+01   1.40e-01
  5.3522e+01   1.34e-01
  5.4727e+01   1.29e-01
  5.5960e+01   1.25e-01
  5.7219e+01   1.20e-01
  5.8508e+01   1.15e-01
  5.9825e+01   1.11e-01
  6.1172e+01   1.07e-01
  6.2549e+01   1.03e-01
  6.3958e+01   9.86e-02
  6.5398e+01   9.47e-02
  6.6870e+01   9.10e-02
  6.8376e+01   8.74e-02
  6.9915e+01   8.39e-02
  7.1489e+01   8.05e-02
  7.3099e+01   7.72e-02
  7.4745e+01   7.41e-02
  7.6428e+01   7.10e-02
  7.8148e+01   6.81e-02
  7.9908e+01   6.53e-02
  8.1707e+01   6.26e-02
  8.3547e+01   5.99e-02
  8.5428e+01   5.74e-02
  8.7351e+01   5.50e-02
  8.9318e+01   5.26e-02
  9.1329e+01   5.03e-02
  9.3385e+01   4.81e-02
  9.5488e+01   4.60e-02
  9.7638e+01   4.40e-02
  9.9836e+01   4.21e-02
  1.0208e+02   4.02e-02
  1.0438e+02   3.84e-02
  1.0673e+02   3.66e-02
  1.0914e+02   3.50e-02
  1.1159e+02   3.34e-02
  1.1411e+02   3.18e-02
  1.1667e+02   3.03e-02
  1.1930e+02   2.89e-02
  1.2199e+02   2.75e-02
  1.2473e+02   2.62e-02
  1.2754e+02   2.50e-02
  1.3041e+02   2.37e-02
  1.3335e+02   2.26e-02
  1.3635e+02   2.14e-02
  1.3942e+02   2.04e-02
  1.4256e+02   1.94e-02
  1.4577e+02   1.84e-02
  1.4905e+02   1.74e-02
  1.5241e+02   1.65e-02
  1.5584e+02   1.57e-02
  1.5935e+02   1.48e-02
  1.6294e+02   1.41e-02
  1.6661e+02   1.33e-02
  1.7036e+02   1.26e-02
  1.7419e+02   1.19e-02
  1.7812e+02   1.12e-02
  1.8213e+02   1.06e-02
  1.8623e+02   1.00e-02
  1.9042e+02   9.44e-03
  1.9471e+02   8.91e-03
  1.9909e+02   8.41e-03
  2.0357e+02   7.92e-03
  2.0816e+02   7.45e-03
  2.1284e+02   7.00e-03
  2.1763e+02   6.58e-03
  2.2253e+02   6.19e-03
  2.2755e+02   5.82e-03
  2.3267e+02   5.46e-03
  2.3791e+02   5.11e-03
  2.4326e+02   4.79e-03
  2.4874e+02   4.49e-03
  2.5434e+02   4.20e-03
  2.6007e+02   3.93e-03
  2.6592e+02   3.66e-03
  2.7191e+02   3.42e-03
  2.7803e+02   3.19e-03
  2.8429e+02   2.98e-03
  2.9069e+02   2.78e-03
  2.9724e+02   2.58e-03
  3.0393e+02   2.39e-03
  3.1077e+02   2.23e-03
  3.1777e+02   2.08e-03
  3.2493e+02   1.93e-03
  3.3224e+02   1.78e-03
  3.3972e+02   1.65e-03
  3.4737e+02   1.53e-03
  3.5519e+02   1.42e-03
  3.6319e+02   1.31e-03
  3.7137e+02   1.21e-03
  3.7973e+02   1.11e-03
  3.8828e+02   1.03e-03
  3.9702e+02   9.51e-04
  4.0596e+02   8.76e-04
  4.1510e+02   8.05e-04
  4.2444e+02   7.37e-04
  4.3400e+02   6.78e-04
  4.4377e+02   6.25e-04
  4.5376e+02   5.74e-04
  4.6398e+02   5.25e-04
  4.7443e+02   4.79e-04
  4.8511e+02   4.38e-04
  4.9603e+02   4.02e-04
  5.0720e+02   3.68e-04
  5.1862e+02   3.35e-04
  5.3030e+02   3.04e-04
  5.4224e+02   2.76e-04
  5.5444e+02   2.53e-04
  5.6693e+02   2.31e-04
  5.7969e+02   2.10e-04
  5.9274e+02   1.89e-04
  6.0609e+02   1.71e-04
  6.1974e+02   1.56e-04
  6.3369e+02   1.42e-04
  6.4796e+02   1.28e-04
  6.6255e+02   1.16e-04
  6.7746e+02   1.03e-04
  6.9272e+02   9.43e-05
  7.0831e+02   8.56e-05
  7.2426e+02   7.72e-05
  7.4057e+02   6.93e-05
  7.5724e+02   6.18e-05
  7.7429e+02   5.60e-05
  7.9172e+02   5.07e-05
  8.0955e+02   4.57e-05
  8.2778e+02   4.09e-05
  8.4641e+02   3.64e-05
  8.6547e+02   3.27e-05
  8.8496e+02   2.96e-05
  9.0488e+02   2.66e-05
  9.2526e+02   2.38e-05
  9.4609e+02   2.11e-05
  9.6739e+02   1.89e-05
  9.8917e+02   1.70e-05
  1.0114e+03   1.53e-05
  1.0342e+03   1.37e-05
  1.0575e+03   1.21e-05
  1.0813e+03   1.07e-05
  1.1057e+03   9.69e-06
  1.1305e+03   8.71e-06
  1.1560e+03   7.78e-06
  1.1820e+03   6.89e-06
  1.2086e+03   6.09e-06
  1.2359e+03   5.52e-06
  1.2637e+03   4.98e-06
  1.2921e+03   4.47e-06
  1.3212e+03   3.98e-06
  1.3510e+03   3.51e-06
  1.3814e+03   3.20e-06
  1.4125e+03   2.90e-06
  1.4443e+03   2.62e-06
  1.4768e+03   2.35e-06
  1.5101e+03   2.09e-06
  1.5441e+03   1.91e-06
  1.5788e+03   1.75e-06
  1.6144e+03   1.60e-06
  1.6507e+03   1.46e-06
  1.6879e+03   1.32e-06
  1.7259e+03   1.21e-06
  1.7648e+03   1.12e-06
  1.8045e+03   1.04e-06
  1.8451e+03   9.57e-07
  1.8867e+03   8.78e-07
  1.9291e+03   8.11e-07
  1.9726e+03   7.56e-07
  2.0170e+03   7.03e-07
  2.0624e+03   6.52e-07
  2.1088e+03   6.03e-07
  2.1563e+03   5.58e-07
  2.2049e+03   5.18e-07
  2.2545e+03   4.80e-07
  2.3053e+03   4.43e-07
  2.3572e+03   4.08e-07
  2.4102e+03   3.76e-07
  2.4645e+03   3.54e-07
  2.5200e+03   3.33e-07
