#  E [GeV]   # per interaction  [GeV^{-1}]
  3.0000e+01   5.31e-01
  3.0854e+01   5.12e-01
  3.1733e+01   4.93e-01
  3.2636e+01   4.75e-01
  3.3566e+01   4.57e-01
  3.4521e+01   4.40e-01
  3.5504e+01   4.24e-01
  3.6515e+01   4.08e-01
  3.7555e+01   3.93e-01
  3.8625e+01   3.78e-01
  3.9724e+01   3.64e-01
  4.0855e+01   3.51e-01
  4.2019e+01   3.37e-01
  4.3215e+01   3.25e-01
  4.4446e+01   3.12e-01
  4.5711e+01   3.01e-01
  4.7013e+01   2.89e-01
  4.8352e+01   2.78e-01
  4.9728e+01   2.67e-01
  5.1144e+01   2.57e-01
  5.2601e+01   2.47e-01
  5.4099e+01   2.37e-01
  5.5639e+01   2.28e-01
  5.7223e+01   2.19e-01
  5.8853e+01   2.11e-01
  6.0528e+01   2.02e-01
  6.2252e+01   1.94e-01
  6.4025e+01   1.86e-01
  6.5848e+01   1.79e-01
  6.7723e+01   1.71e-01
  6.9651e+01   1.64e-01
  7.1634e+01   1.58e-01
  7.3674e+01   1.51e-01
  7.5772e+01   1.45e-01
  7.7929e+01   1.39e-01
  8.0148e+01   1.33e-01
  8.2431e+01   1.27e-01
  8.4778e+01   1.22e-01
  8.7192e+01   1.16e-01
  8.9674e+01   1.11e-01
  9.2228e+01   1.06e-01
  9.4854e+01   1.01e-01
  9.7555e+01   9.69e-02
  1.0033e+02   9.24e-02
  1.0319e+02   8.82e-02
  1.0613e+02   8.41e-02
  1.0915e+02   8.01e-02
  1.1226e+02   7.64e-02
  1.1545e+02   7.27e-02
  1.1874e+02   6.93e-02
  1.2212e+02   6.60e-02
  1.2560e+02   6.28e-02
  1.2918e+02   5.98e-02
  1.3286e+02   5.69e-02
  1.3664e+02   5.41e-02
  1.4053e+02   5.15e-02
  1.4453e+02   4.89e-02
  1.4865e+02   4.65e-02
  1.5288e+02   4.42e-02
  1.5723e+02   4.20e-02
  1.6171e+02   3.99e-02
  1.6631e+02   3.78e-02
  1.7105e+02   3.59e-02
  1.7592e+02   3.40e-02
  1.8093e+02   3.22e-02
  1.8608e+02   3.05e-02
  1.9138e+02   2.89e-02
  1.9683e+02   2.73e-02
  2.0243e+02   2.58e-02
  2.0820e+02   2.43e-02
  2.1413e+02   2.30e-02
  2.2022e+02   2.17e-02
  2.2649e+02   2.04e-02
  2.3294e+02   1.92e-02
  2.3958e+02   1.81e-02
  2.4640e+02   1.70e-02
  2.5341e+02   1.60e-02
  2.6063e+02   1.50e-02
  2.6805e+02   1.41e-02
  2.7568e+02   1.32e-02
  2.8353e+02   1.24e-02
  2.9161e+02   1.16e-02
  2.9991e+02   1.08e-02
  3.0845e+02   1.01e-02
  3.1723e+02   9.41e-03
  3.2627e+02   8.77e-03
  3.3556e+02   8.17e-03
  3.4511e+02   7.60e-03
  3.5494e+02   7.07e-03
  3.6504e+02   6.55e-03
  3.7544e+02   6.08e-03
  3.8613e+02   5.64e-03
  3.9712e+02   5.21e-03
  4.0843e+02   4.81e-03
  4.2006e+02   4.45e-03
  4.3202e+02   4.10e-03
  4.4432e+02   3.78e-03
  4.5698e+02   3.47e-03
  4.6999e+02   3.19e-03
  4.8337e+02   2.93e-03
  4.9713e+02   2.69e-03
  5.1129e+02   2.46e-03
  5.2585e+02   2.25e-03
  5.4082e+02   2.06e-03
  5.5622e+02   1.88e-03
  5.7206e+02   1.71e-03
  5.8835e+02   1.56e-03
  6.0510e+02   1.42e-03
  6.2233e+02   1.29e-03
  6.4005e+02   1.17e-03
  6.5828e+02   1.06e-03
  6.7702e+02   9.67e-04
  6.9630e+02   8.76e-04
  7.1613e+02   7.91e-04
  7.3652e+02   7.14e-04
  7.5749e+02   6.46e-04
  7.7906e+02   5.83e-04
  8.0124e+02   5.24e-04
  8.2406e+02   4.71e-04
  8.4752e+02   4.24e-04
  8.7165e+02   3.82e-04
  8.9647e+02   3.42e-04
  9.2200e+02   3.06e-04
  9.4825e+02   2.75e-04
  9.7526e+02   2.47e-04
  1.0030e+03   2.21e-04
  1.0316e+03   1.97e-04
  1.0610e+03   1.77e-04
  1.0912e+03   1.58e-04
  1.1222e+03   1.41e-04
  1.1542e+03   1.25e-04
  1.1871e+03   1.12e-04
  1.2209e+03   1.00e-04
  1.2556e+03   8.91e-05
  1.2914e+03   7.88e-05
  1.3281e+03   7.04e-05
  1.3660e+03   6.28e-05
  1.4049e+03   5.57e-05
  1.4449e+03   4.92e-05
  1.4860e+03   4.38e-05
  1.5283e+03   3.89e-05
  1.5718e+03   3.44e-05
  1.6166e+03   3.03e-05
  1.6626e+03   2.68e-05
  1.7100e+03   2.38e-05
  1.7587e+03   2.10e-05
  1.8087e+03   1.84e-05
  1.8602e+03   1.62e-05
  1.9132e+03   1.44e-05
  1.9677e+03   1.27e-05
  2.0237e+03   1.11e-05
  2.0813e+03   9.72e-06
  2.1406e+03   8.61e-06
  2.2016e+03   7.57e-06
  2.2642e+03   6.59e-06
  2.3287e+03   5.75e-06
  2.3950e+03   5.08e-06
  2.4632e+03   4.45e-06
  2.5334e+03   3.86e-06
  2.6055e+03   3.35e-06
  2.6797e+03   2.95e-06
  2.7560e+03   2.58e-06
  2.8345e+03   2.24e-06
  2.9152e+03   1.92e-06
  2.9982e+03   1.69e-06
  3.0836e+03   1.48e-06
  3.1714e+03   1.28e-06
  3.2617e+03   1.09e-06
  3.3545e+03   9.63e-07
  3.4501e+03   8.41e-07
  3.5483e+03   7.28e-07
  3.6493e+03   6.22e-07
  3.7532e+03   5.49e-07
  3.8601e+03   4.81e-07
  3.9700e+03   4.18e-07
  4.0831e+03   3.59e-07
  4.1993e+03   3.16e-07
  4.3189e+03   2.78e-07
  4.4419e+03   2.43e-07
  4.5684e+03   2.10e-07
  4.6985e+03   1.85e-07
  4.8322e+03   1.64e-07
  4.9698e+03   1.44e-07
  5.1114e+03   1.26e-07
  5.2569e+03   1.12e-07
  5.4066e+03   9.94e-08
  5.5605e+03   8.79e-08
  5.7189e+03   7.74e-08
  5.8817e+03   6.83e-08
  6.0492e+03   6.05e-08
  6.2214e+03   5.33e-08
  6.3986e+03   4.67e-08
  6.5808e+03   4.08e-08
  6.7682e+03   3.55e-08
  6.9609e+03   3.07e-08
  7.1591e+03   2.63e-08
  7.3630e+03   2.26e-08
  7.5726e+03   1.96e-08
  7.7882e+03   1.69e-08
  8.0100e+03   1.45e-08
