#  E [MeV]   Flux [# cm^{-2} s^{-1}  MeV^{-1}]
  3.0000e+04   1.86e-24
  3.0962e+04   1.79e-24
  3.1955e+04   1.72e-24
  3.2979e+04   1.65e-24
  3.4037e+04   1.58e-24
  3.5128e+04   1.52e-24
  3.6254e+04   1.46e-24
  3.7417e+04   1.40e-24
  3.8616e+04   1.34e-24
  3.9855e+04   1.29e-24
  4.1132e+04   1.23e-24
  4.2451e+04   1.18e-24
  4.3812e+04   1.13e-24
  4.5217e+04   1.09e-24
  4.6667e+04   1.04e-24
  4.8163e+04   9.99e-25
  4.9707e+04   9.57e-25
  5.1301e+04   9.18e-25
  5.2946e+04   8.79e-25
  5.4644e+04   8.42e-25
  5.6396e+04   8.07e-25
  5.8204e+04   7.73e-25
  6.0070e+04   7.40e-25
  6.1996e+04   7.09e-25
  6.3984e+04   6.79e-25
  6.6035e+04   6.50e-25
  6.8153e+04   6.22e-25
  7.0338e+04   5.95e-25
  7.2593e+04   5.70e-25
  7.4921e+04   5.45e-25
  7.7323e+04   5.22e-25
  7.9802e+04   4.99e-25
  8.2361e+04   4.77e-25
  8.5002e+04   4.56e-25
  8.7727e+04   4.36e-25
  9.0540e+04   4.17e-25
  9.3443e+04   3.98e-25
  9.6439e+04   3.81e-25
  9.9531e+04   3.64e-25
  1.0272e+05   3.47e-25
  1.0602e+05   3.32e-25
  1.0942e+05   3.16e-25
  1.1292e+05   3.02e-25
  1.1654e+05   2.88e-25
  1.2028e+05   2.75e-25
  1.2414e+05   2.62e-25
  1.2812e+05   2.49e-25
  1.3223e+05   2.38e-25
  1.3646e+05   2.26e-25
  1.4084e+05   2.15e-25
  1.4536e+05   2.05e-25
  1.5002e+05   1.95e-25
  1.5483e+05   1.85e-25
  1.5979e+05   1.76e-25
  1.6491e+05   1.67e-25
  1.7020e+05   1.58e-25
  1.7566e+05   1.50e-25
  1.8129e+05   1.42e-25
  1.8710e+05   1.35e-25
  1.9310e+05   1.27e-25
  1.9929e+05   1.20e-25
  2.0568e+05   1.14e-25
  2.1228e+05   1.07e-25
  2.1909e+05   1.01e-25
  2.2611e+05   9.55e-26
  2.3336e+05   8.99e-26
  2.4084e+05   8.47e-26
  2.4856e+05   7.98e-26
  2.5653e+05   7.51e-26
  2.6476e+05   7.06e-26
  2.7325e+05   6.64e-26
  2.8201e+05   6.23e-26
  2.9105e+05   5.85e-26
  3.0038e+05   5.49e-26
  3.1002e+05   5.15e-26
  3.1996e+05   4.82e-26
  3.3021e+05   4.51e-26
  3.4080e+05   4.22e-26
  3.5173e+05   3.94e-26
  3.6301e+05   3.68e-26
  3.7465e+05   3.43e-26
  3.8666e+05   3.19e-26
  3.9905e+05   2.97e-26
  4.1185e+05   2.76e-26
  4.2506e+05   2.57e-26
  4.3868e+05   2.38e-26
  4.5275e+05   2.21e-26
  4.6727e+05   2.04e-26
  4.8225e+05   1.89e-26
  4.9771e+05   1.75e-26
  5.1367e+05   1.61e-26
  5.3014e+05   1.49e-26
  5.4714e+05   1.37e-26
  5.6468e+05   1.26e-26
  5.8278e+05   1.16e-26
  6.0147e+05   1.07e-26
  6.2075e+05   9.81e-27
  6.4066e+05   9.00e-27
  6.6120e+05   8.24e-27
  6.8240e+05   7.56e-27
  7.0428e+05   6.92e-27
  7.2686e+05   6.33e-27
  7.5017e+05   5.78e-27
  7.7422e+05   5.28e-27
  7.9904e+05   4.81e-27
  8.2466e+05   4.38e-27
  8.5110e+05   4.00e-27
  8.7839e+05   3.64e-27
  9.0656e+05   3.31e-27
  9.3562e+05   3.01e-27
  9.6562e+05   2.73e-27
  9.9658e+05   2.48e-27
  1.0285e+06   2.25e-27
  1.0615e+06   2.04e-27
  1.0956e+06   1.85e-27
  1.1307e+06   1.68e-27
  1.1669e+06   1.52e-27
  1.2043e+06   1.38e-27
  1.2430e+06   1.24e-27
  1.2828e+06   1.12e-27
  1.3239e+06   1.01e-27
  1.3664e+06   9.17e-28
  1.4102e+06   8.28e-28
  1.4554e+06   7.45e-28
  1.5021e+06   6.71e-28
  1.5502e+06   6.05e-28
  1.6000e+06   5.44e-28
  1.6513e+06   4.87e-28
  1.7042e+06   4.38e-28
  1.7588e+06   3.94e-28
  1.8152e+06   3.52e-28
  1.8734e+06   3.14e-28
  1.9335e+06   2.82e-28
  1.9955e+06   2.52e-28
  2.0595e+06   2.24e-28
  2.1255e+06   2.00e-28
  2.1937e+06   1.79e-28
  2.2640e+06   1.59e-28
  2.3366e+06   1.41e-28
  2.4115e+06   1.25e-28
  2.4888e+06   1.11e-28
  2.5686e+06   9.83e-29
  2.6510e+06   8.66e-29
  2.7360e+06   7.69e-29
  2.8237e+06   6.78e-29
  2.9142e+06   5.93e-29
  3.0077e+06   5.22e-29
  3.1041e+06   4.60e-29
  3.2036e+06   4.01e-29
  3.3064e+06   3.47e-29
  3.4124e+06   3.05e-29
  3.5218e+06   2.66e-29
  3.6347e+06   2.30e-29
  3.7512e+06   1.99e-29
  3.8715e+06   1.73e-29
  3.9957e+06   1.50e-29
  4.1238e+06   1.28e-29
  4.2560e+06   1.10e-29
  4.3924e+06   9.50e-30
  4.5333e+06   8.11e-30
  4.6786e+06   6.83e-30
  4.8286e+06   5.89e-30
  4.9835e+06   5.02e-30
  5.1433e+06   4.23e-30
  5.3082e+06   3.56e-30
  5.4784e+06   3.04e-30
  5.6540e+06   2.56e-30
  5.8353e+06   2.12e-30
  6.0224e+06   1.79e-30
  6.2155e+06   1.50e-30
  6.4148e+06   1.25e-30
  6.6205e+06   1.02e-30
  6.8327e+06   8.63e-31
  7.0518e+06   7.19e-31
  7.2779e+06   5.90e-31
  7.5113e+06   4.86e-31
  7.7521e+06   4.05e-31
  8.0007e+06   3.33e-31
  8.2572e+06   2.70e-31
  8.5219e+06   2.22e-31
  8.7952e+06   1.83e-31
  9.0772e+06   1.48e-31
  9.3682e+06   1.19e-31
  9.6686e+06   9.77e-32
  9.9786e+06   7.91e-32
  1.0299e+07   6.33e-32
  1.0629e+07   5.06e-32
  1.0970e+07   4.05e-32
  1.1321e+07   3.20e-32
  1.1684e+07   2.49e-32
  1.2059e+07   1.93e-32
  1.2446e+07   1.47e-32
  1.2845e+07   1.10e-32
  1.3256e+07   8.11e-33
  1.3681e+07   5.87e-33
  1.4120e+07   4.15e-33
  1.4573e+07   2.86e-33
  1.5040e+07   1.94e-33
  1.5522e+07   1.29e-33
  1.6020e+07   8.36e-34
