#  E [MeV]   Flux [# cm^{-2} s^{-1}  MeV^{-1}]
  3.0000e+04   8.25e-26
  3.1232e+04   7.89e-26
  3.2514e+04   7.55e-26
  3.3849e+04   7.22e-26
  3.5238e+04   6.90e-26
  3.6685e+04   6.60e-26
  3.8191e+04   6.31e-26
  3.9759e+04   6.03e-26
  4.1391e+04   5.77e-26
  4.3090e+04   5.51e-26
  4.4859e+04   5.27e-26
  4.6701e+04   5.03e-26
  4.8618e+04   4.81e-26
  5.0614e+04   4.60e-26
  5.2692e+04   4.39e-26
  5.4855e+04   4.20e-26
  5.7107e+04   4.01e-26
  5.9451e+04   3.83e-26
  6.1892e+04   3.66e-26
  6.4433e+04   3.49e-26
  6.7078e+04   3.34e-26
  6.9832e+04   3.19e-26
  7.2699e+04   3.04e-26
  7.5683e+04   2.90e-26
  7.8790e+04   2.77e-26
  8.2025e+04   2.64e-26
  8.5392e+04   2.52e-26
  8.8898e+04   2.41e-26
  9.2547e+04   2.30e-26
  9.6347e+04   2.19e-26
  1.0030e+05   2.09e-26
  1.0442e+05   1.99e-26
  1.0871e+05   1.90e-26
  1.1317e+05   1.81e-26
  1.1782e+05   1.73e-26
  1.2265e+05   1.64e-26
  1.2769e+05   1.57e-26
  1.3293e+05   1.49e-26
  1.3839e+05   1.42e-26
  1.4407e+05   1.35e-26
  1.4998e+05   1.29e-26
  1.5614e+05   1.22e-26
  1.6255e+05   1.16e-26
  1.6922e+05   1.11e-26
  1.7617e+05   1.05e-26
  1.8340e+05   9.99e-27
  1.9093e+05   9.48e-27
  1.9877e+05   9.00e-27
  2.0693e+05   8.54e-27
  2.1543e+05   8.10e-27
  2.2427e+05   7.67e-27
  2.3348e+05   7.27e-27
  2.4306e+05   6.88e-27
  2.5304e+05   6.51e-27
  2.6343e+05   6.16e-27
  2.7424e+05   5.82e-27
  2.8550e+05   5.50e-27
  2.9722e+05   5.19e-27
  3.0942e+05   4.89e-27
  3.2213e+05   4.61e-27
  3.3535e+05   4.34e-27
  3.4912e+05   4.08e-27
  3.6345e+05   3.84e-27
  3.7837e+05   3.61e-27
  3.9390e+05   3.39e-27
  4.1008e+05   3.18e-27
  4.2691e+05   2.98e-27
  4.4444e+05   2.79e-27
  4.6268e+05   2.61e-27
  4.8168e+05   2.44e-27
  5.0145e+05   2.28e-27
  5.2204e+05   2.13e-27
  5.4347e+05   1.98e-27
  5.6578e+05   1.85e-27
  5.8901e+05   1.72e-27
  6.1319e+05   1.60e-27
  6.3836e+05   1.49e-27
  6.6457e+05   1.38e-27
  6.9185e+05   1.29e-27
  7.2025e+05   1.19e-27
  7.4982e+05   1.11e-27
  7.8061e+05   1.03e-27
  8.1265e+05   9.52e-28
  8.4601e+05   8.82e-28
  8.8075e+05   8.17e-28
  9.1690e+05   7.57e-28
  9.5455e+05   7.01e-28
  9.9373e+05   6.49e-28
  1.0345e+06   6.01e-28
  1.0770e+06   5.56e-28
  1.1212e+06   5.14e-28
  1.1672e+06   4.75e-28
  1.2152e+06   4.40e-28
  1.2650e+06   4.07e-28
  1.3170e+06   3.76e-28
  1.3711e+06   3.48e-28
  1.4273e+06   3.21e-28
  1.4859e+06   2.97e-28
  1.5469e+06   2.75e-28
  1.6104e+06   2.54e-28
  1.6766e+06   2.35e-28
  1.7454e+06   2.17e-28
  1.8170e+06   2.00e-28
  1.8916e+06   1.85e-28
  1.9693e+06   1.71e-28
  2.0501e+06   1.58e-28
  2.1343e+06   1.45e-28
  2.2219e+06   1.34e-28
  2.3131e+06   1.24e-28
  2.4081e+06   1.14e-28
  2.5070e+06   1.05e-28
  2.6099e+06   9.64e-29
  2.7170e+06   8.86e-29
  2.8286e+06   8.14e-29
  2.9447e+06   7.47e-29
  3.0656e+06   6.84e-29
  3.1914e+06   6.27e-29
  3.3225e+06   5.74e-29
  3.4589e+06   5.24e-29
  3.6008e+06   4.79e-29
  3.7487e+06   4.36e-29
  3.9026e+06   3.97e-29
  4.0628e+06   3.61e-29
  4.2296e+06   3.27e-29
  4.4032e+06   2.96e-29
  4.5840e+06   2.68e-29
  4.7722e+06   2.41e-29
  4.9681e+06   2.18e-29
  5.1720e+06   1.95e-29
  5.3844e+06   1.75e-29
  5.6054e+06   1.56e-29
  5.8355e+06   1.39e-29
  6.0751e+06   1.24e-29
  6.3245e+06   1.10e-29
  6.5841e+06   9.69e-30
  6.8544e+06   8.52e-30
  7.1358e+06   7.48e-30
  7.4288e+06   6.53e-30
  7.7338e+06   5.67e-30
  8.0513e+06   4.92e-30
  8.3818e+06   4.23e-30
  8.7259e+06   3.62e-30
  9.0841e+06   3.08e-30
  9.4571e+06   2.60e-30
  9.8453e+06   2.18e-30
  1.0249e+07   1.82e-30
  1.0670e+07   1.49e-30
  1.1108e+07   1.22e-30
  1.1564e+07   9.91e-31
  1.2039e+07   7.90e-31
  1.2533e+07   6.26e-31
  1.3048e+07   4.87e-31
  1.3584e+07   3.72e-31
  1.4141e+07   2.81e-31
  1.4722e+07   2.08e-31
  1.5326e+07   1.50e-31
  1.5955e+07   1.06e-31
  1.6610e+07   7.25e-32
  1.7292e+07   4.80e-32
  1.8002e+07   3.08e-32
  1.8741e+07   1.88e-32
  1.9511e+07   1.10e-32
  2.0312e+07   6.10e-33
  2.1145e+07   3.15e-33
  2.2013e+07   1.52e-33
  2.2917e+07   6.72e-34
  2.3858e+07   2.66e-34
  2.4837e+07   9.45e-35
  2.5857e+07   2.89e-35
  2.6919e+07   7.41e-36
  2.8024e+07   1.57e-36
  2.9174e+07   2.58e-37
  3.0372e+07   3.11e-38
  3.1619e+07   2.64e-39
  3.2917e+07   1.42e-40
  3.4268e+07   4.33e-42
  3.5675e+07   6.69e-44
  3.7140e+07   4.26e-46
  3.8664e+07   8.95e-49
  4.0252e+07   4.64e-52
  4.1904e+07   3.83e-56
  4.3624e+07   2.98e-61
  4.5415e+07   1.05e-67
  4.7280e+07   4.76e-72
  4.9221e+07   3.98e-72
  5.1241e+07   3.35e-72
  5.3345e+07   2.75e-72
  5.5535e+07   2.31e-72
  5.7815e+07   1.93e-72
  6.0188e+07   1.57e-72
  6.2659e+07   1.31e-72
  6.5232e+07   1.08e-72
  6.7910e+07   8.69e-73
  7.0698e+07   7.23e-73
  7.3600e+07   5.88e-73
  7.6621e+07   4.66e-73
  7.9767e+07   3.72e-73
  8.3042e+07   2.85e-73
  8.6451e+07   2.10e-73
  9.0000e+07   1.53e-73
