#  E [MeV]   Flux [# cm^{-2} s^{-1}  MeV^{-1}]
  3.0000e+04   5.24e-25
  3.1051e+04   5.05e-25
  3.2139e+04   4.87e-25
  3.3266e+04   4.70e-25
  3.4432e+04   4.53e-25
  3.5638e+04   4.37e-25
  3.6887e+04   4.21e-25
  3.8180e+04   4.06e-25
  3.9518e+04   3.91e-25
  4.0903e+04   3.77e-25
  4.2336e+04   3.63e-25
  4.3820e+04   3.50e-25
  4.5355e+04   3.37e-25
  4.6945e+04   3.25e-25
  4.8590e+04   3.12e-25
  5.0293e+04   3.01e-25
  5.2055e+04   2.89e-25
  5.3879e+04   2.79e-25
  5.5767e+04   2.68e-25
  5.7722e+04   2.58e-25
  5.9745e+04   2.48e-25
  6.1838e+04   2.38e-25
  6.4005e+04   2.29e-25
  6.6248e+04   2.20e-25
  6.8570e+04   2.11e-25
  7.0973e+04   2.03e-25
  7.3460e+04   1.95e-25
  7.6034e+04   1.87e-25
  7.8699e+04   1.80e-25
  8.1457e+04   1.72e-25
  8.4311e+04   1.65e-25
  8.7266e+04   1.59e-25
  9.0324e+04   1.52e-25
  9.3490e+04   1.46e-25
  9.6766e+04   1.40e-25
  1.0016e+05   1.34e-25
  1.0367e+05   1.28e-25
  1.0730e+05   1.22e-25
  1.1106e+05   1.17e-25
  1.1495e+05   1.12e-25
  1.1898e+05   1.07e-25
  1.2315e+05   1.02e-25
  1.2747e+05   9.75e-26
  1.3193e+05   9.31e-26
  1.3656e+05   8.88e-26
  1.4134e+05   8.46e-26
  1.4629e+05   8.07e-26
  1.5142e+05   7.68e-26
  1.5673e+05   7.31e-26
  1.6222e+05   6.96e-26
  1.6790e+05   6.62e-26
  1.7379e+05   6.28e-26
  1.7988e+05   5.97e-26
  1.8618e+05   5.66e-26
  1.9271e+05   5.37e-26
  1.9946e+05   5.08e-26
  2.0645e+05   4.81e-26
  2.1369e+05   4.55e-26
  2.2117e+05   4.30e-26
  2.2892e+05   4.06e-26
  2.3695e+05   3.83e-26
  2.4525e+05   3.61e-26
  2.5385e+05   3.40e-26
  2.6274e+05   3.20e-26
  2.7195e+05   3.01e-26
  2.8148e+05   2.83e-26
  2.9134e+05   2.66e-26
  3.0155e+05   2.49e-26
  3.1212e+05   2.33e-26
  3.2306e+05   2.18e-26
  3.3438e+05   2.04e-26
  3.4610e+05   1.90e-26
  3.5823e+05   1.77e-26
  3.7078e+05   1.65e-26
  3.8377e+05   1.54e-26
  3.9722e+05   1.43e-26
  4.1114e+05   1.33e-26
  4.2555e+05   1.23e-26
  4.4046e+05   1.14e-26
  4.5590e+05   1.05e-26
  4.7188e+05   9.75e-27
  4.8841e+05   9.01e-27
  5.0553e+05   8.31e-27
  5.2324e+05   7.66e-27
  5.4158e+05   7.06e-27
  5.6056e+05   6.50e-27
  5.8020e+05   5.97e-27
  6.0054e+05   5.49e-27
  6.2158e+05   5.04e-27
  6.4337e+05   4.62e-27
  6.6591e+05   4.23e-27
  6.8925e+05   3.88e-27
  7.1340e+05   3.55e-27
  7.3840e+05   3.24e-27
  7.6428e+05   2.96e-27
  7.9106e+05   2.70e-27
  8.1878e+05   2.47e-27
  8.4748e+05   2.25e-27
  8.7718e+05   2.05e-27
  9.0792e+05   1.87e-27
  9.3973e+05   1.70e-27
  9.7267e+05   1.55e-27
  1.0068e+06   1.41e-27
  1.0420e+06   1.28e-27
  1.0785e+06   1.17e-27
  1.1163e+06   1.06e-27
  1.1555e+06   9.67e-28
  1.1960e+06   8.80e-28
  1.2379e+06   8.01e-28
  1.2813e+06   7.28e-28
  1.3262e+06   6.61e-28
  1.3726e+06   6.01e-28
  1.4207e+06   5.46e-28
  1.4705e+06   4.95e-28
  1.5220e+06   4.50e-28
  1.5754e+06   4.09e-28
  1.6306e+06   3.70e-28
  1.6877e+06   3.36e-28
  1.7469e+06   3.05e-28
  1.8081e+06   2.76e-28
  1.8715e+06   2.50e-28
  1.9370e+06   2.27e-28
  2.0049e+06   2.05e-28
  2.0752e+06   1.85e-28
  2.1479e+06   1.68e-28
  2.2232e+06   1.51e-28
  2.3011e+06   1.36e-28
  2.3817e+06   1.23e-28
  2.4652e+06   1.11e-28
  2.5516e+06   9.98e-29
  2.6410e+06   8.96e-29
  2.7336e+06   8.06e-29
  2.8294e+06   7.22e-29
  2.9285e+06   6.44e-29
  3.0311e+06   5.78e-29
  3.1374e+06   5.17e-29
  3.2473e+06   4.59e-29
  3.3611e+06   4.09e-29
  3.4789e+06   3.64e-29
  3.6008e+06   3.23e-29
  3.7270e+06   2.85e-29
  3.8576e+06   2.53e-29
  3.9928e+06   2.23e-29
  4.1327e+06   1.95e-29
  4.2775e+06   1.72e-29
  4.4274e+06   1.51e-29
  4.5826e+06   1.31e-29
  4.7432e+06   1.15e-29
  4.9094e+06   9.99e-30
  5.0815e+06   8.65e-30
  5.2595e+06   7.44e-30
  5.4438e+06   6.44e-30
  5.6346e+06   5.52e-30
  5.8321e+06   4.69e-30
  6.0365e+06   4.02e-30
  6.2480e+06   3.41e-30
  6.4670e+06   2.87e-30
  6.6936e+06   2.41e-30
  6.9282e+06   2.03e-30
  7.1709e+06   1.69e-30
  7.4222e+06   1.39e-30
  7.6823e+06   1.15e-30
  7.9516e+06   9.43e-31
  8.2302e+06   7.60e-31
  8.5186e+06   6.18e-31
  8.8172e+06   4.97e-31
  9.1262e+06   3.93e-31
  9.4460e+06   3.10e-31
  9.7770e+06   2.43e-31
  1.0120e+07   1.88e-31
  1.0474e+07   1.43e-31
  1.0841e+07   1.09e-31
  1.1221e+07   8.14e-32
  1.1614e+07   5.94e-32
  1.2022e+07   4.33e-32
  1.2443e+07   3.09e-32
  1.2879e+07   2.14e-32
  1.3330e+07   1.47e-32
  1.3797e+07   9.91e-33
  1.4281e+07   6.47e-33
  1.4781e+07   4.09e-33
  1.5299e+07   2.57e-33
  1.5835e+07   1.55e-33
  1.6390e+07   8.89e-34
  1.6965e+07   5.02e-34
  1.7559e+07   2.71e-34
  1.8175e+07   1.38e-34
  1.8812e+07   6.71e-35
  1.9471e+07   3.09e-35
  2.0153e+07   1.32e-35
  2.0859e+07   5.15e-36
  2.1590e+07   1.87e-36
  2.2347e+07   6.06e-37
  2.3130e+07   1.73e-37
  2.3941e+07   4.33e-38
  2.4780e+07   9.21e-39
  2.5648e+07   1.62e-39
  2.6547e+07   2.28e-40
  2.7477e+07   2.51e-41
  2.8440e+07   2.04e-42
