#  E [GeV]   # per interaction  [GeV^{-1}]
  3.0000e+01   1.82e-02
  3.0962e+01   1.75e-02
  3.1955e+01   1.69e-02
  3.2979e+01   1.63e-02
  3.4037e+01   1.56e-02
  3.5128e+01   1.50e-02
  3.6254e+01   1.45e-02
  3.7417e+01   1.39e-02
  3.8616e+01   1.34e-02
  3.9855e+01   1.29e-02
  4.1132e+01   1.24e-02
  4.2451e+01   1.19e-02
  4.3812e+01   1.14e-02
  4.5217e+01   1.10e-02
  4.6667e+01   1.05e-02
  4.8163e+01   1.01e-02
  4.9707e+01   9.70e-03
  5.1301e+01   9.31e-03
  5.2946e+01   8.93e-03
  5.4644e+01   8.57e-03
  5.6396e+01   8.21e-03
  5.8204e+01   7.88e-03
  6.0070e+01   7.55e-03
  6.1996e+01   7.24e-03
  6.3984e+01   6.93e-03
  6.6035e+01   6.64e-03
  6.8153e+01   6.36e-03
  7.0338e+01   6.09e-03
  7.2593e+01   5.84e-03
  7.4921e+01   5.59e-03
  7.7323e+01   5.35e-03
  7.9802e+01   5.12e-03
  8.2361e+01   4.89e-03
  8.5002e+01   4.68e-03
  8.7727e+01   4.48e-03
  9.0540e+01   4.28e-03
  9.3443e+01   4.09e-03
  9.6439e+01   3.91e-03
  9.9531e+01   3.73e-03
  1.0272e+02   3.57e-03
  1.0602e+02   3.41e-03
  1.0942e+02   3.25e-03
  1.1292e+02   3.10e-03
  1.1654e+02   2.96e-03
  1.2028e+02   2.82e-03
  1.2414e+02   2.69e-03
  1.2812e+02   2.57e-03
  1.3223e+02   2.45e-03
  1.3646e+02   2.33e-03
  1.4084e+02   2.22e-03
  1.4536e+02   2.12e-03
  1.5002e+02   2.02e-03
  1.5483e+02   1.92e-03
  1.5979e+02   1.83e-03
  1.6491e+02   1.74e-03
  1.7020e+02   1.66e-03
  1.7566e+02   1.57e-03
  1.8129e+02   1.50e-03
  1.8710e+02   1.42e-03
  1.9310e+02   1.35e-03
  1.9929e+02   1.28e-03
  2.0568e+02   1.22e-03
  2.1228e+02   1.16e-03
  2.1909e+02   1.10e-03
  2.2611e+02   1.04e-03
  2.3336e+02   9.86e-04
  2.4084e+02   9.34e-04
  2.4856e+02   8.85e-04
  2.5653e+02   8.38e-04
  2.6476e+02   7.94e-04
  2.7325e+02   7.51e-04
  2.8201e+02   7.10e-04
  2.9105e+02   6.71e-04
  3.0038e+02   6.34e-04
  3.1002e+02   5.99e-04
  3.1996e+02   5.66e-04
  3.3021e+02   5.34e-04
  3.4080e+02   5.03e-04
  3.5173e+02   4.75e-04
  3.6301e+02   4.47e-04
  3.7465e+02   4.21e-04
  3.8666e+02   3.96e-04
  3.9905e+02   3.73e-04
  4.1185e+02   3.51e-04
  4.2506e+02   3.30e-04
  4.3868e+02   3.10e-04
  4.5275e+02   2.91e-04
  4.6727e+02   2.73e-04
  4.8225e+02   2.56e-04
  4.9771e+02   2.41e-04
  5.1367e+02   2.26e-04
  5.3014e+02   2.12e-04
  5.4714e+02   1.98e-04
  5.6468e+02   1.86e-04
  5.8278e+02   1.74e-04
  6.0147e+02   1.63e-04
  6.2075e+02   1.53e-04
  6.4066e+02   1.43e-04
  6.6120e+02   1.34e-04
  6.8240e+02   1.26e-04
  7.0428e+02   1.18e-04
  7.2686e+02   1.10e-04
  7.5017e+02   1.03e-04
  7.7422e+02   9.67e-05
  7.9904e+02   9.06e-05
  8.2466e+02   8.49e-05
  8.5110e+02   7.96e-05
  8.7839e+02   7.47e-05
  9.0656e+02   7.00e-05
  9.3562e+02   6.57e-05
  9.6562e+02   6.17e-05
  9.9658e+02   5.80e-05
  1.0285e+03   5.45e-05
  1.0615e+03   5.12e-05
  1.0956e+03   4.82e-05
  1.1307e+03   4.53e-05
  1.1669e+03   4.27e-05
  1.2043e+03   4.02e-05
  1.2430e+03   3.79e-05
  1.2828e+03   3.58e-05
  1.3239e+03   3.37e-05
  1.3664e+03   3.19e-05
  1.4102e+03   3.01e-05
  1.4554e+03   2.85e-05
  1.5021e+03   2.69e-05
  1.5502e+03   2.55e-05
  1.6000e+03   2.42e-05
  1.6513e+03   2.29e-05
  1.7042e+03   2.17e-05
  1.7588e+03   2.06e-05
  1.8152e+03   1.95e-05
  1.8734e+03   1.85e-05
  1.9335e+03   1.76e-05
  1.9955e+03   1.67e-05
  2.0595e+03   1.59e-05
  2.1255e+03   1.51e-05
  2.1937e+03   1.43e-05
  2.2640e+03   1.36e-05
  2.3366e+03   1.29e-05
  2.4115e+03   1.23e-05
  2.4888e+03   1.17e-05
  2.5686e+03   1.11e-05
  2.6510e+03   1.06e-05
  2.7360e+03   1.00e-05
  2.8237e+03   9.54e-06
  2.9142e+03   9.06e-06
  3.0077e+03   8.60e-06
  3.1041e+03   8.17e-06
  3.2036e+03   7.75e-06
  3.3064e+03   7.35e-06
  3.4124e+03   6.97e-06
  3.5218e+03   6.61e-06
  3.6347e+03   6.25e-06
  3.7512e+03   5.92e-06
  3.8715e+03   5.59e-06
  3.9957e+03   5.28e-06
  4.1238e+03   4.98e-06
  4.2560e+03   4.69e-06
  4.3924e+03   4.41e-06
  4.5333e+03   4.14e-06
  4.6786e+03   3.89e-06
  4.8286e+03   3.64e-06
  4.9835e+03   3.40e-06
  5.1433e+03   3.18e-06
  5.3082e+03   2.96e-06
  5.4784e+03   2.75e-06
  5.6540e+03   2.56e-06
  5.8353e+03   2.37e-06
  6.0224e+03   2.19e-06
  6.2155e+03   2.01e-06
  6.4148e+03   1.85e-06
  6.6205e+03   1.70e-06
  6.8327e+03   1.55e-06
  7.0518e+03   1.41e-06
  7.2779e+03   1.28e-06
  7.5113e+03   1.16e-06
  7.7521e+03   1.04e-06
  8.0007e+03   9.32e-07
  8.2572e+03   8.32e-07
  8.5219e+03   7.38e-07
  8.7952e+03   6.51e-07
  9.0772e+03   5.72e-07
  9.3682e+03   4.99e-07
  9.6686e+03   4.32e-07
  9.9786e+03   3.72e-07
  1.0299e+04   3.17e-07
  1.0629e+04   2.68e-07
  1.0970e+04   2.25e-07
  1.1321e+04   1.87e-07
  1.1684e+04   1.53e-07
  1.2059e+04   1.24e-07
  1.2446e+04   9.96e-08
  1.2845e+04   7.87e-08
  1.3256e+04   6.11e-08
  1.3681e+04   4.67e-08
  1.4120e+04   3.50e-08
  1.4573e+04   2.57e-08
  1.5040e+04   1.85e-08
  1.5522e+04   1.31e-08
  1.6020e+04   8.99e-09
