#  E [MeV]   Flux [# cm^{-2} s^{-1}  MeV^{-1}]
  3.0000e+04   1.07e-24
  3.1051e+04   1.03e-24
  3.2139e+04   9.85e-25
  3.3266e+04   9.43e-25
  3.4432e+04   9.02e-25
  3.5638e+04   8.64e-25
  3.6887e+04   8.26e-25
  3.8180e+04   7.91e-25
  3.9518e+04   7.57e-25
  4.0903e+04   7.24e-25
  4.2336e+04   6.92e-25
  4.3820e+04   6.62e-25
  4.5355e+04   6.33e-25
  4.6945e+04   6.05e-25
  4.8590e+04   5.78e-25
  5.0293e+04   5.53e-25
  5.2055e+04   5.28e-25
  5.3879e+04   5.05e-25
  5.5767e+04   4.82e-25
  5.7722e+04   4.61e-25
  5.9745e+04   4.40e-25
  6.1838e+04   4.20e-25
  6.4005e+04   4.01e-25
  6.6248e+04   3.83e-25
  6.8570e+04   3.66e-25
  7.0973e+04   3.49e-25
  7.3460e+04   3.33e-25
  7.6034e+04   3.18e-25
  7.8699e+04   3.03e-25
  8.1457e+04   2.89e-25
  8.4311e+04   2.76e-25
  8.7266e+04   2.63e-25
  9.0324e+04   2.51e-25
  9.3490e+04   2.39e-25
  9.6766e+04   2.28e-25
  1.0016e+05   2.18e-25
  1.0367e+05   2.07e-25
  1.0730e+05   1.98e-25
  1.1106e+05   1.88e-25
  1.1495e+05   1.79e-25
  1.1898e+05   1.71e-25
  1.2315e+05   1.63e-25
  1.2747e+05   1.55e-25
  1.3193e+05   1.47e-25
  1.3656e+05   1.40e-25
  1.4134e+05   1.33e-25
  1.4629e+05   1.27e-25
  1.5142e+05   1.21e-25
  1.5673e+05   1.15e-25
  1.6222e+05   1.09e-25
  1.6790e+05   1.03e-25
  1.7379e+05   9.82e-26
  1.7988e+05   9.32e-26
  1.8618e+05   8.85e-26
  1.9271e+05   8.39e-26
  1.9946e+05   7.96e-26
  2.0645e+05   7.54e-26
  2.1369e+05   7.14e-26
  2.2117e+05   6.76e-26
  2.2892e+05   6.40e-26
  2.3695e+05   6.05e-26
  2.4525e+05   5.72e-26
  2.5385e+05   5.41e-26
  2.6274e+05   5.10e-26
  2.7195e+05   4.81e-26
  2.8148e+05   4.54e-26
  2.9134e+05   4.28e-26
  3.0155e+05   4.03e-26
  3.1212e+05   3.79e-26
  3.2306e+05   3.56e-26
  3.3438e+05   3.34e-26
  3.4610e+05   3.13e-26
  3.5823e+05   2.94e-26
  3.7078e+05   2.75e-26
  3.8377e+05   2.57e-26
  3.9722e+05   2.41e-26
  4.1114e+05   2.25e-26
  4.2555e+05   2.10e-26
  4.4046e+05   1.96e-26
  4.5590e+05   1.83e-26
  4.7188e+05   1.70e-26
  4.8841e+05   1.59e-26
  5.0553e+05   1.48e-26
  5.2324e+05   1.37e-26
  5.4158e+05   1.28e-26
  5.6056e+05   1.19e-26
  5.8020e+05   1.10e-26
  6.0054e+05   1.02e-26
  6.2158e+05   9.51e-27
  6.4337e+05   8.82e-27
  6.6591e+05   8.17e-27
  6.8925e+05   7.56e-27
  7.1340e+05   7.00e-27
  7.3840e+05   6.47e-27
  7.6428e+05   5.97e-27
  7.9106e+05   5.52e-27
  8.1878e+05   5.09e-27
  8.4748e+05   4.69e-27
  8.7718e+05   4.33e-27
  9.0792e+05   3.99e-27
  9.3973e+05   3.67e-27
  9.7267e+05   3.38e-27
  1.0068e+06   3.11e-27
  1.0420e+06   2.86e-27
  1.0785e+06   2.63e-27
  1.1163e+06   2.42e-27
  1.1555e+06   2.22e-27
  1.1960e+06   2.04e-27
  1.2379e+06   1.87e-27
  1.2813e+06   1.72e-27
  1.3262e+06   1.57e-27
  1.3726e+06   1.44e-27
  1.4207e+06   1.32e-27
  1.4705e+06   1.21e-27
  1.5220e+06   1.10e-27
  1.5754e+06   1.01e-27
  1.6306e+06   9.20e-28
  1.6877e+06   8.38e-28
  1.7469e+06   7.65e-28
  1.8081e+06   6.97e-28
  1.8715e+06   6.34e-28
  1.9370e+06   5.76e-28
  2.0049e+06   5.24e-28
  2.0752e+06   4.76e-28
  2.1479e+06   4.31e-28
  2.2232e+06   3.91e-28
  2.3011e+06   3.54e-28
  2.3817e+06   3.19e-28
  2.4652e+06   2.89e-28
  2.5516e+06   2.60e-28
  2.6410e+06   2.34e-28
  2.7336e+06   2.10e-28
  2.8294e+06   1.89e-28
  2.9285e+06   1.69e-28
  3.0311e+06   1.51e-28
  3.1374e+06   1.35e-28
  3.2473e+06   1.21e-28
  3.3611e+06   1.07e-28
  3.4789e+06   9.51e-29
  3.6008e+06   8.45e-29
  3.7270e+06   7.45e-29
  3.8576e+06   6.57e-29
  3.9928e+06   5.82e-29
  4.1327e+06   5.11e-29
  4.2775e+06   4.46e-29
  4.4274e+06   3.92e-29
  4.5826e+06   3.43e-29
  4.7432e+06   2.97e-29
  4.9094e+06   2.59e-29
  5.0815e+06   2.25e-29
  5.2595e+06   1.94e-29
  5.4438e+06   1.67e-29
  5.6346e+06   1.44e-29
  5.8321e+06   1.23e-29
  6.0365e+06   1.04e-29
  6.2480e+06   8.95e-30
  6.4670e+06   7.61e-30
  6.6936e+06   6.38e-30
  6.9282e+06   5.40e-30
  7.1709e+06   4.55e-30
  7.4222e+06   3.79e-30
  7.6823e+06   3.15e-30
  7.9516e+06   2.63e-30
  8.2302e+06   2.17e-30
  8.5186e+06   1.77e-30
  8.8172e+06   1.47e-30
  9.1262e+06   1.20e-30
  9.4460e+06   9.62e-31
  9.7770e+06   7.80e-31
  1.0120e+07   6.30e-31
  1.0474e+07   5.00e-31
  1.0841e+07   3.94e-31
  1.1221e+07   3.15e-31
  1.1614e+07   2.46e-31
  1.2022e+07   1.88e-31
  1.2443e+07   1.48e-31
  1.2879e+07   1.14e-31
  1.3330e+07   8.54e-32
  1.3797e+07   6.45e-32
  1.4281e+07   4.85e-32
  1.4781e+07   3.55e-32
  1.5299e+07   2.57e-32
  1.5835e+07   1.86e-32
  1.6390e+07   1.31e-32
  1.6965e+07   8.94e-33
  1.7559e+07   6.13e-33
  1.8175e+07   4.07e-33
  1.8812e+07   2.60e-33
  1.9471e+07   1.62e-33
  2.0153e+07   9.72e-34
  2.0859e+07   5.54e-34
  2.1590e+07   2.99e-34
  2.2347e+07   1.53e-34
  2.3130e+07   7.24e-35
  2.3941e+07   3.15e-35
  2.4780e+07   1.25e-35
  2.5648e+07   4.40e-36
  2.6547e+07   1.36e-36
  2.7477e+07   3.65e-37
  2.8440e+07   8.32e-38
