#  E [GeV]   # per interaction  [GeV^{-1}]
  3.0000e+01   4.30e-01
  3.0962e+01   4.15e-01
  3.1955e+01   4.01e-01
  3.2979e+01   3.87e-01
  3.4037e+01   3.73e-01
  3.5128e+01   3.60e-01
  3.6254e+01   3.47e-01
  3.7417e+01   3.35e-01
  3.8616e+01   3.23e-01
  3.9855e+01   3.12e-01
  4.1132e+01   3.00e-01
  4.2451e+01   2.90e-01
  4.3812e+01   2.79e-01
  4.5217e+01   2.69e-01
  4.6667e+01   2.59e-01
  4.8163e+01   2.50e-01
  4.9707e+01   2.41e-01
  5.1301e+01   2.32e-01
  5.2946e+01   2.23e-01
  5.4644e+01   2.15e-01
  5.6396e+01   2.07e-01
  5.8204e+01   1.99e-01
  6.0070e+01   1.91e-01
  6.1996e+01   1.84e-01
  6.3984e+01   1.77e-01
  6.6035e+01   1.70e-01
  6.8153e+01   1.63e-01
  7.0338e+01   1.57e-01
  7.2593e+01   1.51e-01
  7.4921e+01   1.45e-01
  7.7323e+01   1.39e-01
  7.9802e+01   1.34e-01
  8.2361e+01   1.28e-01
  8.5002e+01   1.23e-01
  8.7727e+01   1.18e-01
  9.0540e+01   1.13e-01
  9.3443e+01   1.08e-01
  9.6439e+01   1.04e-01
  9.9531e+01   9.97e-02
  1.0272e+02   9.55e-02
  1.0602e+02   9.15e-02
  1.0942e+02   8.76e-02
  1.1292e+02   8.38e-02
  1.1654e+02   8.02e-02
  1.2028e+02   7.67e-02
  1.2414e+02   7.34e-02
  1.2812e+02   7.02e-02
  1.3223e+02   6.71e-02
  1.3646e+02   6.41e-02
  1.4084e+02   6.12e-02
  1.4536e+02   5.85e-02
  1.5002e+02   5.58e-02
  1.5483e+02   5.33e-02
  1.5979e+02   5.08e-02
  1.6491e+02   4.85e-02
  1.7020e+02   4.62e-02
  1.7566e+02   4.41e-02
  1.8129e+02   4.20e-02
  1.8710e+02   4.00e-02
  1.9310e+02   3.81e-02
  1.9929e+02   3.63e-02
  2.0568e+02   3.45e-02
  2.1228e+02   3.28e-02
  2.1909e+02   3.12e-02
  2.2611e+02   2.97e-02
  2.3336e+02   2.82e-02
  2.4084e+02   2.68e-02
  2.4856e+02   2.54e-02
  2.5653e+02   2.41e-02
  2.6476e+02   2.29e-02
  2.7325e+02   2.17e-02
  2.8201e+02   2.06e-02
  2.9105e+02   1.95e-02
  3.0038e+02   1.85e-02
  3.1002e+02   1.75e-02
  3.1996e+02   1.66e-02
  3.3021e+02   1.57e-02
  3.4080e+02   1.49e-02
  3.5173e+02   1.41e-02
  3.6301e+02   1.33e-02
  3.7465e+02   1.26e-02
  3.8666e+02   1.19e-02
  3.9905e+02   1.12e-02
  4.1185e+02   1.06e-02
  4.2506e+02   9.97e-03
  4.3868e+02   9.39e-03
  4.5275e+02   8.85e-03
  4.6727e+02   8.34e-03
  4.8225e+02   7.85e-03
  4.9771e+02   7.39e-03
  5.1367e+02   6.95e-03
  5.3014e+02   6.54e-03
  5.4714e+02   6.14e-03
  5.6468e+02   5.77e-03
  5.8278e+02   5.42e-03
  6.0147e+02   5.09e-03
  6.2075e+02   4.77e-03
  6.4066e+02   4.48e-03
  6.6120e+02   4.20e-03
  6.8240e+02   3.93e-03
  7.0428e+02   3.68e-03
  7.2686e+02   3.45e-03
  7.5017e+02   3.23e-03
  7.7422e+02   3.02e-03
  7.9904e+02   2.82e-03
  8.2466e+02   2.64e-03
  8.5110e+02   2.46e-03
  8.7839e+02   2.30e-03
  9.0656e+02   2.14e-03
  9.3562e+02   2.00e-03
  9.6562e+02   1.86e-03
  9.9658e+02   1.74e-03
  1.0285e+03   1.62e-03
  1.0615e+03   1.51e-03
  1.0956e+03   1.40e-03
  1.1307e+03   1.31e-03
  1.1669e+03   1.22e-03
  1.2043e+03   1.13e-03
  1.2430e+03   1.05e-03
  1.2828e+03   9.74e-04
  1.3239e+03   9.04e-04
  1.3664e+03   8.37e-04
  1.4102e+03   7.75e-04
  1.4554e+03   7.19e-04
  1.5021e+03   6.66e-04
  1.5502e+03   6.16e-04
  1.6000e+03   5.70e-04
  1.6513e+03   5.28e-04
  1.7042e+03   4.87e-04
  1.7588e+03   4.49e-04
  1.8152e+03   4.15e-04
  1.8734e+03   3.83e-04
  1.9335e+03   3.53e-04
  1.9955e+03   3.25e-04
  2.0595e+03   3.00e-04
  2.1255e+03   2.76e-04
  2.1937e+03   2.54e-04
  2.2640e+03   2.33e-04
  2.3366e+03   2.15e-04
  2.4115e+03   1.97e-04
  2.4888e+03   1.80e-04
  2.5686e+03   1.66e-04
  2.6510e+03   1.52e-04
  2.7360e+03   1.39e-04
  2.8237e+03   1.27e-04
  2.9142e+03   1.17e-04
  3.0077e+03   1.07e-04
  3.1041e+03   9.75e-05
  3.2036e+03   8.92e-05
  3.3064e+03   8.15e-05
  3.4124e+03   7.43e-05
  3.5218e+03   6.75e-05
  3.6347e+03   6.17e-05
  3.7512e+03   5.63e-05
  3.8715e+03   5.11e-05
  3.9957e+03   4.65e-05
  4.1238e+03   4.25e-05
  4.2560e+03   3.86e-05
  4.3924e+03   3.50e-05
  4.5333e+03   3.19e-05
  4.6786e+03   2.91e-05
  4.8286e+03   2.65e-05
  4.9835e+03   2.40e-05
  5.1433e+03   2.20e-05
  5.3082e+03   2.00e-05
  5.4784e+03   1.82e-05
  5.6540e+03   1.66e-05
  5.8353e+03   1.52e-05
  6.0224e+03   1.39e-05
  6.2155e+03   1.27e-05
  6.4148e+03   1.17e-05
  6.6205e+03   1.08e-05
  6.8327e+03   9.89e-06
  7.0518e+03   9.10e-06
  7.2779e+03   8.48e-06
  7.5113e+03   7.89e-06
  7.7521e+03   7.32e-06
  8.0007e+03   6.85e-06
  8.2572e+03   6.45e-06
  8.5219e+03   6.07e-06
  8.7952e+03   5.71e-06
  9.0772e+03   5.44e-06
  9.3682e+03   5.19e-06
  9.6686e+03   4.95e-06
  9.9786e+03   4.75e-06
  1.0299e+04   4.64e-06
  1.0629e+04   4.53e-06
  1.0970e+04   4.41e-06
  1.1321e+04   4.38e-06
  1.1684e+04   4.39e-06
  1.2059e+04   4.39e-06
  1.2446e+04   4.37e-06
  1.2845e+04   4.65e-06
  1.3256e+04   4.89e-06
  1.3681e+04   5.09e-06
  1.4120e+04   5.53e-06
  1.4573e+04   6.58e-06
  1.5040e+04   7.47e-06
  1.5522e+04   8.20e-06
  1.6020e+04   8.47e-06
