#  E [GeV]   # per interaction  [GeV^{-1}]
  3.0000e+01   1.79e-02
  3.0943e+01   1.73e-02
  3.1916e+01   1.67e-02
  3.2920e+01   1.61e-02
  3.3955e+01   1.55e-02
  3.5023e+01   1.50e-02
  3.6124e+01   1.45e-02
  3.7260e+01   1.39e-02
  3.8432e+01   1.35e-02
  3.9640e+01   1.30e-02
  4.0887e+01   1.25e-02
  4.2172e+01   1.21e-02
  4.3499e+01   1.16e-02
  4.4866e+01   1.12e-02
  4.6277e+01   1.08e-02
  4.7732e+01   1.04e-02
  4.9233e+01   1.00e-02
  5.0781e+01   9.69e-03
  5.2378e+01   9.34e-03
  5.4025e+01   9.01e-03
  5.5724e+01   8.68e-03
  5.7476e+01   8.37e-03
  5.9284e+01   8.07e-03
  6.1148e+01   7.78e-03
  6.3071e+01   7.50e-03
  6.5054e+01   7.23e-03
  6.7100e+01   6.98e-03
  6.9210e+01   6.73e-03
  7.1386e+01   6.49e-03
  7.3631e+01   6.26e-03
  7.5946e+01   6.04e-03
  7.8334e+01   5.82e-03
  8.0797e+01   5.62e-03
  8.3338e+01   5.42e-03
  8.5959e+01   5.23e-03
  8.8662e+01   5.05e-03
  9.1450e+01   4.87e-03
  9.4325e+01   4.71e-03
  9.7291e+01   4.55e-03
  1.0035e+02   4.39e-03
  1.0351e+02   4.24e-03
  1.0676e+02   4.10e-03
  1.1012e+02   3.96e-03
  1.1358e+02   3.82e-03
  1.1715e+02   3.70e-03
  1.2084e+02   3.57e-03
  1.2464e+02   3.45e-03
  1.2856e+02   3.34e-03
  1.3260e+02   3.23e-03
  1.3677e+02   3.12e-03
  1.4107e+02   3.02e-03
  1.4550e+02   2.92e-03
  1.5008e+02   2.83e-03
  1.5480e+02   2.74e-03
  1.5967e+02   2.65e-03
  1.6469e+02   2.56e-03
  1.6987e+02   2.48e-03
  1.7521e+02   2.40e-03
  1.8072e+02   2.32e-03
  1.8640e+02   2.25e-03
  1.9226e+02   2.18e-03
  1.9831e+02   2.11e-03
  2.0454e+02   2.04e-03
  2.1097e+02   1.98e-03
  2.1761e+02   1.92e-03
  2.2445e+02   1.85e-03
  2.3151e+02   1.79e-03
  2.3879e+02   1.74e-03
  2.4630e+02   1.68e-03
  2.5404e+02   1.63e-03
  2.6203e+02   1.57e-03
  2.7027e+02   1.52e-03
  2.7877e+02   1.47e-03
  2.8753e+02   1.42e-03
  2.9657e+02   1.37e-03
  3.0590e+02   1.33e-03
  3.1552e+02   1.28e-03
  3.2544e+02   1.24e-03
  3.3567e+02   1.19e-03
  3.4623e+02   1.15e-03
  3.5712e+02   1.11e-03
  3.6835e+02   1.07e-03
  3.7993e+02   1.03e-03
  3.9188e+02   9.92e-04
  4.0420e+02   9.55e-04
  4.1691e+02   9.19e-04
  4.3002e+02   8.84e-04
  4.4354e+02   8.49e-04
  4.5749e+02   8.16e-04
  4.7187e+02   7.83e-04
  4.8671e+02   7.52e-04
  5.0202e+02   7.21e-04
  5.1780e+02   6.92e-04
  5.3409e+02   6.63e-04
  5.5088e+02   6.35e-04
  5.6820e+02   6.08e-04
  5.8607e+02   5.82e-04
  6.0450e+02   5.57e-04
  6.2351e+02   5.33e-04
  6.4311e+02   5.10e-04
  6.6334e+02   4.87e-04
  6.8419e+02   4.66e-04
  7.0571e+02   4.45e-04
  7.2790e+02   4.25e-04
  7.5079e+02   4.06e-04
  7.7440e+02   3.88e-04
  7.9875e+02   3.70e-04
  8.2387e+02   3.54e-04
  8.4977e+02   3.38e-04
  8.7649e+02   3.22e-04
  9.0405e+02   3.08e-04
  9.3248e+02   2.94e-04
  9.6180e+02   2.81e-04
  9.9205e+02   2.68e-04
  1.0232e+03   2.56e-04
  1.0554e+03   2.44e-04
  1.0886e+03   2.33e-04
  1.1228e+03   2.23e-04
  1.1581e+03   2.13e-04
  1.1946e+03   2.03e-04
  1.2321e+03   1.94e-04
  1.2709e+03   1.86e-04
  1.3108e+03   1.78e-04
  1.3521e+03   1.70e-04
  1.3946e+03   1.62e-04
  1.4384e+03   1.55e-04
  1.4837e+03   1.48e-04
  1.5303e+03   1.42e-04
  1.5784e+03   1.35e-04
  1.6281e+03   1.29e-04
  1.6793e+03   1.24e-04
  1.7321e+03   1.18e-04
  1.7865e+03   1.13e-04
  1.8427e+03   1.08e-04
  1.9006e+03   1.03e-04
  1.9604e+03   9.81e-05
  2.0221e+03   9.37e-05
  2.0856e+03   8.93e-05
  2.1512e+03   8.51e-05
  2.2189e+03   8.10e-05
  2.2886e+03   7.72e-05
  2.3606e+03   7.34e-05
  2.4348e+03   6.97e-05
  2.5114e+03   6.62e-05
  2.5904e+03   6.29e-05
  2.6718e+03   5.95e-05
  2.7558e+03   5.63e-05
  2.8425e+03   5.32e-05
  2.9319e+03   5.02e-05
  3.0241e+03   4.72e-05
  3.1192e+03   4.44e-05
  3.2173e+03   4.18e-05
  3.3184e+03   3.92e-05
  3.4228e+03   3.66e-05
  3.5304e+03   3.42e-05
  3.6414e+03   3.19e-05
  3.7559e+03   2.97e-05
  3.8740e+03   2.75e-05
  3.9958e+03   2.55e-05
  4.1215e+03   2.36e-05
  4.2511e+03   2.17e-05
  4.3848e+03   1.99e-05
  4.5227e+03   1.82e-05
  4.6649e+03   1.67e-05
  4.8116e+03   1.52e-05
  4.9629e+03   1.37e-05
  5.1189e+03   1.24e-05
  5.2799e+03   1.12e-05
  5.4459e+03   9.99e-06
  5.6171e+03   8.90e-06
  5.7938e+03   7.89e-06
  5.9760e+03   6.96e-06
  6.1639e+03   6.11e-06
  6.3577e+03   5.33e-06
  6.5576e+03   4.63e-06
  6.7638e+03   4.00e-06
  6.9765e+03   3.43e-06
  7.1959e+03   2.91e-06
  7.4222e+03   2.47e-06
  7.6556e+03   2.08e-06
  7.8963e+03   1.73e-06
  8.1446e+03   1.43e-06
  8.4007e+03   1.17e-06
  8.6649e+03   9.55e-07
  8.9373e+03   7.66e-07
  9.2184e+03   6.07e-07
  9.5082e+03   4.81e-07
  9.8072e+03   3.76e-07
  1.0116e+04   2.88e-07
  1.0434e+04   2.19e-07
  1.0762e+04   1.67e-07
  1.1100e+04   1.24e-07
  1.1449e+04   9.06e-08
  1.1809e+04   6.66e-08
  1.2181e+04   4.85e-08
  1.2564e+04   3.45e-08
  1.2959e+04   2.39e-08
  1.3366e+04   1.72e-08
  1.3786e+04   1.20e-08
  1.4220e+04   8.23e-09
