#  E [MeV]   Flux [# cm^{-2} s^{-1}  MeV^{-1}]
  3.0000e+04   5.25e-20
  3.0943e+04   5.04e-20
  3.1916e+04   4.84e-20
  3.2920e+04   4.65e-20
  3.3955e+04   4.46e-20
  3.5023e+04   4.28e-20
  3.6124e+04   4.11e-20
  3.7260e+04   3.94e-20
  3.8432e+04   3.78e-20
  3.9640e+04   3.63e-20
  4.0887e+04   3.48e-20
  4.2172e+04   3.34e-20
  4.3499e+04   3.20e-20
  4.4866e+04   3.07e-20
  4.6277e+04   2.94e-20
  4.7732e+04   2.81e-20
  4.9233e+04   2.70e-20
  5.0781e+04   2.58e-20
  5.2378e+04   2.47e-20
  5.4025e+04   2.37e-20
  5.5724e+04   2.26e-20
  5.7476e+04   2.17e-20
  5.9284e+04   2.07e-20
  6.1148e+04   1.98e-20
  6.3071e+04   1.90e-20
  6.5054e+04   1.81e-20
  6.7100e+04   1.73e-20
  6.9210e+04   1.66e-20
  7.1386e+04   1.58e-20
  7.3631e+04   1.51e-20
  7.5946e+04   1.44e-20
  7.8334e+04   1.38e-20
  8.0797e+04   1.31e-20
  8.3338e+04   1.25e-20
  8.5959e+04   1.19e-20
  8.8662e+04   1.14e-20
  9.1450e+04   1.08e-20
  9.4325e+04   1.03e-20
  9.7291e+04   9.84e-21
  1.0035e+05   9.36e-21
  1.0351e+05   8.91e-21
  1.0676e+05   8.47e-21
  1.1012e+05   8.05e-21
  1.1358e+05   7.65e-21
  1.1715e+05   7.27e-21
  1.2084e+05   6.91e-21
  1.2464e+05   6.55e-21
  1.2856e+05   6.22e-21
  1.3260e+05   5.90e-21
  1.3677e+05   5.59e-21
  1.4107e+05   5.30e-21
  1.4550e+05   5.02e-21
  1.5008e+05   4.75e-21
  1.5480e+05   4.50e-21
  1.5967e+05   4.25e-21
  1.6469e+05   4.02e-21
  1.6987e+05   3.80e-21
  1.7521e+05   3.58e-21
  1.8072e+05   3.38e-21
  1.8640e+05   3.19e-21
  1.9226e+05   3.01e-21
  1.9831e+05   2.83e-21
  2.0454e+05   2.67e-21
  2.1097e+05   2.51e-21
  2.1761e+05   2.36e-21
  2.2445e+05   2.22e-21
  2.3151e+05   2.08e-21
  2.3879e+05   1.95e-21
  2.4630e+05   1.83e-21
  2.5404e+05   1.71e-21
  2.6203e+05   1.60e-21
  2.7027e+05   1.50e-21
  2.7877e+05   1.40e-21
  2.8753e+05   1.31e-21
  2.9657e+05   1.22e-21
  3.0590e+05   1.13e-21
  3.1552e+05   1.06e-21
  3.2544e+05   9.81e-22
  3.3567e+05   9.11e-22
  3.4623e+05   8.45e-22
  3.5712e+05   7.82e-22
  3.6835e+05   7.24e-22
  3.7993e+05   6.69e-22
  3.9188e+05   6.18e-22
  4.0420e+05   5.69e-22
  4.1691e+05   5.25e-22
  4.3002e+05   4.83e-22
  4.4354e+05   4.44e-22
  4.5749e+05   4.07e-22
  4.7187e+05   3.74e-22
  4.8671e+05   3.43e-22
  5.0202e+05   3.13e-22
  5.1780e+05   2.86e-22
  5.3409e+05   2.62e-22
  5.5088e+05   2.39e-22
  5.6820e+05   2.18e-22
  5.8607e+05   1.98e-22
  6.0450e+05   1.80e-22
  6.2351e+05   1.64e-22
  6.4311e+05   1.49e-22
  6.6334e+05   1.35e-22
  6.8419e+05   1.22e-22
  7.0571e+05   1.11e-22
  7.2790e+05   9.99e-23
  7.5079e+05   9.04e-23
  7.7440e+05   8.17e-23
  7.9875e+05   7.36e-23
  8.2387e+05   6.64e-23
  8.4977e+05   5.99e-23
  8.7649e+05   5.40e-23
  9.0405e+05   4.85e-23
  9.3248e+05   4.37e-23
  9.6180e+05   3.94e-23
  9.9205e+05   3.54e-23
  1.0232e+06   3.17e-23
  1.0554e+06   2.85e-23
  1.0886e+06   2.56e-23
  1.1228e+06   2.30e-23
  1.1581e+06   2.06e-23
  1.1946e+06   1.85e-23
  1.2321e+06   1.66e-23
  1.2709e+06   1.49e-23
  1.3108e+06   1.33e-23
  1.3521e+06   1.19e-23
  1.3946e+06   1.07e-23
  1.4384e+06   9.53e-24
  1.4837e+06   8.54e-24
  1.5303e+06   7.65e-24
  1.5784e+06   6.83e-24
  1.6281e+06   6.07e-24
  1.6793e+06   5.45e-24
  1.7321e+06   4.87e-24
  1.7865e+06   4.34e-24
  1.8427e+06   3.86e-24
  1.9006e+06   3.45e-24
  1.9604e+06   3.08e-24
  2.0221e+06   2.73e-24
  2.0856e+06   2.43e-24
  2.1512e+06   2.17e-24
  2.2189e+06   1.92e-24
  2.2886e+06   1.70e-24
  2.3606e+06   1.51e-24
  2.4348e+06   1.35e-24
  2.5114e+06   1.19e-24
  2.5904e+06   1.05e-24
  2.6718e+06   9.31e-25
  2.7558e+06   8.23e-25
  2.8425e+06   7.23e-25
  2.9319e+06   6.36e-25
  3.0241e+06   5.63e-25
  3.1192e+06   4.95e-25
  3.2173e+06   4.32e-25
  3.3184e+06   3.81e-25
  3.4228e+06   3.35e-25
  3.5304e+06   2.93e-25
  3.6414e+06   2.54e-25
  3.7559e+06   2.24e-25
  3.8740e+06   1.97e-25
  3.9958e+06   1.71e-25
  4.1215e+06   1.48e-25
  4.2511e+06   1.30e-25
  4.3848e+06   1.13e-25
  4.5227e+06   9.80e-26
  4.6649e+06   8.52e-26
  4.8116e+06   7.44e-26
  4.9629e+06   6.45e-26
  5.1189e+06   5.53e-26
  5.2799e+06   4.83e-26
  5.4459e+06   4.20e-26
  5.6171e+06   3.63e-26
  5.7938e+06   3.12e-26
  5.9760e+06   2.72e-26
  6.1639e+06   2.36e-26
  6.3577e+06   2.03e-26
  6.5576e+06   1.75e-26
  6.7638e+06   1.51e-26
  6.9765e+06   1.30e-26
  7.1959e+06   1.11e-26
  7.4222e+06   9.52e-27
  7.6556e+06   8.14e-27
  7.8963e+06   6.90e-27
  8.1446e+06   5.81e-27
  8.4007e+06   4.92e-27
  8.6649e+06   4.13e-27
  8.9373e+06   3.44e-27
  9.2184e+06   2.84e-27
  9.5082e+06   2.35e-27
  9.8072e+06   1.92e-27
  1.0116e+07   1.55e-27
  1.0434e+07   1.24e-27
  1.0762e+07   9.79e-28
  1.1100e+07   7.64e-28
  1.1449e+07   5.87e-28
  1.1809e+07   4.43e-28
  1.2181e+07   3.28e-28
  1.2564e+07   2.38e-28
  1.2959e+07   1.70e-28
  1.3366e+07   1.21e-28
  1.3786e+07   8.45e-29
  1.4220e+07   5.74e-29
