#  E [GeV]   # per interaction  [GeV^{-1}]
  3.0000e+01   5.44e-01
  3.1141e+01   5.22e-01
  3.2326e+01   5.00e-01
  3.3556e+01   4.80e-01
  3.4832e+01   4.60e-01
  3.6157e+01   4.41e-01
  3.7533e+01   4.23e-01
  3.8961e+01   4.06e-01
  4.0443e+01   3.89e-01
  4.1982e+01   3.73e-01
  4.3579e+01   3.57e-01
  4.5237e+01   3.42e-01
  4.6958e+01   3.28e-01
  4.8744e+01   3.14e-01
  5.0598e+01   3.01e-01
  5.2523e+01   2.88e-01
  5.4521e+01   2.76e-01
  5.6596e+01   2.64e-01
  5.8749e+01   2.53e-01
  6.0984e+01   2.42e-01
  6.3304e+01   2.32e-01
  6.5712e+01   2.22e-01
  6.8212e+01   2.12e-01
  7.0807e+01   2.03e-01
  7.3500e+01   1.94e-01
  7.6297e+01   1.86e-01
  7.9199e+01   1.78e-01
  8.2212e+01   1.70e-01
  8.5340e+01   1.62e-01
  8.8586e+01   1.55e-01
  9.1956e+01   1.48e-01
  9.5455e+01   1.41e-01
  9.9086e+01   1.35e-01
  1.0286e+02   1.29e-01
  1.0677e+02   1.23e-01
  1.1083e+02   1.17e-01
  1.1505e+02   1.12e-01
  1.1942e+02   1.06e-01
  1.2397e+02   1.01e-01
  1.2868e+02   9.65e-02
  1.3358e+02   9.19e-02
  1.3866e+02   8.74e-02
  1.4394e+02   8.32e-02
  1.4941e+02   7.90e-02
  1.5509e+02   7.51e-02
  1.6100e+02   7.13e-02
  1.6712e+02   6.77e-02
  1.7348e+02   6.42e-02
  1.8008e+02   6.08e-02
  1.8693e+02   5.76e-02
  1.9404e+02   5.45e-02
  2.0142e+02   5.16e-02
  2.0908e+02   4.87e-02
  2.1704e+02   4.60e-02
  2.2529e+02   4.34e-02
  2.3387e+02   4.10e-02
  2.4276e+02   3.86e-02
  2.5200e+02   3.63e-02
  2.6158e+02   3.42e-02
  2.7154e+02   3.21e-02
  2.8187e+02   3.01e-02
  2.9259e+02   2.83e-02
  3.0372e+02   2.65e-02
  3.1527e+02   2.47e-02
  3.2727e+02   2.31e-02
  3.3972e+02   2.16e-02
  3.5264e+02   2.01e-02
  3.6606e+02   1.87e-02
  3.7998e+02   1.74e-02
  3.9444e+02   1.61e-02
  4.0945e+02   1.50e-02
  4.2502e+02   1.39e-02
  4.4119e+02   1.28e-02
  4.5798e+02   1.19e-02
  4.7540e+02   1.09e-02
  4.9348e+02   1.01e-02
  5.1226e+02   9.30e-03
  5.3175e+02   8.55e-03
  5.5198e+02   7.86e-03
  5.7297e+02   7.22e-03
  5.9477e+02   6.62e-03
  6.1740e+02   6.07e-03
  6.4089e+02   5.56e-03
  6.6527e+02   5.08e-03
  6.9058e+02   4.65e-03
  7.1685e+02   4.25e-03
  7.4412e+02   3.88e-03
  7.7243e+02   3.54e-03
  8.0181e+02   3.23e-03
  8.3232e+02   2.95e-03
  8.6398e+02   2.69e-03
  8.9685e+02   2.46e-03
  9.3097e+02   2.24e-03
  9.6638e+02   2.04e-03
  1.0031e+03   1.86e-03
  1.0413e+03   1.70e-03
  1.0809e+03   1.55e-03
  1.1220e+03   1.41e-03
  1.1647e+03   1.29e-03
  1.2090e+03   1.18e-03
  1.2550e+03   1.07e-03
  1.3028e+03   9.80e-04
  1.3523e+03   8.95e-04
  1.4038e+03   8.17e-04
  1.4572e+03   7.46e-04
  1.5126e+03   6.82e-04
  1.5702e+03   6.23e-04
  1.6299e+03   5.69e-04
  1.6919e+03   5.20e-04
  1.7563e+03   4.75e-04
  1.8231e+03   4.34e-04
  1.8925e+03   3.97e-04
  1.9645e+03   3.62e-04
  2.0392e+03   3.31e-04
  2.1168e+03   3.02e-04
  2.1973e+03   2.76e-04
  2.2809e+03   2.51e-04
  2.3677e+03   2.29e-04
  2.4577e+03   2.09e-04
  2.5512e+03   1.90e-04
  2.6483e+03   1.73e-04
  2.7490e+03   1.57e-04
  2.8536e+03   1.42e-04
  2.9622e+03   1.29e-04
  3.0749e+03   1.17e-04
  3.1918e+03   1.05e-04
  3.3133e+03   9.52e-05
  3.4393e+03   8.58e-05
  3.5702e+03   7.72e-05
  3.7060e+03   6.92e-05
  3.8470e+03   6.21e-05
  3.9933e+03   5.55e-05
  4.1452e+03   4.94e-05
  4.3029e+03   4.40e-05
  4.4666e+03   3.90e-05
  4.6366e+03   3.45e-05
  4.8129e+03   3.04e-05
  4.9960e+03   2.67e-05
  5.1861e+03   2.33e-05
  5.3834e+03   2.04e-05
  5.5882e+03   1.77e-05
  5.8008e+03   1.53e-05
  6.0215e+03   1.32e-05
  6.2506e+03   1.13e-05
  6.4883e+03   9.60e-06
  6.7352e+03   8.15e-06
  6.9914e+03   6.87e-06
  7.2574e+03   5.73e-06
  7.5335e+03   4.77e-06
  7.8201e+03   3.94e-06
  8.1176e+03   3.21e-06
  8.4264e+03   2.61e-06
  8.7470e+03   2.10e-06
  9.0797e+03   1.66e-06
  9.4251e+03   1.31e-06
  9.7837e+03   1.02e-06
  1.0156e+04   7.77e-07
  1.0542e+04   5.87e-07
  1.0943e+04   4.37e-07
  1.1360e+04   3.18e-07
  1.1792e+04   2.28e-07
  1.2240e+04   1.60e-07
  1.2706e+04   1.10e-07
  1.3189e+04   7.32e-08
  1.3691e+04   4.77e-08
  1.4212e+04   2.99e-08
  1.4753e+04   1.81e-08
  1.5314e+04   1.06e-08
  1.5897e+04   5.92e-09
  1.6501e+04   3.14e-09
  1.7129e+04   1.58e-09
  1.7781e+04   7.43e-10
  1.8457e+04   3.24e-10
  1.9159e+04   1.32e-10
  1.9888e+04   4.85e-11
  2.0645e+04   1.60e-11
  2.1430e+04   4.71e-12
  2.2245e+04   1.20e-12
  2.3092e+04   2.56e-13
  2.3970e+04   4.61e-14
  2.4882e+04   6.59e-15
  2.5829e+04   7.24e-16
  2.6811e+04   5.94e-17
  2.7831e+04   3.40e-18
  2.8890e+04   1.26e-19
  2.9989e+04   2.91e-21
  3.1130e+04   3.68e-23
  3.2314e+04   2.26e-25
  3.3544e+04   6.03e-28
  3.4820e+04   5.69e-31
  3.6144e+04   1.50e-34
  3.7519e+04   9.02e-39
  3.8947e+04   8.19e-44
  4.0428e+04   3.46e-46
  4.1966e+04   4.38e-46
  4.3563e+04   5.63e-46
  4.5220e+04   6.78e-46
  4.6941e+04   8.44e-46
  4.8726e+04   1.05e-45
  5.0580e+04   1.24e-45
