#  E [MeV]   Flux [# cm^{-2} s^{-1}  MeV^{-1}]
  3.0000e+04   3.90e-20
  3.1123e+04   3.73e-20
  3.2288e+04   3.57e-20
  3.3497e+04   3.41e-20
  3.4751e+04   3.26e-20
  3.6051e+04   3.12e-20
  3.7401e+04   2.98e-20
  3.8801e+04   2.84e-20
  4.0253e+04   2.72e-20
  4.1760e+04   2.60e-20
  4.3324e+04   2.48e-20
  4.4945e+04   2.37e-20
  4.6628e+04   2.26e-20
  4.8373e+04   2.16e-20
  5.0184e+04   2.06e-20
  5.2063e+04   1.96e-20
  5.4011e+04   1.87e-20
  5.6033e+04   1.79e-20
  5.8131e+04   1.70e-20
  6.0307e+04   1.62e-20
  6.2564e+04   1.55e-20
  6.4906e+04   1.48e-20
  6.7336e+04   1.41e-20
  6.9857e+04   1.34e-20
  7.2472e+04   1.28e-20
  7.5184e+04   1.21e-20
  7.7999e+04   1.16e-20
  8.0919e+04   1.10e-20
  8.3948e+04   1.05e-20
  8.7090e+04   9.97e-21
  9.0350e+04   9.48e-21
  9.3732e+04   9.02e-21
  9.7241e+04   8.57e-21
  1.0088e+05   8.15e-21
  1.0466e+05   7.74e-21
  1.0858e+05   7.36e-21
  1.1264e+05   6.99e-21
  1.1686e+05   6.63e-21
  1.2123e+05   6.30e-21
  1.2577e+05   5.98e-21
  1.3048e+05   5.67e-21
  1.3536e+05   5.37e-21
  1.4043e+05   5.09e-21
  1.4568e+05   4.83e-21
  1.5114e+05   4.57e-21
  1.5680e+05   4.33e-21
  1.6266e+05   4.09e-21
  1.6875e+05   3.87e-21
  1.7507e+05   3.66e-21
  1.8162e+05   3.46e-21
  1.8842e+05   3.27e-21
  1.9548e+05   3.09e-21
  2.0279e+05   2.91e-21
  2.1039e+05   2.75e-21
  2.1826e+05   2.59e-21
  2.2643e+05   2.44e-21
  2.3491e+05   2.29e-21
  2.4370e+05   2.16e-21
  2.5282e+05   2.03e-21
  2.6229e+05   1.90e-21
  2.7211e+05   1.79e-21
  2.8229e+05   1.67e-21
  2.9286e+05   1.57e-21
  3.0382e+05   1.47e-21
  3.1519e+05   1.37e-21
  3.2699e+05   1.28e-21
  3.3923e+05   1.20e-21
  3.5193e+05   1.12e-21
  3.6511e+05   1.04e-21
  3.7877e+05   9.67e-22
  3.9295e+05   8.99e-22
  4.0766e+05   8.35e-22
  4.2292e+05   7.75e-22
  4.3875e+05   7.18e-22
  4.5518e+05   6.65e-22
  4.7222e+05   6.16e-22
  4.8989e+05   5.69e-22
  5.0823e+05   5.26e-22
  5.2726e+05   4.85e-22
  5.4699e+05   4.48e-22
  5.6747e+05   4.12e-22
  5.8871e+05   3.79e-22
  6.1075e+05   3.49e-22
  6.3361e+05   3.21e-22
  6.5733e+05   2.95e-22
  6.8194e+05   2.71e-22
  7.0746e+05   2.48e-22
  7.3395e+05   2.28e-22
  7.6142e+05   2.09e-22
  7.8992e+05   1.91e-22
  8.1949e+05   1.75e-22
  8.5017e+05   1.60e-22
  8.8199e+05   1.47e-22
  9.1501e+05   1.34e-22
  9.4926e+05   1.22e-22
  9.8479e+05   1.12e-22
  1.0217e+06   1.02e-22
  1.0599e+06   9.34e-23
  1.0996e+06   8.53e-23
  1.1407e+06   7.78e-23
  1.1834e+06   7.10e-23
  1.2277e+06   6.48e-23
  1.2737e+06   5.91e-23
  1.3214e+06   5.38e-23
  1.3708e+06   4.91e-23
  1.4222e+06   4.47e-23
  1.4754e+06   4.07e-23
  1.5306e+06   3.71e-23
  1.5879e+06   3.38e-23
  1.6474e+06   3.07e-23
  1.7090e+06   2.79e-23
  1.7730e+06   2.54e-23
  1.8394e+06   2.31e-23
  1.9082e+06   2.10e-23
  1.9797e+06   1.91e-23
  2.0538e+06   1.73e-23
  2.1306e+06   1.56e-23
  2.2104e+06   1.42e-23
  2.2931e+06   1.28e-23
  2.3790e+06   1.16e-23
  2.4680e+06   1.05e-23
  2.5604e+06   9.43e-24
  2.6563e+06   8.48e-24
  2.7557e+06   7.65e-24
  2.8589e+06   6.87e-24
  2.9659e+06   6.15e-24
  3.0769e+06   5.52e-24
  3.1921e+06   4.94e-24
  3.3116e+06   4.40e-24
  3.4355e+06   3.93e-24
  3.5641e+06   3.50e-24
  3.6976e+06   3.10e-24
  3.8360e+06   2.76e-24
  3.9796e+06   2.44e-24
  4.1285e+06   2.15e-24
  4.2831e+06   1.90e-24
  4.4434e+06   1.67e-24
  4.6097e+06   1.46e-24
  4.7823e+06   1.27e-24
  4.9613e+06   1.11e-24
  5.1470e+06   9.63e-25
  5.3397e+06   8.32e-25
  5.5396e+06   7.21e-25
  5.7470e+06   6.19e-25
  5.9621e+06   5.28e-25
  6.1853e+06   4.54e-25
  6.4168e+06   3.86e-25
  6.6570e+06   3.25e-25
  6.9062e+06   2.76e-25
  7.1647e+06   2.32e-25
  7.4329e+06   1.92e-25
  7.7112e+06   1.61e-25
  7.9998e+06   1.33e-25
  8.2993e+06   1.09e-25
  8.6100e+06   8.91e-26
  8.9323e+06   7.24e-26
  9.2666e+06   5.80e-26
  9.6135e+06   4.64e-26
  9.9734e+06   3.69e-26
  1.0347e+07   2.88e-26
  1.0734e+07   2.24e-26
  1.1136e+07   1.73e-26
  1.1553e+07   1.32e-26
  1.1985e+07   9.86e-27
  1.2434e+07   7.36e-27
  1.2899e+07   5.37e-27
  1.3382e+07   3.83e-27
  1.3883e+07   2.73e-27
  1.4403e+07   1.89e-27
  1.4942e+07   1.27e-27
  1.5501e+07   8.43e-28
  1.6081e+07   5.41e-28
  1.6683e+07   3.33e-28
  1.7308e+07   2.01e-28
  1.7956e+07   1.16e-28
  1.8628e+07   6.35e-29
  1.9325e+07   3.34e-29
  2.0049e+07   1.65e-29
  2.0799e+07   7.53e-30
  2.1578e+07   3.20e-30
  2.2386e+07   1.24e-30
  2.3224e+07   4.29e-31
  2.4093e+07   1.31e-31
  2.4995e+07   3.46e-32
  2.5930e+07   7.64e-33
  2.6901e+07   1.38e-33
  2.7908e+07   1.97e-34
  2.8953e+07   2.10e-35
  3.0037e+07   1.60e-36
  3.1161e+07   8.13e-38
  3.2327e+07   2.53e-39
  3.3537e+07   4.36e-41
  3.4793e+07   3.66e-43
  3.6095e+07   1.28e-45
  3.7446e+07   1.52e-48
  3.8848e+07   4.81e-52
  4.0302e+07   2.90e-56
  4.1811e+07   2.21e-61
  4.3376e+07   4.74e-67
  4.5000e+07   4.35e-67
