#  E [MeV]   Flux [# cm^{-2} s^{-1}  MeV^{-1}]
  3.0000e+04   9.57e-21
  3.1123e+04   9.19e-21
  3.2288e+04   8.82e-21
  3.3497e+04   8.46e-21
  3.4751e+04   8.12e-21
  3.6051e+04   7.79e-21
  3.7401e+04   7.48e-21
  3.8801e+04   7.18e-21
  4.0253e+04   6.88e-21
  4.1760e+04   6.60e-21
  4.3324e+04   6.33e-21
  4.4945e+04   6.07e-21
  4.6628e+04   5.82e-21
  4.8373e+04   5.58e-21
  5.0184e+04   5.35e-21
  5.2063e+04   5.13e-21
  5.4011e+04   4.92e-21
  5.6033e+04   4.71e-21
  5.8131e+04   4.52e-21
  6.0307e+04   4.33e-21
  6.2564e+04   4.15e-21
  6.4906e+04   3.97e-21
  6.7336e+04   3.80e-21
  6.9857e+04   3.64e-21
  7.2472e+04   3.49e-21
  7.5184e+04   3.34e-21
  7.7999e+04   3.19e-21
  8.0919e+04   3.06e-21
  8.3948e+04   2.92e-21
  8.7090e+04   2.79e-21
  9.0350e+04   2.67e-21
  9.3732e+04   2.56e-21
  9.7241e+04   2.44e-21
  1.0088e+05   2.33e-21
  1.0466e+05   2.23e-21
  1.0858e+05   2.13e-21
  1.1264e+05   2.03e-21
  1.1686e+05   1.94e-21
  1.2123e+05   1.85e-21
  1.2577e+05   1.77e-21
  1.3048e+05   1.68e-21
  1.3536e+05   1.61e-21
  1.4043e+05   1.53e-21
  1.4568e+05   1.46e-21
  1.5114e+05   1.39e-21
  1.5680e+05   1.32e-21
  1.6266e+05   1.26e-21
  1.6875e+05   1.19e-21
  1.7507e+05   1.14e-21
  1.8162e+05   1.08e-21
  1.8842e+05   1.02e-21
  1.9548e+05   9.72e-22
  2.0279e+05   9.22e-22
  2.1039e+05   8.74e-22
  2.1826e+05   8.29e-22
  2.2643e+05   7.85e-22
  2.3491e+05   7.43e-22
  2.4370e+05   7.03e-22
  2.5282e+05   6.64e-22
  2.6229e+05   6.28e-22
  2.7211e+05   5.92e-22
  2.8229e+05   5.58e-22
  2.9286e+05   5.26e-22
  3.0382e+05   4.95e-22
  3.1519e+05   4.66e-22
  3.2699e+05   4.38e-22
  3.3923e+05   4.11e-22
  3.5193e+05   3.86e-22
  3.6511e+05   3.62e-22
  3.7877e+05   3.39e-22
  3.9295e+05   3.17e-22
  4.0766e+05   2.96e-22
  4.2292e+05   2.77e-22
  4.3875e+05   2.59e-22
  4.5518e+05   2.41e-22
  4.7222e+05   2.25e-22
  4.8989e+05   2.09e-22
  5.0823e+05   1.95e-22
  5.2726e+05   1.81e-22
  5.4699e+05   1.68e-22
  5.6747e+05   1.56e-22
  5.8871e+05   1.45e-22
  6.1075e+05   1.34e-22
  6.3361e+05   1.24e-22
  6.5733e+05   1.15e-22
  6.8194e+05   1.06e-22
  7.0746e+05   9.83e-23
  7.3395e+05   9.08e-23
  7.6142e+05   8.39e-23
  7.8992e+05   7.75e-23
  8.1949e+05   7.15e-23
  8.5017e+05   6.60e-23
  8.8199e+05   6.08e-23
  9.1501e+05   5.61e-23
  9.4926e+05   5.17e-23
  9.8479e+05   4.77e-23
  1.0217e+06   4.39e-23
  1.0599e+06   4.05e-23
  1.0996e+06   3.73e-23
  1.1407e+06   3.43e-23
  1.1834e+06   3.16e-23
  1.2277e+06   2.91e-23
  1.2737e+06   2.68e-23
  1.3214e+06   2.46e-23
  1.3708e+06   2.27e-23
  1.4222e+06   2.09e-23
  1.4754e+06   1.92e-23
  1.5306e+06   1.77e-23
  1.5879e+06   1.63e-23
  1.6474e+06   1.49e-23
  1.7090e+06   1.37e-23
  1.7730e+06   1.26e-23
  1.8394e+06   1.16e-23
  1.9082e+06   1.07e-23
  1.9797e+06   9.81e-24
  2.0538e+06   9.01e-24
  2.1306e+06   8.26e-24
  2.2104e+06   7.59e-24
  2.2931e+06   6.95e-24
  2.3790e+06   6.36e-24
  2.4680e+06   5.83e-24
  2.5604e+06   5.34e-24
  2.6563e+06   4.87e-24
  2.7557e+06   4.46e-24
  2.8589e+06   4.07e-24
  2.9659e+06   3.71e-24
  3.0769e+06   3.38e-24
  3.1921e+06   3.08e-24
  3.3116e+06   2.79e-24
  3.4355e+06   2.54e-24
  3.5641e+06   2.30e-24
  3.6976e+06   2.08e-24
  3.8360e+06   1.88e-24
  3.9796e+06   1.70e-24
  4.1285e+06   1.53e-24
  4.2831e+06   1.38e-24
  4.4434e+06   1.24e-24
  4.6097e+06   1.11e-24
  4.7823e+06   9.92e-25
  4.9613e+06   8.87e-25
  5.1470e+06   7.90e-25
  5.3397e+06   7.00e-25
  5.5396e+06   6.22e-25
  5.7470e+06   5.50e-25
  5.9621e+06   4.83e-25
  6.1853e+06   4.26e-25
  6.4168e+06   3.74e-25
  6.6570e+06   3.25e-25
  6.9062e+06   2.84e-25
  7.1647e+06   2.46e-25
  7.4329e+06   2.12e-25
  7.7112e+06   1.83e-25
  7.9998e+06   1.57e-25
  8.2993e+06   1.33e-25
  8.6100e+06   1.13e-25
  8.9323e+06   9.54e-26
  9.2666e+06   7.97e-26
  9.6135e+06   6.64e-26
  9.9734e+06   5.50e-26
  1.0347e+07   4.51e-26
  1.0734e+07   3.67e-26
  1.1136e+07   2.97e-26
  1.1553e+07   2.37e-26
  1.1985e+07   1.87e-26
  1.2434e+07   1.47e-26
  1.2899e+07   1.14e-26
  1.3382e+07   8.64e-27
  1.3883e+07   6.53e-27
  1.4403e+07   4.82e-27
  1.4942e+07   3.48e-27
  1.5501e+07   2.48e-27
  1.6081e+07   1.72e-27
  1.6683e+07   1.16e-27
  1.7308e+07   7.63e-28
  1.7956e+07   4.86e-28
  1.8628e+07   2.96e-28
  1.9325e+07   1.73e-28
  2.0049e+07   9.67e-29
  2.0799e+07   5.07e-29
  2.1578e+07   2.49e-29
  2.2386e+07   1.14e-29
  2.3224e+07   4.71e-30
  2.4093e+07   1.76e-30
  2.4995e+07   5.82e-31
  2.5930e+07   1.65e-31
  2.6901e+07   3.97e-32
  2.7908e+07   7.86e-33
  2.8953e+07   1.21e-33
  3.0037e+07   1.39e-34
  3.1161e+07   1.16e-35
  3.2327e+07   6.21e-37
  3.3537e+07   1.97e-38
  3.4793e+07   3.61e-40
  3.6095e+07   2.99e-42
  3.7446e+07   9.35e-45
  3.8848e+07   1.09e-47
  4.0302e+07   2.73e-51
  4.1811e+07   1.00e-55
  4.3376e+07   3.63e-61
  4.5000e+07   2.04e-65
