#  E [MeV]   Flux [# cm^{-2} s^{-1}  MeV^{-1}]
  3.0000e+04   1.43e-20
  3.1123e+04   1.37e-20
  3.2288e+04   1.32e-20
  3.3497e+04   1.27e-20
  3.4751e+04   1.22e-20
  3.6051e+04   1.17e-20
  3.7401e+04   1.12e-20
  3.8801e+04   1.08e-20
  4.0253e+04   1.04e-20
  4.1760e+04   9.95e-21
  4.3324e+04   9.55e-21
  4.4945e+04   9.17e-21
  4.6628e+04   8.80e-21
  4.8373e+04   8.44e-21
  5.0184e+04   8.10e-21
  5.2063e+04   7.78e-21
  5.4011e+04   7.46e-21
  5.6033e+04   7.15e-21
  5.8131e+04   6.86e-21
  6.0307e+04   6.58e-21
  6.2564e+04   6.31e-21
  6.4906e+04   6.05e-21
  6.7336e+04   5.80e-21
  6.9857e+04   5.56e-21
  7.2472e+04   5.32e-21
  7.5184e+04   5.10e-21
  7.7999e+04   4.88e-21
  8.0919e+04   4.68e-21
  8.3948e+04   4.48e-21
  8.7090e+04   4.28e-21
  9.0350e+04   4.10e-21
  9.3732e+04   3.92e-21
  9.7241e+04   3.75e-21
  1.0088e+05   3.59e-21
  1.0466e+05   3.43e-21
  1.0858e+05   3.28e-21
  1.1264e+05   3.13e-21
  1.1686e+05   2.99e-21
  1.2123e+05   2.85e-21
  1.2577e+05   2.72e-21
  1.3048e+05   2.60e-21
  1.3536e+05   2.48e-21
  1.4043e+05   2.36e-21
  1.4568e+05   2.25e-21
  1.5114e+05   2.14e-21
  1.5680e+05   2.04e-21
  1.6266e+05   1.94e-21
  1.6875e+05   1.84e-21
  1.7507e+05   1.75e-21
  1.8162e+05   1.66e-21
  1.8842e+05   1.58e-21
  1.9548e+05   1.50e-21
  2.0279e+05   1.42e-21
  2.1039e+05   1.34e-21
  2.1826e+05   1.27e-21
  2.2643e+05   1.20e-21
  2.3491e+05   1.14e-21
  2.4370e+05   1.07e-21
  2.5282e+05   1.01e-21
  2.6229e+05   9.54e-22
  2.7211e+05   8.98e-22
  2.8229e+05   8.45e-22
  2.9286e+05   7.94e-22
  3.0382e+05   7.45e-22
  3.1519e+05   6.99e-22
  3.2699e+05   6.55e-22
  3.3923e+05   6.13e-22
  3.5193e+05   5.73e-22
  3.6511e+05   5.35e-22
  3.7877e+05   4.99e-22
  3.9295e+05   4.65e-22
  4.0766e+05   4.33e-22
  4.2292e+05   4.03e-22
  4.3875e+05   3.74e-22
  4.5518e+05   3.47e-22
  4.7222e+05   3.22e-22
  4.8989e+05   2.98e-22
  5.0823e+05   2.76e-22
  5.2726e+05   2.55e-22
  5.4699e+05   2.35e-22
  5.6747e+05   2.17e-22
  5.8871e+05   2.00e-22
  6.1075e+05   1.84e-22
  6.3361e+05   1.69e-22
  6.5733e+05   1.56e-22
  6.8194e+05   1.43e-22
  7.0746e+05   1.31e-22
  7.3395e+05   1.20e-22
  7.6142e+05   1.10e-22
  7.8992e+05   1.01e-22
  8.1949e+05   9.28e-23
  8.5017e+05   8.51e-23
  8.8199e+05   7.80e-23
  9.1501e+05   7.14e-23
  9.4926e+05   6.54e-23
  9.8479e+05   5.99e-23
  1.0217e+06   5.48e-23
  1.0599e+06   5.02e-23
  1.0996e+06   4.60e-23
  1.1407e+06   4.21e-23
  1.1834e+06   3.85e-23
  1.2277e+06   3.53e-23
  1.2737e+06   3.23e-23
  1.3214e+06   2.95e-23
  1.3708e+06   2.71e-23
  1.4222e+06   2.48e-23
  1.4754e+06   2.27e-23
  1.5306e+06   2.08e-23
  1.5879e+06   1.90e-23
  1.6474e+06   1.74e-23
  1.7090e+06   1.60e-23
  1.7730e+06   1.46e-23
  1.8394e+06   1.34e-23
  1.9082e+06   1.23e-23
  1.9797e+06   1.12e-23
  2.0538e+06   1.03e-23
  2.1306e+06   9.39e-24
  2.2104e+06   8.58e-24
  2.2931e+06   7.83e-24
  2.3790e+06   7.15e-24
  2.4680e+06   6.52e-24
  2.5604e+06   5.94e-24
  2.6563e+06   5.41e-24
  2.7557e+06   4.93e-24
  2.8589e+06   4.47e-24
  2.9659e+06   4.06e-24
  3.0769e+06   3.68e-24
  3.1921e+06   3.33e-24
  3.3116e+06   3.01e-24
  3.4355e+06   2.72e-24
  3.5641e+06   2.45e-24
  3.6976e+06   2.20e-24
  3.8360e+06   1.98e-24
  3.9796e+06   1.77e-24
  4.1285e+06   1.58e-24
  4.2831e+06   1.41e-24
  4.4434e+06   1.25e-24
  4.6097e+06   1.11e-24
  4.7823e+06   9.82e-25
  4.9613e+06   8.65e-25
  5.1470e+06   7.58e-25
  5.3397e+06   6.64e-25
  5.5396e+06   5.80e-25
  5.7470e+06   5.02e-25
  5.9621e+06   4.34e-25
  6.1853e+06   3.75e-25
  6.4168e+06   3.20e-25
  6.6570e+06   2.73e-25
  6.9062e+06   2.32e-25
  7.1647e+06   1.95e-25
  7.4329e+06   1.63e-25
  7.7112e+06   1.36e-25
  7.9998e+06   1.12e-25
  8.2993e+06   9.12e-26
  8.6100e+06   7.43e-26
  8.9323e+06   5.96e-26
  9.2666e+06   4.72e-26
  9.6135e+06   3.73e-26
  9.9734e+06   2.90e-26
  1.0347e+07   2.21e-26
  1.0734e+07   1.68e-26
  1.1136e+07   1.25e-26
  1.1553e+07   9.12e-27
  1.1985e+07   6.58e-27
  1.2434e+07   4.64e-27
  1.2899e+07   3.18e-27
  1.3382e+07   2.14e-27
  1.3883e+07   1.41e-27
  1.4403e+07   8.89e-28
  1.4942e+07   5.45e-28
  1.5501e+07   3.24e-28
  1.6081e+07   1.83e-28
  1.6683e+07   9.89e-29
  1.7308e+07   5.11e-29
  1.7956e+07   2.46e-29
  1.8628e+07   1.11e-29
  1.9325e+07   4.69e-30
  2.0049e+07   1.80e-30
  2.0799e+07   6.23e-31
  2.1578e+07   1.98e-31
  2.2386e+07   5.45e-32
  2.3224e+07   1.28e-32
  2.4093e+07   2.62e-33
  2.4995e+07   4.35e-34
  2.5930e+07   5.66e-35
  2.6901e+07   5.79e-36
  2.7908e+07   4.32e-37
  2.8953e+07   2.19e-38
  3.0037e+07   7.32e-40
  3.1161e+07   1.46e-41
  3.2327e+07   1.54e-43
  3.3537e+07   7.80e-46
  3.4793e+07   1.64e-48
  3.6095e+07   1.14e-51
  3.7446e+07   2.09e-55
  3.8848e+07   7.62e-60
  4.0302e+07   3.61e-65
  4.1811e+07   8.49e-68
  4.3376e+07   6.43e-68
  4.5000e+07   4.50e-68
