#  E [MeV]   Flux [# cm^{-2} s^{-1}  MeV^{-1}]
  3.0000e+04   3.99e-26
  3.0962e+04   3.85e-26
  3.1955e+04   3.71e-26
  3.2979e+04   3.58e-26
  3.4037e+04   3.45e-26
  3.5128e+04   3.33e-26
  3.6254e+04   3.21e-26
  3.7417e+04   3.09e-26
  3.8616e+04   2.98e-26
  3.9855e+04   2.87e-26
  4.1132e+04   2.77e-26
  4.2451e+04   2.67e-26
  4.3812e+04   2.57e-26
  4.5217e+04   2.48e-26
  4.6667e+04   2.39e-26
  4.8163e+04   2.30e-26
  4.9707e+04   2.21e-26
  5.1301e+04   2.13e-26
  5.2946e+04   2.05e-26
  5.4644e+04   1.98e-26
  5.6396e+04   1.91e-26
  5.8204e+04   1.84e-26
  6.0070e+04   1.77e-26
  6.1996e+04   1.70e-26
  6.3984e+04   1.64e-26
  6.6035e+04   1.58e-26
  6.8153e+04   1.52e-26
  7.0338e+04   1.47e-26
  7.2593e+04   1.41e-26
  7.4921e+04   1.36e-26
  7.7323e+04   1.31e-26
  7.9802e+04   1.26e-26
  8.2361e+04   1.22e-26
  8.5002e+04   1.17e-26
  8.7727e+04   1.13e-26
  9.0540e+04   1.09e-26
  9.3443e+04   1.05e-26
  9.6439e+04   1.01e-26
  9.9531e+04   9.76e-27
  1.0272e+05   9.41e-27
  1.0602e+05   9.07e-27
  1.0942e+05   8.75e-27
  1.1292e+05   8.44e-27
  1.1654e+05   8.14e-27
  1.2028e+05   7.86e-27
  1.2414e+05   7.59e-27
  1.2812e+05   7.32e-27
  1.3223e+05   7.07e-27
  1.3646e+05   6.83e-27
  1.4084e+05   6.59e-27
  1.4536e+05   6.37e-27
  1.5002e+05   6.15e-27
  1.5483e+05   5.94e-27
  1.5979e+05   5.74e-27
  1.6491e+05   5.55e-27
  1.7020e+05   5.36e-27
  1.7566e+05   5.18e-27
  1.8129e+05   5.01e-27
  1.8710e+05   4.84e-27
  1.9310e+05   4.68e-27
  1.9929e+05   4.53e-27
  2.0568e+05   4.38e-27
  2.1228e+05   4.23e-27
  2.1909e+05   4.10e-27
  2.2611e+05   3.96e-27
  2.3336e+05   3.83e-27
  2.4084e+05   3.71e-27
  2.4856e+05   3.59e-27
  2.5653e+05   3.47e-27
  2.6476e+05   3.35e-27
  2.7325e+05   3.24e-27
  2.8201e+05   3.13e-27
  2.9105e+05   3.03e-27
  3.0038e+05   2.93e-27
  3.1002e+05   2.83e-27
  3.1996e+05   2.73e-27
  3.3021e+05   2.64e-27
  3.4080e+05   2.55e-27
  3.5173e+05   2.46e-27
  3.6301e+05   2.38e-27
  3.7465e+05   2.29e-27
  3.8666e+05   2.21e-27
  3.9905e+05   2.13e-27
  4.1185e+05   2.06e-27
  4.2506e+05   1.98e-27
  4.3868e+05   1.91e-27
  4.5275e+05   1.84e-27
  4.6727e+05   1.77e-27
  4.8225e+05   1.70e-27
  4.9771e+05   1.64e-27
  5.1367e+05   1.58e-27
  5.3014e+05   1.52e-27
  5.4714e+05   1.46e-27
  5.6468e+05   1.40e-27
  5.8278e+05   1.35e-27
  6.0147e+05   1.29e-27
  6.2075e+05   1.24e-27
  6.4066e+05   1.19e-27
  6.6120e+05   1.14e-27
  6.8240e+05   1.10e-27
  7.0428e+05   1.05e-27
  7.2686e+05   1.01e-27
  7.5017e+05   9.70e-28
  7.7422e+05   9.30e-28
  7.9904e+05   8.92e-28
  8.2466e+05   8.55e-28
  8.5110e+05   8.20e-28
  8.7839e+05   7.86e-28
  9.0656e+05   7.54e-28
  9.3562e+05   7.23e-28
  9.6562e+05   6.93e-28
  9.9658e+05   6.65e-28
  1.0285e+06   6.38e-28
  1.0615e+06   6.12e-28
  1.0956e+06   5.87e-28
  1.1307e+06   5.63e-28
  1.1669e+06   5.40e-28
  1.2043e+06   5.18e-28
  1.2430e+06   4.97e-28
  1.2828e+06   4.77e-28
  1.3239e+06   4.58e-28
  1.3664e+06   4.39e-28
  1.4102e+06   4.22e-28
  1.4554e+06   4.05e-28
  1.5021e+06   3.89e-28
  1.5502e+06   3.73e-28
  1.6000e+06   3.58e-28
  1.6513e+06   3.43e-28
  1.7042e+06   3.29e-28
  1.7588e+06   3.16e-28
  1.8152e+06   3.03e-28
  1.8734e+06   2.90e-28
  1.9335e+06   2.78e-28
  1.9955e+06   2.66e-28
  2.0595e+06   2.55e-28
  2.1255e+06   2.44e-28
  2.1937e+06   2.34e-28
  2.2640e+06   2.24e-28
  2.3366e+06   2.14e-28
  2.4115e+06   2.04e-28
  2.4888e+06   1.95e-28
  2.5686e+06   1.86e-28
  2.6510e+06   1.77e-28
  2.7360e+06   1.68e-28
  2.8237e+06   1.60e-28
  2.9142e+06   1.52e-28
  3.0077e+06   1.44e-28
  3.1041e+06   1.36e-28
  3.2036e+06   1.29e-28
  3.3064e+06   1.22e-28
  3.4124e+06   1.15e-28
  3.5218e+06   1.08e-28
  3.6347e+06   1.01e-28
  3.7512e+06   9.51e-29
  3.8715e+06   8.89e-29
  3.9957e+06   8.30e-29
  4.1238e+06   7.74e-29
  4.2560e+06   7.20e-29
  4.3924e+06   6.67e-29
  4.5333e+06   6.17e-29
  4.6786e+06   5.70e-29
  4.8286e+06   5.24e-29
  4.9835e+06   4.81e-29
  5.1433e+06   4.40e-29
  5.3082e+06   4.01e-29
  5.4784e+06   3.64e-29
  5.6540e+06   3.30e-29
  5.8353e+06   2.97e-29
  6.0224e+06   2.67e-29
  6.2155e+06   2.38e-29
  6.4148e+06   2.12e-29
  6.6205e+06   1.87e-29
  6.8327e+06   1.65e-29
  7.0518e+06   1.44e-29
  7.2779e+06   1.25e-29
  7.5113e+06   1.08e-29
  7.7521e+06   9.31e-30
  8.0007e+06   7.94e-30
  8.2572e+06   6.71e-30
  8.5219e+06   5.66e-30
  8.7952e+06   4.73e-30
  9.0772e+06   3.92e-30
  9.3682e+06   3.21e-30
  9.6686e+06   2.62e-30
  9.9786e+06   2.11e-30
  1.0299e+07   1.67e-30
  1.0629e+07   1.31e-30
  1.0970e+07   1.03e-30
  1.1321e+07   7.90e-31
  1.1684e+07   5.95e-31
  1.2059e+07   4.50e-31
  1.2446e+07   3.35e-31
  1.2845e+07   2.44e-31
  1.3256e+07   1.74e-31
  1.3681e+07   1.26e-31
  1.4120e+07   8.92e-32
  1.4573e+07   6.13e-32
  1.5040e+07   4.21e-32
  1.5522e+07   2.90e-32
  1.6020e+07   1.94e-32
