#  E [MeV]   Flux [# cm^{-2} s^{-1}  MeV^{-1}]
  3.0000e+04   8.23e-19
  3.0501e+04   7.98e-19
  3.1010e+04   7.74e-19
  3.1528e+04   7.51e-19
  3.2055e+04   7.29e-19
  3.2590e+04   7.07e-19
  3.3134e+04   6.85e-19
  3.3688e+04   6.64e-19
  3.4250e+04   6.44e-19
  3.4822e+04   6.24e-19
  3.5404e+04   6.05e-19
  3.5995e+04   5.86e-19
  3.6596e+04   5.68e-19
  3.7207e+04   5.50e-19
  3.7829e+04   5.33e-19
  3.8460e+04   5.16e-19
  3.9103e+04   5.00e-19
  3.9756e+04   4.84e-19
  4.0420e+04   4.69e-19
  4.1095e+04   4.54e-19
  4.1781e+04   4.39e-19
  4.2479e+04   4.25e-19
  4.3188e+04   4.11e-19
  4.3909e+04   3.97e-19
  4.4642e+04   3.85e-19
  4.5388e+04   3.72e-19
  4.6146e+04   3.60e-19
  4.6917e+04   3.48e-19
  4.7700e+04   3.36e-19
  4.8497e+04   3.25e-19
  4.9307e+04   3.14e-19
  5.0130e+04   3.03e-19
  5.0967e+04   2.93e-19
  5.1818e+04   2.83e-19
  5.2684e+04   2.74e-19
  5.3563e+04   2.64e-19
  5.4458e+04   2.55e-19
  5.5367e+04   2.46e-19
  5.6292e+04   2.38e-19
  5.7232e+04   2.30e-19
  5.8188e+04   2.22e-19
  5.9160e+04   2.14e-19
  6.0148e+04   2.06e-19
  6.1152e+04   1.99e-19
  6.2173e+04   1.92e-19
  6.3212e+04   1.85e-19
  6.4267e+04   1.78e-19
  6.5340e+04   1.72e-19
  6.6432e+04   1.66e-19
  6.7541e+04   1.60e-19
  6.8669e+04   1.54e-19
  6.9816e+04   1.48e-19
  7.0982e+04   1.43e-19
  7.2167e+04   1.37e-19
  7.3372e+04   1.32e-19
  7.4598e+04   1.28e-19
  7.5843e+04   1.23e-19
  7.7110e+04   1.18e-19
  7.8398e+04   1.14e-19
  7.9707e+04   1.09e-19
  8.1038e+04   1.05e-19
  8.2391e+04   1.01e-19
  8.3767e+04   9.73e-20
  8.5166e+04   9.35e-20
  8.6588e+04   8.98e-20
  8.8034e+04   8.62e-20
  8.9505e+04   8.29e-20
  9.0999e+04   7.97e-20
  9.2519e+04   7.66e-20
  9.4064e+04   7.35e-20
  9.5635e+04   7.05e-20
  9.7232e+04   6.76e-20
  9.8856e+04   6.48e-20
  1.0051e+05   6.23e-20
  1.0219e+05   5.98e-20
  1.0389e+05   5.73e-20
  1.0563e+05   5.49e-20
  1.0739e+05   5.26e-20
  1.0918e+05   5.04e-20
  1.1101e+05   4.82e-20
  1.1286e+05   4.62e-20
  1.1475e+05   4.43e-20
  1.1666e+05   4.24e-20
  1.1861e+05   4.06e-20
  1.2059e+05   3.88e-20
  1.2260e+05   3.71e-20
  1.2465e+05   3.55e-20
  1.2673e+05   3.40e-20
  1.2885e+05   3.25e-20
  1.3100e+05   3.11e-20
  1.3319e+05   2.97e-20
  1.3541e+05   2.83e-20
  1.3768e+05   2.70e-20
  1.3997e+05   2.58e-20
  1.4231e+05   2.47e-20
  1.4469e+05   2.35e-20
  1.4711e+05   2.25e-20
  1.4956e+05   2.14e-20
  1.5206e+05   2.04e-20
  1.5460e+05   1.94e-20
  1.5718e+05   1.85e-20
  1.5981e+05   1.77e-20
  1.6247e+05   1.68e-20
  1.6519e+05   1.60e-20
  1.6795e+05   1.53e-20
  1.7075e+05   1.45e-20
  1.7360e+05   1.38e-20
  1.7650e+05   1.31e-20
  1.7945e+05   1.25e-20
  1.8245e+05   1.19e-20
  1.8549e+05   1.13e-20
  1.8859e+05   1.07e-20
  1.9174e+05   1.01e-20
  1.9494e+05   9.60e-21
  1.9820e+05   9.12e-21
  2.0151e+05   8.67e-21
  2.0487e+05   8.24e-21
  2.0829e+05   7.81e-21
  2.1177e+05   7.40e-21
  2.1531e+05   7.00e-21
  2.1890e+05   6.61e-21
  2.2256e+05   6.27e-21
  2.2628e+05   5.96e-21
  2.3006e+05   5.65e-21
  2.3390e+05   5.35e-21
  2.3780e+05   5.06e-21
  2.4178e+05   4.77e-21
  2.4581e+05   4.50e-21
  2.4992e+05   4.26e-21
  2.5409e+05   4.04e-21
  2.5833e+05   3.83e-21
  2.6265e+05   3.62e-21
  2.6704e+05   3.42e-21
  2.7149e+05   3.22e-21
  2.7603e+05   3.03e-21
  2.8064e+05   2.87e-21
  2.8532e+05   2.72e-21
  2.9009e+05   2.58e-21
  2.9493e+05   2.44e-21
  2.9986e+05   2.30e-21
  3.0487e+05   2.17e-21
  3.0996e+05   2.04e-21
  3.1513e+05   1.93e-21
  3.2040e+05   1.83e-21
  3.2575e+05   1.73e-21
  3.3119e+05   1.64e-21
  3.3672e+05   1.55e-21
  3.4234e+05   1.46e-21
  3.4806e+05   1.37e-21
  3.5387e+05   1.31e-21
  3.5978e+05   1.24e-21
  3.6579e+05   1.18e-21
  3.7190e+05   1.12e-21
  3.7811e+05   1.06e-21
  3.8442e+05   1.00e-21
  3.9084e+05   9.45e-22
  3.9737e+05   9.03e-22
  4.0401e+05   8.62e-22
  4.1075e+05   8.22e-22
  4.1761e+05   7.84e-22
  4.2459e+05   7.46e-22
  4.3168e+05   7.10e-22
  4.3889e+05   6.75e-22
  4.4622e+05   6.49e-22
  4.5367e+05   6.23e-22
  4.6124e+05   5.98e-22
  4.6895e+05   5.74e-22
  4.7678e+05   5.51e-22
  4.8474e+05   5.28e-22
  4.9283e+05   5.06e-22
  5.0107e+05   4.92e-22
  5.0943e+05   4.78e-22
  5.1794e+05   4.65e-22
  5.2659e+05   4.52e-22
  5.3538e+05   4.39e-22
  5.4432e+05   4.27e-22
  5.5342e+05   4.15e-22
  5.6266e+05   4.09e-22
  5.7205e+05   4.02e-22
  5.8161e+05   3.96e-22
  5.9132e+05   3.90e-22
  6.0119e+05   3.83e-22
  6.1123e+05   3.77e-22
  6.2144e+05   3.72e-22
  6.3182e+05   3.69e-22
  6.4237e+05   3.66e-22
  6.5310e+05   3.63e-22
  6.6401e+05   3.59e-22
  6.7509e+05   3.56e-22
  6.8637e+05   3.53e-22
  6.9783e+05   3.42e-22
  7.0948e+05   3.00e-22
  7.2133e+05   2.60e-22
  7.3338e+05   2.22e-22
  7.4563e+05   1.85e-22
  7.5808e+05   1.49e-22
  7.7074e+05   1.15e-22
  7.8361e+05   8.65e-23
  7.9670e+05   7.29e-23
  8.1000e+05   5.98e-23
