#  E [GeV]   # per interaction  [GeV^{-1}]
  3.0000e+01   2.66e-02
  3.1141e+01   2.56e-02
  3.2326e+01   2.46e-02
  3.3556e+01   2.37e-02
  3.4832e+01   2.28e-02
  3.6157e+01   2.19e-02
  3.7533e+01   2.10e-02
  3.8961e+01   2.02e-02
  4.0443e+01   1.94e-02
  4.1982e+01   1.86e-02
  4.3579e+01   1.79e-02
  4.5237e+01   1.72e-02
  4.6958e+01   1.65e-02
  4.8744e+01   1.58e-02
  5.0598e+01   1.52e-02
  5.2523e+01   1.45e-02
  5.4521e+01   1.39e-02
  5.6596e+01   1.34e-02
  5.8749e+01   1.28e-02
  6.0984e+01   1.23e-02
  6.3304e+01   1.17e-02
  6.5712e+01   1.12e-02
  6.8212e+01   1.08e-02
  7.0807e+01   1.03e-02
  7.3500e+01   9.85e-03
  7.6297e+01   9.42e-03
  7.9199e+01   9.01e-03
  8.2212e+01   8.61e-03
  8.5340e+01   8.23e-03
  8.8586e+01   7.86e-03
  9.1956e+01   7.50e-03
  9.5455e+01   7.16e-03
  9.9086e+01   6.84e-03
  1.0286e+02   6.52e-03
  1.0677e+02   6.22e-03
  1.1083e+02   5.93e-03
  1.1505e+02   5.65e-03
  1.1942e+02   5.39e-03
  1.2397e+02   5.13e-03
  1.2868e+02   4.89e-03
  1.3358e+02   4.65e-03
  1.3866e+02   4.43e-03
  1.4394e+02   4.21e-03
  1.4941e+02   4.00e-03
  1.5509e+02   3.80e-03
  1.6100e+02   3.61e-03
  1.6712e+02   3.43e-03
  1.7348e+02   3.26e-03
  1.8008e+02   3.09e-03
  1.8693e+02   2.93e-03
  1.9404e+02   2.78e-03
  2.0142e+02   2.63e-03
  2.0908e+02   2.49e-03
  2.1704e+02   2.36e-03
  2.2529e+02   2.23e-03
  2.3387e+02   2.11e-03
  2.4276e+02   2.00e-03
  2.5200e+02   1.88e-03
  2.6158e+02   1.78e-03
  2.7154e+02   1.68e-03
  2.8187e+02   1.58e-03
  2.9259e+02   1.49e-03
  3.0372e+02   1.40e-03
  3.1527e+02   1.32e-03
  3.2727e+02   1.24e-03
  3.3972e+02   1.17e-03
  3.5264e+02   1.10e-03
  3.6606e+02   1.03e-03
  3.7998e+02   9.68e-04
  3.9444e+02   9.08e-04
  4.0945e+02   8.51e-04
  4.2502e+02   7.97e-04
  4.4119e+02   7.46e-04
  4.5798e+02   6.97e-04
  4.7540e+02   6.52e-04
  4.9348e+02   6.09e-04
  5.1226e+02   5.69e-04
  5.3175e+02   5.31e-04
  5.5198e+02   4.95e-04
  5.7297e+02   4.62e-04
  5.9477e+02   4.30e-04
  6.1740e+02   4.01e-04
  6.4089e+02   3.74e-04
  6.6527e+02   3.48e-04
  6.9058e+02   3.24e-04
  7.1685e+02   3.01e-04
  7.4412e+02   2.80e-04
  7.7243e+02   2.61e-04
  8.0181e+02   2.42e-04
  8.3232e+02   2.25e-04
  8.6398e+02   2.10e-04
  8.9685e+02   1.95e-04
  9.3097e+02   1.81e-04
  9.6638e+02   1.69e-04
  1.0031e+03   1.57e-04
  1.0413e+03   1.46e-04
  1.0809e+03   1.36e-04
  1.1220e+03   1.27e-04
  1.1647e+03   1.18e-04
  1.2090e+03   1.10e-04
  1.2550e+03   1.03e-04
  1.3028e+03   9.57e-05
  1.3523e+03   8.92e-05
  1.4038e+03   8.33e-05
  1.4572e+03   7.78e-05
  1.5126e+03   7.27e-05
  1.5702e+03   6.79e-05
  1.6299e+03   6.35e-05
  1.6919e+03   5.94e-05
  1.7563e+03   5.56e-05
  1.8231e+03   5.20e-05
  1.8925e+03   4.87e-05
  1.9645e+03   4.57e-05
  2.0392e+03   4.28e-05
  2.1168e+03   4.01e-05
  2.1973e+03   3.76e-05
  2.2809e+03   3.53e-05
  2.3677e+03   3.31e-05
  2.4577e+03   3.11e-05
  2.5512e+03   2.92e-05
  2.6483e+03   2.74e-05
  2.7490e+03   2.57e-05
  2.8536e+03   2.42e-05
  2.9622e+03   2.27e-05
  3.0749e+03   2.13e-05
  3.1918e+03   2.00e-05
  3.3133e+03   1.88e-05
  3.4393e+03   1.77e-05
  3.5702e+03   1.66e-05
  3.7060e+03   1.56e-05
  3.8470e+03   1.46e-05
  3.9933e+03   1.37e-05
  4.1452e+03   1.29e-05
  4.3029e+03   1.20e-05
  4.4666e+03   1.13e-05
  4.6366e+03   1.06e-05
  4.8129e+03   9.87e-06
  4.9960e+03   9.23e-06
  5.1861e+03   8.62e-06
  5.3834e+03   8.03e-06
  5.5882e+03   7.49e-06
  5.8008e+03   6.97e-06
  6.0215e+03   6.48e-06
  6.2506e+03   6.01e-06
  6.4883e+03   5.56e-06
  6.7352e+03   5.14e-06
  6.9914e+03   4.74e-06
  7.2574e+03   4.36e-06
  7.5335e+03   4.00e-06
  7.8201e+03   3.66e-06
  8.1176e+03   3.34e-06
  8.4264e+03   3.04e-06
  8.7470e+03   2.75e-06
  9.0797e+03   2.48e-06
  9.4251e+03   2.22e-06
  9.7837e+03   1.98e-06
  1.0156e+04   1.76e-06
  1.0542e+04   1.55e-06
  1.0943e+04   1.36e-06
  1.1360e+04   1.18e-06
  1.1792e+04   1.02e-06
  1.2240e+04   8.71e-07
  1.2706e+04   7.36e-07
  1.3189e+04   6.15e-07
  1.3691e+04   5.07e-07
  1.4212e+04   4.12e-07
  1.4753e+04   3.30e-07
  1.5314e+04   2.59e-07
  1.5897e+04   2.00e-07
  1.6501e+04   1.50e-07
  1.7129e+04   1.10e-07
  1.7781e+04   7.85e-08
  1.8457e+04   5.41e-08
  1.9159e+04   3.59e-08
  1.9888e+04   2.28e-08
  2.0645e+04   1.38e-08
  2.1430e+04   7.86e-09
  2.2245e+04   4.20e-09
  2.3092e+04   2.08e-09
  2.3970e+04   9.40e-10
  2.4882e+04   3.83e-10
  2.5829e+04   1.38e-10
  2.6811e+04   4.31e-11
  2.7831e+04   1.13e-11
  2.8890e+04   2.43e-12
  2.9989e+04   4.07e-13
  3.1130e+04   5.09e-14
  3.2314e+04   4.45e-15
  3.3544e+04   2.52e-16
  3.4820e+04   8.43e-18
  3.6144e+04   1.46e-19
  3.7519e+04   1.13e-21
  3.8947e+04   3.18e-24
  4.0428e+04   2.50e-27
  4.1966e+04   3.94e-31
  4.3563e+04   7.95e-36
  4.5220e+04   1.14e-41
  4.6941e+04   1.02e-46
  4.8726e+04   9.62e-47
  5.0580e+04   9.11e-47
