#  E [GeV]   # per interaction  [GeV^{-1}]
  3.0000e+01   3.12e-01
  3.0782e+01   3.02e-01
  3.1585e+01   2.92e-01
  3.2409e+01   2.82e-01
  3.3255e+01   2.73e-01
  3.4122e+01   2.64e-01
  3.5012e+01   2.55e-01
  3.5925e+01   2.46e-01
  3.6862e+01   2.38e-01
  3.7824e+01   2.30e-01
  3.8810e+01   2.22e-01
  3.9822e+01   2.14e-01
  4.0861e+01   2.07e-01
  4.1927e+01   2.00e-01
  4.3021e+01   1.93e-01
  4.4143e+01   1.86e-01
  4.5294e+01   1.79e-01
  4.6475e+01   1.73e-01
  4.7688e+01   1.67e-01
  4.8931e+01   1.61e-01
  5.0208e+01   1.55e-01
  5.1517e+01   1.49e-01
  5.2861e+01   1.44e-01
  5.4240e+01   1.38e-01
  5.5654e+01   1.33e-01
  5.7106e+01   1.28e-01
  5.8596e+01   1.23e-01
  6.0124e+01   1.19e-01
  6.1692e+01   1.14e-01
  6.3301e+01   1.10e-01
  6.4952e+01   1.05e-01
  6.6647e+01   1.01e-01
  6.8385e+01   9.73e-02
  7.0169e+01   9.34e-02
  7.1999e+01   8.97e-02
  7.3877e+01   8.61e-02
  7.5804e+01   8.27e-02
  7.7781e+01   7.94e-02
  7.9810e+01   7.61e-02
  8.1891e+01   7.30e-02
  8.4027e+01   7.00e-02
  8.6219e+01   6.72e-02
  8.8468e+01   6.44e-02
  9.0775e+01   6.17e-02
  9.3143e+01   5.91e-02
  9.5572e+01   5.66e-02
  9.8065e+01   5.42e-02
  1.0062e+02   5.19e-02
  1.0325e+02   4.97e-02
  1.0594e+02   4.75e-02
  1.0870e+02   4.55e-02
  1.1154e+02   4.35e-02
  1.1445e+02   4.16e-02
  1.1743e+02   3.97e-02
  1.2050e+02   3.79e-02
  1.2364e+02   3.62e-02
  1.2686e+02   3.46e-02
  1.3017e+02   3.30e-02
  1.3357e+02   3.15e-02
  1.3705e+02   3.00e-02
  1.4063e+02   2.86e-02
  1.4429e+02   2.73e-02
  1.4806e+02   2.60e-02
  1.5192e+02   2.48e-02
  1.5588e+02   2.36e-02
  1.5995e+02   2.24e-02
  1.6412e+02   2.13e-02
  1.6840e+02   2.03e-02
  1.7279e+02   1.93e-02
  1.7730e+02   1.83e-02
  1.8193e+02   1.74e-02
  1.8667e+02   1.65e-02
  1.9154e+02   1.57e-02
  1.9654e+02   1.49e-02
  2.0166e+02   1.41e-02
  2.0692e+02   1.34e-02
  2.1232e+02   1.27e-02
  2.1786e+02   1.20e-02
  2.2354e+02   1.14e-02
  2.2937e+02   1.08e-02
  2.3535e+02   1.02e-02
  2.4149e+02   9.62e-03
  2.4779e+02   9.09e-03
  2.5425e+02   8.59e-03
  2.6088e+02   8.10e-03
  2.6769e+02   7.63e-03
  2.7467e+02   7.20e-03
  2.8184e+02   6.79e-03
  2.8919e+02   6.39e-03
  2.9673e+02   6.01e-03
  3.0447e+02   5.65e-03
  3.1241e+02   5.32e-03
  3.2056e+02   4.99e-03
  3.2892e+02   4.69e-03
  3.3750e+02   4.39e-03
  3.4630e+02   4.12e-03
  3.5533e+02   3.87e-03
  3.6460e+02   3.62e-03
  3.7411e+02   3.38e-03
  3.8387e+02   3.17e-03
  3.9388e+02   2.96e-03
  4.0416e+02   2.77e-03
  4.1470e+02   2.58e-03
  4.2551e+02   2.41e-03
  4.3661e+02   2.25e-03
  4.4800e+02   2.10e-03
  4.5969e+02   1.95e-03
  4.7168e+02   1.81e-03
  4.8398e+02   1.69e-03
  4.9660e+02   1.57e-03
  5.0956e+02   1.46e-03
  5.2285e+02   1.35e-03
  5.3648e+02   1.25e-03
  5.5048e+02   1.16e-03
  5.6483e+02   1.07e-03
  5.7957e+02   9.92e-04
  5.9468e+02   9.16e-04
  6.1020e+02   8.47e-04
  6.2611e+02   7.83e-04
  6.4244e+02   7.23e-04
  6.5920e+02   6.65e-04
  6.7639e+02   6.13e-04
  6.9403e+02   5.65e-04
  7.1214e+02   5.21e-04
  7.3071e+02   4.78e-04
  7.4977e+02   4.39e-04
  7.6933e+02   4.04e-04
  7.8939e+02   3.71e-04
  8.0998e+02   3.41e-04
  8.3111e+02   3.12e-04
  8.5279e+02   2.85e-04
  8.7503e+02   2.62e-04
  8.9785e+02   2.40e-04
  9.2127e+02   2.19e-04
  9.4530e+02   2.00e-04
  9.6996e+02   1.83e-04
  9.9526e+02   1.67e-04
  1.0212e+03   1.53e-04
  1.0479e+03   1.39e-04
  1.0752e+03   1.26e-04
  1.1032e+03   1.15e-04
  1.1320e+03   1.05e-04
  1.1615e+03   9.51e-05
  1.1918e+03   8.59e-05
  1.2229e+03   7.84e-05
  1.2548e+03   7.13e-05
  1.2875e+03   6.45e-05
  1.3211e+03   5.82e-05
  1.3556e+03   5.27e-05
  1.3909e+03   4.79e-05
  1.4272e+03   4.33e-05
  1.4644e+03   3.90e-05
  1.5026e+03   3.50e-05
  1.5418e+03   3.18e-05
  1.5820e+03   2.87e-05
  1.6233e+03   2.58e-05
  1.6657e+03   2.31e-05
  1.7091e+03   2.08e-05
  1.7537e+03   1.87e-05
  1.7994e+03   1.68e-05
  1.8464e+03   1.50e-05
  1.8945e+03   1.33e-05
  1.9439e+03   1.20e-05
  1.9946e+03   1.08e-05
  2.0467e+03   9.56e-06
  2.1000e+03   8.43e-06
  2.1548e+03   7.52e-06
  2.2110e+03   6.72e-06
  2.2687e+03   5.96e-06
  2.3279e+03   5.25e-06
  2.3886e+03   4.60e-06
  2.4509e+03   4.11e-06
  2.5148e+03   3.64e-06
  2.5804e+03   3.20e-06
  2.6477e+03   2.78e-06
  2.7168e+03   2.46e-06
  2.7876e+03   2.18e-06
  2.8603e+03   1.91e-06
  2.9349e+03   1.66e-06
  3.0115e+03   1.44e-06
  3.0900e+03   1.27e-06
  3.1706e+03   1.11e-06
  3.2533e+03   9.66e-07
  3.3382e+03   8.25e-07
  3.4253e+03   7.22e-07
  3.5146e+03   6.31e-07
  3.6063e+03   5.46e-07
  3.7003e+03   4.65e-07
  3.7969e+03   3.96e-07
  3.8959e+03   3.44e-07
  3.9975e+03   2.96e-07
  4.1018e+03   2.50e-07
  4.2088e+03   2.07e-07
  4.3185e+03   1.76e-07
  4.4312e+03   1.48e-07
  4.5467e+03   1.23e-07
  4.6653e+03   9.85e-08
  4.7870e+03   7.92e-08
  4.9119e+03   6.63e-08
  5.0400e+03   5.42e-08
