#  E [MeV]   Flux [# cm^{-2} s^{-1}  MeV^{-1}]
  3.0000e+04   2.38e-20
  3.0589e+04   2.35e-20
  3.1190e+04   2.32e-20
  3.1803e+04   2.30e-20
  3.2428e+04   2.27e-20
  3.3065e+04   2.24e-20
  3.3714e+04   2.22e-20
  3.4376e+04   2.19e-20
  3.5052e+04   2.17e-20
  3.5740e+04   2.14e-20
  3.6442e+04   2.12e-20
  3.7158e+04   2.10e-20
  3.7888e+04   2.07e-20
  3.8632e+04   2.05e-20
  3.9391e+04   2.03e-20
  4.0165e+04   2.00e-20
  4.0954e+04   1.98e-20
  4.1758e+04   1.96e-20
  4.2579e+04   1.94e-20
  4.3415e+04   1.91e-20
  4.4268e+04   1.89e-20
  4.5138e+04   1.87e-20
  4.6024e+04   1.85e-20
  4.6928e+04   1.83e-20
  4.7850e+04   1.81e-20
  4.8790e+04   1.79e-20
  4.9749e+04   1.77e-20
  5.0726e+04   1.75e-20
  5.1722e+04   1.73e-20
  5.2738e+04   1.71e-20
  5.3774e+04   1.69e-20
  5.4831e+04   1.67e-20
  5.5908e+04   1.65e-20
  5.7006e+04   1.63e-20
  5.8126e+04   1.61e-20
  5.9268e+04   1.59e-20
  6.0432e+04   1.57e-20
  6.1619e+04   1.55e-20
  6.2829e+04   1.54e-20
  6.4064e+04   1.52e-20
  6.5322e+04   1.50e-20
  6.6605e+04   1.48e-20
  6.7913e+04   1.46e-20
  6.9248e+04   1.45e-20
  7.0608e+04   1.43e-20
  7.1995e+04   1.41e-20
  7.3409e+04   1.39e-20
  7.4851e+04   1.37e-20
  7.6321e+04   1.36e-20
  7.7821e+04   1.34e-20
  7.9349e+04   1.32e-20
  8.0908e+04   1.30e-20
  8.2497e+04   1.29e-20
  8.4118e+04   1.27e-20
  8.5770e+04   1.25e-20
  8.7455e+04   1.24e-20
  8.9173e+04   1.22e-20
  9.0925e+04   1.20e-20
  9.2711e+04   1.19e-20
  9.4532e+04   1.17e-20
  9.6389e+04   1.15e-20
  9.8283e+04   1.14e-20
  1.0021e+05   1.12e-20
  1.0218e+05   1.10e-20
  1.0419e+05   1.09e-20
  1.0624e+05   1.07e-20
  1.0832e+05   1.06e-20
  1.1045e+05   1.04e-20
  1.1262e+05   1.02e-20
  1.1483e+05   1.01e-20
  1.1709e+05   9.93e-21
  1.1939e+05   9.78e-21
  1.2173e+05   9.63e-21
  1.2412e+05   9.47e-21
  1.2656e+05   9.32e-21
  1.2905e+05   9.17e-21
  1.3158e+05   9.02e-21
  1.3417e+05   8.87e-21
  1.3680e+05   8.72e-21
  1.3949e+05   8.58e-21
  1.4223e+05   8.43e-21
  1.4503e+05   8.28e-21
  1.4787e+05   8.13e-21
  1.5078e+05   7.99e-21
  1.5374e+05   7.85e-21
  1.5676e+05   7.70e-21
  1.5984e+05   7.56e-21
  1.6298e+05   7.42e-21
  1.6618e+05   7.28e-21
  1.6945e+05   7.14e-21
  1.7278e+05   7.00e-21
  1.7617e+05   6.87e-21
  1.7963e+05   6.73e-21
  1.8316e+05   6.59e-21
  1.8676e+05   6.45e-21
  1.9042e+05   6.32e-21
  1.9417e+05   6.19e-21
  1.9798e+05   6.06e-21
  2.0187e+05   5.93e-21
  2.0583e+05   5.80e-21
  2.0988e+05   5.67e-21
  2.1400e+05   5.54e-21
  2.1820e+05   5.42e-21
  2.2249e+05   5.29e-21
  2.2686e+05   5.17e-21
  2.3132e+05   5.04e-21
  2.3586e+05   4.92e-21
  2.4049e+05   4.80e-21
  2.4522e+05   4.69e-21
  2.5004e+05   4.57e-21
  2.5495e+05   4.45e-21
  2.5996e+05   4.34e-21
  2.6506e+05   4.22e-21
  2.7027e+05   4.11e-21
  2.7558e+05   4.00e-21
  2.8099e+05   3.89e-21
  2.8651e+05   3.78e-21
  2.9214e+05   3.67e-21
  2.9788e+05   3.56e-21
  3.0373e+05   3.46e-21
  3.0970e+05   3.36e-21
  3.1578e+05   3.25e-21
  3.2198e+05   3.15e-21
  3.2831e+05   3.05e-21
  3.3476e+05   2.95e-21
  3.4133e+05   2.86e-21
  3.4804e+05   2.77e-21
  3.5487e+05   2.67e-21
  3.6185e+05   2.58e-21
  3.6895e+05   2.49e-21
  3.7620e+05   2.40e-21
  3.8359e+05   2.32e-21
  3.9113e+05   2.24e-21
  3.9881e+05   2.15e-21
  4.0664e+05   2.07e-21
  4.1463e+05   1.99e-21
  4.2278e+05   1.92e-21
  4.3108e+05   1.84e-21
  4.3955e+05   1.77e-21
  4.4818e+05   1.70e-21
  4.5699e+05   1.63e-21
  4.6596e+05   1.56e-21
  4.7512e+05   1.50e-21
  4.8445e+05   1.43e-21
  4.9397e+05   1.37e-21
  5.0367e+05   1.31e-21
  5.1356e+05   1.25e-21
  5.2365e+05   1.19e-21
  5.3394e+05   1.14e-21
  5.4443e+05   1.09e-21
  5.5512e+05   1.03e-21
  5.6603e+05   9.82e-22
  5.7715e+05   9.32e-22
  5.8848e+05   8.84e-22
  6.0004e+05   8.38e-22
  6.1183e+05   7.93e-22
  6.2385e+05   7.50e-22
  6.3610e+05   7.09e-22
  6.4860e+05   6.69e-22
  6.6134e+05   6.31e-22
  6.7433e+05   5.94e-22
  6.8758e+05   5.59e-22
  7.0108e+05   5.26e-22
  7.1486e+05   4.94e-22
  7.2890e+05   4.63e-22
  7.4322e+05   4.34e-22
  7.5782e+05   4.06e-22
  7.7270e+05   3.78e-22
  7.8788e+05   3.54e-22
  8.0336e+05   3.30e-22
  8.1914e+05   3.08e-22
  8.3523e+05   2.87e-22
  8.5164e+05   2.66e-22
  8.6837e+05   2.46e-22
  8.8542e+05   2.29e-22
  9.0282e+05   2.12e-22
  9.2055e+05   1.96e-22
  9.3863e+05   1.81e-22
  9.5707e+05   1.66e-22
  9.7587e+05   1.52e-22
  9.9504e+05   1.40e-22
  1.0146e+06   1.29e-22
  1.0345e+06   1.18e-22
  1.0548e+06   1.08e-22
  1.0756e+06   9.86e-23
  1.0967e+06   8.93e-23
  1.1182e+06   8.20e-23
  1.1402e+06   7.52e-23
  1.1626e+06   6.87e-23
  1.1854e+06   6.25e-23
  1.2087e+06   5.66e-23
  1.2325e+06   5.08e-23
  1.2567e+06   4.70e-23
  1.2814e+06   4.33e-23
  1.3065e+06   3.98e-23
  1.3322e+06   3.64e-23
  1.3584e+06   3.31e-23
  1.3851e+06   3.01e-23
  1.4123e+06   2.85e-23
  1.4400e+06   2.69e-23
