#  E [MeV]   Flux [# cm^{-2} s^{-1}  MeV^{-1}]
  3.0000e+04   1.26e-19
  3.1123e+04   1.20e-19
  3.2288e+04   1.15e-19
  3.3497e+04   1.10e-19
  3.4751e+04   1.05e-19
  3.6051e+04   1.00e-19
  3.7401e+04   9.57e-20
  3.8801e+04   9.14e-20
  4.0253e+04   8.73e-20
  4.1760e+04   8.33e-20
  4.3324e+04   7.95e-20
  4.4945e+04   7.59e-20
  4.6628e+04   7.24e-20
  4.8373e+04   6.91e-20
  5.0184e+04   6.59e-20
  5.2063e+04   6.29e-20
  5.4011e+04   6.00e-20
  5.6033e+04   5.72e-20
  5.8131e+04   5.45e-20
  6.0307e+04   5.20e-20
  6.2564e+04   4.96e-20
  6.4906e+04   4.72e-20
  6.7336e+04   4.50e-20
  6.9857e+04   4.29e-20
  7.2472e+04   4.08e-20
  7.5184e+04   3.89e-20
  7.7999e+04   3.70e-20
  8.0919e+04   3.53e-20
  8.3948e+04   3.36e-20
  8.7090e+04   3.20e-20
  9.0350e+04   3.04e-20
  9.3732e+04   2.89e-20
  9.7241e+04   2.75e-20
  1.0088e+05   2.62e-20
  1.0466e+05   2.49e-20
  1.0858e+05   2.37e-20
  1.1264e+05   2.25e-20
  1.1686e+05   2.14e-20
  1.2123e+05   2.04e-20
  1.2577e+05   1.94e-20
  1.3048e+05   1.84e-20
  1.3536e+05   1.75e-20
  1.4043e+05   1.66e-20
  1.4568e+05   1.58e-20
  1.5114e+05   1.50e-20
  1.5680e+05   1.42e-20
  1.6266e+05   1.35e-20
  1.6875e+05   1.28e-20
  1.7507e+05   1.21e-20
  1.8162e+05   1.15e-20
  1.8842e+05   1.09e-20
  1.9548e+05   1.04e-20
  2.0279e+05   9.82e-21
  2.1039e+05   9.31e-21
  2.1826e+05   8.81e-21
  2.2643e+05   8.35e-21
  2.3491e+05   7.91e-21
  2.4370e+05   7.48e-21
  2.5282e+05   7.08e-21
  2.6229e+05   6.70e-21
  2.7211e+05   6.33e-21
  2.8229e+05   5.99e-21
  2.9286e+05   5.66e-21
  3.0382e+05   5.34e-21
  3.1519e+05   5.04e-21
  3.2699e+05   4.76e-21
  3.3923e+05   4.49e-21
  3.5193e+05   4.23e-21
  3.6511e+05   3.99e-21
  3.7877e+05   3.76e-21
  3.9295e+05   3.53e-21
  4.0766e+05   3.32e-21
  4.2292e+05   3.13e-21
  4.3875e+05   2.94e-21
  4.5518e+05   2.76e-21
  4.7222e+05   2.59e-21
  4.8989e+05   2.42e-21
  5.0823e+05   2.27e-21
  5.2726e+05   2.13e-21
  5.4699e+05   1.99e-21
  5.6747e+05   1.86e-21
  5.8871e+05   1.74e-21
  6.1075e+05   1.62e-21
  6.3361e+05   1.51e-21
  6.5733e+05   1.41e-21
  6.8194e+05   1.31e-21
  7.0746e+05   1.23e-21
  7.3395e+05   1.14e-21
  7.6142e+05   1.06e-21
  7.8992e+05   9.90e-22
  8.1949e+05   9.21e-22
  8.5017e+05   8.57e-22
  8.8199e+05   7.98e-22
  9.1501e+05   7.42e-22
  9.4926e+05   6.90e-22
  9.8479e+05   6.41e-22
  1.0217e+06   5.95e-22
  1.0599e+06   5.53e-22
  1.0996e+06   5.13e-22
  1.1407e+06   4.76e-22
  1.1834e+06   4.41e-22
  1.2277e+06   4.08e-22
  1.2737e+06   3.78e-22
  1.3214e+06   3.50e-22
  1.3708e+06   3.24e-22
  1.4222e+06   2.99e-22
  1.4754e+06   2.77e-22
  1.5306e+06   2.55e-22
  1.5879e+06   2.36e-22
  1.6474e+06   2.18e-22
  1.7090e+06   2.01e-22
  1.7730e+06   1.85e-22
  1.8394e+06   1.70e-22
  1.9082e+06   1.57e-22
  1.9797e+06   1.44e-22
  2.0538e+06   1.32e-22
  2.1306e+06   1.21e-22
  2.2104e+06   1.11e-22
  2.2931e+06   1.02e-22
  2.3790e+06   9.32e-23
  2.4680e+06   8.51e-23
  2.5604e+06   7.78e-23
  2.6563e+06   7.10e-23
  2.7557e+06   6.45e-23
  2.8589e+06   5.88e-23
  2.9659e+06   5.34e-23
  3.0769e+06   4.84e-23
  3.1921e+06   4.39e-23
  3.3116e+06   3.98e-23
  3.4355e+06   3.59e-23
  3.5641e+06   3.24e-23
  3.6976e+06   2.92e-23
  3.8360e+06   2.62e-23
  3.9796e+06   2.36e-23
  4.1285e+06   2.12e-23
  4.2831e+06   1.89e-23
  4.4434e+06   1.69e-23
  4.6097e+06   1.51e-23
  4.7823e+06   1.34e-23
  4.9613e+06   1.18e-23
  5.1470e+06   1.05e-23
  5.3397e+06   9.26e-24
  5.5396e+06   8.13e-24
  5.7470e+06   7.18e-24
  5.9621e+06   6.29e-24
  6.1853e+06   5.48e-24
  6.4168e+06   4.81e-24
  6.6570e+06   4.18e-24
  6.9062e+06   3.60e-24
  7.1647e+06   3.14e-24
  7.4329e+06   2.71e-24
  7.7112e+06   2.32e-24
  7.9998e+06   2.00e-24
  8.2993e+06   1.71e-24
  8.6100e+06   1.45e-24
  8.9323e+06   1.23e-24
  9.2666e+06   1.05e-24
  9.6135e+06   8.75e-25
  9.9734e+06   7.35e-25
  1.0347e+07   6.16e-25
  1.0734e+07   5.09e-25
  1.1136e+07   4.21e-25
  1.1553e+07   3.48e-25
  1.1985e+07   2.84e-25
  1.2434e+07   2.30e-25
  1.2899e+07   1.87e-25
  1.3382e+07   1.50e-25
  1.3883e+07   1.18e-25
  1.4403e+07   9.46e-26
  1.4942e+07   7.41e-26
  1.5501e+07   5.68e-26
  1.6081e+07   4.43e-26
  1.6683e+07   3.37e-26
  1.7308e+07   2.49e-26
  1.7956e+07   1.87e-26
  1.8628e+07   1.37e-26
  1.9325e+07   9.67e-27
  2.0049e+07   6.86e-27
  2.0799e+07   4.75e-27
  2.1578e+07   3.15e-27
  2.2386e+07   2.06e-27
  2.3224e+07   1.31e-27
  2.4093e+07   7.89e-28
  2.4995e+07   4.56e-28
  2.5930e+07   2.51e-28
  2.6901e+07   1.28e-28
  2.7908e+07   6.06e-29
  2.8953e+07   2.64e-29
  3.0037e+07   1.02e-29
  3.1161e+07   3.41e-30
  3.2327e+07   9.80e-31
  3.3537e+07   2.28e-31
  3.4793e+07   4.14e-32
  3.6095e+07   5.56e-33
  3.7446e+07   5.11e-34
  3.8848e+07   2.94e-35
  4.0302e+07   9.38e-37
  4.1811e+07   1.44e-38
  4.3376e+07   8.66e-41
  4.5000e+07   1.63e-43
