#  E [MeV]   Flux [# cm^{-2} s^{-1}  MeV^{-1}]
  3.0000e+04   1.20e-20
  3.0675e+04   1.18e-20
  3.1366e+04   1.16e-20
  3.2072e+04   1.14e-20
  3.2794e+04   1.12e-20
  3.3533e+04   1.10e-20
  3.4288e+04   1.08e-20
  3.5060e+04   1.07e-20
  3.5849e+04   1.05e-20
  3.6656e+04   1.03e-20
  3.7482e+04   1.02e-20
  3.8326e+04   9.99e-21
  3.9188e+04   9.84e-21
  4.0071e+04   9.69e-21
  4.0973e+04   9.54e-21
  4.1896e+04   9.39e-21
  4.2839e+04   9.25e-21
  4.3803e+04   9.11e-21
  4.4790e+04   8.98e-21
  4.5798e+04   8.84e-21
  4.6829e+04   8.71e-21
  4.7884e+04   8.58e-21
  4.8962e+04   8.46e-21
  5.0064e+04   8.34e-21
  5.1191e+04   8.22e-21
  5.2344e+04   8.10e-21
  5.3522e+04   7.98e-21
  5.4727e+04   7.87e-21
  5.5960e+04   7.76e-21
  5.7219e+04   7.65e-21
  5.8508e+04   7.54e-21
  5.9825e+04   7.43e-21
  6.1172e+04   7.33e-21
  6.2549e+04   7.23e-21
  6.3958e+04   7.13e-21
  6.5398e+04   7.03e-21
  6.6870e+04   6.93e-21
  6.8376e+04   6.83e-21
  6.9915e+04   6.74e-21
  7.1489e+04   6.64e-21
  7.3099e+04   6.55e-21
  7.4745e+04   6.46e-21
  7.6428e+04   6.37e-21
  7.8148e+04   6.28e-21
  7.9908e+04   6.20e-21
  8.1707e+04   6.11e-21
  8.3547e+04   6.02e-21
  8.5428e+04   5.94e-21
  8.7351e+04   5.86e-21
  8.9318e+04   5.77e-21
  9.1329e+04   5.69e-21
  9.3385e+04   5.61e-21
  9.5488e+04   5.53e-21
  9.7638e+04   5.46e-21
  9.9836e+04   5.38e-21
  1.0208e+05   5.30e-21
  1.0438e+05   5.22e-21
  1.0673e+05   5.15e-21
  1.0914e+05   5.07e-21
  1.1159e+05   5.00e-21
  1.1411e+05   4.93e-21
  1.1667e+05   4.86e-21
  1.1930e+05   4.78e-21
  1.2199e+05   4.71e-21
  1.2473e+05   4.64e-21
  1.2754e+05   4.57e-21
  1.3041e+05   4.50e-21
  1.3335e+05   4.43e-21
  1.3635e+05   4.36e-21
  1.3942e+05   4.29e-21
  1.4256e+05   4.22e-21
  1.4577e+05   4.15e-21
  1.4905e+05   4.08e-21
  1.5241e+05   4.01e-21
  1.5584e+05   3.95e-21
  1.5935e+05   3.88e-21
  1.6294e+05   3.81e-21
  1.6661e+05   3.75e-21
  1.7036e+05   3.68e-21
  1.7419e+05   3.61e-21
  1.7812e+05   3.55e-21
  1.8213e+05   3.48e-21
  1.8623e+05   3.42e-21
  1.9042e+05   3.36e-21
  1.9471e+05   3.29e-21
  1.9909e+05   3.23e-21
  2.0357e+05   3.17e-21
  2.0816e+05   3.11e-21
  2.1284e+05   3.05e-21
  2.1763e+05   2.99e-21
  2.2253e+05   2.93e-21
  2.2755e+05   2.87e-21
  2.3267e+05   2.81e-21
  2.3791e+05   2.75e-21
  2.4326e+05   2.69e-21
  2.4874e+05   2.63e-21
  2.5434e+05   2.57e-21
  2.6007e+05   2.51e-21
  2.6592e+05   2.45e-21
  2.7191e+05   2.40e-21
  2.7803e+05   2.34e-21
  2.8429e+05   2.28e-21
  2.9069e+05   2.22e-21
  2.9724e+05   2.17e-21
  3.0393e+05   2.11e-21
  3.1077e+05   2.06e-21
  3.1777e+05   2.00e-21
  3.2493e+05   1.95e-21
  3.3224e+05   1.90e-21
  3.3972e+05   1.85e-21
  3.4737e+05   1.79e-21
  3.5519e+05   1.74e-21
  3.6319e+05   1.69e-21
  3.7137e+05   1.64e-21
  3.7973e+05   1.59e-21
  3.8828e+05   1.54e-21
  3.9702e+05   1.50e-21
  4.0596e+05   1.45e-21
  4.1510e+05   1.40e-21
  4.2444e+05   1.36e-21
  4.3400e+05   1.31e-21
  4.4377e+05   1.27e-21
  4.5376e+05   1.23e-21
  4.6398e+05   1.18e-21
  4.7443e+05   1.14e-21
  4.8511e+05   1.10e-21
  4.9603e+05   1.06e-21
  5.0720e+05   1.02e-21
  5.1862e+05   9.81e-22
  5.3030e+05   9.44e-22
  5.4224e+05   9.06e-22
  5.5444e+05   8.70e-22
  5.6693e+05   8.34e-22
  5.7969e+05   8.00e-22
  5.9274e+05   7.67e-22
  6.0609e+05   7.35e-22
  6.1974e+05   7.03e-22
  6.3369e+05   6.72e-22
  6.4796e+05   6.42e-22
  6.6255e+05   6.14e-22
  6.7746e+05   5.86e-22
  6.9272e+05   5.58e-22
  7.0831e+05   5.32e-22
  7.2426e+05   5.06e-22
  7.4057e+05   4.82e-22
  7.5724e+05   4.59e-22
  7.7429e+05   4.35e-22
  7.9172e+05   4.13e-22
  8.0955e+05   3.92e-22
  8.2778e+05   3.72e-22
  8.4641e+05   3.52e-22
  8.6547e+05   3.33e-22
  8.8496e+05   3.15e-22
  9.0488e+05   2.97e-22
  9.2526e+05   2.81e-22
  9.4609e+05   2.65e-22
  9.6739e+05   2.49e-22
  9.8917e+05   2.34e-22
  1.0114e+06   2.20e-22
  1.0342e+06   2.06e-22
  1.0575e+06   1.93e-22
  1.0813e+06   1.81e-22
  1.1057e+06   1.69e-22
  1.1305e+06   1.58e-22
  1.1560e+06   1.47e-22
  1.1820e+06   1.37e-22
  1.2086e+06   1.28e-22
  1.2359e+06   1.19e-22
  1.2637e+06   1.10e-22
  1.2921e+06   1.02e-22
  1.3212e+06   9.45e-23
  1.3510e+06   8.73e-23
  1.3814e+06   8.08e-23
  1.4125e+06   7.46e-23
  1.4443e+06   6.87e-23
  1.4768e+06   6.31e-23
  1.5101e+06   5.78e-23
  1.5441e+06   5.31e-23
  1.5788e+06   4.86e-23
  1.6144e+06   4.44e-23
  1.6507e+06   4.03e-23
  1.6879e+06   3.65e-23
  1.7259e+06   3.33e-23
  1.7648e+06   3.03e-23
  1.8045e+06   2.75e-23
  1.8451e+06   2.48e-23
  1.8867e+06   2.22e-23
  1.9291e+06   2.01e-23
  1.9726e+06   1.83e-23
  2.0170e+06   1.65e-23
  2.0624e+06   1.48e-23
  2.1088e+06   1.32e-23
  2.1563e+06   1.20e-23
  2.2049e+06   1.09e-23
  2.2545e+06   9.94e-24
  2.3053e+06   9.01e-24
  2.3572e+06   8.11e-24
  2.4102e+06   7.43e-24
  2.4645e+06   6.98e-24
  2.5200e+06   6.55e-24
