#  E [MeV]   Flux [# cm^{-2} s^{-1}  MeV^{-1}]
  3.0000e+04   4.95e-23
  3.0696e+04   4.80e-23
  3.1408e+04   4.64e-23
  3.2137e+04   4.49e-23
  3.2883e+04   4.35e-23
  3.3646e+04   4.21e-23
  3.4426e+04   4.07e-23
  3.5225e+04   3.94e-23
  3.6042e+04   3.81e-23
  3.6878e+04   3.68e-23
  3.7734e+04   3.56e-23
  3.8609e+04   3.44e-23
  3.9505e+04   3.32e-23
  4.0422e+04   3.21e-23
  4.1360e+04   3.10e-23
  4.2319e+04   2.99e-23
  4.3301e+04   2.89e-23
  4.4306e+04   2.79e-23
  4.5334e+04   2.69e-23
  4.6386e+04   2.60e-23
  4.7462e+04   2.51e-23
  4.8563e+04   2.42e-23
  4.9690e+04   2.33e-23
  5.0843e+04   2.25e-23
  5.2022e+04   2.17e-23
  5.3229e+04   2.09e-23
  5.4464e+04   2.02e-23
  5.5728e+04   1.94e-23
  5.7021e+04   1.87e-23
  5.8344e+04   1.80e-23
  5.9697e+04   1.74e-23
  6.1083e+04   1.67e-23
  6.2500e+04   1.61e-23
  6.3950e+04   1.55e-23
  6.5434e+04   1.49e-23
  6.6952e+04   1.44e-23
  6.8505e+04   1.38e-23
  7.0095e+04   1.33e-23
  7.1721e+04   1.28e-23
  7.3385e+04   1.23e-23
  7.5088e+04   1.18e-23
  7.6830e+04   1.14e-23
  7.8612e+04   1.09e-23
  8.0436e+04   1.05e-23
  8.2302e+04   1.01e-23
  8.4212e+04   9.69e-24
  8.6166e+04   9.30e-24
  8.8165e+04   8.93e-24
  9.0210e+04   8.57e-24
  9.2304e+04   8.23e-24
  9.4445e+04   7.89e-24
  9.6636e+04   7.57e-24
  9.8878e+04   7.26e-24
  1.0117e+05   6.96e-24
  1.0352e+05   6.67e-24
  1.0592e+05   6.40e-24
  1.0838e+05   6.13e-24
  1.1089e+05   5.87e-24
  1.1347e+05   5.62e-24
  1.1610e+05   5.38e-24
  1.1879e+05   5.16e-24
  1.2155e+05   4.93e-24
  1.2437e+05   4.72e-24
  1.2725e+05   4.52e-24
  1.3021e+05   4.32e-24
  1.3323e+05   4.13e-24
  1.3632e+05   3.95e-24
  1.3948e+05   3.78e-24
  1.4272e+05   3.61e-24
  1.4603e+05   3.45e-24
  1.4942e+05   3.29e-24
  1.5288e+05   3.14e-24
  1.5643e+05   3.00e-24
  1.6006e+05   2.86e-24
  1.6377e+05   2.73e-24
  1.6757e+05   2.60e-24
  1.7146e+05   2.48e-24
  1.7544e+05   2.37e-24
  1.7951e+05   2.25e-24
  1.8368e+05   2.15e-24
  1.8794e+05   2.05e-24
  1.9230e+05   1.95e-24
  1.9676e+05   1.85e-24
  2.0132e+05   1.76e-24
  2.0600e+05   1.68e-24
  2.1078e+05   1.60e-24
  2.1567e+05   1.52e-24
  2.2067e+05   1.44e-24
  2.2579e+05   1.37e-24
  2.3103e+05   1.30e-24
  2.3639e+05   1.24e-24
  2.4187e+05   1.18e-24
  2.4748e+05   1.12e-24
  2.5323e+05   1.06e-24
  2.5910e+05   1.00e-24
  2.6511e+05   9.52e-25
  2.7126e+05   9.03e-25
  2.7756e+05   8.55e-25
  2.8400e+05   8.09e-25
  2.9059e+05   7.66e-25
  2.9733e+05   7.26e-25
  3.0423e+05   6.87e-25
  3.1129e+05   6.49e-25
  3.1851e+05   6.12e-25
  3.2590e+05   5.80e-25
  3.3346e+05   5.48e-25
  3.4120e+05   5.17e-25
  3.4911e+05   4.88e-25
  3.5721e+05   4.60e-25
  3.6550e+05   4.34e-25
  3.7398e+05   4.10e-25
  3.8266e+05   3.86e-25
  3.9154e+05   3.63e-25
  4.0062e+05   3.42e-25
  4.0991e+05   3.22e-25
  4.1943e+05   3.03e-25
  4.2916e+05   2.85e-25
  4.3911e+05   2.68e-25
  4.4930e+05   2.51e-25
  4.5973e+05   2.37e-25
  4.7039e+05   2.22e-25
  4.8131e+05   2.09e-25
  4.9247e+05   1.96e-25
  5.0390e+05   1.83e-25
  5.1559e+05   1.72e-25
  5.2755e+05   1.61e-25
  5.3979e+05   1.51e-25
  5.5232e+05   1.41e-25
  5.6513e+05   1.32e-25
  5.7824e+05   1.24e-25
  5.9166e+05   1.16e-25
  6.0539e+05   1.08e-25
  6.1943e+05   1.01e-25
  6.3381e+05   9.39e-26
  6.4851e+05   8.79e-26
  6.6356e+05   8.21e-26
  6.7895e+05   7.66e-26
  6.9471e+05   7.12e-26
  7.1082e+05   6.61e-26
  7.2732e+05   6.18e-26
  7.4419e+05   5.77e-26
  7.6146e+05   5.37e-26
  7.7912e+05   4.99e-26
  7.9720e+05   4.62e-26
  8.1570e+05   4.31e-26
  8.3462e+05   4.02e-26
  8.5399e+05   3.74e-26
  8.7380e+05   3.47e-26
  8.9407e+05   3.21e-26
  9.1482e+05   3.00e-26
  9.3604e+05   2.79e-26
  9.5776e+05   2.60e-26
  9.7998e+05   2.41e-26
  1.0027e+06   2.23e-26
  1.0260e+06   2.08e-26
  1.0498e+06   1.94e-26
  1.0741e+06   1.81e-26
  1.0991e+06   1.68e-26
  1.1246e+06   1.55e-26
  1.1507e+06   1.45e-26
  1.1774e+06   1.36e-26
  1.2047e+06   1.27e-26
  1.2326e+06   1.19e-26
  1.2612e+06   1.11e-26
  1.2905e+06   1.04e-26
  1.3204e+06   9.80e-27
  1.3511e+06   9.22e-27
  1.3824e+06   8.67e-27
  1.4145e+06   8.13e-27
  1.4473e+06   7.72e-27
  1.4809e+06   7.34e-27
  1.5152e+06   6.97e-27
  1.5504e+06   6.62e-27
  1.5864e+06   6.28e-27
  1.6232e+06   6.02e-27
  1.6608e+06   5.79e-27
  1.6994e+06   5.56e-27
  1.7388e+06   5.34e-27
  1.7791e+06   5.13e-27
  1.8204e+06   5.00e-27
  1.8626e+06   4.90e-27
  1.9059e+06   4.80e-27
  1.9501e+06   4.71e-27
  1.9953e+06   4.61e-27
  2.0416e+06   4.60e-27
  2.0890e+06   4.61e-27
  2.1375e+06   4.61e-27
  2.1870e+06   4.62e-27
  2.2378e+06   4.62e-27
  2.2897e+06   4.76e-27
  2.3428e+06   4.94e-27
  2.3972e+06   5.12e-27
  2.4528e+06   5.28e-27
  2.5097e+06   5.43e-27
  2.5680e+06   5.70e-27
  2.6275e+06   6.00e-27
  2.6885e+06   6.29e-27
  2.7509e+06   6.56e-27
  2.8147e+06   6.81e-27
  2.8800e+06   5.87e-27
