#  E [MeV]   Flux [# cm^{-2} s^{-1}  MeV^{-1}]
  3.0000e+04   4.33e-21
  3.0411e+04   4.25e-21
  3.0828e+04   4.19e-21
  3.1250e+04   4.12e-21
  3.1678e+04   4.05e-21
  3.2112e+04   3.98e-21
  3.2552e+04   3.92e-21
  3.2998e+04   3.85e-21
  3.3450e+04   3.79e-21
  3.3909e+04   3.73e-21
  3.4373e+04   3.67e-21
  3.4844e+04   3.61e-21
  3.5322e+04   3.55e-21
  3.5806e+04   3.49e-21
  3.6296e+04   3.44e-21
  3.6794e+04   3.38e-21
  3.7298e+04   3.33e-21
  3.7809e+04   3.27e-21
  3.8327e+04   3.22e-21
  3.8852e+04   3.17e-21
  3.9384e+04   3.11e-21
  3.9924e+04   3.06e-21
  4.0471e+04   3.01e-21
  4.1025e+04   2.96e-21
  4.1587e+04   2.92e-21
  4.2157e+04   2.87e-21
  4.2735e+04   2.82e-21
  4.3320e+04   2.77e-21
  4.3914e+04   2.73e-21
  4.4516e+04   2.68e-21
  4.5125e+04   2.64e-21
  4.5744e+04   2.59e-21
  4.6370e+04   2.55e-21
  4.7006e+04   2.51e-21
  4.7650e+04   2.47e-21
  4.8303e+04   2.43e-21
  4.8965e+04   2.39e-21
  4.9635e+04   2.35e-21
  5.0315e+04   2.31e-21
  5.1005e+04   2.27e-21
  5.1704e+04   2.24e-21
  5.2412e+04   2.20e-21
  5.3130e+04   2.16e-21
  5.3858e+04   2.13e-21
  5.4596e+04   2.09e-21
  5.5344e+04   2.06e-21
  5.6102e+04   2.03e-21
  5.6871e+04   1.99e-21
  5.7650e+04   1.96e-21
  5.8440e+04   1.93e-21
  5.9241e+04   1.90e-21
  6.0053e+04   1.87e-21
  6.0875e+04   1.84e-21
  6.1709e+04   1.81e-21
  6.2555e+04   1.78e-21
  6.3412e+04   1.75e-21
  6.4281e+04   1.72e-21
  6.5162e+04   1.69e-21
  6.6054e+04   1.66e-21
  6.6959e+04   1.63e-21
  6.7877e+04   1.61e-21
  6.8807e+04   1.58e-21
  6.9750e+04   1.55e-21
  7.0705e+04   1.53e-21
  7.1674e+04   1.50e-21
  7.2656e+04   1.48e-21
  7.3652e+04   1.45e-21
  7.4661e+04   1.43e-21
  7.5684e+04   1.41e-21
  7.6721e+04   1.38e-21
  7.7772e+04   1.36e-21
  7.8837e+04   1.34e-21
  7.9917e+04   1.31e-21
  8.1012e+04   1.29e-21
  8.2122e+04   1.27e-21
  8.3248e+04   1.25e-21
  8.4388e+04   1.23e-21
  8.5544e+04   1.21e-21
  8.6717e+04   1.18e-21
  8.7905e+04   1.16e-21
  8.9109e+04   1.14e-21
  9.0330e+04   1.12e-21
  9.1568e+04   1.10e-21
  9.2822e+04   1.09e-21
  9.4094e+04   1.07e-21
  9.5383e+04   1.05e-21
  9.6690e+04   1.03e-21
  9.8015e+04   1.01e-21
  9.9358e+04   9.93e-22
  1.0072e+05   9.76e-22
  1.0210e+05   9.59e-22
  1.0350e+05   9.42e-22
  1.0492e+05   9.25e-22
  1.0635e+05   9.08e-22
  1.0781e+05   8.92e-22
  1.0929e+05   8.76e-22
  1.1079e+05   8.60e-22
  1.1230e+05   8.44e-22
  1.1384e+05   8.29e-22
  1.1540e+05   8.14e-22
  1.1698e+05   7.99e-22
  1.1859e+05   7.84e-22
  1.2021e+05   7.70e-22
  1.2186e+05   7.55e-22
  1.2353e+05   7.41e-22
  1.2522e+05   7.28e-22
  1.2694e+05   7.14e-22
  1.2867e+05   7.01e-22
  1.3044e+05   6.88e-22
  1.3222e+05   6.75e-22
  1.3404e+05   6.62e-22
  1.3587e+05   6.50e-22
  1.3773e+05   6.37e-22
  1.3962e+05   6.25e-22
  1.4153e+05   6.13e-22
  1.4347e+05   6.01e-22
  1.4544e+05   5.90e-22
  1.4743e+05   5.78e-22
  1.4945e+05   5.67e-22
  1.5150e+05   5.56e-22
  1.5358e+05   5.45e-22
  1.5568e+05   5.34e-22
  1.5781e+05   5.24e-22
  1.5997e+05   5.13e-22
  1.6217e+05   5.03e-22
  1.6439e+05   4.93e-22
  1.6664e+05   4.83e-22
  1.6892e+05   4.73e-22
  1.7124e+05   4.64e-22
  1.7358e+05   4.54e-22
  1.7596e+05   4.45e-22
  1.7837e+05   4.36e-22
  1.8082e+05   4.27e-22
  1.8330e+05   4.18e-22
  1.8581e+05   4.09e-22
  1.8835e+05   4.01e-22
  1.9093e+05   3.92e-22
  1.9355e+05   3.84e-22
  1.9620e+05   3.76e-22
  1.9889e+05   3.68e-22
  2.0161e+05   3.60e-22
  2.0438e+05   3.52e-22
  2.0718e+05   3.44e-22
  2.1002e+05   3.37e-22
  2.1289e+05   3.29e-22
  2.1581e+05   3.22e-22
  2.1877e+05   3.15e-22
  2.2176e+05   3.08e-22
  2.2480e+05   3.01e-22
  2.2788e+05   2.94e-22
  2.3101e+05   2.87e-22
  2.3417e+05   2.81e-22
  2.3738e+05   2.74e-22
  2.4063e+05   2.68e-22
  2.4393e+05   2.62e-22
  2.4727e+05   2.56e-22
  2.5066e+05   2.50e-22
  2.5409e+05   2.44e-22
  2.5757e+05   2.38e-22
  2.6110e+05   2.32e-22
  2.6468e+05   2.27e-22
  2.6831e+05   2.21e-22
  2.7198e+05   2.16e-22
  2.7571e+05   2.10e-22
  2.7949e+05   2.05e-22
  2.8332e+05   2.00e-22
  2.8720e+05   1.95e-22
  2.9113e+05   1.90e-22
  2.9512e+05   1.85e-22
  2.9917e+05   1.81e-22
  3.0327e+05   1.76e-22
  3.0742e+05   1.72e-22
  3.1163e+05   1.67e-22
  3.1590e+05   1.63e-22
  3.2023e+05   1.59e-22
  3.2462e+05   1.54e-22
  3.2907e+05   1.50e-22
  3.3357e+05   1.46e-22
  3.3814e+05   1.42e-22
  3.4278e+05   1.38e-22
  3.4747e+05   1.35e-22
  3.5223e+05   1.31e-22
  3.5706e+05   1.27e-22
  3.6195e+05   1.23e-22
  3.6691e+05   1.20e-22
  3.7194e+05   1.17e-22
  3.7704e+05   1.13e-22
  3.8220e+05   1.10e-22
  3.8744e+05   1.07e-22
  3.9275e+05   1.04e-22
  3.9813e+05   1.01e-22
  4.0358e+05   9.75e-23
  4.0911e+05   9.46e-23
  4.1472e+05   9.21e-23
  4.2040e+05   8.96e-23
  4.2616e+05   8.72e-23
  4.3200e+05   8.49e-23
  4.3792e+05   8.26e-23
  4.4392e+05   8.03e-23
  4.5000e+05   7.81e-23
