#  E [MeV]   Flux [# cm^{-2} s^{-1}  MeV^{-1}]
  3.0000e+04   1.85e-24
  3.1051e+04   1.78e-24
  3.2139e+04   1.72e-24
  3.3266e+04   1.65e-24
  3.4432e+04   1.59e-24
  3.5638e+04   1.53e-24
  3.6887e+04   1.47e-24
  3.8180e+04   1.42e-24
  3.9518e+04   1.36e-24
  4.0903e+04   1.31e-24
  4.2336e+04   1.26e-24
  4.3820e+04   1.21e-24
  4.5355e+04   1.16e-24
  4.6945e+04   1.12e-24
  4.8590e+04   1.08e-24
  5.0293e+04   1.03e-24
  5.2055e+04   9.94e-25
  5.3879e+04   9.55e-25
  5.5767e+04   9.17e-25
  5.7722e+04   8.81e-25
  5.9745e+04   8.46e-25
  6.1838e+04   8.13e-25
  6.4005e+04   7.80e-25
  6.6248e+04   7.49e-25
  6.8570e+04   7.19e-25
  7.0973e+04   6.90e-25
  7.3460e+04   6.62e-25
  7.6034e+04   6.35e-25
  7.8699e+04   6.09e-25
  8.1457e+04   5.84e-25
  8.4311e+04   5.60e-25
  8.7266e+04   5.36e-25
  9.0324e+04   5.14e-25
  9.3490e+04   4.92e-25
  9.6766e+04   4.71e-25
  1.0016e+05   4.51e-25
  1.0367e+05   4.32e-25
  1.0730e+05   4.13e-25
  1.1106e+05   3.96e-25
  1.1495e+05   3.78e-25
  1.1898e+05   3.62e-25
  1.2315e+05   3.46e-25
  1.2747e+05   3.30e-25
  1.3193e+05   3.16e-25
  1.3656e+05   3.02e-25
  1.4134e+05   2.88e-25
  1.4629e+05   2.75e-25
  1.5142e+05   2.62e-25
  1.5673e+05   2.50e-25
  1.6222e+05   2.39e-25
  1.6790e+05   2.27e-25
  1.7379e+05   2.17e-25
  1.7988e+05   2.06e-25
  1.8618e+05   1.97e-25
  1.9271e+05   1.87e-25
  1.9946e+05   1.78e-25
  2.0645e+05   1.69e-25
  2.1369e+05   1.61e-25
  2.2117e+05   1.53e-25
  2.2892e+05   1.45e-25
  2.3695e+05   1.38e-25
  2.4525e+05   1.31e-25
  2.5385e+05   1.24e-25
  2.6274e+05   1.18e-25
  2.7195e+05   1.11e-25
  2.8148e+05   1.06e-25
  2.9134e+05   1.00e-25
  3.0155e+05   9.46e-26
  3.1212e+05   8.95e-26
  3.2306e+05   8.46e-26
  3.3438e+05   7.99e-26
  3.4610e+05   7.55e-26
  3.5823e+05   7.12e-26
  3.7078e+05   6.72e-26
  3.8377e+05   6.33e-26
  3.9722e+05   5.97e-26
  4.1114e+05   5.62e-26
  4.2555e+05   5.29e-26
  4.4046e+05   4.98e-26
  4.5590e+05   4.68e-26
  4.7188e+05   4.40e-26
  4.8841e+05   4.13e-26
  5.0553e+05   3.88e-26
  5.2324e+05   3.64e-26
  5.4158e+05   3.42e-26
  5.6056e+05   3.20e-26
  5.8020e+05   3.00e-26
  6.0054e+05   2.81e-26
  6.2158e+05   2.63e-26
  6.4337e+05   2.46e-26
  6.6591e+05   2.30e-26
  6.8925e+05   2.15e-26
  7.1340e+05   2.01e-26
  7.3840e+05   1.88e-26
  7.6428e+05   1.75e-26
  7.9106e+05   1.63e-26
  8.1878e+05   1.52e-26
  8.4748e+05   1.42e-26
  8.7718e+05   1.32e-26
  9.0792e+05   1.23e-26
  9.3973e+05   1.15e-26
  9.7267e+05   1.07e-26
  1.0068e+06   9.92e-27
  1.0420e+06   9.22e-27
  1.0785e+06   8.57e-27
  1.1163e+06   7.96e-27
  1.1555e+06   7.40e-27
  1.1960e+06   6.86e-27
  1.2379e+06   6.37e-27
  1.2813e+06   5.91e-27
  1.3262e+06   5.48e-27
  1.3726e+06   5.08e-27
  1.4207e+06   4.71e-27
  1.4705e+06   4.36e-27
  1.5220e+06   4.03e-27
  1.5754e+06   3.73e-27
  1.6306e+06   3.45e-27
  1.6877e+06   3.19e-27
  1.7469e+06   2.95e-27
  1.8081e+06   2.72e-27
  1.8715e+06   2.51e-27
  1.9370e+06   2.32e-27
  2.0049e+06   2.14e-27
  2.0752e+06   1.97e-27
  2.1479e+06   1.82e-27
  2.2232e+06   1.67e-27
  2.3011e+06   1.54e-27
  2.3817e+06   1.42e-27
  2.4652e+06   1.30e-27
  2.5516e+06   1.20e-27
  2.6410e+06   1.10e-27
  2.7336e+06   1.01e-27
  2.8294e+06   9.23e-28
  2.9285e+06   8.46e-28
  3.0311e+06   7.73e-28
  3.1374e+06   7.07e-28
  3.2473e+06   6.47e-28
  3.3611e+06   5.90e-28
  3.4789e+06   5.37e-28
  3.6008e+06   4.91e-28
  3.7270e+06   4.47e-28
  3.8576e+06   4.06e-28
  3.9928e+06   3.70e-28
  4.1327e+06   3.36e-28
  4.2775e+06   3.05e-28
  4.4274e+06   2.76e-28
  4.5826e+06   2.50e-28
  4.7432e+06   2.26e-28
  4.9094e+06   2.04e-28
  5.0815e+06   1.85e-28
  5.2595e+06   1.67e-28
  5.4438e+06   1.50e-28
  5.6346e+06   1.35e-28
  5.8321e+06   1.21e-28
  6.0365e+06   1.09e-28
  6.2480e+06   9.75e-29
  6.4670e+06   8.76e-29
  6.6936e+06   7.84e-29
  6.9282e+06   6.98e-29
  7.1709e+06   6.26e-29
  7.4222e+06   5.59e-29
  7.6823e+06   4.97e-29
  7.9516e+06   4.43e-29
  8.2302e+06   3.95e-29
  8.5186e+06   3.51e-29
  8.8172e+06   3.11e-29
  9.1262e+06   2.77e-29
  9.4460e+06   2.46e-29
  9.7770e+06   2.17e-29
  1.0120e+07   1.93e-29
  1.0474e+07   1.71e-29
  1.0841e+07   1.51e-29
  1.1221e+07   1.34e-29
  1.1614e+07   1.19e-29
  1.2022e+07   1.05e-29
  1.2443e+07   9.30e-30
  1.2879e+07   8.26e-30
  1.3330e+07   7.30e-30
  1.3797e+07   6.41e-30
  1.4281e+07   5.69e-30
  1.4781e+07   5.03e-30
  1.5299e+07   4.41e-30
  1.5835e+07   3.87e-30
  1.6390e+07   3.39e-30
  1.6965e+07   2.95e-30
  1.7559e+07   2.55e-30
  1.8175e+07   2.23e-30
  1.8812e+07   1.92e-30
  1.9471e+07   1.62e-30
  2.0153e+07   1.39e-30
  2.0859e+07   1.17e-30
  2.1590e+07   9.64e-31
  2.2347e+07   8.08e-31
  2.3130e+07   6.72e-31
  2.3941e+07   5.31e-31
  2.4780e+07   4.24e-31
  2.5648e+07   3.65e-31
  2.6547e+07   2.80e-31
  2.7477e+07   1.93e-31
  2.8440e+07   1.25e-31
