#  E [GeV]   # per interaction  [GeV^{-1}]
  3.0000e+01   2.22e-01
  3.0607e+01   2.14e-01
  3.1227e+01   2.07e-01
  3.1859e+01   1.99e-01
  3.2504e+01   1.92e-01
  3.3163e+01   1.85e-01
  3.3834e+01   1.78e-01
  3.4519e+01   1.72e-01
  3.5218e+01   1.65e-01
  3.5931e+01   1.59e-01
  3.6659e+01   1.53e-01
  3.7401e+01   1.48e-01
  3.8158e+01   1.42e-01
  3.8931e+01   1.37e-01
  3.9719e+01   1.31e-01
  4.0523e+01   1.26e-01
  4.1344e+01   1.21e-01
  4.2181e+01   1.17e-01
  4.3035e+01   1.12e-01
  4.3906e+01   1.08e-01
  4.4795e+01   1.04e-01
  4.5702e+01   9.94e-02
  4.6628e+01   9.54e-02
  4.7572e+01   9.16e-02
  4.8535e+01   8.80e-02
  4.9517e+01   8.44e-02
  5.0520e+01   8.09e-02
  5.1543e+01   7.76e-02
  5.2587e+01   7.43e-02
  5.3651e+01   7.13e-02
  5.4738e+01   6.83e-02
  5.5846e+01   6.54e-02
  5.6977e+01   6.26e-02
  5.8130e+01   5.99e-02
  5.9307e+01   5.74e-02
  6.0508e+01   5.49e-02
  6.1733e+01   5.26e-02
  6.2983e+01   5.03e-02
  6.4258e+01   4.80e-02
  6.5559e+01   4.59e-02
  6.6887e+01   4.39e-02
  6.8241e+01   4.19e-02
  6.9623e+01   4.01e-02
  7.1033e+01   3.82e-02
  7.2471e+01   3.65e-02
  7.3938e+01   3.48e-02
  7.5435e+01   3.32e-02
  7.6963e+01   3.17e-02
  7.8521e+01   3.02e-02
  8.0111e+01   2.87e-02
  8.1733e+01   2.73e-02
  8.3388e+01   2.60e-02
  8.5076e+01   2.48e-02
  8.6799e+01   2.36e-02
  8.8556e+01   2.24e-02
  9.0349e+01   2.13e-02
  9.2178e+01   2.02e-02
  9.4045e+01   1.92e-02
  9.5949e+01   1.83e-02
  9.7892e+01   1.74e-02
  9.9874e+01   1.65e-02
  1.0190e+02   1.56e-02
  1.0396e+02   1.48e-02
  1.0606e+02   1.40e-02
  1.0821e+02   1.33e-02
  1.1040e+02   1.26e-02
  1.1264e+02   1.20e-02
  1.1492e+02   1.13e-02
  1.1725e+02   1.07e-02
  1.1962e+02   1.01e-02
  1.2204e+02   9.57e-03
  1.2451e+02   9.05e-03
  1.2703e+02   8.54e-03
  1.2961e+02   8.05e-03
  1.3223e+02   7.60e-03
  1.3491e+02   7.18e-03
  1.3764e+02   6.78e-03
  1.4043e+02   6.39e-03
  1.4327e+02   6.01e-03
  1.4617e+02   5.65e-03
  1.4913e+02   5.32e-03
  1.5215e+02   5.02e-03
  1.5523e+02   4.72e-03
  1.5837e+02   4.43e-03
  1.6158e+02   4.16e-03
  1.6485e+02   3.89e-03
  1.6819e+02   3.66e-03
  1.7159e+02   3.44e-03
  1.7507e+02   3.23e-03
  1.7861e+02   3.02e-03
  1.8223e+02   2.82e-03
  1.8592e+02   2.64e-03
  1.8968e+02   2.48e-03
  1.9352e+02   2.32e-03
  1.9744e+02   2.17e-03
  2.0144e+02   2.02e-03
  2.0552e+02   1.88e-03
  2.0968e+02   1.76e-03
  2.1392e+02   1.64e-03
  2.1826e+02   1.53e-03
  2.2267e+02   1.43e-03
  2.2718e+02   1.33e-03
  2.3178e+02   1.23e-03
  2.3648e+02   1.15e-03
  2.4126e+02   1.07e-03
  2.4615e+02   9.95e-04
  2.5113e+02   9.23e-04
  2.5622e+02   8.54e-04
  2.6141e+02   7.88e-04
  2.6670e+02   7.34e-04
  2.7210e+02   6.82e-04
  2.7761e+02   6.32e-04
  2.8323e+02   5.84e-04
  2.8896e+02   5.38e-04
  2.9481e+02   4.95e-04
  3.0078e+02   4.59e-04
  3.0687e+02   4.25e-04
  3.1309e+02   3.91e-04
  3.1943e+02   3.60e-04
  3.2589e+02   3.30e-04
  3.3249e+02   3.03e-04
  3.3922e+02   2.80e-04
  3.4609e+02   2.58e-04
  3.5310e+02   2.37e-04
  3.6025e+02   2.16e-04
  3.6754e+02   1.97e-04
  3.7498e+02   1.81e-04
  3.8258e+02   1.67e-04
  3.9032e+02   1.53e-04
  3.9823e+02   1.40e-04
  4.0629e+02   1.27e-04
  4.1452e+02   1.15e-04
  4.2291e+02   1.06e-04
  4.3147e+02   9.72e-05
  4.4021e+02   8.88e-05
  4.4912e+02   8.09e-05
  4.5821e+02   7.33e-05
  4.6749e+02   6.64e-05
  4.7696e+02   6.09e-05
  4.8661e+02   5.56e-05
  4.9647e+02   5.06e-05
  5.0652e+02   4.59e-05
  5.1678e+02   4.14e-05
  5.2724e+02   3.76e-05
  5.3791e+02   3.44e-05
  5.4881e+02   3.14e-05
  5.5992e+02   2.85e-05
  5.7125e+02   2.58e-05
  5.8282e+02   2.32e-05
  5.9462e+02   2.11e-05
  6.0666e+02   1.93e-05
  6.1894e+02   1.76e-05
  6.3148e+02   1.60e-05
  6.4426e+02   1.44e-05
  6.5731e+02   1.30e-05
  6.7061e+02   1.19e-05
  6.8419e+02   1.09e-05
  6.9805e+02   9.97e-06
  7.1218e+02   9.07e-06
  7.2660e+02   8.21e-06
  7.4131e+02   7.45e-06
  7.5632e+02   6.85e-06
  7.7163e+02   6.29e-06
  7.8726e+02   5.75e-06
  8.0320e+02   5.25e-06
  8.1946e+02   4.77e-06
  8.3605e+02   4.37e-06
  8.5298e+02   4.02e-06
  8.7025e+02   3.70e-06
  8.8787e+02   3.40e-06
  9.0585e+02   3.11e-06
  9.2419e+02   2.84e-06
  9.4290e+02   2.63e-06
  9.6199e+02   2.44e-06
  9.8147e+02   2.25e-06
  1.0013e+03   2.08e-06
  1.0216e+03   1.92e-06
  1.0423e+03   1.77e-06
  1.0634e+03   1.65e-06
  1.0849e+03   1.53e-06
  1.1069e+03   1.42e-06
  1.1293e+03   1.32e-06
  1.1522e+03   1.22e-06
  1.1755e+03   1.13e-06
  1.1993e+03   1.05e-06
  1.2236e+03   9.77e-07
  1.2484e+03   9.06e-07
  1.2736e+03   8.38e-07
  1.2994e+03   7.74e-07
  1.3257e+03   7.15e-07
  1.3526e+03   6.60e-07
  1.3800e+03   6.08e-07
  1.4079e+03   5.58e-07
  1.4364e+03   5.12e-07
  1.4655e+03   4.67e-07
  1.4952e+03   4.34e-07
  1.5255e+03   4.06e-07
  1.5563e+03   3.78e-07
  1.5879e+03   3.52e-07
  1.6200e+03   3.27e-07
