#  E [GeV]   # per interaction  [GeV^{-1}]
  3.0000e+01   1.57e-02
  3.0872e+01   1.52e-02
  3.1770e+01   1.47e-02
  3.2694e+01   1.42e-02
  3.3644e+01   1.38e-02
  3.4623e+01   1.33e-02
  3.5629e+01   1.29e-02
  3.6665e+01   1.25e-02
  3.7731e+01   1.21e-02
  3.8829e+01   1.17e-02
  3.9958e+01   1.13e-02
  4.1119e+01   1.10e-02
  4.2315e+01   1.06e-02
  4.3545e+01   1.03e-02
  4.4812e+01   9.96e-03
  4.6115e+01   9.64e-03
  4.7456e+01   9.34e-03
  4.8835e+01   9.05e-03
  5.0255e+01   8.76e-03
  5.1717e+01   8.49e-03
  5.3220e+01   8.22e-03
  5.4768e+01   7.97e-03
  5.6360e+01   7.73e-03
  5.7999e+01   7.49e-03
  5.9686e+01   7.26e-03
  6.1421e+01   7.04e-03
  6.3207e+01   6.83e-03
  6.5045e+01   6.62e-03
  6.6936e+01   6.42e-03
  6.8882e+01   6.24e-03
  7.0885e+01   6.05e-03
  7.2947e+01   5.88e-03
  7.5068e+01   5.70e-03
  7.7250e+01   5.54e-03
  7.9496e+01   5.38e-03
  8.1808e+01   5.23e-03
  8.4187e+01   5.08e-03
  8.6635e+01   4.94e-03
  8.9154e+01   4.80e-03
  9.1746e+01   4.67e-03
  9.4414e+01   4.54e-03
  9.7159e+01   4.42e-03
  9.9984e+01   4.30e-03
  1.0289e+02   4.18e-03
  1.0588e+02   4.07e-03
  1.0896e+02   3.97e-03
  1.1213e+02   3.86e-03
  1.1539e+02   3.76e-03
  1.1875e+02   3.67e-03
  1.2220e+02   3.58e-03
  1.2575e+02   3.49e-03
  1.2941e+02   3.40e-03
  1.3317e+02   3.31e-03
  1.3704e+02   3.23e-03
  1.4103e+02   3.15e-03
  1.4513e+02   3.07e-03
  1.4935e+02   3.00e-03
  1.5369e+02   2.93e-03
  1.5816e+02   2.86e-03
  1.6276e+02   2.79e-03
  1.6749e+02   2.72e-03
  1.7236e+02   2.66e-03
  1.7737e+02   2.59e-03
  1.8253e+02   2.53e-03
  1.8784e+02   2.47e-03
  1.9330e+02   2.41e-03
  1.9892e+02   2.35e-03
  2.0470e+02   2.30e-03
  2.1066e+02   2.24e-03
  2.1678e+02   2.19e-03
  2.2309e+02   2.14e-03
  2.2957e+02   2.08e-03
  2.3625e+02   2.03e-03
  2.4312e+02   1.98e-03
  2.5019e+02   1.94e-03
  2.5746e+02   1.89e-03
  2.6495e+02   1.84e-03
  2.7265e+02   1.79e-03
  2.8058e+02   1.75e-03
  2.8874e+02   1.70e-03
  2.9713e+02   1.66e-03
  3.0577e+02   1.62e-03
  3.1466e+02   1.57e-03
  3.2381e+02   1.53e-03
  3.3323e+02   1.49e-03
  3.4292e+02   1.45e-03
  3.5289e+02   1.41e-03
  3.6315e+02   1.37e-03
  3.7371e+02   1.33e-03
  3.8457e+02   1.29e-03
  3.9576e+02   1.26e-03
  4.0726e+02   1.22e-03
  4.1911e+02   1.18e-03
  4.3129e+02   1.15e-03
  4.4383e+02   1.11e-03
  4.5674e+02   1.08e-03
  4.7002e+02   1.04e-03
  4.8368e+02   1.01e-03
  4.9775e+02   9.75e-04
  5.1222e+02   9.43e-04
  5.2712e+02   9.11e-04
  5.4244e+02   8.80e-04
  5.5821e+02   8.50e-04
  5.7445e+02   8.21e-04
  5.9115e+02   7.92e-04
  6.0834e+02   7.64e-04
  6.2603e+02   7.36e-04
  6.4423e+02   7.09e-04
  6.6296e+02   6.83e-04
  6.8224e+02   6.58e-04
  7.0208e+02   6.33e-04
  7.2249e+02   6.09e-04
  7.4350e+02   5.86e-04
  7.6512e+02   5.64e-04
  7.8736e+02   5.42e-04
  8.1026e+02   5.21e-04
  8.3382e+02   5.01e-04
  8.5806e+02   4.81e-04
  8.8301e+02   4.62e-04
  9.0869e+02   4.43e-04
  9.3511e+02   4.25e-04
  9.6230e+02   4.08e-04
  9.9028e+02   3.91e-04
  1.0191e+03   3.75e-04
  1.0487e+03   3.60e-04
  1.0792e+03   3.45e-04
  1.1106e+03   3.30e-04
  1.1429e+03   3.17e-04
  1.1761e+03   3.03e-04
  1.2103e+03   2.90e-04
  1.2455e+03   2.78e-04
  1.2817e+03   2.66e-04
  1.3190e+03   2.55e-04
  1.3573e+03   2.44e-04
  1.3968e+03   2.33e-04
  1.4374e+03   2.23e-04
  1.4792e+03   2.13e-04
  1.5222e+03   2.04e-04
  1.5665e+03   1.95e-04
  1.6120e+03   1.86e-04
  1.6589e+03   1.77e-04
  1.7071e+03   1.69e-04
  1.7568e+03   1.61e-04
  1.8079e+03   1.53e-04
  1.8604e+03   1.46e-04
  1.9145e+03   1.39e-04
  1.9702e+03   1.32e-04
  2.0275e+03   1.25e-04
  2.0864e+03   1.19e-04
  2.1471e+03   1.12e-04
  2.2095e+03   1.06e-04
  2.2738e+03   1.01e-04
  2.3399e+03   9.52e-05
  2.4079e+03   8.99e-05
  2.4779e+03   8.47e-05
  2.5500e+03   7.98e-05
  2.6241e+03   7.52e-05
  2.7004e+03   7.06e-05
  2.7790e+03   6.63e-05
  2.8598e+03   6.21e-05
  2.9429e+03   5.81e-05
  3.0285e+03   5.43e-05
  3.1165e+03   5.06e-05
  3.2072e+03   4.71e-05
  3.3004e+03   4.38e-05
  3.3964e+03   4.06e-05
  3.4951e+03   3.75e-05
  3.5968e+03   3.46e-05
  3.7013e+03   3.18e-05
  3.8090e+03   2.92e-05
  3.9197e+03   2.67e-05
  4.0337e+03   2.44e-05
  4.1510e+03   2.22e-05
  4.2717e+03   2.01e-05
  4.3959e+03   1.82e-05
  4.5237e+03   1.64e-05
  4.6552e+03   1.48e-05
  4.7906e+03   1.32e-05
  4.9299e+03   1.19e-05
  5.0732e+03   1.06e-05
  5.2208e+03   9.35e-06
  5.3726e+03   8.27e-06
  5.5288e+03   7.30e-06
  5.6895e+03   6.39e-06
  5.8550e+03   5.55e-06
  6.0252e+03   4.83e-06
  6.2004e+03   4.20e-06
  6.3807e+03   3.63e-06
  6.5662e+03   3.10e-06
  6.7572e+03   2.65e-06
  6.9536e+03   2.29e-06
  7.1558e+03   1.95e-06
  7.3639e+03   1.65e-06
  7.5780e+03   1.40e-06
  7.7984e+03   1.20e-06
  8.0251e+03   1.03e-06
  8.2585e+03   8.67e-07
  8.4986e+03   7.43e-07
  8.7457e+03   6.52e-07
  9.0000e+03   5.70e-07
