#  E [GeV]   # per interaction  [GeV^{-1}]
  3.0000e+01   6.39e-01
  3.1123e+01   6.15e-01
  3.2288e+01   5.91e-01
  3.3497e+01   5.68e-01
  3.4751e+01   5.46e-01
  3.6051e+01   5.25e-01
  3.7401e+01   5.05e-01
  3.8801e+01   4.85e-01
  4.0253e+01   4.67e-01
  4.1760e+01   4.49e-01
  4.3324e+01   4.31e-01
  4.4945e+01   4.14e-01
  4.6628e+01   3.98e-01
  4.8373e+01   3.82e-01
  5.0184e+01   3.67e-01
  5.2063e+01   3.53e-01
  5.4011e+01   3.39e-01
  5.6033e+01   3.26e-01
  5.8131e+01   3.13e-01
  6.0307e+01   3.00e-01
  6.2564e+01   2.88e-01
  6.4906e+01   2.77e-01
  6.7336e+01   2.65e-01
  6.9857e+01   2.55e-01
  7.2472e+01   2.44e-01
  7.5184e+01   2.34e-01
  7.7999e+01   2.25e-01
  8.0919e+01   2.15e-01
  8.3948e+01   2.06e-01
  8.7090e+01   1.98e-01
  9.0350e+01   1.90e-01
  9.3732e+01   1.82e-01
  9.7241e+01   1.74e-01
  1.0088e+02   1.67e-01
  1.0466e+02   1.59e-01
  1.0858e+02   1.53e-01
  1.1264e+02   1.46e-01
  1.1686e+02   1.40e-01
  1.2123e+02   1.34e-01
  1.2577e+02   1.28e-01
  1.3048e+02   1.22e-01
  1.3536e+02   1.17e-01
  1.4043e+02   1.11e-01
  1.4568e+02   1.06e-01
  1.5114e+02   1.01e-01
  1.5680e+02   9.66e-02
  1.6266e+02   9.21e-02
  1.6875e+02   8.77e-02
  1.7507e+02   8.35e-02
  1.8162e+02   7.95e-02
  1.8842e+02   7.57e-02
  1.9548e+02   7.19e-02
  2.0279e+02   6.84e-02
  2.1039e+02   6.49e-02
  2.1826e+02   6.17e-02
  2.2643e+02   5.85e-02
  2.3491e+02   5.55e-02
  2.4370e+02   5.26e-02
  2.5282e+02   4.98e-02
  2.6229e+02   4.71e-02
  2.7211e+02   4.45e-02
  2.8229e+02   4.21e-02
  2.9286e+02   3.97e-02
  3.0382e+02   3.75e-02
  3.1519e+02   3.53e-02
  3.2699e+02   3.32e-02
  3.3923e+02   3.13e-02
  3.5193e+02   2.94e-02
  3.6511e+02   2.76e-02
  3.7877e+02   2.59e-02
  3.9295e+02   2.43e-02
  4.0766e+02   2.28e-02
  4.2292e+02   2.13e-02
  4.3875e+02   1.99e-02
  4.5518e+02   1.86e-02
  4.7222e+02   1.74e-02
  4.8989e+02   1.62e-02
  5.0823e+02   1.51e-02
  5.2726e+02   1.41e-02
  5.4699e+02   1.31e-02
  5.6747e+02   1.22e-02
  5.8871e+02   1.13e-02
  6.1075e+02   1.05e-02
  6.3361e+02   9.72e-03
  6.5733e+02   9.01e-03
  6.8194e+02   8.35e-03
  7.0746e+02   7.73e-03
  7.3395e+02   7.15e-03
  7.6142e+02   6.61e-03
  7.8992e+02   6.11e-03
  8.1949e+02   5.65e-03
  8.5017e+02   5.21e-03
  8.8199e+02   4.81e-03
  9.1501e+02   4.44e-03
  9.4926e+02   4.10e-03
  9.8479e+02   3.78e-03
  1.0217e+03   3.48e-03
  1.0599e+03   3.21e-03
  1.0996e+03   2.95e-03
  1.1407e+03   2.72e-03
  1.1834e+03   2.50e-03
  1.2277e+03   2.30e-03
  1.2737e+03   2.12e-03
  1.3214e+03   1.95e-03
  1.3708e+03   1.79e-03
  1.4222e+03   1.64e-03
  1.4754e+03   1.51e-03
  1.5306e+03   1.38e-03
  1.5879e+03   1.27e-03
  1.6474e+03   1.17e-03
  1.7090e+03   1.07e-03
  1.7730e+03   9.80e-04
  1.8394e+03   8.98e-04
  1.9082e+03   8.21e-04
  1.9797e+03   7.52e-04
  2.0538e+03   6.88e-04
  2.1306e+03   6.28e-04
  2.2104e+03   5.74e-04
  2.2931e+03   5.24e-04
  2.3790e+03   4.77e-04
  2.4680e+03   4.35e-04
  2.5604e+03   3.96e-04
  2.6563e+03   3.60e-04
  2.7557e+03   3.27e-04
  2.8589e+03   2.97e-04
  2.9659e+03   2.69e-04
  3.0769e+03   2.43e-04
  3.1921e+03   2.20e-04
  3.3116e+03   1.99e-04
  3.4355e+03   1.79e-04
  3.5641e+03   1.61e-04
  3.6976e+03   1.45e-04
  3.8360e+03   1.30e-04
  3.9796e+03   1.17e-04
  4.1285e+03   1.05e-04
  4.2831e+03   9.31e-05
  4.4434e+03   8.32e-05
  4.6097e+03   7.40e-05
  4.7823e+03   6.54e-05
  4.9613e+03   5.82e-05
  5.1470e+03   5.14e-05
  5.3397e+03   4.52e-05
  5.5396e+03   3.98e-05
  5.7470e+03   3.50e-05
  5.9621e+03   3.05e-05
  6.1853e+03   2.66e-05
  6.4168e+03   2.32e-05
  6.6570e+03   2.01e-05
  6.9062e+03   1.73e-05
  7.1647e+03   1.50e-05
  7.4329e+03   1.28e-05
  7.7112e+03   1.09e-05
  7.9998e+03   9.33e-06
  8.2993e+03   7.89e-06
  8.6100e+03   6.63e-06
  8.9323e+03   5.58e-06
  9.2666e+03   4.64e-06
  9.6135e+03   3.83e-06
  9.9734e+03   3.17e-06
  1.0347e+04   2.59e-06
  1.0734e+04   2.09e-06
  1.1136e+04   1.69e-06
  1.1553e+04   1.35e-06
  1.1985e+04   1.06e-06
  1.2434e+04   8.31e-07
  1.2899e+04   6.42e-07
  1.3382e+04   4.86e-07
  1.3883e+04   3.67e-07
  1.4403e+04   2.73e-07
  1.4942e+04   1.97e-07
  1.5501e+04   1.41e-07
  1.6081e+04   9.89e-08
  1.6683e+04   6.71e-08
  1.7308e+04   4.45e-08
  1.7956e+04   2.88e-08
  1.8628e+04   1.79e-08
  1.9325e+04   1.06e-08
  2.0049e+04   6.12e-09
  2.0799e+04   3.31e-09
  2.1578e+04   1.68e-09
  2.2386e+04   8.13e-10
  2.3224e+04   3.60e-10
  2.4093e+04   1.44e-10
  2.4995e+04   5.33e-11
  2.5930e+04   1.73e-11
  2.6901e+04   4.77e-12
  2.7908e+04   1.14e-12
  2.8953e+04   2.22e-13
  3.0037e+04   3.34e-14
  3.1161e+04   3.85e-15
  3.2327e+04   3.10e-16
  3.3537e+04   1.62e-17
  3.4793e+04   5.10e-19
  3.6095e+04   8.49e-21
  3.7446e+04   6.36e-23
  3.8848e+04   1.79e-25
  4.0302e+04   1.47e-28
  4.1811e+04   2.54e-32
  4.3376e+04   6.06e-37
  4.5000e+04   1.15e-42
