#  E [MeV]   Flux [# cm^{-2} s^{-1}  MeV^{-1}]
  3.0000e+04   3.55e-20
  3.1033e+04   3.42e-20
  3.2102e+04   3.30e-20
  3.3207e+04   3.19e-20
  3.4350e+04   3.08e-20
  3.5533e+04   2.97e-20
  3.6757e+04   2.86e-20
  3.8022e+04   2.76e-20
  3.9332e+04   2.66e-20
  4.0686e+04   2.57e-20
  4.2087e+04   2.48e-20
  4.3536e+04   2.39e-20
  4.5035e+04   2.30e-20
  4.6586e+04   2.22e-20
  4.8190e+04   2.14e-20
  4.9850e+04   2.06e-20
  5.1566e+04   1.98e-20
  5.3342e+04   1.91e-20
  5.5178e+04   1.84e-20
  5.7078e+04   1.77e-20
  5.9044e+04   1.70e-20
  6.1077e+04   1.64e-20
  6.3180e+04   1.58e-20
  6.5356e+04   1.52e-20
  6.7606e+04   1.46e-20
  6.9934e+04   1.40e-20
  7.2342e+04   1.35e-20
  7.4833e+04   1.30e-20
  7.7410e+04   1.25e-20
  8.0075e+04   1.20e-20
  8.2833e+04   1.15e-20
  8.5685e+04   1.10e-20
  8.8635e+04   1.06e-20
  9.1687e+04   1.01e-20
  9.4844e+04   9.72e-21
  9.8110e+04   9.32e-21
  1.0149e+05   8.93e-21
  1.0498e+05   8.56e-21
  1.0860e+05   8.20e-21
  1.1234e+05   7.85e-21
  1.1621e+05   7.51e-21
  1.2021e+05   7.19e-21
  1.2435e+05   6.87e-21
  1.2863e+05   6.57e-21
  1.3306e+05   6.28e-21
  1.3764e+05   6.00e-21
  1.4238e+05   5.73e-21
  1.4728e+05   5.47e-21
  1.5235e+05   5.22e-21
  1.5760e+05   4.98e-21
  1.6302e+05   4.74e-21
  1.6864e+05   4.52e-21
  1.7445e+05   4.30e-21
  1.8045e+05   4.09e-21
  1.8667e+05   3.89e-21
  1.9309e+05   3.70e-21
  1.9974e+05   3.52e-21
  2.0662e+05   3.34e-21
  2.1373e+05   3.17e-21
  2.2109e+05   3.01e-21
  2.2871e+05   2.85e-21
  2.3658e+05   2.70e-21
  2.4473e+05   2.56e-21
  2.5316e+05   2.42e-21
  2.6187e+05   2.29e-21
  2.7089e+05   2.16e-21
  2.8022e+05   2.04e-21
  2.8987e+05   1.93e-21
  2.9985e+05   1.82e-21
  3.1017e+05   1.71e-21
  3.2085e+05   1.61e-21
  3.3190e+05   1.52e-21
  3.4333e+05   1.43e-21
  3.5515e+05   1.34e-21
  3.6738e+05   1.26e-21
  3.8003e+05   1.18e-21
  3.9312e+05   1.11e-21
  4.0665e+05   1.04e-21
  4.2066e+05   9.73e-22
  4.3514e+05   9.11e-22
  4.5013e+05   8.52e-22
  4.6562e+05   7.97e-22
  4.8166e+05   7.44e-22
  4.9824e+05   6.95e-22
  5.1540e+05   6.48e-22
  5.3315e+05   6.04e-22
  5.5150e+05   5.63e-22
  5.7050e+05   5.24e-22
  5.9014e+05   4.87e-22
  6.1046e+05   4.53e-22
  6.3148e+05   4.21e-22
  6.5322e+05   3.90e-22
  6.7572e+05   3.62e-22
  6.9898e+05   3.36e-22
  7.2305e+05   3.11e-22
  7.4795e+05   2.88e-22
  7.7371e+05   2.66e-22
  8.0035e+05   2.46e-22
  8.2791e+05   2.27e-22
  8.5641e+05   2.10e-22
  8.8590e+05   1.94e-22
  9.1641e+05   1.79e-22
  9.4796e+05   1.65e-22
  9.8061e+05   1.52e-22
  1.0144e+06   1.40e-22
  1.0493e+06   1.29e-22
  1.0854e+06   1.18e-22
  1.1228e+06   1.09e-22
  1.1615e+06   1.00e-22
  1.2015e+06   9.19e-23
  1.2428e+06   8.44e-23
  1.2856e+06   7.75e-23
  1.3299e+06   7.10e-23
  1.3757e+06   6.50e-23
  1.4231e+06   5.97e-23
  1.4721e+06   5.46e-23
  1.5228e+06   4.99e-23
  1.5752e+06   4.57e-23
  1.6294e+06   4.18e-23
  1.6855e+06   3.81e-23
  1.7436e+06   3.48e-23
  1.8036e+06   3.18e-23
  1.8657e+06   2.90e-23
  1.9300e+06   2.64e-23
  1.9964e+06   2.40e-23
  2.0652e+06   2.19e-23
  2.1363e+06   1.98e-23
  2.2098e+06   1.81e-23
  2.2859e+06   1.64e-23
  2.3646e+06   1.49e-23
  2.4461e+06   1.35e-23
  2.5303e+06   1.22e-23
  2.6174e+06   1.10e-23
  2.7075e+06   9.93e-24
  2.8008e+06   8.99e-24
  2.8972e+06   8.11e-24
  2.9970e+06   7.28e-24
  3.1002e+06   6.55e-24
  3.2069e+06   5.90e-24
  3.3173e+06   5.29e-24
  3.4316e+06   4.73e-24
  3.5497e+06   4.25e-24
  3.6720e+06   3.80e-24
  3.7984e+06   3.38e-24
  3.9292e+06   3.02e-24
  4.0645e+06   2.70e-24
  4.2044e+06   2.40e-24
  4.3492e+06   2.12e-24
  4.4990e+06   1.89e-24
  4.6539e+06   1.68e-24
  4.8141e+06   1.47e-24
  4.9799e+06   1.31e-24
  5.1514e+06   1.15e-24
  5.3288e+06   1.01e-24
  5.5123e+06   8.86e-25
  5.7021e+06   7.80e-25
  5.8984e+06   6.81e-25
  6.1015e+06   5.91e-25
  6.3116e+06   5.18e-25
  6.5289e+06   4.51e-25
  6.7538e+06   3.88e-25
  6.9863e+06   3.37e-25
  7.2269e+06   2.92e-25
  7.4757e+06   2.51e-25
  7.7331e+06   2.15e-25
  7.9994e+06   1.85e-25
  8.2749e+06   1.58e-25
  8.5598e+06   1.33e-25
  8.8546e+06   1.14e-25
  9.1594e+06   9.67e-26
  9.4748e+06   8.11e-26
  9.8011e+06   6.81e-26
  1.0139e+07   5.73e-26
  1.0488e+07   4.76e-26
  1.0849e+07   3.91e-26
  1.1222e+07   3.25e-26
  1.1609e+07   2.66e-26
  1.2009e+07   2.15e-26
  1.2422e+07   1.75e-26
  1.2850e+07   1.41e-26
  1.3292e+07   1.12e-26
  1.3750e+07   8.87e-27
  1.4223e+07   7.05e-27
  1.4713e+07   5.51e-27
  1.5220e+07   4.22e-27
  1.5744e+07   3.28e-27
  1.6286e+07   2.51e-27
  1.6847e+07   1.88e-27
  1.7427e+07   1.40e-27
  1.8027e+07   1.04e-27
  1.8648e+07   7.47e-28
  1.9290e+07   5.25e-28
  1.9954e+07   3.67e-28
  2.0641e+07   2.48e-28
  2.1352e+07   1.61e-28
  2.2087e+07   1.02e-28
  2.2848e+07   6.15e-29
  2.3634e+07   3.51e-29
  2.4448e+07   1.89e-29
  2.5290e+07   9.51e-30
