#  E [GeV]   # per interaction  [GeV^{-1}]
  3.0000e+01   2.70e-02
  3.1141e+01   2.60e-02
  3.2326e+01   2.50e-02
  3.3556e+01   2.40e-02
  3.4832e+01   2.31e-02
  3.6157e+01   2.22e-02
  3.7533e+01   2.14e-02
  3.8961e+01   2.05e-02
  4.0443e+01   1.97e-02
  4.1982e+01   1.90e-02
  4.3579e+01   1.82e-02
  4.5237e+01   1.75e-02
  4.6958e+01   1.68e-02
  4.8744e+01   1.61e-02
  5.0598e+01   1.55e-02
  5.2523e+01   1.49e-02
  5.4521e+01   1.43e-02
  5.6596e+01   1.37e-02
  5.8749e+01   1.31e-02
  6.0984e+01   1.26e-02
  6.3304e+01   1.21e-02
  6.5712e+01   1.16e-02
  6.8212e+01   1.11e-02
  7.0807e+01   1.06e-02
  7.3500e+01   1.02e-02
  7.6297e+01   9.74e-03
  7.9199e+01   9.32e-03
  8.2212e+01   8.93e-03
  8.5340e+01   8.54e-03
  8.8586e+01   8.17e-03
  9.1956e+01   7.82e-03
  9.5455e+01   7.48e-03
  9.9086e+01   7.15e-03
  1.0286e+02   6.84e-03
  1.0677e+02   6.54e-03
  1.1083e+02   6.25e-03
  1.1505e+02   5.97e-03
  1.1942e+02   5.70e-03
  1.2397e+02   5.44e-03
  1.2868e+02   5.20e-03
  1.3358e+02   4.96e-03
  1.3866e+02   4.74e-03
  1.4394e+02   4.52e-03
  1.4941e+02   4.31e-03
  1.5509e+02   4.11e-03
  1.6100e+02   3.92e-03
  1.6712e+02   3.74e-03
  1.7348e+02   3.56e-03
  1.8008e+02   3.40e-03
  1.8693e+02   3.23e-03
  1.9404e+02   3.08e-03
  2.0142e+02   2.93e-03
  2.0908e+02   2.79e-03
  2.1704e+02   2.66e-03
  2.2529e+02   2.53e-03
  2.3387e+02   2.41e-03
  2.4276e+02   2.29e-03
  2.5200e+02   2.18e-03
  2.6158e+02   2.07e-03
  2.7154e+02   1.97e-03
  2.8187e+02   1.87e-03
  2.9259e+02   1.78e-03
  3.0372e+02   1.69e-03
  3.1527e+02   1.61e-03
  3.2727e+02   1.52e-03
  3.3972e+02   1.45e-03
  3.5264e+02   1.37e-03
  3.6606e+02   1.31e-03
  3.7998e+02   1.24e-03
  3.9444e+02   1.18e-03
  4.0945e+02   1.12e-03
  4.2502e+02   1.06e-03
  4.4119e+02   1.01e-03
  4.5798e+02   9.54e-04
  4.7540e+02   9.05e-04
  4.9348e+02   8.59e-04
  5.1226e+02   8.15e-04
  5.3175e+02   7.73e-04
  5.5198e+02   7.33e-04
  5.7297e+02   6.96e-04
  5.9477e+02   6.60e-04
  6.1740e+02   6.27e-04
  6.4089e+02   5.96e-04
  6.6527e+02   5.66e-04
  6.9058e+02   5.38e-04
  7.1685e+02   5.12e-04
  7.4412e+02   4.86e-04
  7.7243e+02   4.63e-04
  8.0181e+02   4.41e-04
  8.3232e+02   4.20e-04
  8.6398e+02   4.00e-04
  8.9685e+02   3.81e-04
  9.3097e+02   3.64e-04
  9.6638e+02   3.47e-04
  1.0031e+03   3.32e-04
  1.0413e+03   3.17e-04
  1.0809e+03   3.03e-04
  1.1220e+03   2.90e-04
  1.1647e+03   2.78e-04
  1.2090e+03   2.66e-04
  1.2550e+03   2.55e-04
  1.3028e+03   2.45e-04
  1.3523e+03   2.35e-04
  1.4038e+03   2.26e-04
  1.4572e+03   2.17e-04
  1.5126e+03   2.09e-04
  1.5702e+03   2.01e-04
  1.6299e+03   1.93e-04
  1.6919e+03   1.86e-04
  1.7563e+03   1.79e-04
  1.8231e+03   1.73e-04
  1.8925e+03   1.67e-04
  1.9645e+03   1.61e-04
  2.0392e+03   1.55e-04
  2.1168e+03   1.50e-04
  2.1973e+03   1.45e-04
  2.2809e+03   1.40e-04
  2.3677e+03   1.35e-04
  2.4577e+03   1.30e-04
  2.5512e+03   1.26e-04
  2.6483e+03   1.21e-04
  2.7490e+03   1.17e-04
  2.8536e+03   1.13e-04
  2.9622e+03   1.09e-04
  3.0749e+03   1.05e-04
  3.1918e+03   1.01e-04
  3.3133e+03   9.73e-05
  3.4393e+03   9.36e-05
  3.5702e+03   9.00e-05
  3.7060e+03   8.64e-05
  3.8470e+03   8.29e-05
  3.9933e+03   7.94e-05
  4.1452e+03   7.60e-05
  4.3029e+03   7.27e-05
  4.4666e+03   6.94e-05
  4.6366e+03   6.62e-05
  4.8129e+03   6.30e-05
  4.9960e+03   5.98e-05
  5.1861e+03   5.67e-05
  5.3834e+03   5.37e-05
  5.5882e+03   5.07e-05
  5.8008e+03   4.78e-05
  6.0215e+03   4.50e-05
  6.2506e+03   4.21e-05
  6.4883e+03   3.94e-05
  6.7352e+03   3.67e-05
  6.9914e+03   3.41e-05
  7.2574e+03   3.16e-05
  7.5335e+03   2.91e-05
  7.8201e+03   2.68e-05
  8.1176e+03   2.45e-05
  8.4264e+03   2.23e-05
  8.7470e+03   2.02e-05
  9.0797e+03   1.82e-05
  9.4251e+03   1.63e-05
  9.7837e+03   1.45e-05
  1.0156e+04   1.28e-05
  1.0542e+04   1.13e-05
  1.0943e+04   9.79e-06
  1.1360e+04   8.44e-06
  1.1792e+04   7.20e-06
  1.2240e+04   6.08e-06
  1.2706e+04   5.07e-06
  1.3189e+04   4.18e-06
  1.3691e+04   3.39e-06
  1.4212e+04   2.71e-06
  1.4753e+04   2.12e-06
  1.5314e+04   1.64e-06
  1.5897e+04   1.23e-06
  1.6501e+04   9.03e-07
  1.7129e+04   6.45e-07
  1.7781e+04   4.46e-07
  1.8457e+04   2.98e-07
  1.9159e+04   1.92e-07
  1.9888e+04   1.17e-07
  2.0645e+04   6.81e-08
  2.1430e+04   3.73e-08
  2.2245e+04   1.90e-08
  2.3092e+04   8.97e-09
  2.3970e+04   3.85e-09
  2.4882e+04   1.49e-09
  2.5829e+04   5.07e-10
  2.6811e+04   1.48e-10
  2.7831e+04   3.67e-11
  2.8890e+04   7.35e-12
  2.9989e+04   1.15e-12
  3.1130e+04   1.33e-13
  3.2314e+04   1.08e-14
  3.3544e+04   5.62e-16
  3.4820e+04   1.73e-17
  3.6144e+04   2.76e-19
  3.7519e+04   1.94e-21
  3.8947e+04   4.98e-24
  4.0428e+04   3.62e-27
  4.1966e+04   5.19e-31
  4.3563e+04   9.64e-36
  4.5220e+04   1.29e-41
  4.6941e+04   1.08e-46
  4.8726e+04   9.55e-47
  5.0580e+04   8.77e-47
