#  E [GeV]   # per interaction  [GeV^{-1}]
  3.0000e+01   6.51e-01
  3.1141e+01   6.25e-01
  3.2326e+01   6.01e-01
  3.3556e+01   5.77e-01
  3.4832e+01   5.55e-01
  3.6157e+01   5.33e-01
  3.7533e+01   5.12e-01
  3.8961e+01   4.92e-01
  4.0443e+01   4.72e-01
  4.1982e+01   4.54e-01
  4.3579e+01   4.36e-01
  4.5237e+01   4.18e-01
  4.6958e+01   4.02e-01
  4.8744e+01   3.86e-01
  5.0598e+01   3.70e-01
  5.2523e+01   3.55e-01
  5.4521e+01   3.41e-01
  5.6596e+01   3.27e-01
  5.8749e+01   3.14e-01
  6.0984e+01   3.01e-01
  6.3304e+01   2.89e-01
  6.5712e+01   2.77e-01
  6.8212e+01   2.66e-01
  7.0807e+01   2.55e-01
  7.3500e+01   2.45e-01
  7.6297e+01   2.35e-01
  7.9199e+01   2.25e-01
  8.2212e+01   2.15e-01
  8.5340e+01   2.06e-01
  8.8586e+01   1.98e-01
  9.1956e+01   1.89e-01
  9.5455e+01   1.81e-01
  9.9086e+01   1.73e-01
  1.0286e+02   1.66e-01
  1.0677e+02   1.59e-01
  1.1083e+02   1.52e-01
  1.1505e+02   1.45e-01
  1.1942e+02   1.39e-01
  1.2397e+02   1.33e-01
  1.2868e+02   1.27e-01
  1.3358e+02   1.21e-01
  1.3866e+02   1.16e-01
  1.4394e+02   1.10e-01
  1.4941e+02   1.05e-01
  1.5509e+02   1.00e-01
  1.6100e+02   9.58e-02
  1.6712e+02   9.12e-02
  1.7348e+02   8.69e-02
  1.8008e+02   8.27e-02
  1.8693e+02   7.87e-02
  1.9404e+02   7.48e-02
  2.0142e+02   7.11e-02
  2.0908e+02   6.75e-02
  2.1704e+02   6.41e-02
  2.2529e+02   6.08e-02
  2.3387e+02   5.77e-02
  2.4276e+02   5.46e-02
  2.5200e+02   5.17e-02
  2.6158e+02   4.90e-02
  2.7154e+02   4.63e-02
  2.8187e+02   4.37e-02
  2.9259e+02   4.13e-02
  3.0372e+02   3.90e-02
  3.1527e+02   3.67e-02
  3.2727e+02   3.46e-02
  3.3972e+02   3.25e-02
  3.5264e+02   3.06e-02
  3.6606e+02   2.87e-02
  3.7998e+02   2.69e-02
  3.9444e+02   2.52e-02
  4.0945e+02   2.36e-02
  4.2502e+02   2.21e-02
  4.4119e+02   2.07e-02
  4.5798e+02   1.93e-02
  4.7540e+02   1.80e-02
  4.9348e+02   1.68e-02
  5.1226e+02   1.57e-02
  5.3175e+02   1.46e-02
  5.5198e+02   1.36e-02
  5.7297e+02   1.26e-02
  5.9477e+02   1.17e-02
  6.1740e+02   1.09e-02
  6.4089e+02   1.01e-02
  6.6527e+02   9.32e-03
  6.9058e+02   8.63e-03
  7.1685e+02   7.98e-03
  7.4412e+02   7.38e-03
  7.7243e+02   6.82e-03
  8.0181e+02   6.30e-03
  8.3232e+02   5.82e-03
  8.6398e+02   5.37e-03
  8.9685e+02   4.95e-03
  9.3097e+02   4.57e-03
  9.6638e+02   4.21e-03
  1.0031e+03   3.88e-03
  1.0413e+03   3.58e-03
  1.0809e+03   3.29e-03
  1.1220e+03   3.03e-03
  1.1647e+03   2.79e-03
  1.2090e+03   2.57e-03
  1.2550e+03   2.37e-03
  1.3028e+03   2.17e-03
  1.3523e+03   2.00e-03
  1.4038e+03   1.84e-03
  1.4572e+03   1.69e-03
  1.5126e+03   1.55e-03
  1.5702e+03   1.42e-03
  1.6299e+03   1.31e-03
  1.6919e+03   1.20e-03
  1.7563e+03   1.10e-03
  1.8231e+03   1.01e-03
  1.8925e+03   9.23e-04
  1.9645e+03   8.46e-04
  2.0392e+03   7.75e-04
  2.1168e+03   7.08e-04
  2.1973e+03   6.48e-04
  2.2809e+03   5.92e-04
  2.3677e+03   5.40e-04
  2.4577e+03   4.93e-04
  2.5512e+03   4.49e-04
  2.6483e+03   4.08e-04
  2.7490e+03   3.71e-04
  2.8536e+03   3.38e-04
  2.9622e+03   3.06e-04
  3.0749e+03   2.77e-04
  3.1918e+03   2.51e-04
  3.3133e+03   2.27e-04
  3.4393e+03   2.05e-04
  3.5702e+03   1.85e-04
  3.7060e+03   1.66e-04
  3.8470e+03   1.49e-04
  3.9933e+03   1.34e-04
  4.1452e+03   1.20e-04
  4.3029e+03   1.07e-04
  4.4666e+03   9.57e-05
  4.6366e+03   8.51e-05
  4.8129e+03   7.54e-05
  4.9960e+03   6.70e-05
  5.1861e+03   5.92e-05
  5.3834e+03   5.20e-05
  5.5882e+03   4.59e-05
  5.8008e+03   4.02e-05
  6.0215e+03   3.50e-05
  6.2506e+03   3.07e-05
  6.4883e+03   2.66e-05
  6.7352e+03   2.30e-05
  6.9914e+03   1.99e-05
  7.2574e+03   1.71e-05
  7.5335e+03   1.46e-05
  7.8201e+03   1.25e-05
  8.1176e+03   1.06e-05
  8.4264e+03   8.89e-06
  8.7470e+03   7.48e-06
  9.0797e+03   6.26e-06
  9.4251e+03   5.17e-06
  9.7837e+03   4.27e-06
  1.0156e+04   3.50e-06
  1.0542e+04   2.83e-06
  1.0943e+04   2.27e-06
  1.1360e+04   1.82e-06
  1.1792e+04   1.43e-06
  1.2240e+04   1.12e-06
  1.2706e+04   8.64e-07
  1.3189e+04   6.55e-07
  1.3691e+04   4.90e-07
  1.4212e+04   3.63e-07
  1.4753e+04   2.62e-07
  1.5314e+04   1.85e-07
  1.5897e+04   1.29e-07
  1.6501e+04   8.72e-08
  1.7129e+04   5.71e-08
  1.7781e+04   3.66e-08
  1.8457e+04   2.25e-08
  1.9159e+04   1.31e-08
  1.9888e+04   7.45e-09
  2.0645e+04   3.96e-09
  2.1430e+04   1.96e-09
  2.2245e+04   9.24e-10
  2.3092e+04   3.96e-10
  2.3970e+04   1.52e-10
  2.4882e+04   5.36e-11
  2.5829e+04   1.64e-11
  2.6811e+04   4.23e-12
  2.7831e+04   9.34e-13
  2.8890e+04   1.64e-13
  2.9989e+04   2.20e-14
  3.1130e+04   2.21e-15
  3.2314e+04   1.51e-16
  3.3544e+04   6.44e-18
  3.4820e+04   1.59e-19
  3.6144e+04   1.96e-21
  3.7519e+04   1.01e-23
  3.8947e+04   1.82e-26
  4.0428e+04   8.48e-30
  4.1966e+04   7.12e-34
  4.3563e+04   6.80e-39
  4.5220e+04   3.95e-45
  4.6941e+04   1.00e-47
  4.8726e+04   9.33e-48
  5.0580e+04   8.73e-48
