#  E [MeV]   Flux [# cm^{-2} s^{-1}  MeV^{-1}]
  3.0000e+04   6.32e-25
  3.1232e+04   6.05e-25
  3.2514e+04   5.78e-25
  3.3849e+04   5.52e-25
  3.5238e+04   5.28e-25
  3.6685e+04   5.05e-25
  3.8191e+04   4.82e-25
  3.9759e+04   4.61e-25
  4.1391e+04   4.40e-25
  4.3090e+04   4.21e-25
  4.4859e+04   4.02e-25
  4.6701e+04   3.84e-25
  4.8618e+04   3.67e-25
  5.0614e+04   3.50e-25
  5.2692e+04   3.34e-25
  5.4855e+04   3.19e-25
  5.7107e+04   3.05e-25
  5.9451e+04   2.91e-25
  6.1892e+04   2.78e-25
  6.4433e+04   2.65e-25
  6.7078e+04   2.53e-25
  6.9832e+04   2.42e-25
  7.2699e+04   2.31e-25
  7.5683e+04   2.20e-25
  7.8790e+04   2.10e-25
  8.2025e+04   2.00e-25
  8.5392e+04   1.91e-25
  8.8898e+04   1.82e-25
  9.2547e+04   1.74e-25
  9.6347e+04   1.66e-25
  1.0030e+05   1.58e-25
  1.0442e+05   1.51e-25
  1.0871e+05   1.44e-25
  1.1317e+05   1.37e-25
  1.1782e+05   1.30e-25
  1.2265e+05   1.24e-25
  1.2769e+05   1.18e-25
  1.3293e+05   1.13e-25
  1.3839e+05   1.07e-25
  1.4407e+05   1.02e-25
  1.4998e+05   9.74e-26
  1.5614e+05   9.27e-26
  1.6255e+05   8.82e-26
  1.6922e+05   8.39e-26
  1.7617e+05   7.98e-26
  1.8340e+05   7.59e-26
  1.9093e+05   7.22e-26
  1.9877e+05   6.86e-26
  2.0693e+05   6.52e-26
  2.1543e+05   6.20e-26
  2.2427e+05   5.89e-26
  2.3348e+05   5.59e-26
  2.4306e+05   5.31e-26
  2.5304e+05   5.04e-26
  2.6343e+05   4.79e-26
  2.7424e+05   4.54e-26
  2.8550e+05   4.31e-26
  2.9722e+05   4.09e-26
  3.0942e+05   3.87e-26
  3.2213e+05   3.67e-26
  3.3535e+05   3.47e-26
  3.4912e+05   3.29e-26
  3.6345e+05   3.11e-26
  3.7837e+05   2.95e-26
  3.9390e+05   2.79e-26
  4.1008e+05   2.63e-26
  4.2691e+05   2.49e-26
  4.4444e+05   2.35e-26
  4.6268e+05   2.22e-26
  4.8168e+05   2.10e-26
  5.0145e+05   1.98e-26
  5.2204e+05   1.87e-26
  5.4347e+05   1.76e-26
  5.6578e+05   1.66e-26
  5.8901e+05   1.56e-26
  6.1319e+05   1.47e-26
  6.3836e+05   1.38e-26
  6.6457e+05   1.30e-26
  6.9185e+05   1.22e-26
  7.2025e+05   1.15e-26
  7.4982e+05   1.08e-26
  7.8061e+05   1.01e-26
  8.1265e+05   9.49e-27
  8.4601e+05   8.90e-27
  8.8075e+05   8.34e-27
  9.1690e+05   7.82e-27
  9.5455e+05   7.32e-27
  9.9373e+05   6.85e-27
  1.0345e+06   6.42e-27
  1.0770e+06   6.00e-27
  1.1212e+06   5.61e-27
  1.1672e+06   5.24e-27
  1.2152e+06   4.90e-27
  1.2650e+06   4.57e-27
  1.3170e+06   4.27e-27
  1.3711e+06   3.98e-27
  1.4273e+06   3.71e-27
  1.4859e+06   3.46e-27
  1.5469e+06   3.22e-27
  1.6104e+06   3.00e-27
  1.6766e+06   2.80e-27
  1.7454e+06   2.60e-27
  1.8170e+06   2.42e-27
  1.8916e+06   2.25e-27
  1.9693e+06   2.09e-27
  2.0501e+06   1.94e-27
  2.1343e+06   1.80e-27
  2.2219e+06   1.67e-27
  2.3131e+06   1.55e-27
  2.4081e+06   1.43e-27
  2.5070e+06   1.33e-27
  2.6099e+06   1.23e-27
  2.7170e+06   1.14e-27
  2.8286e+06   1.05e-27
  2.9447e+06   9.68e-28
  3.0656e+06   8.93e-28
  3.1914e+06   8.24e-28
  3.3225e+06   7.59e-28
  3.4589e+06   6.99e-28
  3.6008e+06   6.43e-28
  3.7487e+06   5.92e-28
  3.9026e+06   5.43e-28
  4.0628e+06   4.99e-28
  4.2296e+06   4.58e-28
  4.4032e+06   4.19e-28
  4.5840e+06   3.84e-28
  4.7722e+06   3.51e-28
  4.9681e+06   3.21e-28
  5.1720e+06   2.93e-28
  5.3844e+06   2.67e-28
  5.6054e+06   2.43e-28
  5.8355e+06   2.22e-28
  6.0751e+06   2.02e-28
  6.3245e+06   1.83e-28
  6.5841e+06   1.66e-28
  6.8544e+06   1.51e-28
  7.1358e+06   1.36e-28
  7.4288e+06   1.23e-28
  7.7338e+06   1.11e-28
  8.0513e+06   1.00e-28
  8.3818e+06   9.06e-29
  8.7259e+06   8.14e-29
  9.0841e+06   7.31e-29
  9.4571e+06   6.56e-29
  9.8453e+06   5.87e-29
  1.0249e+07   5.25e-29
  1.0670e+07   4.69e-29
  1.1108e+07   4.16e-29
  1.1564e+07   3.71e-29
  1.2039e+07   3.29e-29
  1.2533e+07   2.91e-29
  1.3048e+07   2.58e-29
  1.3584e+07   2.27e-29
  1.4141e+07   1.99e-29
  1.4722e+07   1.75e-29
  1.5326e+07   1.53e-29
  1.5955e+07   1.33e-29
  1.6610e+07   1.16e-29
  1.7292e+07   9.97e-30
  1.8002e+07   8.57e-30
  1.8741e+07   7.35e-30
  1.9511e+07   6.24e-30
  2.0312e+07   5.28e-30
  2.1145e+07   4.44e-30
  2.2013e+07   3.68e-30
  2.2917e+07   3.04e-30
  2.3858e+07   2.48e-30
  2.4837e+07   1.98e-30
  2.5857e+07   1.57e-30
  2.6919e+07   1.22e-30
  2.8024e+07   9.19e-31
  2.9174e+07   6.81e-31
  3.0372e+07   4.85e-31
  3.1619e+07   3.30e-31
  3.2917e+07   2.15e-31
  3.4268e+07   1.31e-31
  3.5675e+07   7.35e-32
  3.7140e+07   3.76e-32
  3.8664e+07   1.69e-32
  4.0252e+07   6.45e-33
  4.1904e+07   2.01e-33
  4.3624e+07   4.76e-34
  4.5415e+07   7.95e-35
  4.7280e+07   8.35e-36
  4.9221e+07   4.69e-37
  5.1241e+07   1.15e-38
  5.3345e+07   9.17e-41
  5.5535e+07   1.53e-43
  5.7815e+07   3.02e-47
  6.0188e+07   2.86e-52
  6.2659e+07   3.60e-59
  6.5232e+07   9.23e-69
  6.7910e+07   1.39e-70
  7.0698e+07   1.45e-70
  7.3600e+07   1.64e-70
  7.6621e+07   1.82e-70
  7.9767e+07   2.14e-70
  8.3042e+07   2.97e-70
  8.6451e+07   3.73e-70
  9.0000e+07   4.85e-70
