#  E [MeV]   Flux [# cm^{-2} s^{-1}  MeV^{-1}]
  3.0000e+04   9.64e-22
  3.1033e+04   9.28e-22
  3.2102e+04   8.93e-22
  3.3207e+04   8.59e-22
  3.4350e+04   8.26e-22
  3.5533e+04   7.94e-22
  3.6757e+04   7.64e-22
  3.8022e+04   7.34e-22
  3.9332e+04   7.05e-22
  4.0686e+04   6.78e-22
  4.2087e+04   6.51e-22
  4.3536e+04   6.25e-22
  4.5035e+04   6.00e-22
  4.6586e+04   5.76e-22
  4.8190e+04   5.53e-22
  4.9850e+04   5.30e-22
  5.1566e+04   5.09e-22
  5.3342e+04   4.88e-22
  5.5178e+04   4.68e-22
  5.7078e+04   4.48e-22
  5.9044e+04   4.30e-22
  6.1077e+04   4.12e-22
  6.3180e+04   3.94e-22
  6.5356e+04   3.78e-22
  6.7606e+04   3.62e-22
  6.9934e+04   3.46e-22
  7.2342e+04   3.31e-22
  7.4833e+04   3.17e-22
  7.7410e+04   3.03e-22
  8.0075e+04   2.90e-22
  8.2833e+04   2.77e-22
  8.5685e+04   2.65e-22
  8.8635e+04   2.53e-22
  9.1687e+04   2.42e-22
  9.4844e+04   2.31e-22
  9.8110e+04   2.20e-22
  1.0149e+05   2.10e-22
  1.0498e+05   2.01e-22
  1.0860e+05   1.91e-22
  1.1234e+05   1.83e-22
  1.1621e+05   1.74e-22
  1.2021e+05   1.66e-22
  1.2435e+05   1.58e-22
  1.2863e+05   1.51e-22
  1.3306e+05   1.44e-22
  1.3764e+05   1.37e-22
  1.4238e+05   1.30e-22
  1.4728e+05   1.24e-22
  1.5235e+05   1.18e-22
  1.5760e+05   1.12e-22
  1.6302e+05   1.06e-22
  1.6864e+05   1.01e-22
  1.7445e+05   9.60e-23
  1.8045e+05   9.12e-23
  1.8667e+05   8.65e-23
  1.9309e+05   8.21e-23
  1.9974e+05   7.79e-23
  2.0662e+05   7.38e-23
  2.1373e+05   7.00e-23
  2.2109e+05   6.63e-23
  2.2871e+05   6.27e-23
  2.3658e+05   5.94e-23
  2.4473e+05   5.62e-23
  2.5316e+05   5.31e-23
  2.6187e+05   5.02e-23
  2.7089e+05   4.75e-23
  2.8022e+05   4.48e-23
  2.8987e+05   4.23e-23
  2.9985e+05   3.99e-23
  3.1017e+05   3.77e-23
  3.2085e+05   3.55e-23
  3.3190e+05   3.34e-23
  3.4333e+05   3.15e-23
  3.5515e+05   2.96e-23
  3.6738e+05   2.79e-23
  3.8003e+05   2.62e-23
  3.9312e+05   2.46e-23
  4.0665e+05   2.31e-23
  4.2066e+05   2.17e-23
  4.3514e+05   2.04e-23
  4.5013e+05   1.91e-23
  4.6562e+05   1.79e-23
  4.8166e+05   1.68e-23
  4.9824e+05   1.57e-23
  5.1540e+05   1.47e-23
  5.3315e+05   1.38e-23
  5.5150e+05   1.29e-23
  5.7050e+05   1.21e-23
  5.9014e+05   1.13e-23
  6.1046e+05   1.06e-23
  6.3148e+05   9.87e-24
  6.5322e+05   9.22e-24
  6.7572e+05   8.62e-24
  6.9898e+05   8.06e-24
  7.2305e+05   7.53e-24
  7.4795e+05   7.04e-24
  7.7371e+05   6.58e-24
  8.0035e+05   6.15e-24
  8.2791e+05   5.75e-24
  8.5641e+05   5.38e-24
  8.8590e+05   5.03e-24
  9.1641e+05   4.71e-24
  9.4796e+05   4.40e-24
  9.8061e+05   4.12e-24
  1.0144e+06   3.86e-24
  1.0493e+06   3.62e-24
  1.0854e+06   3.39e-24
  1.1228e+06   3.18e-24
  1.1615e+06   2.99e-24
  1.2015e+06   2.80e-24
  1.2428e+06   2.64e-24
  1.2856e+06   2.48e-24
  1.3299e+06   2.33e-24
  1.3757e+06   2.19e-24
  1.4231e+06   2.06e-24
  1.4721e+06   1.94e-24
  1.5228e+06   1.83e-24
  1.5752e+06   1.73e-24
  1.6294e+06   1.63e-24
  1.6855e+06   1.54e-24
  1.7436e+06   1.45e-24
  1.8036e+06   1.37e-24
  1.8657e+06   1.30e-24
  1.9300e+06   1.23e-24
  1.9964e+06   1.16e-24
  2.0652e+06   1.10e-24
  2.1363e+06   1.04e-24
  2.2098e+06   9.88e-25
  2.2859e+06   9.36e-25
  2.3646e+06   8.87e-25
  2.4461e+06   8.41e-25
  2.5303e+06   7.97e-25
  2.6174e+06   7.56e-25
  2.7075e+06   7.17e-25
  2.8008e+06   6.80e-25
  2.8972e+06   6.45e-25
  2.9970e+06   6.11e-25
  3.1002e+06   5.79e-25
  3.2069e+06   5.49e-25
  3.3173e+06   5.20e-25
  3.4316e+06   4.93e-25
  3.5497e+06   4.67e-25
  3.6720e+06   4.42e-25
  3.7984e+06   4.18e-25
  3.9292e+06   3.95e-25
  4.0645e+06   3.74e-25
  4.2044e+06   3.53e-25
  4.3492e+06   3.33e-25
  4.4990e+06   3.14e-25
  4.6539e+06   2.95e-25
  4.8141e+06   2.78e-25
  4.9799e+06   2.61e-25
  5.1514e+06   2.44e-25
  5.3288e+06   2.29e-25
  5.5123e+06   2.14e-25
  5.7021e+06   1.99e-25
  5.8984e+06   1.86e-25
  6.1015e+06   1.73e-25
  6.3116e+06   1.60e-25
  6.5289e+06   1.48e-25
  6.7538e+06   1.37e-25
  6.9863e+06   1.26e-25
  7.2269e+06   1.16e-25
  7.4757e+06   1.06e-25
  7.7331e+06   9.66e-26
  7.9994e+06   8.78e-26
  8.2749e+06   7.95e-26
  8.5598e+06   7.17e-26
  8.8546e+06   6.44e-26
  9.1594e+06   5.75e-26
  9.4748e+06   5.12e-26
  9.8011e+06   4.52e-26
  1.0139e+07   3.97e-26
  1.0488e+07   3.46e-26
  1.0849e+07   2.99e-26
  1.1222e+07   2.57e-26
  1.1609e+07   2.18e-26
  1.2009e+07   1.84e-26
  1.2422e+07   1.54e-26
  1.2850e+07   1.27e-26
  1.3292e+07   1.03e-26
  1.3750e+07   8.27e-27
  1.4223e+07   6.54e-27
  1.4713e+07   5.08e-27
  1.5220e+07   3.88e-27
  1.5744e+07   2.90e-27
  1.6286e+07   2.12e-27
  1.6847e+07   1.50e-27
  1.7427e+07   1.04e-27
  1.8027e+07   6.95e-28
  1.8648e+07   4.48e-28
  1.9290e+07   2.78e-28
  1.9954e+07   1.64e-28
  2.0641e+07   9.19e-29
  2.1352e+07   4.85e-29
  2.2087e+07   2.39e-29
  2.2848e+07   1.09e-29
  2.3634e+07   4.53e-30
  2.4448e+07   1.72e-30
  2.5290e+07   5.78e-31
