#  E [GeV]   # per interaction  [GeV^{-1}]
  3.0000e+01   6.68e-01
  3.1232e+01   6.39e-01
  3.2514e+01   6.11e-01
  3.3849e+01   5.85e-01
  3.5238e+01   5.59e-01
  3.6685e+01   5.35e-01
  3.8191e+01   5.11e-01
  3.9759e+01   4.89e-01
  4.1391e+01   4.67e-01
  4.3090e+01   4.47e-01
  4.4859e+01   4.27e-01
  4.6701e+01   4.08e-01
  4.8618e+01   3.90e-01
  5.0614e+01   3.73e-01
  5.2692e+01   3.57e-01
  5.4855e+01   3.41e-01
  5.7107e+01   3.26e-01
  5.9451e+01   3.11e-01
  6.1892e+01   2.97e-01
  6.4433e+01   2.84e-01
  6.7078e+01   2.71e-01
  6.9832e+01   2.59e-01
  7.2699e+01   2.47e-01
  7.5683e+01   2.36e-01
  7.8790e+01   2.26e-01
  8.2025e+01   2.16e-01
  8.5392e+01   2.06e-01
  8.8898e+01   1.96e-01
  9.2547e+01   1.88e-01
  9.6347e+01   1.79e-01
  1.0030e+02   1.71e-01
  1.0442e+02   1.63e-01
  1.0871e+02   1.56e-01
  1.1317e+02   1.48e-01
  1.1782e+02   1.42e-01
  1.2265e+02   1.35e-01
  1.2769e+02   1.29e-01
  1.3293e+02   1.23e-01
  1.3839e+02   1.17e-01
  1.4407e+02   1.12e-01
  1.4998e+02   1.06e-01
  1.5614e+02   1.01e-01
  1.6255e+02   9.67e-02
  1.6922e+02   9.21e-02
  1.7617e+02   8.77e-02
  1.8340e+02   8.35e-02
  1.9093e+02   7.95e-02
  1.9877e+02   7.57e-02
  2.0693e+02   7.20e-02
  2.1543e+02   6.85e-02
  2.2427e+02   6.52e-02
  2.3348e+02   6.20e-02
  2.4306e+02   5.90e-02
  2.5304e+02   5.60e-02
  2.6343e+02   5.33e-02
  2.7424e+02   5.06e-02
  2.8550e+02   4.81e-02
  2.9722e+02   4.56e-02
  3.0942e+02   4.33e-02
  3.2213e+02   4.11e-02
  3.3535e+02   3.89e-02
  3.4912e+02   3.69e-02
  3.6345e+02   3.50e-02
  3.7837e+02   3.32e-02
  3.9390e+02   3.14e-02
  4.1008e+02   2.97e-02
  4.2691e+02   2.81e-02
  4.4444e+02   2.66e-02
  4.6268e+02   2.52e-02
  4.8168e+02   2.38e-02
  5.0145e+02   2.25e-02
  5.2204e+02   2.12e-02
  5.4347e+02   2.00e-02
  5.6578e+02   1.89e-02
  5.8901e+02   1.78e-02
  6.1319e+02   1.68e-02
  6.3836e+02   1.58e-02
  6.6457e+02   1.49e-02
  6.9185e+02   1.40e-02
  7.2025e+02   1.32e-02
  7.4982e+02   1.24e-02
  7.8061e+02   1.17e-02
  8.1265e+02   1.10e-02
  8.4601e+02   1.03e-02
  8.8075e+02   9.68e-03
  9.1690e+02   9.09e-03
  9.5455e+02   8.53e-03
  9.9373e+02   8.00e-03
  1.0345e+03   7.50e-03
  1.0770e+03   7.02e-03
  1.1212e+03   6.58e-03
  1.1672e+03   6.16e-03
  1.2152e+03   5.76e-03
  1.2650e+03   5.39e-03
  1.3170e+03   5.04e-03
  1.3711e+03   4.70e-03
  1.4273e+03   4.39e-03
  1.4859e+03   4.10e-03
  1.5469e+03   3.83e-03
  1.6104e+03   3.57e-03
  1.6766e+03   3.33e-03
  1.7454e+03   3.10e-03
  1.8170e+03   2.89e-03
  1.8916e+03   2.69e-03
  1.9693e+03   2.50e-03
  2.0501e+03   2.33e-03
  2.1343e+03   2.16e-03
  2.2219e+03   2.01e-03
  2.3131e+03   1.87e-03
  2.4081e+03   1.73e-03
  2.5070e+03   1.60e-03
  2.6099e+03   1.49e-03
  2.7170e+03   1.38e-03
  2.8286e+03   1.27e-03
  2.9447e+03   1.18e-03
  3.0656e+03   1.09e-03
  3.1914e+03   1.01e-03
  3.3225e+03   9.29e-04
  3.4589e+03   8.57e-04
  3.6008e+03   7.90e-04
  3.7487e+03   7.28e-04
  3.9026e+03   6.69e-04
  4.0628e+03   6.16e-04
  4.2296e+03   5.66e-04
  4.4032e+03   5.19e-04
  4.5840e+03   4.76e-04
  4.7722e+03   4.37e-04
  4.9681e+03   3.99e-04
  5.1720e+03   3.65e-04
  5.3844e+03   3.34e-04
  5.6054e+03   3.04e-04
  5.8355e+03   2.78e-04
  6.0751e+03   2.53e-04
  6.3245e+03   2.30e-04
  6.5841e+03   2.09e-04
  6.8544e+03   1.90e-04
  7.1358e+03   1.72e-04
  7.4288e+03   1.56e-04
  7.7338e+03   1.41e-04
  8.0513e+03   1.27e-04
  8.3818e+03   1.15e-04
  8.7259e+03   1.03e-04
  9.0841e+03   9.29e-05
  9.4571e+03   8.34e-05
  9.8453e+03   7.46e-05
  1.0249e+04   6.67e-05
  1.0670e+04   5.96e-05
  1.1108e+04   5.29e-05
  1.1564e+04   4.71e-05
  1.2039e+04   4.17e-05
  1.2533e+04   3.68e-05
  1.3048e+04   3.25e-05
  1.3584e+04   2.86e-05
  1.4141e+04   2.50e-05
  1.4722e+04   2.19e-05
  1.5326e+04   1.90e-05
  1.5955e+04   1.65e-05
  1.6610e+04   1.43e-05
  1.7292e+04   1.22e-05
  1.8002e+04   1.04e-05
  1.8741e+04   8.87e-06
  1.9511e+04   7.46e-06
  2.0312e+04   6.23e-06
  2.1145e+04   5.18e-06
  2.2013e+04   4.24e-06
  2.2917e+04   3.45e-06
  2.3858e+04   2.77e-06
  2.4837e+04   2.18e-06
  2.5857e+04   1.70e-06
  2.6919e+04   1.30e-06
  2.8024e+04   9.56e-07
  2.9174e+04   6.96e-07
  3.0372e+04   4.87e-07
  3.1619e+04   3.24e-07
  3.2917e+04   2.09e-07
  3.4268e+04   1.26e-07
  3.5675e+04   6.98e-08
  3.7140e+04   3.58e-08
  3.8664e+04   1.62e-08
  4.0252e+04   6.28e-09
  4.1904e+04   2.05e-09
  4.3624e+04   5.19e-10
  4.5415e+04   9.65e-11
  4.7280e+04   1.20e-11
  4.9221e+04   8.48e-13
  5.1241e+04   2.93e-14
  5.3345e+04   3.77e-16
  5.5535e+04   1.23e-18
  5.7815e+04   6.21e-22
  6.0188e+04   2.23e-26
  6.2659e+04   1.83e-32
  6.5232e+04   6.80e-41
  6.7910e+04   8.37e-48
  7.0698e+04   6.73e-48
  7.3600e+04   5.60e-48
  7.6621e+04   4.55e-48
  7.9767e+04   3.60e-48
  8.3042e+04   2.88e-48
  8.6451e+04   2.20e-48
  9.0000e+04   1.62e-48
