#  E [GeV]   # per interaction  [GeV^{-1}]
  3.0000e+01   3.16e-01
  3.0782e+01   3.06e-01
  3.1585e+01   2.96e-01
  3.2409e+01   2.86e-01
  3.3255e+01   2.77e-01
  3.4122e+01   2.68e-01
  3.5012e+01   2.59e-01
  3.5925e+01   2.50e-01
  3.6862e+01   2.42e-01
  3.7824e+01   2.33e-01
  3.8810e+01   2.25e-01
  3.9822e+01   2.18e-01
  4.0861e+01   2.10e-01
  4.1927e+01   2.03e-01
  4.3021e+01   1.96e-01
  4.4143e+01   1.89e-01
  4.5294e+01   1.82e-01
  4.6475e+01   1.76e-01
  4.7688e+01   1.69e-01
  4.8931e+01   1.63e-01
  5.0208e+01   1.57e-01
  5.1517e+01   1.52e-01
  5.2861e+01   1.46e-01
  5.4240e+01   1.41e-01
  5.5654e+01   1.35e-01
  5.7106e+01   1.30e-01
  5.8596e+01   1.25e-01
  6.0124e+01   1.21e-01
  6.1692e+01   1.16e-01
  6.3301e+01   1.12e-01
  6.4952e+01   1.07e-01
  6.6647e+01   1.03e-01
  6.8385e+01   9.91e-02
  7.0169e+01   9.52e-02
  7.1999e+01   9.14e-02
  7.3877e+01   8.78e-02
  7.5804e+01   8.43e-02
  7.7781e+01   8.09e-02
  7.9810e+01   7.76e-02
  8.1891e+01   7.45e-02
  8.4027e+01   7.14e-02
  8.6219e+01   6.85e-02
  8.8468e+01   6.57e-02
  9.0775e+01   6.29e-02
  9.3143e+01   6.03e-02
  9.5572e+01   5.78e-02
  9.8065e+01   5.54e-02
  1.0062e+02   5.30e-02
  1.0325e+02   5.07e-02
  1.0594e+02   4.86e-02
  1.0870e+02   4.65e-02
  1.1154e+02   4.44e-02
  1.1445e+02   4.25e-02
  1.1743e+02   4.06e-02
  1.2050e+02   3.88e-02
  1.2364e+02   3.71e-02
  1.2686e+02   3.54e-02
  1.3017e+02   3.38e-02
  1.3357e+02   3.23e-02
  1.3705e+02   3.08e-02
  1.4063e+02   2.94e-02
  1.4429e+02   2.80e-02
  1.4806e+02   2.67e-02
  1.5192e+02   2.54e-02
  1.5588e+02   2.42e-02
  1.5995e+02   2.31e-02
  1.6412e+02   2.20e-02
  1.6840e+02   2.09e-02
  1.7279e+02   1.99e-02
  1.7730e+02   1.89e-02
  1.8193e+02   1.80e-02
  1.8667e+02   1.71e-02
  1.9154e+02   1.62e-02
  1.9654e+02   1.54e-02
  2.0166e+02   1.46e-02
  2.0692e+02   1.39e-02
  2.1232e+02   1.31e-02
  2.1786e+02   1.24e-02
  2.2354e+02   1.18e-02
  2.2937e+02   1.12e-02
  2.3535e+02   1.06e-02
  2.4149e+02   1.00e-02
  2.4779e+02   9.47e-03
  2.5425e+02   8.95e-03
  2.6088e+02   8.45e-03
  2.6769e+02   7.97e-03
  2.7467e+02   7.53e-03
  2.8184e+02   7.10e-03
  2.8919e+02   6.70e-03
  2.9673e+02   6.31e-03
  3.0447e+02   5.94e-03
  3.1241e+02   5.59e-03
  3.2056e+02   5.26e-03
  3.2892e+02   4.95e-03
  3.3750e+02   4.65e-03
  3.4630e+02   4.37e-03
  3.5533e+02   4.10e-03
  3.6460e+02   3.85e-03
  3.7411e+02   3.61e-03
  3.8387e+02   3.38e-03
  3.9388e+02   3.17e-03
  4.0416e+02   2.97e-03
  4.1470e+02   2.77e-03
  4.2551e+02   2.59e-03
  4.3661e+02   2.42e-03
  4.4800e+02   2.26e-03
  4.5969e+02   2.11e-03
  4.7168e+02   1.97e-03
  4.8398e+02   1.83e-03
  4.9660e+02   1.71e-03
  5.0956e+02   1.59e-03
  5.2285e+02   1.48e-03
  5.3648e+02   1.37e-03
  5.5048e+02   1.28e-03
  5.6483e+02   1.18e-03
  5.7957e+02   1.10e-03
  5.9468e+02   1.02e-03
  6.1020e+02   9.42e-04
  6.2611e+02   8.74e-04
  6.4244e+02   8.09e-04
  6.5920e+02   7.47e-04
  6.7639e+02   6.89e-04
  6.9403e+02   6.38e-04
  7.1214e+02   5.89e-04
  7.3071e+02   5.43e-04
  7.4977e+02   5.00e-04
  7.6933e+02   4.60e-04
  7.8939e+02   4.25e-04
  8.0998e+02   3.91e-04
  8.3111e+02   3.59e-04
  8.5279e+02   3.29e-04
  8.7503e+02   3.03e-04
  8.9785e+02   2.79e-04
  9.2127e+02   2.56e-04
  9.4530e+02   2.34e-04
  9.6996e+02   2.14e-04
  9.9526e+02   1.96e-04
  1.0212e+03   1.80e-04
  1.0479e+03   1.64e-04
  1.0752e+03   1.49e-04
  1.1032e+03   1.37e-04
  1.1320e+03   1.25e-04
  1.1615e+03   1.14e-04
  1.1918e+03   1.03e-04
  1.2229e+03   9.38e-05
  1.2548e+03   8.56e-05
  1.2875e+03   7.78e-05
  1.3211e+03   7.05e-05
  1.3556e+03   6.36e-05
  1.3909e+03   5.80e-05
  1.4272e+03   5.27e-05
  1.4644e+03   4.76e-05
  1.5026e+03   4.28e-05
  1.5418e+03   3.88e-05
  1.5820e+03   3.52e-05
  1.6233e+03   3.17e-05
  1.6657e+03   2.85e-05
  1.7091e+03   2.55e-05
  1.7537e+03   2.31e-05
  1.7994e+03   2.08e-05
  1.8464e+03   1.87e-05
  1.8945e+03   1.66e-05
  1.9439e+03   1.49e-05
  1.9946e+03   1.34e-05
  2.0467e+03   1.20e-05
  2.1000e+03   1.06e-05
  2.1548e+03   9.39e-06
  2.2110e+03   8.43e-06
  2.2687e+03   7.51e-06
  2.3279e+03   6.65e-06
  2.3886e+03   5.83e-06
  2.4509e+03   5.18e-06
  2.5148e+03   4.62e-06
  2.5804e+03   4.08e-06
  2.6477e+03   3.57e-06
  2.7168e+03   3.12e-06
  2.7876e+03   2.78e-06
  2.8603e+03   2.45e-06
  2.9349e+03   2.14e-06
  3.0115e+03   1.85e-06
  3.0900e+03   1.63e-06
  3.1706e+03   1.44e-06
  3.2533e+03   1.25e-06
  3.3382e+03   1.08e-06
  3.4253e+03   9.32e-07
  3.5146e+03   8.20e-07
  3.6063e+03   7.14e-07
  3.7003e+03   6.14e-07
  3.7969e+03   5.19e-07
  3.8959e+03   4.52e-07
  3.9975e+03   3.91e-07
  4.1018e+03   3.34e-07
  4.2088e+03   2.79e-07
  4.3185e+03   2.34e-07
  4.4312e+03   2.00e-07
  4.5467e+03   1.67e-07
  4.6653e+03   1.36e-07
  4.7870e+03   1.08e-07
  4.9119e+03   9.06e-08
  5.0400e+03   7.51e-08
