#  E [GeV]   # per interaction  [GeV^{-1}]
  3.0000e+01   7.82e-01
  3.0962e+01   7.51e-01
  3.1955e+01   7.21e-01
  3.2979e+01   6.92e-01
  3.4037e+01   6.64e-01
  3.5128e+01   6.38e-01
  3.6254e+01   6.12e-01
  3.7417e+01   5.87e-01
  3.8616e+01   5.63e-01
  3.9855e+01   5.40e-01
  4.1132e+01   5.18e-01
  4.2451e+01   4.96e-01
  4.3812e+01   4.76e-01
  4.5217e+01   4.56e-01
  4.6667e+01   4.37e-01
  4.8163e+01   4.19e-01
  4.9707e+01   4.01e-01
  5.1301e+01   3.84e-01
  5.2946e+01   3.68e-01
  5.4644e+01   3.52e-01
  5.6396e+01   3.37e-01
  5.8204e+01   3.22e-01
  6.0070e+01   3.09e-01
  6.1996e+01   2.95e-01
  6.3984e+01   2.82e-01
  6.6035e+01   2.70e-01
  6.8153e+01   2.58e-01
  7.0338e+01   2.47e-01
  7.2593e+01   2.36e-01
  7.4921e+01   2.25e-01
  7.7323e+01   2.15e-01
  7.9802e+01   2.05e-01
  8.2361e+01   1.96e-01
  8.5002e+01   1.87e-01
  8.7727e+01   1.79e-01
  9.0540e+01   1.70e-01
  9.3443e+01   1.62e-01
  9.6439e+01   1.55e-01
  9.9531e+01   1.48e-01
  1.0272e+02   1.41e-01
  1.0602e+02   1.34e-01
  1.0942e+02   1.27e-01
  1.1292e+02   1.21e-01
  1.1654e+02   1.15e-01
  1.2028e+02   1.10e-01
  1.2414e+02   1.04e-01
  1.2812e+02   9.91e-02
  1.3223e+02   9.41e-02
  1.3646e+02   8.94e-02
  1.4084e+02   8.48e-02
  1.4536e+02   8.05e-02
  1.5002e+02   7.63e-02
  1.5483e+02   7.24e-02
  1.5979e+02   6.86e-02
  1.6491e+02   6.50e-02
  1.7020e+02   6.15e-02
  1.7566e+02   5.82e-02
  1.8129e+02   5.51e-02
  1.8710e+02   5.21e-02
  1.9310e+02   4.93e-02
  1.9929e+02   4.66e-02
  2.0568e+02   4.40e-02
  2.1228e+02   4.15e-02
  2.1909e+02   3.92e-02
  2.2611e+02   3.69e-02
  2.3336e+02   3.48e-02
  2.4084e+02   3.28e-02
  2.4856e+02   3.09e-02
  2.5653e+02   2.90e-02
  2.6476e+02   2.73e-02
  2.7325e+02   2.57e-02
  2.8201e+02   2.41e-02
  2.9105e+02   2.26e-02
  3.0038e+02   2.12e-02
  3.1002e+02   1.99e-02
  3.1996e+02   1.86e-02
  3.3021e+02   1.74e-02
  3.4080e+02   1.63e-02
  3.5173e+02   1.52e-02
  3.6301e+02   1.42e-02
  3.7465e+02   1.33e-02
  3.8666e+02   1.24e-02
  3.9905e+02   1.15e-02
  4.1185e+02   1.07e-02
  4.2506e+02   9.97e-03
  4.3868e+02   9.27e-03
  4.5275e+02   8.61e-03
  4.6727e+02   7.98e-03
  4.8225e+02   7.39e-03
  4.9771e+02   6.85e-03
  5.1367e+02   6.34e-03
  5.3014e+02   5.86e-03
  5.4714e+02   5.41e-03
  5.6468e+02   5.00e-03
  5.8278e+02   4.61e-03
  6.0147e+02   4.24e-03
  6.2075e+02   3.91e-03
  6.4066e+02   3.60e-03
  6.6120e+02   3.31e-03
  6.8240e+02   3.04e-03
  7.0428e+02   2.79e-03
  7.2686e+02   2.56e-03
  7.5017e+02   2.34e-03
  7.7422e+02   2.15e-03
  7.9904e+02   1.97e-03
  8.2466e+02   1.80e-03
  8.5110e+02   1.64e-03
  8.7839e+02   1.50e-03
  9.0656e+02   1.37e-03
  9.3562e+02   1.25e-03
  9.6562e+02   1.14e-03
  9.9658e+02   1.04e-03
  1.0285e+03   9.43e-04
  1.0615e+03   8.56e-04
  1.0956e+03   7.79e-04
  1.1307e+03   7.09e-04
  1.1669e+03   6.43e-04
  1.2043e+03   5.82e-04
  1.2430e+03   5.29e-04
  1.2828e+03   4.80e-04
  1.3239e+03   4.34e-04
  1.3664e+03   3.93e-04
  1.4102e+03   3.56e-04
  1.4554e+03   3.22e-04
  1.5021e+03   2.91e-04
  1.5502e+03   2.63e-04
  1.6000e+03   2.38e-04
  1.6513e+03   2.14e-04
  1.7042e+03   1.92e-04
  1.7588e+03   1.74e-04
  1.8152e+03   1.56e-04
  1.8734e+03   1.40e-04
  1.9335e+03   1.26e-04
  1.9955e+03   1.13e-04
  2.0595e+03   1.02e-04
  2.1255e+03   9.08e-05
  2.1937e+03   8.16e-05
  2.2640e+03   7.32e-05
  2.3366e+03   6.54e-05
  2.4115e+03   5.81e-05
  2.4888e+03   5.22e-05
  2.5686e+03   4.66e-05
  2.6510e+03   4.14e-05
  2.7360e+03   3.68e-05
  2.8237e+03   3.29e-05
  2.9142e+03   2.93e-05
  3.0077e+03   2.58e-05
  3.1041e+03   2.30e-05
  3.2036e+03   2.04e-05
  3.3064e+03   1.80e-05
  3.4124e+03   1.58e-05
  3.5218e+03   1.41e-05
  3.6347e+03   1.25e-05
  3.7512e+03   1.09e-05
  3.8715e+03   9.63e-06
  3.9957e+03   8.53e-06
  4.1238e+03   7.49e-06
  4.2560e+03   6.53e-06
  4.3924e+03   5.78e-06
  4.5333e+03   5.09e-06
  4.6786e+03   4.45e-06
  4.8286e+03   3.88e-06
  4.9835e+03   3.43e-06
  5.1433e+03   3.01e-06
  5.3082e+03   2.62e-06
  5.4784e+03   2.30e-06
  5.6540e+03   2.02e-06
  5.8353e+03   1.77e-06
  6.0224e+03   1.53e-06
  6.2155e+03   1.36e-06
  6.4148e+03   1.19e-06
  6.6205e+03   1.04e-06
  6.8327e+03   9.12e-07
  7.0518e+03   8.07e-07
  7.2779e+03   7.09e-07
  7.5113e+03   6.19e-07
  7.7521e+03   5.45e-07
  8.0007e+03   4.80e-07
  8.2572e+03   4.20e-07
  8.5219e+03   3.66e-07
  8.7952e+03   3.22e-07
  9.0772e+03   2.82e-07
  9.3682e+03   2.45e-07
  9.6686e+03   2.12e-07
  9.9786e+03   1.85e-07
  1.0299e+04   1.60e-07
  1.0629e+04   1.38e-07
  1.0970e+04   1.18e-07
  1.1321e+04   1.01e-07
  1.1684e+04   8.59e-08
  1.2059e+04   7.22e-08
  1.2446e+04   6.03e-08
  1.2845e+04   4.99e-08
  1.3256e+04   4.08e-08
  1.3681e+04   3.30e-08
  1.4120e+04   2.62e-08
  1.4573e+04   2.06e-08
  1.5040e+04   1.59e-08
  1.5522e+04   1.23e-08
  1.6020e+04   9.38e-09
