#  E [GeV]   # per interaction  [GeV^{-1}]
  3.0000e+01   1.36e-02
  3.0854e+01   1.31e-02
  3.1733e+01   1.26e-02
  3.2636e+01   1.21e-02
  3.3566e+01   1.17e-02
  3.4521e+01   1.13e-02
  3.5504e+01   1.09e-02
  3.6515e+01   1.05e-02
  3.7555e+01   1.01e-02
  3.8625e+01   9.69e-03
  3.9724e+01   9.33e-03
  4.0855e+01   8.98e-03
  4.2019e+01   8.65e-03
  4.3215e+01   8.32e-03
  4.4446e+01   8.01e-03
  4.5711e+01   7.70e-03
  4.7013e+01   7.41e-03
  4.8352e+01   7.13e-03
  4.9728e+01   6.86e-03
  5.1144e+01   6.59e-03
  5.2601e+01   6.34e-03
  5.4099e+01   6.09e-03
  5.5639e+01   5.85e-03
  5.7223e+01   5.63e-03
  5.8853e+01   5.41e-03
  6.0528e+01   5.19e-03
  6.2252e+01   4.99e-03
  6.4025e+01   4.79e-03
  6.5848e+01   4.60e-03
  6.7723e+01   4.42e-03
  6.9651e+01   4.24e-03
  7.1634e+01   4.07e-03
  7.3674e+01   3.91e-03
  7.5772e+01   3.75e-03
  7.7929e+01   3.60e-03
  8.0148e+01   3.46e-03
  8.2431e+01   3.32e-03
  8.4778e+01   3.18e-03
  8.7192e+01   3.05e-03
  8.9674e+01   2.93e-03
  9.2228e+01   2.81e-03
  9.4854e+01   2.69e-03
  9.7555e+01   2.58e-03
  1.0033e+02   2.48e-03
  1.0319e+02   2.37e-03
  1.0613e+02   2.28e-03
  1.0915e+02   2.18e-03
  1.1226e+02   2.09e-03
  1.1545e+02   2.00e-03
  1.1874e+02   1.92e-03
  1.2212e+02   1.84e-03
  1.2560e+02   1.76e-03
  1.2918e+02   1.69e-03
  1.3286e+02   1.62e-03
  1.3664e+02   1.55e-03
  1.4053e+02   1.48e-03
  1.4453e+02   1.42e-03
  1.4865e+02   1.36e-03
  1.5288e+02   1.30e-03
  1.5723e+02   1.24e-03
  1.6171e+02   1.19e-03
  1.6631e+02   1.14e-03
  1.7105e+02   1.09e-03
  1.7592e+02   1.04e-03
  1.8093e+02   9.97e-04
  1.8608e+02   9.53e-04
  1.9138e+02   9.11e-04
  1.9683e+02   8.71e-04
  2.0243e+02   8.32e-04
  2.0820e+02   7.95e-04
  2.1413e+02   7.60e-04
  2.2022e+02   7.26e-04
  2.2649e+02   6.93e-04
  2.3294e+02   6.62e-04
  2.3958e+02   6.32e-04
  2.4640e+02   6.04e-04
  2.5341e+02   5.76e-04
  2.6063e+02   5.50e-04
  2.6805e+02   5.25e-04
  2.7568e+02   5.01e-04
  2.8353e+02   4.78e-04
  2.9161e+02   4.56e-04
  2.9991e+02   4.34e-04
  3.0845e+02   4.14e-04
  3.1723e+02   3.95e-04
  3.2627e+02   3.76e-04
  3.3556e+02   3.58e-04
  3.4511e+02   3.42e-04
  3.5494e+02   3.26e-04
  3.6504e+02   3.10e-04
  3.7544e+02   2.95e-04
  3.8613e+02   2.81e-04
  3.9712e+02   2.67e-04
  4.0843e+02   2.54e-04
  4.2006e+02   2.42e-04
  4.3202e+02   2.30e-04
  4.4432e+02   2.19e-04
  4.5698e+02   2.08e-04
  4.6999e+02   1.98e-04
  4.8337e+02   1.88e-04
  4.9713e+02   1.79e-04
  5.1129e+02   1.70e-04
  5.2585e+02   1.61e-04
  5.4082e+02   1.53e-04
  5.5622e+02   1.46e-04
  5.7206e+02   1.38e-04
  5.8835e+02   1.31e-04
  6.0510e+02   1.25e-04
  6.2233e+02   1.18e-04
  6.4005e+02   1.13e-04
  6.5828e+02   1.07e-04
  6.7702e+02   1.01e-04
  6.9630e+02   9.63e-05
  7.1613e+02   9.15e-05
  7.3652e+02   8.68e-05
  7.5749e+02   8.24e-05
  7.7906e+02   7.83e-05
  8.0124e+02   7.43e-05
  8.2406e+02   7.06e-05
  8.4752e+02   6.70e-05
  8.7165e+02   6.37e-05
  8.9647e+02   6.06e-05
  9.2200e+02   5.76e-05
  9.4825e+02   5.47e-05
  9.7526e+02   5.21e-05
  1.0030e+03   4.96e-05
  1.0316e+03   4.72e-05
  1.0610e+03   4.49e-05
  1.0912e+03   4.28e-05
  1.1222e+03   4.07e-05
  1.1542e+03   3.88e-05
  1.1871e+03   3.70e-05
  1.2209e+03   3.53e-05
  1.2556e+03   3.36e-05
  1.2914e+03   3.21e-05
  1.3281e+03   3.06e-05
  1.3660e+03   2.92e-05
  1.4049e+03   2.79e-05
  1.4449e+03   2.66e-05
  1.4860e+03   2.54e-05
  1.5283e+03   2.43e-05
  1.5718e+03   2.32e-05
  1.6166e+03   2.22e-05
  1.6626e+03   2.12e-05
  1.7100e+03   2.03e-05
  1.7587e+03   1.94e-05
  1.8087e+03   1.86e-05
  1.8602e+03   1.78e-05
  1.9132e+03   1.70e-05
  1.9677e+03   1.63e-05
  2.0237e+03   1.56e-05
  2.0813e+03   1.49e-05
  2.1406e+03   1.42e-05
  2.2016e+03   1.36e-05
  2.2642e+03   1.30e-05
  2.3287e+03   1.25e-05
  2.3950e+03   1.19e-05
  2.4632e+03   1.14e-05
  2.5334e+03   1.09e-05
  2.6055e+03   1.04e-05
  2.6797e+03   9.97e-06
  2.7560e+03   9.52e-06
  2.8345e+03   9.09e-06
  2.9152e+03   8.68e-06
  2.9982e+03   8.29e-06
  3.0836e+03   7.90e-06
  3.1714e+03   7.53e-06
  3.2617e+03   7.17e-06
  3.3545e+03   6.83e-06
  3.4501e+03   6.50e-06
  3.5483e+03   6.19e-06
  3.6493e+03   5.88e-06
  3.7532e+03   5.59e-06
  3.8601e+03   5.31e-06
  3.9700e+03   5.04e-06
  4.0831e+03   4.77e-06
  4.1993e+03   4.52e-06
  4.3189e+03   4.28e-06
  4.4419e+03   4.05e-06
  4.5684e+03   3.82e-06
  4.6985e+03   3.61e-06
  4.8322e+03   3.40e-06
  4.9698e+03   3.21e-06
  5.1114e+03   3.02e-06
  5.2569e+03   2.84e-06
  5.4066e+03   2.66e-06
  5.5605e+03   2.50e-06
  5.7189e+03   2.34e-06
  5.8817e+03   2.18e-06
  6.0492e+03   2.04e-06
  6.2214e+03   1.90e-06
  6.3986e+03   1.76e-06
  6.5808e+03   1.64e-06
  6.7682e+03   1.51e-06
  6.9609e+03   1.39e-06
  7.1591e+03   1.28e-06
  7.3630e+03   1.18e-06
  7.5726e+03   1.08e-06
  7.7882e+03   9.93e-07
  8.0100e+03   9.10e-07
