#  E [MeV]   Flux [# cm^{-2} s^{-1}  MeV^{-1}]
  3.0000e+04   9.39e-22
  3.1033e+04   9.05e-22
  3.2102e+04   8.72e-22
  3.3207e+04   8.40e-22
  3.4350e+04   8.08e-22
  3.5533e+04   7.78e-22
  3.6757e+04   7.49e-22
  3.8022e+04   7.21e-22
  3.9332e+04   6.94e-22
  4.0686e+04   6.68e-22
  4.2087e+04   6.42e-22
  4.3536e+04   6.18e-22
  4.5035e+04   5.94e-22
  4.6586e+04   5.71e-22
  4.8190e+04   5.49e-22
  4.9850e+04   5.28e-22
  5.1566e+04   5.08e-22
  5.3342e+04   4.88e-22
  5.5178e+04   4.69e-22
  5.7078e+04   4.50e-22
  5.9044e+04   4.33e-22
  6.1077e+04   4.16e-22
  6.3180e+04   3.99e-22
  6.5356e+04   3.84e-22
  6.7606e+04   3.68e-22
  6.9934e+04   3.54e-22
  7.2342e+04   3.39e-22
  7.4833e+04   3.26e-22
  7.7410e+04   3.13e-22
  8.0075e+04   3.00e-22
  8.2833e+04   2.88e-22
  8.5685e+04   2.77e-22
  8.8635e+04   2.65e-22
  9.1687e+04   2.55e-22
  9.4844e+04   2.44e-22
  9.8110e+04   2.35e-22
  1.0149e+05   2.25e-22
  1.0498e+05   2.16e-22
  1.0860e+05   2.07e-22
  1.1234e+05   1.99e-22
  1.1621e+05   1.91e-22
  1.2021e+05   1.83e-22
  1.2435e+05   1.76e-22
  1.2863e+05   1.68e-22
  1.3306e+05   1.62e-22
  1.3764e+05   1.55e-22
  1.4238e+05   1.49e-22
  1.4728e+05   1.43e-22
  1.5235e+05   1.37e-22
  1.5760e+05   1.32e-22
  1.6302e+05   1.26e-22
  1.6864e+05   1.21e-22
  1.7445e+05   1.16e-22
  1.8045e+05   1.12e-22
  1.8667e+05   1.07e-22
  1.9309e+05   1.03e-22
  1.9974e+05   9.89e-23
  2.0662e+05   9.49e-23
  2.1373e+05   9.12e-23
  2.2109e+05   8.76e-23
  2.2871e+05   8.41e-23
  2.3658e+05   8.08e-23
  2.4473e+05   7.76e-23
  2.5316e+05   7.46e-23
  2.6187e+05   7.16e-23
  2.7089e+05   6.88e-23
  2.8022e+05   6.62e-23
  2.8987e+05   6.36e-23
  2.9985e+05   6.10e-23
  3.1017e+05   5.87e-23
  3.2085e+05   5.64e-23
  3.3190e+05   5.42e-23
  3.4333e+05   5.21e-23
  3.5515e+05   5.01e-23
  3.6738e+05   4.82e-23
  3.8003e+05   4.63e-23
  3.9312e+05   4.45e-23
  4.0665e+05   4.28e-23
  4.2066e+05   4.11e-23
  4.3514e+05   3.95e-23
  4.5013e+05   3.80e-23
  4.6562e+05   3.65e-23
  4.8166e+05   3.51e-23
  4.9824e+05   3.37e-23
  5.1540e+05   3.24e-23
  5.3315e+05   3.11e-23
  5.5150e+05   2.99e-23
  5.7050e+05   2.88e-23
  5.9014e+05   2.76e-23
  6.1046e+05   2.66e-23
  6.3148e+05   2.55e-23
  6.5322e+05   2.46e-23
  6.7572e+05   2.36e-23
  6.9898e+05   2.27e-23
  7.2305e+05   2.18e-23
  7.4795e+05   2.10e-23
  7.7371e+05   2.02e-23
  8.0035e+05   1.94e-23
  8.2791e+05   1.87e-23
  8.5641e+05   1.79e-23
  8.8590e+05   1.73e-23
  9.1641e+05   1.66e-23
  9.4796e+05   1.60e-23
  9.8061e+05   1.54e-23
  1.0144e+06   1.48e-23
  1.0493e+06   1.43e-23
  1.0854e+06   1.38e-23
  1.1228e+06   1.33e-23
  1.1615e+06   1.28e-23
  1.2015e+06   1.23e-23
  1.2428e+06   1.19e-23
  1.2856e+06   1.15e-23
  1.3299e+06   1.11e-23
  1.3757e+06   1.07e-23
  1.4231e+06   1.03e-23
  1.4721e+06   9.96e-24
  1.5228e+06   9.62e-24
  1.5752e+06   9.28e-24
  1.6294e+06   8.96e-24
  1.6855e+06   8.65e-24
  1.7436e+06   8.35e-24
  1.8036e+06   8.06e-24
  1.8657e+06   7.78e-24
  1.9300e+06   7.51e-24
  1.9964e+06   7.25e-24
  2.0652e+06   6.99e-24
  2.1363e+06   6.75e-24
  2.2098e+06   6.50e-24
  2.2859e+06   6.27e-24
  2.3646e+06   6.04e-24
  2.4461e+06   5.82e-24
  2.5303e+06   5.60e-24
  2.6174e+06   5.39e-24
  2.7075e+06   5.18e-24
  2.8008e+06   4.98e-24
  2.8972e+06   4.78e-24
  2.9970e+06   4.59e-24
  3.1002e+06   4.40e-24
  3.2069e+06   4.21e-24
  3.3173e+06   4.03e-24
  3.4316e+06   3.85e-24
  3.5497e+06   3.67e-24
  3.6720e+06   3.50e-24
  3.7984e+06   3.34e-24
  3.9292e+06   3.17e-24
  4.0645e+06   3.01e-24
  4.2044e+06   2.85e-24
  4.3492e+06   2.70e-24
  4.4990e+06   2.55e-24
  4.6539e+06   2.40e-24
  4.8141e+06   2.26e-24
  4.9799e+06   2.12e-24
  5.1514e+06   1.98e-24
  5.3288e+06   1.85e-24
  5.5123e+06   1.73e-24
  5.7021e+06   1.60e-24
  5.8984e+06   1.49e-24
  6.1015e+06   1.37e-24
  6.3116e+06   1.26e-24
  6.5289e+06   1.16e-24
  6.7538e+06   1.06e-24
  6.9863e+06   9.67e-25
  7.2269e+06   8.77e-25
  7.4757e+06   7.94e-25
  7.7331e+06   7.14e-25
  7.9994e+06   6.40e-25
  8.2749e+06   5.70e-25
  8.5598e+06   5.06e-25
  8.8546e+06   4.46e-25
  9.1594e+06   3.91e-25
  9.4748e+06   3.41e-25
  9.8011e+06   2.94e-25
  1.0139e+07   2.52e-25
  1.0488e+07   2.14e-25
  1.0849e+07   1.80e-25
  1.1222e+07   1.50e-25
  1.1609e+07   1.24e-25
  1.2009e+07   1.01e-25
  1.2422e+07   8.17e-26
  1.2850e+07   6.51e-26
  1.3292e+07   5.10e-26
  1.3750e+07   3.96e-26
  1.4223e+07   3.02e-26
  1.4713e+07   2.26e-26
  1.5220e+07   1.65e-26
  1.5744e+07   1.19e-26
  1.6286e+07   8.34e-27
  1.6847e+07   5.66e-27
  1.7427e+07   3.78e-27
  1.8027e+07   2.44e-27
  1.8648e+07   1.51e-27
  1.9290e+07   9.05e-28
  1.9954e+07   5.25e-28
  2.0641e+07   2.88e-28
  2.1352e+07   1.49e-28
  2.2087e+07   7.49e-29
  2.2848e+07   3.49e-29
  2.3634e+07   1.49e-29
  2.4448e+07   6.04e-30
  2.5290e+07   2.24e-30
