#  E [MeV]   Flux [# cm^{-2} s^{-1}  MeV^{-1}]
  3.0000e+04   2.54e-19
  3.1123e+04   2.42e-19
  3.2288e+04   2.32e-19
  3.3497e+04   2.21e-19
  3.4751e+04   2.12e-19
  3.6051e+04   2.02e-19
  3.7401e+04   1.93e-19
  3.8801e+04   1.84e-19
  4.0253e+04   1.76e-19
  4.1760e+04   1.68e-19
  4.3324e+04   1.60e-19
  4.4945e+04   1.53e-19
  4.6628e+04   1.46e-19
  4.8373e+04   1.39e-19
  5.0184e+04   1.33e-19
  5.2063e+04   1.27e-19
  5.4011e+04   1.21e-19
  5.6033e+04   1.15e-19
  5.8131e+04   1.10e-19
  6.0307e+04   1.05e-19
  6.2564e+04   1.00e-19
  6.4906e+04   9.54e-20
  6.7336e+04   9.09e-20
  6.9857e+04   8.66e-20
  7.2472e+04   8.26e-20
  7.5184e+04   7.86e-20
  7.7999e+04   7.49e-20
  8.0919e+04   7.13e-20
  8.3948e+04   6.79e-20
  8.7090e+04   6.47e-20
  9.0350e+04   6.16e-20
  9.3732e+04   5.86e-20
  9.7241e+04   5.58e-20
  1.0088e+05   5.31e-20
  1.0466e+05   5.05e-20
  1.0858e+05   4.80e-20
  1.1264e+05   4.57e-20
  1.1686e+05   4.35e-20
  1.2123e+05   4.13e-20
  1.2577e+05   3.93e-20
  1.3048e+05   3.74e-20
  1.3536e+05   3.55e-20
  1.4043e+05   3.38e-20
  1.4568e+05   3.21e-20
  1.5114e+05   3.05e-20
  1.5680e+05   2.90e-20
  1.6266e+05   2.75e-20
  1.6875e+05   2.61e-20
  1.7507e+05   2.48e-20
  1.8162e+05   2.36e-20
  1.8842e+05   2.24e-20
  1.9548e+05   2.12e-20
  2.0279e+05   2.02e-20
  2.1039e+05   1.91e-20
  2.1826e+05   1.81e-20
  2.2643e+05   1.72e-20
  2.3491e+05   1.63e-20
  2.4370e+05   1.55e-20
  2.5282e+05   1.47e-20
  2.6229e+05   1.39e-20
  2.7211e+05   1.32e-20
  2.8229e+05   1.25e-20
  2.9286e+05   1.18e-20
  3.0382e+05   1.12e-20
  3.1519e+05   1.06e-20
  3.2699e+05   1.00e-20
  3.3923e+05   9.49e-21
  3.5193e+05   8.97e-21
  3.6511e+05   8.48e-21
  3.7877e+05   8.01e-21
  3.9295e+05   7.57e-21
  4.0766e+05   7.15e-21
  4.2292e+05   6.75e-21
  4.3875e+05   6.36e-21
  4.5518e+05   6.00e-21
  4.7222e+05   5.65e-21
  4.8989e+05   5.33e-21
  5.0823e+05   5.01e-21
  5.2726e+05   4.72e-21
  5.4699e+05   4.44e-21
  5.6747e+05   4.17e-21
  5.8871e+05   3.91e-21
  6.1075e+05   3.67e-21
  6.3361e+05   3.44e-21
  6.5733e+05   3.23e-21
  6.8194e+05   3.03e-21
  7.0746e+05   2.83e-21
  7.3395e+05   2.66e-21
  7.6142e+05   2.49e-21
  7.8992e+05   2.33e-21
  8.1949e+05   2.18e-21
  8.5017e+05   2.04e-21
  8.8199e+05   1.91e-21
  9.1501e+05   1.79e-21
  9.4926e+05   1.67e-21
  9.8479e+05   1.56e-21
  1.0217e+06   1.46e-21
  1.0599e+06   1.36e-21
  1.0996e+06   1.27e-21
  1.1407e+06   1.18e-21
  1.1834e+06   1.10e-21
  1.2277e+06   1.03e-21
  1.2737e+06   9.54e-22
  1.3214e+06   8.88e-22
  1.3708e+06   8.25e-22
  1.4222e+06   7.66e-22
  1.4754e+06   7.11e-22
  1.5306e+06   6.59e-22
  1.5879e+06   6.11e-22
  1.6474e+06   5.66e-22
  1.7090e+06   5.24e-22
  1.7730e+06   4.84e-22
  1.8394e+06   4.48e-22
  1.9082e+06   4.13e-22
  1.9797e+06   3.81e-22
  2.0538e+06   3.52e-22
  2.1306e+06   3.24e-22
  2.2104e+06   2.98e-22
  2.2931e+06   2.74e-22
  2.3790e+06   2.51e-22
  2.4680e+06   2.30e-22
  2.5604e+06   2.11e-22
  2.6563e+06   1.93e-22
  2.7557e+06   1.76e-22
  2.8589e+06   1.61e-22
  2.9659e+06   1.47e-22
  3.0769e+06   1.34e-22
  3.1921e+06   1.22e-22
  3.3116e+06   1.11e-22
  3.4355e+06   1.00e-22
  3.5641e+06   9.08e-23
  3.6976e+06   8.23e-23
  3.8360e+06   7.44e-23
  3.9796e+06   6.70e-23
  4.1285e+06   6.05e-23
  4.2831e+06   5.44e-23
  4.4434e+06   4.88e-23
  4.6097e+06   4.38e-23
  4.7823e+06   3.92e-23
  4.9613e+06   3.49e-23
  5.1470e+06   3.12e-23
  5.3397e+06   2.78e-23
  5.5396e+06   2.46e-23
  5.7470e+06   2.19e-23
  5.9621e+06   1.94e-23
  6.1853e+06   1.71e-23
  6.4168e+06   1.51e-23
  6.6570e+06   1.34e-23
  6.9062e+06   1.17e-23
  7.1647e+06   1.03e-23
  7.4329e+06   9.02e-24
  7.7112e+06   7.86e-24
  7.9998e+06   6.84e-24
  8.2993e+06   5.99e-24
  8.6100e+06   5.20e-24
  8.9323e+06   4.48e-24
  9.2666e+06   3.90e-24
  9.6135e+06   3.36e-24
  9.9734e+06   2.87e-24
  1.0347e+07   2.49e-24
  1.0734e+07   2.13e-24
  1.1136e+07   1.80e-24
  1.1553e+07   1.56e-24
  1.1985e+07   1.33e-24
  1.2434e+07   1.12e-24
  1.2899e+07   9.52e-25
  1.3382e+07   8.08e-25
  1.3883e+07   6.75e-25
  1.4403e+07   5.70e-25
  1.4942e+07   4.81e-25
  1.5501e+07   3.99e-25
  1.6081e+07   3.34e-25
  1.6683e+07   2.80e-25
  1.7308e+07   2.31e-25
  1.7956e+07   1.91e-25
  1.8628e+07   1.59e-25
  1.9325e+07   1.31e-25
  2.0049e+07   1.06e-25
  2.0799e+07   8.81e-26
  2.1578e+07   7.17e-26
  2.2386e+07   5.76e-26
  2.3224e+07   4.72e-26
  2.4093e+07   3.80e-26
  2.4995e+07   3.00e-26
  2.5930e+07   2.40e-26
  2.6901e+07   1.88e-26
  2.7908e+07   1.44e-26
  2.8953e+07   1.10e-26
  3.0037e+07   8.24e-27
  3.1161e+07   5.94e-27
  3.2327e+07   4.18e-27
  3.3537e+07   2.82e-27
  3.4793e+07   1.80e-27
  3.6095e+07   1.07e-27
  3.7446e+07   5.92e-28
  3.8848e+07   2.94e-28
  4.0302e+07   1.29e-28
  4.1811e+07   4.77e-29
  4.3376e+07   1.45e-29
  4.5000e+07   3.41e-30
