#  E [MeV]   Flux [# cm^{-2} s^{-1}  MeV^{-1}]
  3.0000e+04   8.99e-23
  3.0696e+04   8.70e-23
  3.1408e+04   8.42e-23
  3.2137e+04   8.15e-23
  3.2883e+04   7.88e-23
  3.3646e+04   7.63e-23
  3.4426e+04   7.38e-23
  3.5225e+04   7.13e-23
  3.6042e+04   6.90e-23
  3.6878e+04   6.66e-23
  3.7734e+04   6.44e-23
  3.8609e+04   6.22e-23
  3.9505e+04   6.01e-23
  4.0422e+04   5.81e-23
  4.1360e+04   5.61e-23
  4.2319e+04   5.42e-23
  4.3301e+04   5.23e-23
  4.4306e+04   5.05e-23
  4.5334e+04   4.87e-23
  4.6386e+04   4.70e-23
  4.7462e+04   4.54e-23
  4.8563e+04   4.38e-23
  4.9690e+04   4.22e-23
  5.0843e+04   4.07e-23
  5.2022e+04   3.92e-23
  5.3229e+04   3.78e-23
  5.4464e+04   3.65e-23
  5.5728e+04   3.51e-23
  5.7021e+04   3.38e-23
  5.8344e+04   3.26e-23
  5.9697e+04   3.14e-23
  6.1083e+04   3.02e-23
  6.2500e+04   2.91e-23
  6.3950e+04   2.80e-23
  6.5434e+04   2.70e-23
  6.6952e+04   2.60e-23
  6.8505e+04   2.50e-23
  7.0095e+04   2.40e-23
  7.1721e+04   2.31e-23
  7.3385e+04   2.22e-23
  7.5088e+04   2.13e-23
  7.6830e+04   2.05e-23
  7.8612e+04   1.97e-23
  8.0436e+04   1.89e-23
  8.2302e+04   1.82e-23
  8.4212e+04   1.74e-23
  8.6166e+04   1.67e-23
  8.8165e+04   1.61e-23
  9.0210e+04   1.54e-23
  9.2304e+04   1.48e-23
  9.4445e+04   1.42e-23
  9.6636e+04   1.36e-23
  9.8878e+04   1.30e-23
  1.0117e+05   1.25e-23
  1.0352e+05   1.20e-23
  1.0592e+05   1.15e-23
  1.0838e+05   1.10e-23
  1.1089e+05   1.05e-23
  1.1347e+05   1.01e-23
  1.1610e+05   9.66e-24
  1.1879e+05   9.25e-24
  1.2155e+05   8.85e-24
  1.2437e+05   8.46e-24
  1.2725e+05   8.09e-24
  1.3021e+05   7.74e-24
  1.3323e+05   7.40e-24
  1.3632e+05   7.07e-24
  1.3948e+05   6.75e-24
  1.4272e+05   6.45e-24
  1.4603e+05   6.16e-24
  1.4942e+05   5.88e-24
  1.5288e+05   5.61e-24
  1.5643e+05   5.35e-24
  1.6006e+05   5.10e-24
  1.6377e+05   4.87e-24
  1.6757e+05   4.64e-24
  1.7146e+05   4.42e-24
  1.7544e+05   4.21e-24
  1.7951e+05   4.01e-24
  1.8368e+05   3.82e-24
  1.8794e+05   3.63e-24
  1.9230e+05   3.46e-24
  1.9676e+05   3.29e-24
  2.0132e+05   3.13e-24
  2.0600e+05   2.97e-24
  2.1078e+05   2.83e-24
  2.1567e+05   2.68e-24
  2.2067e+05   2.55e-24
  2.2579e+05   2.42e-24
  2.3103e+05   2.30e-24
  2.3639e+05   2.18e-24
  2.4187e+05   2.07e-24
  2.4748e+05   1.96e-24
  2.5323e+05   1.86e-24
  2.5910e+05   1.76e-24
  2.6511e+05   1.67e-24
  2.7126e+05   1.58e-24
  2.7756e+05   1.49e-24
  2.8400e+05   1.41e-24
  2.9059e+05   1.34e-24
  2.9733e+05   1.26e-24
  3.0423e+05   1.19e-24
  3.1129e+05   1.12e-24
  3.1851e+05   1.06e-24
  3.2590e+05   1.00e-24
  3.3346e+05   9.46e-25
  3.4120e+05   8.91e-25
  3.4911e+05   8.39e-25
  3.5721e+05   7.91e-25
  3.6550e+05   7.45e-25
  3.7398e+05   7.01e-25
  3.8266e+05   6.59e-25
  3.9154e+05   6.19e-25
  4.0062e+05   5.82e-25
  4.0991e+05   5.48e-25
  4.1943e+05   5.14e-25
  4.2916e+05   4.82e-25
  4.3911e+05   4.52e-25
  4.4930e+05   4.24e-25
  4.5973e+05   3.98e-25
  4.7039e+05   3.73e-25
  4.8131e+05   3.49e-25
  4.9247e+05   3.26e-25
  5.0390e+05   3.05e-25
  5.1559e+05   2.86e-25
  5.2755e+05   2.67e-25
  5.3979e+05   2.49e-25
  5.5232e+05   2.32e-25
  5.6513e+05   2.17e-25
  5.7824e+05   2.03e-25
  5.9166e+05   1.89e-25
  6.0539e+05   1.76e-25
  6.1943e+05   1.63e-25
  6.3381e+05   1.52e-25
  6.4851e+05   1.42e-25
  6.6356e+05   1.32e-25
  6.7895e+05   1.23e-25
  6.9471e+05   1.14e-25
  7.1082e+05   1.06e-25
  7.2732e+05   9.84e-26
  7.4419e+05   9.15e-26
  7.6146e+05   8.48e-26
  7.7912e+05   7.84e-26
  7.9720e+05   7.28e-26
  8.1570e+05   6.77e-26
  8.3462e+05   6.29e-26
  8.5399e+05   5.83e-26
  8.7380e+05   5.38e-26
  8.9407e+05   4.99e-26
  9.1482e+05   4.64e-26
  9.3604e+05   4.31e-26
  9.5776e+05   3.99e-26
  9.7998e+05   3.68e-26
  1.0027e+06   3.42e-26
  1.0260e+06   3.18e-26
  1.0498e+06   2.96e-26
  1.0741e+06   2.74e-26
  1.0991e+06   2.53e-26
  1.1246e+06   2.36e-26
  1.1507e+06   2.20e-26
  1.1774e+06   2.05e-26
  1.2047e+06   1.91e-26
  1.2326e+06   1.78e-26
  1.2612e+06   1.66e-26
  1.2905e+06   1.56e-26
  1.3204e+06   1.47e-26
  1.3511e+06   1.38e-26
  1.3824e+06   1.29e-26
  1.4145e+06   1.22e-26
  1.4473e+06   1.16e-26
  1.4809e+06   1.10e-26
  1.5152e+06   1.04e-26
  1.5504e+06   9.84e-27
  1.5864e+06   9.37e-27
  1.6232e+06   8.99e-27
  1.6608e+06   8.62e-27
  1.6994e+06   8.27e-27
  1.7388e+06   7.93e-27
  1.7791e+06   7.67e-27
  1.8204e+06   7.50e-27
  1.8626e+06   7.34e-27
  1.9059e+06   7.18e-27
  1.9501e+06   7.03e-27
  1.9953e+06   6.94e-27
  2.0416e+06   6.95e-27
  2.0890e+06   6.95e-27
  2.1375e+06   6.94e-27
  2.1870e+06   6.93e-27
  2.2378e+06   7.04e-27
  2.2897e+06   7.31e-27
  2.3428e+06   7.57e-27
  2.3972e+06   7.80e-27
  2.4528e+06   8.02e-27
  2.5097e+06   8.33e-27
  2.5680e+06   8.78e-27
  2.6275e+06   9.20e-27
  2.6885e+06   9.60e-27
  2.7509e+06   9.97e-27
  2.8147e+06   9.40e-27
  2.8800e+06   7.25e-27
