#  E [MeV]   Flux [# cm^{-2} s^{-1}  MeV^{-1}]
  3.0000e+04   1.15e-21
  3.1033e+04   1.11e-21
  3.2102e+04   1.07e-21
  3.3207e+04   1.02e-21
  3.4350e+04   9.86e-22
  3.5533e+04   9.48e-22
  3.6757e+04   9.11e-22
  3.8022e+04   8.76e-22
  3.9332e+04   8.41e-22
  4.0686e+04   8.08e-22
  4.2087e+04   7.77e-22
  4.3536e+04   7.46e-22
  4.5035e+04   7.16e-22
  4.6586e+04   6.87e-22
  4.8190e+04   6.59e-22
  4.9850e+04   6.33e-22
  5.1566e+04   6.07e-22
  5.3342e+04   5.82e-22
  5.5178e+04   5.58e-22
  5.7078e+04   5.35e-22
  5.9044e+04   5.12e-22
  6.1077e+04   4.91e-22
  6.3180e+04   4.70e-22
  6.5356e+04   4.50e-22
  6.7606e+04   4.31e-22
  6.9934e+04   4.13e-22
  7.2342e+04   3.95e-22
  7.4833e+04   3.78e-22
  7.7410e+04   3.61e-22
  8.0075e+04   3.46e-22
  8.2833e+04   3.30e-22
  8.5685e+04   3.16e-22
  8.8635e+04   3.02e-22
  9.1687e+04   2.88e-22
  9.4844e+04   2.75e-22
  9.8110e+04   2.63e-22
  1.0149e+05   2.51e-22
  1.0498e+05   2.39e-22
  1.0860e+05   2.28e-22
  1.1234e+05   2.18e-22
  1.1621e+05   2.07e-22
  1.2021e+05   1.98e-22
  1.2435e+05   1.88e-22
  1.2863e+05   1.79e-22
  1.3306e+05   1.71e-22
  1.3764e+05   1.63e-22
  1.4238e+05   1.55e-22
  1.4728e+05   1.47e-22
  1.5235e+05   1.40e-22
  1.5760e+05   1.33e-22
  1.6302e+05   1.27e-22
  1.6864e+05   1.20e-22
  1.7445e+05   1.14e-22
  1.8045e+05   1.08e-22
  1.8667e+05   1.03e-22
  1.9309e+05   9.76e-23
  1.9974e+05   9.25e-23
  2.0662e+05   8.77e-23
  2.1373e+05   8.31e-23
  2.2109e+05   7.87e-23
  2.2871e+05   7.45e-23
  2.3658e+05   7.05e-23
  2.4473e+05   6.67e-23
  2.5316e+05   6.30e-23
  2.6187e+05   5.95e-23
  2.7089e+05   5.62e-23
  2.8022e+05   5.31e-23
  2.8987e+05   5.01e-23
  2.9985e+05   4.73e-23
  3.1017e+05   4.45e-23
  3.2085e+05   4.20e-23
  3.3190e+05   3.95e-23
  3.4333e+05   3.72e-23
  3.5515e+05   3.50e-23
  3.6738e+05   3.29e-23
  3.8003e+05   3.09e-23
  3.9312e+05   2.90e-23
  4.0665e+05   2.72e-23
  4.2066e+05   2.55e-23
  4.3514e+05   2.40e-23
  4.5013e+05   2.25e-23
  4.6562e+05   2.10e-23
  4.8166e+05   1.97e-23
  4.9824e+05   1.84e-23
  5.1540e+05   1.73e-23
  5.3315e+05   1.61e-23
  5.5150e+05   1.51e-23
  5.7050e+05   1.41e-23
  5.9014e+05   1.32e-23
  6.1046e+05   1.23e-23
  6.3148e+05   1.15e-23
  6.5322e+05   1.07e-23
  6.7572e+05   1.00e-23
  6.9898e+05   9.37e-24
  7.2305e+05   8.74e-24
  7.4795e+05   8.16e-24
  7.7371e+05   7.62e-24
  8.0035e+05   7.12e-24
  8.2791e+05   6.65e-24
  8.5641e+05   6.21e-24
  8.8590e+05   5.81e-24
  9.1641e+05   5.43e-24
  9.4796e+05   5.07e-24
  9.8061e+05   4.75e-24
  1.0144e+06   4.45e-24
  1.0493e+06   4.16e-24
  1.0854e+06   3.90e-24
  1.1228e+06   3.65e-24
  1.1615e+06   3.43e-24
  1.2015e+06   3.21e-24
  1.2428e+06   3.02e-24
  1.2856e+06   2.83e-24
  1.3299e+06   2.66e-24
  1.3757e+06   2.50e-24
  1.4231e+06   2.36e-24
  1.4721e+06   2.22e-24
  1.5228e+06   2.09e-24
  1.5752e+06   1.97e-24
  1.6294e+06   1.86e-24
  1.6855e+06   1.75e-24
  1.7436e+06   1.65e-24
  1.8036e+06   1.56e-24
  1.8657e+06   1.48e-24
  1.9300e+06   1.40e-24
  1.9964e+06   1.32e-24
  2.0652e+06   1.25e-24
  2.1363e+06   1.18e-24
  2.2098e+06   1.12e-24
  2.2859e+06   1.06e-24
  2.3646e+06   1.00e-24
  2.4461e+06   9.53e-25
  2.5303e+06   9.03e-25
  2.6174e+06   8.56e-25
  2.7075e+06   8.11e-25
  2.8008e+06   7.69e-25
  2.8972e+06   7.28e-25
  2.9970e+06   6.90e-25
  3.1002e+06   6.54e-25
  3.2069e+06   6.20e-25
  3.3173e+06   5.87e-25
  3.4316e+06   5.55e-25
  3.5497e+06   5.26e-25
  3.6720e+06   4.97e-25
  3.7984e+06   4.70e-25
  3.9292e+06   4.44e-25
  4.0645e+06   4.19e-25
  4.2044e+06   3.96e-25
  4.3492e+06   3.73e-25
  4.4990e+06   3.51e-25
  4.6539e+06   3.30e-25
  4.8141e+06   3.10e-25
  4.9799e+06   2.91e-25
  5.1514e+06   2.72e-25
  5.3288e+06   2.54e-25
  5.5123e+06   2.37e-25
  5.7021e+06   2.21e-25
  5.8984e+06   2.06e-25
  6.1015e+06   1.91e-25
  6.3116e+06   1.77e-25
  6.5289e+06   1.63e-25
  6.7538e+06   1.50e-25
  6.9863e+06   1.38e-25
  7.2269e+06   1.26e-25
  7.4757e+06   1.15e-25
  7.7331e+06   1.05e-25
  7.9994e+06   9.50e-26
  8.2749e+06   8.57e-26
  8.5598e+06   7.70e-26
  8.8546e+06   6.88e-26
  9.1594e+06   6.12e-26
  9.4748e+06   5.41e-26
  9.8011e+06   4.76e-26
  1.0139e+07   4.15e-26
  1.0488e+07   3.60e-26
  1.0849e+07   3.09e-26
  1.1222e+07   2.63e-26
  1.1609e+07   2.22e-26
  1.2009e+07   1.86e-26
  1.2422e+07   1.54e-26
  1.2850e+07   1.25e-26
  1.3292e+07   1.01e-26
  1.3750e+07   8.00e-27
  1.4223e+07   6.24e-27
  1.4713e+07   4.79e-27
  1.5220e+07   3.59e-27
  1.5744e+07   2.64e-27
  1.6286e+07   1.89e-27
  1.6847e+07   1.32e-27
  1.7427e+07   8.91e-28
  1.8027e+07   5.82e-28
  1.8648e+07   3.65e-28
  1.9290e+07   2.19e-28
  1.9954e+07   1.25e-28
  2.0641e+07   6.76e-29
  2.1352e+07   3.43e-29
  2.2087e+07   1.61e-29
  2.2848e+07   6.98e-30
  2.3634e+07   2.75e-30
  2.4448e+07   9.77e-31
  2.5290e+07   3.06e-31
