#  E [MeV]   Flux [# cm^{-2} s^{-1}  MeV^{-1}]
  3.0000e+04   1.21e-21
  3.1033e+04   1.16e-21
  3.2102e+04   1.12e-21
  3.3207e+04   1.08e-21
  3.4350e+04   1.04e-21
  3.5533e+04   9.98e-22
  3.6757e+04   9.59e-22
  3.8022e+04   9.22e-22
  3.9332e+04   8.87e-22
  4.0686e+04   8.52e-22
  4.2087e+04   8.19e-22
  4.3536e+04   7.87e-22
  4.5035e+04   7.55e-22
  4.6586e+04   7.25e-22
  4.8190e+04   6.96e-22
  4.9850e+04   6.69e-22
  5.1566e+04   6.41e-22
  5.3342e+04   6.15e-22
  5.5178e+04   5.90e-22
  5.7078e+04   5.66e-22
  5.9044e+04   5.43e-22
  6.1077e+04   5.20e-22
  6.3180e+04   4.99e-22
  6.5356e+04   4.78e-22
  6.7606e+04   4.58e-22
  6.9934e+04   4.39e-22
  7.2342e+04   4.20e-22
  7.4833e+04   4.02e-22
  7.7410e+04   3.85e-22
  8.0075e+04   3.68e-22
  8.2833e+04   3.52e-22
  8.5685e+04   3.37e-22
  8.8635e+04   3.22e-22
  9.1687e+04   3.08e-22
  9.4844e+04   2.95e-22
  9.8110e+04   2.82e-22
  1.0149e+05   2.69e-22
  1.0498e+05   2.57e-22
  1.0860e+05   2.45e-22
  1.1234e+05   2.34e-22
  1.1621e+05   2.24e-22
  1.2021e+05   2.13e-22
  1.2435e+05   2.04e-22
  1.2863e+05   1.94e-22
  1.3306e+05   1.85e-22
  1.3764e+05   1.77e-22
  1.4238e+05   1.69e-22
  1.4728e+05   1.61e-22
  1.5235e+05   1.53e-22
  1.5760e+05   1.46e-22
  1.6302e+05   1.39e-22
  1.6864e+05   1.32e-22
  1.7445e+05   1.26e-22
  1.8045e+05   1.20e-22
  1.8667e+05   1.14e-22
  1.9309e+05   1.09e-22
  1.9974e+05   1.03e-22
  2.0662e+05   9.84e-23
  2.1373e+05   9.35e-23
  2.2109e+05   8.89e-23
  2.2871e+05   8.45e-23
  2.3658e+05   8.04e-23
  2.4473e+05   7.64e-23
  2.5316e+05   7.25e-23
  2.6187e+05   6.89e-23
  2.7089e+05   6.55e-23
  2.8022e+05   6.22e-23
  2.8987e+05   5.90e-23
  2.9985e+05   5.61e-23
  3.1017e+05   5.32e-23
  3.2085e+05   5.05e-23
  3.3190e+05   4.79e-23
  3.4333e+05   4.55e-23
  3.5515e+05   4.31e-23
  3.6738e+05   4.09e-23
  3.8003e+05   3.88e-23
  3.9312e+05   3.68e-23
  4.0665e+05   3.49e-23
  4.2066e+05   3.30e-23
  4.3514e+05   3.13e-23
  4.5013e+05   2.97e-23
  4.6562e+05   2.81e-23
  4.8166e+05   2.67e-23
  4.9824e+05   2.52e-23
  5.1540e+05   2.39e-23
  5.3315e+05   2.27e-23
  5.5150e+05   2.15e-23
  5.7050e+05   2.03e-23
  5.9014e+05   1.93e-23
  6.1046e+05   1.82e-23
  6.3148e+05   1.73e-23
  6.5322e+05   1.64e-23
  6.7572e+05   1.55e-23
  6.9898e+05   1.47e-23
  7.2305e+05   1.39e-23
  7.4795e+05   1.32e-23
  7.7371e+05   1.25e-23
  8.0035e+05   1.18e-23
  8.2791e+05   1.12e-23
  8.5641e+05   1.06e-23
  8.8590e+05   1.01e-23
  9.1641e+05   9.54e-24
  9.4796e+05   9.05e-24
  9.8061e+05   8.58e-24
  1.0144e+06   8.14e-24
  1.0493e+06   7.72e-24
  1.0854e+06   7.32e-24
  1.1228e+06   6.95e-24
  1.1615e+06   6.60e-24
  1.2015e+06   6.26e-24
  1.2428e+06   5.95e-24
  1.2856e+06   5.65e-24
  1.3299e+06   5.37e-24
  1.3757e+06   5.10e-24
  1.4231e+06   4.85e-24
  1.4721e+06   4.61e-24
  1.5228e+06   4.38e-24
  1.5752e+06   4.16e-24
  1.6294e+06   3.96e-24
  1.6855e+06   3.77e-24
  1.7436e+06   3.59e-24
  1.8036e+06   3.42e-24
  1.8657e+06   3.26e-24
  1.9300e+06   3.10e-24
  1.9964e+06   2.96e-24
  2.0652e+06   2.82e-24
  2.1363e+06   2.69e-24
  2.2098e+06   2.56e-24
  2.2859e+06   2.44e-24
  2.3646e+06   2.33e-24
  2.4461e+06   2.22e-24
  2.5303e+06   2.12e-24
  2.6174e+06   2.03e-24
  2.7075e+06   1.94e-24
  2.8008e+06   1.85e-24
  2.8972e+06   1.76e-24
  2.9970e+06   1.69e-24
  3.1002e+06   1.61e-24
  3.2069e+06   1.54e-24
  3.3173e+06   1.47e-24
  3.4316e+06   1.40e-24
  3.5497e+06   1.34e-24
  3.6720e+06   1.28e-24
  3.7984e+06   1.23e-24
  3.9292e+06   1.17e-24
  4.0645e+06   1.12e-24
  4.2044e+06   1.07e-24
  4.3492e+06   1.02e-24
  4.4990e+06   9.79e-25
  4.6539e+06   9.36e-25
  4.8141e+06   8.94e-25
  4.9799e+06   8.54e-25
  5.1514e+06   8.15e-25
  5.3288e+06   7.78e-25
  5.5123e+06   7.42e-25
  5.7021e+06   7.08e-25
  5.8984e+06   6.76e-25
  6.1015e+06   6.44e-25
  6.3116e+06   6.14e-25
  6.5289e+06   5.85e-25
  6.7538e+06   5.58e-25
  6.9863e+06   5.31e-25
  7.2269e+06   5.05e-25
  7.4757e+06   4.81e-25
  7.7331e+06   4.57e-25
  7.9994e+06   4.34e-25
  8.2749e+06   4.12e-25
  8.5598e+06   3.91e-25
  8.8546e+06   3.71e-25
  9.1594e+06   3.52e-25
  9.4748e+06   3.33e-25
  9.8011e+06   3.15e-25
  1.0139e+07   2.98e-25
  1.0488e+07   2.81e-25
  1.0849e+07   2.65e-25
  1.1222e+07   2.50e-25
  1.1609e+07   2.35e-25
  1.2009e+07   2.20e-25
  1.2422e+07   2.07e-25
  1.2850e+07   1.93e-25
  1.3292e+07   1.81e-25
  1.3750e+07   1.69e-25
  1.4223e+07   1.57e-25
  1.4713e+07   1.46e-25
  1.5220e+07   1.35e-25
  1.5744e+07   1.25e-25
  1.6286e+07   1.15e-25
  1.6847e+07   1.06e-25
  1.7427e+07   9.67e-26
  1.8027e+07   8.82e-26
  1.8648e+07   8.00e-26
  1.9290e+07   7.22e-26
  1.9954e+07   6.48e-26
  2.0641e+07   5.77e-26
  2.1352e+07   5.11e-26
  2.2087e+07   4.48e-26
  2.2848e+07   3.89e-26
  2.3634e+07   3.34e-26
  2.4448e+07   2.83e-26
  2.5290e+07   2.37e-26
