#  E [MeV]   Flux [# cm^{-2} s^{-1}  MeV^{-1}]
  3.0000e+04   6.88e-24
  3.1051e+04   6.64e-24
  3.2139e+04   6.40e-24
  3.3266e+04   6.18e-24
  3.4432e+04   5.96e-24
  3.5638e+04   5.75e-24
  3.6887e+04   5.54e-24
  3.8180e+04   5.34e-24
  3.9518e+04   5.15e-24
  4.0903e+04   4.96e-24
  4.2336e+04   4.78e-24
  4.3820e+04   4.61e-24
  4.5355e+04   4.44e-24
  4.6945e+04   4.28e-24
  4.8590e+04   4.12e-24
  5.0293e+04   3.97e-24
  5.2055e+04   3.82e-24
  5.3879e+04   3.68e-24
  5.5767e+04   3.54e-24
  5.7722e+04   3.41e-24
  5.9745e+04   3.28e-24
  6.1838e+04   3.16e-24
  6.4005e+04   3.04e-24
  6.6248e+04   2.92e-24
  6.8570e+04   2.81e-24
  7.0973e+04   2.70e-24
  7.3460e+04   2.60e-24
  7.6034e+04   2.50e-24
  7.8699e+04   2.40e-24
  8.1457e+04   2.30e-24
  8.4311e+04   2.21e-24
  8.7266e+04   2.12e-24
  9.0324e+04   2.04e-24
  9.3490e+04   1.96e-24
  9.6766e+04   1.88e-24
  1.0016e+05   1.80e-24
  1.0367e+05   1.73e-24
  1.0730e+05   1.65e-24
  1.1106e+05   1.58e-24
  1.1495e+05   1.52e-24
  1.1898e+05   1.45e-24
  1.2315e+05   1.39e-24
  1.2747e+05   1.33e-24
  1.3193e+05   1.27e-24
  1.3656e+05   1.22e-24
  1.4134e+05   1.17e-24
  1.4629e+05   1.11e-24
  1.5142e+05   1.06e-24
  1.5673e+05   1.02e-24
  1.6222e+05   9.70e-25
  1.6790e+05   9.26e-25
  1.7379e+05   8.83e-25
  1.7988e+05   8.42e-25
  1.8618e+05   8.02e-25
  1.9271e+05   7.64e-25
  1.9946e+05   7.28e-25
  2.0645e+05   6.93e-25
  2.1369e+05   6.59e-25
  2.2117e+05   6.27e-25
  2.2892e+05   5.96e-25
  2.3695e+05   5.66e-25
  2.4525e+05   5.37e-25
  2.5385e+05   5.10e-25
  2.6274e+05   4.84e-25
  2.7195e+05   4.59e-25
  2.8148e+05   4.35e-25
  2.9134e+05   4.12e-25
  3.0155e+05   3.90e-25
  3.1212e+05   3.69e-25
  3.2306e+05   3.49e-25
  3.3438e+05   3.30e-25
  3.4610e+05   3.12e-25
  3.5823e+05   2.94e-25
  3.7078e+05   2.78e-25
  3.8377e+05   2.62e-25
  3.9722e+05   2.47e-25
  4.1114e+05   2.33e-25
  4.2555e+05   2.19e-25
  4.4046e+05   2.06e-25
  4.5590e+05   1.94e-25
  4.7188e+05   1.82e-25
  4.8841e+05   1.71e-25
  5.0553e+05   1.61e-25
  5.2324e+05   1.51e-25
  5.4158e+05   1.42e-25
  5.6056e+05   1.33e-25
  5.8020e+05   1.25e-25
  6.0054e+05   1.17e-25
  6.2158e+05   1.10e-25
  6.4337e+05   1.03e-25
  6.6591e+05   9.60e-26
  6.8925e+05   8.97e-26
  7.1340e+05   8.38e-26
  7.3840e+05   7.82e-26
  7.6428e+05   7.30e-26
  7.9106e+05   6.80e-26
  8.1878e+05   6.34e-26
  8.4748e+05   5.91e-26
  8.7718e+05   5.49e-26
  9.0792e+05   5.11e-26
  9.3973e+05   4.75e-26
  9.7267e+05   4.41e-26
  1.0068e+06   4.10e-26
  1.0420e+06   3.81e-26
  1.0785e+06   3.53e-26
  1.1163e+06   3.27e-26
  1.1555e+06   3.03e-26
  1.1960e+06   2.81e-26
  1.2379e+06   2.59e-26
  1.2813e+06   2.40e-26
  1.3262e+06   2.22e-26
  1.3726e+06   2.05e-26
  1.4207e+06   1.89e-26
  1.4705e+06   1.74e-26
  1.5220e+06   1.61e-26
  1.5754e+06   1.48e-26
  1.6306e+06   1.36e-26
  1.6877e+06   1.25e-26
  1.7469e+06   1.15e-26
  1.8081e+06   1.05e-26
  1.8715e+06   9.67e-27
  1.9370e+06   8.86e-27
  2.0049e+06   8.11e-27
  2.0752e+06   7.43e-27
  2.1479e+06   6.79e-27
  2.2232e+06   6.19e-27
  2.3011e+06   5.66e-27
  2.3817e+06   5.17e-27
  2.4652e+06   4.70e-27
  2.5516e+06   4.28e-27
  2.6410e+06   3.90e-27
  2.7336e+06   3.54e-27
  2.8294e+06   3.21e-27
  2.9285e+06   2.92e-27
  3.0311e+06   2.64e-27
  3.1374e+06   2.38e-27
  3.2473e+06   2.16e-27
  3.3611e+06   1.95e-27
  3.4789e+06   1.76e-27
  3.6008e+06   1.59e-27
  3.7270e+06   1.43e-27
  3.8576e+06   1.29e-27
  3.9928e+06   1.15e-27
  4.1327e+06   1.04e-27
  4.2775e+06   9.31e-28
  4.4274e+06   8.30e-28
  4.5826e+06   7.47e-28
  4.7432e+06   6.68e-28
  4.9094e+06   5.94e-28
  5.0815e+06   5.31e-28
  5.2595e+06   4.74e-28
  5.4438e+06   4.21e-28
  5.6346e+06   3.73e-28
  5.8321e+06   3.32e-28
  6.0365e+06   2.94e-28
  6.2480e+06   2.59e-28
  6.4670e+06   2.30e-28
  6.6936e+06   2.03e-28
  6.9282e+06   1.78e-28
  7.1709e+06   1.57e-28
  7.4222e+06   1.39e-28
  7.6823e+06   1.22e-28
  7.9516e+06   1.06e-28
  8.2302e+06   9.36e-29
  8.5186e+06   8.17e-29
  8.8172e+06   7.07e-29
  9.1262e+06   6.22e-29
  9.4460e+06   5.42e-29
  9.7770e+06   4.68e-29
  1.0120e+07   4.07e-29
  1.0474e+07   3.54e-29
  1.0841e+07   3.05e-29
  1.1221e+07   2.62e-29
  1.1614e+07   2.28e-29
  1.2022e+07   1.96e-29
  1.2443e+07   1.66e-29
  1.2879e+07   1.43e-29
  1.3330e+07   1.22e-29
  1.3797e+07   1.03e-29
  1.4281e+07   8.76e-30
  1.4781e+07   7.46e-30
  1.5299e+07   6.27e-30
  1.5835e+07   5.25e-30
  1.6390e+07   4.45e-30
  1.6965e+07   3.73e-30
  1.7559e+07   3.08e-30
  1.8175e+07   2.61e-30
  1.8812e+07   2.19e-30
  1.9471e+07   1.81e-30
  2.0153e+07   1.51e-30
  2.0859e+07   1.26e-30
  2.1590e+07   1.03e-30
  2.2347e+07   8.41e-31
  2.3130e+07   6.88e-31
  2.3941e+07   5.53e-31
  2.4780e+07   4.36e-31
  2.5648e+07   3.42e-31
  2.6547e+07   2.61e-31
  2.7477e+07   1.94e-31
  2.8440e+07   1.40e-31
