#  E [MeV]   Flux [# cm^{-2} s^{-1}  MeV^{-1}]
  3.0000e+04   8.68e-26
  3.1141e+04   8.36e-26
  3.2326e+04   8.04e-26
  3.3556e+04   7.73e-26
  3.4832e+04   7.43e-26
  3.6157e+04   7.15e-26
  3.7533e+04   6.87e-26
  3.8961e+04   6.60e-26
  4.0443e+04   6.34e-26
  4.1982e+04   6.09e-26
  4.3579e+04   5.85e-26
  4.5237e+04   5.62e-26
  4.6958e+04   5.39e-26
  4.8744e+04   5.17e-26
  5.0598e+04   4.96e-26
  5.2523e+04   4.76e-26
  5.4521e+04   4.56e-26
  5.6596e+04   4.38e-26
  5.8749e+04   4.19e-26
  6.0984e+04   4.02e-26
  6.3304e+04   3.85e-26
  6.5712e+04   3.69e-26
  6.8212e+04   3.53e-26
  7.0807e+04   3.38e-26
  7.3500e+04   3.24e-26
  7.6297e+04   3.10e-26
  7.9199e+04   2.97e-26
  8.2212e+04   2.84e-26
  8.5340e+04   2.71e-26
  8.8586e+04   2.59e-26
  9.1956e+04   2.48e-26
  9.5455e+04   2.37e-26
  9.9086e+04   2.26e-26
  1.0286e+05   2.16e-26
  1.0677e+05   2.06e-26
  1.1083e+05   1.97e-26
  1.1505e+05   1.88e-26
  1.1942e+05   1.79e-26
  1.2397e+05   1.71e-26
  1.2868e+05   1.63e-26
  1.3358e+05   1.55e-26
  1.3866e+05   1.48e-26
  1.4394e+05   1.41e-26
  1.4941e+05   1.34e-26
  1.5509e+05   1.28e-26
  1.6100e+05   1.22e-26
  1.6712e+05   1.16e-26
  1.7348e+05   1.10e-26
  1.8008e+05   1.05e-26
  1.8693e+05   9.96e-27
  1.9404e+05   9.46e-27
  2.0142e+05   8.99e-27
  2.0908e+05   8.54e-27
  2.1704e+05   8.11e-27
  2.2529e+05   7.70e-27
  2.3387e+05   7.31e-27
  2.4276e+05   6.94e-27
  2.5200e+05   6.58e-27
  2.6158e+05   6.24e-27
  2.7154e+05   5.92e-27
  2.8187e+05   5.61e-27
  2.9259e+05   5.31e-27
  3.0372e+05   5.03e-27
  3.1527e+05   4.77e-27
  3.2727e+05   4.51e-27
  3.3972e+05   4.27e-27
  3.5264e+05   4.04e-27
  3.6606e+05   3.82e-27
  3.7998e+05   3.61e-27
  3.9444e+05   3.42e-27
  4.0945e+05   3.23e-27
  4.2502e+05   3.05e-27
  4.4119e+05   2.88e-27
  4.5798e+05   2.72e-27
  4.7540e+05   2.57e-27
  4.9348e+05   2.43e-27
  5.1226e+05   2.29e-27
  5.3175e+05   2.16e-27
  5.5198e+05   2.04e-27
  5.7297e+05   1.92e-27
  5.9477e+05   1.81e-27
  6.1740e+05   1.71e-27
  6.4089e+05   1.61e-27
  6.6527e+05   1.52e-27
  6.9058e+05   1.43e-27
  7.1685e+05   1.35e-27
  7.4412e+05   1.27e-27
  7.7243e+05   1.19e-27
  8.0181e+05   1.12e-27
  8.3232e+05   1.06e-27
  8.6398e+05   9.97e-28
  8.9685e+05   9.39e-28
  9.3097e+05   8.84e-28
  9.6638e+05   8.33e-28
  1.0031e+06   7.84e-28
  1.0413e+06   7.38e-28
  1.0809e+06   6.95e-28
  1.1220e+06   6.54e-28
  1.1647e+06   6.16e-28
  1.2090e+06   5.80e-28
  1.2550e+06   5.46e-28
  1.3028e+06   5.14e-28
  1.3523e+06   4.84e-28
  1.4038e+06   4.55e-28
  1.4572e+06   4.29e-28
  1.5126e+06   4.04e-28
  1.5702e+06   3.81e-28
  1.6299e+06   3.59e-28
  1.6919e+06   3.38e-28
  1.7563e+06   3.19e-28
  1.8231e+06   3.01e-28
  1.8925e+06   2.83e-28
  1.9645e+06   2.67e-28
  2.0392e+06   2.52e-28
  2.1168e+06   2.38e-28
  2.1973e+06   2.24e-28
  2.2809e+06   2.12e-28
  2.3677e+06   2.00e-28
  2.4577e+06   1.89e-28
  2.5512e+06   1.78e-28
  2.6483e+06   1.68e-28
  2.7490e+06   1.59e-28
  2.8536e+06   1.50e-28
  2.9622e+06   1.42e-28
  3.0749e+06   1.34e-28
  3.1918e+06   1.27e-28
  3.3133e+06   1.20e-28
  3.4393e+06   1.14e-28
  3.5702e+06   1.08e-28
  3.7060e+06   1.02e-28
  3.8470e+06   9.65e-29
  3.9933e+06   9.14e-29
  4.1452e+06   8.67e-29
  4.3029e+06   8.21e-29
  4.4666e+06   7.78e-29
  4.6366e+06   7.38e-29
  4.8129e+06   7.00e-29
  4.9960e+06   6.63e-29
  5.1861e+06   6.30e-29
  5.3834e+06   5.97e-29
  5.5882e+06   5.67e-29
  5.8008e+06   5.38e-29
  6.0215e+06   5.11e-29
  6.2506e+06   4.85e-29
  6.4883e+06   4.60e-29
  6.7352e+06   4.37e-29
  6.9914e+06   4.15e-29
  7.2574e+06   3.94e-29
  7.5335e+06   3.74e-29
  7.8201e+06   3.55e-29
  8.1176e+06   3.37e-29
  8.4264e+06   3.19e-29
  8.7470e+06   3.03e-29
  9.0797e+06   2.87e-29
  9.4251e+06   2.72e-29
  9.7837e+06   2.57e-29
  1.0156e+07   2.43e-29
  1.0542e+07   2.30e-29
  1.0943e+07   2.18e-29
  1.1360e+07   2.06e-29
  1.1792e+07   1.94e-29
  1.2240e+07   1.83e-29
  1.2706e+07   1.72e-29
  1.3189e+07   1.62e-29
  1.3691e+07   1.52e-29
  1.4212e+07   1.42e-29
  1.4753e+07   1.33e-29
  1.5314e+07   1.24e-29
  1.5897e+07   1.15e-29
  1.6501e+07   1.07e-29
  1.7129e+07   9.91e-30
  1.7781e+07   9.14e-30
  1.8457e+07   8.40e-30
  1.9159e+07   7.68e-30
  1.9888e+07   7.00e-30
  2.0645e+07   6.33e-30
  2.1430e+07   5.70e-30
  2.2245e+07   5.09e-30
  2.3092e+07   4.50e-30
  2.3970e+07   3.95e-30
  2.4882e+07   3.42e-30
  2.5829e+07   2.93e-30
  2.6811e+07   2.47e-30
  2.7831e+07   2.04e-30
  2.8890e+07   1.65e-30
  2.9989e+07   1.30e-30
  3.1130e+07   9.93e-31
  3.2314e+07   7.30e-31
  3.3544e+07   5.13e-31
  3.4820e+07   3.41e-31
  3.6144e+07   2.12e-31
  3.7519e+07   1.21e-31
  3.8947e+07   6.20e-32
  4.0428e+07   2.80e-32
  4.1966e+07   1.07e-32
  4.3563e+07   3.33e-33
  4.5220e+07   7.93e-34
  4.6941e+07   1.34e-34
  4.8726e+07   1.45e-35
  5.0580e+07   8.81e-37
