#  E [MeV]   Flux [# cm^{-2} s^{-1}  MeV^{-1}]
  3.0000e+04   2.64e-19
  3.0765e+04   2.54e-19
  3.1549e+04   2.45e-19
  3.2354e+04   2.35e-19
  3.3179e+04   2.27e-19
  3.4025e+04   2.18e-19
  3.4892e+04   2.10e-19
  3.5782e+04   2.02e-19
  3.6695e+04   1.94e-19
  3.7630e+04   1.87e-19
  3.8590e+04   1.79e-19
  3.9574e+04   1.72e-19
  4.0583e+04   1.66e-19
  4.1618e+04   1.59e-19
  4.2679e+04   1.53e-19
  4.3767e+04   1.47e-19
  4.4883e+04   1.41e-19
  4.6028e+04   1.35e-19
  4.7201e+04   1.30e-19
  4.8405e+04   1.25e-19
  4.9639e+04   1.20e-19
  5.0905e+04   1.15e-19
  5.2203e+04   1.10e-19
  5.3534e+04   1.05e-19
  5.4899e+04   1.01e-19
  5.6299e+04   9.69e-20
  5.7734e+04   9.29e-20
  5.9207e+04   8.89e-20
  6.0716e+04   8.52e-20
  6.2264e+04   8.16e-20
  6.3852e+04   7.81e-20
  6.5480e+04   7.48e-20
  6.7150e+04   7.15e-20
  6.8862e+04   6.85e-20
  7.0618e+04   6.55e-20
  7.2419e+04   6.26e-20
  7.4265e+04   5.98e-20
  7.6159e+04   5.72e-20
  7.8101e+04   5.47e-20
  8.0092e+04   5.22e-20
  8.2135e+04   4.99e-20
  8.4229e+04   4.76e-20
  8.6377e+04   4.54e-20
  8.8579e+04   4.34e-20
  9.0838e+04   4.14e-20
  9.3154e+04   3.94e-20
  9.5529e+04   3.76e-20
  9.7965e+04   3.58e-20
  1.0046e+05   3.41e-20
  1.0303e+05   3.25e-20
  1.0565e+05   3.09e-20
  1.0835e+05   2.94e-20
  1.1111e+05   2.80e-20
  1.1394e+05   2.66e-20
  1.1685e+05   2.53e-20
  1.1983e+05   2.40e-20
  1.2288e+05   2.28e-20
  1.2602e+05   2.17e-20
  1.2923e+05   2.05e-20
  1.3252e+05   1.95e-20
  1.3590e+05   1.85e-20
  1.3937e+05   1.75e-20
  1.4292e+05   1.66e-20
  1.4657e+05   1.57e-20
  1.5030e+05   1.49e-20
  1.5414e+05   1.41e-20
  1.5807e+05   1.33e-20
  1.6210e+05   1.26e-20
  1.6623e+05   1.19e-20
  1.7047e+05   1.12e-20
  1.7482e+05   1.06e-20
  1.7927e+05   9.98e-21
  1.8384e+05   9.41e-21
  1.8853e+05   8.86e-21
  1.9334e+05   8.35e-21
  1.9827e+05   7.86e-21
  2.0333e+05   7.40e-21
  2.0851e+05   6.95e-21
  2.1383e+05   6.53e-21
  2.1928e+05   6.13e-21
  2.2487e+05   5.76e-21
  2.3060e+05   5.39e-21
  2.3648e+05   5.04e-21
  2.4251e+05   4.73e-21
  2.4870e+05   4.43e-21
  2.5504e+05   4.14e-21
  2.6154e+05   3.86e-21
  2.6821e+05   3.60e-21
  2.7505e+05   3.37e-21
  2.8206e+05   3.14e-21
  2.8926e+05   2.93e-21
  2.9663e+05   2.72e-21
  3.0420e+05   2.53e-21
  3.1195e+05   2.36e-21
  3.1991e+05   2.19e-21
  3.2806e+05   2.03e-21
  3.3643e+05   1.88e-21
  3.4501e+05   1.75e-21
  3.5381e+05   1.62e-21
  3.6283e+05   1.50e-21
  3.7208e+05   1.38e-21
  3.8157e+05   1.28e-21
  3.9130e+05   1.18e-21
  4.0127e+05   1.09e-21
  4.1150e+05   1.00e-21
  4.2200e+05   9.22e-22
  4.3276e+05   8.51e-22
  4.4379e+05   7.83e-22
  4.5511e+05   7.18e-22
  4.6671e+05   6.57e-22
  4.7861e+05   6.02e-22
  4.9082e+05   5.53e-22
  5.0333e+05   5.07e-22
  5.1617e+05   4.63e-22
  5.2933e+05   4.21e-22
  5.4283e+05   3.86e-22
  5.5667e+05   3.53e-22
  5.7086e+05   3.22e-22
  5.8542e+05   2.92e-22
  6.0035e+05   2.66e-22
  6.1565e+05   2.43e-22
  6.3135e+05   2.21e-22
  6.4745e+05   2.00e-22
  6.6396e+05   1.81e-22
  6.8089e+05   1.65e-22
  6.9825e+05   1.50e-22
  7.1606e+05   1.36e-22
  7.3432e+05   1.22e-22
  7.5304e+05   1.10e-22
  7.7224e+05   1.00e-22
  7.9193e+05   9.09e-23
  8.1213e+05   8.20e-23
  8.3283e+05   7.36e-23
  8.5407e+05   6.65e-23
  8.7585e+05   6.02e-23
  8.9818e+05   5.43e-23
  9.2108e+05   4.87e-23
  9.4457e+05   4.35e-23
  9.6866e+05   3.95e-23
  9.9336e+05   3.56e-23
  1.0187e+06   3.20e-23
  1.0447e+06   2.86e-23
  1.0713e+06   2.57e-23
  1.0986e+06   2.32e-23
  1.1266e+06   2.09e-23
  1.1554e+06   1.87e-23
  1.1848e+06   1.67e-23
  1.2150e+06   1.51e-23
  1.2460e+06   1.36e-23
  1.2778e+06   1.22e-23
  1.3104e+06   1.09e-23
  1.3438e+06   9.76e-24
  1.3780e+06   8.83e-24
  1.4132e+06   7.96e-24
  1.4492e+06   7.13e-24
  1.4862e+06   6.36e-24
  1.5241e+06   5.75e-24
  1.5629e+06   5.21e-24
  1.6028e+06   4.69e-24
  1.6436e+06   4.21e-24
  1.6856e+06   3.77e-24
  1.7285e+06   3.44e-24
  1.7726e+06   3.12e-24
  1.8178e+06   2.83e-24
  1.8642e+06   2.54e-24
  1.9117e+06   2.31e-24
  1.9604e+06   2.11e-24
  2.0104e+06   1.93e-24
  2.0617e+06   1.75e-24
  2.1143e+06   1.58e-24
  2.1682e+06   1.46e-24
  2.2235e+06   1.34e-24
  2.2802e+06   1.23e-24
  2.3383e+06   1.12e-24
  2.3979e+06   1.03e-24
  2.4591e+06   9.52e-25
  2.5218e+06   8.78e-25
  2.5861e+06   8.08e-25
  2.6520e+06   7.41e-25
  2.7196e+06   6.89e-25
  2.7890e+06   6.39e-25
  2.8601e+06   5.92e-25
  2.9330e+06   5.47e-25
  3.0078e+06   5.07e-25
  3.0845e+06   4.72e-25
  3.1632e+06   4.39e-25
  3.2438e+06   4.07e-25
  3.3265e+06   3.77e-25
  3.4113e+06   3.50e-25
  3.4983e+06   3.25e-25
  3.5875e+06   3.00e-25
  3.6790e+06   2.77e-25
  3.7728e+06   2.55e-25
  3.8690e+06   2.35e-25
  3.9677e+06   2.15e-25
  4.0689e+06   1.97e-25
  4.1726e+06   1.80e-25
  4.2790e+06   1.66e-25
  4.3881e+06   1.54e-25
  4.5000e+06   1.43e-25
