#  E [MeV]   Flux [# cm^{-2} s^{-1}  MeV^{-1}]
  3.0000e+04   4.78e-25
  3.1141e+04   4.58e-25
  3.2326e+04   4.40e-25
  3.3556e+04   4.22e-25
  3.4832e+04   4.05e-25
  3.6157e+04   3.88e-25
  3.7533e+04   3.72e-25
  3.8961e+04   3.57e-25
  4.0443e+04   3.42e-25
  4.1982e+04   3.28e-25
  4.3579e+04   3.14e-25
  4.5237e+04   3.01e-25
  4.6958e+04   2.89e-25
  4.8744e+04   2.77e-25
  5.0598e+04   2.65e-25
  5.2523e+04   2.54e-25
  5.4521e+04   2.43e-25
  5.6596e+04   2.33e-25
  5.8749e+04   2.23e-25
  6.0984e+04   2.14e-25
  6.3304e+04   2.05e-25
  6.5712e+04   1.96e-25
  6.8212e+04   1.88e-25
  7.0807e+04   1.80e-25
  7.3500e+04   1.72e-25
  7.6297e+04   1.65e-25
  7.9199e+04   1.57e-25
  8.2212e+04   1.51e-25
  8.5340e+04   1.44e-25
  8.8586e+04   1.38e-25
  9.1956e+04   1.32e-25
  9.5455e+04   1.26e-25
  9.9086e+04   1.20e-25
  1.0286e+05   1.15e-25
  1.0677e+05   1.10e-25
  1.1083e+05   1.05e-25
  1.1505e+05   1.00e-25
  1.1942e+05   9.55e-26
  1.2397e+05   9.11e-26
  1.2868e+05   8.69e-26
  1.3358e+05   8.29e-26
  1.3866e+05   7.91e-26
  1.4394e+05   7.54e-26
  1.4941e+05   7.18e-26
  1.5509e+05   6.84e-26
  1.6100e+05   6.51e-26
  1.6712e+05   6.20e-26
  1.7348e+05   5.90e-26
  1.8008e+05   5.61e-26
  1.8693e+05   5.33e-26
  1.9404e+05   5.07e-26
  2.0142e+05   4.81e-26
  2.0908e+05   4.57e-26
  2.1704e+05   4.33e-26
  2.2529e+05   4.11e-26
  2.3387e+05   3.90e-26
  2.4276e+05   3.69e-26
  2.5200e+05   3.49e-26
  2.6158e+05   3.31e-26
  2.7154e+05   3.13e-26
  2.8187e+05   2.96e-26
  2.9259e+05   2.80e-26
  3.0372e+05   2.64e-26
  3.1527e+05   2.49e-26
  3.2727e+05   2.35e-26
  3.3972e+05   2.21e-26
  3.5264e+05   2.08e-26
  3.6606e+05   1.96e-26
  3.7998e+05   1.84e-26
  3.9444e+05   1.73e-26
  4.0945e+05   1.62e-26
  4.2502e+05   1.52e-26
  4.4119e+05   1.42e-26
  4.5798e+05   1.33e-26
  4.7540e+05   1.25e-26
  4.9348e+05   1.17e-26
  5.1226e+05   1.09e-26
  5.3175e+05   1.02e-26
  5.5198e+05   9.51e-27
  5.7297e+05   8.87e-27
  5.9477e+05   8.27e-27
  6.1740e+05   7.70e-27
  6.4089e+05   7.17e-27
  6.6527e+05   6.67e-27
  6.9058e+05   6.20e-27
  7.1685e+05   5.76e-27
  7.4412e+05   5.35e-27
  7.7243e+05   4.96e-27
  8.0181e+05   4.61e-27
  8.3232e+05   4.27e-27
  8.6398e+05   3.96e-27
  8.9685e+05   3.67e-27
  9.3097e+05   3.41e-27
  9.6638e+05   3.15e-27
  1.0031e+06   2.92e-27
  1.0413e+06   2.71e-27
  1.0809e+06   2.50e-27
  1.1220e+06   2.32e-27
  1.1647e+06   2.15e-27
  1.2090e+06   1.98e-27
  1.2550e+06   1.84e-27
  1.3028e+06   1.70e-27
  1.3523e+06   1.57e-27
  1.4038e+06   1.45e-27
  1.4572e+06   1.34e-27
  1.5126e+06   1.24e-27
  1.5702e+06   1.14e-27
  1.6299e+06   1.05e-27
  1.6919e+06   9.72e-28
  1.7563e+06   8.98e-28
  1.8231e+06   8.28e-28
  1.8925e+06   7.63e-28
  1.9645e+06   7.04e-28
  2.0392e+06   6.48e-28
  2.1168e+06   5.97e-28
  2.1973e+06   5.49e-28
  2.2809e+06   5.06e-28
  2.3677e+06   4.65e-28
  2.4577e+06   4.27e-28
  2.5512e+06   3.92e-28
  2.6483e+06   3.60e-28
  2.7490e+06   3.30e-28
  2.8536e+06   3.02e-28
  2.9622e+06   2.77e-28
  3.0749e+06   2.53e-28
  3.1918e+06   2.31e-28
  3.3133e+06   2.11e-28
  3.4393e+06   1.92e-28
  3.5702e+06   1.75e-28
  3.7060e+06   1.59e-28
  3.8470e+06   1.45e-28
  3.9933e+06   1.31e-28
  4.1452e+06   1.19e-28
  4.3029e+06   1.08e-28
  4.4666e+06   9.74e-29
  4.6366e+06   8.79e-29
  4.8129e+06   7.90e-29
  4.9960e+06   7.12e-29
  5.1861e+06   6.39e-29
  5.3834e+06   5.71e-29
  5.5882e+06   5.11e-29
  5.8008e+06   4.56e-29
  6.0215e+06   4.05e-29
  6.2506e+06   3.60e-29
  6.4883e+06   3.20e-29
  6.7352e+06   2.82e-29
  6.9914e+06   2.49e-29
  7.2574e+06   2.19e-29
  7.5335e+06   1.91e-29
  7.8201e+06   1.67e-29
  8.1176e+06   1.46e-29
  8.4264e+06   1.26e-29
  8.7470e+06   1.09e-29
  9.0797e+06   9.38e-30
  9.4251e+06   8.02e-30
  9.7837e+06   6.82e-30
  1.0156e+07   5.80e-30
  1.0542e+07   4.88e-30
  1.0943e+07   4.08e-30
  1.1360e+07   3.41e-30
  1.1792e+07   2.81e-30
  1.2240e+07   2.30e-30
  1.2706e+07   1.88e-30
  1.3189e+07   1.51e-30
  1.3691e+07   1.20e-30
  1.4212e+07   9.52e-31
  1.4753e+07   7.41e-31
  1.5314e+07   5.66e-31
  1.5897e+07   4.30e-31
  1.6501e+07   3.20e-31
  1.7129e+07   2.31e-31
  1.7781e+07   1.66e-31
  1.8457e+07   1.15e-31
  1.9159e+07   7.70e-32
  1.9888e+07   5.05e-32
  2.0645e+07   3.17e-32
  2.1430e+07   1.90e-32
  2.2245e+07   1.09e-32
  2.3092e+07   5.83e-33
  2.3970e+07   2.90e-33
  2.4882e+07   1.34e-33
  2.5829e+07   5.57e-34
  2.6811e+07   2.05e-34
  2.7831e+07   6.60e-35
  2.8890e+07   1.79e-35
  2.9989e+07   3.95e-36
  3.1130e+07   6.90e-37
  3.2314e+07   8.96e-38
  3.3544e+07   8.02e-39
  3.4820e+07   4.64e-40
  3.6144e+07   1.56e-41
  3.7519e+07   2.59e-43
  3.8947e+07   1.87e-45
  4.0428e+07   4.70e-48
  4.1966e+07   2.89e-51
  4.3563e+07   3.28e-55
  4.5220e+07   4.17e-60
  4.6941e+07   2.51e-66
  4.8726e+07   6.60e-70
  5.0580e+07   8.35e-70
