#  E [MeV]   Flux [# cm^{-2} s^{-1}  MeV^{-1}]
  3.0000e+04   7.59e-19
  3.0589e+04   7.33e-19
  3.1190e+04   7.07e-19
  3.1803e+04   6.82e-19
  3.2428e+04   6.58e-19
  3.3065e+04   6.35e-19
  3.3714e+04   6.12e-19
  3.4376e+04   5.90e-19
  3.5052e+04   5.69e-19
  3.5740e+04   5.48e-19
  3.6442e+04   5.28e-19
  3.7158e+04   5.09e-19
  3.7888e+04   4.90e-19
  3.8632e+04   4.71e-19
  3.9391e+04   4.54e-19
  4.0165e+04   4.37e-19
  4.0954e+04   4.20e-19
  4.1758e+04   4.04e-19
  4.2579e+04   3.89e-19
  4.3415e+04   3.74e-19
  4.4268e+04   3.59e-19
  4.5138e+04   3.46e-19
  4.6024e+04   3.32e-19
  4.6928e+04   3.19e-19
  4.7850e+04   3.06e-19
  4.8790e+04   2.94e-19
  4.9749e+04   2.82e-19
  5.0726e+04   2.71e-19
  5.1722e+04   2.60e-19
  5.2738e+04   2.50e-19
  5.3774e+04   2.40e-19
  5.4831e+04   2.30e-19
  5.5908e+04   2.20e-19
  5.7006e+04   2.11e-19
  5.8126e+04   2.02e-19
  5.9268e+04   1.94e-19
  6.0432e+04   1.86e-19
  6.1619e+04   1.78e-19
  6.2829e+04   1.70e-19
  6.4064e+04   1.63e-19
  6.5322e+04   1.56e-19
  6.6605e+04   1.49e-19
  6.7913e+04   1.43e-19
  6.9248e+04   1.36e-19
  7.0608e+04   1.30e-19
  7.1995e+04   1.24e-19
  7.3409e+04   1.19e-19
  7.4851e+04   1.14e-19
  7.6321e+04   1.08e-19
  7.7821e+04   1.03e-19
  7.9349e+04   9.85e-20
  8.0908e+04   9.40e-20
  8.2497e+04   8.96e-20
  8.4118e+04   8.54e-20
  8.5770e+04   8.13e-20
  8.7455e+04   7.74e-20
  8.9173e+04   7.37e-20
  9.0925e+04   7.02e-20
  9.2711e+04   6.69e-20
  9.4532e+04   6.36e-20
  9.6389e+04   6.04e-20
  9.8283e+04   5.74e-20
  1.0021e+05   5.45e-20
  1.0218e+05   5.19e-20
  1.0419e+05   4.93e-20
  1.0624e+05   4.68e-20
  1.0832e+05   4.44e-20
  1.1045e+05   4.20e-20
  1.1262e+05   3.99e-20
  1.1483e+05   3.79e-20
  1.1709e+05   3.59e-20
  1.1939e+05   3.40e-20
  1.2173e+05   3.22e-20
  1.2412e+05   3.04e-20
  1.2656e+05   2.88e-20
  1.2905e+05   2.73e-20
  1.3158e+05   2.58e-20
  1.3417e+05   2.44e-20
  1.3680e+05   2.31e-20
  1.3949e+05   2.17e-20
  1.4223e+05   2.06e-20
  1.4503e+05   1.94e-20
  1.4787e+05   1.83e-20
  1.5078e+05   1.73e-20
  1.5374e+05   1.63e-20
  1.5676e+05   1.53e-20
  1.5984e+05   1.44e-20
  1.6298e+05   1.36e-20
  1.6618e+05   1.28e-20
  1.6945e+05   1.21e-20
  1.7278e+05   1.13e-20
  1.7617e+05   1.06e-20
  1.7963e+05   1.00e-20
  1.8316e+05   9.42e-21
  1.8676e+05   8.85e-21
  1.9042e+05   8.30e-21
  1.9417e+05   7.77e-21
  1.9798e+05   7.27e-21
  2.0187e+05   6.84e-21
  2.0583e+05   6.42e-21
  2.0988e+05   6.02e-21
  2.1400e+05   5.63e-21
  2.1820e+05   5.25e-21
  2.2249e+05   4.91e-21
  2.2686e+05   4.61e-21
  2.3132e+05   4.32e-21
  2.3586e+05   4.03e-21
  2.4049e+05   3.76e-21
  2.4522e+05   3.50e-21
  2.5004e+05   3.26e-21
  2.5495e+05   3.06e-21
  2.5996e+05   2.86e-21
  2.6506e+05   2.66e-21
  2.7027e+05   2.48e-21
  2.7558e+05   2.30e-21
  2.8099e+05   2.14e-21
  2.8651e+05   1.99e-21
  2.9214e+05   1.86e-21
  2.9788e+05   1.73e-21
  3.0373e+05   1.60e-21
  3.0970e+05   1.48e-21
  3.1578e+05   1.37e-21
  3.2198e+05   1.28e-21
  3.2831e+05   1.19e-21
  3.3476e+05   1.10e-21
  3.4133e+05   1.02e-21
  3.4804e+05   9.37e-22
  3.5487e+05   8.68e-22
  3.6185e+05   8.07e-22
  3.6895e+05   7.49e-22
  3.7620e+05   6.92e-22
  3.8359e+05   6.38e-22
  3.9113e+05   5.85e-22
  3.9881e+05   5.41e-22
  4.0664e+05   5.03e-22
  4.1463e+05   4.65e-22
  4.2278e+05   4.29e-22
  4.3108e+05   3.94e-22
  4.3955e+05   3.60e-22
  4.4818e+05   3.33e-22
  4.5699e+05   3.09e-22
  4.6596e+05   2.85e-22
  4.7512e+05   2.62e-22
  4.8445e+05   2.41e-22
  4.9397e+05   2.20e-22
  5.0367e+05   2.03e-22
  5.1356e+05   1.88e-22
  5.2365e+05   1.74e-22
  5.3394e+05   1.59e-22
  5.4443e+05   1.46e-22
  5.5512e+05   1.33e-22
  5.6603e+05   1.23e-22
  5.7715e+05   1.14e-22
  5.8848e+05   1.05e-22
  6.0004e+05   9.68e-23
  6.1183e+05   8.86e-23
  6.2385e+05   8.08e-23
  6.3610e+05   7.51e-23
  6.4860e+05   6.97e-23
  6.6134e+05   6.44e-23
  6.7433e+05   5.94e-23
  6.8758e+05   5.45e-23
  7.0108e+05   5.00e-23
  7.1486e+05   4.66e-23
  7.2890e+05   4.33e-23
  7.4322e+05   4.02e-23
  7.5782e+05   3.72e-23
  7.7270e+05   3.43e-23
  7.8788e+05   3.16e-23
  8.0336e+05   2.95e-23
  8.1914e+05   2.75e-23
  8.3523e+05   2.56e-23
  8.5164e+05   2.38e-23
  8.6837e+05   2.20e-23
  8.8542e+05   2.04e-23
  9.0282e+05   1.91e-23
  9.2055e+05   1.79e-23
  9.3863e+05   1.68e-23
  9.5707e+05   1.57e-23
  9.7587e+05   1.46e-23
  9.9504e+05   1.36e-23
  1.0146e+06   1.28e-23
  1.0345e+06   1.20e-23
  1.0548e+06   1.13e-23
  1.0756e+06   1.06e-23
  1.0967e+06   9.87e-24
  1.1182e+06   9.24e-24
  1.1402e+06   8.67e-24
  1.1626e+06   8.12e-24
  1.1854e+06   7.60e-24
  1.2087e+06   7.09e-24
  1.2325e+06   6.60e-24
  1.2567e+06   6.15e-24
  1.2814e+06   5.71e-24
  1.3065e+06   5.30e-24
  1.3322e+06   4.90e-24
  1.3584e+06   4.51e-24
  1.3851e+06   4.14e-24
  1.4123e+06   3.86e-24
  1.4400e+06   3.62e-24
