#  E [GeV]   # per interaction  [GeV^{-1}]
  3.0000e+01   2.67e-02
  3.1141e+01   2.57e-02
  3.2326e+01   2.47e-02
  3.3556e+01   2.38e-02
  3.4832e+01   2.29e-02
  3.6157e+01   2.20e-02
  3.7533e+01   2.11e-02
  3.8961e+01   2.03e-02
  4.0443e+01   1.95e-02
  4.1982e+01   1.87e-02
  4.3579e+01   1.80e-02
  4.5237e+01   1.72e-02
  4.6958e+01   1.65e-02
  4.8744e+01   1.59e-02
  5.0598e+01   1.52e-02
  5.2523e+01   1.46e-02
  5.4521e+01   1.40e-02
  5.6596e+01   1.34e-02
  5.8749e+01   1.28e-02
  6.0984e+01   1.23e-02
  6.3304e+01   1.18e-02
  6.5712e+01   1.13e-02
  6.8212e+01   1.08e-02
  7.0807e+01   1.03e-02
  7.3500e+01   9.89e-03
  7.6297e+01   9.46e-03
  7.9199e+01   9.05e-03
  8.2212e+01   8.65e-03
  8.5340e+01   8.26e-03
  8.8586e+01   7.89e-03
  9.1956e+01   7.54e-03
  9.5455e+01   7.20e-03
  9.9086e+01   6.87e-03
  1.0286e+02   6.55e-03
  1.0677e+02   6.25e-03
  1.1083e+02   5.96e-03
  1.1505e+02   5.68e-03
  1.1942e+02   5.42e-03
  1.2397e+02   5.16e-03
  1.2868e+02   4.91e-03
  1.3358e+02   4.68e-03
  1.3866e+02   4.45e-03
  1.4394e+02   4.23e-03
  1.4941e+02   4.03e-03
  1.5509e+02   3.83e-03
  1.6100e+02   3.64e-03
  1.6712e+02   3.45e-03
  1.7348e+02   3.28e-03
  1.8008e+02   3.11e-03
  1.8693e+02   2.95e-03
  1.9404e+02   2.80e-03
  2.0142e+02   2.65e-03
  2.0908e+02   2.51e-03
  2.1704e+02   2.38e-03
  2.2529e+02   2.25e-03
  2.3387e+02   2.13e-03
  2.4276e+02   2.01e-03
  2.5200e+02   1.90e-03
  2.6158e+02   1.80e-03
  2.7154e+02   1.70e-03
  2.8187e+02   1.60e-03
  2.9259e+02   1.51e-03
  3.0372e+02   1.42e-03
  3.1527e+02   1.34e-03
  3.2727e+02   1.26e-03
  3.3972e+02   1.19e-03
  3.5264e+02   1.11e-03
  3.6606e+02   1.05e-03
  3.7998e+02   9.83e-04
  3.9444e+02   9.23e-04
  4.0945e+02   8.65e-04
  4.2502e+02   8.11e-04
  4.4119e+02   7.60e-04
  4.5798e+02   7.11e-04
  4.7540e+02   6.66e-04
  4.9348e+02   6.22e-04
  5.1226e+02   5.82e-04
  5.3175e+02   5.44e-04
  5.5198e+02   5.08e-04
  5.7297e+02   4.74e-04
  5.9477e+02   4.42e-04
  6.1740e+02   4.12e-04
  6.4089e+02   3.84e-04
  6.6527e+02   3.58e-04
  6.9058e+02   3.34e-04
  7.1685e+02   3.11e-04
  7.4412e+02   2.90e-04
  7.7243e+02   2.70e-04
  8.0181e+02   2.51e-04
  8.3232e+02   2.34e-04
  8.6398e+02   2.18e-04
  8.9685e+02   2.03e-04
  9.3097e+02   1.89e-04
  9.6638e+02   1.76e-04
  1.0031e+03   1.64e-04
  1.0413e+03   1.53e-04
  1.0809e+03   1.42e-04
  1.1220e+03   1.33e-04
  1.1647e+03   1.24e-04
  1.2090e+03   1.15e-04
  1.2550e+03   1.08e-04
  1.3028e+03   1.00e-04
  1.3523e+03   9.37e-05
  1.4038e+03   8.76e-05
  1.4572e+03   8.18e-05
  1.5126e+03   7.65e-05
  1.5702e+03   7.15e-05
  1.6299e+03   6.69e-05
  1.6919e+03   6.26e-05
  1.7563e+03   5.87e-05
  1.8231e+03   5.49e-05
  1.8925e+03   5.15e-05
  1.9645e+03   4.82e-05
  2.0392e+03   4.53e-05
  2.1168e+03   4.24e-05
  2.1973e+03   3.98e-05
  2.2809e+03   3.74e-05
  2.3677e+03   3.51e-05
  2.4577e+03   3.29e-05
  2.5512e+03   3.09e-05
  2.6483e+03   2.91e-05
  2.7490e+03   2.73e-05
  2.8536e+03   2.57e-05
  2.9622e+03   2.41e-05
  3.0749e+03   2.27e-05
  3.1918e+03   2.13e-05
  3.3133e+03   2.00e-05
  3.4393e+03   1.88e-05
  3.5702e+03   1.77e-05
  3.7060e+03   1.66e-05
  3.8470e+03   1.56e-05
  3.9933e+03   1.47e-05
  4.1452e+03   1.38e-05
  4.3029e+03   1.29e-05
  4.4666e+03   1.21e-05
  4.6366e+03   1.13e-05
  4.8129e+03   1.06e-05
  4.9960e+03   9.94e-06
  5.1861e+03   9.30e-06
  5.3834e+03   8.68e-06
  5.5882e+03   8.11e-06
  5.8008e+03   7.56e-06
  6.0215e+03   7.04e-06
  6.2506e+03   6.54e-06
  6.4883e+03   6.07e-06
  6.7352e+03   5.63e-06
  6.9914e+03   5.20e-06
  7.2574e+03   4.80e-06
  7.5335e+03   4.42e-06
  7.8201e+03   4.06e-06
  8.1176e+03   3.72e-06
  8.4264e+03   3.39e-06
  8.7470e+03   3.08e-06
  9.0797e+03   2.79e-06
  9.4251e+03   2.52e-06
  9.7837e+03   2.26e-06
  1.0156e+04   2.02e-06
  1.0542e+04   1.79e-06
  1.0943e+04   1.58e-06
  1.1360e+04   1.39e-06
  1.1792e+04   1.21e-06
  1.2240e+04   1.04e-06
  1.2706e+04   8.89e-07
  1.3189e+04   7.51e-07
  1.3691e+04   6.28e-07
  1.4212e+04   5.17e-07
  1.4753e+04   4.20e-07
  1.5314e+04   3.36e-07
  1.5897e+04   2.63e-07
  1.6501e+04   2.02e-07
  1.7129e+04   1.52e-07
  1.7781e+04   1.11e-07
  1.8457e+04   7.87e-08
  1.9159e+04   5.39e-08
  1.9888e+04   3.54e-08
  2.0645e+04   2.23e-08
  2.1430e+04   1.33e-08
  2.2245e+04   7.46e-09
  2.3092e+04   3.91e-09
  2.3970e+04   1.88e-09
  2.4882e+04   8.26e-10
  2.5829e+04   3.24e-10
  2.6811e+04   1.11e-10
  2.7831e+04   3.25e-11
  2.8890e+04   7.90e-12
  2.9989e+04   1.53e-12
  3.1130e+04   2.27e-13
  3.2314e+04   2.42e-14
  3.3544e+04   1.73e-15
  3.4820e+04   7.57e-17
  3.6144e+04   1.81e-18
  3.7519e+04   2.06e-20
  3.8947e+04   9.15e-23
  4.0428e+04   1.26e-25
  4.1966e+04   3.87e-29
  4.3563e+04   1.77e-33
  4.5220e+04   6.91e-39
  4.6941e+04   1.10e-45
  4.8726e+04   9.66e-47
  5.0580e+04   9.15e-47
