#  E [MeV]   Flux [# cm^{-2} s^{-1}  MeV^{-1}]
  3.0000e+04   1.98e-24
  3.0962e+04   1.91e-24
  3.1955e+04   1.83e-24
  3.2979e+04   1.76e-24
  3.4037e+04   1.69e-24
  3.5128e+04   1.62e-24
  3.6254e+04   1.55e-24
  3.7417e+04   1.49e-24
  3.8616e+04   1.43e-24
  3.9855e+04   1.37e-24
  4.1132e+04   1.32e-24
  4.2451e+04   1.26e-24
  4.3812e+04   1.21e-24
  4.5217e+04   1.16e-24
  4.6667e+04   1.11e-24
  4.8163e+04   1.07e-24
  4.9707e+04   1.02e-24
  5.1301e+04   9.80e-25
  5.2946e+04   9.39e-25
  5.4644e+04   9.00e-25
  5.6396e+04   8.62e-25
  5.8204e+04   8.26e-25
  6.0070e+04   7.92e-25
  6.1996e+04   7.58e-25
  6.3984e+04   7.26e-25
  6.6035e+04   6.95e-25
  6.8153e+04   6.66e-25
  7.0338e+04   6.38e-25
  7.2593e+04   6.10e-25
  7.4921e+04   5.84e-25
  7.7323e+04   5.59e-25
  7.9802e+04   5.35e-25
  8.2361e+04   5.12e-25
  8.5002e+04   4.90e-25
  8.7727e+04   4.69e-25
  9.0540e+04   4.48e-25
  9.3443e+04   4.29e-25
  9.6439e+04   4.10e-25
  9.9531e+04   3.92e-25
  1.0272e+05   3.74e-25
  1.0602e+05   3.58e-25
  1.0942e+05   3.42e-25
  1.1292e+05   3.26e-25
  1.1654e+05   3.11e-25
  1.2028e+05   2.97e-25
  1.2414e+05   2.84e-25
  1.2812e+05   2.71e-25
  1.3223e+05   2.58e-25
  1.3646e+05   2.46e-25
  1.4084e+05   2.34e-25
  1.4536e+05   2.23e-25
  1.5002e+05   2.13e-25
  1.5483e+05   2.02e-25
  1.5979e+05   1.93e-25
  1.6491e+05   1.83e-25
  1.7020e+05   1.74e-25
  1.7566e+05   1.65e-25
  1.8129e+05   1.57e-25
  1.8710e+05   1.49e-25
  1.9310e+05   1.41e-25
  1.9929e+05   1.34e-25
  2.0568e+05   1.27e-25
  2.1228e+05   1.20e-25
  2.1909e+05   1.14e-25
  2.2611e+05   1.07e-25
  2.3336e+05   1.02e-25
  2.4084e+05   9.60e-26
  2.4856e+05   9.07e-26
  2.5653e+05   8.56e-26
  2.6476e+05   8.08e-26
  2.7325e+05   7.62e-26
  2.8201e+05   7.19e-26
  2.9105e+05   6.78e-26
  3.0038e+05   6.39e-26
  3.1002e+05   6.02e-26
  3.1996e+05   5.67e-26
  3.3021e+05   5.33e-26
  3.4080e+05   5.01e-26
  3.5173e+05   4.71e-26
  3.6301e+05   4.43e-26
  3.7465e+05   4.16e-26
  3.8666e+05   3.90e-26
  3.9905e+05   3.65e-26
  4.1185e+05   3.42e-26
  4.2506e+05   3.20e-26
  4.3868e+05   2.99e-26
  4.5275e+05   2.79e-26
  4.6727e+05   2.61e-26
  4.8225e+05   2.43e-26
  4.9771e+05   2.27e-26
  5.1367e+05   2.11e-26
  5.3014e+05   1.97e-26
  5.4714e+05   1.83e-26
  5.6468e+05   1.70e-26
  5.8278e+05   1.58e-26
  6.0147e+05   1.46e-26
  6.2075e+05   1.36e-26
  6.4066e+05   1.26e-26
  6.6120e+05   1.16e-26
  6.8240e+05   1.08e-26
  7.0428e+05   9.96e-27
  7.2686e+05   9.20e-27
  7.5017e+05   8.49e-27
  7.7422e+05   7.83e-27
  7.9904e+05   7.22e-27
  8.2466e+05   6.65e-27
  8.5110e+05   6.11e-27
  8.7839e+05   5.62e-27
  9.0656e+05   5.17e-27
  9.3562e+05   4.74e-27
  9.6562e+05   4.35e-27
  9.9658e+05   3.99e-27
  1.0285e+06   3.66e-27
  1.0615e+06   3.34e-27
  1.0956e+06   3.06e-27
  1.1307e+06   2.80e-27
  1.1669e+06   2.56e-27
  1.2043e+06   2.33e-27
  1.2430e+06   2.13e-27
  1.2828e+06   1.94e-27
  1.3239e+06   1.77e-27
  1.3664e+06   1.60e-27
  1.4102e+06   1.46e-27
  1.4554e+06   1.33e-27
  1.5021e+06   1.20e-27
  1.5502e+06   1.09e-27
  1.6000e+06   9.90e-28
  1.6513e+06   8.95e-28
  1.7042e+06   8.06e-28
  1.7588e+06   7.29e-28
  1.8152e+06   6.59e-28
  1.8734e+06   5.92e-28
  1.9335e+06   5.32e-28
  1.9955e+06   4.80e-28
  2.0595e+06   4.31e-28
  2.1255e+06   3.85e-28
  2.1937e+06   3.46e-28
  2.2640e+06   3.10e-28
  2.3366e+06   2.77e-28
  2.4115e+06   2.46e-28
  2.4888e+06   2.20e-28
  2.5686e+06   1.97e-28
  2.6510e+06   1.74e-28
  2.7360e+06   1.54e-28
  2.8237e+06   1.38e-28
  2.9142e+06   1.22e-28
  3.0077e+06   1.07e-28
  3.1041e+06   9.49e-29
  3.2036e+06   8.40e-29
  3.3064e+06   7.38e-29
  3.4124e+06   6.41e-29
  3.5218e+06   5.68e-29
  3.6347e+06   4.98e-29
  3.7512e+06   4.34e-29
  3.8715e+06   3.77e-29
  3.9957e+06   3.31e-29
  4.1238e+06   2.88e-29
  4.2560e+06   2.48e-29
  4.3924e+06   2.16e-29
  4.5333e+06   1.88e-29
  4.6786e+06   1.62e-29
  4.8286e+06   1.38e-29
  4.9835e+06   1.20e-29
  5.1433e+06   1.04e-29
  5.3082e+06   8.85e-30
  5.4784e+06   7.55e-30
  5.6540e+06   6.53e-30
  5.8353e+06   5.58e-30
  6.0224e+06   4.71e-30
  6.2155e+06   4.03e-30
  6.4148e+06   3.46e-30
  6.6205e+06   2.93e-30
  6.8327e+06   2.45e-30
  7.0518e+06   2.12e-30
  7.2779e+06   1.81e-30
  7.5113e+06   1.52e-30
  7.7521e+06   1.29e-30
  8.0007e+06   1.10e-30
  8.2572e+06   9.37e-31
  8.5219e+06   7.85e-31
  8.7952e+06   6.72e-31
  9.0772e+06   5.74e-31
  9.3682e+06   4.85e-31
  9.6686e+06   4.07e-31
  9.9786e+06   3.50e-31
  1.0299e+07   2.99e-31
  1.0629e+07   2.52e-31
  1.0970e+07   2.14e-31
  1.1321e+07   1.83e-31
  1.1684e+07   1.54e-31
  1.2059e+07   1.29e-31
  1.2446e+07   1.08e-31
  1.2845e+07   9.01e-32
  1.3256e+07   7.41e-32
  1.3681e+07   6.02e-32
  1.4120e+07   4.86e-32
  1.4573e+07   3.86e-32
  1.5040e+07   3.02e-32
  1.5522e+07   2.35e-32
  1.6020e+07   1.82e-32
