#  E [MeV]   Flux [# cm^{-2} s^{-1}  MeV^{-1}]
  3.0000e+04   9.11e-23
  3.0517e+04   8.83e-23
  3.1043e+04   8.55e-23
  3.1578e+04   8.29e-23
  3.2123e+04   8.03e-23
  3.2676e+04   7.77e-23
  3.3240e+04   7.52e-23
  3.3813e+04   7.28e-23
  3.4396e+04   7.05e-23
  3.4989e+04   6.82e-23
  3.5592e+04   6.60e-23
  3.6205e+04   6.39e-23
  3.6829e+04   6.18e-23
  3.7464e+04   5.98e-23
  3.8110e+04   5.78e-23
  3.8767e+04   5.59e-23
  3.9435e+04   5.41e-23
  4.0115e+04   5.23e-23
  4.0807e+04   5.05e-23
  4.1510e+04   4.88e-23
  4.2226e+04   4.71e-23
  4.2953e+04   4.55e-23
  4.3694e+04   4.40e-23
  4.4447e+04   4.25e-23
  4.5213e+04   4.10e-23
  4.5993e+04   3.96e-23
  4.6786e+04   3.82e-23
  4.7592e+04   3.69e-23
  4.8412e+04   3.56e-23
  4.9247e+04   3.43e-23
  5.0096e+04   3.31e-23
  5.0960e+04   3.20e-23
  5.1838e+04   3.08e-23
  5.2732e+04   2.97e-23
  5.3641e+04   2.86e-23
  5.4565e+04   2.76e-23
  5.5506e+04   2.66e-23
  5.6463e+04   2.56e-23
  5.7436e+04   2.47e-23
  5.8426e+04   2.38e-23
  5.9433e+04   2.29e-23
  6.0458e+04   2.20e-23
  6.1500e+04   2.12e-23
  6.2560e+04   2.04e-23
  6.3639e+04   1.96e-23
  6.4736e+04   1.89e-23
  6.5852e+04   1.82e-23
  6.6987e+04   1.75e-23
  6.8142e+04   1.68e-23
  6.9316e+04   1.62e-23
  7.0511e+04   1.55e-23
  7.1727e+04   1.49e-23
  7.2963e+04   1.43e-23
  7.4221e+04   1.38e-23
  7.5500e+04   1.32e-23
  7.6802e+04   1.27e-23
  7.8126e+04   1.22e-23
  7.9472e+04   1.17e-23
  8.0842e+04   1.12e-23
  8.2236e+04   1.08e-23
  8.3654e+04   1.03e-23
  8.5096e+04   9.90e-24
  8.6563e+04   9.50e-24
  8.8055e+04   9.11e-24
  8.9573e+04   8.74e-24
  9.1117e+04   8.37e-24
  9.2687e+04   8.01e-24
  9.4285e+04   7.66e-24
  9.5911e+04   7.33e-24
  9.7564e+04   7.03e-24
  9.9246e+04   6.73e-24
  1.0096e+05   6.44e-24
  1.0270e+05   6.16e-24
  1.0447e+05   5.88e-24
  1.0627e+05   5.61e-24
  1.0810e+05   5.37e-24
  1.0996e+05   5.13e-24
  1.1186e+05   4.91e-24
  1.1379e+05   4.69e-24
  1.1575e+05   4.47e-24
  1.1774e+05   4.27e-24
  1.1977e+05   4.06e-24
  1.2184e+05   3.88e-24
  1.2394e+05   3.71e-24
  1.2608e+05   3.53e-24
  1.2825e+05   3.37e-24
  1.3046e+05   3.21e-24
  1.3271e+05   3.05e-24
  1.3500e+05   2.90e-24
  1.3732e+05   2.77e-24
  1.3969e+05   2.64e-24
  1.4210e+05   2.51e-24
  1.4455e+05   2.39e-24
  1.4704e+05   2.27e-24
  1.4957e+05   2.15e-24
  1.5215e+05   2.05e-24
  1.5478e+05   1.95e-24
  1.5744e+05   1.85e-24
  1.6016e+05   1.76e-24
  1.6292e+05   1.67e-24
  1.6573e+05   1.58e-24
  1.6858e+05   1.50e-24
  1.7149e+05   1.42e-24
  1.7445e+05   1.35e-24
  1.7745e+05   1.28e-24
  1.8051e+05   1.21e-24
  1.8362e+05   1.14e-24
  1.8679e+05   1.08e-24
  1.9001e+05   1.02e-24
  1.9328e+05   9.63e-25
  1.9662e+05   9.11e-25
  2.0001e+05   8.61e-25
  2.0345e+05   8.13e-25
  2.0696e+05   7.66e-25
  2.1053e+05   7.20e-25
  2.1416e+05   6.77e-25
  2.1785e+05   6.40e-25
  2.2160e+05   6.04e-25
  2.2543e+05   5.69e-25
  2.2931e+05   5.35e-25
  2.3326e+05   5.02e-25
  2.3729e+05   4.70e-25
  2.4138e+05   4.42e-25
  2.4554e+05   4.16e-25
  2.4977e+05   3.91e-25
  2.5407e+05   3.67e-25
  2.5845e+05   3.44e-25
  2.6291e+05   3.22e-25
  2.6744e+05   3.00e-25
  2.7205e+05   2.81e-25
  2.7674e+05   2.64e-25
  2.8151e+05   2.47e-25
  2.8637e+05   2.31e-25
  2.9130e+05   2.15e-25
  2.9632e+05   2.00e-25
  3.0143e+05   1.86e-25
  3.0663e+05   1.74e-25
  3.1191e+05   1.63e-25
  3.1729e+05   1.52e-25
  3.2276e+05   1.41e-25
  3.2832e+05   1.31e-25
  3.3398e+05   1.21e-25
  3.3974e+05   1.12e-25
  3.4560e+05   1.05e-25
  3.5155e+05   9.76e-26
  3.5761e+05   9.06e-26
  3.6378e+05   8.38e-26
  3.7005e+05   7.72e-26
  3.7643e+05   7.09e-26
  3.8292e+05   6.55e-26
  3.8952e+05   6.08e-26
  3.9623e+05   5.63e-26
  4.0306e+05   5.20e-26
  4.1001e+05   4.78e-26
  4.1708e+05   4.38e-26
  4.2427e+05   3.99e-26
  4.3158e+05   3.68e-26
  4.3902e+05   3.40e-26
  4.4659e+05   3.14e-26
  4.5429e+05   2.88e-26
  4.6212e+05   2.63e-26
  4.7009e+05   2.39e-26
  4.7819e+05   2.16e-26
  4.8643e+05   2.00e-26
  4.9482e+05   1.84e-26
  5.0335e+05   1.68e-26
  5.1203e+05   1.54e-26
  5.2085e+05   1.39e-26
  5.2983e+05   1.26e-26
  5.3897e+05   1.14e-26
  5.4826e+05   1.05e-26
  5.5771e+05   9.56e-27
  5.6732e+05   8.70e-27
  5.7710e+05   7.88e-27
  5.8705e+05   7.08e-27
  5.9717e+05   6.32e-27
  6.0746e+05   5.72e-27
  6.1793e+05   5.23e-27
  6.2859e+05   4.77e-27
  6.3942e+05   4.32e-27
  6.5045e+05   3.89e-27
  6.6166e+05   3.47e-27
  6.7306e+05   3.08e-27
  6.8467e+05   2.79e-27
  6.9647e+05   2.53e-27
  7.0847e+05   2.28e-27
  7.2069e+05   2.04e-27
  7.3311e+05   1.81e-27
  7.4575e+05   1.60e-27
  7.5860e+05   1.39e-27
  7.7168e+05   1.26e-27
  7.8498e+05   1.12e-27
  7.9852e+05   9.99e-28
  8.1228e+05   8.78e-28
  8.2628e+05   7.63e-28
  8.4053e+05   6.53e-28
  8.5502e+05   5.67e-28
  8.6976e+05   5.17e-28
  8.8475e+05   4.69e-28
  9.0000e+05   4.23e-28
