#  E [GeV]   # per interaction  [GeV^{-1}]
  3.0000e+01   4.48e-01
  3.1033e+01   4.32e-01
  3.2102e+01   4.17e-01
  3.3207e+01   4.02e-01
  3.4350e+01   3.87e-01
  3.5533e+01   3.73e-01
  3.6757e+01   3.60e-01
  3.8022e+01   3.47e-01
  3.9332e+01   3.34e-01
  4.0686e+01   3.22e-01
  4.2087e+01   3.10e-01
  4.3536e+01   2.98e-01
  4.5035e+01   2.87e-01
  4.6586e+01   2.77e-01
  4.8190e+01   2.66e-01
  4.9850e+01   2.56e-01
  5.1566e+01   2.46e-01
  5.3342e+01   2.37e-01
  5.5178e+01   2.28e-01
  5.7078e+01   2.19e-01
  5.9044e+01   2.11e-01
  6.1077e+01   2.03e-01
  6.3180e+01   1.95e-01
  6.5356e+01   1.87e-01
  6.7606e+01   1.80e-01
  6.9934e+01   1.73e-01
  7.2342e+01   1.66e-01
  7.4833e+01   1.59e-01
  7.7410e+01   1.53e-01
  8.0075e+01   1.47e-01
  8.2833e+01   1.41e-01
  8.5685e+01   1.35e-01
  8.8635e+01   1.29e-01
  9.1687e+01   1.24e-01
  9.4844e+01   1.19e-01
  9.8110e+01   1.14e-01
  1.0149e+02   1.09e-01
  1.0498e+02   1.04e-01
  1.0860e+02   1.00e-01
  1.1234e+02   9.57e-02
  1.1621e+02   9.15e-02
  1.2021e+02   8.75e-02
  1.2435e+02   8.36e-02
  1.2863e+02   7.99e-02
  1.3306e+02   7.63e-02
  1.3764e+02   7.28e-02
  1.4238e+02   6.95e-02
  1.4728e+02   6.63e-02
  1.5235e+02   6.32e-02
  1.5760e+02   6.02e-02
  1.6302e+02   5.74e-02
  1.6864e+02   5.46e-02
  1.7445e+02   5.20e-02
  1.8045e+02   4.94e-02
  1.8667e+02   4.70e-02
  1.9309e+02   4.46e-02
  1.9974e+02   4.24e-02
  2.0662e+02   4.02e-02
  2.1373e+02   3.81e-02
  2.2109e+02   3.61e-02
  2.2871e+02   3.42e-02
  2.3658e+02   3.24e-02
  2.4473e+02   3.07e-02
  2.5316e+02   2.90e-02
  2.6187e+02   2.74e-02
  2.7089e+02   2.58e-02
  2.8022e+02   2.44e-02
  2.8987e+02   2.30e-02
  2.9985e+02   2.16e-02
  3.1017e+02   2.04e-02
  3.2085e+02   1.92e-02
  3.3190e+02   1.80e-02
  3.4333e+02   1.69e-02
  3.5515e+02   1.59e-02
  3.6738e+02   1.49e-02
  3.8003e+02   1.39e-02
  3.9312e+02   1.30e-02
  4.0665e+02   1.22e-02
  4.2066e+02   1.14e-02
  4.3514e+02   1.06e-02
  4.5013e+02   9.92e-03
  4.6562e+02   9.25e-03
  4.8166e+02   8.61e-03
  4.9824e+02   8.02e-03
  5.1540e+02   7.46e-03
  5.3315e+02   6.93e-03
  5.5150e+02   6.43e-03
  5.7050e+02   5.97e-03
  5.9014e+02   5.54e-03
  6.1046e+02   5.13e-03
  6.3148e+02   4.75e-03
  6.5322e+02   4.39e-03
  6.7572e+02   4.06e-03
  6.9898e+02   3.76e-03
  7.2305e+02   3.47e-03
  7.4795e+02   3.20e-03
  7.7371e+02   2.96e-03
  8.0035e+02   2.73e-03
  8.2791e+02   2.51e-03
  8.5641e+02   2.32e-03
  8.8590e+02   2.13e-03
  9.1641e+02   1.96e-03
  9.4796e+02   1.81e-03
  9.8061e+02   1.67e-03
  1.0144e+03   1.53e-03
  1.0493e+03   1.41e-03
  1.0854e+03   1.30e-03
  1.1228e+03   1.19e-03
  1.1615e+03   1.10e-03
  1.2015e+03   1.01e-03
  1.2428e+03   9.26e-04
  1.2856e+03   8.51e-04
  1.3299e+03   7.80e-04
  1.3757e+03   7.17e-04
  1.4231e+03   6.59e-04
  1.4721e+03   6.04e-04
  1.5228e+03   5.55e-04
  1.5752e+03   5.09e-04
  1.6294e+03   4.67e-04
  1.6855e+03   4.28e-04
  1.7436e+03   3.93e-04
  1.8036e+03   3.60e-04
  1.8657e+03   3.29e-04
  1.9300e+03   3.02e-04
  1.9964e+03   2.76e-04
  2.0652e+03   2.52e-04
  2.1363e+03   2.30e-04
  2.2098e+03   2.11e-04
  2.2859e+03   1.92e-04
  2.3646e+03   1.75e-04
  2.4461e+03   1.60e-04
  2.5303e+03   1.46e-04
  2.6174e+03   1.32e-04
  2.7075e+03   1.20e-04
  2.8008e+03   1.09e-04
  2.8972e+03   9.91e-05
  2.9970e+03   8.96e-05
  3.1002e+03   8.12e-05
  3.2069e+03   7.34e-05
  3.3173e+03   6.61e-05
  3.4316e+03   5.96e-05
  3.5497e+03   5.37e-05
  3.6720e+03   4.82e-05
  3.7984e+03   4.31e-05
  3.9292e+03   3.87e-05
  4.0645e+03   3.46e-05
  4.2044e+03   3.07e-05
  4.3492e+03   2.74e-05
  4.4990e+03   2.44e-05
  4.6539e+03   2.15e-05
  4.8141e+03   1.90e-05
  4.9799e+03   1.68e-05
  5.1514e+03   1.47e-05
  5.3288e+03   1.29e-05
  5.5123e+03   1.13e-05
  5.7021e+03   9.83e-06
  5.8984e+03   8.49e-06
  6.1015e+03   7.36e-06
  6.3116e+03   6.36e-06
  6.5289e+03   5.44e-06
  6.7538e+03   4.64e-06
  6.9863e+03   3.97e-06
  7.2269e+03   3.36e-06
  7.4757e+03   2.82e-06
  7.7331e+03   2.38e-06
  7.9994e+03   1.99e-06
  8.2749e+03   1.64e-06
  8.5598e+03   1.36e-06
  8.8546e+03   1.12e-06
  9.1594e+03   9.09e-07
  9.4748e+03   7.30e-07
  9.8011e+03   5.91e-07
  1.0139e+04   4.70e-07
  1.0488e+04   3.67e-07
  1.0849e+04   2.88e-07
  1.1222e+04   2.23e-07
  1.1609e+04   1.69e-07
  1.2009e+04   1.27e-07
  1.2422e+04   9.57e-08
  1.2850e+04   7.03e-08
  1.3292e+04   5.01e-08
  1.3750e+04   3.62e-08
  1.4223e+04   2.55e-08
  1.4713e+04   1.73e-08
  1.5220e+04   1.16e-08
  1.5744e+04   7.71e-09
  1.6286e+04   4.91e-09
  1.6847e+04   3.00e-09
  1.7427e+04   1.83e-09
  1.8027e+04   1.07e-09
  1.8648e+04   5.83e-10
  1.9290e+04   3.11e-10
  1.9954e+04   1.57e-10
  2.0641e+04   7.33e-11
  2.1352e+04   3.18e-11
  2.2087e+04   1.30e-11
  2.2848e+04   4.73e-12
  2.3634e+04   1.49e-12
  2.4448e+04   4.40e-13
  2.5290e+04   1.09e-13
