#  E [MeV]   Flux [# cm^{-2} s^{-1}  MeV^{-1}]
  3.0000e+04   1.18e-25
  3.1232e+04   1.13e-25
  3.2514e+04   1.08e-25
  3.3849e+04   1.03e-25
  3.5238e+04   9.85e-26
  3.6685e+04   9.42e-26
  3.8191e+04   9.00e-26
  3.9759e+04   8.61e-26
  4.1391e+04   8.23e-26
  4.3090e+04   7.86e-26
  4.4859e+04   7.51e-26
  4.6701e+04   7.18e-26
  4.8618e+04   6.86e-26
  5.0614e+04   6.56e-26
  5.2692e+04   6.26e-26
  5.4855e+04   5.98e-26
  5.7107e+04   5.72e-26
  5.9451e+04   5.46e-26
  6.1892e+04   5.21e-26
  6.4433e+04   4.98e-26
  6.7078e+04   4.75e-26
  6.9832e+04   4.54e-26
  7.2699e+04   4.33e-26
  7.5683e+04   4.13e-26
  7.8790e+04   3.95e-26
  8.2025e+04   3.76e-26
  8.5392e+04   3.59e-26
  8.8898e+04   3.43e-26
  9.2547e+04   3.27e-26
  9.6347e+04   3.12e-26
  1.0030e+05   2.97e-26
  1.0442e+05   2.83e-26
  1.0871e+05   2.70e-26
  1.1317e+05   2.57e-26
  1.1782e+05   2.45e-26
  1.2265e+05   2.33e-26
  1.2769e+05   2.22e-26
  1.3293e+05   2.11e-26
  1.3839e+05   2.01e-26
  1.4407e+05   1.91e-26
  1.4998e+05   1.82e-26
  1.5614e+05   1.73e-26
  1.6255e+05   1.64e-26
  1.6922e+05   1.56e-26
  1.7617e+05   1.48e-26
  1.8340e+05   1.41e-26
  1.9093e+05   1.33e-26
  1.9877e+05   1.26e-26
  2.0693e+05   1.20e-26
  2.1543e+05   1.13e-26
  2.2427e+05   1.07e-26
  2.3348e+05   1.01e-26
  2.4306e+05   9.59e-27
  2.5304e+05   9.05e-27
  2.6343e+05   8.55e-27
  2.7424e+05   8.06e-27
  2.8550e+05   7.59e-27
  2.9722e+05   7.14e-27
  3.0942e+05   6.72e-27
  3.2213e+05   6.31e-27
  3.3535e+05   5.93e-27
  3.4912e+05   5.56e-27
  3.6345e+05   5.21e-27
  3.7837e+05   4.88e-27
  3.9390e+05   4.56e-27
  4.1008e+05   4.26e-27
  4.2691e+05   3.98e-27
  4.4444e+05   3.71e-27
  4.6268e+05   3.45e-27
  4.8168e+05   3.21e-27
  5.0145e+05   2.99e-27
  5.2204e+05   2.78e-27
  5.4347e+05   2.58e-27
  5.6578e+05   2.39e-27
  5.8901e+05   2.21e-27
  6.1319e+05   2.05e-27
  6.3836e+05   1.89e-27
  6.6457e+05   1.75e-27
  6.9185e+05   1.62e-27
  7.2025e+05   1.49e-27
  7.4982e+05   1.38e-27
  7.8061e+05   1.27e-27
  8.1265e+05   1.17e-27
  8.4601e+05   1.08e-27
  8.8075e+05   9.94e-28
  9.1690e+05   9.15e-28
  9.5455e+05   8.43e-28
  9.9373e+05   7.76e-28
  1.0345e+06   7.15e-28
  1.0770e+06   6.58e-28
  1.1212e+06   6.06e-28
  1.1672e+06   5.58e-28
  1.2152e+06   5.13e-28
  1.2650e+06   4.73e-28
  1.3170e+06   4.35e-28
  1.3711e+06   4.01e-28
  1.4273e+06   3.69e-28
  1.4859e+06   3.40e-28
  1.5469e+06   3.13e-28
  1.6104e+06   2.88e-28
  1.6766e+06   2.65e-28
  1.7454e+06   2.45e-28
  1.8170e+06   2.25e-28
  1.8916e+06   2.07e-28
  1.9693e+06   1.91e-28
  2.0501e+06   1.76e-28
  2.1343e+06   1.61e-28
  2.2219e+06   1.49e-28
  2.3131e+06   1.36e-28
  2.4081e+06   1.25e-28
  2.5070e+06   1.15e-28
  2.6099e+06   1.05e-28
  2.7170e+06   9.67e-29
  2.8286e+06   8.85e-29
  2.9447e+06   8.09e-29
  3.0656e+06   7.40e-29
  3.1914e+06   6.75e-29
  3.3225e+06   6.15e-29
  3.4589e+06   5.60e-29
  3.6008e+06   5.09e-29
  3.7487e+06   4.62e-29
  3.9026e+06   4.19e-29
  4.0628e+06   3.78e-29
  4.2296e+06   3.41e-29
  4.4032e+06   3.07e-29
  4.5840e+06   2.76e-29
  4.7722e+06   2.47e-29
  4.9681e+06   2.21e-29
  5.1720e+06   1.97e-29
  5.3844e+06   1.75e-29
  5.6054e+06   1.55e-29
  5.8355e+06   1.36e-29
  6.0751e+06   1.20e-29
  6.3245e+06   1.05e-29
  6.5841e+06   9.15e-30
  6.8544e+06   7.94e-30
  7.1358e+06   6.86e-30
  7.4288e+06   5.88e-30
  7.7338e+06   5.03e-30
  8.0513e+06   4.27e-30
  8.3818e+06   3.59e-30
  8.7259e+06   3.00e-30
  9.0841e+06   2.49e-30
  9.4571e+06   2.04e-30
  9.8453e+06   1.66e-30
  1.0249e+07   1.34e-30
  1.0670e+07   1.06e-30
  1.1108e+07   8.37e-31
  1.1564e+07   6.47e-31
  1.2039e+07   4.93e-31
  1.2533e+07   3.70e-31
  1.3048e+07   2.71e-31
  1.3584e+07   1.95e-31
  1.4141e+07   1.37e-31
  1.4722e+07   9.30e-32
  1.5326e+07   6.16e-32
  1.5955e+07   3.94e-32
  1.6610e+07   2.41e-32
  1.7292e+07   1.42e-32
  1.8002e+07   7.92e-33
  1.8741e+07   4.14e-33
  1.9511e+07   2.05e-33
  2.0312e+07   9.31e-34
  2.1145e+07   3.85e-34
  2.2013e+07   1.45e-34
  2.2917e+07   4.81e-35
  2.3858e+07   1.38e-35
  2.4837e+07   3.37e-36
  2.5857e+07   6.71e-37
  2.6919e+07   1.05e-37
  2.8024e+07   1.26e-38
  2.9174e+07   1.06e-39
  3.0372e+07   5.89e-41
  3.1619e+07   2.01e-42
  3.2917e+07   3.66e-44
  3.4268e+07   3.16e-46
  3.5675e+07   1.07e-48
  3.7140e+07   1.10e-51
  3.8664e+07   2.64e-55
  4.0252e+07   9.71e-60
  4.1904e+07   3.19e-65
  4.3624e+07   9.29e-72
  4.5415e+07   7.79e-72
  4.7280e+07   6.40e-72
  4.9221e+07   5.43e-72
  5.1241e+07   4.53e-72
  5.3345e+07   3.72e-72
  5.5535e+07   3.14e-72
  5.7815e+07   2.60e-72
  6.0188e+07   2.13e-72
  6.2659e+07   1.78e-72
  6.5232e+07   1.45e-72
  6.7910e+07   1.18e-72
  7.0698e+07   9.75e-73
  7.3600e+07   7.83e-73
  7.6621e+07   6.25e-73
  7.9767e+07   4.92e-73
  8.3042e+07   3.69e-73
  8.6451e+07   2.73e-73
  9.0000e+07   1.92e-73
