#  E [MeV]   Flux [# cm^{-2} s^{-1}  MeV^{-1}]
  3.0000e+04   5.81e-19
  3.0589e+04   5.61e-19
  3.1190e+04   5.41e-19
  3.1803e+04   5.23e-19
  3.2428e+04   5.05e-19
  3.3065e+04   4.87e-19
  3.3714e+04   4.70e-19
  3.4376e+04   4.53e-19
  3.5052e+04   4.37e-19
  3.5740e+04   4.22e-19
  3.6442e+04   4.06e-19
  3.7158e+04   3.92e-19
  3.7888e+04   3.77e-19
  3.8632e+04   3.63e-19
  3.9391e+04   3.50e-19
  4.0165e+04   3.37e-19
  4.0954e+04   3.25e-19
  4.1758e+04   3.12e-19
  4.2579e+04   3.01e-19
  4.3415e+04   2.89e-19
  4.4268e+04   2.78e-19
  4.5138e+04   2.68e-19
  4.6024e+04   2.57e-19
  4.6928e+04   2.47e-19
  4.7850e+04   2.38e-19
  4.8790e+04   2.28e-19
  4.9749e+04   2.19e-19
  5.0726e+04   2.11e-19
  5.1722e+04   2.02e-19
  5.2738e+04   1.94e-19
  5.3774e+04   1.86e-19
  5.4831e+04   1.79e-19
  5.5908e+04   1.71e-19
  5.7006e+04   1.64e-19
  5.8126e+04   1.58e-19
  5.9268e+04   1.51e-19
  6.0432e+04   1.45e-19
  6.1619e+04   1.39e-19
  6.2829e+04   1.33e-19
  6.4064e+04   1.27e-19
  6.5322e+04   1.22e-19
  6.6605e+04   1.17e-19
  6.7913e+04   1.12e-19
  6.9248e+04   1.07e-19
  7.0608e+04   1.02e-19
  7.1995e+04   9.76e-20
  7.3409e+04   9.32e-20
  7.4851e+04   8.90e-20
  7.6321e+04   8.49e-20
  7.7821e+04   8.11e-20
  7.9349e+04   7.74e-20
  8.0908e+04   7.39e-20
  8.2497e+04   7.05e-20
  8.4118e+04   6.72e-20
  8.5770e+04   6.40e-20
  8.7455e+04   6.10e-20
  8.9173e+04   5.82e-20
  9.0925e+04   5.54e-20
  9.2711e+04   5.28e-20
  9.4532e+04   5.02e-20
  9.6389e+04   4.77e-20
  9.8283e+04   4.54e-20
  1.0021e+05   4.32e-20
  1.0218e+05   4.11e-20
  1.0419e+05   3.91e-20
  1.0624e+05   3.71e-20
  1.0832e+05   3.52e-20
  1.1045e+05   3.34e-20
  1.1262e+05   3.18e-20
  1.1483e+05   3.02e-20
  1.1709e+05   2.86e-20
  1.1939e+05   2.71e-20
  1.2173e+05   2.56e-20
  1.2412e+05   2.43e-20
  1.2656e+05   2.31e-20
  1.2905e+05   2.19e-20
  1.3158e+05   2.07e-20
  1.3417e+05   1.95e-20
  1.3680e+05   1.85e-20
  1.3949e+05   1.75e-20
  1.4223e+05   1.65e-20
  1.4503e+05   1.56e-20
  1.4787e+05   1.47e-20
  1.5078e+05   1.39e-20
  1.5374e+05   1.31e-20
  1.5676e+05   1.24e-20
  1.5984e+05   1.17e-20
  1.6298e+05   1.10e-20
  1.6618e+05   1.04e-20
  1.6945e+05   9.75e-21
  1.7278e+05   9.15e-21
  1.7617e+05   8.64e-21
  1.7963e+05   8.14e-21
  1.8316e+05   7.66e-21
  1.8676e+05   7.20e-21
  1.9042e+05   6.75e-21
  1.9417e+05   6.32e-21
  1.9798e+05   5.96e-21
  2.0187e+05   5.61e-21
  2.0583e+05   5.27e-21
  2.0988e+05   4.94e-21
  2.1400e+05   4.62e-21
  2.1820e+05   4.31e-21
  2.2249e+05   4.06e-21
  2.2686e+05   3.81e-21
  2.3132e+05   3.57e-21
  2.3586e+05   3.34e-21
  2.4049e+05   3.11e-21
  2.4522e+05   2.91e-21
  2.5004e+05   2.73e-21
  2.5495e+05   2.55e-21
  2.5996e+05   2.39e-21
  2.6506e+05   2.23e-21
  2.7027e+05   2.07e-21
  2.7558e+05   1.93e-21
  2.8099e+05   1.81e-21
  2.8651e+05   1.69e-21
  2.9214e+05   1.58e-21
  2.9788e+05   1.47e-21
  3.0373e+05   1.36e-21
  3.0970e+05   1.26e-21
  3.1578e+05   1.18e-21
  3.2198e+05   1.10e-21
  3.2831e+05   1.03e-21
  3.3476e+05   9.52e-22
  3.4133e+05   8.81e-22
  3.4804e+05   8.18e-22
  3.5487e+05   7.64e-22
  3.6185e+05   7.12e-22
  3.6895e+05   6.61e-22
  3.7620e+05   6.12e-22
  3.8359e+05   5.66e-22
  3.9113e+05   5.25e-22
  3.9881e+05   4.89e-22
  4.0664e+05   4.55e-22
  4.1463e+05   4.22e-22
  4.2278e+05   3.90e-22
  4.3108e+05   3.60e-22
  4.3955e+05   3.34e-22
  4.4818e+05   3.11e-22
  4.5699e+05   2.89e-22
  4.6596e+05   2.68e-22
  4.7512e+05   2.47e-22
  4.8445e+05   2.28e-22
  4.9397e+05   2.11e-22
  5.0367e+05   1.96e-22
  5.1356e+05   1.82e-22
  5.2365e+05   1.69e-22
  5.3394e+05   1.56e-22
  5.4443e+05   1.43e-22
  5.5512e+05   1.33e-22
  5.6603e+05   1.24e-22
  5.7715e+05   1.15e-22
  5.8848e+05   1.06e-22
  6.0004e+05   9.77e-23
  6.1183e+05   8.98e-23
  6.2385e+05   8.34e-23
  6.3610e+05   7.74e-23
  6.4860e+05   7.17e-23
  6.6134e+05   6.62e-23
  6.7433e+05   6.09e-23
  6.8758e+05   5.59e-23
  7.0108e+05   5.20e-23
  7.1486e+05   4.84e-23
  7.2890e+05   4.49e-23
  7.4322e+05   4.15e-23
  7.5782e+05   3.83e-23
  7.7270e+05   3.52e-23
  7.8788e+05   3.30e-23
  8.0336e+05   3.08e-23
  8.1914e+05   2.87e-23
  8.3523e+05   2.67e-23
  8.5164e+05   2.48e-23
  8.6837e+05   2.30e-23
  8.8542e+05   2.18e-23
  9.0282e+05   2.06e-23
  9.2055e+05   1.94e-23
  9.3863e+05   1.83e-23
  9.5707e+05   1.73e-23
  9.7587e+05   1.63e-23
  9.9504e+05   1.56e-23
  1.0146e+06   1.50e-23
  1.0345e+06   1.44e-23
  1.0548e+06   1.37e-23
  1.0756e+06   1.32e-23
  1.0967e+06   1.26e-23
  1.1182e+06   1.23e-23
  1.1402e+06   1.19e-23
  1.1626e+06   1.15e-23
  1.1854e+06   1.12e-23
  1.2087e+06   1.08e-23
  1.2325e+06   1.05e-23
  1.2567e+06   1.03e-23
  1.2814e+06   1.00e-23
  1.3065e+06   9.81e-24
  1.3322e+06   9.58e-24
  1.3584e+06   9.36e-24
  1.3851e+06   9.14e-24
  1.4123e+06   8.94e-24
  1.4400e+06   8.74e-24
