#  E [MeV]   Flux [# cm^{-2} s^{-1}  MeV^{-1}]
  3.0000e+04   3.32e-20
  3.1033e+04   3.20e-20
  3.2102e+04   3.09e-20
  3.3207e+04   2.98e-20
  3.4350e+04   2.88e-20
  3.5533e+04   2.78e-20
  3.6757e+04   2.68e-20
  3.8022e+04   2.58e-20
  3.9332e+04   2.49e-20
  4.0686e+04   2.40e-20
  4.2087e+04   2.32e-20
  4.3536e+04   2.23e-20
  4.5035e+04   2.15e-20
  4.6586e+04   2.07e-20
  4.8190e+04   2.00e-20
  4.9850e+04   1.92e-20
  5.1566e+04   1.85e-20
  5.3342e+04   1.78e-20
  5.5178e+04   1.72e-20
  5.7078e+04   1.65e-20
  5.9044e+04   1.59e-20
  6.1077e+04   1.53e-20
  6.3180e+04   1.47e-20
  6.5356e+04   1.42e-20
  6.7606e+04   1.36e-20
  6.9934e+04   1.31e-20
  7.2342e+04   1.26e-20
  7.4833e+04   1.21e-20
  7.7410e+04   1.16e-20
  8.0075e+04   1.11e-20
  8.2833e+04   1.07e-20
  8.5685e+04   1.02e-20
  8.8635e+04   9.83e-21
  9.1687e+04   9.43e-21
  9.4844e+04   9.04e-21
  9.8110e+04   8.66e-21
  1.0149e+05   8.29e-21
  1.0498e+05   7.94e-21
  1.0860e+05   7.60e-21
  1.1234e+05   7.27e-21
  1.1621e+05   6.96e-21
  1.2021e+05   6.65e-21
  1.2435e+05   6.36e-21
  1.2863e+05   6.07e-21
  1.3306e+05   5.80e-21
  1.3764e+05   5.54e-21
  1.4238e+05   5.28e-21
  1.4728e+05   5.04e-21
  1.5235e+05   4.80e-21
  1.5760e+05   4.57e-21
  1.6302e+05   4.36e-21
  1.6864e+05   4.14e-21
  1.7445e+05   3.94e-21
  1.8045e+05   3.75e-21
  1.8667e+05   3.56e-21
  1.9309e+05   3.38e-21
  1.9974e+05   3.20e-21
  2.0662e+05   3.04e-21
  2.1373e+05   2.88e-21
  2.2109e+05   2.73e-21
  2.2871e+05   2.58e-21
  2.3658e+05   2.44e-21
  2.4473e+05   2.30e-21
  2.5316e+05   2.17e-21
  2.6187e+05   2.05e-21
  2.7089e+05   1.93e-21
  2.8022e+05   1.82e-21
  2.8987e+05   1.72e-21
  2.9985e+05   1.61e-21
  3.1017e+05   1.52e-21
  3.2085e+05   1.42e-21
  3.3190e+05   1.33e-21
  3.4333e+05   1.25e-21
  3.5515e+05   1.17e-21
  3.6738e+05   1.09e-21
  3.8003e+05   1.02e-21
  3.9312e+05   9.56e-22
  4.0665e+05   8.92e-22
  4.2066e+05   8.32e-22
  4.3514e+05   7.75e-22
  4.5013e+05   7.22e-22
  4.6562e+05   6.71e-22
  4.8166e+05   6.24e-22
  4.9824e+05   5.80e-22
  5.1540e+05   5.38e-22
  5.3315e+05   4.98e-22
  5.5150e+05   4.62e-22
  5.7050e+05   4.27e-22
  5.9014e+05   3.95e-22
  6.1046e+05   3.65e-22
  6.3148e+05   3.37e-22
  6.5322e+05   3.11e-22
  6.7572e+05   2.86e-22
  6.9898e+05   2.64e-22
  7.2305e+05   2.43e-22
  7.4795e+05   2.23e-22
  7.7371e+05   2.05e-22
  8.0035e+05   1.89e-22
  8.2791e+05   1.73e-22
  8.5641e+05   1.59e-22
  8.8590e+05   1.46e-22
  9.1641e+05   1.34e-22
  9.4796e+05   1.22e-22
  9.8061e+05   1.12e-22
  1.0144e+06   1.03e-22
  1.0493e+06   9.41e-23
  1.0854e+06   8.61e-23
  1.1228e+06   7.88e-23
  1.1615e+06   7.20e-23
  1.2015e+06   6.58e-23
  1.2428e+06   6.02e-23
  1.2856e+06   5.49e-23
  1.3299e+06   5.00e-23
  1.3757e+06   4.57e-23
  1.4231e+06   4.17e-23
  1.4721e+06   3.80e-23
  1.5228e+06   3.46e-23
  1.5752e+06   3.15e-23
  1.6294e+06   2.87e-23
  1.6855e+06   2.61e-23
  1.7436e+06   2.38e-23
  1.8036e+06   2.16e-23
  1.8657e+06   1.96e-23
  1.9300e+06   1.78e-23
  1.9964e+06   1.62e-23
  2.0652e+06   1.46e-23
  2.1363e+06   1.32e-23
  2.2098e+06   1.20e-23
  2.2859e+06   1.09e-23
  2.3646e+06   9.80e-24
  2.4461e+06   8.87e-24
  2.5303e+06   8.01e-24
  2.6174e+06   7.20e-24
  2.7075e+06   6.48e-24
  2.8008e+06   5.84e-24
  2.8972e+06   5.24e-24
  2.9970e+06   4.69e-24
  3.1002e+06   4.21e-24
  3.2069e+06   3.77e-24
  3.3173e+06   3.36e-24
  3.4316e+06   3.00e-24
  3.5497e+06   2.68e-24
  3.6720e+06   2.38e-24
  3.7984e+06   2.11e-24
  3.9292e+06   1.88e-24
  4.0645e+06   1.67e-24
  4.2044e+06   1.47e-24
  4.3492e+06   1.30e-24
  4.4990e+06   1.15e-24
  4.6539e+06   1.01e-24
  4.8141e+06   8.81e-25
  4.9799e+06   7.74e-25
  5.1514e+06   6.75e-25
  5.3288e+06   5.85e-25
  5.5123e+06   5.12e-25
  5.7021e+06   4.44e-25
  5.8984e+06   3.82e-25
  6.1015e+06   3.30e-25
  6.3116e+06   2.85e-25
  6.5289e+06   2.43e-25
  6.7538e+06   2.07e-25
  6.9863e+06   1.78e-25
  7.2269e+06   1.51e-25
  7.4757e+06   1.27e-25
  7.7331e+06   1.07e-25
  7.9994e+06   9.03e-26
  8.2749e+06   7.51e-26
  8.5598e+06   6.24e-26
  8.8546e+06   5.19e-26
  9.1594e+06   4.27e-26
  9.4748e+06   3.46e-26
  9.8011e+06   2.85e-26
  1.0139e+07   2.30e-26
  1.0488e+07   1.84e-26
  1.0849e+07   1.47e-26
  1.1222e+07   1.16e-26
  1.1609e+07   9.05e-27
  1.2009e+07   6.97e-27
  1.2422e+07   5.40e-27
  1.2850e+07   4.10e-27
  1.3292e+07   3.04e-27
  1.3750e+07   2.27e-27
  1.4223e+07   1.67e-27
  1.4713e+07   1.20e-27
  1.5220e+07   8.49e-28
  1.5744e+07   5.99e-28
  1.6286e+07   4.11e-28
  1.6847e+07   2.74e-28
  1.7427e+07   1.82e-28
  1.8027e+07   1.16e-28
  1.8648e+07   7.15e-29
  1.9290e+07   4.29e-29
  1.9954e+07   2.47e-29
  2.0641e+07   1.35e-29
  2.1352e+07   6.96e-30
  2.2087e+07   3.39e-30
  2.2848e+07   1.52e-30
  2.3634e+07   6.26e-31
  2.4448e+07   2.34e-31
  2.5290e+07   7.76e-32
