#  E [GeV]   # per interaction  [GeV^{-1}]
  3.0000e+01   4.74e-01
  3.0782e+01   4.58e-01
  3.1585e+01   4.42e-01
  3.2409e+01   4.27e-01
  3.3255e+01   4.12e-01
  3.4122e+01   3.98e-01
  3.5012e+01   3.84e-01
  3.5925e+01   3.71e-01
  3.6862e+01   3.58e-01
  3.7824e+01   3.45e-01
  3.8810e+01   3.33e-01
  3.9822e+01   3.21e-01
  4.0861e+01   3.10e-01
  4.1927e+01   2.98e-01
  4.3021e+01   2.88e-01
  4.4143e+01   2.77e-01
  4.5294e+01   2.67e-01
  4.6475e+01   2.57e-01
  4.7688e+01   2.48e-01
  4.8931e+01   2.39e-01
  5.0208e+01   2.30e-01
  5.1517e+01   2.21e-01
  5.2861e+01   2.13e-01
  5.4240e+01   2.05e-01
  5.5654e+01   1.97e-01
  5.7106e+01   1.89e-01
  5.8596e+01   1.82e-01
  6.0124e+01   1.75e-01
  6.1692e+01   1.68e-01
  6.3301e+01   1.61e-01
  6.4952e+01   1.54e-01
  6.6647e+01   1.48e-01
  6.8385e+01   1.42e-01
  7.0169e+01   1.36e-01
  7.1999e+01   1.30e-01
  7.3877e+01   1.25e-01
  7.5804e+01   1.20e-01
  7.7781e+01   1.15e-01
  7.9810e+01   1.10e-01
  8.1891e+01   1.05e-01
  8.4027e+01   1.01e-01
  8.6219e+01   9.65e-02
  8.8468e+01   9.24e-02
  9.0775e+01   8.85e-02
  9.3143e+01   8.47e-02
  9.5572e+01   8.10e-02
  9.8065e+01   7.75e-02
  1.0062e+02   7.42e-02
  1.0325e+02   7.10e-02
  1.0594e+02   6.79e-02
  1.0870e+02   6.49e-02
  1.1154e+02   6.20e-02
  1.1445e+02   5.93e-02
  1.1743e+02   5.66e-02
  1.2050e+02   5.41e-02
  1.2364e+02   5.16e-02
  1.2686e+02   4.92e-02
  1.3017e+02   4.70e-02
  1.3357e+02   4.48e-02
  1.3705e+02   4.26e-02
  1.4063e+02   4.06e-02
  1.4429e+02   3.87e-02
  1.4806e+02   3.68e-02
  1.5192e+02   3.50e-02
  1.5588e+02   3.33e-02
  1.5995e+02   3.17e-02
  1.6412e+02   3.01e-02
  1.6840e+02   2.86e-02
  1.7279e+02   2.72e-02
  1.7730e+02   2.58e-02
  1.8193e+02   2.45e-02
  1.8667e+02   2.32e-02
  1.9154e+02   2.20e-02
  1.9654e+02   2.09e-02
  2.0166e+02   1.98e-02
  2.0692e+02   1.87e-02
  2.1232e+02   1.77e-02
  2.1786e+02   1.67e-02
  2.2354e+02   1.58e-02
  2.2937e+02   1.49e-02
  2.3535e+02   1.41e-02
  2.4149e+02   1.33e-02
  2.4779e+02   1.25e-02
  2.5425e+02   1.18e-02
  2.6088e+02   1.11e-02
  2.6769e+02   1.05e-02
  2.7467e+02   9.84e-03
  2.8184e+02   9.25e-03
  2.8919e+02   8.69e-03
  2.9673e+02   8.15e-03
  3.0447e+02   7.63e-03
  3.1241e+02   7.16e-03
  3.2056e+02   6.71e-03
  3.2892e+02   6.28e-03
  3.3750e+02   5.87e-03
  3.4630e+02   5.48e-03
  3.5533e+02   5.12e-03
  3.6460e+02   4.78e-03
  3.7411e+02   4.45e-03
  3.8387e+02   4.14e-03
  3.9388e+02   3.86e-03
  4.0416e+02   3.59e-03
  4.1470e+02   3.34e-03
  4.2551e+02   3.09e-03
  4.3661e+02   2.87e-03
  4.4800e+02   2.66e-03
  4.5969e+02   2.47e-03
  4.7168e+02   2.28e-03
  4.8398e+02   2.10e-03
  4.9660e+02   1.95e-03
  5.0956e+02   1.80e-03
  5.2285e+02   1.65e-03
  5.3648e+02   1.52e-03
  5.5048e+02   1.40e-03
  5.6483e+02   1.29e-03
  5.7957e+02   1.18e-03
  5.9468e+02   1.08e-03
  6.1020e+02   9.89e-04
  6.2611e+02   9.09e-04
  6.4244e+02   8.32e-04
  6.5920e+02   7.60e-04
  6.7639e+02   6.91e-04
  6.9403e+02   6.31e-04
  7.1214e+02   5.77e-04
  7.3071e+02   5.26e-04
  7.4977e+02   4.77e-04
  7.6933e+02   4.32e-04
  7.8939e+02   3.94e-04
  8.0998e+02   3.58e-04
  8.3111e+02   3.24e-04
  8.5279e+02   2.92e-04
  8.7503e+02   2.65e-04
  8.9785e+02   2.41e-04
  9.2127e+02   2.18e-04
  9.4530e+02   1.96e-04
  9.6996e+02   1.76e-04
  9.9526e+02   1.60e-04
  1.0212e+03   1.44e-04
  1.0479e+03   1.29e-04
  1.0752e+03   1.15e-04
  1.1032e+03   1.04e-04
  1.1320e+03   9.36e-05
  1.1615e+03   8.38e-05
  1.1918e+03   7.47e-05
  1.2229e+03   6.66e-05
  1.2548e+03   6.00e-05
  1.2875e+03   5.37e-05
  1.3211e+03   4.78e-05
  1.3556e+03   4.22e-05
  1.3909e+03   3.79e-05
  1.4272e+03   3.40e-05
  1.4644e+03   3.03e-05
  1.5026e+03   2.67e-05
  1.5418e+03   2.37e-05
  1.5820e+03   2.12e-05
  1.6233e+03   1.89e-05
  1.6657e+03   1.67e-05
  1.7091e+03   1.46e-05
  1.7537e+03   1.31e-05
  1.7994e+03   1.17e-05
  1.8464e+03   1.03e-05
  1.8945e+03   9.05e-06
  1.9439e+03   7.98e-06
  1.9946e+03   7.13e-06
  2.0467e+03   6.33e-06
  2.1000e+03   5.56e-06
  2.1548e+03   4.84e-06
  2.2110e+03   4.34e-06
  2.2687e+03   3.86e-06
  2.3279e+03   3.42e-06
  2.3886e+03   2.99e-06
  2.4509e+03   2.65e-06
  2.5148e+03   2.37e-06
  2.5804e+03   2.12e-06
  2.6477e+03   1.87e-06
  2.7168e+03   1.64e-06
  2.7876e+03   1.48e-06
  2.8603e+03   1.33e-06
  2.9349e+03   1.19e-06
  3.0115e+03   1.05e-06
  3.0900e+03   9.49e-07
  3.1706e+03   8.66e-07
  3.2533e+03   7.87e-07
  3.3382e+03   7.12e-07
  3.4253e+03   6.42e-07
  3.5146e+03   5.92e-07
  3.6063e+03   5.44e-07
  3.7003e+03   4.99e-07
  3.7969e+03   4.56e-07
  3.8959e+03   4.18e-07
  3.9975e+03   3.84e-07
  4.1018e+03   3.52e-07
  4.2088e+03   3.22e-07
  4.3185e+03   2.93e-07
  4.4312e+03   2.68e-07
  4.5467e+03   2.44e-07
  4.6653e+03   2.22e-07
  4.7870e+03   2.00e-07
  4.9119e+03   1.84e-07
  5.0400e+03   1.70e-07
