#  E [MeV]   Flux [# cm^{-2} s^{-1}  MeV^{-1}]
  3.0000e+04   3.84e-19
  3.0765e+04   3.70e-19
  3.1549e+04   3.56e-19
  3.2354e+04   3.43e-19
  3.3179e+04   3.30e-19
  3.4025e+04   3.18e-19
  3.4892e+04   3.06e-19
  3.5782e+04   2.94e-19
  3.6695e+04   2.83e-19
  3.7630e+04   2.72e-19
  3.8590e+04   2.62e-19
  3.9574e+04   2.51e-19
  4.0583e+04   2.42e-19
  4.1618e+04   2.32e-19
  4.2679e+04   2.23e-19
  4.3767e+04   2.14e-19
  4.4883e+04   2.06e-19
  4.6028e+04   1.97e-19
  4.7201e+04   1.89e-19
  4.8405e+04   1.82e-19
  4.9639e+04   1.74e-19
  5.0905e+04   1.67e-19
  5.2203e+04   1.60e-19
  5.3534e+04   1.54e-19
  5.4899e+04   1.47e-19
  5.6299e+04   1.41e-19
  5.7734e+04   1.35e-19
  5.9207e+04   1.30e-19
  6.0716e+04   1.24e-19
  6.2264e+04   1.19e-19
  6.3852e+04   1.14e-19
  6.5480e+04   1.09e-19
  6.7150e+04   1.04e-19
  6.8862e+04   9.99e-20
  7.0618e+04   9.56e-20
  7.2419e+04   9.14e-20
  7.4265e+04   8.74e-20
  7.6159e+04   8.35e-20
  7.8101e+04   7.98e-20
  8.0092e+04   7.62e-20
  8.2135e+04   7.28e-20
  8.4229e+04   6.95e-20
  8.6377e+04   6.64e-20
  8.8579e+04   6.33e-20
  9.0838e+04   6.04e-20
  9.3154e+04   5.76e-20
  9.5529e+04   5.49e-20
  9.7965e+04   5.23e-20
  1.0046e+05   4.99e-20
  1.0303e+05   4.75e-20
  1.0565e+05   4.52e-20
  1.0835e+05   4.30e-20
  1.1111e+05   4.09e-20
  1.1394e+05   3.89e-20
  1.1685e+05   3.70e-20
  1.1983e+05   3.51e-20
  1.2288e+05   3.34e-20
  1.2602e+05   3.17e-20
  1.2923e+05   3.01e-20
  1.3252e+05   2.85e-20
  1.3590e+05   2.70e-20
  1.3937e+05   2.56e-20
  1.4292e+05   2.43e-20
  1.4657e+05   2.30e-20
  1.5030e+05   2.18e-20
  1.5414e+05   2.06e-20
  1.5807e+05   1.95e-20
  1.6210e+05   1.84e-20
  1.6623e+05   1.74e-20
  1.7047e+05   1.64e-20
  1.7482e+05   1.55e-20
  1.7927e+05   1.47e-20
  1.8384e+05   1.38e-20
  1.8853e+05   1.30e-20
  1.9334e+05   1.23e-20
  1.9827e+05   1.16e-20
  2.0333e+05   1.09e-20
  2.0851e+05   1.02e-20
  2.1383e+05   9.61e-21
  2.1928e+05   9.03e-21
  2.2487e+05   8.48e-21
  2.3060e+05   7.95e-21
  2.3648e+05   7.44e-21
  2.4251e+05   6.97e-21
  2.4870e+05   6.53e-21
  2.5504e+05   6.11e-21
  2.6154e+05   5.71e-21
  2.6821e+05   5.33e-21
  2.7505e+05   4.98e-21
  2.8206e+05   4.65e-21
  2.8926e+05   4.33e-21
  2.9663e+05   4.03e-21
  3.0420e+05   3.75e-21
  3.1195e+05   3.50e-21
  3.1991e+05   3.25e-21
  3.2806e+05   3.02e-21
  3.3643e+05   2.80e-21
  3.4501e+05   2.60e-21
  3.5381e+05   2.41e-21
  3.6283e+05   2.23e-21
  3.7208e+05   2.06e-21
  3.8157e+05   1.91e-21
  3.9130e+05   1.77e-21
  4.0127e+05   1.63e-21
  4.1150e+05   1.50e-21
  4.2200e+05   1.38e-21
  4.3276e+05   1.28e-21
  4.4379e+05   1.18e-21
  4.5511e+05   1.08e-21
  4.6671e+05   9.89e-22
  4.7861e+05   9.07e-22
  4.9082e+05   8.34e-22
  5.0333e+05   7.65e-22
  5.1617e+05   7.00e-22
  5.2933e+05   6.38e-22
  5.4283e+05   5.84e-22
  5.5667e+05   5.35e-22
  5.7086e+05   4.89e-22
  5.8542e+05   4.45e-22
  6.0035e+05   4.04e-22
  6.1565e+05   3.70e-22
  6.3135e+05   3.37e-22
  6.4745e+05   3.06e-22
  6.6396e+05   2.77e-22
  6.8089e+05   2.52e-22
  6.9825e+05   2.30e-22
  7.1606e+05   2.08e-22
  7.3432e+05   1.88e-22
  7.5304e+05   1.70e-22
  7.7224e+05   1.55e-22
  7.9193e+05   1.40e-22
  8.1213e+05   1.27e-22
  8.3283e+05   1.14e-22
  8.5407e+05   1.03e-22
  8.7585e+05   9.33e-23
  8.9818e+05   8.43e-23
  9.2108e+05   7.58e-23
  9.4457e+05   6.78e-23
  9.6866e+05   6.14e-23
  9.9336e+05   5.55e-23
  1.0187e+06   5.00e-23
  1.0447e+06   4.48e-23
  1.0713e+06   4.01e-23
  1.0986e+06   3.63e-23
  1.1266e+06   3.28e-23
  1.1554e+06   2.94e-23
  1.1848e+06   2.63e-23
  1.2150e+06   2.37e-23
  1.2460e+06   2.14e-23
  1.2778e+06   1.93e-23
  1.3104e+06   1.72e-23
  1.3438e+06   1.54e-23
  1.3780e+06   1.39e-23
  1.4132e+06   1.26e-23
  1.4492e+06   1.13e-23
  1.4862e+06   1.01e-23
  1.5241e+06   9.10e-24
  1.5629e+06   8.25e-24
  1.6028e+06   7.45e-24
  1.6436e+06   6.70e-24
  1.6856e+06   5.98e-24
  1.7285e+06   5.46e-24
  1.7726e+06   4.97e-24
  1.8178e+06   4.50e-24
  1.8642e+06   4.06e-24
  1.9117e+06   3.68e-24
  1.9604e+06   3.37e-24
  2.0104e+06   3.07e-24
  2.0617e+06   2.79e-24
  2.1143e+06   2.53e-24
  2.1682e+06   2.32e-24
  2.2235e+06   2.14e-24
  2.2802e+06   1.96e-24
  2.3383e+06   1.79e-24
  2.3979e+06   1.64e-24
  2.4591e+06   1.52e-24
  2.5218e+06   1.40e-24
  2.5861e+06   1.29e-24
  2.6520e+06   1.19e-24
  2.7196e+06   1.10e-24
  2.7890e+06   1.02e-24
  2.8601e+06   9.48e-25
  2.9330e+06   8.77e-25
  3.0078e+06   8.11e-25
  3.0845e+06   7.56e-25
  3.1632e+06   7.04e-25
  3.2438e+06   6.54e-25
  3.3265e+06   6.07e-25
  3.4113e+06   5.63e-25
  3.4983e+06   5.23e-25
  3.5875e+06   4.84e-25
  3.6790e+06   4.47e-25
  3.7728e+06   4.12e-25
  3.8690e+06   3.80e-25
  3.9677e+06   3.49e-25
  4.0689e+06   3.20e-25
  4.1726e+06   2.92e-25
  4.2790e+06   2.69e-25
  4.3881e+06   2.50e-25
  4.5000e+06   2.32e-25
