#  E [GeV]   # per interaction  [GeV^{-1}]
  3.0000e+01   1.79e-02
  3.0943e+01   1.73e-02
  3.1916e+01   1.66e-02
  3.2920e+01   1.60e-02
  3.3955e+01   1.54e-02
  3.5023e+01   1.48e-02
  3.6124e+01   1.43e-02
  3.7260e+01   1.37e-02
  3.8432e+01   1.32e-02
  3.9640e+01   1.27e-02
  4.0887e+01   1.22e-02
  4.2172e+01   1.17e-02
  4.3499e+01   1.13e-02
  4.4866e+01   1.08e-02
  4.6277e+01   1.04e-02
  4.7732e+01   1.00e-02
  4.9233e+01   9.60e-03
  5.0781e+01   9.21e-03
  5.2378e+01   8.85e-03
  5.4025e+01   8.49e-03
  5.5724e+01   8.15e-03
  5.7476e+01   7.82e-03
  5.9284e+01   7.50e-03
  6.1148e+01   7.19e-03
  6.3071e+01   6.89e-03
  6.5054e+01   6.61e-03
  6.7100e+01   6.34e-03
  6.9210e+01   6.07e-03
  7.1386e+01   5.82e-03
  7.3631e+01   5.57e-03
  7.5946e+01   5.34e-03
  7.8334e+01   5.11e-03
  8.0797e+01   4.90e-03
  8.3338e+01   4.69e-03
  8.5959e+01   4.49e-03
  8.8662e+01   4.29e-03
  9.1450e+01   4.11e-03
  9.4325e+01   3.93e-03
  9.7291e+01   3.76e-03
  1.0035e+02   3.59e-03
  1.0351e+02   3.43e-03
  1.0676e+02   3.28e-03
  1.1012e+02   3.14e-03
  1.1358e+02   3.00e-03
  1.1715e+02   2.86e-03
  1.2084e+02   2.73e-03
  1.2464e+02   2.61e-03
  1.2856e+02   2.49e-03
  1.3260e+02   2.38e-03
  1.3677e+02   2.27e-03
  1.4107e+02   2.17e-03
  1.4550e+02   2.07e-03
  1.5008e+02   1.97e-03
  1.5480e+02   1.88e-03
  1.5967e+02   1.79e-03
  1.6469e+02   1.71e-03
  1.6987e+02   1.63e-03
  1.7521e+02   1.55e-03
  1.8072e+02   1.48e-03
  1.8640e+02   1.41e-03
  1.9226e+02   1.34e-03
  1.9831e+02   1.28e-03
  2.0454e+02   1.22e-03
  2.1097e+02   1.16e-03
  2.1761e+02   1.10e-03
  2.2445e+02   1.05e-03
  2.3151e+02   9.98e-04
  2.3879e+02   9.49e-04
  2.4630e+02   9.02e-04
  2.5404e+02   8.58e-04
  2.6203e+02   8.15e-04
  2.7027e+02   7.74e-04
  2.7877e+02   7.36e-04
  2.8753e+02   6.99e-04
  2.9657e+02   6.63e-04
  3.0590e+02   6.29e-04
  3.1552e+02   5.97e-04
  3.2544e+02   5.66e-04
  3.3567e+02   5.37e-04
  3.4623e+02   5.09e-04
  3.5712e+02   4.83e-04
  3.6835e+02   4.57e-04
  3.7993e+02   4.33e-04
  3.9188e+02   4.10e-04
  4.0420e+02   3.89e-04
  4.1691e+02   3.68e-04
  4.3002e+02   3.48e-04
  4.4354e+02   3.29e-04
  4.5749e+02   3.11e-04
  4.7187e+02   2.95e-04
  4.8671e+02   2.79e-04
  5.0202e+02   2.63e-04
  5.1780e+02   2.49e-04
  5.3409e+02   2.35e-04
  5.5088e+02   2.22e-04
  5.6820e+02   2.10e-04
  5.8607e+02   1.99e-04
  6.0450e+02   1.88e-04
  6.2351e+02   1.77e-04
  6.4311e+02   1.68e-04
  6.6334e+02   1.58e-04
  6.8419e+02   1.50e-04
  7.0571e+02   1.41e-04
  7.2790e+02   1.34e-04
  7.5079e+02   1.26e-04
  7.7440e+02   1.19e-04
  7.9875e+02   1.13e-04
  8.2387e+02   1.07e-04
  8.4977e+02   1.01e-04
  8.7649e+02   9.56e-05
  9.0405e+02   9.05e-05
  9.3248e+02   8.57e-05
  9.6180e+02   8.11e-05
  9.9205e+02   7.68e-05
  1.0232e+03   7.28e-05
  1.0554e+03   6.90e-05
  1.0886e+03   6.54e-05
  1.1228e+03   6.21e-05
  1.1581e+03   5.89e-05
  1.1946e+03   5.58e-05
  1.2321e+03   5.30e-05
  1.2709e+03   5.04e-05
  1.3108e+03   4.79e-05
  1.3521e+03   4.55e-05
  1.3946e+03   4.33e-05
  1.4384e+03   4.12e-05
  1.4837e+03   3.92e-05
  1.5303e+03   3.73e-05
  1.5784e+03   3.55e-05
  1.6281e+03   3.39e-05
  1.6793e+03   3.23e-05
  1.7321e+03   3.08e-05
  1.7865e+03   2.93e-05
  1.8427e+03   2.80e-05
  1.9006e+03   2.67e-05
  1.9604e+03   2.55e-05
  2.0221e+03   2.43e-05
  2.0856e+03   2.32e-05
  2.1512e+03   2.21e-05
  2.2189e+03   2.11e-05
  2.2886e+03   2.02e-05
  2.3606e+03   1.93e-05
  2.4348e+03   1.84e-05
  2.5114e+03   1.76e-05
  2.5904e+03   1.68e-05
  2.6718e+03   1.60e-05
  2.7558e+03   1.53e-05
  2.8425e+03   1.46e-05
  2.9319e+03   1.40e-05
  3.0241e+03   1.33e-05
  3.1192e+03   1.27e-05
  3.2173e+03   1.21e-05
  3.3184e+03   1.16e-05
  3.4228e+03   1.10e-05
  3.5304e+03   1.05e-05
  3.6414e+03   1.00e-05
  3.7559e+03   9.54e-06
  3.8740e+03   9.07e-06
  3.9958e+03   8.63e-06
  4.1215e+03   8.19e-06
  4.2511e+03   7.78e-06
  4.3848e+03   7.38e-06
  4.5227e+03   7.00e-06
  4.6649e+03   6.62e-06
  4.8116e+03   6.27e-06
  4.9629e+03   5.92e-06
  5.1189e+03   5.59e-06
  5.2799e+03   5.27e-06
  5.4459e+03   4.97e-06
  5.6171e+03   4.67e-06
  5.7938e+03   4.39e-06
  5.9760e+03   4.12e-06
  6.1639e+03   3.86e-06
  6.3577e+03   3.61e-06
  6.5576e+03   3.37e-06
  6.7638e+03   3.14e-06
  6.9765e+03   2.92e-06
  7.1959e+03   2.71e-06
  7.4222e+03   2.51e-06
  7.6556e+03   2.32e-06
  7.8963e+03   2.14e-06
  8.1446e+03   1.97e-06
  8.4007e+03   1.81e-06
  8.6649e+03   1.65e-06
  8.9373e+03   1.51e-06
  9.2184e+03   1.37e-06
  9.5082e+03   1.24e-06
  9.8072e+03   1.12e-06
  1.0116e+04   1.00e-06
  1.0434e+04   8.94e-07
  1.0762e+04   7.95e-07
  1.1100e+04   7.03e-07
  1.1449e+04   6.18e-07
  1.1809e+04   5.39e-07
  1.2181e+04   4.68e-07
  1.2564e+04   4.02e-07
  1.2959e+04   3.43e-07
  1.3366e+04   2.90e-07
  1.3786e+04   2.44e-07
  1.4220e+04   2.03e-07
