#  E [GeV]   # per interaction  [GeV^{-1}]
  3.0000e+01   2.63e-02
  3.1141e+01   2.53e-02
  3.2326e+01   2.43e-02
  3.3556e+01   2.34e-02
  3.4832e+01   2.25e-02
  3.6157e+01   2.16e-02
  3.7533e+01   2.08e-02
  3.8961e+01   1.99e-02
  4.0443e+01   1.91e-02
  4.1982e+01   1.84e-02
  4.3579e+01   1.76e-02
  4.5237e+01   1.69e-02
  4.6958e+01   1.62e-02
  4.8744e+01   1.56e-02
  5.0598e+01   1.49e-02
  5.2523e+01   1.43e-02
  5.4521e+01   1.37e-02
  5.6596e+01   1.32e-02
  5.8749e+01   1.26e-02
  6.0984e+01   1.21e-02
  6.3304e+01   1.16e-02
  6.5712e+01   1.11e-02
  6.8212e+01   1.06e-02
  7.0807e+01   1.01e-02
  7.3500e+01   9.69e-03
  7.6297e+01   9.27e-03
  7.9199e+01   8.85e-03
  8.2212e+01   8.46e-03
  8.5340e+01   8.08e-03
  8.8586e+01   7.72e-03
  9.1956e+01   7.37e-03
  9.5455e+01   7.03e-03
  9.9086e+01   6.71e-03
  1.0286e+02   6.40e-03
  1.0677e+02   6.10e-03
  1.1083e+02   5.81e-03
  1.1505e+02   5.54e-03
  1.1942e+02   5.28e-03
  1.2397e+02   5.02e-03
  1.2868e+02   4.78e-03
  1.3358e+02   4.55e-03
  1.3866e+02   4.33e-03
  1.4394e+02   4.11e-03
  1.4941e+02   3.91e-03
  1.5509e+02   3.71e-03
  1.6100e+02   3.52e-03
  1.6712e+02   3.34e-03
  1.7348e+02   3.17e-03
  1.8008e+02   3.01e-03
  1.8693e+02   2.85e-03
  1.9404e+02   2.70e-03
  2.0142e+02   2.55e-03
  2.0908e+02   2.42e-03
  2.1704e+02   2.28e-03
  2.2529e+02   2.16e-03
  2.3387e+02   2.04e-03
  2.4276e+02   1.92e-03
  2.5200e+02   1.81e-03
  2.6158e+02   1.71e-03
  2.7154e+02   1.61e-03
  2.8187e+02   1.51e-03
  2.9259e+02   1.42e-03
  3.0372e+02   1.34e-03
  3.1527e+02   1.26e-03
  3.2727e+02   1.18e-03
  3.3972e+02   1.11e-03
  3.5264e+02   1.04e-03
  3.6606e+02   9.71e-04
  3.7998e+02   9.08e-04
  3.9444e+02   8.49e-04
  4.0945e+02   7.93e-04
  4.2502e+02   7.40e-04
  4.4119e+02   6.91e-04
  4.5798e+02   6.44e-04
  4.7540e+02   6.00e-04
  4.9348e+02   5.58e-04
  5.1226e+02   5.19e-04
  5.3175e+02   4.83e-04
  5.5198e+02   4.48e-04
  5.7297e+02   4.16e-04
  5.9477e+02   3.86e-04
  6.1740e+02   3.59e-04
  6.4089e+02   3.33e-04
  6.6527e+02   3.08e-04
  6.9058e+02   2.86e-04
  7.1685e+02   2.65e-04
  7.4412e+02   2.45e-04
  7.7243e+02   2.27e-04
  8.0181e+02   2.10e-04
  8.3232e+02   1.95e-04
  8.6398e+02   1.80e-04
  8.9685e+02   1.67e-04
  9.3097e+02   1.55e-04
  9.6638e+02   1.43e-04
  1.0031e+03   1.33e-04
  1.0413e+03   1.23e-04
  1.0809e+03   1.14e-04
  1.1220e+03   1.06e-04
  1.1647e+03   9.83e-05
  1.2090e+03   9.13e-05
  1.2550e+03   8.48e-05
  1.3028e+03   7.88e-05
  1.3523e+03   7.33e-05
  1.4038e+03   6.82e-05
  1.4572e+03   6.35e-05
  1.5126e+03   5.92e-05
  1.5702e+03   5.52e-05
  1.6299e+03   5.14e-05
  1.6919e+03   4.80e-05
  1.7563e+03   4.48e-05
  1.8231e+03   4.18e-05
  1.8925e+03   3.91e-05
  1.9645e+03   3.65e-05
  2.0392e+03   3.42e-05
  2.1168e+03   3.19e-05
  2.1973e+03   2.99e-05
  2.2809e+03   2.80e-05
  2.3677e+03   2.62e-05
  2.4577e+03   2.45e-05
  2.5512e+03   2.30e-05
  2.6483e+03   2.15e-05
  2.7490e+03   2.02e-05
  2.8536e+03   1.89e-05
  2.9622e+03   1.77e-05
  3.0749e+03   1.66e-05
  3.1918e+03   1.56e-05
  3.3133e+03   1.46e-05
  3.4393e+03   1.37e-05
  3.5702e+03   1.28e-05
  3.7060e+03   1.20e-05
  3.8470e+03   1.12e-05
  3.9933e+03   1.05e-05
  4.1452e+03   9.77e-06
  4.3029e+03   9.11e-06
  4.4666e+03   8.50e-06
  4.6366e+03   7.92e-06
  4.8129e+03   7.36e-06
  4.9960e+03   6.84e-06
  5.1861e+03   6.35e-06
  5.3834e+03   5.88e-06
  5.5882e+03   5.44e-06
  5.8008e+03   5.03e-06
  6.0215e+03   4.63e-06
  6.2506e+03   4.26e-06
  6.4883e+03   3.90e-06
  6.7352e+03   3.57e-06
  6.9914e+03   3.26e-06
  7.2574e+03   2.96e-06
  7.5335e+03   2.68e-06
  7.8201e+03   2.41e-06
  8.1176e+03   2.17e-06
  8.4264e+03   1.94e-06
  8.7470e+03   1.72e-06
  9.0797e+03   1.52e-06
  9.4251e+03   1.33e-06
  9.7837e+03   1.16e-06
  1.0156e+04   1.01e-06
  1.0542e+04   8.63e-07
  1.0943e+04   7.33e-07
  1.1360e+04   6.16e-07
  1.1792e+04   5.12e-07
  1.2240e+04   4.20e-07
  1.2706e+04   3.40e-07
  1.3189e+04   2.71e-07
  1.3691e+04   2.12e-07
  1.4212e+04   1.63e-07
  1.4753e+04   1.22e-07
  1.5314e+04   8.94e-08
  1.5897e+04   6.37e-08
  1.6501e+04   4.40e-08
  1.7129e+04   2.94e-08
  1.7781e+04   1.88e-08
  1.8457e+04   1.15e-08
  1.9159e+04   6.72e-09
  1.9888e+04   3.69e-09
  2.0645e+04   1.89e-09
  2.1430e+04   8.99e-10
  2.2245e+04   3.91e-10
  2.3092e+04   1.53e-10
  2.3970e+04   5.32e-11
  2.4882e+04   1.61e-11
  2.5829e+04   4.11e-12
  2.6811e+04   8.69e-13
  2.7831e+04   1.46e-13
  2.8890e+04   1.87e-14
  2.9989e+04   1.73e-15
  3.1130e+04   1.09e-16
  3.2314e+04   4.26e-18
  3.3544e+04   9.46e-20
  3.4820e+04   1.05e-21
  3.6144e+04   4.97e-24
  3.7519e+04   8.23e-27
  3.8947e+04   3.69e-30
  4.0428e+04   3.22e-34
  4.1966e+04   3.59e-39
  4.3563e+04   2.92e-45
  4.5220e+04   1.06e-46
  4.6941e+04   9.98e-47
  4.8726e+04   9.44e-47
  5.0580e+04   8.93e-47
