#  E [MeV]   Flux [# cm^{-2} s^{-1}  MeV^{-1}]
  3.0000e+04   1.55e-26
  3.1141e+04   1.50e-26
  3.2326e+04   1.44e-26
  3.3556e+04   1.38e-26
  3.4832e+04   1.33e-26
  3.6157e+04   1.28e-26
  3.7533e+04   1.23e-26
  3.8961e+04   1.18e-26
  4.0443e+04   1.13e-26
  4.1982e+04   1.09e-26
  4.3579e+04   1.04e-26
  4.5237e+04   1.00e-26
  4.6958e+04   9.61e-27
  4.8744e+04   9.21e-27
  5.0598e+04   8.83e-27
  5.2523e+04   8.47e-27
  5.4521e+04   8.12e-27
  5.6596e+04   7.78e-27
  5.8749e+04   7.45e-27
  6.0984e+04   7.14e-27
  6.3304e+04   6.83e-27
  6.5712e+04   6.54e-27
  6.8212e+04   6.26e-27
  7.0807e+04   5.99e-27
  7.3500e+04   5.73e-27
  7.6297e+04   5.48e-27
  7.9199e+04   5.24e-27
  8.2212e+04   5.00e-27
  8.5340e+04   4.78e-27
  8.8586e+04   4.56e-27
  9.1956e+04   4.36e-27
  9.5455e+04   4.16e-27
  9.9086e+04   3.97e-27
  1.0286e+05   3.78e-27
  1.0677e+05   3.61e-27
  1.1083e+05   3.44e-27
  1.1505e+05   3.28e-27
  1.1942e+05   3.12e-27
  1.2397e+05   2.97e-27
  1.2868e+05   2.83e-27
  1.3358e+05   2.69e-27
  1.3866e+05   2.56e-27
  1.4394e+05   2.43e-27
  1.4941e+05   2.31e-27
  1.5509e+05   2.19e-27
  1.6100e+05   2.08e-27
  1.6712e+05   1.98e-27
  1.7348e+05   1.88e-27
  1.8008e+05   1.78e-27
  1.8693e+05   1.68e-27
  1.9404e+05   1.60e-27
  2.0142e+05   1.51e-27
  2.0908e+05   1.43e-27
  2.1704e+05   1.35e-27
  2.2529e+05   1.28e-27
  2.3387e+05   1.20e-27
  2.4276e+05   1.14e-27
  2.5200e+05   1.07e-27
  2.6158e+05   1.01e-27
  2.7154e+05   9.52e-28
  2.8187e+05   8.96e-28
  2.9259e+05   8.42e-28
  3.0372e+05   7.92e-28
  3.1527e+05   7.43e-28
  3.2727e+05   6.98e-28
  3.3972e+05   6.54e-28
  3.5264e+05   6.13e-28
  3.6606e+05   5.74e-28
  3.7998e+05   5.37e-28
  3.9444e+05   5.02e-28
  4.0945e+05   4.69e-28
  4.2502e+05   4.38e-28
  4.4119e+05   4.08e-28
  4.5798e+05   3.81e-28
  4.7540e+05   3.55e-28
  4.9348e+05   3.30e-28
  5.1226e+05   3.07e-28
  5.3175e+05   2.85e-28
  5.5198e+05   2.65e-28
  5.7297e+05   2.46e-28
  5.9477e+05   2.29e-28
  6.1740e+05   2.12e-28
  6.4089e+05   1.97e-28
  6.6527e+05   1.82e-28
  6.9058e+05   1.69e-28
  7.1685e+05   1.56e-28
  7.4412e+05   1.45e-28
  7.7243e+05   1.34e-28
  8.0181e+05   1.24e-28
  8.3232e+05   1.15e-28
  8.6398e+05   1.07e-28
  8.9685e+05   9.88e-29
  9.3097e+05   9.15e-29
  9.6638e+05   8.48e-29
  1.0031e+06   7.86e-29
  1.0413e+06   7.28e-29
  1.0809e+06   6.75e-29
  1.1220e+06   6.27e-29
  1.1647e+06   5.82e-29
  1.2090e+06   5.40e-29
  1.2550e+06   5.02e-29
  1.3028e+06   4.66e-29
  1.3523e+06   4.33e-29
  1.4038e+06   4.04e-29
  1.4572e+06   3.76e-29
  1.5126e+06   3.50e-29
  1.5702e+06   3.26e-29
  1.6299e+06   3.04e-29
  1.6919e+06   2.84e-29
  1.7563e+06   2.65e-29
  1.8231e+06   2.47e-29
  1.8925e+06   2.31e-29
  1.9645e+06   2.16e-29
  2.0392e+06   2.02e-29
  2.1168e+06   1.89e-29
  2.1973e+06   1.77e-29
  2.2809e+06   1.66e-29
  2.3677e+06   1.55e-29
  2.4577e+06   1.45e-29
  2.5512e+06   1.36e-29
  2.6483e+06   1.27e-29
  2.7490e+06   1.19e-29
  2.8536e+06   1.12e-29
  2.9622e+06   1.05e-29
  3.0749e+06   9.83e-30
  3.1918e+06   9.21e-30
  3.3133e+06   8.62e-30
  3.4393e+06   8.08e-30
  3.5702e+06   7.56e-30
  3.7060e+06   7.07e-30
  3.8470e+06   6.62e-30
  3.9933e+06   6.19e-30
  4.1452e+06   5.78e-30
  4.3029e+06   5.39e-30
  4.4666e+06   5.03e-30
  4.6366e+06   4.68e-30
  4.8129e+06   4.35e-30
  4.9960e+06   4.05e-30
  5.1861e+06   3.76e-30
  5.3834e+06   3.48e-30
  5.5882e+06   3.22e-30
  5.8008e+06   2.97e-30
  6.0215e+06   2.74e-30
  6.2506e+06   2.52e-30
  6.4883e+06   2.31e-30
  6.7352e+06   2.11e-30
  6.9914e+06   1.93e-30
  7.2574e+06   1.75e-30
  7.5335e+06   1.58e-30
  7.8201e+06   1.43e-30
  8.1176e+06   1.28e-30
  8.4264e+06   1.15e-30
  8.7470e+06   1.02e-30
  9.0797e+06   8.99e-31
  9.4251e+06   7.89e-31
  9.7837e+06   6.88e-31
  1.0156e+07   5.95e-31
  1.0542e+07   5.10e-31
  1.0943e+07   4.34e-31
  1.1360e+07   3.65e-31
  1.1792e+07   3.03e-31
  1.2240e+07   2.49e-31
  1.2706e+07   2.01e-31
  1.3189e+07   1.60e-31
  1.3691e+07   1.25e-31
  1.4212e+07   9.62e-32
  1.4753e+07   7.22e-32
  1.5314e+07   5.29e-32
  1.5897e+07   3.77e-32
  1.6501e+07   2.60e-32
  1.7129e+07   1.74e-32
  1.7781e+07   1.11e-32
  1.8457e+07   6.83e-33
  1.9159e+07   3.97e-33
  1.9888e+07   2.18e-33
  2.0645e+07   1.12e-33
  2.1430e+07   5.32e-34
  2.2245e+07   2.31e-34
  2.3092e+07   9.05e-35
  2.3970e+07   3.14e-35
  2.4882e+07   9.50e-36
  2.5829e+07   2.43e-36
  2.6811e+07   5.14e-37
  2.7831e+07   8.63e-38
  2.8890e+07   1.11e-38
  2.9989e+07   1.02e-39
  3.1130e+07   6.42e-41
  3.2314e+07   2.52e-42
  3.3544e+07   5.59e-44
  3.4820e+07   6.21e-46
  3.6144e+07   2.94e-48
  3.7519e+07   4.87e-51
  3.8947e+07   2.18e-54
  4.0428e+07   1.91e-58
  4.1966e+07   2.12e-63
  4.3563e+07   1.73e-69
  4.5220e+07   6.28e-71
  4.6941e+07   5.90e-71
  4.8726e+07   5.58e-71
  5.0580e+07   5.28e-71
