#  E [MeV]   Flux [# cm^{-2} s^{-1}  MeV^{-1}]
  3.0000e+04   2.15e-18
  3.0589e+04   2.08e-18
  3.1190e+04   2.00e-18
  3.1803e+04   1.93e-18
  3.2428e+04   1.86e-18
  3.3065e+04   1.80e-18
  3.3714e+04   1.74e-18
  3.4376e+04   1.67e-18
  3.5052e+04   1.61e-18
  3.5740e+04   1.55e-18
  3.6442e+04   1.50e-18
  3.7158e+04   1.44e-18
  3.7888e+04   1.39e-18
  3.8632e+04   1.34e-18
  3.9391e+04   1.29e-18
  4.0165e+04   1.24e-18
  4.0954e+04   1.19e-18
  4.1758e+04   1.15e-18
  4.2579e+04   1.11e-18
  4.3415e+04   1.06e-18
  4.4268e+04   1.02e-18
  4.5138e+04   9.82e-19
  4.6024e+04   9.44e-19
  4.6928e+04   9.08e-19
  4.7850e+04   8.72e-19
  4.8790e+04   8.37e-19
  4.9749e+04   8.04e-19
  5.0726e+04   7.72e-19
  5.1722e+04   7.41e-19
  5.2738e+04   7.11e-19
  5.3774e+04   6.83e-19
  5.4831e+04   6.55e-19
  5.5908e+04   6.27e-19
  5.7006e+04   6.02e-19
  5.8126e+04   5.77e-19
  5.9268e+04   5.53e-19
  6.0432e+04   5.30e-19
  6.1619e+04   5.07e-19
  6.2829e+04   4.86e-19
  6.4064e+04   4.65e-19
  6.5322e+04   4.45e-19
  6.6605e+04   4.26e-19
  6.7913e+04   4.08e-19
  6.9248e+04   3.90e-19
  7.0608e+04   3.72e-19
  7.1995e+04   3.56e-19
  7.3409e+04   3.40e-19
  7.4851e+04   3.25e-19
  7.6321e+04   3.10e-19
  7.7821e+04   2.96e-19
  7.9349e+04   2.82e-19
  8.0908e+04   2.69e-19
  8.2497e+04   2.57e-19
  8.4118e+04   2.45e-19
  8.5770e+04   2.34e-19
  8.7455e+04   2.22e-19
  8.9173e+04   2.12e-19
  9.0925e+04   2.02e-19
  9.2711e+04   1.92e-19
  9.4532e+04   1.83e-19
  9.6389e+04   1.74e-19
  9.8283e+04   1.65e-19
  1.0021e+05   1.57e-19
  1.0218e+05   1.49e-19
  1.0419e+05   1.42e-19
  1.0624e+05   1.35e-19
  1.0832e+05   1.28e-19
  1.1045e+05   1.21e-19
  1.1262e+05   1.15e-19
  1.1483e+05   1.09e-19
  1.1709e+05   1.04e-19
  1.1939e+05   9.83e-20
  1.2173e+05   9.31e-20
  1.2412e+05   8.81e-20
  1.2656e+05   8.32e-20
  1.2905e+05   7.90e-20
  1.3158e+05   7.48e-20
  1.3417e+05   7.08e-20
  1.3680e+05   6.69e-20
  1.3949e+05   6.32e-20
  1.4223e+05   5.96e-20
  1.4503e+05   5.64e-20
  1.4787e+05   5.33e-20
  1.5078e+05   5.03e-20
  1.5374e+05   4.74e-20
  1.5676e+05   4.47e-20
  1.5984e+05   4.20e-20
  1.6298e+05   3.97e-20
  1.6618e+05   3.74e-20
  1.6945e+05   3.53e-20
  1.7278e+05   3.32e-20
  1.7617e+05   3.11e-20
  1.7963e+05   2.92e-20
  1.8316e+05   2.76e-20
  1.8676e+05   2.59e-20
  1.9042e+05   2.44e-20
  1.9417e+05   2.29e-20
  1.9798e+05   2.14e-20
  2.0187e+05   2.01e-20
  2.0583e+05   1.89e-20
  2.0988e+05   1.77e-20
  2.1400e+05   1.66e-20
  2.1820e+05   1.56e-20
  2.2249e+05   1.45e-20
  2.2686e+05   1.36e-20
  2.3132e+05   1.28e-20
  2.3586e+05   1.20e-20
  2.4049e+05   1.12e-20
  2.4522e+05   1.04e-20
  2.5004e+05   9.71e-21
  2.5495e+05   9.07e-21
  2.5996e+05   8.50e-21
  2.6506e+05   7.95e-21
  2.7027e+05   7.41e-21
  2.7558e+05   6.90e-21
  2.8099e+05   6.40e-21
  2.8651e+05   5.96e-21
  2.9214e+05   5.58e-21
  2.9788e+05   5.20e-21
  3.0373e+05   4.84e-21
  3.0970e+05   4.49e-21
  3.1578e+05   4.15e-21
  3.2198e+05   3.86e-21
  3.2831e+05   3.60e-21
  3.3476e+05   3.35e-21
  3.4133e+05   3.11e-21
  3.4804e+05   2.87e-21
  3.5487e+05   2.65e-21
  3.6185e+05   2.46e-21
  3.6895e+05   2.29e-21
  3.7620e+05   2.13e-21
  3.8359e+05   1.97e-21
  3.9113e+05   1.81e-21
  3.9881e+05   1.67e-21
  4.0664e+05   1.55e-21
  4.1463e+05   1.44e-21
  4.2278e+05   1.33e-21
  4.3108e+05   1.23e-21
  4.3955e+05   1.13e-21
  4.4818e+05   1.04e-21
  4.5699e+05   9.62e-22
  4.6596e+05   8.93e-22
  4.7512e+05   8.26e-22
  4.8445e+05   7.61e-22
  4.9397e+05   6.99e-22
  5.0367e+05   6.39e-22
  5.1356e+05   5.94e-22
  5.2365e+05   5.50e-22
  5.3394e+05   5.09e-22
  5.4443e+05   4.68e-22
  5.5512e+05   4.29e-22
  5.6603e+05   3.93e-22
  5.7715e+05   3.65e-22
  5.8848e+05   3.39e-22
  6.0004e+05   3.13e-22
  6.1183e+05   2.88e-22
  6.2385e+05   2.64e-22
  6.3610e+05   2.42e-22
  6.4860e+05   2.26e-22
  6.6134e+05   2.10e-22
  6.7433e+05   1.94e-22
  6.8758e+05   1.79e-22
  7.0108e+05   1.65e-22
  7.1486e+05   1.52e-22
  7.2890e+05   1.42e-22
  7.4322e+05   1.32e-22
  7.5782e+05   1.23e-22
  7.7270e+05   1.14e-22
  7.8788e+05   1.05e-22
  8.0336e+05   9.76e-23
  8.1914e+05   9.14e-23
  8.3523e+05   8.54e-23
  8.5164e+05   7.97e-23
  8.6837e+05   7.41e-23
  8.8542e+05   6.87e-23
  9.0282e+05   6.40e-23
  9.2055e+05   6.02e-23
  9.3863e+05   5.65e-23
  9.5707e+05   5.30e-23
  9.7587e+05   4.96e-23
  9.9504e+05   4.63e-23
  1.0146e+06   4.34e-23
  1.0345e+06   4.09e-23
  1.0548e+06   3.85e-23
  1.0756e+06   3.62e-23
  1.0967e+06   3.39e-23
  1.1182e+06   3.18e-23
  1.1402e+06   2.98e-23
  1.1626e+06   2.81e-23
  1.1854e+06   2.63e-23
  1.2087e+06   2.47e-23
  1.2325e+06   2.31e-23
  1.2567e+06   2.15e-23
  1.2814e+06   2.01e-23
  1.3065e+06   1.87e-23
  1.3322e+06   1.74e-23
  1.3584e+06   1.61e-23
  1.3851e+06   1.48e-23
  1.4123e+06   1.36e-23
  1.4400e+06   1.28e-23
