#  E [GeV]   # per interaction  [GeV^{-1}]
  3.0000e+01   1.19e-01
  3.0501e+01   1.14e-01
  3.1010e+01   1.10e-01
  3.1528e+01   1.07e-01
  3.2055e+01   1.03e-01
  3.2590e+01   9.91e-02
  3.3134e+01   9.55e-02
  3.3688e+01   9.20e-02
  3.4250e+01   8.87e-02
  3.4822e+01   8.55e-02
  3.5404e+01   8.24e-02
  3.5995e+01   7.93e-02
  3.6596e+01   7.63e-02
  3.7207e+01   7.34e-02
  3.7829e+01   7.07e-02
  3.8460e+01   6.81e-02
  3.9103e+01   6.55e-02
  3.9756e+01   6.30e-02
  4.0420e+01   6.05e-02
  4.1095e+01   5.82e-02
  4.1781e+01   5.58e-02
  4.2479e+01   5.37e-02
  4.3188e+01   5.16e-02
  4.3909e+01   4.96e-02
  4.4642e+01   4.76e-02
  4.5388e+01   4.57e-02
  4.6146e+01   4.38e-02
  4.6917e+01   4.20e-02
  4.7700e+01   4.03e-02
  4.8497e+01   3.87e-02
  4.9307e+01   3.71e-02
  5.0130e+01   3.56e-02
  5.0967e+01   3.41e-02
  5.1818e+01   3.27e-02
  5.2684e+01   3.12e-02
  5.3563e+01   2.99e-02
  5.4458e+01   2.87e-02
  5.5367e+01   2.75e-02
  5.6292e+01   2.63e-02
  5.7232e+01   2.52e-02
  5.8188e+01   2.41e-02
  5.9160e+01   2.30e-02
  6.0148e+01   2.20e-02
  6.1152e+01   2.11e-02
  6.2173e+01   2.01e-02
  6.3212e+01   1.92e-02
  6.4267e+01   1.84e-02
  6.5340e+01   1.75e-02
  6.6432e+01   1.67e-02
  6.7541e+01   1.60e-02
  6.8669e+01   1.53e-02
  6.9816e+01   1.46e-02
  7.0982e+01   1.39e-02
  7.2167e+01   1.32e-02
  7.3372e+01   1.26e-02
  7.4598e+01   1.20e-02
  7.5843e+01   1.14e-02
  7.7110e+01   1.09e-02
  7.8398e+01   1.04e-02
  7.9707e+01   9.88e-03
  8.1038e+01   9.40e-03
  8.2391e+01   8.92e-03
  8.3767e+01   8.46e-03
  8.5166e+01   8.06e-03
  8.6588e+01   7.67e-03
  8.8034e+01   7.30e-03
  8.9505e+01   6.93e-03
  9.0999e+01   6.57e-03
  9.2519e+01   6.23e-03
  9.4064e+01   5.89e-03
  9.5635e+01   5.60e-03
  9.7232e+01   5.33e-03
  9.8856e+01   5.05e-03
  1.0051e+02   4.79e-03
  1.0219e+02   4.53e-03
  1.0389e+02   4.29e-03
  1.0563e+02   4.05e-03
  1.0739e+02   3.84e-03
  1.0918e+02   3.64e-03
  1.1101e+02   3.45e-03
  1.1286e+02   3.26e-03
  1.1475e+02   3.08e-03
  1.1666e+02   2.91e-03
  1.1861e+02   2.74e-03
  1.2059e+02   2.60e-03
  1.2260e+02   2.46e-03
  1.2465e+02   2.32e-03
  1.2673e+02   2.19e-03
  1.2885e+02   2.06e-03
  1.3100e+02   1.94e-03
  1.3319e+02   1.82e-03
  1.3541e+02   1.73e-03
  1.3768e+02   1.63e-03
  1.3997e+02   1.54e-03
  1.4231e+02   1.45e-03
  1.4469e+02   1.36e-03
  1.4711e+02   1.27e-03
  1.4956e+02   1.20e-03
  1.5206e+02   1.13e-03
  1.5460e+02   1.06e-03
  1.5718e+02   1.00e-03
  1.5981e+02   9.39e-04
  1.6247e+02   8.79e-04
  1.6519e+02   8.21e-04
  1.6795e+02   7.68e-04
  1.7075e+02   7.24e-04
  1.7360e+02   6.81e-04
  1.7650e+02   6.39e-04
  1.7945e+02   5.98e-04
  1.8245e+02   5.59e-04
  1.8549e+02   5.21e-04
  1.8859e+02   4.86e-04
  1.9174e+02   4.57e-04
  1.9494e+02   4.28e-04
  1.9820e+02   4.01e-04
  2.0151e+02   3.75e-04
  2.0487e+02   3.49e-04
  2.0829e+02   3.24e-04
  2.1177e+02   3.02e-04
  2.1531e+02   2.83e-04
  2.1890e+02   2.65e-04
  2.2256e+02   2.47e-04
  2.2628e+02   2.30e-04
  2.3006e+02   2.14e-04
  2.3390e+02   1.98e-04
  2.3780e+02   1.84e-04
  2.4178e+02   1.72e-04
  2.4581e+02   1.60e-04
  2.4992e+02   1.49e-04
  2.5409e+02   1.39e-04
  2.5833e+02   1.28e-04
  2.6265e+02   1.19e-04
  2.6704e+02   1.10e-04
  2.7149e+02   1.03e-04
  2.7603e+02   9.57e-05
  2.8064e+02   8.89e-05
  2.8532e+02   8.24e-05
  2.9009e+02   7.61e-05
  2.9493e+02   7.00e-05
  2.9986e+02   6.48e-05
  3.0487e+02   6.04e-05
  3.0996e+02   5.62e-05
  3.1513e+02   5.22e-05
  3.2040e+02   4.83e-05
  3.2575e+02   4.45e-05
  3.3119e+02   4.08e-05
  3.3672e+02   3.78e-05
  3.4234e+02   3.53e-05
  3.4806e+02   3.28e-05
  3.5387e+02   3.04e-05
  3.5978e+02   2.81e-05
  3.6579e+02   2.59e-05
  3.7190e+02   2.38e-05
  3.7811e+02   2.21e-05
  3.8442e+02   2.06e-05
  3.9084e+02   1.92e-05
  3.9737e+02   1.78e-05
  4.0401e+02   1.65e-05
  4.1075e+02   1.52e-05
  4.1761e+02   1.40e-05
  4.2459e+02   1.30e-05
  4.3168e+02   1.21e-05
  4.3889e+02   1.13e-05
  4.4622e+02   1.05e-05
  4.5367e+02   9.71e-06
  4.6124e+02   8.97e-06
  4.6895e+02   8.26e-06
  4.7678e+02   7.69e-06
  4.8474e+02   7.18e-06
  4.9283e+02   6.69e-06
  5.0107e+02   6.22e-06
  5.0943e+02   5.77e-06
  5.1794e+02   5.34e-06
  5.2659e+02   4.93e-06
  5.3538e+02   4.59e-06
  5.4432e+02   4.29e-06
  5.5342e+02   4.00e-06
  5.6266e+02   3.72e-06
  5.7205e+02   3.45e-06
  5.8161e+02   3.19e-06
  5.9132e+02   2.94e-06
  6.0119e+02   2.74e-06
  6.1123e+02   2.55e-06
  6.2144e+02   2.37e-06
  6.3182e+02   2.20e-06
  6.4237e+02   2.04e-06
  6.5310e+02   1.88e-06
  6.6401e+02   1.73e-06
  6.7509e+02   1.59e-06
  6.8637e+02   1.46e-06
  6.9783e+02   1.33e-06
  7.0948e+02   1.21e-06
  7.2133e+02   1.10e-06
  7.3338e+02   9.91e-07
  7.4563e+02   8.87e-07
  7.5808e+02   8.18e-07
  7.7074e+02   7.54e-07
  7.8361e+02   6.94e-07
  7.9670e+02   6.36e-07
  8.1000e+02   5.81e-07
