#  E [GeV]   # per interaction  [GeV^{-1}]
  3.0000e+01   9.57e-01
  3.1033e+01   9.18e-01
  3.2102e+01   8.80e-01
  3.3207e+01   8.43e-01
  3.4350e+01   8.08e-01
  3.5533e+01   7.74e-01
  3.6757e+01   7.42e-01
  3.8022e+01   7.10e-01
  3.9332e+01   6.81e-01
  4.0686e+01   6.52e-01
  4.2087e+01   6.24e-01
  4.3536e+01   5.97e-01
  4.5035e+01   5.72e-01
  4.6586e+01   5.47e-01
  4.8190e+01   5.23e-01
  4.9850e+01   5.01e-01
  5.1566e+01   4.79e-01
  5.3342e+01   4.58e-01
  5.5178e+01   4.38e-01
  5.7078e+01   4.19e-01
  5.9044e+01   4.00e-01
  6.1077e+01   3.83e-01
  6.3180e+01   3.66e-01
  6.5356e+01   3.49e-01
  6.7606e+01   3.34e-01
  6.9934e+01   3.19e-01
  7.2342e+01   3.04e-01
  7.4833e+01   2.91e-01
  7.7410e+01   2.78e-01
  8.0075e+01   2.65e-01
  8.2833e+01   2.53e-01
  8.5685e+01   2.41e-01
  8.8635e+01   2.30e-01
  9.1687e+01   2.19e-01
  9.4844e+01   2.09e-01
  9.8110e+01   1.99e-01
  1.0149e+02   1.90e-01
  1.0498e+02   1.81e-01
  1.0860e+02   1.72e-01
  1.1234e+02   1.64e-01
  1.1621e+02   1.56e-01
  1.2021e+02   1.49e-01
  1.2435e+02   1.42e-01
  1.2863e+02   1.35e-01
  1.3306e+02   1.28e-01
  1.3764e+02   1.22e-01
  1.4238e+02   1.16e-01
  1.4728e+02   1.10e-01
  1.5235e+02   1.05e-01
  1.5760e+02   9.93e-02
  1.6302e+02   9.43e-02
  1.6864e+02   8.95e-02
  1.7445e+02   8.49e-02
  1.8045e+02   8.05e-02
  1.8667e+02   7.63e-02
  1.9309e+02   7.23e-02
  1.9974e+02   6.85e-02
  2.0662e+02   6.49e-02
  2.1373e+02   6.14e-02
  2.2109e+02   5.81e-02
  2.2871e+02   5.49e-02
  2.3658e+02   5.19e-02
  2.4473e+02   4.91e-02
  2.5316e+02   4.64e-02
  2.6187e+02   4.38e-02
  2.7089e+02   4.13e-02
  2.8022e+02   3.90e-02
  2.8987e+02   3.68e-02
  2.9985e+02   3.47e-02
  3.1017e+02   3.27e-02
  3.2085e+02   3.08e-02
  3.3190e+02   2.90e-02
  3.4333e+02   2.73e-02
  3.5515e+02   2.56e-02
  3.6738e+02   2.41e-02
  3.8003e+02   2.27e-02
  3.9312e+02   2.13e-02
  4.0665e+02   2.00e-02
  4.2066e+02   1.88e-02
  4.3514e+02   1.76e-02
  4.5013e+02   1.65e-02
  4.6562e+02   1.55e-02
  4.8166e+02   1.45e-02
  4.9824e+02   1.36e-02
  5.1540e+02   1.27e-02
  5.3315e+02   1.19e-02
  5.5150e+02   1.11e-02
  5.7050e+02   1.04e-02
  5.9014e+02   9.67e-03
  6.1046e+02   9.02e-03
  6.3148e+02   8.41e-03
  6.5322e+02   7.83e-03
  6.7572e+02   7.29e-03
  6.9898e+02   6.78e-03
  7.2305e+02   6.31e-03
  7.4795e+02   5.86e-03
  7.7371e+02   5.44e-03
  8.0035e+02   5.05e-03
  8.2791e+02   4.68e-03
  8.5641e+02   4.34e-03
  8.8590e+02   4.02e-03
  9.1641e+02   3.72e-03
  9.4796e+02   3.44e-03
  9.8061e+02   3.18e-03
  1.0144e+03   2.94e-03
  1.0493e+03   2.72e-03
  1.0854e+03   2.50e-03
  1.1228e+03   2.31e-03
  1.1615e+03   2.13e-03
  1.2015e+03   1.96e-03
  1.2428e+03   1.80e-03
  1.2856e+03   1.66e-03
  1.3299e+03   1.52e-03
  1.3757e+03   1.39e-03
  1.4231e+03   1.28e-03
  1.4721e+03   1.17e-03
  1.5228e+03   1.07e-03
  1.5752e+03   9.79e-04
  1.6294e+03   8.96e-04
  1.6855e+03   8.18e-04
  1.7436e+03   7.45e-04
  1.8036e+03   6.80e-04
  1.8657e+03   6.20e-04
  1.9300e+03   5.63e-04
  1.9964e+03   5.12e-04
  2.0652e+03   4.66e-04
  2.1363e+03   4.23e-04
  2.2098e+03   3.82e-04
  2.2859e+03   3.47e-04
  2.3646e+03   3.14e-04
  2.4461e+03   2.84e-04
  2.5303e+03   2.56e-04
  2.6174e+03   2.32e-04
  2.7075e+03   2.08e-04
  2.8008e+03   1.87e-04
  2.8972e+03   1.69e-04
  2.9970e+03   1.51e-04
  3.1002e+03   1.35e-04
  3.2069e+03   1.22e-04
  3.3173e+03   1.09e-04
  3.4316e+03   9.72e-05
  3.5497e+03   8.67e-05
  3.6720e+03   7.77e-05
  3.7984e+03   6.92e-05
  3.9292e+03   6.12e-05
  4.0645e+03   5.48e-05
  4.2044e+03   4.87e-05
  4.3492e+03   4.30e-05
  4.4990e+03   3.82e-05
  4.6539e+03   3.40e-05
  4.8141e+03   3.00e-05
  4.9799e+03   2.64e-05
  5.1514e+03   2.34e-05
  5.3288e+03   2.07e-05
  5.5123e+03   1.81e-05
  5.7021e+03   1.60e-05
  5.8984e+03   1.41e-05
  6.1015e+03   1.24e-05
  6.3116e+03   1.08e-05
  6.5289e+03   9.57e-06
  6.7538e+03   8.39e-06
  6.9863e+03   7.29e-06
  7.2269e+03   6.45e-06
  7.4757e+03   5.67e-06
  7.7331e+03   4.94e-06
  7.9994e+03   4.34e-06
  8.2749e+03   3.83e-06
  8.5598e+03   3.35e-06
  8.8546e+03   2.92e-06
  9.1594e+03   2.58e-06
  9.4748e+03   2.26e-06
  9.8011e+03   1.97e-06
  1.0139e+04   1.74e-06
  1.0488e+04   1.54e-06
  1.0849e+04   1.35e-06
  1.1222e+04   1.19e-06
  1.1609e+04   1.06e-06
  1.2009e+04   9.33e-07
  1.2422e+04   8.18e-07
  1.2850e+04   7.29e-07
  1.3292e+04   6.45e-07
  1.3750e+04   5.68e-07
  1.4223e+04   5.02e-07
  1.4713e+04   4.44e-07
  1.5220e+04   3.91e-07
  1.5744e+04   3.43e-07
  1.6286e+04   3.02e-07
  1.6847e+04   2.65e-07
  1.7427e+04   2.30e-07
  1.8027e+04   2.00e-07
  1.8648e+04   1.73e-07
  1.9290e+04   1.48e-07
  1.9954e+04   1.25e-07
  2.0641e+04   1.05e-07
  2.1352e+04   8.63e-08
  2.2087e+04   7.02e-08
  2.2848e+04   5.60e-08
  2.3634e+04   4.39e-08
  2.4448e+04   3.36e-08
  2.5290e+04   2.54e-08
