#  E [MeV]   Flux [# cm^{-2} s^{-1}  MeV^{-1}]
  3.0000e+04   2.01e-25
  3.1232e+04   1.92e-25
  3.2514e+04   1.84e-25
  3.3849e+04   1.76e-25
  3.5238e+04   1.68e-25
  3.6685e+04   1.61e-25
  3.8191e+04   1.54e-25
  3.9759e+04   1.47e-25
  4.1391e+04   1.41e-25
  4.3090e+04   1.34e-25
  4.4859e+04   1.29e-25
  4.6701e+04   1.23e-25
  4.8618e+04   1.17e-25
  5.0614e+04   1.12e-25
  5.2692e+04   1.07e-25
  5.4855e+04   1.03e-25
  5.7107e+04   9.80e-26
  5.9451e+04   9.37e-26
  6.1892e+04   8.95e-26
  6.4433e+04   8.55e-26
  6.7078e+04   8.17e-26
  6.9832e+04   7.80e-26
  7.2699e+04   7.45e-26
  7.5683e+04   7.12e-26
  7.8790e+04   6.80e-26
  8.2025e+04   6.49e-26
  8.5392e+04   6.20e-26
  8.8898e+04   5.91e-26
  9.2547e+04   5.64e-26
  9.6347e+04   5.39e-26
  1.0030e+05   5.14e-26
  1.0442e+05   4.90e-26
  1.0871e+05   4.67e-26
  1.1317e+05   4.46e-26
  1.1782e+05   4.25e-26
  1.2265e+05   4.05e-26
  1.2769e+05   3.86e-26
  1.3293e+05   3.68e-26
  1.3839e+05   3.50e-26
  1.4407e+05   3.33e-26
  1.4998e+05   3.17e-26
  1.5614e+05   3.02e-26
  1.6255e+05   2.87e-26
  1.6922e+05   2.73e-26
  1.7617e+05   2.59e-26
  1.8340e+05   2.46e-26
  1.9093e+05   2.34e-26
  1.9877e+05   2.22e-26
  2.0693e+05   2.10e-26
  2.1543e+05   2.00e-26
  2.2427e+05   1.89e-26
  2.3348e+05   1.79e-26
  2.4306e+05   1.69e-26
  2.5304e+05   1.60e-26
  2.6343e+05   1.51e-26
  2.7424e+05   1.43e-26
  2.8550e+05   1.35e-26
  2.9722e+05   1.27e-26
  3.0942e+05   1.20e-26
  3.2213e+05   1.13e-26
  3.3535e+05   1.06e-26
  3.4912e+05   9.95e-27
  3.6345e+05   9.34e-27
  3.7837e+05   8.76e-27
  3.9390e+05   8.20e-27
  4.1008e+05   7.68e-27
  4.2691e+05   7.18e-27
  4.4444e+05   6.71e-27
  4.6268e+05   6.26e-27
  4.8168e+05   5.84e-27
  5.0145e+05   5.44e-27
  5.2204e+05   5.06e-27
  5.4347e+05   4.71e-27
  5.6578e+05   4.37e-27
  5.8901e+05   4.06e-27
  6.1319e+05   3.76e-27
  6.3836e+05   3.49e-27
  6.6457e+05   3.23e-27
  6.9185e+05   2.99e-27
  7.2025e+05   2.76e-27
  7.4982e+05   2.55e-27
  7.8061e+05   2.36e-27
  8.1265e+05   2.18e-27
  8.4601e+05   2.01e-27
  8.8075e+05   1.85e-27
  9.1690e+05   1.71e-27
  9.5455e+05   1.57e-27
  9.9373e+05   1.45e-27
  1.0345e+06   1.34e-27
  1.0770e+06   1.23e-27
  1.1212e+06   1.13e-27
  1.1672e+06   1.04e-27
  1.2152e+06   9.61e-28
  1.2650e+06   8.85e-28
  1.3170e+06   8.14e-28
  1.3711e+06   7.49e-28
  1.4273e+06   6.90e-28
  1.4859e+06   6.35e-28
  1.5469e+06   5.84e-28
  1.6104e+06   5.38e-28
  1.6766e+06   4.95e-28
  1.7454e+06   4.55e-28
  1.8170e+06   4.18e-28
  1.8916e+06   3.85e-28
  1.9693e+06   3.54e-28
  2.0501e+06   3.25e-28
  2.1343e+06   2.98e-28
  2.2219e+06   2.74e-28
  2.3131e+06   2.51e-28
  2.4081e+06   2.30e-28
  2.5070e+06   2.10e-28
  2.6099e+06   1.92e-28
  2.7170e+06   1.76e-28
  2.8286e+06   1.61e-28
  2.9447e+06   1.46e-28
  3.0656e+06   1.33e-28
  3.1914e+06   1.21e-28
  3.3225e+06   1.10e-28
  3.4589e+06   1.00e-28
  3.6008e+06   9.07e-29
  3.7487e+06   8.19e-29
  3.9026e+06   7.40e-29
  4.0628e+06   6.67e-29
  4.2296e+06   6.00e-29
  4.4032e+06   5.39e-29
  4.5840e+06   4.82e-29
  4.7722e+06   4.30e-29
  4.9681e+06   3.83e-29
  5.1720e+06   3.41e-29
  5.3844e+06   3.01e-29
  5.6054e+06   2.66e-29
  5.8355e+06   2.34e-29
  6.0751e+06   2.05e-29
  6.3245e+06   1.80e-29
  6.5841e+06   1.56e-29
  6.8544e+06   1.36e-29
  7.1358e+06   1.17e-29
  7.4288e+06   1.00e-29
  7.7338e+06   8.58e-30
  8.0513e+06   7.30e-30
  8.3818e+06   6.15e-30
  8.7259e+06   5.16e-30
  9.0841e+06   4.30e-30
  9.4571e+06   3.54e-30
  9.8453e+06   2.90e-30
  1.0249e+07   2.36e-30
  1.0670e+07   1.88e-30
  1.1108e+07   1.50e-30
  1.1564e+07   1.18e-30
  1.2039e+07   9.08e-31
  1.2533e+07   6.95e-31
  1.3048e+07   5.20e-31
  1.3584e+07   3.82e-31
  1.4141e+07   2.76e-31
  1.4722e+07   1.94e-31
  1.5326e+07   1.33e-31
  1.5955e+07   8.86e-32
  1.6610e+07   5.68e-32
  1.7292e+07   3.52e-32
  1.8002e+07   2.09e-32
  1.8741e+07   1.17e-32
  1.9511e+07   6.26e-33
  2.0312e+07   3.12e-33
  2.1145e+07   1.43e-33
  2.2013e+07   6.07e-34
  2.2917e+07   2.31e-34
  2.3858e+07   7.69e-35
  2.4837e+07   2.26e-35
  2.5857e+07   5.53e-36
  2.6919e+07   1.10e-36
  2.8024e+07   1.73e-37
  2.9174e+07   2.01e-38
  3.0372e+07   1.63e-39
  3.1619e+07   8.61e-41
  3.2917e+07   2.64e-42
  3.4268e+07   4.17e-44
  3.5675e+07   2.91e-46
  3.7140e+07   7.13e-49
  3.8664e+07   4.75e-52
  4.0252e+07   6.00e-56
  4.1904e+07   8.79e-61
  4.3624e+07   8.14e-67
  4.5415e+07   1.00e-71
  4.7280e+07   8.45e-72
  4.9221e+07   7.27e-72
  5.1241e+07   6.23e-72
  5.3345e+07   5.27e-72
  5.5535e+07   4.58e-72
  5.7815e+07   3.95e-72
  6.0188e+07   3.38e-72
  6.2659e+07   2.97e-72
  6.5232e+07   2.58e-72
  6.7910e+07   2.24e-72
  7.0698e+07   2.00e-72
  7.3600e+07   1.77e-72
  7.6621e+07   1.57e-72
  7.9767e+07   1.42e-72
  8.3042e+07   1.27e-72
  8.6451e+07   1.15e-72
  9.0000e+07   1.06e-72
