#  E [MeV]   Flux [# cm^{-2} s^{-1}  MeV^{-1}]
  3.0000e+04   7.57e-19
  3.0411e+04   7.30e-19
  3.0828e+04   7.05e-19
  3.1250e+04   6.81e-19
  3.1678e+04   6.58e-19
  3.2112e+04   6.36e-19
  3.2552e+04   6.14e-19
  3.2998e+04   5.92e-19
  3.3450e+04   5.71e-19
  3.3909e+04   5.51e-19
  3.4373e+04   5.31e-19
  3.4844e+04   5.12e-19
  3.5322e+04   4.94e-19
  3.5806e+04   4.77e-19
  3.6296e+04   4.60e-19
  3.6794e+04   4.44e-19
  3.7298e+04   4.27e-19
  3.7809e+04   4.12e-19
  3.8327e+04   3.96e-19
  3.8852e+04   3.81e-19
  3.9384e+04   3.68e-19
  3.9924e+04   3.54e-19
  4.0471e+04   3.41e-19
  4.1025e+04   3.29e-19
  4.1587e+04   3.17e-19
  4.2157e+04   3.04e-19
  4.2735e+04   2.93e-19
  4.3320e+04   2.81e-19
  4.3914e+04   2.70e-19
  4.4516e+04   2.60e-19
  4.5125e+04   2.51e-19
  4.5744e+04   2.41e-19
  4.6370e+04   2.32e-19
  4.7006e+04   2.22e-19
  4.7650e+04   2.13e-19
  4.8303e+04   2.05e-19
  4.8965e+04   1.96e-19
  4.9635e+04   1.89e-19
  5.0315e+04   1.81e-19
  5.1005e+04   1.74e-19
  5.1704e+04   1.67e-19
  5.2412e+04   1.61e-19
  5.3130e+04   1.54e-19
  5.3858e+04   1.47e-19
  5.4596e+04   1.41e-19
  5.5344e+04   1.35e-19
  5.6102e+04   1.30e-19
  5.6871e+04   1.25e-19
  5.7650e+04   1.20e-19
  5.8440e+04   1.15e-19
  5.9241e+04   1.10e-19
  6.0053e+04   1.05e-19
  6.0875e+04   1.00e-19
  6.1709e+04   9.61e-20
  6.2555e+04   9.22e-20
  6.3412e+04   8.85e-20
  6.4281e+04   8.48e-20
  6.5162e+04   8.12e-20
  6.6054e+04   7.77e-20
  6.6959e+04   7.43e-20
  6.7877e+04   7.09e-20
  6.8807e+04   6.76e-20
  6.9750e+04   6.48e-20
  7.0705e+04   6.21e-20
  7.1674e+04   5.95e-20
  7.2656e+04   5.69e-20
  7.3652e+04   5.44e-20
  7.4661e+04   5.19e-20
  7.5684e+04   4.96e-20
  7.6721e+04   4.72e-20
  7.7772e+04   4.50e-20
  7.8837e+04   4.31e-20
  7.9917e+04   4.13e-20
  8.1012e+04   3.95e-20
  8.2122e+04   3.77e-20
  8.3248e+04   3.60e-20
  8.4388e+04   3.43e-20
  8.5544e+04   3.27e-20
  8.6717e+04   3.10e-20
  8.7905e+04   2.97e-20
  8.9109e+04   2.84e-20
  9.0330e+04   2.71e-20
  9.1568e+04   2.59e-20
  9.2822e+04   2.47e-20
  9.4094e+04   2.35e-20
  9.5383e+04   2.24e-20
  9.6690e+04   2.12e-20
  9.8015e+04   2.02e-20
  9.9358e+04   1.93e-20
  1.0072e+05   1.85e-20
  1.0210e+05   1.76e-20
  1.0350e+05   1.68e-20
  1.0492e+05   1.60e-20
  1.0635e+05   1.52e-20
  1.0781e+05   1.44e-20
  1.0929e+05   1.37e-20
  1.1079e+05   1.31e-20
  1.1230e+05   1.25e-20
  1.1384e+05   1.19e-20
  1.1540e+05   1.13e-20
  1.1698e+05   1.08e-20
  1.1859e+05   1.03e-20
  1.2021e+05   9.75e-21
  1.2186e+05   9.24e-21
  1.2353e+05   8.79e-21
  1.2522e+05   8.39e-21
  1.2694e+05   8.01e-21
  1.2867e+05   7.63e-21
  1.3044e+05   7.27e-21
  1.3222e+05   6.91e-21
  1.3404e+05   6.56e-21
  1.3587e+05   6.22e-21
  1.3773e+05   5.89e-21
  1.3962e+05   5.63e-21
  1.4153e+05   5.37e-21
  1.4347e+05   5.12e-21
  1.4544e+05   4.88e-21
  1.4743e+05   4.64e-21
  1.4945e+05   4.41e-21
  1.5150e+05   4.18e-21
  1.5358e+05   3.96e-21
  1.5568e+05   3.77e-21
  1.5781e+05   3.60e-21
  1.5997e+05   3.43e-21
  1.6217e+05   3.27e-21
  1.6439e+05   3.11e-21
  1.6664e+05   2.96e-21
  1.6892e+05   2.80e-21
  1.7124e+05   2.66e-21
  1.7358e+05   2.52e-21
  1.7596e+05   2.40e-21
  1.7837e+05   2.29e-21
  1.8082e+05   2.19e-21
  1.8330e+05   2.08e-21
  1.8581e+05   1.98e-21
  1.8835e+05   1.88e-21
  1.9093e+05   1.79e-21
  1.9355e+05   1.69e-21
  1.9620e+05   1.61e-21
  1.9889e+05   1.53e-21
  2.0161e+05   1.46e-21
  2.0438e+05   1.39e-21
  2.0718e+05   1.32e-21
  2.1002e+05   1.26e-21
  2.1289e+05   1.19e-21
  2.1581e+05   1.13e-21
  2.1877e+05   1.07e-21
  2.2176e+05   1.02e-21
  2.2480e+05   9.74e-22
  2.2788e+05   9.29e-22
  2.3101e+05   8.86e-22
  2.3417e+05   8.43e-22
  2.3738e+05   8.02e-22
  2.4063e+05   7.61e-22
  2.4393e+05   7.22e-22
  2.4727e+05   6.90e-22
  2.5066e+05   6.62e-22
  2.5409e+05   6.34e-22
  2.5757e+05   6.07e-22
  2.6110e+05   5.81e-22
  2.6468e+05   5.55e-22
  2.6831e+05   5.30e-22
  2.7198e+05   5.06e-22
  2.7571e+05   4.84e-22
  2.7949e+05   4.68e-22
  2.8332e+05   4.52e-22
  2.8720e+05   4.37e-22
  2.9113e+05   4.22e-22
  2.9512e+05   4.07e-22
  2.9917e+05   3.93e-22
  3.0327e+05   3.79e-22
  3.0742e+05   3.65e-22
  3.1163e+05   3.55e-22
  3.1590e+05   3.46e-22
  3.2023e+05   3.37e-22
  3.2462e+05   3.28e-22
  3.2907e+05   3.20e-22
  3.3357e+05   3.11e-22
  3.3814e+05   3.03e-22
  3.4278e+05   2.95e-22
  3.4747e+05   2.88e-22
  3.5223e+05   2.83e-22
  3.5706e+05   2.77e-22
  3.6195e+05   2.72e-22
  3.6691e+05   2.67e-22
  3.7194e+05   2.62e-22
  3.7704e+05   2.57e-22
  3.8220e+05   2.52e-22
  3.8744e+05   2.47e-22
  3.9275e+05   2.42e-22
  3.9813e+05   2.37e-22
  4.0358e+05   2.33e-22
  4.0911e+05   2.28e-22
  4.1472e+05   2.24e-22
  4.2040e+05   2.19e-22
  4.2616e+05   2.15e-22
  4.3200e+05   2.11e-22
  4.3792e+05   2.06e-22
  4.4392e+05   2.02e-22
  4.5000e+05   1.97e-22
