#  E [MeV]   Flux [# cm^{-2} s^{-1}  MeV^{-1}]
  3.0000e+04   3.18e-18
  3.1033e+04   3.05e-18
  3.2102e+04   2.92e-18
  3.3207e+04   2.80e-18
  3.4350e+04   2.68e-18
  3.5533e+04   2.57e-18
  3.6757e+04   2.46e-18
  3.8022e+04   2.36e-18
  3.9332e+04   2.26e-18
  4.0686e+04   2.16e-18
  4.2087e+04   2.07e-18
  4.3536e+04   1.98e-18
  4.5035e+04   1.90e-18
  4.6586e+04   1.82e-18
  4.8190e+04   1.74e-18
  4.9850e+04   1.66e-18
  5.1566e+04   1.59e-18
  5.3342e+04   1.52e-18
  5.5178e+04   1.45e-18
  5.7078e+04   1.39e-18
  5.9044e+04   1.33e-18
  6.1077e+04   1.27e-18
  6.3180e+04   1.21e-18
  6.5356e+04   1.16e-18
  6.7606e+04   1.11e-18
  6.9934e+04   1.06e-18
  7.2342e+04   1.01e-18
  7.4833e+04   9.66e-19
  7.7410e+04   9.22e-19
  8.0075e+04   8.80e-19
  8.2833e+04   8.40e-19
  8.5685e+04   8.02e-19
  8.8635e+04   7.65e-19
  9.1687e+04   7.29e-19
  9.4844e+04   6.95e-19
  9.8110e+04   6.63e-19
  1.0149e+05   6.32e-19
  1.0498e+05   6.02e-19
  1.0860e+05   5.74e-19
  1.1234e+05   5.46e-19
  1.1621e+05   5.20e-19
  1.2021e+05   4.95e-19
  1.2435e+05   4.71e-19
  1.2863e+05   4.49e-19
  1.3306e+05   4.27e-19
  1.3764e+05   4.06e-19
  1.4238e+05   3.86e-19
  1.4728e+05   3.67e-19
  1.5235e+05   3.49e-19
  1.5760e+05   3.31e-19
  1.6302e+05   3.15e-19
  1.6864e+05   2.99e-19
  1.7445e+05   2.83e-19
  1.8045e+05   2.69e-19
  1.8667e+05   2.55e-19
  1.9309e+05   2.42e-19
  1.9974e+05   2.29e-19
  2.0662e+05   2.17e-19
  2.1373e+05   2.05e-19
  2.2109e+05   1.94e-19
  2.2871e+05   1.84e-19
  2.3658e+05   1.74e-19
  2.4473e+05   1.65e-19
  2.5316e+05   1.56e-19
  2.6187e+05   1.47e-19
  2.7089e+05   1.39e-19
  2.8022e+05   1.31e-19
  2.8987e+05   1.24e-19
  2.9985e+05   1.17e-19
  3.1017e+05   1.10e-19
  3.2085e+05   1.04e-19
  3.3190e+05   9.79e-20
  3.4333e+05   9.22e-20
  3.5515e+05   8.68e-20
  3.6738e+05   8.17e-20
  3.8003e+05   7.69e-20
  3.9312e+05   7.23e-20
  4.0665e+05   6.80e-20
  4.2066e+05   6.39e-20
  4.3514e+05   6.00e-20
  4.5013e+05   5.63e-20
  4.6562e+05   5.29e-20
  4.8166e+05   4.96e-20
  4.9824e+05   4.65e-20
  5.1540e+05   4.36e-20
  5.3315e+05   4.08e-20
  5.5150e+05   3.82e-20
  5.7050e+05   3.57e-20
  5.9014e+05   3.34e-20
  6.1046e+05   3.12e-20
  6.3148e+05   2.91e-20
  6.5322e+05   2.72e-20
  6.7572e+05   2.54e-20
  6.9898e+05   2.36e-20
  7.2305e+05   2.20e-20
  7.4795e+05   2.05e-20
  7.7371e+05   1.91e-20
  8.0035e+05   1.77e-20
  8.2791e+05   1.65e-20
  8.5641e+05   1.53e-20
  8.8590e+05   1.42e-20
  9.1641e+05   1.32e-20
  9.4796e+05   1.22e-20
  9.8061e+05   1.13e-20
  1.0144e+06   1.05e-20
  1.0493e+06   9.68e-21
  1.0854e+06   8.94e-21
  1.1228e+06   8.25e-21
  1.1615e+06   7.63e-21
  1.2015e+06   7.03e-21
  1.2428e+06   6.47e-21
  1.2856e+06   5.96e-21
  1.3299e+06   5.49e-21
  1.3757e+06   5.04e-21
  1.4231e+06   4.62e-21
  1.4721e+06   4.25e-21
  1.5228e+06   3.89e-21
  1.5752e+06   3.56e-21
  1.6294e+06   3.26e-21
  1.6855e+06   2.98e-21
  1.7436e+06   2.72e-21
  1.8036e+06   2.48e-21
  1.8657e+06   2.27e-21
  1.9300e+06   2.06e-21
  1.9964e+06   1.88e-21
  2.0652e+06   1.71e-21
  2.1363e+06   1.55e-21
  2.2098e+06   1.41e-21
  2.2859e+06   1.28e-21
  2.3646e+06   1.16e-21
  2.4461e+06   1.05e-21
  2.5303e+06   9.46e-22
  2.6174e+06   8.57e-22
  2.7075e+06   7.72e-22
  2.8008e+06   6.92e-22
  2.8972e+06   6.26e-22
  2.9970e+06   5.63e-22
  3.1002e+06   5.04e-22
  3.2069e+06   4.52e-22
  3.3173e+06   4.07e-22
  3.4316e+06   3.63e-22
  3.5497e+06   3.24e-22
  3.6720e+06   2.91e-22
  3.7984e+06   2.60e-22
  3.9292e+06   2.30e-22
  4.0645e+06   2.06e-22
  4.2044e+06   1.84e-22
  4.3492e+06   1.63e-22
  4.4990e+06   1.44e-22
  4.6539e+06   1.29e-22
  4.8141e+06   1.14e-22
  4.9799e+06   1.00e-22
  5.1514e+06   8.93e-23
  5.3288e+06   7.91e-23
  5.5123e+06   6.94e-23
  5.7021e+06   6.14e-23
  5.8984e+06   5.44e-23
  6.1015e+06   4.78e-23
  6.3116e+06   4.19e-23
  6.5289e+06   3.72e-23
  6.7538e+06   3.28e-23
  6.9863e+06   2.86e-23
  7.2269e+06   2.54e-23
  7.4757e+06   2.24e-23
  7.7331e+06   1.97e-23
  7.9994e+06   1.73e-23
  8.2749e+06   1.53e-23
  8.5598e+06   1.35e-23
  8.8546e+06   1.18e-23
  9.1594e+06   1.05e-23
  9.4748e+06   9.30e-24
  9.8011e+06   8.17e-24
  1.0139e+07   7.24e-24
  1.0488e+07   6.47e-24
  1.0849e+07   5.74e-24
  1.1222e+07   5.09e-24
  1.1609e+07   4.57e-24
  1.2009e+07   4.09e-24
  1.2422e+07   3.64e-24
  1.2850e+07   3.27e-24
  1.3292e+07   2.95e-24
  1.3750e+07   2.64e-24
  1.4223e+07   2.37e-24
  1.4713e+07   2.14e-24
  1.5220e+07   1.93e-24
  1.5744e+07   1.72e-24
  1.6286e+07   1.56e-24
  1.6847e+07   1.41e-24
  1.7427e+07   1.26e-24
  1.8027e+07   1.14e-24
  1.8648e+07   1.02e-24
  1.9290e+07   9.10e-25
  1.9954e+07   8.07e-25
  2.0641e+07   7.13e-25
  2.1352e+07   6.24e-25
  2.2087e+07   5.42e-25
  2.2848e+07   4.66e-25
  2.3634e+07   3.96e-25
  2.4448e+07   3.33e-25
  2.5290e+07   2.79e-25
