#  E [GeV]   # per interaction  [GeV^{-1}]
  3.0000e+01   1.77e-02
  3.0517e+01   1.75e-02
  3.1043e+01   1.73e-02
  3.1578e+01   1.72e-02
  3.2123e+01   1.70e-02
  3.2676e+01   1.68e-02
  3.3240e+01   1.67e-02
  3.3813e+01   1.65e-02
  3.4396e+01   1.64e-02
  3.4989e+01   1.62e-02
  3.5592e+01   1.60e-02
  3.6205e+01   1.59e-02
  3.6829e+01   1.57e-02
  3.7464e+01   1.56e-02
  3.8110e+01   1.54e-02
  3.8767e+01   1.52e-02
  3.9435e+01   1.51e-02
  4.0115e+01   1.49e-02
  4.0807e+01   1.48e-02
  4.1510e+01   1.46e-02
  4.2226e+01   1.45e-02
  4.2953e+01   1.43e-02
  4.3694e+01   1.42e-02
  4.4447e+01   1.40e-02
  4.5213e+01   1.39e-02
  4.5993e+01   1.37e-02
  4.6786e+01   1.36e-02
  4.7592e+01   1.34e-02
  4.8412e+01   1.33e-02
  4.9247e+01   1.31e-02
  5.0096e+01   1.30e-02
  5.0960e+01   1.28e-02
  5.1838e+01   1.27e-02
  5.2732e+01   1.25e-02
  5.3641e+01   1.24e-02
  5.4565e+01   1.23e-02
  5.5506e+01   1.21e-02
  5.6463e+01   1.20e-02
  5.7436e+01   1.18e-02
  5.8426e+01   1.17e-02
  5.9433e+01   1.15e-02
  6.0458e+01   1.14e-02
  6.1500e+01   1.13e-02
  6.2560e+01   1.11e-02
  6.3639e+01   1.10e-02
  6.4736e+01   1.08e-02
  6.5852e+01   1.07e-02
  6.6987e+01   1.06e-02
  6.8142e+01   1.04e-02
  6.9316e+01   1.03e-02
  7.0511e+01   1.02e-02
  7.1727e+01   1.00e-02
  7.2963e+01   9.89e-03
  7.4221e+01   9.76e-03
  7.5500e+01   9.63e-03
  7.6802e+01   9.50e-03
  7.8126e+01   9.37e-03
  7.9472e+01   9.24e-03
  8.0842e+01   9.11e-03
  8.2236e+01   8.98e-03
  8.3654e+01   8.85e-03
  8.5096e+01   8.73e-03
  8.6563e+01   8.60e-03
  8.8055e+01   8.47e-03
  8.9573e+01   8.34e-03
  9.1117e+01   8.21e-03
  9.2687e+01   8.09e-03
  9.4285e+01   7.96e-03
  9.5911e+01   7.84e-03
  9.7564e+01   7.71e-03
  9.9246e+01   7.59e-03
  1.0096e+02   7.46e-03
  1.0270e+02   7.34e-03
  1.0447e+02   7.22e-03
  1.0627e+02   7.10e-03
  1.0810e+02   6.98e-03
  1.0996e+02   6.86e-03
  1.1186e+02   6.74e-03
  1.1379e+02   6.62e-03
  1.1575e+02   6.51e-03
  1.1774e+02   6.39e-03
  1.1977e+02   6.28e-03
  1.2184e+02   6.16e-03
  1.2394e+02   6.05e-03
  1.2608e+02   5.93e-03
  1.2825e+02   5.82e-03
  1.3046e+02   5.71e-03
  1.3271e+02   5.60e-03
  1.3500e+02   5.49e-03
  1.3732e+02   5.38e-03
  1.3969e+02   5.27e-03
  1.4210e+02   5.16e-03
  1.4455e+02   5.05e-03
  1.4704e+02   4.95e-03
  1.4957e+02   4.84e-03
  1.5215e+02   4.74e-03
  1.5478e+02   4.64e-03
  1.5744e+02   4.53e-03
  1.6016e+02   4.43e-03
  1.6292e+02   4.33e-03
  1.6573e+02   4.23e-03
  1.6858e+02   4.14e-03
  1.7149e+02   4.04e-03
  1.7445e+02   3.94e-03
  1.7745e+02   3.84e-03
  1.8051e+02   3.75e-03
  1.8362e+02   3.65e-03
  1.8679e+02   3.56e-03
  1.9001e+02   3.47e-03
  1.9328e+02   3.38e-03
  1.9662e+02   3.29e-03
  2.0001e+02   3.20e-03
  2.0345e+02   3.11e-03
  2.0696e+02   3.03e-03
  2.1053e+02   2.95e-03
  2.1416e+02   2.86e-03
  2.1785e+02   2.78e-03
  2.2160e+02   2.70e-03
  2.2543e+02   2.62e-03
  2.2931e+02   2.54e-03
  2.3326e+02   2.46e-03
  2.3729e+02   2.39e-03
  2.4138e+02   2.31e-03
  2.4554e+02   2.24e-03
  2.4977e+02   2.17e-03
  2.5407e+02   2.09e-03
  2.5845e+02   2.03e-03
  2.6291e+02   1.96e-03
  2.6744e+02   1.89e-03
  2.7205e+02   1.83e-03
  2.7674e+02   1.76e-03
  2.8151e+02   1.70e-03
  2.8637e+02   1.64e-03
  2.9130e+02   1.58e-03
  2.9632e+02   1.52e-03
  3.0143e+02   1.46e-03
  3.0663e+02   1.41e-03
  3.1191e+02   1.35e-03
  3.1729e+02   1.30e-03
  3.2276e+02   1.24e-03
  3.2832e+02   1.19e-03
  3.3398e+02   1.14e-03
  3.3974e+02   1.10e-03
  3.4560e+02   1.05e-03
  3.5155e+02   1.00e-03
  3.5761e+02   9.56e-04
  3.6378e+02   9.12e-04
  3.7005e+02   8.69e-04
  3.7643e+02   8.28e-04
  3.8292e+02   7.88e-04
  3.8952e+02   7.49e-04
  3.9623e+02   7.12e-04
  4.0306e+02   6.76e-04
  4.1001e+02   6.41e-04
  4.1708e+02   6.07e-04
  4.2427e+02   5.74e-04
  4.3158e+02   5.44e-04
  4.3902e+02   5.14e-04
  4.4659e+02   4.85e-04
  4.5429e+02   4.58e-04
  4.6212e+02   4.31e-04
  4.7009e+02   4.05e-04
  4.7819e+02   3.81e-04
  4.8643e+02   3.58e-04
  4.9482e+02   3.37e-04
  5.0335e+02   3.16e-04
  5.1203e+02   2.96e-04
  5.2085e+02   2.77e-04
  5.2983e+02   2.58e-04
  5.3897e+02   2.41e-04
  5.4826e+02   2.25e-04
  5.5771e+02   2.10e-04
  5.6732e+02   1.95e-04
  5.7710e+02   1.81e-04
  5.8705e+02   1.68e-04
  5.9717e+02   1.55e-04
  6.0746e+02   1.43e-04
  6.1793e+02   1.33e-04
  6.2859e+02   1.23e-04
  6.3942e+02   1.13e-04
  6.5045e+02   1.04e-04
  6.6166e+02   9.55e-05
  6.7306e+02   8.71e-05
  6.8467e+02   8.04e-05
  6.9647e+02   7.42e-05
  7.0847e+02   6.83e-05
  7.2069e+02   6.27e-05
  7.3311e+02   5.72e-05
  7.4575e+02   5.20e-05
  7.5860e+02   4.72e-05
  7.7168e+02   4.38e-05
  7.8498e+02   4.06e-05
  7.9852e+02   3.75e-05
  8.1228e+02   3.45e-05
  8.2628e+02   3.16e-05
  8.4053e+02   2.89e-05
  8.5502e+02   2.67e-05
  8.6976e+02   2.53e-05
  8.8475e+02   2.40e-05
  9.0000e+02   2.27e-05
