#  E [MeV]   Flux [# cm^{-2} s^{-1}  MeV^{-1}]
  3.0000e+04   7.60e-20
  3.0854e+04   7.35e-20
  3.1733e+04   7.11e-20
  3.2636e+04   6.88e-20
  3.3566e+04   6.65e-20
  3.4521e+04   6.43e-20
  3.5504e+04   6.21e-20
  3.6515e+04   6.01e-20
  3.7555e+04   5.80e-20
  3.8625e+04   5.61e-20
  3.9724e+04   5.42e-20
  4.0855e+04   5.23e-20
  4.2019e+04   5.05e-20
  4.3215e+04   4.87e-20
  4.4446e+04   4.70e-20
  4.5711e+04   4.54e-20
  4.7013e+04   4.38e-20
  4.8352e+04   4.22e-20
  4.9728e+04   4.07e-20
  5.1144e+04   3.92e-20
  5.2601e+04   3.78e-20
  5.4099e+04   3.64e-20
  5.5639e+04   3.50e-20
  5.7223e+04   3.37e-20
  5.8853e+04   3.25e-20
  6.0528e+04   3.12e-20
  6.2252e+04   3.01e-20
  6.4025e+04   2.89e-20
  6.5848e+04   2.78e-20
  6.7723e+04   2.67e-20
  6.9651e+04   2.57e-20
  7.1634e+04   2.47e-20
  7.3674e+04   2.37e-20
  7.5772e+04   2.28e-20
  7.7929e+04   2.18e-20
  8.0148e+04   2.10e-20
  8.2431e+04   2.01e-20
  8.4778e+04   1.93e-20
  8.7192e+04   1.85e-20
  8.9674e+04   1.77e-20
  9.2228e+04   1.70e-20
  9.4854e+04   1.63e-20
  9.7555e+04   1.56e-20
  1.0033e+05   1.49e-20
  1.0319e+05   1.43e-20
  1.0613e+05   1.37e-20
  1.0915e+05   1.31e-20
  1.1226e+05   1.25e-20
  1.1545e+05   1.20e-20
  1.1874e+05   1.14e-20
  1.2212e+05   1.09e-20
  1.2560e+05   1.04e-20
  1.2918e+05   9.96e-21
  1.3286e+05   9.51e-21
  1.3664e+05   9.08e-21
  1.4053e+05   8.66e-21
  1.4453e+05   8.26e-21
  1.4865e+05   7.88e-21
  1.5288e+05   7.51e-21
  1.5723e+05   7.16e-21
  1.6171e+05   6.82e-21
  1.6631e+05   6.49e-21
  1.7105e+05   6.18e-21
  1.7592e+05   5.88e-21
  1.8093e+05   5.59e-21
  1.8608e+05   5.31e-21
  1.9138e+05   5.04e-21
  1.9683e+05   4.79e-21
  2.0243e+05   4.55e-21
  2.0820e+05   4.31e-21
  2.1413e+05   4.09e-21
  2.2022e+05   3.88e-21
  2.2649e+05   3.68e-21
  2.3294e+05   3.48e-21
  2.3958e+05   3.29e-21
  2.4640e+05   3.12e-21
  2.5341e+05   2.95e-21
  2.6063e+05   2.79e-21
  2.6805e+05   2.63e-21
  2.7568e+05   2.49e-21
  2.8353e+05   2.35e-21
  2.9161e+05   2.21e-21
  2.9991e+05   2.08e-21
  3.0845e+05   1.96e-21
  3.1723e+05   1.85e-21
  3.2627e+05   1.74e-21
  3.3556e+05   1.64e-21
  3.4511e+05   1.54e-21
  3.5494e+05   1.45e-21
  3.6504e+05   1.36e-21
  3.7544e+05   1.27e-21
  3.8613e+05   1.19e-21
  3.9712e+05   1.12e-21
  4.0843e+05   1.05e-21
  4.2006e+05   9.80e-22
  4.3202e+05   9.16e-22
  4.4432e+05   8.57e-22
  4.5698e+05   8.00e-22
  4.6999e+05   7.47e-22
  4.8337e+05   6.96e-22
  4.9713e+05   6.49e-22
  5.1129e+05   6.05e-22
  5.2585e+05   5.63e-22
  5.4082e+05   5.23e-22
  5.5622e+05   4.87e-22
  5.7206e+05   4.53e-22
  5.8835e+05   4.20e-22
  6.0510e+05   3.89e-22
  6.2233e+05   3.62e-22
  6.4005e+05   3.35e-22
  6.5828e+05   3.10e-22
  6.7702e+05   2.87e-22
  6.9630e+05   2.66e-22
  7.1613e+05   2.46e-22
  7.3652e+05   2.27e-22
  7.5749e+05   2.10e-22
  7.7906e+05   1.94e-22
  8.0124e+05   1.79e-22
  8.2406e+05   1.65e-22
  8.4752e+05   1.52e-22
  8.7165e+05   1.40e-22
  8.9647e+05   1.29e-22
  9.2200e+05   1.18e-22
  9.4825e+05   1.09e-22
  9.7526e+05   9.99e-23
  1.0030e+06   9.19e-23
  1.0316e+06   8.44e-23
  1.0610e+06   7.73e-23
  1.0912e+06   7.09e-23
  1.1222e+06   6.51e-23
  1.1542e+06   5.96e-23
  1.1871e+06   5.45e-23
  1.2209e+06   4.99e-23
  1.2556e+06   4.57e-23
  1.2914e+06   4.18e-23
  1.3281e+06   3.81e-23
  1.3660e+06   3.48e-23
  1.4049e+06   3.18e-23
  1.4449e+06   2.90e-23
  1.4860e+06   2.64e-23
  1.5283e+06   2.40e-23
  1.5718e+06   2.19e-23
  1.6166e+06   1.99e-23
  1.6626e+06   1.81e-23
  1.7100e+06   1.64e-23
  1.7587e+06   1.49e-23
  1.8087e+06   1.35e-23
  1.8602e+06   1.22e-23
  1.9132e+06   1.10e-23
  1.9677e+06   9.99e-24
  2.0237e+06   9.04e-24
  2.0813e+06   8.14e-24
  2.1406e+06   7.29e-24
  2.2016e+06   6.60e-24
  2.2642e+06   5.95e-24
  2.3287e+06   5.33e-24
  2.3950e+06   4.75e-24
  2.4632e+06   4.28e-24
  2.5334e+06   3.84e-24
  2.6055e+06   3.43e-24
  2.6797e+06   3.04e-24
  2.7560e+06   2.72e-24
  2.8345e+06   2.43e-24
  2.9152e+06   2.16e-24
  2.9982e+06   1.90e-24
  3.0836e+06   1.69e-24
  3.1714e+06   1.50e-24
  3.2617e+06   1.33e-24
  3.3545e+06   1.16e-24
  3.4501e+06   1.02e-24
  3.5483e+06   9.04e-25
  3.6493e+06   7.93e-25
  3.7532e+06   6.89e-25
  3.8601e+06   6.01e-25
  3.9700e+06   5.29e-25
  4.0831e+06   4.61e-25
  4.1993e+06   3.97e-25
  4.3189e+06   3.43e-25
  4.4419e+06   3.00e-25
  4.5684e+06   2.60e-25
  4.6985e+06   2.23e-25
  4.8322e+06   1.90e-25
  4.9698e+06   1.65e-25
  5.1114e+06   1.42e-25
  5.2569e+06   1.20e-25
  5.4066e+06   1.01e-25
  5.5605e+06   8.73e-26
  5.7189e+06   7.45e-26
  5.8817e+06   6.26e-26
  6.0492e+06   5.18e-26
  6.2214e+06   4.43e-26
  6.3986e+06   3.73e-26
  6.5808e+06   3.08e-26
  6.7682e+06   2.49e-26
  6.9609e+06   2.07e-26
  7.1591e+06   1.69e-26
  7.3630e+06   1.34e-26
  7.5726e+06   1.02e-26
  7.7882e+06   8.19e-27
  8.0100e+06   6.45e-27
