#  E [MeV]   Flux [# cm^{-2} s^{-1}  MeV^{-1}]
  3.0000e+04   2.96e-20
  3.1033e+04   2.84e-20
  3.2102e+04   2.72e-20
  3.3207e+04   2.60e-20
  3.4350e+04   2.49e-20
  3.5533e+04   2.39e-20
  3.6757e+04   2.29e-20
  3.8022e+04   2.19e-20
  3.9332e+04   2.09e-20
  4.0686e+04   2.00e-20
  4.2087e+04   1.92e-20
  4.3536e+04   1.83e-20
  4.5035e+04   1.75e-20
  4.6586e+04   1.68e-20
  4.8190e+04   1.60e-20
  4.9850e+04   1.53e-20
  5.1566e+04   1.47e-20
  5.3342e+04   1.40e-20
  5.5178e+04   1.34e-20
  5.7078e+04   1.28e-20
  5.9044e+04   1.22e-20
  6.1077e+04   1.17e-20
  6.3180e+04   1.12e-20
  6.5356e+04   1.07e-20
  6.7606e+04   1.02e-20
  6.9934e+04   9.73e-21
  7.2342e+04   9.29e-21
  7.4833e+04   8.87e-21
  7.7410e+04   8.47e-21
  8.0075e+04   8.08e-21
  8.2833e+04   7.71e-21
  8.5685e+04   7.36e-21
  8.8635e+04   7.02e-21
  9.1687e+04   6.69e-21
  9.4844e+04   6.38e-21
  9.8110e+04   6.08e-21
  1.0149e+05   5.80e-21
  1.0498e+05   5.53e-21
  1.0860e+05   5.26e-21
  1.1234e+05   5.02e-21
  1.1621e+05   4.78e-21
  1.2021e+05   4.55e-21
  1.2435e+05   4.33e-21
  1.2863e+05   4.12e-21
  1.3306e+05   3.92e-21
  1.3764e+05   3.73e-21
  1.4238e+05   3.55e-21
  1.4728e+05   3.37e-21
  1.5235e+05   3.20e-21
  1.5760e+05   3.04e-21
  1.6302e+05   2.89e-21
  1.6864e+05   2.74e-21
  1.7445e+05   2.60e-21
  1.8045e+05   2.46e-21
  1.8667e+05   2.34e-21
  1.9309e+05   2.21e-21
  1.9974e+05   2.09e-21
  2.0662e+05   1.98e-21
  2.1373e+05   1.87e-21
  2.2109e+05   1.77e-21
  2.2871e+05   1.67e-21
  2.3658e+05   1.58e-21
  2.4473e+05   1.49e-21
  2.5316e+05   1.40e-21
  2.6187e+05   1.32e-21
  2.7089e+05   1.24e-21
  2.8022e+05   1.16e-21
  2.8987e+05   1.09e-21
  2.9985e+05   1.02e-21
  3.1017e+05   9.59e-22
  3.2085e+05   8.97e-22
  3.3190e+05   8.38e-22
  3.4333e+05   7.83e-22
  3.5515e+05   7.30e-22
  3.6738e+05   6.80e-22
  3.8003e+05   6.34e-22
  3.9312e+05   5.90e-22
  4.0665e+05   5.49e-22
  4.2066e+05   5.10e-22
  4.3514e+05   4.74e-22
  4.5013e+05   4.40e-22
  4.6562e+05   4.08e-22
  4.8166e+05   3.78e-22
  4.9824e+05   3.50e-22
  5.1540e+05   3.24e-22
  5.3315e+05   2.99e-22
  5.5150e+05   2.77e-22
  5.7050e+05   2.55e-22
  5.9014e+05   2.35e-22
  6.1046e+05   2.17e-22
  6.3148e+05   1.99e-22
  6.5322e+05   1.83e-22
  6.7572e+05   1.68e-22
  6.9898e+05   1.55e-22
  7.2305e+05   1.42e-22
  7.4795e+05   1.30e-22
  7.7371e+05   1.19e-22
  8.0035e+05   1.09e-22
  8.2791e+05   9.98e-23
  8.5641e+05   9.13e-23
  8.8590e+05   8.35e-23
  9.1641e+05   7.63e-23
  9.4796e+05   6.97e-23
  9.8061e+05   6.37e-23
  1.0144e+06   5.81e-23
  1.0493e+06   5.30e-23
  1.0854e+06   4.84e-23
  1.1228e+06   4.41e-23
  1.1615e+06   4.02e-23
  1.2015e+06   3.66e-23
  1.2428e+06   3.33e-23
  1.2856e+06   3.03e-23
  1.3299e+06   2.76e-23
  1.3757e+06   2.51e-23
  1.4231e+06   2.28e-23
  1.4721e+06   2.07e-23
  1.5228e+06   1.88e-23
  1.5752e+06   1.71e-23
  1.6294e+06   1.55e-23
  1.6855e+06   1.40e-23
  1.7436e+06   1.27e-23
  1.8036e+06   1.15e-23
  1.8657e+06   1.04e-23
  1.9300e+06   9.40e-24
  1.9964e+06   8.48e-24
  2.0652e+06   7.64e-24
  2.1363e+06   6.89e-24
  2.2098e+06   6.21e-24
  2.2859e+06   5.58e-24
  2.3646e+06   5.00e-24
  2.4461e+06   4.49e-24
  2.5303e+06   4.02e-24
  2.6174e+06   3.58e-24
  2.7075e+06   3.21e-24
  2.8008e+06   2.86e-24
  2.8972e+06   2.54e-24
  2.9970e+06   2.25e-24
  3.1002e+06   2.00e-24
  3.2069e+06   1.77e-24
  3.3173e+06   1.55e-24
  3.4316e+06   1.38e-24
  3.5497e+06   1.21e-24
  3.6720e+06   1.06e-24
  3.7984e+06   9.28e-25
  3.9292e+06   8.13e-25
  4.0645e+06   7.06e-25
  4.2044e+06   6.12e-25
  4.3492e+06   5.34e-25
  4.4990e+06   4.61e-25
  4.6539e+06   3.94e-25
  4.8141e+06   3.41e-25
  4.9799e+06   2.92e-25
  5.1514e+06   2.48e-25
  5.3288e+06   2.11e-25
  5.5123e+06   1.80e-25
  5.7021e+06   1.51e-25
  5.8984e+06   1.26e-25
  6.1015e+06   1.07e-25
  6.3116e+06   8.93e-26
  6.5289e+06   7.35e-26
  6.7538e+06   6.12e-26
  6.9863e+06   5.07e-26
  7.2269e+06   4.14e-26
  7.4757e+06   3.36e-26
  7.7331e+06   2.75e-26
  7.9994e+06   2.22e-26
  8.2749e+06   1.76e-26
  8.5598e+06   1.42e-26
  8.8546e+06   1.13e-26
  9.1594e+06   8.84e-27
  9.4748e+06   6.92e-27
  9.8011e+06   5.43e-27
  1.0139e+07   4.17e-27
  1.0488e+07   3.15e-27
  1.0849e+07   2.43e-27
  1.1222e+07   1.83e-27
  1.1609e+07   1.35e-27
  1.2009e+07   1.00e-27
  1.2422e+07   7.34e-28
  1.2850e+07   5.26e-28
  1.3292e+07   3.71e-28
  1.3750e+07   2.62e-28
  1.4223e+07   1.80e-28
  1.4713e+07   1.20e-28
  1.5220e+07   7.98e-29
  1.5744e+07   5.17e-29
  1.6286e+07   3.22e-29
  1.6847e+07   1.95e-29
  1.7427e+07   1.15e-29
  1.8027e+07   6.42e-30
  1.8648e+07   3.41e-30
  1.9290e+07   1.73e-30
  1.9954e+07   8.17e-31
  2.0641e+07   3.58e-31
  2.1352e+07   1.45e-31
  2.2087e+07   5.32e-32
  2.2848e+07   1.75e-32
  2.3634e+07   5.11e-33
  2.4448e+07   1.32e-33
  2.5290e+07   2.90e-34
