#  E [MeV]   Flux [# cm^{-2} s^{-1}  MeV^{-1}]
  3.0000e+04   1.86e-24
  3.1141e+04   1.78e-24
  3.2326e+04   1.71e-24
  3.3556e+04   1.64e-24
  3.4832e+04   1.58e-24
  3.6157e+04   1.51e-24
  3.7533e+04   1.45e-24
  3.8961e+04   1.39e-24
  4.0443e+04   1.33e-24
  4.1982e+04   1.28e-24
  4.3579e+04   1.23e-24
  4.5237e+04   1.17e-24
  4.6958e+04   1.13e-24
  4.8744e+04   1.08e-24
  5.0598e+04   1.03e-24
  5.2523e+04   9.91e-25
  5.4521e+04   9.50e-25
  5.6596e+04   9.10e-25
  5.8749e+04   8.72e-25
  6.0984e+04   8.35e-25
  6.3304e+04   8.00e-25
  6.5712e+04   7.66e-25
  6.8212e+04   7.34e-25
  7.0807e+04   7.03e-25
  7.3500e+04   6.73e-25
  7.6297e+04   6.44e-25
  7.9199e+04   6.16e-25
  8.2212e+04   5.90e-25
  8.5340e+04   5.64e-25
  8.8586e+04   5.40e-25
  9.1956e+04   5.16e-25
  9.5455e+04   4.94e-25
  9.9086e+04   4.72e-25
  1.0286e+05   4.51e-25
  1.0677e+05   4.31e-25
  1.1083e+05   4.12e-25
  1.1505e+05   3.94e-25
  1.1942e+05   3.76e-25
  1.2397e+05   3.60e-25
  1.2868e+05   3.43e-25
  1.3358e+05   3.28e-25
  1.3866e+05   3.13e-25
  1.4394e+05   2.99e-25
  1.4941e+05   2.85e-25
  1.5509e+05   2.72e-25
  1.6100e+05   2.59e-25
  1.6712e+05   2.47e-25
  1.7348e+05   2.36e-25
  1.8008e+05   2.25e-25
  1.8693e+05   2.14e-25
  1.9404e+05   2.04e-25
  2.0142e+05   1.94e-25
  2.0908e+05   1.85e-25
  2.1704e+05   1.76e-25
  2.2529e+05   1.67e-25
  2.3387e+05   1.59e-25
  2.4276e+05   1.51e-25
  2.5200e+05   1.44e-25
  2.6158e+05   1.36e-25
  2.7154e+05   1.30e-25
  2.8187e+05   1.23e-25
  2.9259e+05   1.17e-25
  3.0372e+05   1.11e-25
  3.1527e+05   1.05e-25
  3.2727e+05   9.96e-26
  3.3972e+05   9.44e-26
  3.5264e+05   8.93e-26
  3.6606e+05   8.46e-26
  3.7998e+05   8.00e-26
  3.9444e+05   7.57e-26
  4.0945e+05   7.15e-26
  4.2502e+05   6.76e-26
  4.4119e+05   6.39e-26
  4.5798e+05   6.03e-26
  4.7540e+05   5.69e-26
  4.9348e+05   5.37e-26
  5.1226e+05   5.06e-26
  5.3175e+05   4.77e-26
  5.5198e+05   4.50e-26
  5.7297e+05   4.24e-26
  5.9477e+05   3.99e-26
  6.1740e+05   3.75e-26
  6.4089e+05   3.53e-26
  6.6527e+05   3.32e-26
  6.9058e+05   3.12e-26
  7.1685e+05   2.93e-26
  7.4412e+05   2.75e-26
  7.7243e+05   2.58e-26
  8.0181e+05   2.42e-26
  8.3232e+05   2.27e-26
  8.6398e+05   2.13e-26
  8.9685e+05   1.99e-26
  9.3097e+05   1.87e-26
  9.6638e+05   1.75e-26
  1.0031e+06   1.63e-26
  1.0413e+06   1.53e-26
  1.0809e+06   1.43e-26
  1.1220e+06   1.34e-26
  1.1647e+06   1.25e-26
  1.2090e+06   1.17e-26
  1.2550e+06   1.09e-26
  1.3028e+06   1.01e-26
  1.3523e+06   9.45e-27
  1.4038e+06   8.80e-27
  1.4572e+06   8.20e-27
  1.5126e+06   7.63e-27
  1.5702e+06   7.10e-27
  1.6299e+06   6.60e-27
  1.6919e+06   6.14e-27
  1.7563e+06   5.70e-27
  1.8231e+06   5.29e-27
  1.8925e+06   4.91e-27
  1.9645e+06   4.55e-27
  2.0392e+06   4.22e-27
  2.1168e+06   3.91e-27
  2.1973e+06   3.62e-27
  2.2809e+06   3.35e-27
  2.3677e+06   3.10e-27
  2.4577e+06   2.87e-27
  2.5512e+06   2.65e-27
  2.6483e+06   2.44e-27
  2.7490e+06   2.25e-27
  2.8536e+06   2.08e-27
  2.9622e+06   1.91e-27
  3.0749e+06   1.76e-27
  3.1918e+06   1.62e-27
  3.3133e+06   1.49e-27
  3.4393e+06   1.37e-27
  3.5702e+06   1.25e-27
  3.7060e+06   1.15e-27
  3.8470e+06   1.05e-27
  3.9933e+06   9.64e-28
  4.1452e+06   8.84e-28
  4.3029e+06   8.08e-28
  4.4666e+06   7.37e-28
  4.6366e+06   6.74e-28
  4.8129e+06   6.15e-28
  4.9960e+06   5.59e-28
  5.1861e+06   5.10e-28
  5.3834e+06   4.64e-28
  5.5882e+06   4.20e-28
  5.8008e+06   3.83e-28
  6.0215e+06   3.47e-28
  6.2506e+06   3.14e-28
  6.4883e+06   2.85e-28
  6.7352e+06   2.58e-28
  6.9914e+06   2.32e-28
  7.2574e+06   2.10e-28
  7.5335e+06   1.89e-28
  7.8201e+06   1.70e-28
  8.1176e+06   1.53e-28
  8.4264e+06   1.38e-28
  8.7470e+06   1.24e-28
  9.0797e+06   1.11e-28
  9.4251e+06   9.98e-29
  9.7837e+06   8.92e-29
  1.0156e+07   7.97e-29
  1.0542e+07   7.14e-29
  1.0943e+07   6.36e-29
  1.1360e+07   5.67e-29
  1.1792e+07   5.06e-29
  1.2240e+07   4.50e-29
  1.2706e+07   3.99e-29
  1.3189e+07   3.56e-29
  1.3691e+07   3.15e-29
  1.4212e+07   2.79e-29
  1.4753e+07   2.48e-29
  1.5314e+07   2.19e-29
  1.5897e+07   1.93e-29
  1.6501e+07   1.71e-29
  1.7129e+07   1.51e-29
  1.7781e+07   1.32e-29
  1.8457e+07   1.17e-29
  1.9159e+07   1.03e-29
  1.9888e+07   8.96e-30
  2.0645e+07   7.90e-30
  2.1430e+07   6.91e-30
  2.2245e+07   5.99e-30
  2.3092e+07   5.23e-30
  2.3970e+07   4.52e-30
  2.4882e+07   3.86e-30
  2.5829e+07   3.30e-30
  2.6811e+07   2.79e-30
  2.7831e+07   2.31e-30
  2.8890e+07   1.90e-30
  2.9989e+07   1.53e-30
  3.1130e+07   1.20e-30
  3.2314e+07   9.19e-31
  3.3544e+07   6.80e-31
  3.4820e+07   4.76e-31
  3.6144e+07   3.19e-31
  3.7519e+07   1.99e-31
  3.8947e+07   1.11e-31
  4.0428e+07   5.73e-32
  4.1966e+07   2.58e-32
  4.3563e+07   9.27e-33
  4.5220e+07   2.85e-33
  4.6941e+07   6.69e-34
  4.8726e+07   9.37e-35
  5.0580e+07   7.39e-36
