#  E [MeV]   Flux [# cm^{-2} s^{-1}  MeV^{-1}]
  3.0000e+04   9.62e-25
  3.1232e+04   9.20e-25
  3.2514e+04   8.81e-25
  3.3849e+04   8.42e-25
  3.5238e+04   8.06e-25
  3.6685e+04   7.71e-25
  3.8191e+04   7.37e-25
  3.9759e+04   7.05e-25
  4.1391e+04   6.75e-25
  4.3090e+04   6.45e-25
  4.4859e+04   6.17e-25
  4.6701e+04   5.90e-25
  4.8618e+04   5.64e-25
  5.0614e+04   5.39e-25
  5.2692e+04   5.16e-25
  5.4855e+04   4.93e-25
  5.7107e+04   4.71e-25
  5.9451e+04   4.51e-25
  6.1892e+04   4.31e-25
  6.4433e+04   4.12e-25
  6.7078e+04   3.93e-25
  6.9832e+04   3.76e-25
  7.2699e+04   3.59e-25
  7.5683e+04   3.43e-25
  7.8790e+04   3.28e-25
  8.2025e+04   3.13e-25
  8.5392e+04   2.99e-25
  8.8898e+04   2.86e-25
  9.2547e+04   2.73e-25
  9.6347e+04   2.61e-25
  1.0030e+05   2.49e-25
  1.0442e+05   2.38e-25
  1.0871e+05   2.27e-25
  1.1317e+05   2.17e-25
  1.1782e+05   2.07e-25
  1.2265e+05   1.98e-25
  1.2769e+05   1.88e-25
  1.3293e+05   1.80e-25
  1.3839e+05   1.72e-25
  1.4407e+05   1.64e-25
  1.4998e+05   1.56e-25
  1.5614e+05   1.49e-25
  1.6255e+05   1.42e-25
  1.6922e+05   1.35e-25
  1.7617e+05   1.29e-25
  1.8340e+05   1.23e-25
  1.9093e+05   1.17e-25
  1.9877e+05   1.11e-25
  2.0693e+05   1.06e-25
  2.1543e+05   1.01e-25
  2.2427e+05   9.60e-26
  2.3348e+05   9.13e-26
  2.4306e+05   8.69e-26
  2.5304e+05   8.26e-26
  2.6343e+05   7.85e-26
  2.7424e+05   7.46e-26
  2.8550e+05   7.09e-26
  2.9722e+05   6.73e-26
  3.0942e+05   6.39e-26
  3.2213e+05   6.06e-26
  3.3535e+05   5.75e-26
  3.4912e+05   5.45e-26
  3.6345e+05   5.17e-26
  3.7837e+05   4.89e-26
  3.9390e+05   4.63e-26
  4.1008e+05   4.39e-26
  4.2691e+05   4.15e-26
  4.4444e+05   3.93e-26
  4.6268e+05   3.71e-26
  4.8168e+05   3.51e-26
  5.0145e+05   3.31e-26
  5.2204e+05   3.13e-26
  5.4347e+05   2.95e-26
  5.6578e+05   2.78e-26
  5.8901e+05   2.62e-26
  6.1319e+05   2.47e-26
  6.3836e+05   2.32e-26
  6.6457e+05   2.19e-26
  6.9185e+05   2.06e-26
  7.2025e+05   1.93e-26
  7.4982e+05   1.82e-26
  7.8061e+05   1.71e-26
  8.1265e+05   1.60e-26
  8.4601e+05   1.50e-26
  8.8075e+05   1.41e-26
  9.1690e+05   1.32e-26
  9.5455e+05   1.24e-26
  9.9373e+05   1.16e-26
  1.0345e+06   1.08e-26
  1.0770e+06   1.01e-26
  1.1212e+06   9.46e-27
  1.1672e+06   8.83e-27
  1.2152e+06   8.25e-27
  1.2650e+06   7.69e-27
  1.3170e+06   7.17e-27
  1.3711e+06   6.69e-27
  1.4273e+06   6.23e-27
  1.4859e+06   5.80e-27
  1.5469e+06   5.40e-27
  1.6104e+06   5.02e-27
  1.6766e+06   4.67e-27
  1.7454e+06   4.34e-27
  1.8170e+06   4.03e-27
  1.8916e+06   3.74e-27
  1.9693e+06   3.47e-27
  2.0501e+06   3.22e-27
  2.1343e+06   2.98e-27
  2.2219e+06   2.76e-27
  2.3131e+06   2.55e-27
  2.4081e+06   2.36e-27
  2.5070e+06   2.18e-27
  2.6099e+06   2.01e-27
  2.7170e+06   1.85e-27
  2.8286e+06   1.71e-27
  2.9447e+06   1.57e-27
  3.0656e+06   1.45e-27
  3.1914e+06   1.33e-27
  3.3225e+06   1.22e-27
  3.4589e+06   1.12e-27
  3.6008e+06   1.03e-27
  3.7487e+06   9.43e-28
  3.9026e+06   8.62e-28
  4.0628e+06   7.89e-28
  4.2296e+06   7.21e-28
  4.4032e+06   6.57e-28
  4.5840e+06   6.00e-28
  4.7722e+06   5.46e-28
  4.9681e+06   4.96e-28
  5.1720e+06   4.51e-28
  5.3844e+06   4.09e-28
  5.6054e+06   3.70e-28
  5.8355e+06   3.36e-28
  6.0751e+06   3.03e-28
  6.3245e+06   2.73e-28
  6.5841e+06   2.47e-28
  6.8544e+06   2.22e-28
  7.1358e+06   2.00e-28
  7.4288e+06   1.80e-28
  7.7338e+06   1.61e-28
  8.0513e+06   1.44e-28
  8.3818e+06   1.29e-28
  8.7259e+06   1.15e-28
  9.0841e+06   1.02e-28
  9.4571e+06   9.11e-29
  9.8453e+06   8.06e-29
  1.0249e+07   7.15e-29
  1.0670e+07   6.32e-29
  1.1108e+07   5.56e-29
  1.1564e+07   4.90e-29
  1.2039e+07   4.30e-29
  1.2533e+07   3.75e-29
  1.3048e+07   3.29e-29
  1.3584e+07   2.86e-29
  1.4141e+07   2.47e-29
  1.4722e+07   2.15e-29
  1.5326e+07   1.85e-29
  1.5955e+07   1.58e-29
  1.6610e+07   1.36e-29
  1.7292e+07   1.15e-29
  1.8002e+07   9.72e-30
  1.8741e+07   8.19e-30
  1.9511e+07   6.80e-30
  2.0312e+07   5.63e-30
  2.1145e+07   4.63e-30
  2.2013e+07   3.74e-30
  2.2917e+07   3.01e-30
  2.3858e+07   2.39e-30
  2.4837e+07   1.85e-30
  2.5857e+07   1.42e-30
  2.6919e+07   1.07e-30
  2.8024e+07   7.73e-31
  2.9174e+07   5.53e-31
  3.0372e+07   3.78e-31
  3.1619e+07   2.45e-31
  3.2917e+07   1.54e-31
  3.4268e+07   8.90e-32
  3.5675e+07   4.74e-32
  3.7140e+07   2.30e-32
  3.8664e+07   9.75e-33
  4.0252e+07   3.51e-33
  4.1904e+07   1.03e-33
  4.3624e+07   2.30e-34
  4.5415e+07   3.64e-35
  4.7280e+07   3.66e-36
  4.9221e+07   1.98e-37
  5.1241e+07   4.79e-39
  5.3345e+07   3.85e-41
  5.5535e+07   6.72e-44
  5.7815e+07   1.47e-47
  6.0188e+07   1.67e-52
  6.2659e+07   2.80e-59
  6.5232e+07   1.13e-68
  6.7910e+07   1.20e-71
  7.0698e+07   1.04e-71
  7.3600e+07   9.28e-72
  7.6621e+07   8.23e-72
  7.9767e+07   7.29e-72
  8.3042e+07   6.58e-72
  8.6451e+07   5.91e-72
  9.0000e+07   5.33e-72
