#  E [GeV]   # per interaction  [GeV^{-1}]
  3.0000e+01   2.65e-02
  3.1141e+01   2.55e-02
  3.2326e+01   2.45e-02
  3.3556e+01   2.36e-02
  3.4832e+01   2.27e-02
  3.6157e+01   2.18e-02
  3.7533e+01   2.10e-02
  3.8961e+01   2.01e-02
  4.0443e+01   1.93e-02
  4.1982e+01   1.86e-02
  4.3579e+01   1.78e-02
  4.5237e+01   1.71e-02
  4.6958e+01   1.64e-02
  4.8744e+01   1.57e-02
  5.0598e+01   1.51e-02
  5.2523e+01   1.45e-02
  5.4521e+01   1.39e-02
  5.6596e+01   1.33e-02
  5.8749e+01   1.27e-02
  6.0984e+01   1.22e-02
  6.3304e+01   1.17e-02
  6.5712e+01   1.12e-02
  6.8212e+01   1.07e-02
  7.0807e+01   1.02e-02
  7.3500e+01   9.80e-03
  7.6297e+01   9.37e-03
  7.9199e+01   8.96e-03
  8.2212e+01   8.56e-03
  8.5340e+01   8.18e-03
  8.8586e+01   7.81e-03
  9.1956e+01   7.46e-03
  9.5455e+01   7.12e-03
  9.9086e+01   6.79e-03
  1.0286e+02   6.48e-03
  1.0677e+02   6.18e-03
  1.1083e+02   5.89e-03
  1.1505e+02   5.62e-03
  1.1942e+02   5.35e-03
  1.2397e+02   5.10e-03
  1.2868e+02   4.85e-03
  1.3358e+02   4.62e-03
  1.3866e+02   4.39e-03
  1.4394e+02   4.18e-03
  1.4941e+02   3.97e-03
  1.5509e+02   3.77e-03
  1.6100e+02   3.58e-03
  1.6712e+02   3.40e-03
  1.7348e+02   3.23e-03
  1.8008e+02   3.06e-03
  1.8693e+02   2.90e-03
  1.9404e+02   2.75e-03
  2.0142e+02   2.61e-03
  2.0908e+02   2.47e-03
  2.1704e+02   2.34e-03
  2.2529e+02   2.21e-03
  2.3387e+02   2.09e-03
  2.4276e+02   1.97e-03
  2.5200e+02   1.86e-03
  2.6158e+02   1.76e-03
  2.7154e+02   1.66e-03
  2.8187e+02   1.56e-03
  2.9259e+02   1.47e-03
  3.0372e+02   1.38e-03
  3.1527e+02   1.30e-03
  3.2727e+02   1.22e-03
  3.3972e+02   1.15e-03
  3.5264e+02   1.08e-03
  3.6606e+02   1.01e-03
  3.7998e+02   9.48e-04
  3.9444e+02   8.88e-04
  4.0945e+02   8.32e-04
  4.2502e+02   7.78e-04
  4.4119e+02   7.28e-04
  4.5798e+02   6.80e-04
  4.7540e+02   6.35e-04
  4.9348e+02   5.92e-04
  5.1226e+02   5.52e-04
  5.3175e+02   5.15e-04
  5.5198e+02   4.80e-04
  5.7297e+02   4.47e-04
  5.9477e+02   4.16e-04
  6.1740e+02   3.87e-04
  6.4089e+02   3.60e-04
  6.6527e+02   3.35e-04
  6.9058e+02   3.11e-04
  7.1685e+02   2.89e-04
  7.4412e+02   2.68e-04
  7.7243e+02   2.49e-04
  8.0181e+02   2.31e-04
  8.3232e+02   2.15e-04
  8.6398e+02   2.00e-04
  8.9685e+02   1.86e-04
  9.3097e+02   1.72e-04
  9.6638e+02   1.60e-04
  1.0031e+03   1.49e-04
  1.0413e+03   1.38e-04
  1.0809e+03   1.29e-04
  1.1220e+03   1.20e-04
  1.1647e+03   1.11e-04
  1.2090e+03   1.04e-04
  1.2550e+03   9.65e-05
  1.3028e+03   8.99e-05
  1.3523e+03   8.37e-05
  1.4038e+03   7.81e-05
  1.4572e+03   7.29e-05
  1.5126e+03   6.80e-05
  1.5702e+03   6.35e-05
  1.6299e+03   5.93e-05
  1.6919e+03   5.54e-05
  1.7563e+03   5.19e-05
  1.8231e+03   4.85e-05
  1.8925e+03   4.54e-05
  1.9645e+03   4.25e-05
  2.0392e+03   3.98e-05
  2.1168e+03   3.73e-05
  2.1973e+03   3.49e-05
  2.2809e+03   3.27e-05
  2.3677e+03   3.07e-05
  2.4577e+03   2.88e-05
  2.5512e+03   2.70e-05
  2.6483e+03   2.53e-05
  2.7490e+03   2.38e-05
  2.8536e+03   2.23e-05
  2.9622e+03   2.10e-05
  3.0749e+03   1.97e-05
  3.1918e+03   1.85e-05
  3.3133e+03   1.73e-05
  3.4393e+03   1.63e-05
  3.5702e+03   1.53e-05
  3.7060e+03   1.43e-05
  3.8470e+03   1.34e-05
  3.9933e+03   1.26e-05
  4.1452e+03   1.18e-05
  4.3029e+03   1.10e-05
  4.4666e+03   1.03e-05
  4.6366e+03   9.62e-06
  4.8129e+03   8.98e-06
  4.9960e+03   8.38e-06
  5.1861e+03   7.81e-06
  5.3834e+03   7.27e-06
  5.5882e+03   6.76e-06
  5.8008e+03   6.27e-06
  6.0215e+03   5.81e-06
  6.2506e+03   5.38e-06
  6.4883e+03   4.97e-06
  6.7352e+03   4.57e-06
  6.9914e+03   4.20e-06
  7.2574e+03   3.85e-06
  7.5335e+03   3.52e-06
  7.8201e+03   3.20e-06
  8.1176e+03   2.91e-06
  8.4264e+03   2.63e-06
  8.7470e+03   2.36e-06
  9.0797e+03   2.12e-06
  9.4251e+03   1.89e-06
  9.7837e+03   1.67e-06
  1.0156e+04   1.47e-06
  1.0542e+04   1.29e-06
  1.0943e+04   1.12e-06
  1.1360e+04   9.61e-07
  1.1792e+04   8.19e-07
  1.2240e+04   6.90e-07
  1.2706e+04   5.75e-07
  1.3189e+04   4.73e-07
  1.3691e+04   3.84e-07
  1.4212e+04   3.06e-07
  1.4753e+04   2.40e-07
  1.5314e+04   1.85e-07
  1.5897e+04   1.39e-07
  1.6501e+04   1.02e-07
  1.7129e+04   7.24e-08
  1.7781e+04   4.99e-08
  1.8457e+04   3.31e-08
  1.9159e+04   2.11e-08
  1.9888e+04   1.28e-08
  2.0645e+04   7.34e-09
  2.1430e+04   3.95e-09
  2.2245e+04   1.98e-09
  2.3092e+04   9.09e-10
  2.3970e+04   3.78e-10
  2.4882e+04   1.40e-10
  2.5829e+04   4.54e-11
  2.6811e+04   1.25e-11
  2.7831e+04   2.85e-12
  2.8890e+04   5.18e-13
  2.9989e+04   7.19e-14
  3.1130e+04   7.21e-15
  3.2314e+04   4.88e-16
  3.3544e+04   2.05e-17
  3.4820e+04   4.79e-19
  3.6144e+04   5.47e-21
  3.7519e+04   2.56e-23
  3.8947e+04   3.97e-26
  4.0428e+04   1.52e-29
  4.1966e+04   1.01e-33
  4.3563e+04   7.06e-39
  4.5220e+04   2.76e-45
  4.6941e+04   1.01e-46
  4.8726e+04   9.56e-47
  5.0580e+04   9.05e-47
