#  E [GeV]   # per interaction  [GeV^{-1}]
  3.0000e+01   1.09e+00
  3.1141e+01   1.04e+00
  3.2326e+01   9.95e-01
  3.3556e+01   9.51e-01
  3.4832e+01   9.08e-01
  3.6157e+01   8.68e-01
  3.7533e+01   8.29e-01
  3.8961e+01   7.92e-01
  4.0443e+01   7.56e-01
  4.1982e+01   7.21e-01
  4.3579e+01   6.88e-01
  4.5237e+01   6.57e-01
  4.6958e+01   6.27e-01
  4.8744e+01   5.98e-01
  5.0598e+01   5.70e-01
  5.2523e+01   5.44e-01
  5.4521e+01   5.18e-01
  5.6596e+01   4.94e-01
  5.8749e+01   4.71e-01
  6.0984e+01   4.48e-01
  6.3304e+01   4.27e-01
  6.5712e+01   4.07e-01
  6.8212e+01   3.87e-01
  7.0807e+01   3.69e-01
  7.3500e+01   3.51e-01
  7.6297e+01   3.34e-01
  7.9199e+01   3.17e-01
  8.2212e+01   3.02e-01
  8.5340e+01   2.87e-01
  8.8586e+01   2.73e-01
  9.1956e+01   2.59e-01
  9.5455e+01   2.46e-01
  9.9086e+01   2.34e-01
  1.0286e+02   2.22e-01
  1.0677e+02   2.11e-01
  1.1083e+02   2.00e-01
  1.1505e+02   1.90e-01
  1.1942e+02   1.80e-01
  1.2397e+02   1.70e-01
  1.2868e+02   1.61e-01
  1.3358e+02   1.53e-01
  1.3866e+02   1.45e-01
  1.4394e+02   1.37e-01
  1.4941e+02   1.29e-01
  1.5509e+02   1.22e-01
  1.6100e+02   1.16e-01
  1.6712e+02   1.09e-01
  1.7348e+02   1.03e-01
  1.8008e+02   9.71e-02
  1.8693e+02   9.15e-02
  1.9404e+02   8.62e-02
  2.0142e+02   8.11e-02
  2.0908e+02   7.63e-02
  2.1704e+02   7.17e-02
  2.2529e+02   6.73e-02
  2.3387e+02   6.32e-02
  2.4276e+02   5.92e-02
  2.5200e+02   5.54e-02
  2.6158e+02   5.19e-02
  2.7154e+02   4.85e-02
  2.8187e+02   4.53e-02
  2.9259e+02   4.22e-02
  3.0372e+02   3.93e-02
  3.1527e+02   3.66e-02
  3.2727e+02   3.40e-02
  3.3972e+02   3.15e-02
  3.5264e+02   2.92e-02
  3.6606e+02   2.71e-02
  3.7998e+02   2.50e-02
  3.9444e+02   2.31e-02
  4.0945e+02   2.13e-02
  4.2502e+02   1.96e-02
  4.4119e+02   1.81e-02
  4.5798e+02   1.66e-02
  4.7540e+02   1.52e-02
  4.9348e+02   1.40e-02
  5.1226e+02   1.28e-02
  5.3175e+02   1.17e-02
  5.5198e+02   1.07e-02
  5.7297e+02   9.76e-03
  5.9477e+02   8.90e-03
  6.1740e+02   8.11e-03
  6.4089e+02   7.38e-03
  6.6527e+02   6.72e-03
  6.9058e+02   6.11e-03
  7.1685e+02   5.55e-03
  7.4412e+02   5.04e-03
  7.7243e+02   4.57e-03
  8.0181e+02   4.15e-03
  8.3232e+02   3.76e-03
  8.6398e+02   3.41e-03
  8.9685e+02   3.09e-03
  9.3097e+02   2.80e-03
  9.6638e+02   2.54e-03
  1.0031e+03   2.30e-03
  1.0413e+03   2.08e-03
  1.0809e+03   1.89e-03
  1.1220e+03   1.71e-03
  1.1647e+03   1.55e-03
  1.2090e+03   1.40e-03
  1.2550e+03   1.27e-03
  1.3028e+03   1.15e-03
  1.3523e+03   1.04e-03
  1.4038e+03   9.44e-04
  1.4572e+03   8.54e-04
  1.5126e+03   7.74e-04
  1.5702e+03   7.01e-04
  1.6299e+03   6.34e-04
  1.6919e+03   5.75e-04
  1.7563e+03   5.20e-04
  1.8231e+03   4.70e-04
  1.8925e+03   4.26e-04
  1.9645e+03   3.85e-04
  2.0392e+03   3.48e-04
  2.1168e+03   3.14e-04
  2.1973e+03   2.84e-04
  2.2809e+03   2.56e-04
  2.3677e+03   2.30e-04
  2.4577e+03   2.07e-04
  2.5512e+03   1.86e-04
  2.6483e+03   1.67e-04
  2.7490e+03   1.50e-04
  2.8536e+03   1.34e-04
  2.9622e+03   1.20e-04
  3.0749e+03   1.07e-04
  3.1918e+03   9.49e-05
  3.3133e+03   8.43e-05
  3.4393e+03   7.49e-05
  3.5702e+03   6.61e-05
  3.7060e+03   5.83e-05
  3.8470e+03   5.14e-05
  3.9933e+03   4.51e-05
  4.1452e+03   3.94e-05
  4.3029e+03   3.45e-05
  4.4666e+03   3.00e-05
  4.6366e+03   2.59e-05
  4.8129e+03   2.24e-05
  4.9960e+03   1.93e-05
  5.1861e+03   1.65e-05
  5.3834e+03   1.41e-05
  5.5882e+03   1.19e-05
  5.8008e+03   1.00e-05
  6.0215e+03   8.47e-06
  6.2506e+03   7.08e-06
  6.4883e+03   5.84e-06
  6.7352e+03   4.85e-06
  6.9914e+03   3.98e-06
  7.2574e+03   3.22e-06
  7.5335e+03   2.61e-06
  7.8201e+03   2.10e-06
  8.1176e+03   1.66e-06
  8.4264e+03   1.31e-06
  8.7470e+03   1.02e-06
  9.0797e+03   7.81e-07
  9.4251e+03   5.96e-07
  9.7837e+03   4.49e-07
  1.0156e+04   3.30e-07
  1.0542e+04   2.41e-07
  1.0943e+04   1.73e-07
  1.1360e+04   1.21e-07
  1.1792e+04   8.37e-08
  1.2240e+04   5.67e-08
  1.2706e+04   3.72e-08
  1.3189e+04   2.38e-08
  1.3691e+04   1.49e-08
  1.4212e+04   8.92e-09
  1.4753e+04   5.16e-09
  1.5314e+04   2.89e-09
  1.5897e+04   1.53e-09
  1.6501e+04   7.67e-10
  1.7129e+04   3.67e-10
  1.7781e+04   1.63e-10
  1.8457e+04   6.68e-11
  1.9159e+04   2.55e-11
  1.9888e+04   8.76e-12
  2.0645e+04   2.68e-12
  2.1430e+04   7.30e-13
  2.2245e+04   1.71e-13
  2.3092e+04   3.33e-14
  2.3970e+04   5.42e-15
  2.4882e+04   6.94e-16
  2.5829e+04   6.75e-17
  2.6811e+04   4.83e-18
  2.7831e+04   2.37e-19
  2.8890e+04   7.47e-21
  2.9989e+04   1.41e-22
  3.1130e+04   1.43e-24
  3.2314e+04   6.89e-27
  3.3544e+04   1.37e-29
  3.4820e+04   9.30e-33
  3.6144e+04   1.71e-36
  3.7519e+04   6.41e-41
  3.8947e+04   3.41e-46
  4.0428e+04   1.82e-47
  4.1966e+04   1.65e-47
  4.3563e+04   1.49e-47
  4.5220e+04   1.34e-47
  4.6941e+04   1.22e-47
  4.8726e+04   1.12e-47
  5.0580e+04   1.02e-47
