#  E [MeV]   Flux [# cm^{-2} s^{-1}  MeV^{-1}]
  3.0000e+04   9.89e-20
  3.0943e+04   9.56e-20
  3.1916e+04   9.24e-20
  3.2920e+04   8.94e-20
  3.3955e+04   8.64e-20
  3.5023e+04   8.35e-20
  3.6124e+04   8.07e-20
  3.7260e+04   7.80e-20
  3.8432e+04   7.53e-20
  3.9640e+04   7.27e-20
  4.0887e+04   7.02e-20
  4.2172e+04   6.78e-20
  4.3499e+04   6.54e-20
  4.4866e+04   6.31e-20
  4.6277e+04   6.09e-20
  4.7732e+04   5.87e-20
  4.9233e+04   5.66e-20
  5.0781e+04   5.45e-20
  5.2378e+04   5.25e-20
  5.4025e+04   5.06e-20
  5.5724e+04   4.87e-20
  5.7476e+04   4.69e-20
  5.9284e+04   4.52e-20
  6.1148e+04   4.34e-20
  6.3071e+04   4.18e-20
  6.5054e+04   4.02e-20
  6.7100e+04   3.86e-20
  6.9210e+04   3.71e-20
  7.1386e+04   3.57e-20
  7.3631e+04   3.43e-20
  7.5946e+04   3.29e-20
  7.8334e+04   3.16e-20
  8.0797e+04   3.03e-20
  8.3338e+04   2.91e-20
  8.5959e+04   2.79e-20
  8.8662e+04   2.67e-20
  9.1450e+04   2.56e-20
  9.4325e+04   2.45e-20
  9.7291e+04   2.34e-20
  1.0035e+05   2.24e-20
  1.0351e+05   2.15e-20
  1.0676e+05   2.05e-20
  1.1012e+05   1.96e-20
  1.1358e+05   1.87e-20
  1.1715e+05   1.79e-20
  1.2084e+05   1.71e-20
  1.2464e+05   1.63e-20
  1.2856e+05   1.55e-20
  1.3260e+05   1.48e-20
  1.3677e+05   1.41e-20
  1.4107e+05   1.34e-20
  1.4550e+05   1.28e-20
  1.5008e+05   1.22e-20
  1.5480e+05   1.16e-20
  1.5967e+05   1.10e-20
  1.6469e+05   1.04e-20
  1.6987e+05   9.91e-21
  1.7521e+05   9.40e-21
  1.8072e+05   8.91e-21
  1.8640e+05   8.44e-21
  1.9226e+05   8.00e-21
  1.9831e+05   7.57e-21
  2.0454e+05   7.16e-21
  2.1097e+05   6.77e-21
  2.1761e+05   6.40e-21
  2.2445e+05   6.05e-21
  2.3151e+05   5.71e-21
  2.3879e+05   5.38e-21
  2.4630e+05   5.08e-21
  2.5404e+05   4.78e-21
  2.6203e+05   4.50e-21
  2.7027e+05   4.24e-21
  2.7877e+05   3.98e-21
  2.8753e+05   3.74e-21
  2.9657e+05   3.51e-21
  3.0590e+05   3.30e-21
  3.1552e+05   3.09e-21
  3.2544e+05   2.89e-21
  3.3567e+05   2.71e-21
  3.4623e+05   2.53e-21
  3.5712e+05   2.36e-21
  3.6835e+05   2.21e-21
  3.7993e+05   2.06e-21
  3.9188e+05   1.92e-21
  4.0420e+05   1.78e-21
  4.1691e+05   1.66e-21
  4.3002e+05   1.54e-21
  4.4354e+05   1.43e-21
  4.5749e+05   1.33e-21
  4.7187e+05   1.23e-21
  4.8671e+05   1.14e-21
  5.0202e+05   1.05e-21
  5.1780e+05   9.72e-22
  5.3409e+05   8.97e-22
  5.5088e+05   8.28e-22
  5.6820e+05   7.64e-22
  5.8607e+05   7.03e-22
  6.0450e+05   6.47e-22
  6.2351e+05   5.95e-22
  6.4311e+05   5.47e-22
  6.6334e+05   5.02e-22
  6.8419e+05   4.60e-22
  7.0571e+05   4.22e-22
  7.2790e+05   3.86e-22
  7.5079e+05   3.53e-22
  7.7440e+05   3.24e-22
  7.9875e+05   2.96e-22
  8.2387e+05   2.70e-22
  8.4977e+05   2.46e-22
  8.7649e+05   2.25e-22
  9.0405e+05   2.05e-22
  9.3248e+05   1.87e-22
  9.6180e+05   1.70e-22
  9.9205e+05   1.55e-22
  1.0232e+06   1.41e-22
  1.0554e+06   1.28e-22
  1.0886e+06   1.17e-22
  1.1228e+06   1.06e-22
  1.1581e+06   9.62e-23
  1.1946e+06   8.73e-23
  1.2321e+06   7.94e-23
  1.2709e+06   7.20e-23
  1.3108e+06   6.52e-23
  1.3521e+06   5.91e-23
  1.3946e+06   5.36e-23
  1.4384e+06   4.85e-23
  1.4837e+06   4.37e-23
  1.5303e+06   3.97e-23
  1.5784e+06   3.59e-23
  1.6281e+06   3.24e-23
  1.6793e+06   2.92e-23
  1.7321e+06   2.64e-23
  1.7865e+06   2.39e-23
  1.8427e+06   2.15e-23
  1.9006e+06   1.93e-23
  1.9604e+06   1.75e-23
  2.0221e+06   1.57e-23
  2.0856e+06   1.41e-23
  2.1512e+06   1.27e-23
  2.2189e+06   1.14e-23
  2.2886e+06   1.03e-23
  2.3606e+06   9.15e-24
  2.4348e+06   8.25e-24
  2.5114e+06   7.40e-24
  2.5904e+06   6.61e-24
  2.6718e+06   5.89e-24
  2.7558e+06   5.29e-24
  2.8425e+06   4.72e-24
  2.9319e+06   4.19e-24
  3.0241e+06   3.74e-24
  3.1192e+06   3.34e-24
  3.2173e+06   2.97e-24
  3.3184e+06   2.62e-24
  3.4228e+06   2.33e-24
  3.5304e+06   2.07e-24
  3.6414e+06   1.83e-24
  3.7559e+06   1.61e-24
  3.8740e+06   1.43e-24
  3.9958e+06   1.26e-24
  4.1215e+06   1.11e-24
  4.2511e+06   9.71e-25
  4.3848e+06   8.59e-25
  4.5227e+06   7.54e-25
  4.6649e+06   6.56e-25
  4.8116e+06   5.75e-25
  4.9629e+06   5.05e-25
  5.1189e+06   4.40e-25
  5.2799e+06   3.80e-25
  5.4459e+06   3.33e-25
  5.6171e+06   2.91e-25
  5.7938e+06   2.52e-25
  5.9760e+06   2.17e-25
  6.1639e+06   1.88e-25
  6.3577e+06   1.62e-25
  6.5576e+06   1.38e-25
  6.7638e+06   1.18e-25
  6.9765e+06   1.02e-25
  7.1959e+06   8.67e-26
  7.4222e+06   7.32e-26
  7.6556e+06   6.27e-26
  7.8963e+06   5.37e-26
  8.1446e+06   4.55e-26
  8.4007e+06   3.82e-26
  8.6649e+06   3.29e-26
  8.9373e+06   2.81e-26
  9.2184e+06   2.38e-26
  9.5082e+06   2.02e-26
  9.8072e+06   1.73e-26
  1.0116e+07   1.47e-26
  1.0434e+07   1.23e-26
  1.0762e+07   1.05e-26
  1.1100e+07   8.92e-27
  1.1449e+07   7.53e-27
  1.1809e+07   6.30e-27
  1.2181e+07   5.29e-27
  1.2564e+07   4.40e-27
  1.2959e+07   3.62e-27
  1.3366e+07   2.95e-27
  1.3786e+07   2.38e-27
  1.4220e+07   1.90e-27
