#  E [MeV]   Flux [# cm^{-2} s^{-1}  MeV^{-1}]
  3.0000e+04   4.04e-20
  3.0765e+04   3.94e-20
  3.1549e+04   3.84e-20
  3.2354e+04   3.74e-20
  3.3179e+04   3.65e-20
  3.4025e+04   3.56e-20
  3.4892e+04   3.47e-20
  3.5782e+04   3.39e-20
  3.6695e+04   3.31e-20
  3.7630e+04   3.23e-20
  3.8590e+04   3.15e-20
  3.9574e+04   3.08e-20
  4.0583e+04   3.01e-20
  4.1618e+04   2.94e-20
  4.2679e+04   2.87e-20
  4.3767e+04   2.80e-20
  4.4883e+04   2.74e-20
  4.6028e+04   2.68e-20
  4.7201e+04   2.62e-20
  4.8405e+04   2.56e-20
  4.9639e+04   2.51e-20
  5.0905e+04   2.45e-20
  5.2203e+04   2.40e-20
  5.3534e+04   2.35e-20
  5.4899e+04   2.30e-20
  5.6299e+04   2.25e-20
  5.7734e+04   2.20e-20
  5.9207e+04   2.16e-20
  6.0716e+04   2.11e-20
  6.2264e+04   2.07e-20
  6.3852e+04   2.03e-20
  6.5480e+04   1.99e-20
  6.7150e+04   1.95e-20
  6.8862e+04   1.91e-20
  7.0618e+04   1.88e-20
  7.2419e+04   1.84e-20
  7.4265e+04   1.81e-20
  7.6159e+04   1.77e-20
  7.8101e+04   1.74e-20
  8.0092e+04   1.71e-20
  8.2135e+04   1.68e-20
  8.4229e+04   1.65e-20
  8.6377e+04   1.62e-20
  8.8579e+04   1.59e-20
  9.0838e+04   1.56e-20
  9.3154e+04   1.54e-20
  9.5529e+04   1.51e-20
  9.7965e+04   1.48e-20
  1.0046e+05   1.46e-20
  1.0303e+05   1.43e-20
  1.0565e+05   1.41e-20
  1.0835e+05   1.38e-20
  1.1111e+05   1.36e-20
  1.1394e+05   1.34e-20
  1.1685e+05   1.32e-20
  1.1983e+05   1.29e-20
  1.2288e+05   1.27e-20
  1.2602e+05   1.25e-20
  1.2923e+05   1.23e-20
  1.3252e+05   1.21e-20
  1.3590e+05   1.19e-20
  1.3937e+05   1.17e-20
  1.4292e+05   1.15e-20
  1.4657e+05   1.13e-20
  1.5030e+05   1.11e-20
  1.5414e+05   1.10e-20
  1.5807e+05   1.08e-20
  1.6210e+05   1.06e-20
  1.6623e+05   1.04e-20
  1.7047e+05   1.03e-20
  1.7482e+05   1.01e-20
  1.7927e+05   9.92e-21
  1.8384e+05   9.76e-21
  1.8853e+05   9.60e-21
  1.9334e+05   9.44e-21
  1.9827e+05   9.28e-21
  2.0333e+05   9.13e-21
  2.0851e+05   8.97e-21
  2.1383e+05   8.82e-21
  2.1928e+05   8.67e-21
  2.2487e+05   8.52e-21
  2.3060e+05   8.37e-21
  2.3648e+05   8.23e-21
  2.4251e+05   8.09e-21
  2.4870e+05   7.94e-21
  2.5504e+05   7.80e-21
  2.6154e+05   7.66e-21
  2.6821e+05   7.53e-21
  2.7505e+05   7.39e-21
  2.8206e+05   7.26e-21
  2.8926e+05   7.12e-21
  2.9663e+05   6.99e-21
  3.0420e+05   6.86e-21
  3.1195e+05   6.73e-21
  3.1991e+05   6.60e-21
  3.2806e+05   6.47e-21
  3.3643e+05   6.34e-21
  3.4501e+05   6.21e-21
  3.5381e+05   6.09e-21
  3.6283e+05   5.96e-21
  3.7208e+05   5.84e-21
  3.8157e+05   5.72e-21
  3.9130e+05   5.60e-21
  4.0127e+05   5.48e-21
  4.1150e+05   5.36e-21
  4.2200e+05   5.24e-21
  4.3276e+05   5.13e-21
  4.4379e+05   5.02e-21
  4.5511e+05   4.90e-21
  4.6671e+05   4.78e-21
  4.7861e+05   4.67e-21
  4.9082e+05   4.56e-21
  5.0333e+05   4.45e-21
  5.1617e+05   4.34e-21
  5.2933e+05   4.23e-21
  5.4283e+05   4.13e-21
  5.5667e+05   4.02e-21
  5.7086e+05   3.92e-21
  5.8542e+05   3.82e-21
  6.0035e+05   3.71e-21
  6.1565e+05   3.62e-21
  6.3135e+05   3.52e-21
  6.4745e+05   3.42e-21
  6.6396e+05   3.32e-21
  6.8089e+05   3.23e-21
  6.9825e+05   3.13e-21
  7.1606e+05   3.04e-21
  7.3432e+05   2.95e-21
  7.5304e+05   2.86e-21
  7.7224e+05   2.77e-21
  7.9193e+05   2.69e-21
  8.1213e+05   2.60e-21
  8.3283e+05   2.51e-21
  8.5407e+05   2.43e-21
  8.7585e+05   2.35e-21
  8.9818e+05   2.27e-21
  9.2108e+05   2.19e-21
  9.4457e+05   2.11e-21
  9.6866e+05   2.04e-21
  9.9336e+05   1.96e-21
  1.0187e+06   1.89e-21
  1.0447e+06   1.81e-21
  1.0713e+06   1.74e-21
  1.0986e+06   1.67e-21
  1.1266e+06   1.61e-21
  1.1554e+06   1.54e-21
  1.1848e+06   1.48e-21
  1.2150e+06   1.41e-21
  1.2460e+06   1.35e-21
  1.2778e+06   1.29e-21
  1.3104e+06   1.23e-21
  1.3438e+06   1.18e-21
  1.3780e+06   1.12e-21
  1.4132e+06   1.07e-21
  1.4492e+06   1.02e-21
  1.4862e+06   9.68e-22
  1.5241e+06   9.20e-22
  1.5629e+06   8.73e-22
  1.6028e+06   8.28e-22
  1.6436e+06   7.83e-22
  1.6856e+06   7.41e-22
  1.7285e+06   7.00e-22
  1.7726e+06   6.61e-22
  1.8178e+06   6.22e-22
  1.8642e+06   5.84e-22
  1.9117e+06   5.48e-22
  1.9604e+06   5.14e-22
  2.0104e+06   4.81e-22
  2.0617e+06   4.49e-22
  2.1143e+06   4.19e-22
  2.1682e+06   3.90e-22
  2.2235e+06   3.62e-22
  2.2802e+06   3.37e-22
  2.3383e+06   3.12e-22
  2.3979e+06   2.88e-22
  2.4591e+06   2.66e-22
  2.5218e+06   2.45e-22
  2.5861e+06   2.26e-22
  2.6520e+06   2.08e-22
  2.7196e+06   1.90e-22
  2.7890e+06   1.74e-22
  2.8601e+06   1.59e-22
  2.9330e+06   1.45e-22
  3.0078e+06   1.31e-22
  3.0845e+06   1.19e-22
  3.1632e+06   1.07e-22
  3.2438e+06   9.71e-23
  3.3265e+06   8.77e-23
  3.4113e+06   7.87e-23
  3.4983e+06   7.01e-23
  3.5875e+06   6.31e-23
  3.6790e+06   5.69e-23
  3.7728e+06   5.11e-23
  3.8690e+06   4.54e-23
  3.9677e+06   4.03e-23
  4.0689e+06   3.67e-23
  4.1726e+06   3.33e-23
  4.2790e+06   3.00e-23
  4.3881e+06   2.69e-23
  4.5000e+06   2.47e-23
