#  E [GeV]   # per interaction  [GeV^{-1}]
  3.0000e+01   5.71e-01
  3.1141e+01   5.48e-01
  3.2326e+01   5.26e-01
  3.3556e+01   5.04e-01
  3.4832e+01   4.84e-01
  3.6157e+01   4.64e-01
  3.7533e+01   4.45e-01
  3.8961e+01   4.26e-01
  4.0443e+01   4.09e-01
  4.1982e+01   3.92e-01
  4.3579e+01   3.76e-01
  4.5237e+01   3.60e-01
  4.6958e+01   3.45e-01
  4.8744e+01   3.31e-01
  5.0598e+01   3.17e-01
  5.2523e+01   3.04e-01
  5.4521e+01   2.91e-01
  5.6596e+01   2.79e-01
  5.8749e+01   2.67e-01
  6.0984e+01   2.56e-01
  6.3304e+01   2.45e-01
  6.5712e+01   2.34e-01
  6.8212e+01   2.24e-01
  7.0807e+01   2.15e-01
  7.3500e+01   2.05e-01
  7.6297e+01   1.97e-01
  7.9199e+01   1.88e-01
  8.2212e+01   1.80e-01
  8.5340e+01   1.72e-01
  8.8586e+01   1.64e-01
  9.1956e+01   1.57e-01
  9.5455e+01   1.50e-01
  9.9086e+01   1.44e-01
  1.0286e+02   1.37e-01
  1.0677e+02   1.31e-01
  1.1083e+02   1.25e-01
  1.1505e+02   1.19e-01
  1.1942e+02   1.14e-01
  1.2397e+02   1.09e-01
  1.2868e+02   1.04e-01
  1.3358e+02   9.90e-02
  1.3866e+02   9.44e-02
  1.4394e+02   8.99e-02
  1.4941e+02   8.57e-02
  1.5509e+02   8.16e-02
  1.6100e+02   7.77e-02
  1.6712e+02   7.40e-02
  1.7348e+02   7.03e-02
  1.8008e+02   6.69e-02
  1.8693e+02   6.36e-02
  1.9404e+02   6.04e-02
  2.0142e+02   5.73e-02
  2.0908e+02   5.44e-02
  2.1704e+02   5.16e-02
  2.2529e+02   4.89e-02
  2.3387e+02   4.64e-02
  2.4276e+02   4.39e-02
  2.5200e+02   4.16e-02
  2.6158e+02   3.93e-02
  2.7154e+02   3.72e-02
  2.8187e+02   3.52e-02
  2.9259e+02   3.32e-02
  3.0372e+02   3.14e-02
  3.1527e+02   2.96e-02
  3.2727e+02   2.79e-02
  3.3972e+02   2.62e-02
  3.5264e+02   2.47e-02
  3.6606e+02   2.32e-02
  3.7998e+02   2.18e-02
  3.9444e+02   2.04e-02
  4.0945e+02   1.92e-02
  4.2502e+02   1.80e-02
  4.4119e+02   1.68e-02
  4.5798e+02   1.58e-02
  4.7540e+02   1.47e-02
  4.9348e+02   1.38e-02
  5.1226e+02   1.29e-02
  5.3175e+02   1.20e-02
  5.5198e+02   1.12e-02
  5.7297e+02   1.04e-02
  5.9477e+02   9.71e-03
  6.1740e+02   9.04e-03
  6.4089e+02   8.41e-03
  6.6527e+02   7.81e-03
  6.9058e+02   7.26e-03
  7.1685e+02   6.74e-03
  7.4412e+02   6.25e-03
  7.7243e+02   5.80e-03
  8.0181e+02   5.38e-03
  8.3232e+02   4.99e-03
  8.6398e+02   4.62e-03
  8.9685e+02   4.28e-03
  9.3097e+02   3.96e-03
  9.6638e+02   3.67e-03
  1.0031e+03   3.40e-03
  1.0413e+03   3.14e-03
  1.0809e+03   2.91e-03
  1.1220e+03   2.69e-03
  1.1647e+03   2.49e-03
  1.2090e+03   2.30e-03
  1.2550e+03   2.12e-03
  1.3028e+03   1.96e-03
  1.3523e+03   1.81e-03
  1.4038e+03   1.67e-03
  1.4572e+03   1.55e-03
  1.5126e+03   1.43e-03
  1.5702e+03   1.32e-03
  1.6299e+03   1.21e-03
  1.6919e+03   1.12e-03
  1.7563e+03   1.03e-03
  1.8231e+03   9.53e-04
  1.8925e+03   8.78e-04
  1.9645e+03   8.09e-04
  2.0392e+03   7.45e-04
  2.1168e+03   6.85e-04
  2.1973e+03   6.31e-04
  2.2809e+03   5.80e-04
  2.3677e+03   5.33e-04
  2.4577e+03   4.90e-04
  2.5512e+03   4.50e-04
  2.6483e+03   4.12e-04
  2.7490e+03   3.77e-04
  2.8536e+03   3.46e-04
  2.9622e+03   3.16e-04
  3.0749e+03   2.89e-04
  3.1918e+03   2.64e-04
  3.3133e+03   2.41e-04
  3.4393e+03   2.19e-04
  3.5702e+03   2.00e-04
  3.7060e+03   1.82e-04
  3.8470e+03   1.65e-04
  3.9933e+03   1.50e-04
  4.1452e+03   1.35e-04
  4.3029e+03   1.22e-04
  4.4666e+03   1.11e-04
  4.6366e+03   9.97e-05
  4.8129e+03   8.95e-05
  4.9960e+03   8.06e-05
  5.1861e+03   7.22e-05
  5.3834e+03   6.45e-05
  5.5882e+03   5.77e-05
  5.8008e+03   5.14e-05
  6.0215e+03   4.56e-05
  6.2506e+03   4.05e-05
  6.4883e+03   3.58e-05
  6.7352e+03   3.15e-05
  6.9914e+03   2.78e-05
  7.2574e+03   2.44e-05
  7.5335e+03   2.12e-05
  7.8201e+03   1.85e-05
  8.1176e+03   1.61e-05
  8.4264e+03   1.39e-05
  8.7470e+03   1.20e-05
  9.0797e+03   1.03e-05
  9.4251e+03   8.74e-06
  9.7837e+03   7.41e-06
  1.0156e+04   6.27e-06
  1.0542e+04   5.25e-06
  1.0943e+04   4.37e-06
  1.1360e+04   3.63e-06
  1.1792e+04   2.97e-06
  1.2240e+04   2.42e-06
  1.2706e+04   1.96e-06
  1.3189e+04   1.56e-06
  1.3691e+04   1.23e-06
  1.4212e+04   9.67e-07
  1.4753e+04   7.44e-07
  1.5314e+04   5.63e-07
  1.5897e+04   4.22e-07
  1.6501e+04   3.09e-07
  1.7129e+04   2.20e-07
  1.7781e+04   1.55e-07
  1.8457e+04   1.05e-07
  1.9159e+04   6.90e-08
  1.9888e+04   4.42e-08
  2.0645e+04   2.70e-08
  2.1430e+04   1.57e-08
  2.2245e+04   8.66e-09
  2.3092e+04   4.47e-09
  2.3970e+04   2.13e-09
  2.4882e+04   9.32e-10
  2.5829e+04   3.66e-10
  2.6811e+04   1.26e-10
  2.7831e+04   3.75e-11
  2.8890e+04   9.31e-12
  2.9989e+04   1.85e-12
  3.1130e+04   2.85e-13
  3.2314e+04   3.20e-14
  3.3544e+04   2.41e-15
  3.4820e+04   1.14e-16
  3.6144e+04   2.98e-18
  3.7519e+04   3.68e-20
  3.8947e+04   1.87e-22
  4.0428e+04   3.01e-25
  4.1966e+04   1.07e-28
  4.3563e+04   6.31e-33
  4.5220e+04   3.43e-38
  4.6941e+04   7.09e-45
  4.8726e+04   8.05e-46
  5.0580e+04   1.01e-45
