#  E [MeV]   Flux [# cm^{-2} s^{-1}  MeV^{-1}]
  3.0000e+04   1.77e-25
  3.1232e+04   1.69e-25
  3.2514e+04   1.61e-25
  3.3849e+04   1.53e-25
  3.5238e+04   1.46e-25
  3.6685e+04   1.39e-25
  3.8191e+04   1.33e-25
  3.9759e+04   1.27e-25
  4.1391e+04   1.21e-25
  4.3090e+04   1.15e-25
  4.4859e+04   1.09e-25
  4.6701e+04   1.04e-25
  4.8618e+04   9.92e-26
  5.0614e+04   9.44e-26
  5.2692e+04   8.99e-26
  5.4855e+04   8.55e-26
  5.7107e+04   8.13e-26
  5.9451e+04   7.74e-26
  6.1892e+04   7.36e-26
  6.4433e+04   7.00e-26
  6.7078e+04   6.65e-26
  6.9832e+04   6.32e-26
  7.2699e+04   6.01e-26
  7.5683e+04   5.71e-26
  7.8790e+04   5.42e-26
  8.2025e+04   5.15e-26
  8.5392e+04   4.89e-26
  8.8898e+04   4.64e-26
  9.2547e+04   4.40e-26
  9.6347e+04   4.18e-26
  1.0030e+05   3.96e-26
  1.0442e+05   3.76e-26
  1.0871e+05   3.56e-26
  1.1317e+05   3.38e-26
  1.1782e+05   3.20e-26
  1.2265e+05   3.03e-26
  1.2769e+05   2.87e-26
  1.3293e+05   2.72e-26
  1.3839e+05   2.57e-26
  1.4407e+05   2.43e-26
  1.4998e+05   2.30e-26
  1.5614e+05   2.18e-26
  1.6255e+05   2.06e-26
  1.6922e+05   1.94e-26
  1.7617e+05   1.84e-26
  1.8340e+05   1.73e-26
  1.9093e+05   1.64e-26
  1.9877e+05   1.54e-26
  2.0693e+05   1.46e-26
  2.1543e+05   1.37e-26
  2.2427e+05   1.29e-26
  2.3348e+05   1.22e-26
  2.4306e+05   1.14e-26
  2.5304e+05   1.08e-26
  2.6343e+05   1.01e-26
  2.7424e+05   9.50e-27
  2.8550e+05   8.92e-27
  2.9722e+05   8.36e-27
  3.0942e+05   7.84e-27
  3.2213e+05   7.34e-27
  3.3535e+05   6.87e-27
  3.4912e+05   6.43e-27
  3.6345e+05   6.01e-27
  3.7837e+05   5.61e-27
  3.9390e+05   5.24e-27
  4.1008e+05   4.88e-27
  4.2691e+05   4.55e-27
  4.4444e+05   4.24e-27
  4.6268e+05   3.94e-27
  4.8168e+05   3.66e-27
  5.0145e+05   3.40e-27
  5.2204e+05   3.16e-27
  5.4347e+05   2.93e-27
  5.6578e+05   2.71e-27
  5.8901e+05   2.51e-27
  6.1319e+05   2.32e-27
  6.3836e+05   2.15e-27
  6.6457e+05   1.98e-27
  6.9185e+05   1.83e-27
  7.2025e+05   1.69e-27
  7.4982e+05   1.56e-27
  7.8061e+05   1.44e-27
  8.1265e+05   1.33e-27
  8.4601e+05   1.22e-27
  8.8075e+05   1.12e-27
  9.1690e+05   1.03e-27
  9.5455e+05   9.51e-28
  9.9373e+05   8.75e-28
  1.0345e+06   8.05e-28
  1.0770e+06   7.40e-28
  1.1212e+06   6.81e-28
  1.1672e+06   6.26e-28
  1.2152e+06   5.75e-28
  1.2650e+06   5.29e-28
  1.3170e+06   4.86e-28
  1.3711e+06   4.46e-28
  1.4273e+06   4.10e-28
  1.4859e+06   3.77e-28
  1.5469e+06   3.46e-28
  1.6104e+06   3.18e-28
  1.6766e+06   2.92e-28
  1.7454e+06   2.68e-28
  1.8170e+06   2.46e-28
  1.8916e+06   2.25e-28
  1.9693e+06   2.06e-28
  2.0501e+06   1.89e-28
  2.1343e+06   1.73e-28
  2.2219e+06   1.58e-28
  2.3131e+06   1.45e-28
  2.4081e+06   1.32e-28
  2.5070e+06   1.21e-28
  2.6099e+06   1.10e-28
  2.7170e+06   1.00e-28
  2.8286e+06   9.12e-29
  2.9447e+06   8.29e-29
  3.0656e+06   7.52e-29
  3.1914e+06   6.83e-29
  3.3225e+06   6.18e-29
  3.4589e+06   5.58e-29
  3.6008e+06   5.04e-29
  3.7487e+06   4.54e-29
  3.9026e+06   4.09e-29
  4.0628e+06   3.67e-29
  4.2296e+06   3.29e-29
  4.4032e+06   2.94e-29
  4.5840e+06   2.62e-29
  4.7722e+06   2.33e-29
  4.9681e+06   2.07e-29
  5.1720e+06   1.83e-29
  5.3844e+06   1.61e-29
  5.6054e+06   1.42e-29
  5.8355e+06   1.25e-29
  6.0751e+06   1.09e-29
  6.3245e+06   9.52e-30
  6.5841e+06   8.26e-30
  6.8544e+06   7.13e-30
  7.1358e+06   6.16e-30
  7.4288e+06   5.27e-30
  7.7338e+06   4.50e-30
  8.0513e+06   3.83e-30
  8.3818e+06   3.23e-30
  8.7259e+06   2.71e-30
  9.0841e+06   2.26e-30
  9.4571e+06   1.87e-30
  9.8453e+06   1.54e-30
  1.0249e+07   1.25e-30
  1.0670e+07   1.01e-30
  1.1108e+07   8.11e-31
  1.1564e+07   6.43e-31
  1.2039e+07   5.01e-31
  1.2533e+07   3.90e-31
  1.3048e+07   2.97e-31
  1.3584e+07   2.22e-31
  1.4141e+07   1.65e-31
  1.4722e+07   1.19e-31
  1.5326e+07   8.42e-32
  1.5955e+07   5.85e-32
  1.6610e+07   3.93e-32
  1.7292e+07   2.55e-32
  1.8002e+07   1.61e-32
  1.8741e+07   9.70e-33
  1.9511e+07   5.59e-33
  2.0312e+07   3.07e-33
  2.1145e+07   1.57e-33
  2.2013e+07   7.50e-34
  2.2917e+07   3.30e-34
  2.3858e+07   1.30e-34
  2.4837e+07   4.62e-35
  2.5857e+07   1.42e-35
  2.6919e+07   3.64e-36
  2.8024e+07   7.78e-37
  2.9174e+07   1.29e-37
  3.0372e+07   1.58e-38
  3.1619e+07   1.37e-39
  3.2917e+07   7.56e-41
  3.4268e+07   2.38e-42
  3.5675e+07   3.82e-44
  3.7140e+07   2.54e-46
  3.8664e+07   5.62e-49
  4.0252e+07   3.07e-52
  4.1904e+07   2.71e-56
  4.3624e+07   2.25e-61
  4.5415e+07   8.49e-68
  4.7280e+07   4.17e-72
  4.9221e+07   3.78e-72
  5.1241e+07   3.43e-72
  5.3345e+07   3.11e-72
  5.5535e+07   2.84e-72
  5.7815e+07   2.59e-72
  6.0188e+07   2.36e-72
  6.2659e+07   2.16e-72
  6.5232e+07   1.98e-72
  6.7910e+07   1.81e-72
  7.0698e+07   1.65e-72
  7.3600e+07   1.50e-72
  7.6621e+07   1.35e-72
  7.9767e+07   1.21e-72
  8.3042e+07   1.08e-72
  8.6451e+07   9.68e-73
  9.0000e+07   8.79e-73
