#  E [GeV]   # per interaction  [GeV^{-1}]
  3.0000e+01   3.12e-02
  3.1232e+01   3.00e-02
  3.2514e+01   2.88e-02
  3.3849e+01   2.77e-02
  3.5238e+01   2.66e-02
  3.6685e+01   2.56e-02
  3.8191e+01   2.46e-02
  3.9759e+01   2.36e-02
  4.1391e+01   2.27e-02
  4.3090e+01   2.17e-02
  4.4859e+01   2.09e-02
  4.6701e+01   2.00e-02
  4.8618e+01   1.92e-02
  5.0614e+01   1.84e-02
  5.2692e+01   1.77e-02
  5.4855e+01   1.69e-02
  5.7107e+01   1.62e-02
  5.9451e+01   1.55e-02
  6.1892e+01   1.49e-02
  6.4433e+01   1.43e-02
  6.7078e+01   1.37e-02
  6.9832e+01   1.31e-02
  7.2699e+01   1.25e-02
  7.5683e+01   1.20e-02
  7.8790e+01   1.15e-02
  8.2025e+01   1.10e-02
  8.5392e+01   1.05e-02
  8.8898e+01   1.00e-02
  9.2547e+01   9.57e-03
  9.6347e+01   9.14e-03
  1.0030e+02   8.73e-03
  1.0442e+02   8.34e-03
  1.0871e+02   7.96e-03
  1.1317e+02   7.59e-03
  1.1782e+02   7.25e-03
  1.2265e+02   6.91e-03
  1.2769e+02   6.59e-03
  1.3293e+02   6.28e-03
  1.3839e+02   5.99e-03
  1.4407e+02   5.70e-03
  1.4998e+02   5.43e-03
  1.5614e+02   5.17e-03
  1.6255e+02   4.92e-03
  1.6922e+02   4.68e-03
  1.7617e+02   4.45e-03
  1.8340e+02   4.23e-03
  1.9093e+02   4.02e-03
  1.9877e+02   3.82e-03
  2.0693e+02   3.63e-03
  2.1543e+02   3.45e-03
  2.2427e+02   3.27e-03
  2.3348e+02   3.11e-03
  2.4306e+02   2.95e-03
  2.5304e+02   2.80e-03
  2.6343e+02   2.65e-03
  2.7424e+02   2.51e-03
  2.8550e+02   2.38e-03
  2.9722e+02   2.25e-03
  3.0942e+02   2.13e-03
  3.2213e+02   2.02e-03
  3.3535e+02   1.91e-03
  3.4912e+02   1.80e-03
  3.6345e+02   1.71e-03
  3.7837e+02   1.61e-03
  3.9390e+02   1.52e-03
  4.1008e+02   1.44e-03
  4.2691e+02   1.36e-03
  4.4444e+02   1.28e-03
  4.6268e+02   1.21e-03
  4.8168e+02   1.14e-03
  5.0145e+02   1.07e-03
  5.2204e+02   1.01e-03
  5.4347e+02   9.53e-04
  5.6578e+02   8.98e-04
  5.8901e+02   8.45e-04
  6.1319e+02   7.95e-04
  6.3836e+02   7.48e-04
  6.6457e+02   7.03e-04
  6.9185e+02   6.61e-04
  7.2025e+02   6.21e-04
  7.4982e+02   5.84e-04
  7.8061e+02   5.48e-04
  8.1265e+02   5.15e-04
  8.4601e+02   4.83e-04
  8.8075e+02   4.54e-04
  9.1690e+02   4.26e-04
  9.5455e+02   4.00e-04
  9.9373e+02   3.75e-04
  1.0345e+03   3.52e-04
  1.0770e+03   3.30e-04
  1.1212e+03   3.09e-04
  1.1672e+03   2.90e-04
  1.2152e+03   2.72e-04
  1.2650e+03   2.55e-04
  1.3170e+03   2.39e-04
  1.3711e+03   2.23e-04
  1.4273e+03   2.09e-04
  1.4859e+03   1.96e-04
  1.5469e+03   1.84e-04
  1.6104e+03   1.72e-04
  1.6766e+03   1.61e-04
  1.7454e+03   1.51e-04
  1.8170e+03   1.41e-04
  1.8916e+03   1.32e-04
  1.9693e+03   1.24e-04
  2.0501e+03   1.16e-04
  2.1343e+03   1.09e-04
  2.2219e+03   1.02e-04
  2.3131e+03   9.54e-05
  2.4081e+03   8.93e-05
  2.5070e+03   8.36e-05
  2.6099e+03   7.83e-05
  2.7170e+03   7.33e-05
  2.8286e+03   6.87e-05
  2.9447e+03   6.44e-05
  3.0656e+03   6.03e-05
  3.1914e+03   5.65e-05
  3.3225e+03   5.30e-05
  3.4589e+03   4.97e-05
  3.6008e+03   4.65e-05
  3.7487e+03   4.37e-05
  3.9026e+03   4.09e-05
  4.0628e+03   3.84e-05
  4.2296e+03   3.60e-05
  4.4032e+03   3.37e-05
  4.5840e+03   3.17e-05
  4.7722e+03   2.97e-05
  4.9681e+03   2.79e-05
  5.1720e+03   2.62e-05
  5.3844e+03   2.46e-05
  5.6054e+03   2.31e-05
  5.8355e+03   2.17e-05
  6.0751e+03   2.04e-05
  6.3245e+03   1.91e-05
  6.5841e+03   1.80e-05
  6.8544e+03   1.69e-05
  7.1358e+03   1.59e-05
  7.4288e+03   1.49e-05
  7.7338e+03   1.40e-05
  8.0513e+03   1.32e-05
  8.3818e+03   1.24e-05
  8.7259e+03   1.17e-05
  9.0841e+03   1.10e-05
  9.4571e+03   1.03e-05
  9.8453e+03   9.68e-06
  1.0249e+04   9.10e-06
  1.0670e+04   8.54e-06
  1.1108e+04   8.01e-06
  1.1564e+04   7.51e-06
  1.2039e+04   7.04e-06
  1.2533e+04   6.58e-06
  1.3048e+04   6.16e-06
  1.3584e+04   5.75e-06
  1.4141e+04   5.35e-06
  1.4722e+04   4.98e-06
  1.5326e+04   4.63e-06
  1.5955e+04   4.29e-06
  1.6610e+04   3.96e-06
  1.7292e+04   3.65e-06
  1.8002e+04   3.35e-06
  1.8741e+04   3.06e-06
  1.9511e+04   2.78e-06
  2.0312e+04   2.52e-06
  2.1145e+04   2.26e-06
  2.2013e+04   2.02e-06
  2.2917e+04   1.78e-06
  2.3858e+04   1.55e-06
  2.4837e+04   1.34e-06
  2.5857e+04   1.14e-06
  2.6919e+04   9.49e-07
  2.8024e+04   7.74e-07
  2.9174e+04   6.16e-07
  3.0372e+04   4.75e-07
  3.1619e+04   3.52e-07
  3.2917e+04   2.49e-07
  3.4268e+04   1.66e-07
  3.5675e+04   1.03e-07
  3.7140e+04   5.86e-08
  3.8664e+04   2.96e-08
  4.0252e+04   1.30e-08
  4.1904e+04   4.71e-09
  4.3624e+04   1.35e-09
  4.5415e+04   2.82e-10
  4.7280e+04   3.92e-11
  4.9221e+04   3.16e-12
  5.1241e+04   1.23e-13
  5.3345e+04   1.78e-15
  5.5535e+04   6.65e-18
  5.7815e+04   3.79e-21
  6.0188e+04   1.54e-25
  6.2659e+04   1.46e-31
  6.5232e+04   6.12e-40
  6.7910e+04   8.62e-47
  7.0698e+04   8.12e-47
  7.3600e+04   7.63e-47
  7.6621e+04   7.18e-47
  7.9767e+04   6.74e-47
  8.3042e+04   6.31e-47
  8.6451e+04   5.91e-47
  9.0000e+04   5.54e-47
