#  E [GeV]   # per interaction  [GeV^{-1}]
  3.0000e+01   3.37e-01
  3.0675e+01   3.25e-01
  3.1366e+01   3.13e-01
  3.2072e+01   3.02e-01
  3.2794e+01   2.91e-01
  3.3533e+01   2.80e-01
  3.4288e+01   2.70e-01
  3.5060e+01   2.60e-01
  3.5849e+01   2.50e-01
  3.6656e+01   2.41e-01
  3.7482e+01   2.32e-01
  3.8326e+01   2.23e-01
  3.9188e+01   2.15e-01
  4.0071e+01   2.07e-01
  4.0973e+01   1.99e-01
  4.1896e+01   1.91e-01
  4.2839e+01   1.84e-01
  4.3803e+01   1.77e-01
  4.4790e+01   1.70e-01
  4.5798e+01   1.64e-01
  4.6829e+01   1.57e-01
  4.7884e+01   1.51e-01
  4.8962e+01   1.45e-01
  5.0064e+01   1.39e-01
  5.1191e+01   1.34e-01
  5.2344e+01   1.28e-01
  5.3522e+01   1.23e-01
  5.4727e+01   1.18e-01
  5.5960e+01   1.13e-01
  5.7219e+01   1.09e-01
  5.8508e+01   1.04e-01
  5.9825e+01   9.99e-02
  6.1172e+01   9.57e-02
  6.2549e+01   9.17e-02
  6.3958e+01   8.78e-02
  6.5398e+01   8.40e-02
  6.6870e+01   8.04e-02
  6.8376e+01   7.69e-02
  6.9915e+01   7.36e-02
  7.1489e+01   7.04e-02
  7.3099e+01   6.73e-02
  7.4745e+01   6.43e-02
  7.6428e+01   6.14e-02
  7.8148e+01   5.87e-02
  7.9908e+01   5.60e-02
  8.1707e+01   5.35e-02
  8.3547e+01   5.11e-02
  8.5428e+01   4.87e-02
  8.7351e+01   4.64e-02
  8.9318e+01   4.43e-02
  9.1329e+01   4.22e-02
  9.3385e+01   4.02e-02
  9.5488e+01   3.83e-02
  9.7638e+01   3.65e-02
  9.9836e+01   3.48e-02
  1.0208e+02   3.31e-02
  1.0438e+02   3.15e-02
  1.0673e+02   2.99e-02
  1.0914e+02   2.84e-02
  1.1159e+02   2.70e-02
  1.1411e+02   2.57e-02
  1.1667e+02   2.44e-02
  1.1930e+02   2.32e-02
  1.2199e+02   2.20e-02
  1.2473e+02   2.09e-02
  1.2754e+02   1.98e-02
  1.3041e+02   1.87e-02
  1.3335e+02   1.77e-02
  1.3635e+02   1.68e-02
  1.3942e+02   1.59e-02
  1.4256e+02   1.50e-02
  1.4577e+02   1.42e-02
  1.4905e+02   1.34e-02
  1.5241e+02   1.27e-02
  1.5584e+02   1.20e-02
  1.5935e+02   1.13e-02
  1.6294e+02   1.07e-02
  1.6661e+02   1.01e-02
  1.7036e+02   9.49e-03
  1.7419e+02   8.95e-03
  1.7812e+02   8.44e-03
  1.8213e+02   7.95e-03
  1.8623e+02   7.48e-03
  1.9042e+02   7.02e-03
  1.9471e+02   6.60e-03
  1.9909e+02   6.22e-03
  2.0357e+02   5.84e-03
  2.0816e+02   5.48e-03
  2.1284e+02   5.14e-03
  2.1763e+02   4.81e-03
  2.2253e+02   4.52e-03
  2.2755e+02   4.24e-03
  2.3267e+02   3.97e-03
  2.3791e+02   3.71e-03
  2.4326e+02   3.47e-03
  2.4874e+02   3.25e-03
  2.5434e+02   3.04e-03
  2.6007e+02   2.84e-03
  2.6592e+02   2.65e-03
  2.7191e+02   2.46e-03
  2.7803e+02   2.30e-03
  2.8429e+02   2.15e-03
  2.9069e+02   2.00e-03
  2.9724e+02   1.86e-03
  3.0393e+02   1.72e-03
  3.1077e+02   1.61e-03
  3.1777e+02   1.50e-03
  3.2493e+02   1.39e-03
  3.3224e+02   1.29e-03
  3.3972e+02   1.19e-03
  3.4737e+02   1.10e-03
  3.5519e+02   1.03e-03
  3.6319e+02   9.52e-04
  3.7137e+02   8.80e-04
  3.7973e+02   8.11e-04
  3.8828e+02   7.49e-04
  3.9702e+02   6.95e-04
  4.0596e+02   6.43e-04
  4.1510e+02   5.93e-04
  4.2444e+02   5.45e-04
  4.3400e+02   5.01e-04
  4.4377e+02   4.64e-04
  4.5376e+02   4.28e-04
  4.6398e+02   3.94e-04
  4.7443e+02   3.61e-04
  4.8511e+02   3.30e-04
  4.9603e+02   3.05e-04
  5.0720e+02   2.81e-04
  5.1862e+02   2.58e-04
  5.3030e+02   2.35e-04
  5.4224e+02   2.14e-04
  5.5444e+02   1.97e-04
  5.6693e+02   1.81e-04
  5.7969e+02   1.66e-04
  5.9274e+02   1.51e-04
  6.0609e+02   1.37e-04
  6.1974e+02   1.26e-04
  6.3369e+02   1.16e-04
  6.4796e+02   1.06e-04
  6.6255e+02   9.62e-05
  6.7746e+02   8.72e-05
  6.9272e+02   7.96e-05
  7.0831e+02   7.30e-05
  7.2426e+02   6.66e-05
  7.4057e+02   6.06e-05
  7.5724e+02   5.48e-05
  7.7429e+02   4.98e-05
  7.9172e+02   4.57e-05
  8.0955e+02   4.17e-05
  8.2778e+02   3.79e-05
  8.4641e+02   3.43e-05
  8.6547e+02   3.11e-05
  8.8496e+02   2.85e-05
  9.0488e+02   2.60e-05
  9.2526e+02   2.37e-05
  9.4609e+02   2.15e-05
  9.6739e+02   1.94e-05
  9.8917e+02   1.78e-05
  1.0114e+03   1.63e-05
  1.0342e+03   1.49e-05
  1.0575e+03   1.36e-05
  1.0813e+03   1.23e-05
  1.1057e+03   1.13e-05
  1.1305e+03   1.04e-05
  1.1560e+03   9.57e-06
  1.1820e+03   8.75e-06
  1.2086e+03   7.98e-06
  1.2359e+03   7.36e-06
  1.2637e+03   6.81e-06
  1.2921e+03   6.29e-06
  1.3212e+03   5.79e-06
  1.3510e+03   5.31e-06
  1.3814e+03   4.91e-06
  1.4125e+03   4.57e-06
  1.4443e+03   4.24e-06
  1.4768e+03   3.93e-06
  1.5101e+03   3.62e-06
  1.5441e+03   3.36e-06
  1.5788e+03   3.14e-06
  1.6144e+03   2.94e-06
  1.6507e+03   2.74e-06
  1.6879e+03   2.55e-06
  1.7259e+03   2.37e-06
  1.7648e+03   2.23e-06
  1.8045e+03   2.09e-06
  1.8451e+03   1.95e-06
  1.8867e+03   1.82e-06
  1.9291e+03   1.70e-06
  1.9726e+03   1.59e-06
  2.0170e+03   1.49e-06
  2.0624e+03   1.39e-06
  2.1088e+03   1.30e-06
  2.1563e+03   1.21e-06
  2.2049e+03   1.13e-06
  2.2545e+03   1.05e-06
  2.3053e+03   9.70e-07
  2.3572e+03   8.97e-07
  2.4102e+03   8.27e-07
  2.4645e+03   7.74e-07
  2.5200e+03   7.29e-07
