#  E [MeV]   Flux [# cm^{-2} s^{-1}  MeV^{-1}]
  3.0000e+04   2.16e-19
  3.0675e+04   2.08e-19
  3.1366e+04   2.01e-19
  3.2072e+04   1.94e-19
  3.2794e+04   1.87e-19
  3.3533e+04   1.80e-19
  3.4288e+04   1.73e-19
  3.5060e+04   1.67e-19
  3.5849e+04   1.61e-19
  3.6656e+04   1.55e-19
  3.7482e+04   1.49e-19
  3.8326e+04   1.43e-19
  3.9188e+04   1.38e-19
  4.0071e+04   1.33e-19
  4.0973e+04   1.28e-19
  4.1896e+04   1.23e-19
  4.2839e+04   1.18e-19
  4.3803e+04   1.14e-19
  4.4790e+04   1.09e-19
  4.5798e+04   1.05e-19
  4.6829e+04   1.01e-19
  4.7884e+04   9.69e-20
  4.8962e+04   9.31e-20
  5.0064e+04   8.94e-20
  5.1191e+04   8.58e-20
  5.2344e+04   8.24e-20
  5.3522e+04   7.90e-20
  5.4727e+04   7.58e-20
  5.5960e+04   7.28e-20
  5.7219e+04   6.98e-20
  5.8508e+04   6.69e-20
  5.9825e+04   6.41e-20
  6.1172e+04   6.14e-20
  6.2549e+04   5.88e-20
  6.3958e+04   5.64e-20
  6.5398e+04   5.39e-20
  6.6870e+04   5.16e-20
  6.8376e+04   4.94e-20
  6.9915e+04   4.72e-20
  7.1489e+04   4.52e-20
  7.3099e+04   4.32e-20
  7.4745e+04   4.13e-20
  7.6428e+04   3.94e-20
  7.8148e+04   3.77e-20
  7.9908e+04   3.60e-20
  8.1707e+04   3.43e-20
  8.3547e+04   3.28e-20
  8.5428e+04   3.12e-20
  8.7351e+04   2.98e-20
  8.9318e+04   2.84e-20
  9.1329e+04   2.71e-20
  9.3385e+04   2.58e-20
  9.5488e+04   2.46e-20
  9.7638e+04   2.34e-20
  9.9836e+04   2.23e-20
  1.0208e+05   2.12e-20
  1.0438e+05   2.02e-20
  1.0673e+05   1.92e-20
  1.0914e+05   1.83e-20
  1.1159e+05   1.74e-20
  1.1411e+05   1.65e-20
  1.1667e+05   1.57e-20
  1.1930e+05   1.49e-20
  1.2199e+05   1.41e-20
  1.2473e+05   1.34e-20
  1.2754e+05   1.27e-20
  1.3041e+05   1.20e-20
  1.3335e+05   1.14e-20
  1.3635e+05   1.08e-20
  1.3942e+05   1.02e-20
  1.4256e+05   9.66e-21
  1.4577e+05   9.13e-21
  1.4905e+05   8.63e-21
  1.5241e+05   8.14e-21
  1.5584e+05   7.69e-21
  1.5935e+05   7.27e-21
  1.6294e+05   6.86e-21
  1.6661e+05   6.47e-21
  1.7036e+05   6.09e-21
  1.7419e+05   5.74e-21
  1.7812e+05   5.42e-21
  1.8213e+05   5.10e-21
  1.8623e+05   4.80e-21
  1.9042e+05   4.51e-21
  1.9471e+05   4.24e-21
  1.9909e+05   3.99e-21
  2.0357e+05   3.75e-21
  2.0816e+05   3.52e-21
  2.1284e+05   3.30e-21
  2.1763e+05   3.09e-21
  2.2253e+05   2.90e-21
  2.2755e+05   2.72e-21
  2.3267e+05   2.55e-21
  2.3791e+05   2.38e-21
  2.4326e+05   2.23e-21
  2.4874e+05   2.09e-21
  2.5434e+05   1.95e-21
  2.6007e+05   1.82e-21
  2.6592e+05   1.70e-21
  2.7191e+05   1.58e-21
  2.7803e+05   1.48e-21
  2.8429e+05   1.38e-21
  2.9069e+05   1.28e-21
  2.9724e+05   1.19e-21
  3.0393e+05   1.11e-21
  3.1077e+05   1.03e-21
  3.1777e+05   9.60e-22
  3.2493e+05   8.92e-22
  3.3224e+05   8.27e-22
  3.3972e+05   7.64e-22
  3.4737e+05   7.09e-22
  3.5519e+05   6.59e-22
  3.6319e+05   6.11e-22
  3.7137e+05   5.65e-22
  3.7973e+05   5.21e-22
  3.8828e+05   4.81e-22
  3.9702e+05   4.46e-22
  4.0596e+05   4.13e-22
  4.1510e+05   3.81e-22
  4.2444e+05   3.50e-22
  4.3400e+05   3.22e-22
  4.4377e+05   2.98e-22
  4.5376e+05   2.75e-22
  4.6398e+05   2.53e-22
  4.7443e+05   2.32e-22
  4.8511e+05   2.12e-22
  4.9603e+05   1.96e-22
  5.0720e+05   1.80e-22
  5.1862e+05   1.65e-22
  5.3030e+05   1.51e-22
  5.4224e+05   1.37e-22
  5.5444e+05   1.27e-22
  5.6693e+05   1.16e-22
  5.7969e+05   1.07e-22
  5.9274e+05   9.72e-23
  6.0609e+05   8.82e-23
  6.1974e+05   8.09e-23
  6.3369e+05   7.42e-23
  6.4796e+05   6.78e-23
  6.6255e+05   6.18e-23
  6.7746e+05   5.60e-23
  6.9272e+05   5.11e-23
  7.0831e+05   4.68e-23
  7.2426e+05   4.28e-23
  7.4057e+05   3.89e-23
  7.5724e+05   3.52e-23
  7.7429e+05   3.20e-23
  7.9172e+05   2.93e-23
  8.0955e+05   2.68e-23
  8.2778e+05   2.43e-23
  8.4641e+05   2.20e-23
  8.6547e+05   1.99e-23
  8.8496e+05   1.83e-23
  9.0488e+05   1.67e-23
  9.2526e+05   1.52e-23
  9.4609e+05   1.38e-23
  9.6739e+05   1.24e-23
  9.8917e+05   1.14e-23
  1.0114e+06   1.05e-23
  1.0342e+06   9.58e-24
  1.0575e+06   8.71e-24
  1.0813e+06   7.89e-24
  1.1057e+06   7.27e-24
  1.1305e+06   6.69e-24
  1.1560e+06   6.14e-24
  1.1820e+06   5.62e-24
  1.2086e+06   5.12e-24
  1.2359e+06   4.72e-24
  1.2637e+06   4.37e-24
  1.2921e+06   4.04e-24
  1.3212e+06   3.72e-24
  1.3510e+06   3.41e-24
  1.3814e+06   3.15e-24
  1.4125e+06   2.93e-24
  1.4443e+06   2.72e-24
  1.4768e+06   2.52e-24
  1.5101e+06   2.33e-24
  1.5441e+06   2.16e-24
  1.5788e+06   2.02e-24
  1.6144e+06   1.89e-24
  1.6507e+06   1.76e-24
  1.6879e+06   1.64e-24
  1.7259e+06   1.52e-24
  1.7648e+06   1.43e-24
  1.8045e+06   1.34e-24
  1.8451e+06   1.25e-24
  1.8867e+06   1.17e-24
  1.9291e+06   1.09e-24
  1.9726e+06   1.02e-24
  2.0170e+06   9.56e-25
  2.0624e+06   8.93e-25
  2.1088e+06   8.33e-25
  2.1563e+06   7.76e-25
  2.2049e+06   7.22e-25
  2.2545e+06   6.71e-25
  2.3053e+06   6.22e-25
  2.3572e+06   5.76e-25
  2.4102e+06   5.31e-25
  2.4645e+06   4.97e-25
  2.5200e+06   4.68e-25
