#  E [MeV]   Flux [# cm^{-2} s^{-1}  MeV^{-1}]
  3.0000e+04   5.64e-24
  3.1051e+04   5.43e-24
  3.2139e+04   5.22e-24
  3.3266e+04   5.03e-24
  3.4432e+04   4.84e-24
  3.5638e+04   4.66e-24
  3.6887e+04   4.48e-24
  3.8180e+04   4.31e-24
  3.9518e+04   4.15e-24
  4.0903e+04   3.99e-24
  4.2336e+04   3.84e-24
  4.3820e+04   3.69e-24
  4.5355e+04   3.55e-24
  4.6945e+04   3.41e-24
  4.8590e+04   3.28e-24
  5.0293e+04   3.15e-24
  5.2055e+04   3.03e-24
  5.3879e+04   2.91e-24
  5.5767e+04   2.80e-24
  5.7722e+04   2.69e-24
  5.9745e+04   2.58e-24
  6.1838e+04   2.48e-24
  6.4005e+04   2.38e-24
  6.6248e+04   2.28e-24
  6.8570e+04   2.19e-24
  7.0973e+04   2.10e-24
  7.3460e+04   2.02e-24
  7.6034e+04   1.94e-24
  7.8699e+04   1.86e-24
  8.1457e+04   1.78e-24
  8.4311e+04   1.71e-24
  8.7266e+04   1.64e-24
  9.0324e+04   1.57e-24
  9.3490e+04   1.50e-24
  9.6766e+04   1.44e-24
  1.0016e+05   1.38e-24
  1.0367e+05   1.32e-24
  1.0730e+05   1.26e-24
  1.1106e+05   1.21e-24
  1.1495e+05   1.16e-24
  1.1898e+05   1.11e-24
  1.2315e+05   1.06e-24
  1.2747e+05   1.01e-24
  1.3193e+05   9.67e-25
  1.3656e+05   9.24e-25
  1.4134e+05   8.83e-25
  1.4629e+05   8.43e-25
  1.5142e+05   8.04e-25
  1.5673e+05   7.68e-25
  1.6222e+05   7.33e-25
  1.6790e+05   6.99e-25
  1.7379e+05   6.66e-25
  1.7988e+05   6.35e-25
  1.8618e+05   6.05e-25
  1.9271e+05   5.76e-25
  1.9946e+05   5.49e-25
  2.0645e+05   5.22e-25
  2.1369e+05   4.97e-25
  2.2117e+05   4.73e-25
  2.2892e+05   4.49e-25
  2.3695e+05   4.27e-25
  2.4525e+05   4.06e-25
  2.5385e+05   3.85e-25
  2.6274e+05   3.66e-25
  2.7195e+05   3.47e-25
  2.8148e+05   3.29e-25
  2.9134e+05   3.12e-25
  3.0155e+05   2.96e-25
  3.1212e+05   2.80e-25
  3.2306e+05   2.65e-25
  3.3438e+05   2.51e-25
  3.4610e+05   2.38e-25
  3.5823e+05   2.25e-25
  3.7078e+05   2.12e-25
  3.8377e+05   2.01e-25
  3.9722e+05   1.89e-25
  4.1114e+05   1.79e-25
  4.2555e+05   1.69e-25
  4.4046e+05   1.59e-25
  4.5590e+05   1.50e-25
  4.7188e+05   1.41e-25
  4.8841e+05   1.33e-25
  5.0553e+05   1.25e-25
  5.2324e+05   1.18e-25
  5.4158e+05   1.11e-25
  5.6056e+05   1.04e-25
  5.8020e+05   9.81e-26
  6.0054e+05   9.22e-26
  6.2158e+05   8.65e-26
  6.4337e+05   8.13e-26
  6.6591e+05   7.63e-26
  6.8925e+05   7.15e-26
  7.1340e+05   6.70e-26
  7.3840e+05   6.28e-26
  7.6428e+05   5.88e-26
  7.9106e+05   5.50e-26
  8.1878e+05   5.15e-26
  8.4748e+05   4.81e-26
  8.7718e+05   4.50e-26
  9.0792e+05   4.20e-26
  9.3973e+05   3.92e-26
  9.7267e+05   3.66e-26
  1.0068e+06   3.42e-26
  1.0420e+06   3.19e-26
  1.0785e+06   2.97e-26
  1.1163e+06   2.77e-26
  1.1555e+06   2.58e-26
  1.1960e+06   2.40e-26
  1.2379e+06   2.23e-26
  1.2813e+06   2.08e-26
  1.3262e+06   1.93e-26
  1.3726e+06   1.80e-26
  1.4207e+06   1.67e-26
  1.4705e+06   1.55e-26
  1.5220e+06   1.44e-26
  1.5754e+06   1.33e-26
  1.6306e+06   1.24e-26
  1.6877e+06   1.15e-26
  1.7469e+06   1.06e-26
  1.8081e+06   9.82e-27
  1.8715e+06   9.09e-27
  1.9370e+06   8.39e-27
  2.0049e+06   7.76e-27
  2.0752e+06   7.17e-27
  2.1479e+06   6.62e-27
  2.2232e+06   6.10e-27
  2.3011e+06   5.63e-27
  2.3817e+06   5.19e-27
  2.4652e+06   4.77e-27
  2.5516e+06   4.39e-27
  2.6410e+06   4.04e-27
  2.7336e+06   3.71e-27
  2.8294e+06   3.41e-27
  2.9285e+06   3.13e-27
  3.0311e+06   2.87e-27
  3.1374e+06   2.63e-27
  3.2473e+06   2.41e-27
  3.3611e+06   2.21e-27
  3.4789e+06   2.01e-27
  3.6008e+06   1.84e-27
  3.7270e+06   1.68e-27
  3.8576e+06   1.53e-27
  3.9928e+06   1.40e-27
  4.1327e+06   1.27e-27
  4.2775e+06   1.16e-27
  4.4274e+06   1.05e-27
  4.5826e+06   9.59e-28
  4.7432e+06   8.71e-28
  4.9094e+06   7.88e-28
  5.0815e+06   7.16e-28
  5.2595e+06   6.49e-28
  5.4438e+06   5.87e-28
  5.6346e+06   5.30e-28
  5.8321e+06   4.80e-28
  6.0365e+06   4.33e-28
  6.2480e+06   3.89e-28
  6.4670e+06   3.52e-28
  6.6936e+06   3.18e-28
  6.9282e+06   2.85e-28
  7.1709e+06   2.57e-28
  7.4222e+06   2.32e-28
  7.6823e+06   2.08e-28
  7.9516e+06   1.87e-28
  8.2302e+06   1.69e-28
  8.5186e+06   1.52e-28
  8.8172e+06   1.36e-28
  9.1262e+06   1.23e-28
  9.4460e+06   1.10e-28
  9.7770e+06   9.89e-29
  1.0120e+07   8.91e-29
  1.0474e+07   8.05e-29
  1.0841e+07   7.23e-29
  1.1221e+07   6.52e-29
  1.1614e+07   5.92e-29
  1.2022e+07   5.36e-29
  1.2443e+07   4.84e-29
  1.2879e+07   4.42e-29
  1.3330e+07   4.03e-29
  1.3797e+07   3.66e-29
  1.4281e+07   3.36e-29
  1.4781e+07   3.08e-29
  1.5299e+07   2.82e-29
  1.5835e+07   2.59e-29
  1.6390e+07   2.39e-29
  1.6965e+07   2.20e-29
  1.7559e+07   2.01e-29
  1.8175e+07   1.88e-29
  1.8812e+07   1.75e-29
  1.9471e+07   1.61e-29
  2.0153e+07   1.51e-29
  2.0859e+07   1.42e-29
  2.1590e+07   1.31e-29
  2.2347e+07   1.22e-29
  2.3130e+07   1.19e-29
  2.3941e+07   1.12e-29
  2.4780e+07   1.02e-29
  2.5648e+07   1.10e-29
  2.6547e+07   1.09e-29
  2.7477e+07   1.01e-29
  2.8440e+07   8.94e-30
