#  E [GeV]   # per interaction  [GeV^{-1}]
  3.0000e+01   7.87e-01
  3.1232e+01   7.54e-01
  3.2514e+01   7.21e-01
  3.3849e+01   6.90e-01
  3.5238e+01   6.60e-01
  3.6685e+01   6.31e-01
  3.8191e+01   6.04e-01
  3.9759e+01   5.77e-01
  4.1391e+01   5.52e-01
  4.3090e+01   5.28e-01
  4.4859e+01   5.05e-01
  4.6701e+01   4.83e-01
  4.8618e+01   4.62e-01
  5.0614e+01   4.42e-01
  5.2692e+01   4.22e-01
  5.4855e+01   4.04e-01
  5.7107e+01   3.86e-01
  5.9451e+01   3.69e-01
  6.1892e+01   3.52e-01
  6.4433e+01   3.37e-01
  6.7078e+01   3.22e-01
  6.9832e+01   3.08e-01
  7.2699e+01   2.94e-01
  7.5683e+01   2.81e-01
  7.8790e+01   2.68e-01
  8.2025e+01   2.56e-01
  8.5392e+01   2.45e-01
  8.8898e+01   2.34e-01
  9.2547e+01   2.23e-01
  9.6347e+01   2.13e-01
  1.0030e+02   2.04e-01
  1.0442e+02   1.95e-01
  1.0871e+02   1.86e-01
  1.1317e+02   1.77e-01
  1.1782e+02   1.69e-01
  1.2265e+02   1.61e-01
  1.2769e+02   1.54e-01
  1.3293e+02   1.47e-01
  1.3839e+02   1.40e-01
  1.4407e+02   1.34e-01
  1.4998e+02   1.28e-01
  1.5614e+02   1.22e-01
  1.6255e+02   1.16e-01
  1.6922e+02   1.10e-01
  1.7617e+02   1.05e-01
  1.8340e+02   1.00e-01
  1.9093e+02   9.54e-02
  1.9877e+02   9.09e-02
  2.0693e+02   8.65e-02
  2.1543e+02   8.23e-02
  2.2427e+02   7.83e-02
  2.3348e+02   7.45e-02
  2.4306e+02   7.08e-02
  2.5304e+02   6.73e-02
  2.6343e+02   6.39e-02
  2.7424e+02   6.07e-02
  2.8550e+02   5.77e-02
  2.9722e+02   5.47e-02
  3.0942e+02   5.19e-02
  3.2213e+02   4.92e-02
  3.3535e+02   4.67e-02
  3.4912e+02   4.42e-02
  3.6345e+02   4.19e-02
  3.7837e+02   3.96e-02
  3.9390e+02   3.75e-02
  4.1008e+02   3.55e-02
  4.2691e+02   3.35e-02
  4.4444e+02   3.17e-02
  4.6268e+02   2.99e-02
  4.8168e+02   2.83e-02
  5.0145e+02   2.67e-02
  5.2204e+02   2.51e-02
  5.4347e+02   2.37e-02
  5.6578e+02   2.23e-02
  5.8901e+02   2.10e-02
  6.1319e+02   1.98e-02
  6.3836e+02   1.86e-02
  6.6457e+02   1.75e-02
  6.9185e+02   1.64e-02
  7.2025e+02   1.54e-02
  7.4982e+02   1.45e-02
  7.8061e+02   1.36e-02
  8.1265e+02   1.27e-02
  8.4601e+02   1.19e-02
  8.8075e+02   1.12e-02
  9.1690e+02   1.04e-02
  9.5455e+02   9.77e-03
  9.9373e+02   9.14e-03
  1.0345e+03   8.54e-03
  1.0770e+03   7.98e-03
  1.1212e+03   7.45e-03
  1.1672e+03   6.95e-03
  1.2152e+03   6.48e-03
  1.2650e+03   6.04e-03
  1.3170e+03   5.62e-03
  1.3711e+03   5.24e-03
  1.4273e+03   4.87e-03
  1.4859e+03   4.53e-03
  1.5469e+03   4.21e-03
  1.6104e+03   3.92e-03
  1.6766e+03   3.64e-03
  1.7454e+03   3.38e-03
  1.8170e+03   3.14e-03
  1.8916e+03   2.91e-03
  1.9693e+03   2.70e-03
  2.0501e+03   2.50e-03
  2.1343e+03   2.31e-03
  2.2219e+03   2.14e-03
  2.3131e+03   1.98e-03
  2.4081e+03   1.83e-03
  2.5070e+03   1.69e-03
  2.6099e+03   1.56e-03
  2.7170e+03   1.43e-03
  2.8286e+03   1.32e-03
  2.9447e+03   1.21e-03
  3.0656e+03   1.12e-03
  3.1914e+03   1.03e-03
  3.3225e+03   9.42e-04
  3.4589e+03   8.63e-04
  3.6008e+03   7.91e-04
  3.7487e+03   7.24e-04
  3.9026e+03   6.62e-04
  4.0628e+03   6.05e-04
  4.2296e+03   5.52e-04
  4.4032e+03   5.03e-04
  4.5840e+03   4.58e-04
  4.7722e+03   4.17e-04
  4.9681e+03   3.78e-04
  5.1720e+03   3.43e-04
  5.3844e+03   3.11e-04
  5.6054e+03   2.81e-04
  5.8355e+03   2.54e-04
  6.0751e+03   2.29e-04
  6.3245e+03   2.06e-04
  6.5841e+03   1.86e-04
  6.8544e+03   1.67e-04
  7.1358e+03   1.50e-04
  7.4288e+03   1.34e-04
  7.7338e+03   1.20e-04
  8.0513e+03   1.07e-04
  8.3818e+03   9.53e-05
  8.7259e+03   8.45e-05
  9.0841e+03   7.51e-05
  9.4571e+03   6.65e-05
  9.8453e+03   5.85e-05
  1.0249e+04   5.16e-05
  1.0670e+04   4.54e-05
  1.1108e+04   3.96e-05
  1.1564e+04   3.47e-05
  1.2039e+04   3.02e-05
  1.2533e+04   2.61e-05
  1.3048e+04   2.27e-05
  1.3584e+04   1.95e-05
  1.4141e+04   1.67e-05
  1.4722e+04   1.43e-05
  1.5326e+04   1.21e-05
  1.5955e+04   1.02e-05
  1.6610e+04   8.59e-06
  1.7292e+04   7.14e-06
  1.8002e+04   5.90e-06
  1.8741e+04   4.84e-06
  1.9511e+04   3.91e-06
  2.0312e+04   3.13e-06
  2.1145e+04   2.48e-06
  2.2013e+04   1.92e-06
  2.2917e+04   1.48e-06
  2.3858e+04   1.11e-06
  2.4837e+04   8.05e-07
  2.5857e+04   5.77e-07
  2.6919e+04   3.98e-07
  2.8024e+04   2.61e-07
  2.9174e+04   1.66e-07
  3.0372e+04   9.92e-08
  3.1619e+04   5.49e-08
  3.2917e+04   2.84e-08
  3.4268e+04   1.31e-08
  3.5675e+04   5.28e-09
  3.7140e+04   1.83e-09
  3.8664e+04   5.14e-10
  4.0252e+04   1.12e-10
  4.1904e+04   1.76e-11
  4.3624e+04   1.79e-12
  4.5415e+04   1.06e-13
  4.7280e+04   3.05e-15
  4.9221e+04   3.29e-17
  5.1241e+04   9.93e-20
  5.3345e+04   5.20e-23
  5.5535e+04   2.43e-27
  5.7815e+04   4.18e-33
  6.0188e+04   6.65e-41
  6.2659e+04   1.28e-47
  6.5232e+04   1.12e-47
  6.7910e+04   9.75e-48
  7.0698e+04   8.46e-48
  7.3600e+04   7.54e-48
  7.6621e+04   6.67e-48
  7.9767e+04   5.93e-48
  8.3042e+04   5.35e-48
  8.6451e+04   4.80e-48
  9.0000e+04   4.34e-48
