#  E [MeV]   Flux [# cm^{-2} s^{-1}  MeV^{-1}]
  3.0000e+04   1.71e-24
  3.1232e+04   1.63e-24
  3.2514e+04   1.56e-24
  3.3849e+04   1.48e-24
  3.5238e+04   1.41e-24
  3.6685e+04   1.35e-24
  3.8191e+04   1.28e-24
  3.9759e+04   1.22e-24
  4.1391e+04   1.16e-24
  4.3090e+04   1.11e-24
  4.4859e+04   1.06e-24
  4.6701e+04   1.00e-24
  4.8618e+04   9.56e-25
  5.0614e+04   9.09e-25
  5.2692e+04   8.65e-25
  5.4855e+04   8.23e-25
  5.7107e+04   7.82e-25
  5.9451e+04   7.44e-25
  6.1892e+04   7.07e-25
  6.4433e+04   6.72e-25
  6.7078e+04   6.39e-25
  6.9832e+04   6.07e-25
  7.2699e+04   5.77e-25
  7.5683e+04   5.48e-25
  7.8790e+04   5.20e-25
  8.2025e+04   4.94e-25
  8.5392e+04   4.69e-25
  8.8898e+04   4.45e-25
  9.2547e+04   4.22e-25
  9.6347e+04   4.01e-25
  1.0030e+05   3.80e-25
  1.0442e+05   3.60e-25
  1.0871e+05   3.42e-25
  1.1317e+05   3.24e-25
  1.1782e+05   3.07e-25
  1.2265e+05   2.91e-25
  1.2769e+05   2.76e-25
  1.3293e+05   2.62e-25
  1.3839e+05   2.48e-25
  1.4407e+05   2.35e-25
  1.4998e+05   2.22e-25
  1.5614e+05   2.11e-25
  1.6255e+05   1.99e-25
  1.6922e+05   1.89e-25
  1.7617e+05   1.79e-25
  1.8340e+05   1.69e-25
  1.9093e+05   1.60e-25
  1.9877e+05   1.51e-25
  2.0693e+05   1.43e-25
  2.1543e+05   1.35e-25
  2.2427e+05   1.28e-25
  2.3348e+05   1.21e-25
  2.4306e+05   1.14e-25
  2.5304e+05   1.08e-25
  2.6343e+05   1.02e-25
  2.7424e+05   9.63e-26
  2.8550e+05   9.09e-26
  2.9722e+05   8.58e-26
  3.0942e+05   8.10e-26
  3.2213e+05   7.65e-26
  3.3535e+05   7.21e-26
  3.4912e+05   6.80e-26
  3.6345e+05   6.42e-26
  3.7837e+05   6.05e-26
  3.9390e+05   5.70e-26
  4.1008e+05   5.38e-26
  4.2691e+05   5.07e-26
  4.4444e+05   4.77e-26
  4.6268e+05   4.49e-26
  4.8168e+05   4.23e-26
  5.0145e+05   3.98e-26
  5.2204e+05   3.75e-26
  5.4347e+05   3.53e-26
  5.6578e+05   3.32e-26
  5.8901e+05   3.12e-26
  6.1319e+05   2.93e-26
  6.3836e+05   2.75e-26
  6.6457e+05   2.59e-26
  6.9185e+05   2.43e-26
  7.2025e+05   2.28e-26
  7.4982e+05   2.14e-26
  7.8061e+05   2.00e-26
  8.1265e+05   1.88e-26
  8.4601e+05   1.76e-26
  8.8075e+05   1.65e-26
  9.1690e+05   1.54e-26
  9.5455e+05   1.44e-26
  9.9373e+05   1.35e-26
  1.0345e+06   1.26e-26
  1.0770e+06   1.18e-26
  1.1212e+06   1.10e-26
  1.1672e+06   1.03e-26
  1.2152e+06   9.55e-27
  1.2650e+06   8.90e-27
  1.3170e+06   8.29e-27
  1.3711e+06   7.72e-27
  1.4273e+06   7.18e-27
  1.4859e+06   6.68e-27
  1.5469e+06   6.21e-27
  1.6104e+06   5.78e-27
  1.6766e+06   5.37e-27
  1.7454e+06   4.99e-27
  1.8170e+06   4.64e-27
  1.8916e+06   4.31e-27
  1.9693e+06   3.99e-27
  2.0501e+06   3.71e-27
  2.1343e+06   3.44e-27
  2.2219e+06   3.18e-27
  2.3131e+06   2.95e-27
  2.4081e+06   2.72e-27
  2.5070e+06   2.52e-27
  2.6099e+06   2.32e-27
  2.7170e+06   2.14e-27
  2.8286e+06   1.98e-27
  2.9447e+06   1.82e-27
  3.0656e+06   1.67e-27
  3.1914e+06   1.54e-27
  3.3225e+06   1.41e-27
  3.4589e+06   1.30e-27
  3.6008e+06   1.19e-27
  3.7487e+06   1.09e-27
  3.9026e+06   9.96e-28
  4.0628e+06   9.10e-28
  4.2296e+06   8.31e-28
  4.4032e+06   7.57e-28
  4.5840e+06   6.89e-28
  4.7722e+06   6.26e-28
  4.9681e+06   5.68e-28
  5.1720e+06   5.15e-28
  5.3844e+06   4.66e-28
  5.6054e+06   4.20e-28
  5.8355e+06   3.80e-28
  6.0751e+06   3.42e-28
  6.3245e+06   3.07e-28
  6.5841e+06   2.76e-28
  6.8544e+06   2.47e-28
  7.1358e+06   2.21e-28
  7.4288e+06   1.97e-28
  7.7338e+06   1.76e-28
  8.0513e+06   1.56e-28
  8.3818e+06   1.39e-28
  8.7259e+06   1.23e-28
  9.0841e+06   1.08e-28
  9.4571e+06   9.54e-29
  9.8453e+06   8.34e-29
  1.0249e+07   7.32e-29
  1.0670e+07   6.40e-29
  1.1108e+07   5.55e-29
  1.1564e+07   4.83e-29
  1.2039e+07   4.19e-29
  1.2533e+07   3.59e-29
  1.3048e+07   3.10e-29
  1.3584e+07   2.66e-29
  1.4141e+07   2.25e-29
  1.4722e+07   1.93e-29
  1.5326e+07   1.63e-29
  1.5955e+07   1.36e-29
  1.6610e+07   1.15e-29
  1.7292e+07   9.55e-30
  1.8002e+07   7.89e-30
  1.8741e+07   6.52e-30
  1.9511e+07   5.29e-30
  2.0312e+07   4.29e-30
  2.1145e+07   3.46e-30
  2.2013e+07   2.72e-30
  2.2917e+07   2.15e-30
  2.3858e+07   1.67e-30
  2.4837e+07   1.26e-30
  2.5857e+07   9.50e-31
  2.6919e+07   6.99e-31
  2.8024e+07   4.93e-31
  2.9174e+07   3.46e-31
  3.0372e+07   2.32e-31
  3.1619e+07   1.47e-31
  3.2917e+07   9.07e-32
  3.4268e+07   5.17e-32
  3.5675e+07   2.70e-32
  3.7140e+07   1.30e-32
  3.8664e+07   5.47e-33
  4.0252e+07   1.95e-33
  4.1904e+07   5.78e-34
  4.3624e+07   1.29e-34
  4.5415e+07   2.06e-35
  4.7280e+07   2.11e-36
  4.9221e+07   1.16e-37
  5.1241e+07   2.88e-39
  5.3345e+07   2.38e-41
  5.5535e+07   4.28e-44
  5.7815e+07   9.59e-48
  6.0188e+07   1.13e-52
  6.2659e+07   1.97e-59
  6.5232e+07   8.13e-69
  6.7910e+07   8.92e-72
  7.0698e+07   7.97e-72
  7.3600e+07   7.15e-72
  7.6621e+07   6.38e-72
  7.9767e+07   5.65e-72
  8.3042e+07   4.97e-72
  8.6451e+07   4.32e-72
  9.0000e+07   3.75e-72
