#  E [MeV]   Flux [# cm^{-2} s^{-1}  MeV^{-1}]
  3.0000e+04   4.98e-23
  3.0607e+04   4.82e-23
  3.1227e+04   4.67e-23
  3.1859e+04   4.52e-23
  3.2504e+04   4.37e-23
  3.3163e+04   4.23e-23
  3.3834e+04   4.09e-23
  3.4519e+04   3.95e-23
  3.5218e+04   3.82e-23
  3.5931e+04   3.69e-23
  3.6659e+04   3.57e-23
  3.7401e+04   3.45e-23
  3.8158e+04   3.33e-23
  3.8931e+04   3.22e-23
  3.9719e+04   3.11e-23
  4.0523e+04   3.00e-23
  4.1344e+04   2.90e-23
  4.2181e+04   2.80e-23
  4.3035e+04   2.70e-23
  4.3906e+04   2.60e-23
  4.4795e+04   2.51e-23
  4.5702e+04   2.42e-23
  4.6628e+04   2.34e-23
  4.7572e+04   2.25e-23
  4.8535e+04   2.17e-23
  4.9517e+04   2.09e-23
  5.0520e+04   2.02e-23
  5.1543e+04   1.94e-23
  5.2587e+04   1.87e-23
  5.3651e+04   1.80e-23
  5.4738e+04   1.74e-23
  5.5846e+04   1.67e-23
  5.6977e+04   1.61e-23
  5.8130e+04   1.55e-23
  5.9307e+04   1.49e-23
  6.0508e+04   1.43e-23
  6.1733e+04   1.38e-23
  6.2983e+04   1.33e-23
  6.4258e+04   1.28e-23
  6.5559e+04   1.23e-23
  6.6887e+04   1.18e-23
  6.8241e+04   1.13e-23
  6.9623e+04   1.09e-23
  7.1033e+04   1.04e-23
  7.2471e+04   1.00e-23
  7.3938e+04   9.63e-24
  7.5435e+04   9.24e-24
  7.6963e+04   8.87e-24
  7.8521e+04   8.51e-24
  8.0111e+04   8.16e-24
  8.1733e+04   7.82e-24
  8.3388e+04   7.49e-24
  8.5076e+04   7.18e-24
  8.6799e+04   6.88e-24
  8.8556e+04   6.59e-24
  9.0349e+04   6.31e-24
  9.2178e+04   6.04e-24
  9.4045e+04   5.78e-24
  9.5949e+04   5.53e-24
  9.7892e+04   5.30e-24
  9.9874e+04   5.07e-24
  1.0190e+05   4.84e-24
  1.0396e+05   4.63e-24
  1.0606e+05   4.42e-24
  1.0821e+05   4.23e-24
  1.1040e+05   4.04e-24
  1.1264e+05   3.86e-24
  1.1492e+05   3.68e-24
  1.1725e+05   3.51e-24
  1.1962e+05   3.35e-24
  1.2204e+05   3.20e-24
  1.2451e+05   3.05e-24
  1.2703e+05   2.91e-24
  1.2961e+05   2.77e-24
  1.3223e+05   2.63e-24
  1.3491e+05   2.51e-24
  1.3764e+05   2.39e-24
  1.4043e+05   2.28e-24
  1.4327e+05   2.17e-24
  1.4617e+05   2.06e-24
  1.4913e+05   1.96e-24
  1.5215e+05   1.86e-24
  1.5523e+05   1.77e-24
  1.5837e+05   1.68e-24
  1.6158e+05   1.59e-24
  1.6485e+05   1.51e-24
  1.6819e+05   1.43e-24
  1.7159e+05   1.36e-24
  1.7507e+05   1.29e-24
  1.7861e+05   1.22e-24
  1.8223e+05   1.15e-24
  1.8592e+05   1.09e-24
  1.8968e+05   1.03e-24
  1.9352e+05   9.77e-25
  1.9744e+05   9.24e-25
  2.0144e+05   8.73e-25
  2.0552e+05   8.24e-25
  2.0968e+05   7.76e-25
  2.1392e+05   7.33e-25
  2.1826e+05   6.92e-25
  2.2267e+05   6.53e-25
  2.2718e+05   6.15e-25
  2.3178e+05   5.78e-25
  2.3648e+05   5.43e-25
  2.4126e+05   5.12e-25
  2.4615e+05   4.82e-25
  2.5113e+05   4.53e-25
  2.5622e+05   4.25e-25
  2.6141e+05   3.98e-25
  2.6670e+05   3.73e-25
  2.7210e+05   3.51e-25
  2.7761e+05   3.29e-25
  2.8323e+05   3.08e-25
  2.8896e+05   2.88e-25
  2.9481e+05   2.69e-25
  3.0078e+05   2.51e-25
  3.0687e+05   2.35e-25
  3.1309e+05   2.20e-25
  3.1943e+05   2.05e-25
  3.2589e+05   1.91e-25
  3.3249e+05   1.77e-25
  3.3922e+05   1.65e-25
  3.4609e+05   1.54e-25
  3.5310e+05   1.43e-25
  3.6025e+05   1.33e-25
  3.6754e+05   1.23e-25
  3.7498e+05   1.13e-25
  3.8258e+05   1.06e-25
  3.9032e+05   9.79e-26
  3.9823e+05   9.06e-26
  4.0629e+05   8.36e-26
  4.1452e+05   7.70e-26
  4.2291e+05   7.10e-26
  4.3147e+05   6.57e-26
  4.4021e+05   6.06e-26
  4.4912e+05   5.58e-26
  4.5821e+05   5.12e-26
  4.6749e+05   4.69e-26
  4.7696e+05   4.31e-26
  4.8661e+05   3.97e-26
  4.9647e+05   3.65e-26
  5.0652e+05   3.34e-26
  5.1678e+05   3.05e-26
  5.2724e+05   2.77e-26
  5.3791e+05   2.54e-26
  5.4881e+05   2.33e-26
  5.5992e+05   2.13e-26
  5.7125e+05   1.94e-26
  5.8282e+05   1.76e-26
  5.9462e+05   1.59e-26
  6.0666e+05   1.45e-26
  6.1894e+05   1.33e-26
  6.3148e+05   1.20e-26
  6.4426e+05   1.09e-26
  6.5731e+05   9.77e-27
  6.7061e+05   8.81e-27
  6.8419e+05   8.02e-27
  6.9805e+05   7.27e-27
  7.1218e+05   6.56e-27
  7.2660e+05   5.89e-27
  7.4131e+05   5.25e-27
  7.5632e+05   4.74e-27
  7.7163e+05   4.29e-27
  7.8726e+05   3.87e-27
  8.0320e+05   3.47e-27
  8.1946e+05   3.09e-27
  8.3605e+05   2.73e-27
  8.5298e+05   2.47e-27
  8.7025e+05   2.23e-27
  8.8787e+05   2.00e-27
  9.0585e+05   1.78e-27
  9.2419e+05   1.58e-27
  9.4290e+05   1.39e-27
  9.6199e+05   1.26e-27
  9.8147e+05   1.13e-27
  1.0013e+06   1.00e-27
  1.0216e+06   8.88e-28
  1.0423e+06   7.78e-28
  1.0634e+06   6.88e-28
  1.0849e+06   6.18e-28
  1.1069e+06   5.51e-28
  1.1293e+06   4.88e-28
  1.1522e+06   4.29e-28
  1.1755e+06   3.73e-28
  1.1993e+06   3.30e-28
  1.2236e+06   2.94e-28
  1.2484e+06   2.60e-28
  1.2736e+06   2.27e-28
  1.2994e+06   1.97e-28
  1.3257e+06   1.68e-28
  1.3526e+06   1.48e-28
  1.3800e+06   1.30e-28
  1.4079e+06   1.13e-28
  1.4364e+06   9.65e-29
  1.4655e+06   8.10e-29
  1.4952e+06   6.78e-29
  1.5255e+06   6.04e-29
  1.5563e+06   5.33e-29
  1.5879e+06   4.66e-29
  1.6200e+06   4.02e-29
