#  E [MeV]   Flux [# cm^{-2} s^{-1}  MeV^{-1}]
  3.0000e+04   2.08e-21
  3.1033e+04   2.01e-21
  3.2102e+04   1.93e-21
  3.3207e+04   1.86e-21
  3.4350e+04   1.79e-21
  3.5533e+04   1.73e-21
  3.6757e+04   1.66e-21
  3.8022e+04   1.60e-21
  3.9332e+04   1.54e-21
  4.0686e+04   1.48e-21
  4.2087e+04   1.43e-21
  4.3536e+04   1.37e-21
  4.5035e+04   1.32e-21
  4.6586e+04   1.27e-21
  4.8190e+04   1.22e-21
  4.9850e+04   1.17e-21
  5.1566e+04   1.13e-21
  5.3342e+04   1.08e-21
  5.5178e+04   1.04e-21
  5.7078e+04   1.00e-21
  5.9044e+04   9.61e-22
  6.1077e+04   9.23e-22
  6.3180e+04   8.87e-22
  6.5356e+04   8.52e-22
  6.7606e+04   8.18e-22
  6.9934e+04   7.85e-22
  7.2342e+04   7.54e-22
  7.4833e+04   7.24e-22
  7.7410e+04   6.95e-22
  8.0075e+04   6.67e-22
  8.2833e+04   6.40e-22
  8.5685e+04   6.14e-22
  8.8635e+04   5.90e-22
  9.1687e+04   5.66e-22
  9.4844e+04   5.43e-22
  9.8110e+04   5.21e-22
  1.0149e+05   5.00e-22
  1.0498e+05   4.80e-22
  1.0860e+05   4.60e-22
  1.1234e+05   4.42e-22
  1.1621e+05   4.24e-22
  1.2021e+05   4.07e-22
  1.2435e+05   3.90e-22
  1.2863e+05   3.74e-22
  1.3306e+05   3.59e-22
  1.3764e+05   3.45e-22
  1.4238e+05   3.31e-22
  1.4728e+05   3.18e-22
  1.5235e+05   3.05e-22
  1.5760e+05   2.93e-22
  1.6302e+05   2.81e-22
  1.6864e+05   2.70e-22
  1.7445e+05   2.59e-22
  1.8045e+05   2.49e-22
  1.8667e+05   2.39e-22
  1.9309e+05   2.29e-22
  1.9974e+05   2.20e-22
  2.0662e+05   2.11e-22
  2.1373e+05   2.03e-22
  2.2109e+05   1.95e-22
  2.2871e+05   1.88e-22
  2.3658e+05   1.80e-22
  2.4473e+05   1.73e-22
  2.5316e+05   1.66e-22
  2.6187e+05   1.60e-22
  2.7089e+05   1.54e-22
  2.8022e+05   1.48e-22
  2.8987e+05   1.42e-22
  2.9985e+05   1.36e-22
  3.1017e+05   1.31e-22
  3.2085e+05   1.26e-22
  3.3190e+05   1.21e-22
  3.4333e+05   1.17e-22
  3.5515e+05   1.12e-22
  3.6738e+05   1.08e-22
  3.8003e+05   1.04e-22
  3.9312e+05   9.99e-23
  4.0665e+05   9.61e-23
  4.2066e+05   9.24e-23
  4.3514e+05   8.89e-23
  4.5013e+05   8.56e-23
  4.6562e+05   8.23e-23
  4.8166e+05   7.91e-23
  4.9824e+05   7.61e-23
  5.1540e+05   7.32e-23
  5.3315e+05   7.04e-23
  5.5150e+05   6.78e-23
  5.7050e+05   6.52e-23
  5.9014e+05   6.27e-23
  6.1046e+05   6.03e-23
  6.3148e+05   5.81e-23
  6.5322e+05   5.59e-23
  6.7572e+05   5.37e-23
  6.9898e+05   5.17e-23
  7.2305e+05   4.98e-23
  7.4795e+05   4.79e-23
  7.7371e+05   4.61e-23
  8.0035e+05   4.44e-23
  8.2791e+05   4.27e-23
  8.5641e+05   4.12e-23
  8.8590e+05   3.96e-23
  9.1641e+05   3.82e-23
  9.4796e+05   3.68e-23
  9.8061e+05   3.55e-23
  1.0144e+06   3.42e-23
  1.0493e+06   3.30e-23
  1.0854e+06   3.18e-23
  1.1228e+06   3.07e-23
  1.1615e+06   2.96e-23
  1.2015e+06   2.86e-23
  1.2428e+06   2.76e-23
  1.2856e+06   2.66e-23
  1.3299e+06   2.57e-23
  1.3757e+06   2.48e-23
  1.4231e+06   2.40e-23
  1.4721e+06   2.32e-23
  1.5228e+06   2.24e-23
  1.5752e+06   2.16e-23
  1.6294e+06   2.09e-23
  1.6855e+06   2.02e-23
  1.7436e+06   1.95e-23
  1.8036e+06   1.88e-23
  1.8657e+06   1.82e-23
  1.9300e+06   1.76e-23
  1.9964e+06   1.70e-23
  2.0652e+06   1.64e-23
  2.1363e+06   1.58e-23
  2.2098e+06   1.52e-23
  2.2859e+06   1.47e-23
  2.3646e+06   1.42e-23
  2.4461e+06   1.37e-23
  2.5303e+06   1.32e-23
  2.6174e+06   1.27e-23
  2.7075e+06   1.22e-23
  2.8008e+06   1.17e-23
  2.8972e+06   1.13e-23
  2.9970e+06   1.08e-23
  3.1002e+06   1.04e-23
  3.2069e+06   9.93e-24
  3.3173e+06   9.51e-24
  3.4316e+06   9.10e-24
  3.5497e+06   8.68e-24
  3.6720e+06   8.29e-24
  3.7984e+06   7.90e-24
  3.9292e+06   7.51e-24
  4.0645e+06   7.14e-24
  4.2044e+06   6.78e-24
  4.3492e+06   6.42e-24
  4.4990e+06   6.06e-24
  4.6539e+06   5.73e-24
  4.8141e+06   5.40e-24
  4.9799e+06   5.07e-24
  5.1514e+06   4.75e-24
  5.3288e+06   4.45e-24
  5.5123e+06   4.15e-24
  5.7021e+06   3.86e-24
  5.8984e+06   3.59e-24
  6.1015e+06   3.32e-24
  6.3116e+06   3.06e-24
  6.5289e+06   2.82e-24
  6.7538e+06   2.59e-24
  6.9863e+06   2.36e-24
  7.2269e+06   2.15e-24
  7.4757e+06   1.95e-24
  7.7331e+06   1.76e-24
  7.9994e+06   1.59e-24
  8.2749e+06   1.42e-24
  8.5598e+06   1.27e-24
  8.8546e+06   1.12e-24
  9.1594e+06   9.87e-25
  9.4748e+06   8.65e-25
  9.8011e+06   7.51e-25
  1.0139e+07   6.47e-25
  1.0488e+07   5.53e-25
  1.0849e+07   4.69e-25
  1.1222e+07   3.95e-25
  1.1609e+07   3.28e-25
  1.2009e+07   2.70e-25
  1.2422e+07   2.21e-25
  1.2850e+07   1.78e-25
  1.3292e+07   1.41e-25
  1.3750e+07   1.11e-25
  1.4223e+07   8.57e-26
  1.4713e+07   6.51e-26
  1.5220e+07   4.85e-26
  1.5744e+07   3.55e-26
  1.6286e+07   2.54e-26
  1.6847e+07   1.76e-26
  1.7427e+07   1.20e-26
  1.8027e+07   7.98e-27
  1.8648e+07   5.09e-27
  1.9290e+07   3.14e-27
  1.9954e+07   1.89e-27
  2.0641e+07   1.08e-27
  2.1352e+07   5.80e-28
  2.2087e+07   3.06e-28
  2.2848e+07   1.51e-28
  2.3634e+07   6.84e-29
  2.4448e+07   2.94e-29
  2.5290e+07   1.17e-29
