#  E [GeV]   # per interaction  [GeV^{-1}]
  3.0000e+01   6.50e-01
  3.1141e+01   6.24e-01
  3.2326e+01   6.00e-01
  3.3556e+01   5.76e-01
  3.4832e+01   5.54e-01
  3.6157e+01   5.32e-01
  3.7533e+01   5.11e-01
  3.8961e+01   4.91e-01
  4.0443e+01   4.72e-01
  4.1982e+01   4.53e-01
  4.3579e+01   4.35e-01
  4.5237e+01   4.18e-01
  4.6958e+01   4.01e-01
  4.8744e+01   3.85e-01
  5.0598e+01   3.70e-01
  5.2523e+01   3.55e-01
  5.4521e+01   3.41e-01
  5.6596e+01   3.27e-01
  5.8749e+01   3.14e-01
  6.0984e+01   3.01e-01
  6.3304e+01   2.89e-01
  6.5712e+01   2.77e-01
  6.8212e+01   2.66e-01
  7.0807e+01   2.55e-01
  7.3500e+01   2.44e-01
  7.6297e+01   2.34e-01
  7.9199e+01   2.24e-01
  8.2212e+01   2.15e-01
  8.5340e+01   2.06e-01
  8.8586e+01   1.97e-01
  9.1956e+01   1.89e-01
  9.5455e+01   1.81e-01
  9.9086e+01   1.73e-01
  1.0286e+02   1.66e-01
  1.0677e+02   1.59e-01
  1.1083e+02   1.52e-01
  1.1505e+02   1.45e-01
  1.1942e+02   1.39e-01
  1.2397e+02   1.32e-01
  1.2868e+02   1.27e-01
  1.3358e+02   1.21e-01
  1.3866e+02   1.15e-01
  1.4394e+02   1.10e-01
  1.4941e+02   1.05e-01
  1.5509e+02   1.00e-01
  1.6100e+02   9.55e-02
  1.6712e+02   9.10e-02
  1.7348e+02   8.66e-02
  1.8008e+02   8.25e-02
  1.8693e+02   7.84e-02
  1.9404e+02   7.46e-02
  2.0142e+02   7.09e-02
  2.0908e+02   6.73e-02
  2.1704e+02   6.39e-02
  2.2529e+02   6.06e-02
  2.3387e+02   5.75e-02
  2.4276e+02   5.44e-02
  2.5200e+02   5.15e-02
  2.6158e+02   4.88e-02
  2.7154e+02   4.61e-02
  2.8187e+02   4.35e-02
  2.9259e+02   4.11e-02
  3.0372e+02   3.88e-02
  3.1527e+02   3.65e-02
  3.2727e+02   3.44e-02
  3.3972e+02   3.23e-02
  3.5264e+02   3.04e-02
  3.6606e+02   2.85e-02
  3.7998e+02   2.68e-02
  3.9444e+02   2.51e-02
  4.0945e+02   2.35e-02
  4.2502e+02   2.20e-02
  4.4119e+02   2.05e-02
  4.5798e+02   1.92e-02
  4.7540e+02   1.79e-02
  4.9348e+02   1.67e-02
  5.1226e+02   1.55e-02
  5.3175e+02   1.44e-02
  5.5198e+02   1.34e-02
  5.7297e+02   1.25e-02
  5.9477e+02   1.16e-02
  6.1740e+02   1.07e-02
  6.4089e+02   9.94e-03
  6.6527e+02   9.20e-03
  6.9058e+02   8.51e-03
  7.1685e+02   7.87e-03
  7.4412e+02   7.28e-03
  7.7243e+02   6.72e-03
  8.0181e+02   6.21e-03
  8.3232e+02   5.73e-03
  8.6398e+02   5.28e-03
  8.9685e+02   4.87e-03
  9.3097e+02   4.49e-03
  9.6638e+02   4.14e-03
  1.0031e+03   3.81e-03
  1.0413e+03   3.51e-03
  1.0809e+03   3.23e-03
  1.1220e+03   2.98e-03
  1.1647e+03   2.74e-03
  1.2090e+03   2.52e-03
  1.2550e+03   2.32e-03
  1.3028e+03   2.13e-03
  1.3523e+03   1.96e-03
  1.4038e+03   1.80e-03
  1.4572e+03   1.65e-03
  1.5126e+03   1.52e-03
  1.5702e+03   1.39e-03
  1.6299e+03   1.28e-03
  1.6919e+03   1.17e-03
  1.7563e+03   1.08e-03
  1.8231e+03   9.85e-04
  1.8925e+03   9.02e-04
  1.9645e+03   8.27e-04
  2.0392e+03   7.57e-04
  2.1168e+03   6.91e-04
  2.1973e+03   6.32e-04
  2.2809e+03   5.78e-04
  2.3677e+03   5.27e-04
  2.4577e+03   4.81e-04
  2.5512e+03   4.38e-04
  2.6483e+03   3.98e-04
  2.7490e+03   3.62e-04
  2.8536e+03   3.29e-04
  2.9622e+03   2.98e-04
  3.0749e+03   2.70e-04
  3.1918e+03   2.44e-04
  3.3133e+03   2.21e-04
  3.4393e+03   1.99e-04
  3.5702e+03   1.80e-04
  3.7060e+03   1.61e-04
  3.8470e+03   1.45e-04
  3.9933e+03   1.30e-04
  4.1452e+03   1.16e-04
  4.3029e+03   1.04e-04
  4.4666e+03   9.28e-05
  4.6366e+03   8.25e-05
  4.8129e+03   7.31e-05
  4.9960e+03   6.49e-05
  5.1861e+03   5.73e-05
  5.3834e+03   5.03e-05
  5.5882e+03   4.43e-05
  5.8008e+03   3.88e-05
  6.0215e+03   3.38e-05
  6.2506e+03   2.95e-05
  6.4883e+03   2.56e-05
  6.7352e+03   2.21e-05
  6.9914e+03   1.91e-05
  7.2574e+03   1.64e-05
  7.5335e+03   1.39e-05
  7.8201e+03   1.19e-05
  8.1176e+03   1.01e-05
  8.4264e+03   8.47e-06
  8.7470e+03   7.12e-06
  9.0797e+03   5.94e-06
  9.4251e+03   4.89e-06
  9.7837e+03   4.03e-06
  1.0156e+04   3.29e-06
  1.0542e+04   2.65e-06
  1.0943e+04   2.13e-06
  1.1360e+04   1.70e-06
  1.1792e+04   1.33e-06
  1.2240e+04   1.03e-06
  1.2706e+04   7.96e-07
  1.3189e+04   6.00e-07
  1.3691e+04   4.47e-07
  1.4212e+04   3.29e-07
  1.4753e+04   2.36e-07
  1.5314e+04   1.66e-07
  1.5897e+04   1.15e-07
  1.6501e+04   7.68e-08
  1.7129e+04   4.98e-08
  1.7781e+04   3.16e-08
  1.8457e+04   1.91e-08
  1.9159e+04   1.11e-08
  1.9888e+04   6.17e-09
  2.0645e+04   3.23e-09
  2.1430e+04   1.57e-09
  2.2245e+04   7.24e-10
  2.3092e+04   3.03e-10
  2.3970e+04   1.13e-10
  2.4882e+04   3.87e-11
  2.5829e+04   1.14e-11
  2.6811e+04   2.84e-12
  2.7831e+04   5.99e-13
  2.8890e+04   1.00e-13
  2.9989e+04   1.26e-14
  3.1130e+04   1.18e-15
  3.2314e+04   7.43e-17
  3.3544e+04   2.88e-18
  3.4820e+04   6.35e-20
  3.6144e+04   6.85e-22
  3.7519e+04   3.02e-24
  3.8947e+04   4.48e-27
  4.0428e+04   1.66e-30
  4.1966e+04   1.06e-34
  4.3563e+04   7.24e-40
  4.5220e+04   2.78e-46
  4.6941e+04   1.00e-47
  4.8726e+04   9.30e-48
  5.0580e+04   8.71e-48
