#  E [MeV]   Flux [# cm^{-2} s^{-1}  MeV^{-1}]
  3.0000e+04   1.65e-19
  3.1123e+04   1.59e-19
  3.2288e+04   1.52e-19
  3.3497e+04   1.46e-19
  3.4751e+04   1.40e-19
  3.6051e+04   1.35e-19
  3.7401e+04   1.29e-19
  3.8801e+04   1.24e-19
  4.0253e+04   1.19e-19
  4.1760e+04   1.14e-19
  4.3324e+04   1.10e-19
  4.4945e+04   1.05e-19
  4.6628e+04   1.01e-19
  4.8373e+04   9.67e-20
  5.0184e+04   9.28e-20
  5.2063e+04   8.90e-20
  5.4011e+04   8.53e-20
  5.6033e+04   8.18e-20
  5.8131e+04   7.84e-20
  6.0307e+04   7.51e-20
  6.2564e+04   7.20e-20
  6.4906e+04   6.90e-20
  6.7336e+04   6.61e-20
  6.9857e+04   6.33e-20
  7.2472e+04   6.06e-20
  7.5184e+04   5.81e-20
  7.7999e+04   5.56e-20
  8.0919e+04   5.32e-20
  8.3948e+04   5.10e-20
  8.7090e+04   4.88e-20
  9.0350e+04   4.67e-20
  9.3732e+04   4.46e-20
  9.7241e+04   4.27e-20
  1.0088e+05   4.09e-20
  1.0466e+05   3.91e-20
  1.0858e+05   3.73e-20
  1.1264e+05   3.57e-20
  1.1686e+05   3.41e-20
  1.2123e+05   3.26e-20
  1.2577e+05   3.11e-20
  1.3048e+05   2.97e-20
  1.3536e+05   2.84e-20
  1.4043e+05   2.71e-20
  1.4568e+05   2.59e-20
  1.5114e+05   2.47e-20
  1.5680e+05   2.35e-20
  1.6266e+05   2.24e-20
  1.6875e+05   2.14e-20
  1.7507e+05   2.04e-20
  1.8162e+05   1.94e-20
  1.8842e+05   1.85e-20
  1.9548e+05   1.76e-20
  2.0279e+05   1.67e-20
  2.1039e+05   1.59e-20
  2.1826e+05   1.51e-20
  2.2643e+05   1.44e-20
  2.3491e+05   1.37e-20
  2.4370e+05   1.30e-20
  2.5282e+05   1.24e-20
  2.6229e+05   1.17e-20
  2.7211e+05   1.11e-20
  2.8229e+05   1.06e-20
  2.9286e+05   1.00e-20
  3.0382e+05   9.49e-21
  3.1519e+05   8.99e-21
  3.2699e+05   8.51e-21
  3.3923e+05   8.05e-21
  3.5193e+05   7.62e-21
  3.6511e+05   7.20e-21
  3.7877e+05   6.80e-21
  3.9295e+05   6.43e-21
  4.0766e+05   6.07e-21
  4.2292e+05   5.73e-21
  4.3875e+05   5.40e-21
  4.5518e+05   5.09e-21
  4.7222e+05   4.80e-21
  4.8989e+05   4.52e-21
  5.0823e+05   4.26e-21
  5.2726e+05   4.01e-21
  5.4699e+05   3.77e-21
  5.6747e+05   3.54e-21
  5.8871e+05   3.33e-21
  6.1075e+05   3.13e-21
  6.3361e+05   2.94e-21
  6.5733e+05   2.75e-21
  6.8194e+05   2.58e-21
  7.0746e+05   2.42e-21
  7.3395e+05   2.27e-21
  7.6142e+05   2.13e-21
  7.8992e+05   1.99e-21
  8.1949e+05   1.86e-21
  8.5017e+05   1.74e-21
  8.8199e+05   1.63e-21
  9.1501e+05   1.52e-21
  9.4926e+05   1.42e-21
  9.8479e+05   1.33e-21
  1.0217e+06   1.24e-21
  1.0599e+06   1.16e-21
  1.0996e+06   1.08e-21
  1.1407e+06   1.01e-21
  1.1834e+06   9.38e-22
  1.2277e+06   8.74e-22
  1.2737e+06   8.13e-22
  1.3214e+06   7.57e-22
  1.3708e+06   7.04e-22
  1.4222e+06   6.55e-22
  1.4754e+06   6.09e-22
  1.5306e+06   5.65e-22
  1.5879e+06   5.25e-22
  1.6474e+06   4.87e-22
  1.7090e+06   4.52e-22
  1.7730e+06   4.19e-22
  1.8394e+06   3.89e-22
  1.9082e+06   3.60e-22
  1.9797e+06   3.33e-22
  2.0538e+06   3.08e-22
  2.1306e+06   2.85e-22
  2.2104e+06   2.63e-22
  2.2931e+06   2.43e-22
  2.3790e+06   2.25e-22
  2.4680e+06   2.07e-22
  2.5604e+06   1.91e-22
  2.6563e+06   1.76e-22
  2.7557e+06   1.62e-22
  2.8589e+06   1.49e-22
  2.9659e+06   1.37e-22
  3.0769e+06   1.26e-22
  3.1921e+06   1.16e-22
  3.3116e+06   1.06e-22
  3.4355e+06   9.72e-23
  3.5641e+06   8.91e-23
  3.6976e+06   8.16e-23
  3.8360e+06   7.46e-23
  3.9796e+06   6.81e-23
  4.1285e+06   6.23e-23
  4.2831e+06   5.68e-23
  4.4434e+06   5.17e-23
  4.6097e+06   4.71e-23
  4.7823e+06   4.29e-23
  4.9613e+06   3.89e-23
  5.1470e+06   3.53e-23
  5.3397e+06   3.21e-23
  5.5396e+06   2.90e-23
  5.7470e+06   2.63e-23
  5.9621e+06   2.37e-23
  6.1853e+06   2.14e-23
  6.4168e+06   1.93e-23
  6.6570e+06   1.74e-23
  6.9062e+06   1.56e-23
  7.1647e+06   1.41e-23
  7.4329e+06   1.26e-23
  7.7112e+06   1.13e-23
  7.9998e+06   1.01e-23
  8.2993e+06   9.08e-24
  8.6100e+06   8.09e-24
  8.9323e+06   7.21e-24
  9.2666e+06   6.43e-24
  9.6135e+06   5.71e-24
  9.9734e+06   5.06e-24
  1.0347e+07   4.50e-24
  1.0734e+07   3.98e-24
  1.1136e+07   3.50e-24
  1.1553e+07   3.11e-24
  1.1985e+07   2.73e-24
  1.2434e+07   2.39e-24
  1.2899e+07   2.11e-24
  1.3382e+07   1.85e-24
  1.3883e+07   1.61e-24
  1.4403e+07   1.41e-24
  1.4942e+07   1.23e-24
  1.5501e+07   1.06e-24
  1.6081e+07   9.25e-25
  1.6683e+07   8.00e-25
  1.7308e+07   6.86e-25
  1.7956e+07   5.89e-25
  1.8628e+07   5.05e-25
  1.9325e+07   4.28e-25
  2.0049e+07   3.62e-25
  2.0799e+07   3.05e-25
  2.1578e+07   2.53e-25
  2.2386e+07   2.08e-25
  2.3224e+07   1.70e-25
  2.4093e+07   1.36e-25
  2.4995e+07   1.07e-25
  2.5930e+07   8.25e-26
  2.6901e+07   6.17e-26
  2.7908e+07   4.46e-26
  2.8953e+07   3.16e-26
  3.0037e+07   2.11e-26
  3.1161e+07   1.32e-26
  3.2327e+07   7.94e-27
  3.3537e+07   4.32e-27
  3.4793e+07   2.08e-27
  3.6095e+07   9.39e-28
  3.7446e+07   3.53e-28
  3.8848e+07   1.05e-28
  4.0302e+07   2.84e-29
  4.1811e+07   5.40e-30
  4.3376e+07   6.29e-31
  4.5000e+07   4.38e-32
