#  E [MeV]   Flux [# cm^{-2} s^{-1}  MeV^{-1}]
  3.0000e+04   1.51e-21
  3.0943e+04   1.46e-21
  3.1916e+04   1.40e-21
  3.2920e+04   1.35e-21
  3.3955e+04   1.30e-21
  3.5023e+04   1.25e-21
  3.6124e+04   1.21e-21
  3.7260e+04   1.16e-21
  3.8432e+04   1.12e-21
  3.9640e+04   1.07e-21
  4.0887e+04   1.03e-21
  4.2172e+04   9.91e-22
  4.3499e+04   9.53e-22
  4.4866e+04   9.16e-22
  4.6277e+04   8.80e-22
  4.7732e+04   8.45e-22
  4.9233e+04   8.11e-22
  5.0781e+04   7.79e-22
  5.2378e+04   7.48e-22
  5.4025e+04   7.18e-22
  5.5724e+04   6.89e-22
  5.7476e+04   6.61e-22
  5.9284e+04   6.34e-22
  6.1148e+04   6.08e-22
  6.3071e+04   5.83e-22
  6.5054e+04   5.59e-22
  6.7100e+04   5.36e-22
  6.9210e+04   5.14e-22
  7.1386e+04   4.92e-22
  7.3631e+04   4.72e-22
  7.5946e+04   4.52e-22
  7.8334e+04   4.33e-22
  8.0797e+04   4.14e-22
  8.3338e+04   3.97e-22
  8.5959e+04   3.80e-22
  8.8662e+04   3.63e-22
  9.1450e+04   3.48e-22
  9.4325e+04   3.32e-22
  9.7291e+04   3.18e-22
  1.0035e+05   3.04e-22
  1.0351e+05   2.91e-22
  1.0676e+05   2.78e-22
  1.1012e+05   2.66e-22
  1.1358e+05   2.54e-22
  1.1715e+05   2.43e-22
  1.2084e+05   2.32e-22
  1.2464e+05   2.21e-22
  1.2856e+05   2.11e-22
  1.3260e+05   2.02e-22
  1.3677e+05   1.93e-22
  1.4107e+05   1.84e-22
  1.4550e+05   1.75e-22
  1.5008e+05   1.67e-22
  1.5480e+05   1.60e-22
  1.5967e+05   1.52e-22
  1.6469e+05   1.45e-22
  1.6987e+05   1.38e-22
  1.7521e+05   1.32e-22
  1.8072e+05   1.26e-22
  1.8640e+05   1.20e-22
  1.9226e+05   1.14e-22
  1.9831e+05   1.09e-22
  2.0454e+05   1.03e-22
  2.1097e+05   9.84e-23
  2.1761e+05   9.37e-23
  2.2445e+05   8.92e-23
  2.3151e+05   8.49e-23
  2.3879e+05   8.08e-23
  2.4630e+05   7.68e-23
  2.5404e+05   7.31e-23
  2.6203e+05   6.95e-23
  2.7027e+05   6.60e-23
  2.7877e+05   6.27e-23
  2.8753e+05   5.96e-23
  2.9657e+05   5.66e-23
  3.0590e+05   5.37e-23
  3.1552e+05   5.10e-23
  3.2544e+05   4.84e-23
  3.3567e+05   4.60e-23
  3.4623e+05   4.36e-23
  3.5712e+05   4.14e-23
  3.6835e+05   3.92e-23
  3.7993e+05   3.72e-23
  3.9188e+05   3.52e-23
  4.0420e+05   3.34e-23
  4.1691e+05   3.16e-23
  4.3002e+05   2.99e-23
  4.4354e+05   2.84e-23
  4.5749e+05   2.69e-23
  4.7187e+05   2.54e-23
  4.8671e+05   2.41e-23
  5.0202e+05   2.28e-23
  5.1780e+05   2.16e-23
  5.3409e+05   2.04e-23
  5.5088e+05   1.93e-23
  5.6820e+05   1.83e-23
  5.8607e+05   1.73e-23
  6.0450e+05   1.63e-23
  6.2351e+05   1.55e-23
  6.4311e+05   1.46e-23
  6.6334e+05   1.38e-23
  6.8419e+05   1.31e-23
  7.0571e+05   1.24e-23
  7.2790e+05   1.17e-23
  7.5079e+05   1.11e-23
  7.7440e+05   1.05e-23
  7.9875e+05   9.93e-24
  8.2387e+05   9.40e-24
  8.4977e+05   8.90e-24
  8.7649e+05   8.44e-24
  9.0405e+05   7.99e-24
  9.3248e+05   7.58e-24
  9.6180e+05   7.18e-24
  9.9205e+05   6.81e-24
  1.0232e+06   6.46e-24
  1.0554e+06   6.13e-24
  1.0886e+06   5.82e-24
  1.1228e+06   5.52e-24
  1.1581e+06   5.24e-24
  1.1946e+06   4.98e-24
  1.2321e+06   4.73e-24
  1.2709e+06   4.50e-24
  1.3108e+06   4.28e-24
  1.3521e+06   4.07e-24
  1.3946e+06   3.88e-24
  1.4384e+06   3.69e-24
  1.4837e+06   3.52e-24
  1.5303e+06   3.35e-24
  1.5784e+06   3.19e-24
  1.6281e+06   3.04e-24
  1.6793e+06   2.90e-24
  1.7321e+06   2.77e-24
  1.7865e+06   2.64e-24
  1.8427e+06   2.52e-24
  1.9006e+06   2.41e-24
  1.9604e+06   2.30e-24
  2.0221e+06   2.19e-24
  2.0856e+06   2.09e-24
  2.1512e+06   2.00e-24
  2.2189e+06   1.91e-24
  2.2886e+06   1.83e-24
  2.3606e+06   1.75e-24
  2.4348e+06   1.67e-24
  2.5114e+06   1.59e-24
  2.5904e+06   1.52e-24
  2.6718e+06   1.45e-24
  2.7558e+06   1.39e-24
  2.8425e+06   1.33e-24
  2.9319e+06   1.27e-24
  3.0241e+06   1.21e-24
  3.1192e+06   1.16e-24
  3.2173e+06   1.11e-24
  3.3184e+06   1.06e-24
  3.4228e+06   1.01e-24
  3.5304e+06   9.61e-25
  3.6414e+06   9.16e-25
  3.7559e+06   8.73e-25
  3.8740e+06   8.31e-25
  3.9958e+06   7.91e-25
  4.1215e+06   7.52e-25
  4.2511e+06   7.15e-25
  4.3848e+06   6.79e-25
  4.5227e+06   6.44e-25
  4.6649e+06   6.11e-25
  4.8116e+06   5.79e-25
  4.9629e+06   5.48e-25
  5.1189e+06   5.18e-25
  5.2799e+06   4.90e-25
  5.4459e+06   4.62e-25
  5.6171e+06   4.36e-25
  5.7938e+06   4.10e-25
  5.9760e+06   3.86e-25
  6.1639e+06   3.62e-25
  6.3577e+06   3.40e-25
  6.5576e+06   3.18e-25
  6.7638e+06   2.97e-25
  6.9765e+06   2.77e-25
  7.1959e+06   2.58e-25
  7.4222e+06   2.40e-25
  7.6556e+06   2.23e-25
  7.8963e+06   2.06e-25
  8.1446e+06   1.90e-25
  8.4007e+06   1.75e-25
  8.6649e+06   1.61e-25
  8.9373e+06   1.48e-25
  9.2184e+06   1.35e-25
  9.5082e+06   1.23e-25
  9.8072e+06   1.11e-25
  1.0116e+07   1.01e-25
  1.0434e+07   9.05e-26
  1.0762e+07   8.11e-26
  1.1100e+07   7.23e-26
  1.1449e+07   6.41e-26
  1.1809e+07   5.65e-26
  1.2181e+07   4.95e-26
  1.2564e+07   4.30e-26
  1.2959e+07   3.71e-26
  1.3366e+07   3.18e-26
  1.3786e+07   2.71e-26
  1.4220e+07   2.29e-26
