#  E [MeV]   Flux [# cm^{-2} s^{-1}  MeV^{-1}]
  3.0000e+04   1.63e-27
  3.1232e+04   1.57e-27
  3.2514e+04   1.51e-27
  3.3849e+04   1.45e-27
  3.5238e+04   1.39e-27
  3.6685e+04   1.34e-27
  3.8191e+04   1.28e-27
  3.9759e+04   1.23e-27
  4.1391e+04   1.18e-27
  4.3090e+04   1.14e-27
  4.4859e+04   1.09e-27
  4.6701e+04   1.04e-27
  4.8618e+04   1.00e-27
  5.0614e+04   9.61e-28
  5.2692e+04   9.21e-28
  5.4855e+04   8.83e-28
  5.7107e+04   8.46e-28
  5.9451e+04   8.10e-28
  6.1892e+04   7.76e-28
  6.4433e+04   7.43e-28
  6.7078e+04   7.11e-28
  6.9832e+04   6.80e-28
  7.2699e+04   6.50e-28
  7.5683e+04   6.22e-28
  7.8790e+04   5.94e-28
  8.2025e+04   5.68e-28
  8.5392e+04   5.43e-28
  8.8898e+04   5.18e-28
  9.2547e+04   4.95e-28
  9.6347e+04   4.72e-28
  1.0030e+05   4.51e-28
  1.0442e+05   4.30e-28
  1.0871e+05   4.10e-28
  1.1317e+05   3.90e-28
  1.1782e+05   3.72e-28
  1.2265e+05   3.54e-28
  1.2769e+05   3.37e-28
  1.3293e+05   3.21e-28
  1.3839e+05   3.05e-28
  1.4407e+05   2.90e-28
  1.4998e+05   2.75e-28
  1.5614e+05   2.62e-28
  1.6255e+05   2.48e-28
  1.6922e+05   2.35e-28
  1.7617e+05   2.23e-28
  1.8340e+05   2.12e-28
  1.9093e+05   2.00e-28
  1.9877e+05   1.89e-28
  2.0693e+05   1.79e-28
  2.1543e+05   1.69e-28
  2.2427e+05   1.60e-28
  2.3348e+05   1.51e-28
  2.4306e+05   1.42e-28
  2.5304e+05   1.34e-28
  2.6343e+05   1.26e-28
  2.7424e+05   1.18e-28
  2.8550e+05   1.11e-28
  2.9722e+05   1.04e-28
  3.0942e+05   9.78e-29
  3.2213e+05   9.16e-29
  3.3535e+05   8.57e-29
  3.4912e+05   8.02e-29
  3.6345e+05   7.49e-29
  3.7837e+05   6.98e-29
  3.9390e+05   6.51e-29
  4.1008e+05   6.06e-29
  4.2691e+05   5.64e-29
  4.4444e+05   5.25e-29
  4.6268e+05   4.87e-29
  4.8168e+05   4.52e-29
  5.0145e+05   4.19e-29
  5.2204e+05   3.89e-29
  5.4347e+05   3.60e-29
  5.6578e+05   3.33e-29
  5.8901e+05   3.09e-29
  6.1319e+05   2.86e-29
  6.3836e+05   2.64e-29
  6.6457e+05   2.44e-29
  6.9185e+05   2.26e-29
  7.2025e+05   2.09e-29
  7.4982e+05   1.94e-29
  7.8061e+05   1.79e-29
  8.1265e+05   1.66e-29
  8.4601e+05   1.54e-29
  8.8075e+05   1.43e-29
  9.1690e+05   1.33e-29
  9.5455e+05   1.23e-29
  9.9373e+05   1.15e-29
  1.0345e+06   1.07e-29
  1.0770e+06   9.95e-30
  1.1212e+06   9.28e-30
  1.1672e+06   8.67e-30
  1.2152e+06   8.12e-30
  1.2650e+06   7.61e-30
  1.3170e+06   7.14e-30
  1.3711e+06   6.71e-30
  1.4273e+06   6.31e-30
  1.4859e+06   5.94e-30
  1.5469e+06   5.61e-30
  1.6104e+06   5.29e-30
  1.6766e+06   5.01e-30
  1.7454e+06   4.74e-30
  1.8170e+06   4.49e-30
  1.8916e+06   4.26e-30
  1.9693e+06   4.05e-30
  2.0501e+06   3.85e-30
  2.1343e+06   3.66e-30
  2.2219e+06   3.49e-30
  2.3131e+06   3.32e-30
  2.4081e+06   3.16e-30
  2.5070e+06   3.01e-30
  2.6099e+06   2.87e-30
  2.7170e+06   2.74e-30
  2.8286e+06   2.61e-30
  2.9447e+06   2.48e-30
  3.0656e+06   2.37e-30
  3.1914e+06   2.25e-30
  3.3225e+06   2.14e-30
  3.4589e+06   2.03e-30
  3.6008e+06   1.93e-30
  3.7487e+06   1.82e-30
  3.9026e+06   1.72e-30
  4.0628e+06   1.63e-30
  4.2296e+06   1.53e-30
  4.4032e+06   1.44e-30
  4.5840e+06   1.35e-30
  4.7722e+06   1.26e-30
  4.9681e+06   1.18e-30
  5.1720e+06   1.09e-30
  5.3844e+06   1.01e-30
  5.6054e+06   9.30e-31
  5.8355e+06   8.53e-31
  6.0751e+06   7.79e-31
  6.3245e+06   7.07e-31
  6.5841e+06   6.38e-31
  6.8544e+06   5.72e-31
  7.1358e+06   5.10e-31
  7.4288e+06   4.51e-31
  7.7338e+06   3.95e-31
  8.0513e+06   3.43e-31
  8.3818e+06   2.95e-31
  8.7259e+06   2.51e-31
  9.0841e+06   2.11e-31
  9.4571e+06   1.75e-31
  9.8453e+06   1.43e-31
  1.0249e+07   1.15e-31
  1.0670e+07   9.08e-32
  1.1108e+07   7.03e-32
  1.1564e+07   5.33e-32
  1.2039e+07   3.93e-32
  1.2533e+07   2.83e-32
  1.3048e+07   1.98e-32
  1.3584e+07   1.33e-32
  1.4141e+07   8.64e-33
  1.4722e+07   5.37e-33
  1.5326e+07   3.18e-33
  1.5955e+07   1.78e-33
  1.6610e+07   9.38e-34
  1.7292e+07   4.59e-34
  1.8002e+07   2.08e-34
  1.8741e+07   8.57e-35
  1.9511e+07   3.17e-35
  2.0312e+07   1.04e-35
  2.1145e+07   2.97e-36
  2.2013e+07   7.19e-37
  2.2917e+07   1.44e-37
  2.3858e+07   2.31e-38
  2.4837e+07   2.85e-39
  2.5857e+07   2.60e-40
  2.6919e+07   1.64e-41
  2.8024e+07   6.74e-43
  2.9174e+07   1.66e-44
  3.0372e+07   2.19e-46
  3.1619e+07   1.37e-48
  3.2917e+07   3.48e-51
  3.4268e+07   2.91e-54
  3.5675e+07   6.27e-58
  3.7140e+07   2.52e-62
  3.8664e+07   1.26e-67
  4.0252e+07   3.77e-71
  4.1904e+07   3.37e-71
  4.3624e+07   2.99e-71
  4.5415e+07   2.65e-71
  4.7280e+07   2.34e-71
  4.9221e+07   2.06e-71
  5.1241e+07   1.79e-71
  5.3345e+07   1.57e-71
  5.5535e+07   1.36e-71
  5.7815e+07   1.16e-71
  6.0188e+07   1.01e-71
  6.2659e+07   8.64e-72
  6.5232e+07   7.32e-72
  6.7910e+07   6.34e-72
  7.0698e+07   5.43e-72
  7.3600e+07   4.63e-72
  7.6621e+07   4.06e-72
  7.9767e+07   3.53e-72
  8.3042e+07   3.11e-72
  8.6451e+07   2.84e-72
  9.0000e+07   2.58e-72
