#  E [GeV]   # per interaction  [GeV^{-1}]
  3.0000e+01   1.17e-01
  3.0517e+01   1.13e-01
  3.1043e+01   1.10e-01
  3.1578e+01   1.07e-01
  3.2123e+01   1.03e-01
  3.2676e+01   1.00e-01
  3.3240e+01   9.71e-02
  3.3813e+01   9.41e-02
  3.4396e+01   9.12e-02
  3.4989e+01   8.84e-02
  3.5592e+01   8.56e-02
  3.6205e+01   8.29e-02
  3.6829e+01   8.03e-02
  3.7464e+01   7.78e-02
  3.8110e+01   7.53e-02
  3.8767e+01   7.29e-02
  3.9435e+01   7.06e-02
  4.0115e+01   6.83e-02
  4.0807e+01   6.61e-02
  4.1510e+01   6.40e-02
  4.2226e+01   6.19e-02
  4.2953e+01   5.98e-02
  4.3694e+01   5.79e-02
  4.4447e+01   5.60e-02
  4.5213e+01   5.41e-02
  4.5993e+01   5.23e-02
  4.6786e+01   5.06e-02
  4.7592e+01   4.88e-02
  4.8412e+01   4.72e-02
  4.9247e+01   4.56e-02
  5.0096e+01   4.41e-02
  5.0960e+01   4.26e-02
  5.1838e+01   4.11e-02
  5.2732e+01   3.97e-02
  5.3641e+01   3.83e-02
  5.4565e+01   3.69e-02
  5.5506e+01   3.57e-02
  5.6463e+01   3.44e-02
  5.7436e+01   3.32e-02
  5.8426e+01   3.20e-02
  5.9433e+01   3.09e-02
  6.0458e+01   2.98e-02
  6.1500e+01   2.87e-02
  6.2560e+01   2.77e-02
  6.3639e+01   2.67e-02
  6.4736e+01   2.57e-02
  6.5852e+01   2.48e-02
  6.6987e+01   2.39e-02
  6.8142e+01   2.30e-02
  6.9316e+01   2.21e-02
  7.0511e+01   2.13e-02
  7.1727e+01   2.05e-02
  7.2963e+01   1.98e-02
  7.4221e+01   1.90e-02
  7.5500e+01   1.83e-02
  7.6802e+01   1.76e-02
  7.8126e+01   1.69e-02
  7.9472e+01   1.63e-02
  8.0842e+01   1.57e-02
  8.2236e+01   1.51e-02
  8.3654e+01   1.45e-02
  8.5096e+01   1.39e-02
  8.6563e+01   1.34e-02
  8.8055e+01   1.29e-02
  8.9573e+01   1.24e-02
  9.1117e+01   1.19e-02
  9.2687e+01   1.14e-02
  9.4285e+01   1.09e-02
  9.5911e+01   1.05e-02
  9.7564e+01   1.00e-02
  9.9246e+01   9.65e-03
  1.0096e+02   9.25e-03
  1.0270e+02   8.87e-03
  1.0447e+02   8.50e-03
  1.0627e+02   8.13e-03
  1.0810e+02   7.79e-03
  1.0996e+02   7.47e-03
  1.1186e+02   7.16e-03
  1.1379e+02   6.85e-03
  1.1575e+02   6.56e-03
  1.1774e+02   6.27e-03
  1.1977e+02   5.99e-03
  1.2184e+02   5.73e-03
  1.2394e+02   5.49e-03
  1.2608e+02   5.25e-03
  1.2825e+02   5.02e-03
  1.3046e+02   4.79e-03
  1.3271e+02   4.57e-03
  1.3500e+02   4.36e-03
  1.3732e+02   4.17e-03
  1.3969e+02   3.98e-03
  1.4210e+02   3.80e-03
  1.4455e+02   3.63e-03
  1.4704e+02   3.46e-03
  1.4957e+02   3.29e-03
  1.5215e+02   3.13e-03
  1.5478e+02   2.99e-03
  1.5744e+02   2.85e-03
  1.6016e+02   2.72e-03
  1.6292e+02   2.59e-03
  1.6573e+02   2.46e-03
  1.6858e+02   2.34e-03
  1.7149e+02   2.22e-03
  1.7445e+02   2.11e-03
  1.7745e+02   2.01e-03
  1.8051e+02   1.91e-03
  1.8362e+02   1.81e-03
  1.8679e+02   1.72e-03
  1.9001e+02   1.63e-03
  1.9328e+02   1.55e-03
  1.9662e+02   1.47e-03
  2.0001e+02   1.40e-03
  2.0345e+02   1.32e-03
  2.0696e+02   1.25e-03
  2.1053e+02   1.19e-03
  2.1416e+02   1.12e-03
  2.1785e+02   1.06e-03
  2.2160e+02   1.01e-03
  2.2543e+02   9.54e-04
  2.2931e+02   9.03e-04
  2.3326e+02   8.53e-04
  2.3729e+02   8.04e-04
  2.4138e+02   7.58e-04
  2.4554e+02   7.19e-04
  2.4977e+02   6.80e-04
  2.5407e+02   6.43e-04
  2.5845e+02   6.07e-04
  2.6291e+02   5.71e-04
  2.6744e+02   5.37e-04
  2.7205e+02   5.07e-04
  2.7674e+02   4.79e-04
  2.8151e+02   4.53e-04
  2.8637e+02   4.27e-04
  2.9130e+02   4.02e-04
  2.9632e+02   3.78e-04
  3.0143e+02   3.55e-04
  3.0663e+02   3.35e-04
  3.1191e+02   3.17e-04
  3.1729e+02   2.99e-04
  3.2276e+02   2.81e-04
  3.2832e+02   2.65e-04
  3.3398e+02   2.48e-04
  3.3974e+02   2.33e-04
  3.4560e+02   2.20e-04
  3.5155e+02   2.08e-04
  3.5761e+02   1.96e-04
  3.6378e+02   1.85e-04
  3.7005e+02   1.74e-04
  3.7643e+02   1.64e-04
  3.8292e+02   1.54e-04
  3.8952e+02   1.46e-04
  3.9623e+02   1.38e-04
  4.0306e+02   1.31e-04
  4.1001e+02   1.24e-04
  4.1708e+02   1.17e-04
  4.2427e+02   1.10e-04
  4.3158e+02   1.04e-04
  4.3902e+02   9.95e-05
  4.4659e+02   9.47e-05
  4.5429e+02   9.00e-05
  4.6212e+02   8.56e-05
  4.7009e+02   8.12e-05
  4.7819e+02   7.70e-05
  4.8643e+02   7.37e-05
  4.9482e+02   7.06e-05
  5.0335e+02   6.77e-05
  5.1203e+02   6.48e-05
  5.2085e+02   6.20e-05
  5.2983e+02   5.93e-05
  5.3897e+02   5.67e-05
  5.4826e+02   5.50e-05
  5.5771e+02   5.33e-05
  5.6732e+02   5.17e-05
  5.7710e+02   5.02e-05
  5.8705e+02   4.86e-05
  5.9717e+02   4.71e-05
  6.0746e+02   4.59e-05
  6.1793e+02   4.51e-05
  6.2859e+02   4.43e-05
  6.3942e+02   4.36e-05
  6.5045e+02   4.28e-05
  6.6166e+02   4.20e-05
  6.7306e+02   4.13e-05
  6.8467e+02   4.09e-05
  6.9647e+02   4.07e-05
  7.0847e+02   4.04e-05
  7.2069e+02   4.02e-05
  7.3311e+02   3.99e-05
  7.4575e+02   3.96e-05
  7.5860e+02   3.94e-05
  7.7168e+02   3.52e-05
  7.8498e+02   3.07e-05
  7.9852e+02   2.63e-05
  8.1228e+02   2.21e-05
  8.2628e+02   1.80e-05
  8.4053e+02   1.42e-05
  8.5502e+02   1.07e-05
  8.6976e+02   8.98e-06
  8.8475e+02   7.31e-06
  9.0000e+02   5.71e-06
