#  E [MeV]   Flux [# cm^{-2} s^{-1}  MeV^{-1}]
  3.0000e+04   1.75e-20
  3.1123e+04   1.68e-20
  3.2288e+04   1.62e-20
  3.3497e+04   1.56e-20
  3.4751e+04   1.50e-20
  3.6051e+04   1.44e-20
  3.7401e+04   1.38e-20
  3.8801e+04   1.33e-20
  4.0253e+04   1.28e-20
  4.1760e+04   1.23e-20
  4.3324e+04   1.18e-20
  4.4945e+04   1.13e-20
  4.6628e+04   1.09e-20
  4.8373e+04   1.05e-20
  5.0184e+04   1.00e-20
  5.2063e+04   9.65e-21
  5.4011e+04   9.26e-21
  5.6033e+04   8.89e-21
  5.8131e+04   8.54e-21
  6.0307e+04   8.19e-21
  6.2564e+04   7.86e-21
  6.4906e+04   7.54e-21
  6.7336e+04   7.24e-21
  6.9857e+04   6.94e-21
  7.2472e+04   6.66e-21
  7.5184e+04   6.38e-21
  7.7999e+04   6.12e-21
  8.0919e+04   5.86e-21
  8.3948e+04   5.62e-21
  8.7090e+04   5.38e-21
  9.0350e+04   5.15e-21
  9.3732e+04   4.93e-21
  9.7241e+04   4.72e-21
  1.0088e+05   4.51e-21
  1.0466e+05   4.32e-21
  1.0858e+05   4.13e-21
  1.1264e+05   3.95e-21
  1.1686e+05   3.77e-21
  1.2123e+05   3.60e-21
  1.2577e+05   3.44e-21
  1.3048e+05   3.28e-21
  1.3536e+05   3.13e-21
  1.4043e+05   2.99e-21
  1.4568e+05   2.85e-21
  1.5114e+05   2.71e-21
  1.5680e+05   2.58e-21
  1.6266e+05   2.45e-21
  1.6875e+05   2.33e-21
  1.7507e+05   2.22e-21
  1.8162e+05   2.11e-21
  1.8842e+05   2.00e-21
  1.9548e+05   1.90e-21
  2.0279e+05   1.80e-21
  2.1039e+05   1.70e-21
  2.1826e+05   1.61e-21
  2.2643e+05   1.52e-21
  2.3491e+05   1.44e-21
  2.4370e+05   1.36e-21
  2.5282e+05   1.28e-21
  2.6229e+05   1.21e-21
  2.7211e+05   1.14e-21
  2.8229e+05   1.07e-21
  2.9286e+05   1.00e-21
  3.0382e+05   9.42e-22
  3.1519e+05   8.83e-22
  3.2699e+05   8.27e-22
  3.3923e+05   7.73e-22
  3.5193e+05   7.22e-22
  3.6511e+05   6.73e-22
  3.7877e+05   6.28e-22
  3.9295e+05   5.84e-22
  4.0766e+05   5.43e-22
  4.2292e+05   5.04e-22
  4.3875e+05   4.68e-22
  4.5518e+05   4.33e-22
  4.7222e+05   4.01e-22
  4.8989e+05   3.71e-22
  5.0823e+05   3.42e-22
  5.2726e+05   3.16e-22
  5.4699e+05   2.91e-22
  5.6747e+05   2.67e-22
  5.8871e+05   2.46e-22
  6.1075e+05   2.26e-22
  6.3361e+05   2.07e-22
  6.5733e+05   1.90e-22
  6.8194e+05   1.74e-22
  7.0746e+05   1.60e-22
  7.3395e+05   1.46e-22
  7.6142e+05   1.34e-22
  7.8992e+05   1.22e-22
  8.1949e+05   1.12e-22
  8.5017e+05   1.02e-22
  8.8199e+05   9.32e-23
  9.1501e+05   8.51e-23
  9.4926e+05   7.77e-23
  9.8479e+05   7.09e-23
  1.0217e+06   6.47e-23
  1.0599e+06   5.90e-23
  1.0996e+06   5.39e-23
  1.1407e+06   4.91e-23
  1.1834e+06   4.48e-23
  1.2277e+06   4.08e-23
  1.2737e+06   3.72e-23
  1.3214e+06   3.39e-23
  1.3708e+06   3.09e-23
  1.4222e+06   2.82e-23
  1.4754e+06   2.57e-23
  1.5306e+06   2.34e-23
  1.5879e+06   2.13e-23
  1.6474e+06   1.94e-23
  1.7090e+06   1.77e-23
  1.7730e+06   1.61e-23
  1.8394e+06   1.47e-23
  1.9082e+06   1.34e-23
  1.9797e+06   1.22e-23
  2.0538e+06   1.10e-23
  2.1306e+06   1.00e-23
  2.2104e+06   9.12e-24
  2.2931e+06   8.27e-24
  2.3790e+06   7.49e-24
  2.4680e+06   6.79e-24
  2.5604e+06   6.14e-24
  2.6563e+06   5.55e-24
  2.7557e+06   5.01e-24
  2.8589e+06   4.52e-24
  2.9659e+06   4.06e-24
  3.0769e+06   3.66e-24
  3.1921e+06   3.28e-24
  3.3116e+06   2.94e-24
  3.4355e+06   2.63e-24
  3.5641e+06   2.35e-24
  3.6976e+06   2.09e-24
  3.8360e+06   1.87e-24
  3.9796e+06   1.66e-24
  4.1285e+06   1.46e-24
  4.2831e+06   1.29e-24
  4.4434e+06   1.14e-24
  4.6097e+06   9.98e-25
  4.7823e+06   8.75e-25
  4.9613e+06   7.64e-25
  5.1470e+06   6.63e-25
  5.3397e+06   5.75e-25
  5.5396e+06   4.98e-25
  5.7470e+06   4.27e-25
  5.9621e+06   3.66e-25
  6.1853e+06   3.13e-25
  6.4168e+06   2.65e-25
  6.6570e+06   2.23e-25
  6.9062e+06   1.88e-25
  7.1647e+06   1.57e-25
  7.4329e+06   1.30e-25
  7.7112e+06   1.07e-25
  7.9998e+06   8.78e-26
  8.2993e+06   7.10e-26
  8.6100e+06   5.74e-26
  8.9323e+06   4.58e-26
  9.2666e+06   3.59e-26
  9.6135e+06   2.83e-26
  9.9734e+06   2.19e-26
  1.0347e+07   1.66e-26
  1.0734e+07   1.26e-26
  1.1136e+07   9.36e-27
  1.1553e+07   6.79e-27
  1.1985e+07   4.89e-27
  1.2434e+07   3.45e-27
  1.2899e+07   2.36e-27
  1.3382e+07   1.59e-27
  1.3883e+07   1.05e-27
  1.4403e+07   6.63e-28
  1.4942e+07   4.09e-28
  1.5501e+07   2.44e-28
  1.6081e+07   1.39e-28
  1.6683e+07   7.56e-29
  1.7308e+07   3.95e-29
  1.7956e+07   1.93e-29
  1.8628e+07   8.78e-30
  1.9325e+07   3.77e-30
  2.0049e+07   1.47e-30
  2.0799e+07   5.19e-31
  2.1578e+07   1.68e-31
  2.2386e+07   4.72e-32
  2.3224e+07   1.14e-32
  2.4093e+07   2.39e-33
  2.4995e+07   4.09e-34
  2.5930e+07   5.53e-35
  2.6901e+07   5.89e-36
  2.7908e+07   4.59e-37
  2.8953e+07   2.46e-38
  3.0037e+07   8.72e-40
  3.1161e+07   1.86e-41
  3.2327e+07   2.12e-43
  3.3537e+07   1.18e-45
  3.4793e+07   2.71e-48
  3.6095e+07   2.11e-51
  3.7446e+07   4.43e-55
  3.8848e+07   1.86e-59
  4.0302e+07   1.05e-64
  4.1811e+07   3.08e-67
  4.3376e+07   2.89e-67
  4.5000e+07   2.71e-67
