#  E [GeV]   # per interaction  [GeV^{-1}]
  3.0000e+01   7.69e-01
  3.0962e+01   7.38e-01
  3.1955e+01   7.09e-01
  3.2979e+01   6.81e-01
  3.4037e+01   6.53e-01
  3.5128e+01   6.27e-01
  3.6254e+01   6.02e-01
  3.7417e+01   5.78e-01
  3.8616e+01   5.54e-01
  3.9855e+01   5.32e-01
  4.1132e+01   5.10e-01
  4.2451e+01   4.90e-01
  4.3812e+01   4.70e-01
  4.5217e+01   4.50e-01
  4.6667e+01   4.32e-01
  4.8163e+01   4.14e-01
  4.9707e+01   3.97e-01
  5.1301e+01   3.81e-01
  5.2946e+01   3.65e-01
  5.4644e+01   3.50e-01
  5.6396e+01   3.35e-01
  5.8204e+01   3.21e-01
  6.0070e+01   3.08e-01
  6.1996e+01   2.95e-01
  6.3984e+01   2.83e-01
  6.6035e+01   2.71e-01
  6.8153e+01   2.59e-01
  7.0338e+01   2.48e-01
  7.2593e+01   2.38e-01
  7.4921e+01   2.28e-01
  7.7323e+01   2.18e-01
  7.9802e+01   2.09e-01
  8.2361e+01   2.00e-01
  8.5002e+01   1.91e-01
  8.7727e+01   1.83e-01
  9.0540e+01   1.75e-01
  9.3443e+01   1.68e-01
  9.6439e+01   1.60e-01
  9.9531e+01   1.53e-01
  1.0272e+02   1.47e-01
  1.0602e+02   1.40e-01
  1.0942e+02   1.34e-01
  1.1292e+02   1.28e-01
  1.1654e+02   1.22e-01
  1.2028e+02   1.17e-01
  1.2414e+02   1.12e-01
  1.2812e+02   1.07e-01
  1.3223e+02   1.02e-01
  1.3646e+02   9.72e-02
  1.4084e+02   9.28e-02
  1.4536e+02   8.85e-02
  1.5002e+02   8.44e-02
  1.5483e+02   8.05e-02
  1.5979e+02   7.67e-02
  1.6491e+02   7.30e-02
  1.7020e+02   6.96e-02
  1.7566e+02   6.62e-02
  1.8129e+02   6.30e-02
  1.8710e+02   5.99e-02
  1.9310e+02   5.70e-02
  1.9929e+02   5.41e-02
  2.0568e+02   5.14e-02
  2.1228e+02   4.88e-02
  2.1909e+02   4.63e-02
  2.2611e+02   4.39e-02
  2.3336e+02   4.16e-02
  2.4084e+02   3.94e-02
  2.4856e+02   3.73e-02
  2.5653e+02   3.54e-02
  2.6476e+02   3.35e-02
  2.7325e+02   3.17e-02
  2.8201e+02   3.00e-02
  2.9105e+02   2.84e-02
  3.0038e+02   2.69e-02
  3.1002e+02   2.55e-02
  3.1996e+02   2.41e-02
  3.3021e+02   2.28e-02
  3.4080e+02   2.15e-02
  3.5173e+02   2.04e-02
  3.6301e+02   1.92e-02
  3.7465e+02   1.82e-02
  3.8666e+02   1.71e-02
  3.9905e+02   1.62e-02
  4.1185e+02   1.52e-02
  4.2506e+02   1.44e-02
  4.3868e+02   1.35e-02
  4.5275e+02   1.27e-02
  4.6727e+02   1.20e-02
  4.8225e+02   1.13e-02
  4.9771e+02   1.06e-02
  5.1367e+02   9.93e-03
  5.3014e+02   9.33e-03
  5.4714e+02   8.75e-03
  5.6468e+02   8.20e-03
  5.8278e+02   7.69e-03
  6.0147e+02   7.20e-03
  6.2075e+02   6.74e-03
  6.4066e+02   6.30e-03
  6.6120e+02   5.89e-03
  6.8240e+02   5.51e-03
  7.0428e+02   5.14e-03
  7.2686e+02   4.80e-03
  7.5017e+02   4.47e-03
  7.7422e+02   4.17e-03
  7.9904e+02   3.88e-03
  8.2466e+02   3.61e-03
  8.5110e+02   3.35e-03
  8.7839e+02   3.11e-03
  9.0656e+02   2.89e-03
  9.3562e+02   2.68e-03
  9.6562e+02   2.48e-03
  9.9658e+02   2.29e-03
  1.0285e+03   2.12e-03
  1.0615e+03   1.96e-03
  1.0956e+03   1.81e-03
  1.1307e+03   1.67e-03
  1.1669e+03   1.54e-03
  1.2043e+03   1.42e-03
  1.2430e+03   1.30e-03
  1.2828e+03   1.20e-03
  1.3239e+03   1.10e-03
  1.3664e+03   1.01e-03
  1.4102e+03   9.24e-04
  1.4554e+03   8.49e-04
  1.5021e+03   7.77e-04
  1.5502e+03   7.09e-04
  1.6000e+03   6.46e-04
  1.6513e+03   5.90e-04
  1.7042e+03   5.37e-04
  1.7588e+03   4.86e-04
  1.8152e+03   4.42e-04
  1.8734e+03   4.02e-04
  1.9335e+03   3.63e-04
  1.9955e+03   3.27e-04
  2.0595e+03   2.97e-04
  2.1255e+03   2.69e-04
  2.1937e+03   2.41e-04
  2.2640e+03   2.17e-04
  2.3366e+03   1.96e-04
  2.4115e+03   1.76e-04
  2.4888e+03   1.57e-04
  2.5686e+03   1.41e-04
  2.6510e+03   1.27e-04
  2.7360e+03   1.13e-04
  2.8237e+03   1.00e-04
  2.9142e+03   9.00e-05
  3.0077e+03   8.02e-05
  3.1041e+03   7.10e-05
  3.2036e+03   6.30e-05
  3.3064e+03   5.61e-05
  3.4124e+03   4.96e-05
  3.5218e+03   4.34e-05
  3.6347e+03   3.86e-05
  3.7512e+03   3.41e-05
  3.8715e+03   2.99e-05
  3.9957e+03   2.61e-05
  4.1238e+03   2.31e-05
  4.2560e+03   2.03e-05
  4.3924e+03   1.77e-05
  4.5333e+03   1.55e-05
  4.6786e+03   1.36e-05
  4.8286e+03   1.19e-05
  4.9835e+03   1.02e-05
  5.1433e+03   8.98e-06
  5.3082e+03   7.86e-06
  5.4784e+03   6.79e-06
  5.6540e+03   5.85e-06
  5.8353e+03   5.14e-06
  6.0224e+03   4.47e-06
  6.2155e+03   3.83e-06
  6.4148e+03   3.33e-06
  6.6205e+03   2.91e-06
  6.8327e+03   2.52e-06
  7.0518e+03   2.15e-06
  7.2779e+03   1.89e-06
  7.5113e+03   1.65e-06
  7.7521e+03   1.43e-06
  8.0007e+03   1.24e-06
  8.2572e+03   1.09e-06
  8.5219e+03   9.59e-07
  8.7952e+03   8.31e-07
  9.0772e+03   7.32e-07
  9.3682e+03   6.50e-07
  9.6686e+03   5.72e-07
  9.9786e+03   4.99e-07
  1.0299e+04   4.49e-07
  1.0629e+04   4.03e-07
  1.0970e+04   3.59e-07
  1.1321e+04   3.21e-07
  1.1684e+04   2.91e-07
  1.2059e+04   2.63e-07
  1.2446e+04   2.36e-07
  1.2845e+04   2.13e-07
  1.3256e+04   1.92e-07
  1.3681e+04   1.72e-07
  1.4120e+04   1.54e-07
  1.4573e+04   1.38e-07
  1.5040e+04   1.22e-07
  1.5522e+04   1.08e-07
  1.6020e+04   9.54e-08
