#  E [MeV]   Flux [# cm^{-2} s^{-1}  MeV^{-1}]
  3.0000e+04   2.40e-23
  3.0962e+04   2.30e-23
  3.1955e+04   2.21e-23
  3.2979e+04   2.12e-23
  3.4037e+04   2.04e-23
  3.5128e+04   1.96e-23
  3.6254e+04   1.88e-23
  3.7417e+04   1.80e-23
  3.8616e+04   1.73e-23
  3.9855e+04   1.66e-23
  4.1132e+04   1.59e-23
  4.2451e+04   1.53e-23
  4.3812e+04   1.46e-23
  4.5217e+04   1.40e-23
  4.6667e+04   1.35e-23
  4.8163e+04   1.29e-23
  4.9707e+04   1.24e-23
  5.1301e+04   1.19e-23
  5.2946e+04   1.14e-23
  5.4644e+04   1.09e-23
  5.6396e+04   1.05e-23
  5.8204e+04   1.00e-23
  6.0070e+04   9.60e-24
  6.1996e+04   9.20e-24
  6.3984e+04   8.81e-24
  6.6035e+04   8.44e-24
  6.8153e+04   8.09e-24
  7.0338e+04   7.74e-24
  7.2593e+04   7.42e-24
  7.4921e+04   7.10e-24
  7.7323e+04   6.80e-24
  7.9802e+04   6.51e-24
  8.2361e+04   6.23e-24
  8.5002e+04   5.97e-24
  8.7727e+04   5.71e-24
  9.0540e+04   5.46e-24
  9.3443e+04   5.23e-24
  9.6439e+04   5.00e-24
  9.9531e+04   4.78e-24
  1.0272e+05   4.57e-24
  1.0602e+05   4.37e-24
  1.0942e+05   4.18e-24
  1.1292e+05   4.00e-24
  1.1654e+05   3.82e-24
  1.2028e+05   3.65e-24
  1.2414e+05   3.48e-24
  1.2812e+05   3.33e-24
  1.3223e+05   3.18e-24
  1.3646e+05   3.03e-24
  1.4084e+05   2.89e-24
  1.4536e+05   2.76e-24
  1.5002e+05   2.63e-24
  1.5483e+05   2.51e-24
  1.5979e+05   2.39e-24
  1.6491e+05   2.28e-24
  1.7020e+05   2.17e-24
  1.7566e+05   2.06e-24
  1.8129e+05   1.96e-24
  1.8710e+05   1.87e-24
  1.9310e+05   1.78e-24
  1.9929e+05   1.69e-24
  2.0568e+05   1.60e-24
  2.1228e+05   1.52e-24
  2.1909e+05   1.44e-24
  2.2611e+05   1.37e-24
  2.3336e+05   1.30e-24
  2.4084e+05   1.23e-24
  2.4856e+05   1.16e-24
  2.5653e+05   1.10e-24
  2.6476e+05   1.04e-24
  2.7325e+05   9.89e-25
  2.8201e+05   9.36e-25
  2.9105e+05   8.87e-25
  3.0038e+05   8.39e-25
  3.1002e+05   7.94e-25
  3.1996e+05   7.51e-25
  3.3021e+05   7.11e-25
  3.4080e+05   6.72e-25
  3.5173e+05   6.35e-25
  3.6301e+05   6.00e-25
  3.7465e+05   5.66e-25
  3.8666e+05   5.34e-25
  3.9905e+05   5.04e-25
  4.1185e+05   4.75e-25
  4.2506e+05   4.48e-25
  4.3868e+05   4.21e-25
  4.5275e+05   3.97e-25
  4.6727e+05   3.73e-25
  4.8225e+05   3.51e-25
  4.9771e+05   3.30e-25
  5.1367e+05   3.10e-25
  5.3014e+05   2.91e-25
  5.4714e+05   2.73e-25
  5.6468e+05   2.56e-25
  5.8278e+05   2.40e-25
  6.0147e+05   2.24e-25
  6.2075e+05   2.10e-25
  6.4066e+05   1.96e-25
  6.6120e+05   1.84e-25
  6.8240e+05   1.72e-25
  7.0428e+05   1.60e-25
  7.2686e+05   1.50e-25
  7.5017e+05   1.39e-25
  7.7422e+05   1.30e-25
  7.9904e+05   1.21e-25
  8.2466e+05   1.13e-25
  8.5110e+05   1.05e-25
  8.7839e+05   9.70e-26
  9.0656e+05   9.00e-26
  9.3562e+05   8.35e-26
  9.6562e+05   7.74e-26
  9.9658e+05   7.15e-26
  1.0285e+06   6.62e-26
  1.0615e+06   6.12e-26
  1.0956e+06   5.65e-26
  1.1307e+06   5.21e-26
  1.1669e+06   4.81e-26
  1.2043e+06   4.43e-26
  1.2430e+06   4.07e-26
  1.2828e+06   3.74e-26
  1.3239e+06   3.44e-26
  1.3664e+06   3.15e-26
  1.4102e+06   2.88e-26
  1.4554e+06   2.65e-26
  1.5021e+06   2.42e-26
  1.5502e+06   2.21e-26
  1.6000e+06   2.01e-26
  1.6513e+06   1.84e-26
  1.7042e+06   1.67e-26
  1.7588e+06   1.52e-26
  1.8152e+06   1.38e-26
  1.8734e+06   1.25e-26
  1.9335e+06   1.13e-26
  1.9955e+06   1.02e-26
  2.0595e+06   9.26e-27
  2.1255e+06   8.37e-27
  2.1937e+06   7.52e-27
  2.2640e+06   6.77e-27
  2.3366e+06   6.11e-27
  2.4115e+06   5.49e-27
  2.4888e+06   4.90e-27
  2.5686e+06   4.40e-27
  2.6510e+06   3.95e-27
  2.7360e+06   3.52e-27
  2.8237e+06   3.13e-27
  2.9142e+06   2.80e-27
  3.0077e+06   2.50e-27
  3.1041e+06   2.21e-27
  3.2036e+06   1.96e-27
  3.3064e+06   1.75e-27
  3.4124e+06   1.55e-27
  3.5218e+06   1.35e-27
  3.6347e+06   1.20e-27
  3.7512e+06   1.06e-27
  3.8715e+06   9.33e-28
  3.9957e+06   8.14e-28
  4.1238e+06   7.22e-28
  4.2560e+06   6.34e-28
  4.3924e+06   5.51e-28
  4.5333e+06   4.82e-28
  4.6786e+06   4.24e-28
  4.8286e+06   3.70e-28
  4.9835e+06   3.18e-28
  5.1433e+06   2.80e-28
  5.3082e+06   2.45e-28
  5.4784e+06   2.12e-28
  5.6540e+06   1.82e-28
  5.8353e+06   1.60e-28
  6.0224e+06   1.39e-28
  6.2155e+06   1.20e-28
  6.4148e+06   1.04e-28
  6.6205e+06   9.08e-29
  6.8327e+06   7.85e-29
  7.0518e+06   6.70e-29
  7.2779e+06   5.90e-29
  7.5113e+06   5.16e-29
  7.7521e+06   4.46e-29
  8.0007e+06   3.86e-29
  8.2572e+06   3.41e-29
  8.5219e+06   2.99e-29
  8.7952e+06   2.59e-29
  9.0772e+06   2.28e-29
  9.3682e+06   2.03e-29
  9.6686e+06   1.78e-29
  9.9786e+06   1.56e-29
  1.0299e+07   1.40e-29
  1.0629e+07   1.26e-29
  1.0970e+07   1.12e-29
  1.1321e+07   1.00e-29
  1.1684e+07   9.07e-30
  1.2059e+07   8.18e-30
  1.2446e+07   7.35e-30
  1.2845e+07   6.64e-30
  1.3256e+07   5.99e-30
  1.3681e+07   5.37e-30
  1.4120e+07   4.80e-30
  1.4573e+07   4.29e-30
  1.5040e+07   3.81e-30
  1.5522e+07   3.36e-30
  1.6020e+07   2.98e-30
