#  E [MeV]   Flux [# cm^{-2} s^{-1}  MeV^{-1}]
  3.0000e+04   1.61e-21
  3.0517e+04   1.56e-21
  3.1043e+04   1.51e-21
  3.1578e+04   1.46e-21
  3.2123e+04   1.42e-21
  3.2676e+04   1.37e-21
  3.3240e+04   1.33e-21
  3.3813e+04   1.28e-21
  3.4396e+04   1.24e-21
  3.4989e+04   1.20e-21
  3.5592e+04   1.16e-21
  3.6205e+04   1.12e-21
  3.6829e+04   1.09e-21
  3.7464e+04   1.05e-21
  3.8110e+04   1.02e-21
  3.8767e+04   9.81e-22
  3.9435e+04   9.48e-22
  4.0115e+04   9.15e-22
  4.0807e+04   8.84e-22
  4.1510e+04   8.54e-22
  4.2226e+04   8.24e-22
  4.2953e+04   7.95e-22
  4.3694e+04   7.67e-22
  4.4447e+04   7.40e-22
  4.5213e+04   7.14e-22
  4.5993e+04   6.88e-22
  4.6786e+04   6.64e-22
  4.7592e+04   6.40e-22
  4.8412e+04   6.16e-22
  4.9247e+04   5.93e-22
  5.0096e+04   5.71e-22
  5.0960e+04   5.50e-22
  5.1838e+04   5.30e-22
  5.2732e+04   5.10e-22
  5.3641e+04   4.90e-22
  5.4565e+04   4.71e-22
  5.5506e+04   4.53e-22
  5.6463e+04   4.36e-22
  5.7436e+04   4.19e-22
  5.8426e+04   4.03e-22
  5.9433e+04   3.87e-22
  6.0458e+04   3.71e-22
  6.1500e+04   3.56e-22
  6.2560e+04   3.42e-22
  6.3639e+04   3.28e-22
  6.4736e+04   3.15e-22
  6.5852e+04   3.02e-22
  6.6987e+04   2.90e-22
  6.8142e+04   2.78e-22
  6.9316e+04   2.66e-22
  7.0511e+04   2.54e-22
  7.1727e+04   2.44e-22
  7.2963e+04   2.34e-22
  7.4221e+04   2.24e-22
  7.5500e+04   2.14e-22
  7.6802e+04   2.05e-22
  7.8126e+04   1.96e-22
  7.9472e+04   1.87e-22
  8.0842e+04   1.79e-22
  8.2236e+04   1.71e-22
  8.3654e+04   1.63e-22
  8.5096e+04   1.56e-22
  8.6563e+04   1.49e-22
  8.8055e+04   1.42e-22
  8.9573e+04   1.35e-22
  9.1117e+04   1.29e-22
  9.2687e+04   1.23e-22
  9.4285e+04   1.17e-22
  9.5911e+04   1.11e-22
  9.7564e+04   1.06e-22
  9.9246e+04   1.00e-22
  1.0096e+05   9.56e-23
  1.0270e+05   9.10e-23
  1.0447e+05   8.65e-23
  1.0627e+05   8.22e-23
  1.0810e+05   7.80e-23
  1.0996e+05   7.39e-23
  1.1186e+05   7.00e-23
  1.1379e+05   6.65e-23
  1.1575e+05   6.32e-23
  1.1774e+05   5.99e-23
  1.1977e+05   5.68e-23
  1.2184e+05   5.37e-23
  1.2394e+05   5.07e-23
  1.2608e+05   4.80e-23
  1.2825e+05   4.55e-23
  1.3046e+05   4.31e-23
  1.3271e+05   4.08e-23
  1.3500e+05   3.85e-23
  1.3732e+05   3.63e-23
  1.3969e+05   3.41e-23
  1.4210e+05   3.22e-23
  1.4455e+05   3.05e-23
  1.4704e+05   2.88e-23
  1.4957e+05   2.72e-23
  1.5215e+05   2.56e-23
  1.5478e+05   2.40e-23
  1.5744e+05   2.25e-23
  1.6016e+05   2.13e-23
  1.6292e+05   2.01e-23
  1.6573e+05   1.89e-23
  1.6858e+05   1.78e-23
  1.7149e+05   1.67e-23
  1.7445e+05   1.56e-23
  1.7745e+05   1.46e-23
  1.8051e+05   1.38e-23
  1.8362e+05   1.29e-23
  1.8679e+05   1.21e-23
  1.9001e+05   1.14e-23
  1.9328e+05   1.06e-23
  1.9662e+05   9.88e-24
  2.0001e+05   9.23e-24
  2.0345e+05   8.67e-24
  2.0696e+05   8.13e-24
  2.1053e+05   7.60e-24
  2.1416e+05   7.09e-24
  2.1785e+05   6.60e-24
  2.2160e+05   6.12e-24
  2.2543e+05   5.71e-24
  2.2931e+05   5.35e-24
  2.3326e+05   5.00e-24
  2.3729e+05   4.66e-24
  2.4138e+05   4.33e-24
  2.4554e+05   4.01e-24
  2.4977e+05   3.70e-24
  2.5407e+05   3.46e-24
  2.5845e+05   3.23e-24
  2.6291e+05   3.01e-24
  2.6744e+05   2.79e-24
  2.7205e+05   2.59e-24
  2.7674e+05   2.38e-24
  2.8151e+05   2.20e-24
  2.8637e+05   2.05e-24
  2.9130e+05   1.91e-24
  2.9632e+05   1.77e-24
  3.0143e+05   1.64e-24
  3.0663e+05   1.51e-24
  3.1191e+05   1.38e-24
  3.1729e+05   1.28e-24
  3.2276e+05   1.19e-24
  3.2832e+05   1.10e-24
  3.3398e+05   1.02e-24
  3.3974e+05   9.38e-25
  3.4560e+05   8.60e-25
  3.5155e+05   7.85e-25
  3.5761e+05   7.25e-25
  3.6378e+05   6.73e-25
  3.7005e+05   6.23e-25
  3.7643e+05   5.74e-25
  3.8292e+05   5.26e-25
  3.8952e+05   4.80e-25
  3.9623e+05   4.35e-25
  4.0306e+05   4.05e-25
  4.1001e+05   3.75e-25
  4.1708e+05   3.46e-25
  4.2427e+05   3.18e-25
  4.3158e+05   2.91e-25
  4.3902e+05   2.65e-25
  4.4659e+05   2.41e-25
  4.5429e+05   2.24e-25
  4.6212e+05   2.07e-25
  4.7009e+05   1.91e-25
  4.7819e+05   1.75e-25
  4.8643e+05   1.60e-25
  4.9482e+05   1.45e-25
  5.0335e+05   1.33e-25
  5.1203e+05   1.24e-25
  5.2085e+05   1.15e-25
  5.2983e+05   1.06e-25
  5.3897e+05   9.69e-26
  5.4826e+05   8.85e-26
  5.5771e+05   8.03e-26
  5.6732e+05   7.46e-26
  5.7710e+05   6.96e-26
  5.8705e+05   6.47e-26
  5.9717e+05   6.01e-26
  6.0746e+05   5.55e-26
  6.1793e+05   5.11e-26
  6.2859e+05   4.69e-26
  6.3942e+05   4.42e-26
  6.5045e+05   4.16e-26
  6.6166e+05   3.90e-26
  6.7306e+05   3.65e-26
  6.8467e+05   3.41e-26
  6.9647e+05   3.18e-26
  7.0847e+05   2.97e-26
  7.2069e+05   2.81e-26
  7.3311e+05   2.66e-26
  7.4575e+05   2.52e-26
  7.5860e+05   2.38e-26
  7.7168e+05   2.24e-26
  7.8498e+05   2.11e-26
  7.9852e+05   1.99e-26
  8.1228e+05   1.89e-26
  8.2628e+05   1.79e-26
  8.4053e+05   1.69e-26
  8.5502e+05   1.59e-26
  8.6976e+05   1.50e-26
  8.8475e+05   1.41e-26
  9.0000e+05   1.35e-26
