#  E [GeV]   # per interaction  [GeV^{-1}]
  3.0000e+01   5.09e-01
  3.1123e+01   4.89e-01
  3.2288e+01   4.70e-01
  3.3497e+01   4.51e-01
  3.4751e+01   4.34e-01
  3.6051e+01   4.16e-01
  3.7401e+01   4.00e-01
  3.8801e+01   3.84e-01
  4.0253e+01   3.69e-01
  4.1760e+01   3.54e-01
  4.3324e+01   3.40e-01
  4.4945e+01   3.26e-01
  4.6628e+01   3.13e-01
  4.8373e+01   3.01e-01
  5.0184e+01   2.88e-01
  5.2063e+01   2.77e-01
  5.4011e+01   2.66e-01
  5.6033e+01   2.55e-01
  5.8131e+01   2.44e-01
  6.0307e+01   2.34e-01
  6.2564e+01   2.25e-01
  6.4906e+01   2.15e-01
  6.7336e+01   2.07e-01
  6.9857e+01   1.98e-01
  7.2472e+01   1.90e-01
  7.5184e+01   1.82e-01
  7.7999e+01   1.74e-01
  8.0919e+01   1.67e-01
  8.3948e+01   1.60e-01
  8.7090e+01   1.53e-01
  9.0350e+01   1.46e-01
  9.3732e+01   1.40e-01
  9.7241e+01   1.34e-01
  1.0088e+02   1.28e-01
  1.0466e+02   1.22e-01
  1.0858e+02   1.17e-01
  1.1264e+02   1.12e-01
  1.1686e+02   1.07e-01
  1.2123e+02   1.02e-01
  1.2577e+02   9.72e-02
  1.3048e+02   9.28e-02
  1.3536e+02   8.85e-02
  1.4043e+02   8.44e-02
  1.4568e+02   8.04e-02
  1.5114e+02   7.66e-02
  1.5680e+02   7.29e-02
  1.6266e+02   6.94e-02
  1.6875e+02   6.60e-02
  1.7507e+02   6.27e-02
  1.8162e+02   5.96e-02
  1.8842e+02   5.66e-02
  1.9548e+02   5.37e-02
  2.0279e+02   5.09e-02
  2.1039e+02   4.82e-02
  2.1826e+02   4.57e-02
  2.2643e+02   4.32e-02
  2.3491e+02   4.09e-02
  2.4370e+02   3.86e-02
  2.5282e+02   3.65e-02
  2.6229e+02   3.44e-02
  2.7211e+02   3.24e-02
  2.8229e+02   3.05e-02
  2.9286e+02   2.87e-02
  3.0382e+02   2.70e-02
  3.1519e+02   2.53e-02
  3.2699e+02   2.38e-02
  3.3923e+02   2.23e-02
  3.5193e+02   2.09e-02
  3.6511e+02   1.95e-02
  3.7877e+02   1.82e-02
  3.9295e+02   1.70e-02
  4.0766e+02   1.59e-02
  4.2292e+02   1.48e-02
  4.3875e+02   1.37e-02
  4.5518e+02   1.28e-02
  4.7222e+02   1.19e-02
  4.8989e+02   1.10e-02
  5.0823e+02   1.02e-02
  5.2726e+02   9.45e-03
  5.4699e+02   8.74e-03
  5.6747e+02   8.08e-03
  5.8871e+02   7.46e-03
  6.1075e+02   6.88e-03
  6.3361e+02   6.34e-03
  6.5733e+02   5.84e-03
  6.8194e+02   5.38e-03
  7.0746e+02   4.95e-03
  7.3395e+02   4.55e-03
  7.6142e+02   4.19e-03
  7.8992e+02   3.85e-03
  8.1949e+02   3.53e-03
  8.5017e+02   3.25e-03
  8.8199e+02   2.98e-03
  9.1501e+02   2.74e-03
  9.4926e+02   2.51e-03
  9.8479e+02   2.30e-03
  1.0217e+03   2.11e-03
  1.0599e+03   1.94e-03
  1.0996e+03   1.78e-03
  1.1407e+03   1.63e-03
  1.1834e+03   1.50e-03
  1.2277e+03   1.37e-03
  1.2737e+03   1.26e-03
  1.3214e+03   1.15e-03
  1.3708e+03   1.06e-03
  1.4222e+03   9.71e-04
  1.4754e+03   8.90e-04
  1.5306e+03   8.17e-04
  1.5879e+03   7.49e-04
  1.6474e+03   6.87e-04
  1.7090e+03   6.30e-04
  1.7730e+03   5.78e-04
  1.8394e+03   5.30e-04
  1.9082e+03   4.86e-04
  1.9797e+03   4.45e-04
  2.0538e+03   4.07e-04
  2.1306e+03   3.73e-04
  2.2104e+03   3.41e-04
  2.2931e+03   3.12e-04
  2.3790e+03   2.85e-04
  2.4680e+03   2.60e-04
  2.5604e+03   2.38e-04
  2.6563e+03   2.16e-04
  2.7557e+03   1.97e-04
  2.8589e+03   1.80e-04
  2.9659e+03   1.63e-04
  3.0769e+03   1.48e-04
  3.1921e+03   1.34e-04
  3.3116e+03   1.21e-04
  3.4355e+03   1.10e-04
  3.5641e+03   9.92e-05
  3.6976e+03   8.92e-05
  3.8360e+03   8.04e-05
  3.9796e+03   7.22e-05
  4.1285e+03   6.45e-05
  4.2831e+03   5.77e-05
  4.4434e+03   5.15e-05
  4.6097e+03   4.57e-05
  4.7823e+03   4.05e-05
  4.9613e+03   3.58e-05
  5.1470e+03   3.15e-05
  5.3397e+03   2.77e-05
  5.5396e+03   2.43e-05
  5.7470e+03   2.11e-05
  5.9621e+03   1.83e-05
  6.1853e+03   1.59e-05
  6.4168e+03   1.37e-05
  6.6570e+03   1.17e-05
  6.9062e+03   1.00e-05
  7.1647e+03   8.47e-06
  7.4329e+03   7.12e-06
  7.7112e+03   5.99e-06
  7.9998e+03   4.98e-06
  8.2993e+03   4.10e-06
  8.6100e+03   3.37e-06
  8.9323e+03   2.74e-06
  9.2666e+03   2.19e-06
  9.6135e+03   1.75e-06
  9.9734e+03   1.38e-06
  1.0347e+04   1.07e-06
  1.0734e+04   8.26e-07
  1.1136e+04   6.28e-07
  1.1553e+04   4.67e-07
  1.1985e+04   3.43e-07
  1.2434e+04   2.48e-07
  1.2899e+04   1.75e-07
  1.3382e+04   1.21e-07
  1.3883e+04   8.18e-08
  1.4403e+04   5.35e-08
  1.4942e+04   3.40e-08
  1.5501e+04   2.11e-08
  1.6081e+04   1.25e-08
  1.6683e+04   7.05e-09
  1.7308e+04   3.86e-09
  1.7956e+04   1.98e-09
  1.8628e+04   9.48e-10
  1.9325e+04   4.34e-10
  2.0049e+04   1.82e-10
  2.0799e+04   6.90e-11
  2.1578e+04   2.43e-11
  2.2386e+04   7.56e-12
  2.3224e+04   2.03e-12
  2.4093e+04   4.79e-13
  2.4995e+04   9.44e-14
  2.5930e+04   1.49e-14
  2.6901e+04   1.88e-15
  2.7908e+04   1.80e-16
  2.8953e+04   1.21e-17
  3.0037e+04   5.54e-19
  3.1161e+04   1.60e-20
  3.2327e+04   2.57e-22
  3.3537e+04   2.11e-24
  3.4793e+04   7.81e-27
  3.6095e+04   1.05e-29
  3.7446e+04   4.11e-33
  3.8848e+04   3.65e-37
  4.0302e+04   4.94e-42
  4.1811e+04   6.43e-48
  4.3376e+04   2.39e-48
  4.5000e+04   1.70e-48
