#  E [MeV]   Flux [# cm^{-2} s^{-1}  MeV^{-1}]
  3.0000e+04   7.87e-25
  3.1141e+04   7.56e-25
  3.2326e+04   7.27e-25
  3.3556e+04   6.98e-25
  3.4832e+04   6.71e-25
  3.6157e+04   6.45e-25
  3.7533e+04   6.19e-25
  3.8961e+04   5.95e-25
  4.0443e+04   5.72e-25
  4.1982e+04   5.49e-25
  4.3579e+04   5.27e-25
  4.5237e+04   5.06e-25
  4.6958e+04   4.86e-25
  4.8744e+04   4.67e-25
  5.0598e+04   4.48e-25
  5.2523e+04   4.31e-25
  5.4521e+04   4.13e-25
  5.6596e+04   3.97e-25
  5.8749e+04   3.81e-25
  6.0984e+04   3.66e-25
  6.3304e+04   3.51e-25
  6.5712e+04   3.37e-25
  6.8212e+04   3.23e-25
  7.0807e+04   3.10e-25
  7.3500e+04   2.97e-25
  7.6297e+04   2.85e-25
  7.9199e+04   2.73e-25
  8.2212e+04   2.62e-25
  8.5340e+04   2.51e-25
  8.8586e+04   2.41e-25
  9.1956e+04   2.30e-25
  9.5455e+04   2.21e-25
  9.9086e+04   2.12e-25
  1.0286e+05   2.03e-25
  1.0677e+05   1.94e-25
  1.1083e+05   1.86e-25
  1.1505e+05   1.78e-25
  1.1942e+05   1.70e-25
  1.2397e+05   1.63e-25
  1.2868e+05   1.55e-25
  1.3358e+05   1.49e-25
  1.3866e+05   1.42e-25
  1.4394e+05   1.36e-25
  1.4941e+05   1.30e-25
  1.5509e+05   1.24e-25
  1.6100e+05   1.18e-25
  1.6712e+05   1.13e-25
  1.7348e+05   1.08e-25
  1.8008e+05   1.03e-25
  1.8693e+05   9.78e-26
  1.9404e+05   9.32e-26
  2.0142e+05   8.88e-26
  2.0908e+05   8.45e-26
  2.1704e+05   8.05e-26
  2.2529e+05   7.65e-26
  2.3387e+05   7.28e-26
  2.4276e+05   6.92e-26
  2.5200e+05   6.57e-26
  2.6158e+05   6.24e-26
  2.7154e+05   5.92e-26
  2.8187e+05   5.62e-26
  2.9259e+05   5.33e-26
  3.0372e+05   5.05e-26
  3.1527e+05   4.78e-26
  3.2727e+05   4.52e-26
  3.3972e+05   4.28e-26
  3.5264e+05   4.05e-26
  3.6606e+05   3.82e-26
  3.7998e+05   3.61e-26
  3.9444e+05   3.40e-26
  4.0945e+05   3.21e-26
  4.2502e+05   3.02e-26
  4.4119e+05   2.85e-26
  4.5798e+05   2.68e-26
  4.7540e+05   2.52e-26
  4.9348e+05   2.37e-26
  5.1226e+05   2.22e-26
  5.3175e+05   2.09e-26
  5.5198e+05   1.96e-26
  5.7297e+05   1.84e-26
  5.9477e+05   1.72e-26
  6.1740e+05   1.61e-26
  6.4089e+05   1.51e-26
  6.6527e+05   1.41e-26
  6.9058e+05   1.32e-26
  7.1685e+05   1.23e-26
  7.4412e+05   1.15e-26
  7.7243e+05   1.07e-26
  8.0181e+05   1.00e-26
  8.3232e+05   9.32e-27
  8.6398e+05   8.68e-27
  8.9685e+05   8.09e-27
  9.3097e+05   7.53e-27
  9.6638e+05   7.00e-27
  1.0031e+06   6.51e-27
  1.0413e+06   6.06e-27
  1.0809e+06   5.63e-27
  1.1220e+06   5.23e-27
  1.1647e+06   4.85e-27
  1.2090e+06   4.50e-27
  1.2550e+06   4.17e-27
  1.3028e+06   3.87e-27
  1.3523e+06   3.58e-27
  1.4038e+06   3.32e-27
  1.4572e+06   3.07e-27
  1.5126e+06   2.84e-27
  1.5702e+06   2.62e-27
  1.6299e+06   2.42e-27
  1.6919e+06   2.24e-27
  1.7563e+06   2.06e-27
  1.8231e+06   1.90e-27
  1.8925e+06   1.75e-27
  1.9645e+06   1.61e-27
  2.0392e+06   1.49e-27
  2.1168e+06   1.37e-27
  2.1973e+06   1.25e-27
  2.2809e+06   1.15e-27
  2.3677e+06   1.06e-27
  2.4577e+06   9.70e-28
  2.5512e+06   8.89e-28
  2.6483e+06   8.14e-28
  2.7490e+06   7.43e-28
  2.8536e+06   6.79e-28
  2.9622e+06   6.20e-28
  3.0749e+06   5.64e-28
  3.1918e+06   5.14e-28
  3.3133e+06   4.68e-28
  3.4393e+06   4.25e-28
  3.5702e+06   3.86e-28
  3.7060e+06   3.50e-28
  3.8470e+06   3.17e-28
  3.9933e+06   2.87e-28
  4.1452e+06   2.59e-28
  4.3029e+06   2.34e-28
  4.4666e+06   2.11e-28
  4.6366e+06   1.90e-28
  4.8129e+06   1.70e-28
  4.9960e+06   1.53e-28
  5.1861e+06   1.37e-28
  5.3834e+06   1.22e-28
  5.5882e+06   1.09e-28
  5.8008e+06   9.76e-29
  6.0215e+06   8.67e-29
  6.2506e+06   7.69e-29
  6.4883e+06   6.84e-29
  6.7352e+06   6.05e-29
  6.9914e+06   5.32e-29
  7.2574e+06   4.71e-29
  7.5335e+06   4.14e-29
  7.8201e+06   3.62e-29
  8.1176e+06   3.18e-29
  8.4264e+06   2.78e-29
  8.7470e+06   2.41e-29
  9.0797e+06   2.10e-29
  9.4251e+06   1.82e-29
  9.7837e+06   1.57e-29
  1.0156e+07   1.35e-29
  1.0542e+07   1.16e-29
  1.0943e+07   9.86e-30
  1.1360e+07   8.43e-30
  1.1792e+07   7.15e-30
  1.2240e+07   6.00e-30
  1.2706e+07   5.05e-30
  1.3189e+07   4.22e-30
  1.3691e+07   3.48e-30
  1.4212e+07   2.88e-30
  1.4753e+07   2.36e-30
  1.5314e+07   1.91e-30
  1.5897e+07   1.54e-30
  1.6501e+07   1.23e-30
  1.7129e+07   9.65e-31
  1.7781e+07   7.51e-31
  1.8457e+07   5.81e-31
  1.9159e+07   4.38e-31
  1.9888e+07   3.25e-31
  2.0645e+07   2.39e-31
  2.1430e+07   1.70e-31
  2.2245e+07   1.18e-31
  2.3092e+07   7.99e-32
  2.3970e+07   5.18e-32
  2.4882e+07   3.22e-32
  2.5829e+07   1.94e-32
  2.6811e+07   1.09e-32
  2.7831e+07   5.75e-33
  2.8890e+07   2.86e-33
  2.9989e+07   1.28e-33
  3.1130e+07   5.11e-34
  3.2314e+07   1.83e-34
  3.3544e+07   5.51e-35
  3.4820e+07   1.35e-35
  3.6144e+07   2.66e-36
  3.7519e+07   3.86e-37
  3.8947e+07   3.82e-38
  4.0428e+07   2.42e-39
  4.1966e+07   8.47e-41
  4.3563e+07   1.39e-42
  4.5220e+07   8.76e-45
  4.6941e+07   1.59e-47
  4.8726e+07   5.67e-51
  5.0580e+07   2.41e-55
