#  E [MeV]   Flux [# cm^{-2} s^{-1}  MeV^{-1}]
  3.0000e+04   1.13e-26
  3.1141e+04   1.09e-26
  3.2326e+04   1.05e-26
  3.3556e+04   1.01e-26
  3.4832e+04   9.72e-27
  3.6157e+04   9.35e-27
  3.7533e+04   8.99e-27
  3.8961e+04   8.65e-27
  4.0443e+04   8.31e-27
  4.1982e+04   7.98e-27
  4.3579e+04   7.67e-27
  4.5237e+04   7.37e-27
  4.6958e+04   7.07e-27
  4.8744e+04   6.79e-27
  5.0598e+04   6.52e-27
  5.2523e+04   6.26e-27
  5.4521e+04   6.01e-27
  5.6596e+04   5.76e-27
  5.8749e+04   5.53e-27
  6.0984e+04   5.30e-27
  6.3304e+04   5.08e-27
  6.5712e+04   4.87e-27
  6.8212e+04   4.67e-27
  7.0807e+04   4.48e-27
  7.3500e+04   4.29e-27
  7.6297e+04   4.11e-27
  7.9199e+04   3.93e-27
  8.2212e+04   3.77e-27
  8.5340e+04   3.61e-27
  8.8586e+04   3.45e-27
  9.1956e+04   3.30e-27
  9.5455e+04   3.16e-27
  9.9086e+04   3.02e-27
  1.0286e+05   2.89e-27
  1.0677e+05   2.76e-27
  1.1083e+05   2.64e-27
  1.1505e+05   2.53e-27
  1.1942e+05   2.41e-27
  1.2397e+05   2.31e-27
  1.2868e+05   2.20e-27
  1.3358e+05   2.10e-27
  1.3866e+05   2.01e-27
  1.4394e+05   1.92e-27
  1.4941e+05   1.83e-27
  1.5509e+05   1.75e-27
  1.6100e+05   1.67e-27
  1.6712e+05   1.59e-27
  1.7348e+05   1.52e-27
  1.8008e+05   1.45e-27
  1.8693e+05   1.38e-27
  1.9404e+05   1.32e-27
  2.0142e+05   1.26e-27
  2.0908e+05   1.20e-27
  2.1704e+05   1.14e-27
  2.2529e+05   1.09e-27
  2.3387e+05   1.04e-27
  2.4276e+05   9.86e-28
  2.5200e+05   9.40e-28
  2.6158e+05   8.95e-28
  2.7154e+05   8.52e-28
  2.8187e+05   8.12e-28
  2.9259e+05   7.73e-28
  3.0372e+05   7.36e-28
  3.1527e+05   7.01e-28
  3.2727e+05   6.67e-28
  3.3972e+05   6.35e-28
  3.5264e+05   6.05e-28
  3.6606e+05   5.76e-28
  3.7998e+05   5.48e-28
  3.9444e+05   5.22e-28
  4.0945e+05   4.97e-28
  4.2502e+05   4.74e-28
  4.4119e+05   4.51e-28
  4.5798e+05   4.30e-28
  4.7540e+05   4.09e-28
  4.9348e+05   3.90e-28
  5.1226e+05   3.71e-28
  5.3175e+05   3.54e-28
  5.5198e+05   3.37e-28
  5.7297e+05   3.21e-28
  5.9477e+05   3.06e-28
  6.1740e+05   2.92e-28
  6.4089e+05   2.79e-28
  6.6527e+05   2.66e-28
  6.9058e+05   2.54e-28
  7.1685e+05   2.43e-28
  7.4412e+05   2.32e-28
  7.7243e+05   2.22e-28
  8.0181e+05   2.12e-28
  8.3232e+05   2.03e-28
  8.6398e+05   1.94e-28
  8.9685e+05   1.86e-28
  9.3097e+05   1.79e-28
  9.6638e+05   1.71e-28
  1.0031e+06   1.64e-28
  1.0413e+06   1.58e-28
  1.0809e+06   1.51e-28
  1.1220e+06   1.46e-28
  1.1647e+06   1.40e-28
  1.2090e+06   1.35e-28
  1.2550e+06   1.30e-28
  1.3028e+06   1.25e-28
  1.3523e+06   1.20e-28
  1.4038e+06   1.16e-28
  1.4572e+06   1.12e-28
  1.5126e+06   1.08e-28
  1.5702e+06   1.04e-28
  1.6299e+06   1.01e-28
  1.6919e+06   9.71e-29
  1.7563e+06   9.38e-29
  1.8231e+06   9.07e-29
  1.8925e+06   8.77e-29
  1.9645e+06   8.48e-29
  2.0392e+06   8.21e-29
  2.1168e+06   7.94e-29
  2.1973e+06   7.68e-29
  2.2809e+06   7.44e-29
  2.3677e+06   7.20e-29
  2.4577e+06   6.97e-29
  2.5512e+06   6.74e-29
  2.6483e+06   6.53e-29
  2.7490e+06   6.31e-29
  2.8536e+06   6.11e-29
  2.9622e+06   5.90e-29
  3.0749e+06   5.71e-29
  3.1918e+06   5.51e-29
  3.3133e+06   5.32e-29
  3.4393e+06   5.14e-29
  3.5702e+06   4.96e-29
  3.7060e+06   4.78e-29
  3.8470e+06   4.60e-29
  3.9933e+06   4.43e-29
  4.1452e+06   4.26e-29
  4.3029e+06   4.09e-29
  4.4666e+06   3.93e-29
  4.6366e+06   3.77e-29
  4.8129e+06   3.61e-29
  4.9960e+06   3.45e-29
  5.1861e+06   3.30e-29
  5.3834e+06   3.15e-29
  5.5882e+06   3.00e-29
  5.8008e+06   2.85e-29
  6.0215e+06   2.70e-29
  6.2506e+06   2.56e-29
  6.4883e+06   2.42e-29
  6.7352e+06   2.28e-29
  6.9914e+06   2.15e-29
  7.2574e+06   2.02e-29
  7.5335e+06   1.89e-29
  7.8201e+06   1.77e-29
  8.1176e+06   1.64e-29
  8.4264e+06   1.52e-29
  8.7470e+06   1.41e-29
  9.0797e+06   1.30e-29
  9.4251e+06   1.19e-29
  9.7837e+06   1.09e-29
  1.0156e+07   9.90e-30
  1.0542e+07   8.95e-30
  1.0943e+07   8.05e-30
  1.1360e+07   7.19e-30
  1.1792e+07   6.38e-30
  1.2240e+07   5.63e-30
  1.2706e+07   4.91e-30
  1.3189e+07   4.26e-30
  1.3691e+07   3.66e-30
  1.4212e+07   3.10e-30
  1.4753e+07   2.60e-30
  1.5314e+07   2.16e-30
  1.5897e+07   1.76e-30
  1.6501e+07   1.42e-30
  1.7129e+07   1.12e-30
  1.7781e+07   8.66e-31
  1.8457e+07   6.54e-31
  1.9159e+07   4.82e-31
  1.9888e+07   3.45e-31
  2.0645e+07   2.38e-31
  2.1430e+07   1.58e-31
  2.2245e+07   1.01e-31
  2.3092e+07   6.10e-32
  2.3970e+07   3.48e-32
  2.4882e+07   1.85e-32
  2.5829e+07   9.13e-33
  2.6811e+07   4.09e-33
  2.7831e+07   1.64e-33
  2.8890e+07   5.82e-34
  2.9989e+07   1.76e-34
  3.1130e+07   4.42e-35
  3.2314e+07   8.91e-36
  3.3544e+07   1.36e-36
  3.4820e+07   1.49e-37
  3.6144e+07   1.10e-38
  3.7519e+07   4.90e-40
  3.8947e+07   1.16e-41
  4.0428e+07   1.29e-43
  4.1966e+07   5.32e-46
  4.3563e+07   6.21e-49
  4.5220e+07   1.50e-52
  4.6941e+07   4.49e-57
  4.8726e+07   8.80e-63
  5.0580e+07   5.10e-70
