#  E [MeV]   Flux [# cm^{-2} s^{-1}  MeV^{-1}]
  3.0000e+04   7.39e-25
  3.1141e+04   7.07e-25
  3.2326e+04   6.75e-25
  3.3556e+04   6.45e-25
  3.4832e+04   6.16e-25
  3.6157e+04   5.88e-25
  3.7533e+04   5.62e-25
  3.8961e+04   5.36e-25
  4.0443e+04   5.12e-25
  4.1982e+04   4.88e-25
  4.3579e+04   4.66e-25
  4.5237e+04   4.45e-25
  4.6958e+04   4.24e-25
  4.8744e+04   4.04e-25
  5.0598e+04   3.86e-25
  5.2523e+04   3.68e-25
  5.4521e+04   3.51e-25
  5.6596e+04   3.34e-25
  5.8749e+04   3.19e-25
  6.0984e+04   3.04e-25
  6.3304e+04   2.89e-25
  6.5712e+04   2.76e-25
  6.8212e+04   2.62e-25
  7.0807e+04   2.50e-25
  7.3500e+04   2.38e-25
  7.6297e+04   2.27e-25
  7.9199e+04   2.16e-25
  8.2212e+04   2.05e-25
  8.5340e+04   1.95e-25
  8.8586e+04   1.86e-25
  9.1956e+04   1.77e-25
  9.5455e+04   1.68e-25
  9.9086e+04   1.60e-25
  1.0286e+05   1.52e-25
  1.0677e+05   1.45e-25
  1.1083e+05   1.38e-25
  1.1505e+05   1.31e-25
  1.1942e+05   1.24e-25
  1.2397e+05   1.18e-25
  1.2868e+05   1.12e-25
  1.3358e+05   1.07e-25
  1.3866e+05   1.01e-25
  1.4394e+05   9.63e-26
  1.4941e+05   9.14e-26
  1.5509e+05   8.68e-26
  1.6100e+05   8.24e-26
  1.6712e+05   7.83e-26
  1.7348e+05   7.43e-26
  1.8008e+05   7.05e-26
  1.8693e+05   6.69e-26
  1.9404e+05   6.34e-26
  2.0142e+05   6.02e-26
  2.0908e+05   5.71e-26
  2.1704e+05   5.41e-26
  2.2529e+05   5.13e-26
  2.3387e+05   4.86e-26
  2.4276e+05   4.61e-26
  2.5200e+05   4.36e-26
  2.6158e+05   4.13e-26
  2.7154e+05   3.91e-26
  2.8187e+05   3.71e-26
  2.9259e+05   3.51e-26
  3.0372e+05   3.32e-26
  3.1527e+05   3.14e-26
  3.2727e+05   2.97e-26
  3.3972e+05   2.81e-26
  3.5264e+05   2.65e-26
  3.6606e+05   2.51e-26
  3.7998e+05   2.37e-26
  3.9444e+05   2.24e-26
  4.0945e+05   2.11e-26
  4.2502e+05   1.99e-26
  4.4119e+05   1.88e-26
  4.5798e+05   1.77e-26
  4.7540e+05   1.67e-26
  4.9348e+05   1.57e-26
  5.1226e+05   1.48e-26
  5.3175e+05   1.39e-26
  5.5198e+05   1.31e-26
  5.7297e+05   1.23e-26
  5.9477e+05   1.15e-26
  6.1740e+05   1.08e-26
  6.4089e+05   1.02e-26
  6.6527e+05   9.52e-27
  6.9058e+05   8.92e-27
  7.1685e+05   8.35e-27
  7.4412e+05   7.81e-27
  7.7243e+05   7.31e-27
  8.0181e+05   6.83e-27
  8.3232e+05   6.39e-27
  8.6398e+05   5.97e-27
  8.9685e+05   5.58e-27
  9.3097e+05   5.22e-27
  9.6638e+05   4.87e-27
  1.0031e+06   4.55e-27
  1.0413e+06   4.25e-27
  1.0809e+06   3.96e-27
  1.1220e+06   3.70e-27
  1.1647e+06   3.45e-27
  1.2090e+06   3.21e-27
  1.2550e+06   2.99e-27
  1.3028e+06   2.78e-27
  1.3523e+06   2.59e-27
  1.4038e+06   2.40e-27
  1.4572e+06   2.23e-27
  1.5126e+06   2.07e-27
  1.5702e+06   1.92e-27
  1.6299e+06   1.78e-27
  1.6919e+06   1.65e-27
  1.7563e+06   1.53e-27
  1.8231e+06   1.41e-27
  1.8925e+06   1.31e-27
  1.9645e+06   1.21e-27
  2.0392e+06   1.11e-27
  2.1168e+06   1.03e-27
  2.1973e+06   9.45e-28
  2.2809e+06   8.70e-28
  2.3677e+06   8.00e-28
  2.4577e+06   7.35e-28
  2.5512e+06   6.74e-28
  2.6483e+06   6.18e-28
  2.7490e+06   5.66e-28
  2.8536e+06   5.17e-28
  2.9622e+06   4.73e-28
  3.0749e+06   4.31e-28
  3.1918e+06   3.93e-28
  3.3133e+06   3.58e-28
  3.4393e+06   3.25e-28
  3.5702e+06   2.95e-28
  3.7060e+06   2.68e-28
  3.8470e+06   2.42e-28
  3.9933e+06   2.19e-28
  4.1452e+06   1.98e-28
  4.3029e+06   1.78e-28
  4.4666e+06   1.60e-28
  4.6366e+06   1.44e-28
  4.8129e+06   1.29e-28
  4.9960e+06   1.16e-28
  5.1861e+06   1.04e-28
  5.3834e+06   9.24e-29
  5.5882e+06   8.19e-29
  5.8008e+06   7.31e-29
  6.0215e+06   6.49e-29
  6.2506e+06   5.71e-29
  6.4883e+06   5.07e-29
  6.7352e+06   4.48e-29
  6.9914e+06   3.92e-29
  7.2574e+06   3.46e-29
  7.5335e+06   3.03e-29
  7.8201e+06   2.64e-29
  8.1176e+06   2.31e-29
  8.4264e+06   2.02e-29
  8.7470e+06   1.74e-29
  9.0797e+06   1.51e-29
  9.4251e+06   1.31e-29
  9.7837e+06   1.13e-29
  1.0156e+07   9.71e-30
  1.0542e+07   8.36e-30
  1.0943e+07   7.12e-30
  1.1360e+07   6.07e-30
  1.1792e+07   5.19e-30
  1.2240e+07   4.38e-30
  1.2706e+07   3.70e-30
  1.3189e+07   3.14e-30
  1.3691e+07   2.63e-30
  1.4212e+07   2.19e-30
  1.4753e+07   1.84e-30
  1.5314e+07   1.53e-30
  1.5897e+07   1.26e-30
  1.6501e+07   1.05e-30
  1.7129e+07   8.57e-31
  1.7781e+07   6.93e-31
  1.8457e+07   5.71e-31
  1.9159e+07   4.61e-31
  1.9888e+07   3.65e-31
  2.0645e+07   2.96e-31
  2.1430e+07   2.35e-31
  2.2245e+07   1.81e-31
  2.3092e+07   1.44e-31
  2.3970e+07   1.11e-31
  2.4882e+07   8.32e-32
  2.5829e+07   6.33e-32
  2.6811e+07   4.69e-32
  2.7831e+07   3.35e-32
  2.8890e+07   2.38e-32
  2.9989e+07   1.63e-32
  3.1130e+07   1.06e-32
  3.2314e+07   6.68e-33
  3.3544e+07   3.97e-33
  3.4820e+07   2.18e-33
  3.6144e+07   1.10e-33
  3.7519e+07   4.94e-34
  3.8947e+07   1.92e-34
  4.0428e+07   6.25e-35
  4.1966e+07   1.62e-35
  4.3563e+07   3.15e-36
  4.5220e+07   4.22e-37
  4.6941e+07   3.50e-38
  4.8726e+07   1.56e-39
  5.0580e+07   3.12e-41
