#  E [GeV]   # per interaction  [GeV^{-1}]
  3.0000e+01   4.14e-01
  3.0943e+01   4.00e-01
  3.1916e+01   3.86e-01
  3.2920e+01   3.73e-01
  3.3955e+01   3.60e-01
  3.5023e+01   3.47e-01
  3.6124e+01   3.35e-01
  3.7260e+01   3.23e-01
  3.8432e+01   3.12e-01
  3.9640e+01   3.01e-01
  4.0887e+01   2.90e-01
  4.2172e+01   2.80e-01
  4.3499e+01   2.70e-01
  4.4866e+01   2.60e-01
  4.6277e+01   2.51e-01
  4.7732e+01   2.41e-01
  4.9233e+01   2.33e-01
  5.0781e+01   2.24e-01
  5.2378e+01   2.16e-01
  5.4025e+01   2.08e-01
  5.5724e+01   2.00e-01
  5.7476e+01   1.92e-01
  5.9284e+01   1.85e-01
  6.1148e+01   1.78e-01
  6.3071e+01   1.71e-01
  6.5054e+01   1.65e-01
  6.7100e+01   1.58e-01
  6.9210e+01   1.52e-01
  7.1386e+01   1.46e-01
  7.3631e+01   1.40e-01
  7.5946e+01   1.35e-01
  7.8334e+01   1.29e-01
  8.0797e+01   1.24e-01
  8.3338e+01   1.19e-01
  8.5959e+01   1.14e-01
  8.8662e+01   1.10e-01
  9.1450e+01   1.05e-01
  9.4325e+01   1.01e-01
  9.7291e+01   9.67e-02
  1.0035e+02   9.26e-02
  1.0351e+02   8.87e-02
  1.0676e+02   8.49e-02
  1.1012e+02   8.13e-02
  1.1358e+02   7.78e-02
  1.1715e+02   7.44e-02
  1.2084e+02   7.12e-02
  1.2464e+02   6.81e-02
  1.2856e+02   6.50e-02
  1.3260e+02   6.22e-02
  1.3677e+02   5.94e-02
  1.4107e+02   5.67e-02
  1.4550e+02   5.41e-02
  1.5008e+02   5.17e-02
  1.5480e+02   4.93e-02
  1.5967e+02   4.70e-02
  1.6469e+02   4.48e-02
  1.6987e+02   4.27e-02
  1.7521e+02   4.07e-02
  1.8072e+02   3.88e-02
  1.8640e+02   3.69e-02
  1.9226e+02   3.51e-02
  1.9831e+02   3.34e-02
  2.0454e+02   3.18e-02
  2.1097e+02   3.02e-02
  2.1761e+02   2.87e-02
  2.2445e+02   2.73e-02
  2.3151e+02   2.59e-02
  2.3879e+02   2.46e-02
  2.4630e+02   2.34e-02
  2.5404e+02   2.22e-02
  2.6203e+02   2.10e-02
  2.7027e+02   1.99e-02
  2.7877e+02   1.89e-02
  2.8753e+02   1.79e-02
  2.9657e+02   1.69e-02
  3.0590e+02   1.60e-02
  3.1552e+02   1.52e-02
  3.2544e+02   1.43e-02
  3.3567e+02   1.35e-02
  3.4623e+02   1.28e-02
  3.5712e+02   1.21e-02
  3.6835e+02   1.14e-02
  3.7993e+02   1.08e-02
  3.9188e+02   1.01e-02
  4.0420e+02   9.56e-03
  4.1691e+02   9.00e-03
  4.3002e+02   8.47e-03
  4.4354e+02   7.97e-03
  4.5749e+02   7.50e-03
  4.7187e+02   7.05e-03
  4.8671e+02   6.63e-03
  5.0202e+02   6.22e-03
  5.1780e+02   5.84e-03
  5.3409e+02   5.48e-03
  5.5088e+02   5.14e-03
  5.6820e+02   4.82e-03
  5.8607e+02   4.52e-03
  6.0450e+02   4.23e-03
  6.2351e+02   3.96e-03
  6.4311e+02   3.71e-03
  6.6334e+02   3.47e-03
  6.8419e+02   3.24e-03
  7.0571e+02   3.03e-03
  7.2790e+02   2.83e-03
  7.5079e+02   2.64e-03
  7.7440e+02   2.46e-03
  7.9875e+02   2.30e-03
  8.2387e+02   2.14e-03
  8.4977e+02   1.99e-03
  8.7649e+02   1.85e-03
  9.0405e+02   1.73e-03
  9.3248e+02   1.61e-03
  9.6180e+02   1.50e-03
  9.9205e+02   1.39e-03
  1.0232e+03   1.29e-03
  1.0554e+03   1.20e-03
  1.0886e+03   1.11e-03
  1.1228e+03   1.03e-03
  1.1581e+03   9.60e-04
  1.1946e+03   8.90e-04
  1.2321e+03   8.23e-04
  1.2709e+03   7.64e-04
  1.3108e+03   7.08e-04
  1.3521e+03   6.55e-04
  1.3946e+03   6.06e-04
  1.4384e+03   5.61e-04
  1.4837e+03   5.18e-04
  1.5303e+03   4.78e-04
  1.5784e+03   4.41e-04
  1.6281e+03   4.08e-04
  1.6793e+03   3.76e-04
  1.7321e+03   3.46e-04
  1.7865e+03   3.19e-04
  1.8427e+03   2.94e-04
  1.9006e+03   2.71e-04
  1.9604e+03   2.49e-04
  2.0221e+03   2.29e-04
  2.0856e+03   2.11e-04
  2.1512e+03   1.93e-04
  2.2189e+03   1.77e-04
  2.2886e+03   1.63e-04
  2.3606e+03   1.49e-04
  2.4348e+03   1.37e-04
  2.5114e+03   1.25e-04
  2.5904e+03   1.15e-04
  2.6718e+03   1.05e-04
  2.7558e+03   9.58e-05
  2.8425e+03   8.79e-05
  2.9319e+03   8.04e-05
  3.0241e+03   7.32e-05
  3.1192e+03   6.67e-05
  3.2173e+03   6.10e-05
  3.3184e+03   5.56e-05
  3.4228e+03   5.05e-05
  3.5304e+03   4.60e-05
  3.6414e+03   4.20e-05
  3.7559e+03   3.82e-05
  3.8740e+03   3.46e-05
  3.9958e+03   3.16e-05
  4.1215e+03   2.88e-05
  4.2511e+03   2.62e-05
  4.3848e+03   2.38e-05
  4.5227e+03   2.17e-05
  4.6649e+03   1.98e-05
  4.8116e+03   1.80e-05
  4.9629e+03   1.64e-05
  5.1189e+03   1.50e-05
  5.2799e+03   1.37e-05
  5.4459e+03   1.25e-05
  5.6171e+03   1.15e-05
  5.7938e+03   1.06e-05
  5.9760e+03   9.70e-06
  6.1639e+03   8.89e-06
  6.3577e+03   8.26e-06
  6.5576e+03   7.67e-06
  6.7638e+03   7.10e-06
  6.9765e+03   6.59e-06
  7.1959e+03   6.19e-06
  7.4222e+03   5.81e-06
  7.6556e+03   5.45e-06
  7.8963e+03   5.14e-06
  8.1446e+03   4.89e-06
  8.4007e+03   4.64e-06
  8.6649e+03   4.40e-06
  8.9373e+03   4.26e-06
  9.2184e+03   4.13e-06
  9.5082e+03   4.01e-06
  9.8072e+03   3.89e-06
  1.0116e+04   3.88e-06
  1.0434e+04   3.86e-06
  1.0762e+04   3.82e-06
  1.1100e+04   3.87e-06
  1.1449e+04   4.07e-06
  1.1809e+04   4.22e-06
  1.2181e+04   4.33e-06
  1.2564e+04   4.89e-06
  1.2959e+04   5.62e-06
  1.3366e+04   6.21e-06
  1.3786e+04   6.66e-06
  1.4220e+04   6.53e-06
