#  E [MeV]   Flux [# cm^{-2} s^{-1}  MeV^{-1}]
  3.0000e+04   1.36e-19
  3.0943e+04   1.32e-19
  3.1916e+04   1.27e-19
  3.2920e+04   1.23e-19
  3.3955e+04   1.18e-19
  3.5023e+04   1.14e-19
  3.6124e+04   1.10e-19
  3.7260e+04   1.06e-19
  3.8432e+04   1.03e-19
  3.9640e+04   9.90e-20
  4.0887e+04   9.55e-20
  4.2172e+04   9.21e-20
  4.3499e+04   8.88e-20
  4.4866e+04   8.56e-20
  4.6277e+04   8.24e-20
  4.7732e+04   7.94e-20
  4.9233e+04   7.65e-20
  5.0781e+04   7.37e-20
  5.2378e+04   7.10e-20
  5.4025e+04   6.83e-20
  5.5724e+04   6.58e-20
  5.7476e+04   6.33e-20
  5.9284e+04   6.09e-20
  6.1148e+04   5.86e-20
  6.3071e+04   5.63e-20
  6.5054e+04   5.41e-20
  6.7100e+04   5.21e-20
  6.9210e+04   5.00e-20
  7.1386e+04   4.81e-20
  7.3631e+04   4.62e-20
  7.5946e+04   4.43e-20
  7.8334e+04   4.26e-20
  8.0797e+04   4.09e-20
  8.3338e+04   3.92e-20
  8.5959e+04   3.76e-20
  8.8662e+04   3.61e-20
  9.1450e+04   3.46e-20
  9.4325e+04   3.32e-20
  9.7291e+04   3.18e-20
  1.0035e+05   3.05e-20
  1.0351e+05   2.92e-20
  1.0676e+05   2.79e-20
  1.1012e+05   2.67e-20
  1.1358e+05   2.56e-20
  1.1715e+05   2.45e-20
  1.2084e+05   2.34e-20
  1.2464e+05   2.24e-20
  1.2856e+05   2.14e-20
  1.3260e+05   2.04e-20
  1.3677e+05   1.95e-20
  1.4107e+05   1.87e-20
  1.4550e+05   1.78e-20
  1.5008e+05   1.70e-20
  1.5480e+05   1.62e-20
  1.5967e+05   1.55e-20
  1.6469e+05   1.48e-20
  1.6987e+05   1.41e-20
  1.7521e+05   1.34e-20
  1.8072e+05   1.28e-20
  1.8640e+05   1.21e-20
  1.9226e+05   1.16e-20
  1.9831e+05   1.10e-20
  2.0454e+05   1.05e-20
  2.1097e+05   9.95e-21
  2.1761e+05   9.45e-21
  2.2445e+05   8.98e-21
  2.3151e+05   8.53e-21
  2.3879e+05   8.10e-21
  2.4630e+05   7.69e-21
  2.5404e+05   7.29e-21
  2.6203e+05   6.92e-21
  2.7027e+05   6.55e-21
  2.7877e+05   6.21e-21
  2.8753e+05   5.88e-21
  2.9657e+05   5.57e-21
  3.0590e+05   5.27e-21
  3.1552e+05   4.99e-21
  3.2544e+05   4.72e-21
  3.3567e+05   4.46e-21
  3.4623e+05   4.21e-21
  3.5712e+05   3.98e-21
  3.6835e+05   3.75e-21
  3.7993e+05   3.54e-21
  3.9188e+05   3.34e-21
  4.0420e+05   3.14e-21
  4.1691e+05   2.96e-21
  4.3002e+05   2.79e-21
  4.4354e+05   2.62e-21
  4.5749e+05   2.47e-21
  4.7187e+05   2.32e-21
  4.8671e+05   2.18e-21
  5.0202e+05   2.05e-21
  5.1780e+05   1.92e-21
  5.3409e+05   1.80e-21
  5.5088e+05   1.69e-21
  5.6820e+05   1.59e-21
  5.8607e+05   1.49e-21
  6.0450e+05   1.39e-21
  6.2351e+05   1.30e-21
  6.4311e+05   1.22e-21
  6.6334e+05   1.14e-21
  6.8419e+05   1.07e-21
  7.0571e+05   9.96e-22
  7.2790e+05   9.30e-22
  7.5079e+05   8.68e-22
  7.7440e+05   8.09e-22
  7.9875e+05   7.55e-22
  8.2387e+05   7.04e-22
  8.4977e+05   6.56e-22
  8.7649e+05   6.10e-22
  9.0405e+05   5.69e-22
  9.3248e+05   5.29e-22
  9.6180e+05   4.92e-22
  9.9205e+05   4.57e-22
  1.0232e+06   4.25e-22
  1.0554e+06   3.95e-22
  1.0886e+06   3.67e-22
  1.1228e+06   3.40e-22
  1.1581e+06   3.16e-22
  1.1946e+06   2.93e-22
  1.2321e+06   2.71e-22
  1.2709e+06   2.51e-22
  1.3108e+06   2.33e-22
  1.3521e+06   2.15e-22
  1.3946e+06   1.99e-22
  1.4384e+06   1.84e-22
  1.4837e+06   1.70e-22
  1.5303e+06   1.57e-22
  1.5784e+06   1.45e-22
  1.6281e+06   1.34e-22
  1.6793e+06   1.24e-22
  1.7321e+06   1.14e-22
  1.7865e+06   1.05e-22
  1.8427e+06   9.68e-23
  1.9006e+06   8.91e-23
  1.9604e+06   8.18e-23
  2.0221e+06   7.54e-23
  2.0856e+06   6.93e-23
  2.1512e+06   6.36e-23
  2.2189e+06   5.83e-23
  2.2886e+06   5.36e-23
  2.3606e+06   4.92e-23
  2.4348e+06   4.50e-23
  2.5114e+06   4.12e-23
  2.5904e+06   3.78e-23
  2.6718e+06   3.46e-23
  2.7558e+06   3.15e-23
  2.8425e+06   2.89e-23
  2.9319e+06   2.64e-23
  3.0241e+06   2.41e-23
  3.1192e+06   2.19e-23
  3.2173e+06   2.01e-23
  3.3184e+06   1.83e-23
  3.4228e+06   1.66e-23
  3.5304e+06   1.51e-23
  3.6414e+06   1.38e-23
  3.7559e+06   1.26e-23
  3.8740e+06   1.14e-23
  3.9958e+06   1.04e-23
  4.1215e+06   9.49e-24
  4.2511e+06   8.62e-24
  4.3848e+06   7.81e-24
  4.5227e+06   7.15e-24
  4.6649e+06   6.52e-24
  4.8116e+06   5.92e-24
  4.9629e+06   5.39e-24
  5.1189e+06   4.94e-24
  5.2799e+06   4.51e-24
  5.4459e+06   4.11e-24
  5.6171e+06   3.77e-24
  5.7938e+06   3.47e-24
  5.9760e+06   3.19e-24
  6.1639e+06   2.93e-24
  6.3577e+06   2.72e-24
  6.5576e+06   2.52e-24
  6.7638e+06   2.34e-24
  6.9765e+06   2.17e-24
  7.1959e+06   2.04e-24
  7.4222e+06   1.91e-24
  7.6556e+06   1.79e-24
  7.8963e+06   1.69e-24
  8.1446e+06   1.61e-24
  8.4007e+06   1.53e-24
  8.6649e+06   1.45e-24
  8.9373e+06   1.40e-24
  9.2184e+06   1.36e-24
  9.5082e+06   1.32e-24
  9.8072e+06   1.28e-24
  1.0116e+07   1.28e-24
  1.0434e+07   1.27e-24
  1.0762e+07   1.26e-24
  1.1100e+07   1.27e-24
  1.1449e+07   1.34e-24
  1.1809e+07   1.39e-24
  1.2181e+07   1.42e-24
  1.2564e+07   1.61e-24
  1.2959e+07   1.85e-24
  1.3366e+07   2.04e-24
  1.3786e+07   2.19e-24
  1.4220e+07   2.15e-24
