#  E [GeV]   # per interaction  [GeV^{-1}]
  3.0000e+01   1.86e-01
  3.0607e+01   1.80e-01
  3.1227e+01   1.74e-01
  3.1859e+01   1.69e-01
  3.2504e+01   1.63e-01
  3.3163e+01   1.58e-01
  3.3834e+01   1.53e-01
  3.4519e+01   1.48e-01
  3.5218e+01   1.44e-01
  3.5931e+01   1.39e-01
  3.6659e+01   1.34e-01
  3.7401e+01   1.30e-01
  3.8158e+01   1.26e-01
  3.8931e+01   1.22e-01
  3.9719e+01   1.18e-01
  4.0523e+01   1.14e-01
  4.1344e+01   1.10e-01
  4.2181e+01   1.06e-01
  4.3035e+01   1.03e-01
  4.3906e+01   9.93e-02
  4.4795e+01   9.59e-02
  4.5702e+01   9.27e-02
  4.6628e+01   8.95e-02
  4.7572e+01   8.64e-02
  4.8535e+01   8.34e-02
  4.9517e+01   8.05e-02
  5.0520e+01   7.77e-02
  5.1543e+01   7.50e-02
  5.2587e+01   7.24e-02
  5.3651e+01   6.98e-02
  5.4738e+01   6.74e-02
  5.5846e+01   6.49e-02
  5.6977e+01   6.26e-02
  5.8130e+01   6.04e-02
  5.9307e+01   5.82e-02
  6.0508e+01   5.61e-02
  6.1733e+01   5.41e-02
  6.2983e+01   5.21e-02
  6.4258e+01   5.02e-02
  6.5559e+01   4.83e-02
  6.6887e+01   4.65e-02
  6.8241e+01   4.48e-02
  6.9623e+01   4.31e-02
  7.1033e+01   4.15e-02
  7.2471e+01   4.00e-02
  7.3938e+01   3.85e-02
  7.5435e+01   3.70e-02
  7.6963e+01   3.56e-02
  7.8521e+01   3.42e-02
  8.0111e+01   3.29e-02
  8.1733e+01   3.16e-02
  8.3388e+01   3.04e-02
  8.5076e+01   2.92e-02
  8.6799e+01   2.81e-02
  8.8556e+01   2.69e-02
  9.0349e+01   2.59e-02
  9.2178e+01   2.48e-02
  9.4045e+01   2.39e-02
  9.5949e+01   2.29e-02
  9.7892e+01   2.20e-02
  9.9874e+01   2.11e-02
  1.0190e+02   2.02e-02
  1.0396e+02   1.94e-02
  1.0606e+02   1.86e-02
  1.0821e+02   1.78e-02
  1.1040e+02   1.71e-02
  1.1264e+02   1.63e-02
  1.1492e+02   1.57e-02
  1.1725e+02   1.50e-02
  1.1962e+02   1.44e-02
  1.2204e+02   1.38e-02
  1.2451e+02   1.32e-02
  1.2703e+02   1.26e-02
  1.2961e+02   1.21e-02
  1.3223e+02   1.15e-02
  1.3491e+02   1.10e-02
  1.3764e+02   1.05e-02
  1.4043e+02   1.01e-02
  1.4327e+02   9.62e-03
  1.4617e+02   9.20e-03
  1.4913e+02   8.79e-03
  1.5215e+02   8.39e-03
  1.5523e+02   8.00e-03
  1.5837e+02   7.63e-03
  1.6158e+02   7.28e-03
  1.6485e+02   6.95e-03
  1.6819e+02   6.63e-03
  1.7159e+02   6.31e-03
  1.7507e+02   6.01e-03
  1.7861e+02   5.72e-03
  1.8223e+02   5.45e-03
  1.8592e+02   5.19e-03
  1.8968e+02   4.94e-03
  1.9352e+02   4.70e-03
  1.9744e+02   4.47e-03
  2.0144e+02   4.25e-03
  2.0552e+02   4.04e-03
  2.0968e+02   3.84e-03
  2.1392e+02   3.65e-03
  2.1826e+02   3.47e-03
  2.2267e+02   3.29e-03
  2.2718e+02   3.12e-03
  2.3178e+02   2.96e-03
  2.3648e+02   2.81e-03
  2.4126e+02   2.67e-03
  2.4615e+02   2.53e-03
  2.5113e+02   2.39e-03
  2.5622e+02   2.27e-03
  2.6141e+02   2.15e-03
  2.6670e+02   2.03e-03
  2.7210e+02   1.92e-03
  2.7761e+02   1.82e-03
  2.8323e+02   1.72e-03
  2.8896e+02   1.63e-03
  2.9481e+02   1.54e-03
  3.0078e+02   1.45e-03
  3.0687e+02   1.37e-03
  3.1309e+02   1.29e-03
  3.1943e+02   1.22e-03
  3.2589e+02   1.15e-03
  3.3249e+02   1.09e-03
  3.3922e+02   1.02e-03
  3.4609e+02   9.64e-04
  3.5310e+02   9.06e-04
  3.6025e+02   8.53e-04
  3.6754e+02   8.04e-04
  3.7498e+02   7.57e-04
  3.8258e+02   7.12e-04
  3.9032e+02   6.68e-04
  3.9823e+02   6.26e-04
  4.0629e+02   5.89e-04
  4.1452e+02   5.54e-04
  4.2291e+02   5.21e-04
  4.3147e+02   4.89e-04
  4.4021e+02   4.57e-04
  4.4912e+02   4.28e-04
  4.5821e+02   4.02e-04
  4.6749e+02   3.78e-04
  4.7696e+02   3.55e-04
  4.8661e+02   3.32e-04
  4.9647e+02   3.10e-04
  5.0652e+02   2.90e-04
  5.1678e+02   2.73e-04
  5.2724e+02   2.56e-04
  5.3791e+02   2.40e-04
  5.4881e+02   2.24e-04
  5.5992e+02   2.09e-04
  5.7125e+02   1.96e-04
  5.8282e+02   1.84e-04
  5.9462e+02   1.72e-04
  6.0666e+02   1.61e-04
  6.1894e+02   1.51e-04
  6.3148e+02   1.40e-04
  6.4426e+02   1.32e-04
  6.5731e+02   1.24e-04
  6.7061e+02   1.17e-04
  6.8419e+02   1.10e-04
  6.9805e+02   1.03e-04
  7.1218e+02   9.62e-05
  7.2660e+02   9.10e-05
  7.4131e+02   8.60e-05
  7.5632e+02   8.12e-05
  7.7163e+02   7.66e-05
  7.8726e+02   7.21e-05
  8.0320e+02   6.82e-05
  8.1946e+02   6.49e-05
  8.3605e+02   6.18e-05
  8.5298e+02   5.88e-05
  8.7025e+02   5.59e-05
  8.8787e+02   5.31e-05
  9.0585e+02   5.08e-05
  9.2419e+02   4.88e-05
  9.4290e+02   4.69e-05
  9.6199e+02   4.50e-05
  9.8147e+02   4.32e-05
  1.0013e+03   4.15e-05
  1.0216e+03   4.04e-05
  1.0423e+03   3.95e-05
  1.0634e+03   3.86e-05
  1.0849e+03   3.77e-05
  1.1069e+03   3.68e-05
  1.1293e+03   3.60e-05
  1.1522e+03   3.59e-05
  1.1755e+03   3.57e-05
  1.1993e+03   3.55e-05
  1.2236e+03   3.53e-05
  1.2484e+03   3.51e-05
  1.2736e+03   3.53e-05
  1.2994e+03   3.61e-05
  1.3257e+03   3.68e-05
  1.3526e+03   3.75e-05
  1.3800e+03   3.81e-05
  1.4079e+03   3.87e-05
  1.4364e+03   3.82e-05
  1.4655e+03   3.72e-05
  1.4952e+03   3.63e-05
  1.5255e+03   3.53e-05
  1.5563e+03   3.44e-05
  1.5879e+03   3.36e-05
  1.6200e+03   2.76e-05
