#  E [MeV]   Flux [# cm^{-2} s^{-1}  MeV^{-1}]
  3.0000e+04   1.06e-19
  3.0765e+04   1.02e-19
  3.1549e+04   9.91e-20
  3.2354e+04   9.59e-20
  3.3179e+04   9.27e-20
  3.4025e+04   8.97e-20
  3.4892e+04   8.67e-20
  3.5782e+04   8.38e-20
  3.6695e+04   8.09e-20
  3.7630e+04   7.82e-20
  3.8590e+04   7.55e-20
  3.9574e+04   7.29e-20
  4.0583e+04   7.04e-20
  4.1618e+04   6.80e-20
  4.2679e+04   6.56e-20
  4.3767e+04   6.33e-20
  4.4883e+04   6.11e-20
  4.6028e+04   5.89e-20
  4.7201e+04   5.68e-20
  4.8405e+04   5.48e-20
  4.9639e+04   5.28e-20
  5.0905e+04   5.08e-20
  5.2203e+04   4.90e-20
  5.3534e+04   4.72e-20
  5.4899e+04   4.54e-20
  5.6299e+04   4.37e-20
  5.7734e+04   4.21e-20
  5.9207e+04   4.05e-20
  6.0716e+04   3.90e-20
  6.2264e+04   3.75e-20
  6.3852e+04   3.60e-20
  6.5480e+04   3.46e-20
  6.7150e+04   3.33e-20
  6.8862e+04   3.20e-20
  7.0618e+04   3.07e-20
  7.2419e+04   2.95e-20
  7.4265e+04   2.84e-20
  7.6159e+04   2.72e-20
  7.8101e+04   2.61e-20
  8.0092e+04   2.51e-20
  8.2135e+04   2.41e-20
  8.4229e+04   2.31e-20
  8.6377e+04   2.21e-20
  8.8579e+04   2.12e-20
  9.0838e+04   2.04e-20
  9.3154e+04   1.95e-20
  9.5529e+04   1.87e-20
  9.7965e+04   1.79e-20
  1.0046e+05   1.72e-20
  1.0303e+05   1.64e-20
  1.0565e+05   1.57e-20
  1.0835e+05   1.50e-20
  1.1111e+05   1.44e-20
  1.1394e+05   1.38e-20
  1.1685e+05   1.32e-20
  1.1983e+05   1.26e-20
  1.2288e+05   1.20e-20
  1.2602e+05   1.15e-20
  1.2923e+05   1.10e-20
  1.3252e+05   1.05e-20
  1.3590e+05   9.98e-21
  1.3937e+05   9.52e-21
  1.4292e+05   9.08e-21
  1.4657e+05   8.66e-21
  1.5030e+05   8.25e-21
  1.5414e+05   7.86e-21
  1.5807e+05   7.49e-21
  1.6210e+05   7.13e-21
  1.6623e+05   6.79e-21
  1.7047e+05   6.46e-21
  1.7482e+05   6.14e-21
  1.7927e+05   5.84e-21
  1.8384e+05   5.56e-21
  1.8853e+05   5.28e-21
  1.9334e+05   5.01e-21
  1.9827e+05   4.76e-21
  2.0333e+05   4.52e-21
  2.0851e+05   4.29e-21
  2.1383e+05   4.07e-21
  2.1928e+05   3.85e-21
  2.2487e+05   3.65e-21
  2.3060e+05   3.46e-21
  2.3648e+05   3.27e-21
  2.4251e+05   3.10e-21
  2.4870e+05   2.93e-21
  2.5504e+05   2.77e-21
  2.6154e+05   2.62e-21
  2.6821e+05   2.47e-21
  2.7505e+05   2.33e-21
  2.8206e+05   2.20e-21
  2.8926e+05   2.08e-21
  2.9663e+05   1.96e-21
  3.0420e+05   1.84e-21
  3.1195e+05   1.74e-21
  3.1991e+05   1.64e-21
  3.2806e+05   1.54e-21
  3.3643e+05   1.45e-21
  3.4501e+05   1.36e-21
  3.5381e+05   1.28e-21
  3.6283e+05   1.20e-21
  3.7208e+05   1.13e-21
  3.8157e+05   1.06e-21
  3.9130e+05   9.91e-22
  4.0127e+05   9.29e-22
  4.1150e+05   8.70e-22
  4.2200e+05   8.14e-22
  4.3276e+05   7.60e-22
  4.4379e+05   7.11e-22
  4.5511e+05   6.65e-22
  4.6671e+05   6.20e-22
  4.7861e+05   5.78e-22
  4.9082e+05   5.39e-22
  5.0333e+05   5.02e-22
  5.1617e+05   4.68e-22
  5.2933e+05   4.35e-22
  5.4283e+05   4.04e-22
  5.5667e+05   3.76e-22
  5.7086e+05   3.50e-22
  5.8542e+05   3.25e-22
  6.0035e+05   3.01e-22
  6.1565e+05   2.79e-22
  6.3135e+05   2.59e-22
  6.4745e+05   2.40e-22
  6.6396e+05   2.21e-22
  6.8089e+05   2.04e-22
  6.9825e+05   1.89e-22
  7.1606e+05   1.75e-22
  7.3432e+05   1.62e-22
  7.5304e+05   1.49e-22
  7.7224e+05   1.37e-22
  7.9193e+05   1.26e-22
  8.1213e+05   1.17e-22
  8.3283e+05   1.07e-22
  8.5407e+05   9.82e-23
  8.7585e+05   9.03e-23
  8.9818e+05   8.31e-23
  9.2108e+05   7.62e-23
  9.4457e+05   6.97e-23
  9.6866e+05   6.36e-23
  9.9336e+05   5.84e-23
  1.0187e+06   5.35e-23
  1.0447e+06   4.89e-23
  1.0713e+06   4.45e-23
  1.0986e+06   4.06e-23
  1.1266e+06   3.71e-23
  1.1554e+06   3.39e-23
  1.1848e+06   3.08e-23
  1.2150e+06   2.78e-23
  1.2460e+06   2.54e-23
  1.2778e+06   2.32e-23
  1.3104e+06   2.10e-23
  1.3438e+06   1.90e-23
  1.3780e+06   1.72e-23
  1.4132e+06   1.56e-23
  1.4492e+06   1.42e-23
  1.4862e+06   1.28e-23
  1.5241e+06   1.15e-23
  1.5629e+06   1.04e-23
  1.6028e+06   9.40e-24
  1.6436e+06   8.47e-24
  1.6856e+06   7.58e-24
  1.7285e+06   6.78e-24
  1.7726e+06   6.13e-24
  1.8178e+06   5.50e-24
  1.8642e+06   4.91e-24
  1.9117e+06   4.34e-24
  1.9604e+06   3.89e-24
  2.0104e+06   3.49e-24
  2.0617e+06   3.11e-24
  2.1143e+06   2.75e-24
  2.1682e+06   2.42e-24
  2.2235e+06   2.17e-24
  2.2802e+06   1.94e-24
  2.3383e+06   1.71e-24
  2.3979e+06   1.50e-24
  2.4591e+06   1.32e-24
  2.5218e+06   1.18e-24
  2.5861e+06   1.04e-24
  2.6520e+06   9.11e-25
  2.7196e+06   7.88e-25
  2.7890e+06   7.02e-25
  2.8601e+06   6.20e-25
  2.9330e+06   5.42e-25
  3.0078e+06   4.68e-25
  3.0845e+06   4.07e-25
  3.1632e+06   3.60e-25
  3.2438e+06   3.15e-25
  3.3265e+06   2.72e-25
  3.4113e+06   2.32e-25
  3.4983e+06   2.02e-25
  3.5875e+06   1.76e-25
  3.6790e+06   1.51e-25
  3.7728e+06   1.27e-25
  3.8690e+06   1.07e-25
  3.9677e+06   9.19e-26
  4.0689e+06   7.77e-26
  4.1726e+06   6.42e-26
  4.2790e+06   5.15e-26
  4.3881e+06   4.29e-26
  4.5000e+06   3.60e-26
