#  E [MeV]   Flux [# cm^{-2} s^{-1}  MeV^{-1}]
  3.0000e+04   1.60e-18
  3.1033e+04   1.55e-18
  3.2102e+04   1.49e-18
  3.3207e+04   1.43e-18
  3.4350e+04   1.38e-18
  3.5533e+04   1.33e-18
  3.6757e+04   1.28e-18
  3.8022e+04   1.23e-18
  3.9332e+04   1.19e-18
  4.0686e+04   1.14e-18
  4.2087e+04   1.10e-18
  4.3536e+04   1.06e-18
  4.5035e+04   1.02e-18
  4.6586e+04   9.79e-19
  4.8190e+04   9.41e-19
  4.9850e+04   9.05e-19
  5.1566e+04   8.71e-19
  5.3342e+04   8.37e-19
  5.5178e+04   8.05e-19
  5.7078e+04   7.73e-19
  5.9044e+04   7.43e-19
  6.1077e+04   7.14e-19
  6.3180e+04   6.86e-19
  6.5356e+04   6.59e-19
  6.7606e+04   6.33e-19
  6.9934e+04   6.08e-19
  7.2342e+04   5.83e-19
  7.4833e+04   5.60e-19
  7.7410e+04   5.37e-19
  8.0075e+04   5.16e-19
  8.2833e+04   4.94e-19
  8.5685e+04   4.74e-19
  8.8635e+04   4.55e-19
  9.1687e+04   4.36e-19
  9.4844e+04   4.18e-19
  9.8110e+04   4.00e-19
  1.0149e+05   3.83e-19
  1.0498e+05   3.67e-19
  1.0860e+05   3.51e-19
  1.1234e+05   3.36e-19
  1.1621e+05   3.22e-19
  1.2021e+05   3.08e-19
  1.2435e+05   2.95e-19
  1.2863e+05   2.82e-19
  1.3306e+05   2.69e-19
  1.3764e+05   2.57e-19
  1.4238e+05   2.46e-19
  1.4728e+05   2.35e-19
  1.5235e+05   2.24e-19
  1.5760e+05   2.14e-19
  1.6302e+05   2.04e-19
  1.6864e+05   1.95e-19
  1.7445e+05   1.86e-19
  1.8045e+05   1.77e-19
  1.8667e+05   1.69e-19
  1.9309e+05   1.61e-19
  1.9974e+05   1.53e-19
  2.0662e+05   1.46e-19
  2.1373e+05   1.39e-19
  2.2109e+05   1.32e-19
  2.2871e+05   1.26e-19
  2.3658e+05   1.19e-19
  2.4473e+05   1.13e-19
  2.5316e+05   1.08e-19
  2.6187e+05   1.02e-19
  2.7089e+05   9.73e-20
  2.8022e+05   9.23e-20
  2.8987e+05   8.76e-20
  2.9985e+05   8.31e-20
  3.1017e+05   7.87e-20
  3.2085e+05   7.46e-20
  3.3190e+05   7.07e-20
  3.4333e+05   6.69e-20
  3.5515e+05   6.33e-20
  3.6738e+05   5.99e-20
  3.8003e+05   5.66e-20
  3.9312e+05   5.35e-20
  4.0665e+05   5.06e-20
  4.2066e+05   4.78e-20
  4.3514e+05   4.51e-20
  4.5013e+05   4.26e-20
  4.6562e+05   4.02e-20
  4.8166e+05   3.79e-20
  4.9824e+05   3.58e-20
  5.1540e+05   3.37e-20
  5.3315e+05   3.18e-20
  5.5150e+05   2.99e-20
  5.7050e+05   2.81e-20
  5.9014e+05   2.65e-20
  6.1046e+05   2.49e-20
  6.3148e+05   2.34e-20
  6.5322e+05   2.20e-20
  6.7572e+05   2.07e-20
  6.9898e+05   1.94e-20
  7.2305e+05   1.82e-20
  7.4795e+05   1.71e-20
  7.7371e+05   1.60e-20
  8.0035e+05   1.50e-20
  8.2791e+05   1.40e-20
  8.5641e+05   1.31e-20
  8.8590e+05   1.23e-20
  9.1641e+05   1.15e-20
  9.4796e+05   1.08e-20
  9.8061e+05   1.00e-20
  1.0144e+06   9.38e-21
  1.0493e+06   8.77e-21
  1.0854e+06   8.18e-21
  1.1228e+06   7.63e-21
  1.1615e+06   7.12e-21
  1.2015e+06   6.63e-21
  1.2428e+06   6.17e-21
  1.2856e+06   5.75e-21
  1.3299e+06   5.35e-21
  1.3757e+06   4.97e-21
  1.4231e+06   4.62e-21
  1.4721e+06   4.30e-21
  1.5228e+06   3.99e-21
  1.5752e+06   3.70e-21
  1.6294e+06   3.44e-21
  1.6855e+06   3.19e-21
  1.7436e+06   2.95e-21
  1.8036e+06   2.73e-21
  1.8657e+06   2.53e-21
  1.9300e+06   2.34e-21
  1.9964e+06   2.16e-21
  2.0652e+06   2.00e-21
  2.1363e+06   1.85e-21
  2.2098e+06   1.70e-21
  2.2859e+06   1.57e-21
  2.3646e+06   1.45e-21
  2.4461e+06   1.34e-21
  2.5303e+06   1.23e-21
  2.6174e+06   1.13e-21
  2.7075e+06   1.04e-21
  2.8008e+06   9.53e-22
  2.8972e+06   8.77e-22
  2.9970e+06   8.05e-22
  3.1002e+06   7.37e-22
  3.2069e+06   6.76e-22
  3.3173e+06   6.19e-22
  3.4316e+06   5.66e-22
  3.5497e+06   5.17e-22
  3.6720e+06   4.73e-22
  3.7984e+06   4.32e-22
  3.9292e+06   3.93e-22
  4.0645e+06   3.59e-22
  4.2044e+06   3.28e-22
  4.3492e+06   2.98e-22
  4.4990e+06   2.71e-22
  4.6539e+06   2.47e-22
  4.8141e+06   2.25e-22
  4.9799e+06   2.03e-22
  5.1514e+06   1.85e-22
  5.3288e+06   1.68e-22
  5.5123e+06   1.52e-22
  5.7021e+06   1.38e-22
  5.8984e+06   1.25e-22
  6.1015e+06   1.13e-22
  6.3116e+06   1.02e-22
  6.5289e+06   9.26e-23
  6.7538e+06   8.38e-23
  6.9863e+06   7.55e-23
  7.2269e+06   6.85e-23
  7.4757e+06   6.22e-23
  7.7331e+06   5.61e-23
  7.9994e+06   5.08e-23
  8.2749e+06   4.62e-23
  8.5598e+06   4.19e-23
  8.8546e+06   3.78e-23
  9.1594e+06   3.45e-23
  9.4748e+06   3.14e-23
  9.8011e+06   2.85e-23
  1.0139e+07   2.61e-23
  1.0488e+07   2.40e-23
  1.0849e+07   2.20e-23
  1.1222e+07   2.02e-23
  1.1609e+07   1.87e-23
  1.2009e+07   1.73e-23
  1.2422e+07   1.60e-23
  1.2850e+07   1.50e-23
  1.3292e+07   1.41e-23
  1.3750e+07   1.32e-23
  1.4223e+07   1.24e-23
  1.4713e+07   1.18e-23
  1.5220e+07   1.12e-23
  1.5744e+07   1.06e-23
  1.6286e+07   1.03e-23
  1.6847e+07   9.96e-24
  1.7427e+07   9.62e-24
  1.8027e+07   9.48e-24
  1.8648e+07   9.42e-24
  1.9290e+07   9.30e-24
  1.9954e+07   9.28e-24
  2.0641e+07   9.77e-24
  2.1352e+07   1.01e-23
  2.2087e+07   1.02e-23
  2.2848e+07   1.21e-23
  2.3634e+07   1.38e-23
  2.4448e+07   1.50e-23
  2.5290e+07   1.58e-23
