#  E [MeV]   Flux [# cm^{-2} s^{-1}  MeV^{-1}]
  3.0000e+04   1.84e-19
  3.0589e+04   1.79e-19
  3.1190e+04   1.73e-19
  3.1803e+04   1.67e-19
  3.2428e+04   1.62e-19
  3.3065e+04   1.56e-19
  3.3714e+04   1.51e-19
  3.4376e+04   1.46e-19
  3.5052e+04   1.41e-19
  3.5740e+04   1.37e-19
  3.6442e+04   1.32e-19
  3.7158e+04   1.27e-19
  3.7888e+04   1.23e-19
  3.8632e+04   1.19e-19
  3.9391e+04   1.15e-19
  4.0165e+04   1.11e-19
  4.0954e+04   1.07e-19
  4.1758e+04   1.03e-19
  4.2579e+04   9.94e-20
  4.3415e+04   9.59e-20
  4.4268e+04   9.25e-20
  4.5138e+04   8.91e-20
  4.6024e+04   8.59e-20
  4.6928e+04   8.27e-20
  4.7850e+04   7.97e-20
  4.8790e+04   7.68e-20
  4.9749e+04   7.40e-20
  5.0726e+04   7.12e-20
  5.1722e+04   6.85e-20
  5.2738e+04   6.59e-20
  5.3774e+04   6.34e-20
  5.4831e+04   6.10e-20
  5.5908e+04   5.87e-20
  5.7006e+04   5.64e-20
  5.8126e+04   5.42e-20
  5.9268e+04   5.20e-20
  6.0432e+04   5.00e-20
  6.1619e+04   4.80e-20
  6.2829e+04   4.61e-20
  6.4064e+04   4.43e-20
  6.5322e+04   4.25e-20
  6.6605e+04   4.07e-20
  6.7913e+04   3.90e-20
  6.9248e+04   3.74e-20
  7.0608e+04   3.59e-20
  7.1995e+04   3.44e-20
  7.3409e+04   3.29e-20
  7.4851e+04   3.15e-20
  7.6321e+04   3.01e-20
  7.7821e+04   2.88e-20
  7.9349e+04   2.76e-20
  8.0908e+04   2.64e-20
  8.2497e+04   2.52e-20
  8.4118e+04   2.40e-20
  8.5770e+04   2.30e-20
  8.7455e+04   2.19e-20
  8.9173e+04   2.09e-20
  9.0925e+04   2.00e-20
  9.2711e+04   1.90e-20
  9.4532e+04   1.81e-20
  9.6389e+04   1.73e-20
  9.8283e+04   1.65e-20
  1.0021e+05   1.57e-20
  1.0218e+05   1.49e-20
  1.0419e+05   1.42e-20
  1.0624e+05   1.35e-20
  1.0832e+05   1.29e-20
  1.1045e+05   1.22e-20
  1.1262e+05   1.16e-20
  1.1483e+05   1.10e-20
  1.1709e+05   1.04e-20
  1.1939e+05   9.91e-21
  1.2173e+05   9.41e-21
  1.2412e+05   8.93e-21
  1.2656e+05   8.46e-21
  1.2905e+05   8.00e-21
  1.3158e+05   7.56e-21
  1.3417e+05   7.15e-21
  1.3680e+05   6.77e-21
  1.3949e+05   6.40e-21
  1.4223e+05   6.04e-21
  1.4503e+05   5.70e-21
  1.4787e+05   5.36e-21
  1.5078e+05   5.06e-21
  1.5374e+05   4.77e-21
  1.5676e+05   4.50e-21
  1.5984e+05   4.23e-21
  1.6298e+05   3.98e-21
  1.6618e+05   3.73e-21
  1.6945e+05   3.51e-21
  1.7278e+05   3.30e-21
  1.7617e+05   3.10e-21
  1.7963e+05   2.91e-21
  1.8316e+05   2.72e-21
  1.8676e+05   2.54e-21
  1.9042e+05   2.39e-21
  1.9417e+05   2.24e-21
  1.9798e+05   2.10e-21
  2.0187e+05   1.96e-21
  2.0583e+05   1.82e-21
  2.0988e+05   1.70e-21
  2.1400e+05   1.59e-21
  2.1820e+05   1.48e-21
  2.2249e+05   1.39e-21
  2.2686e+05   1.29e-21
  2.3132e+05   1.20e-21
  2.3586e+05   1.11e-21
  2.4049e+05   1.03e-21
  2.4522e+05   9.63e-22
  2.5004e+05   8.95e-22
  2.5495e+05   8.30e-22
  2.5996e+05   7.67e-22
  2.6506e+05   7.07e-22
  2.7027e+05   6.57e-22
  2.7558e+05   6.10e-22
  2.8099e+05   5.64e-22
  2.8651e+05   5.20e-22
  2.9214e+05   4.78e-22
  2.9788e+05   4.38e-22
  3.0373e+05   4.06e-22
  3.0970e+05   3.75e-22
  3.1578e+05   3.45e-22
  3.2198e+05   3.17e-22
  3.2831e+05   2.90e-22
  3.3476e+05   2.65e-22
  3.4133e+05   2.44e-22
  3.4804e+05   2.25e-22
  3.5487e+05   2.06e-22
  3.6185e+05   1.88e-22
  3.6895e+05   1.71e-22
  3.7620e+05   1.56e-22
  3.8359e+05   1.43e-22
  3.9113e+05   1.31e-22
  3.9881e+05   1.20e-22
  4.0664e+05   1.09e-22
  4.1463e+05   9.83e-23
  4.2278e+05   8.91e-23
  4.3108e+05   8.17e-23
  4.3955e+05   7.46e-23
  4.4818e+05   6.78e-23
  4.5699e+05   6.13e-23
  4.6596e+05   5.51e-23
  4.7512e+05   4.98e-23
  4.8445e+05   4.55e-23
  4.9397e+05   4.14e-23
  5.0367e+05   3.74e-23
  5.1356e+05   3.37e-23
  5.2365e+05   3.01e-23
  5.3394e+05   2.72e-23
  5.4443e+05   2.47e-23
  5.5512e+05   2.24e-23
  5.6603e+05   2.01e-23
  5.7715e+05   1.80e-23
  5.8848e+05   1.60e-23
  6.0004e+05   1.44e-23
  6.1183e+05   1.31e-23
  6.2385e+05   1.18e-23
  6.3610e+05   1.06e-23
  6.4860e+05   9.49e-24
  6.6134e+05   8.41e-24
  6.7433e+05   7.59e-24
  6.8758e+05   6.89e-24
  7.0108e+05   6.23e-24
  7.1486e+05   5.60e-24
  7.2890e+05   5.01e-24
  7.4322e+05   4.45e-24
  7.5782e+05   4.03e-24
  7.7270e+05   3.67e-24
  7.8788e+05   3.32e-24
  8.0336e+05   3.00e-24
  8.1914e+05   2.69e-24
  8.3523e+05   2.40e-24
  8.5164e+05   2.20e-24
  8.6837e+05   2.01e-24
  8.8542e+05   1.84e-24
  9.0282e+05   1.68e-24
  9.2055e+05   1.52e-24
  9.3863e+05   1.38e-24
  9.5707e+05   1.28e-24
  9.7587e+05   1.18e-24
  9.9504e+05   1.09e-24
  1.0146e+06   1.00e-24
  1.0345e+06   9.24e-25
  1.0548e+06   8.47e-25
  1.0756e+06   7.90e-25
  1.0967e+06   7.35e-25
  1.1182e+06   6.83e-25
  1.1402e+06   6.34e-25
  1.1626e+06   5.87e-25
  1.1854e+06   5.43e-25
  1.2087e+06   5.06e-25
  1.2325e+06   4.70e-25
  1.2567e+06   4.37e-25
  1.2814e+06   4.05e-25
  1.3065e+06   3.74e-25
  1.3322e+06   3.47e-25
  1.3584e+06   3.27e-25
  1.3851e+06   3.09e-25
  1.4123e+06   2.91e-25
  1.4400e+06   2.74e-25
