#  E [MeV]   Flux [# cm^{-2} s^{-1}  MeV^{-1}]
  3.0000e+04   3.56e-27
  3.1232e+04   3.42e-27
  3.2514e+04   3.29e-27
  3.3849e+04   3.16e-27
  3.5238e+04   3.04e-27
  3.6685e+04   2.92e-27
  3.8191e+04   2.80e-27
  3.9759e+04   2.69e-27
  4.1391e+04   2.58e-27
  4.3090e+04   2.48e-27
  4.4859e+04   2.38e-27
  4.6701e+04   2.28e-27
  4.8618e+04   2.18e-27
  5.0614e+04   2.09e-27
  5.2692e+04   2.01e-27
  5.4855e+04   1.92e-27
  5.7107e+04   1.84e-27
  5.9451e+04   1.77e-27
  6.1892e+04   1.69e-27
  6.4433e+04   1.62e-27
  6.7078e+04   1.55e-27
  6.9832e+04   1.48e-27
  7.2699e+04   1.42e-27
  7.5683e+04   1.36e-27
  7.8790e+04   1.30e-27
  8.2025e+04   1.24e-27
  8.5392e+04   1.18e-27
  8.8898e+04   1.13e-27
  9.2547e+04   1.08e-27
  9.6347e+04   1.03e-27
  1.0030e+05   9.82e-28
  1.0442e+05   9.37e-28
  1.0871e+05   8.93e-28
  1.1317e+05   8.51e-28
  1.1782e+05   8.11e-28
  1.2265e+05   7.73e-28
  1.2769e+05   7.36e-28
  1.3293e+05   7.00e-28
  1.3839e+05   6.66e-28
  1.4407e+05   6.33e-28
  1.4998e+05   6.02e-28
  1.5614e+05   5.72e-28
  1.6255e+05   5.43e-28
  1.6922e+05   5.16e-28
  1.7617e+05   4.89e-28
  1.8340e+05   4.64e-28
  1.9093e+05   4.40e-28
  1.9877e+05   4.16e-28
  2.0693e+05   3.94e-28
  2.1543e+05   3.73e-28
  2.2427e+05   3.52e-28
  2.3348e+05   3.33e-28
  2.4306e+05   3.15e-28
  2.5304e+05   2.97e-28
  2.6343e+05   2.80e-28
  2.7424e+05   2.64e-28
  2.8550e+05   2.48e-28
  2.9722e+05   2.34e-28
  3.0942e+05   2.20e-28
  3.2213e+05   2.06e-28
  3.3535e+05   1.94e-28
  3.4912e+05   1.82e-28
  3.6345e+05   1.70e-28
  3.7837e+05   1.60e-28
  3.9390e+05   1.49e-28
  4.1008e+05   1.40e-28
  4.2691e+05   1.30e-28
  4.4444e+05   1.22e-28
  4.6268e+05   1.14e-28
  4.8168e+05   1.06e-28
  5.0145e+05   9.86e-29
  5.2204e+05   9.18e-29
  5.4347e+05   8.54e-29
  5.6578e+05   7.93e-29
  5.8901e+05   7.37e-29
  6.1319e+05   6.84e-29
  6.3836e+05   6.34e-29
  6.6457e+05   5.88e-29
  6.9185e+05   5.45e-29
  7.2025e+05   5.05e-29
  7.4982e+05   4.68e-29
  7.8061e+05   4.33e-29
  8.1265e+05   4.01e-29
  8.4601e+05   3.71e-29
  8.8075e+05   3.44e-29
  9.1690e+05   3.18e-29
  9.5455e+05   2.94e-29
  9.9373e+05   2.73e-29
  1.0345e+06   2.52e-29
  1.0770e+06   2.33e-29
  1.1212e+06   2.16e-29
  1.1672e+06   2.00e-29
  1.2152e+06   1.85e-29
  1.2650e+06   1.72e-29
  1.3170e+06   1.59e-29
  1.3711e+06   1.48e-29
  1.4273e+06   1.37e-29
  1.4859e+06   1.27e-29
  1.5469e+06   1.18e-29
  1.6104e+06   1.09e-29
  1.6766e+06   1.01e-29
  1.7454e+06   9.42e-30
  1.8170e+06   8.75e-30
  1.8916e+06   8.13e-30
  1.9693e+06   7.56e-30
  2.0501e+06   7.03e-30
  2.1343e+06   6.53e-30
  2.2219e+06   6.07e-30
  2.3131e+06   5.65e-30
  2.4081e+06   5.25e-30
  2.5070e+06   4.88e-30
  2.6099e+06   4.54e-30
  2.7170e+06   4.22e-30
  2.8286e+06   3.92e-30
  2.9447e+06   3.65e-30
  3.0656e+06   3.39e-30
  3.1914e+06   3.15e-30
  3.3225e+06   2.93e-30
  3.4589e+06   2.72e-30
  3.6008e+06   2.53e-30
  3.7487e+06   2.35e-30
  3.9026e+06   2.18e-30
  4.0628e+06   2.02e-30
  4.2296e+06   1.87e-30
  4.4032e+06   1.73e-30
  4.5840e+06   1.60e-30
  4.7722e+06   1.48e-30
  4.9681e+06   1.36e-30
  5.1720e+06   1.26e-30
  5.3844e+06   1.16e-30
  5.6054e+06   1.06e-30
  5.8355e+06   9.77e-31
  6.0751e+06   8.95e-31
  6.3245e+06   8.19e-31
  6.5841e+06   7.47e-31
  6.8544e+06   6.80e-31
  7.1358e+06   6.18e-31
  7.4288e+06   5.59e-31
  7.7338e+06   5.04e-31
  8.0513e+06   4.54e-31
  8.3818e+06   4.06e-31
  8.7259e+06   3.62e-31
  9.0841e+06   3.22e-31
  9.4571e+06   2.84e-31
  9.8453e+06   2.49e-31
  1.0249e+07   2.17e-31
  1.0670e+07   1.88e-31
  1.1108e+07   1.61e-31
  1.1564e+07   1.37e-31
  1.2039e+07   1.15e-31
  1.2533e+07   9.57e-32
  1.3048e+07   7.84e-32
  1.3584e+07   6.33e-32
  1.4141e+07   5.03e-32
  1.4722e+07   3.92e-32
  1.5326e+07   2.99e-32
  1.5955e+07   2.22e-32
  1.6610e+07   1.61e-32
  1.7292e+07   1.12e-32
  1.8002e+07   7.60e-33
  1.8741e+07   4.92e-33
  1.9511e+07   3.03e-33
  2.0312e+07   1.76e-33
  2.1145e+07   9.62e-34
  2.2013e+07   4.85e-34
  2.2917e+07   2.24e-34
  2.3858e+07   9.26e-35
  2.4837e+07   3.38e-35
  2.5857e+07   1.06e-35
  2.6919e+07   2.80e-36
  2.8024e+07   5.94e-37
  2.9174e+07   9.74e-38
  3.0372e+07   1.16e-38
  3.1619e+07   9.48e-40
  3.2917e+07   4.80e-41
  3.4268e+07   1.35e-42
  3.5675e+07   1.84e-44
  3.7140e+07   9.92e-47
  3.8664e+07   1.67e-49
  4.0252e+07   6.40e-53
  4.1904e+07   3.61e-57
  4.3624e+07   1.70e-62
  4.5415e+07   3.09e-69
  4.7280e+07   1.63e-71
  4.9221e+07   1.54e-71
  5.1241e+07   1.45e-71
  5.3345e+07   1.37e-71
  5.5535e+07   1.29e-71
  5.7815e+07   1.22e-71
  6.0188e+07   1.15e-71
  6.2659e+07   1.09e-71
  6.5232e+07   1.02e-71
  6.7910e+07   9.63e-72
  7.0698e+07   9.05e-72
  7.3600e+07   8.51e-72
  7.6621e+07   7.99e-72
  7.9767e+07   7.48e-72
  8.3042e+07   7.00e-72
  8.6451e+07   6.57e-72
  9.0000e+07   6.18e-72
