#  E [GeV]   # per interaction  [GeV^{-1}]
  3.0000e+01   4.69e-03
  3.0589e+01   4.56e-03
  3.1190e+01   4.44e-03
  3.1803e+01   4.32e-03
  3.2428e+01   4.21e-03
  3.3065e+01   4.09e-03
  3.3714e+01   3.98e-03
  3.4376e+01   3.88e-03
  3.5052e+01   3.77e-03
  3.5740e+01   3.67e-03
  3.6442e+01   3.57e-03
  3.7158e+01   3.48e-03
  3.7888e+01   3.38e-03
  3.8632e+01   3.29e-03
  3.9391e+01   3.20e-03
  4.0165e+01   3.12e-03
  4.0954e+01   3.03e-03
  4.1758e+01   2.95e-03
  4.2579e+01   2.87e-03
  4.3415e+01   2.80e-03
  4.4268e+01   2.72e-03
  4.5138e+01   2.65e-03
  4.6024e+01   2.58e-03
  4.6928e+01   2.51e-03
  4.7850e+01   2.44e-03
  4.8790e+01   2.38e-03
  4.9749e+01   2.32e-03
  5.0726e+01   2.25e-03
  5.1722e+01   2.19e-03
  5.2738e+01   2.14e-03
  5.3774e+01   2.08e-03
  5.4831e+01   2.03e-03
  5.5908e+01   1.97e-03
  5.7006e+01   1.92e-03
  5.8126e+01   1.87e-03
  5.9268e+01   1.82e-03
  6.0432e+01   1.77e-03
  6.1619e+01   1.73e-03
  6.2829e+01   1.68e-03
  6.4064e+01   1.64e-03
  6.5322e+01   1.59e-03
  6.6605e+01   1.55e-03
  6.7913e+01   1.51e-03
  6.9248e+01   1.47e-03
  7.0608e+01   1.44e-03
  7.1995e+01   1.40e-03
  7.3409e+01   1.36e-03
  7.4851e+01   1.33e-03
  7.6321e+01   1.29e-03
  7.7821e+01   1.26e-03
  7.9349e+01   1.23e-03
  8.0908e+01   1.19e-03
  8.2497e+01   1.16e-03
  8.4118e+01   1.13e-03
  8.5770e+01   1.10e-03
  8.7455e+01   1.08e-03
  8.9173e+01   1.05e-03
  9.0925e+01   1.02e-03
  9.2711e+01   9.96e-04
  9.4532e+01   9.70e-04
  9.6389e+01   9.45e-04
  9.8283e+01   9.21e-04
  1.0021e+02   8.98e-04
  1.0218e+02   8.75e-04
  1.0419e+02   8.52e-04
  1.0624e+02   8.31e-04
  1.0832e+02   8.09e-04
  1.1045e+02   7.89e-04
  1.1262e+02   7.69e-04
  1.1483e+02   7.49e-04
  1.1709e+02   7.30e-04
  1.1939e+02   7.11e-04
  1.2173e+02   6.93e-04
  1.2412e+02   6.75e-04
  1.2656e+02   6.58e-04
  1.2905e+02   6.41e-04
  1.3158e+02   6.24e-04
  1.3417e+02   6.08e-04
  1.3680e+02   5.93e-04
  1.3949e+02   5.78e-04
  1.4223e+02   5.63e-04
  1.4503e+02   5.49e-04
  1.4787e+02   5.34e-04
  1.5078e+02   5.21e-04
  1.5374e+02   5.07e-04
  1.5676e+02   4.94e-04
  1.5984e+02   4.81e-04
  1.6298e+02   4.69e-04
  1.6618e+02   4.56e-04
  1.6945e+02   4.44e-04
  1.7278e+02   4.33e-04
  1.7617e+02   4.21e-04
  1.7963e+02   4.10e-04
  1.8316e+02   3.99e-04
  1.8676e+02   3.89e-04
  1.9042e+02   3.78e-04
  1.9417e+02   3.68e-04
  1.9798e+02   3.58e-04
  2.0187e+02   3.49e-04
  2.0583e+02   3.39e-04
  2.0988e+02   3.30e-04
  2.1400e+02   3.21e-04
  2.1820e+02   3.12e-04
  2.2249e+02   3.04e-04
  2.2686e+02   2.96e-04
  2.3132e+02   2.87e-04
  2.3586e+02   2.79e-04
  2.4049e+02   2.72e-04
  2.4522e+02   2.64e-04
  2.5004e+02   2.57e-04
  2.5495e+02   2.49e-04
  2.5996e+02   2.42e-04
  2.6506e+02   2.35e-04
  2.7027e+02   2.28e-04
  2.7558e+02   2.22e-04
  2.8099e+02   2.15e-04
  2.8651e+02   2.09e-04
  2.9214e+02   2.03e-04
  2.9788e+02   1.97e-04
  3.0373e+02   1.91e-04
  3.0970e+02   1.85e-04
  3.1578e+02   1.79e-04
  3.2198e+02   1.74e-04
  3.2831e+02   1.68e-04
  3.3476e+02   1.63e-04
  3.4133e+02   1.58e-04
  3.4804e+02   1.53e-04
  3.5487e+02   1.48e-04
  3.6185e+02   1.43e-04
  3.6895e+02   1.38e-04
  3.7620e+02   1.34e-04
  3.8359e+02   1.29e-04
  3.9113e+02   1.25e-04
  3.9881e+02   1.21e-04
  4.0664e+02   1.17e-04
  4.1463e+02   1.13e-04
  4.2278e+02   1.09e-04
  4.3108e+02   1.05e-04
  4.3955e+02   1.01e-04
  4.4818e+02   9.79e-05
  4.5699e+02   9.44e-05
  4.6596e+02   9.10e-05
  4.7512e+02   8.78e-05
  4.8445e+02   8.46e-05
  4.9397e+02   8.15e-05
  5.0367e+02   7.86e-05
  5.1356e+02   7.57e-05
  5.2365e+02   7.29e-05
  5.3394e+02   7.02e-05
  5.4443e+02   6.75e-05
  5.5512e+02   6.50e-05
  5.6603e+02   6.25e-05
  5.7715e+02   6.01e-05
  5.8848e+02   5.78e-05
  6.0004e+02   5.55e-05
  6.1183e+02   5.34e-05
  6.2385e+02   5.13e-05
  6.3610e+02   4.93e-05
  6.4860e+02   4.73e-05
  6.6134e+02   4.54e-05
  6.7433e+02   4.36e-05
  6.8758e+02   4.19e-05
  7.0108e+02   4.02e-05
  7.1486e+02   3.85e-05
  7.2890e+02   3.70e-05
  7.4322e+02   3.55e-05
  7.5782e+02   3.40e-05
  7.7270e+02   3.26e-05
  7.8788e+02   3.13e-05
  8.0336e+02   3.00e-05
  8.1914e+02   2.88e-05
  8.3523e+02   2.76e-05
  8.5164e+02   2.65e-05
  8.6837e+02   2.54e-05
  8.8542e+02   2.43e-05
  9.0282e+02   2.33e-05
  9.2055e+02   2.24e-05
  9.3863e+02   2.15e-05
  9.5707e+02   2.06e-05
  9.7587e+02   1.98e-05
  9.9504e+02   1.89e-05
  1.0146e+03   1.82e-05
  1.0345e+03   1.74e-05
  1.0548e+03   1.67e-05
  1.0756e+03   1.60e-05
  1.0967e+03   1.54e-05
  1.1182e+03   1.47e-05
  1.1402e+03   1.41e-05
  1.1626e+03   1.35e-05
  1.1854e+03   1.30e-05
  1.2087e+03   1.24e-05
  1.2325e+03   1.19e-05
  1.2567e+03   1.14e-05
  1.2814e+03   1.09e-05
  1.3065e+03   1.05e-05
  1.3322e+03   1.01e-05
  1.3584e+03   9.69e-06
  1.3851e+03   9.34e-06
  1.4123e+03   9.00e-06
  1.4400e+03   8.67e-06
