#  E [GeV]   # per interaction  [GeV^{-1}]
  3.0000e+01   3.14e-01
  3.0675e+01   3.02e-01
  3.1366e+01   2.91e-01
  3.2072e+01   2.81e-01
  3.2794e+01   2.70e-01
  3.3533e+01   2.60e-01
  3.4288e+01   2.51e-01
  3.5060e+01   2.41e-01
  3.5849e+01   2.32e-01
  3.6656e+01   2.24e-01
  3.7482e+01   2.15e-01
  3.8326e+01   2.07e-01
  3.9188e+01   1.99e-01
  4.0071e+01   1.92e-01
  4.0973e+01   1.84e-01
  4.1896e+01   1.77e-01
  4.2839e+01   1.70e-01
  4.3803e+01   1.64e-01
  4.4790e+01   1.57e-01
  4.5798e+01   1.51e-01
  4.6829e+01   1.45e-01
  4.7884e+01   1.39e-01
  4.8962e+01   1.34e-01
  5.0064e+01   1.29e-01
  5.1191e+01   1.23e-01
  5.2344e+01   1.18e-01
  5.3522e+01   1.13e-01
  5.4727e+01   1.09e-01
  5.5960e+01   1.04e-01
  5.7219e+01   1.00e-01
  5.8508e+01   9.57e-02
  5.9825e+01   9.17e-02
  6.1172e+01   8.78e-02
  6.2549e+01   8.40e-02
  6.3958e+01   8.04e-02
  6.5398e+01   7.69e-02
  6.6870e+01   7.36e-02
  6.8376e+01   7.03e-02
  6.9915e+01   6.72e-02
  7.1489e+01   6.42e-02
  7.3099e+01   6.13e-02
  7.4745e+01   5.86e-02
  7.6428e+01   5.59e-02
  7.8148e+01   5.34e-02
  7.9908e+01   5.09e-02
  8.1707e+01   4.86e-02
  8.3547e+01   4.63e-02
  8.5428e+01   4.42e-02
  8.7351e+01   4.21e-02
  8.9318e+01   4.01e-02
  9.1329e+01   3.82e-02
  9.3385e+01   3.63e-02
  9.5488e+01   3.46e-02
  9.7638e+01   3.29e-02
  9.9836e+01   3.13e-02
  1.0208e+02   2.97e-02
  1.0438e+02   2.82e-02
  1.0673e+02   2.68e-02
  1.0914e+02   2.55e-02
  1.1159e+02   2.42e-02
  1.1411e+02   2.30e-02
  1.1667e+02   2.18e-02
  1.1930e+02   2.06e-02
  1.2199e+02   1.96e-02
  1.2473e+02   1.85e-02
  1.2754e+02   1.75e-02
  1.3041e+02   1.66e-02
  1.3335e+02   1.57e-02
  1.3635e+02   1.48e-02
  1.3942e+02   1.40e-02
  1.4256e+02   1.32e-02
  1.4577e+02   1.25e-02
  1.4905e+02   1.18e-02
  1.5241e+02   1.11e-02
  1.5584e+02   1.05e-02
  1.5935e+02   9.86e-03
  1.6294e+02   9.28e-03
  1.6661e+02   8.73e-03
  1.7036e+02   8.23e-03
  1.7419e+02   7.74e-03
  1.7812e+02   7.27e-03
  1.8213e+02   6.82e-03
  1.8623e+02   6.40e-03
  1.9042e+02   6.01e-03
  1.9471e+02   5.64e-03
  1.9909e+02   5.29e-03
  2.0357e+02   4.94e-03
  2.0816e+02   4.62e-03
  2.1284e+02   4.33e-03
  2.1763e+02   4.06e-03
  2.2253e+02   3.79e-03
  2.2755e+02   3.54e-03
  2.3267e+02   3.29e-03
  2.3791e+02   3.08e-03
  2.4326e+02   2.87e-03
  2.4874e+02   2.68e-03
  2.5434e+02   2.49e-03
  2.6007e+02   2.30e-03
  2.6592e+02   2.15e-03
  2.7191e+02   2.00e-03
  2.7803e+02   1.86e-03
  2.8429e+02   1.72e-03
  2.9069e+02   1.59e-03
  2.9724e+02   1.47e-03
  3.0393e+02   1.37e-03
  3.1077e+02   1.26e-03
  3.1777e+02   1.17e-03
  3.2493e+02   1.07e-03
  3.3224e+02   9.92e-04
  3.3972e+02   9.17e-04
  3.4737e+02   8.47e-04
  3.5519e+02   7.79e-04
  3.6319e+02   7.14e-04
  3.7137e+02   6.56e-04
  3.7973e+02   6.05e-04
  3.8828e+02   5.57e-04
  3.9702e+02   5.11e-04
  4.0596e+02   4.67e-04
  4.1510e+02   4.26e-04
  4.2444e+02   3.92e-04
  4.3400e+02   3.60e-04
  4.4377e+02   3.29e-04
  4.5376e+02   3.00e-04
  4.6398e+02   2.72e-04
  4.7443e+02   2.49e-04
  4.8511e+02   2.28e-04
  4.9603e+02   2.08e-04
  5.0720e+02   1.88e-04
  5.1862e+02   1.70e-04
  5.3030e+02   1.55e-04
  5.4224e+02   1.42e-04
  5.5444e+02   1.29e-04
  5.6693e+02   1.17e-04
  5.7969e+02   1.05e-04
  5.9274e+02   9.54e-05
  6.0609e+02   8.69e-05
  6.1974e+02   7.88e-05
  6.3369e+02   7.11e-05
  6.4796e+02   6.39e-05
  6.6255e+02   5.78e-05
  6.7746e+02   5.25e-05
  6.9272e+02   4.76e-05
  7.0831e+02   4.29e-05
  7.2426e+02   3.85e-05
  7.4057e+02   3.47e-05
  7.5724e+02   3.15e-05
  7.7429e+02   2.85e-05
  7.9172e+02   2.57e-05
  8.0955e+02   2.31e-05
  8.2778e+02   2.07e-05
  8.4641e+02   1.88e-05
  8.6547e+02   1.71e-05
  8.8496e+02   1.54e-05
  9.0488e+02   1.38e-05
  9.2526e+02   1.24e-05
  9.4609e+02   1.13e-05
  9.6739e+02   1.03e-05
  9.8917e+02   9.29e-06
  1.0114e+03   8.39e-06
  1.0342e+03   7.53e-06
  1.0575e+03   6.88e-06
  1.0813e+03   6.28e-06
  1.1057e+03   5.73e-06
  1.1305e+03   5.20e-06
  1.1560e+03   4.70e-06
  1.1820e+03   4.30e-06
  1.2086e+03   3.95e-06
  1.2359e+03   3.62e-06
  1.2637e+03   3.31e-06
  1.2921e+03   3.02e-06
  1.3212e+03   2.77e-06
  1.3510e+03   2.56e-06
  1.3814e+03   2.36e-06
  1.4125e+03   2.17e-06
  1.4443e+03   2.00e-06
  1.4768e+03   1.84e-06
  1.5101e+03   1.71e-06
  1.5441e+03   1.59e-06
  1.5788e+03   1.47e-06
  1.6144e+03   1.36e-06
  1.6507e+03   1.26e-06
  1.6879e+03   1.18e-06
  1.7259e+03   1.10e-06
  1.7648e+03   1.02e-06
  1.8045e+03   9.49e-07
  1.8451e+03   8.80e-07
  1.8867e+03   8.21e-07
  1.9291e+03   7.65e-07
  1.9726e+03   7.11e-07
  2.0170e+03   6.61e-07
  2.0624e+03   6.12e-07
  2.1088e+03   5.68e-07
  2.1563e+03   5.25e-07
  2.2049e+03   4.85e-07
  2.2545e+03   4.47e-07
  2.3053e+03   4.10e-07
  2.3572e+03   3.82e-07
  2.4102e+03   3.58e-07
  2.4645e+03   3.36e-07
  2.5200e+03   3.14e-07
