#  E [MeV]   Flux [# cm^{-2} s^{-1}  MeV^{-1}]
  3.0000e+04   2.62e-24
  3.1141e+04   2.52e-24
  3.2326e+04   2.42e-24
  3.3556e+04   2.32e-24
  3.4832e+04   2.23e-24
  3.6157e+04   2.15e-24
  3.7533e+04   2.06e-24
  3.8961e+04   1.98e-24
  4.0443e+04   1.90e-24
  4.1982e+04   1.83e-24
  4.3579e+04   1.76e-24
  4.5237e+04   1.69e-24
  4.6958e+04   1.62e-24
  4.8744e+04   1.55e-24
  5.0598e+04   1.49e-24
  5.2523e+04   1.43e-24
  5.4521e+04   1.38e-24
  5.6596e+04   1.32e-24
  5.8749e+04   1.27e-24
  6.0984e+04   1.22e-24
  6.3304e+04   1.17e-24
  6.5712e+04   1.12e-24
  6.8212e+04   1.08e-24
  7.0807e+04   1.03e-24
  7.3500e+04   9.90e-25
  7.6297e+04   9.49e-25
  7.9199e+04   9.11e-25
  8.2212e+04   8.73e-25
  8.5340e+04   8.37e-25
  8.8586e+04   8.02e-25
  9.1956e+04   7.69e-25
  9.5455e+04   7.37e-25
  9.9086e+04   7.06e-25
  1.0286e+05   6.76e-25
  1.0677e+05   6.48e-25
  1.1083e+05   6.20e-25
  1.1505e+05   5.94e-25
  1.1942e+05   5.68e-25
  1.2397e+05   5.44e-25
  1.2868e+05   5.20e-25
  1.3358e+05   4.97e-25
  1.3866e+05   4.76e-25
  1.4394e+05   4.55e-25
  1.4941e+05   4.35e-25
  1.5509e+05   4.15e-25
  1.6100e+05   3.97e-25
  1.6712e+05   3.79e-25
  1.7348e+05   3.62e-25
  1.8008e+05   3.45e-25
  1.8693e+05   3.29e-25
  1.9404e+05   3.14e-25
  2.0142e+05   2.99e-25
  2.0908e+05   2.85e-25
  2.1704e+05   2.72e-25
  2.2529e+05   2.59e-25
  2.3387e+05   2.46e-25
  2.4276e+05   2.35e-25
  2.5200e+05   2.23e-25
  2.6158e+05   2.12e-25
  2.7154e+05   2.02e-25
  2.8187e+05   1.92e-25
  2.9259e+05   1.82e-25
  3.0372e+05   1.73e-25
  3.1527e+05   1.64e-25
  3.2727e+05   1.55e-25
  3.3972e+05   1.47e-25
  3.5264e+05   1.40e-25
  3.6606e+05   1.32e-25
  3.7998e+05   1.25e-25
  3.9444e+05   1.18e-25
  4.0945e+05   1.12e-25
  4.2502e+05   1.06e-25
  4.4119e+05   9.98e-26
  4.5798e+05   9.42e-26
  4.7540e+05   8.89e-26
  4.9348e+05   8.38e-26
  5.1226e+05   7.90e-26
  5.3175e+05   7.44e-26
  5.5198e+05   7.00e-26
  5.7297e+05   6.59e-26
  5.9477e+05   6.20e-26
  6.1740e+05   5.83e-26
  6.4089e+05   5.47e-26
  6.6527e+05   5.14e-26
  6.9058e+05   4.82e-26
  7.1685e+05   4.52e-26
  7.4412e+05   4.23e-26
  7.7243e+05   3.97e-26
  8.0181e+05   3.71e-26
  8.3232e+05   3.48e-26
  8.6398e+05   3.25e-26
  8.9685e+05   3.04e-26
  9.3097e+05   2.84e-26
  9.6638e+05   2.65e-26
  1.0031e+06   2.48e-26
  1.0413e+06   2.31e-26
  1.0809e+06   2.16e-26
  1.1220e+06   2.01e-26
  1.1647e+06   1.87e-26
  1.2090e+06   1.74e-26
  1.2550e+06   1.62e-26
  1.3028e+06   1.51e-26
  1.3523e+06   1.40e-26
  1.4038e+06   1.30e-26
  1.4572e+06   1.21e-26
  1.5126e+06   1.12e-26
  1.5702e+06   1.04e-26
  1.6299e+06   9.62e-27
  1.6919e+06   8.91e-27
  1.7563e+06   8.24e-27
  1.8231e+06   7.62e-27
  1.8925e+06   7.04e-27
  1.9645e+06   6.49e-27
  2.0392e+06   5.99e-27
  2.1168e+06   5.53e-27
  2.1973e+06   5.09e-27
  2.2809e+06   4.68e-27
  2.3677e+06   4.31e-27
  2.4577e+06   3.96e-27
  2.5512e+06   3.64e-27
  2.6483e+06   3.34e-27
  2.7490e+06   3.05e-27
  2.8536e+06   2.80e-27
  2.9622e+06   2.56e-27
  3.0749e+06   2.34e-27
  3.1918e+06   2.13e-27
  3.3133e+06   1.95e-27
  3.4393e+06   1.77e-27
  3.5702e+06   1.61e-27
  3.7060e+06   1.47e-27
  3.8470e+06   1.33e-27
  3.9933e+06   1.21e-27
  4.1452e+06   1.10e-27
  4.3029e+06   9.95e-28
  4.4666e+06   8.99e-28
  4.6366e+06   8.14e-28
  4.8129e+06   7.35e-28
  4.9960e+06   6.61e-28
  5.1861e+06   5.97e-28
  5.3834e+06   5.37e-28
  5.5882e+06   4.80e-28
  5.8008e+06   4.32e-28
  6.0215e+06   3.87e-28
  6.2506e+06   3.45e-28
  6.4883e+06   3.09e-28
  6.7352e+06   2.76e-28
  6.9914e+06   2.45e-28
  7.2574e+06   2.19e-28
  7.5335e+06   1.95e-28
  7.8201e+06   1.72e-28
  8.1176e+06   1.53e-28
  8.4264e+06   1.36e-28
  8.7470e+06   1.19e-28
  9.0797e+06   1.05e-28
  9.4251e+06   9.30e-29
  9.7837e+06   8.15e-29
  1.0156e+07   7.15e-29
  1.0542e+07   6.28e-29
  1.0943e+07   5.47e-29
  1.1360e+07   4.76e-29
  1.1792e+07   4.16e-29
  1.2240e+07   3.60e-29
  1.2706e+07   3.11e-29
  1.3189e+07   2.70e-29
  1.3691e+07   2.32e-29
  1.4212e+07   1.99e-29
  1.4753e+07   1.71e-29
  1.5314e+07   1.46e-29
  1.5897e+07   1.24e-29
  1.6501e+07   1.06e-29
  1.7129e+07   8.90e-30
  1.7781e+07   7.43e-30
  1.8457e+07   6.27e-30
  1.9159e+07   5.22e-30
  1.9888e+07   4.28e-30
  2.0645e+07   3.55e-30
  2.1430e+07   2.90e-30
  2.2245e+07   2.32e-30
  2.3092e+07   1.87e-30
  2.3970e+07   1.48e-30
  2.4882e+07   1.15e-30
  2.5829e+07   8.91e-31
  2.6811e+07   6.76e-31
  2.7831e+07   4.96e-31
  2.8890e+07   3.63e-31
  2.9989e+07   2.58e-31
  3.1130e+07   1.75e-31
  3.2314e+07   1.16e-31
  3.3544e+07   7.31e-32
  3.4820e+07   4.31e-32
  3.6144e+07   2.39e-32
  3.7519e+07   1.21e-32
  3.8947e+07   5.47e-33
  4.0428e+07   2.16e-33
  4.1966e+07   7.17e-34
  4.3563e+07   1.89e-34
  4.5220e+07   3.71e-35
  4.6941e+07   5.04e-36
  4.8726e+07   4.15e-37
  5.0580e+07   1.79e-38
