#  E [GeV]   # per interaction  [GeV^{-1}]
  3.0000e+01   2.95e-02
  3.1232e+01   2.84e-02
  3.2514e+01   2.73e-02
  3.3849e+01   2.62e-02
  3.5238e+01   2.52e-02
  3.6685e+01   2.42e-02
  3.8191e+01   2.32e-02
  3.9759e+01   2.23e-02
  4.1391e+01   2.14e-02
  4.3090e+01   2.05e-02
  4.4859e+01   1.97e-02
  4.6701e+01   1.89e-02
  4.8618e+01   1.81e-02
  5.0614e+01   1.73e-02
  5.2692e+01   1.66e-02
  5.4855e+01   1.59e-02
  5.7107e+01   1.52e-02
  5.9451e+01   1.46e-02
  6.1892e+01   1.40e-02
  6.4433e+01   1.34e-02
  6.7078e+01   1.28e-02
  6.9832e+01   1.22e-02
  7.2699e+01   1.17e-02
  7.5683e+01   1.12e-02
  7.8790e+01   1.07e-02
  8.2025e+01   1.02e-02
  8.5392e+01   9.76e-03
  8.8898e+01   9.32e-03
  9.2547e+01   8.89e-03
  9.6347e+01   8.49e-03
  1.0030e+02   8.09e-03
  1.0442e+02   7.72e-03
  1.0871e+02   7.35e-03
  1.1317e+02   7.01e-03
  1.1782e+02   6.67e-03
  1.2265e+02   6.35e-03
  1.2769e+02   6.05e-03
  1.3293e+02   5.75e-03
  1.3839e+02   5.47e-03
  1.4407e+02   5.20e-03
  1.4998e+02   4.93e-03
  1.5614e+02   4.68e-03
  1.6255e+02   4.44e-03
  1.6922e+02   4.21e-03
  1.7617e+02   3.99e-03
  1.8340e+02   3.78e-03
  1.9093e+02   3.58e-03
  1.9877e+02   3.39e-03
  2.0693e+02   3.20e-03
  2.1543e+02   3.02e-03
  2.2427e+02   2.85e-03
  2.3348e+02   2.69e-03
  2.4306e+02   2.54e-03
  2.5304e+02   2.39e-03
  2.6343e+02   2.25e-03
  2.7424e+02   2.12e-03
  2.8550e+02   1.99e-03
  2.9722e+02   1.86e-03
  3.0942e+02   1.75e-03
  3.2213e+02   1.64e-03
  3.3535e+02   1.53e-03
  3.4912e+02   1.43e-03
  3.6345e+02   1.34e-03
  3.7837e+02   1.25e-03
  3.9390e+02   1.17e-03
  4.1008e+02   1.09e-03
  4.2691e+02   1.01e-03
  4.4444e+02   9.39e-04
  4.6268e+02   8.72e-04
  4.8168e+02   8.10e-04
  5.0145e+02   7.50e-04
  5.2204e+02   6.95e-04
  5.4347e+02   6.43e-04
  5.6578e+02   5.95e-04
  5.8901e+02   5.50e-04
  6.1319e+02   5.08e-04
  6.3836e+02   4.68e-04
  6.6457e+02   4.32e-04
  6.9185e+02   3.98e-04
  7.2025e+02   3.67e-04
  7.4982e+02   3.38e-04
  7.8061e+02   3.11e-04
  8.1265e+02   2.87e-04
  8.4601e+02   2.64e-04
  8.8075e+02   2.43e-04
  9.1690e+02   2.24e-04
  9.5455e+02   2.06e-04
  9.9373e+02   1.90e-04
  1.0345e+03   1.75e-04
  1.0770e+03   1.61e-04
  1.1212e+03   1.48e-04
  1.1672e+03   1.37e-04
  1.2152e+03   1.26e-04
  1.2650e+03   1.16e-04
  1.3170e+03   1.07e-04
  1.3711e+03   9.91e-05
  1.4273e+03   9.16e-05
  1.4859e+03   8.46e-05
  1.5469e+03   7.83e-05
  1.6104e+03   7.24e-05
  1.6766e+03   6.70e-05
  1.7454e+03   6.20e-05
  1.8170e+03   5.75e-05
  1.8916e+03   5.32e-05
  1.9693e+03   4.93e-05
  2.0501e+03   4.57e-05
  2.1343e+03   4.24e-05
  2.2219e+03   3.93e-05
  2.3131e+03   3.65e-05
  2.4081e+03   3.38e-05
  2.5070e+03   3.14e-05
  2.6099e+03   2.91e-05
  2.7170e+03   2.70e-05
  2.8286e+03   2.50e-05
  2.9447e+03   2.32e-05
  3.0656e+03   2.15e-05
  3.1914e+03   1.99e-05
  3.3225e+03   1.84e-05
  3.4589e+03   1.71e-05
  3.6008e+03   1.58e-05
  3.7487e+03   1.46e-05
  3.9026e+03   1.35e-05
  4.0628e+03   1.24e-05
  4.2296e+03   1.15e-05
  4.4032e+03   1.06e-05
  4.5840e+03   9.70e-06
  4.7722e+03   8.90e-06
  4.9681e+03   8.17e-06
  5.1720e+03   7.47e-06
  5.3844e+03   6.82e-06
  5.6054e+03   6.22e-06
  5.8355e+03   5.65e-06
  6.0751e+03   5.13e-06
  6.3245e+03   4.64e-06
  6.5841e+03   4.18e-06
  6.8544e+03   3.75e-06
  7.1358e+03   3.36e-06
  7.4288e+03   2.99e-06
  7.7338e+03   2.65e-06
  8.0513e+03   2.34e-06
  8.3818e+03   2.05e-06
  8.7259e+03   1.79e-06
  9.0841e+03   1.55e-06
  9.4571e+03   1.33e-06
  9.8453e+03   1.14e-06
  1.0249e+04   9.59e-07
  1.0670e+04   8.01e-07
  1.1108e+04   6.61e-07
  1.1564e+04   5.38e-07
  1.2039e+04   4.31e-07
  1.2533e+04   3.40e-07
  1.3048e+04   2.63e-07
  1.3584e+04   1.99e-07
  1.4141e+04   1.48e-07
  1.4722e+04   1.06e-07
  1.5326e+04   7.43e-08
  1.5955e+04   5.02e-08
  1.6610e+04   3.26e-08
  1.7292e+04   2.02e-08
  1.8002e+04   1.19e-08
  1.8741e+04   6.64e-09
  1.9511e+04   3.45e-09
  2.0312e+04   1.66e-09
  2.1145e+04   7.27e-10
  2.2013e+04   2.86e-10
  2.2917e+04   9.96e-11
  2.3858e+04   3.00e-11
  2.4837e+04   7.58e-12
  2.5857e+04   1.56e-12
  2.6919e+04   2.53e-13
  2.8024e+04   3.06e-14
  2.9174e+04   2.61e-15
  3.0372e+04   1.46e-16
  3.1619e+04   4.85e-18
  3.2917e+04   8.60e-20
  3.4268e+04   6.99e-22
  3.5675e+04   2.17e-24
  3.7140e+04   2.01e-27
  3.8664e+04   4.10e-31
  4.0252e+04   1.22e-35
  4.1904e+04   3.11e-41
  4.3624e+04   1.50e-46
  4.5415e+04   1.42e-46
  4.7280e+04   1.34e-46
  4.9221e+04   1.27e-46
  5.1241e+04   1.19e-46
  5.3345e+04   1.13e-46
  5.5535e+04   1.07e-46
  5.7815e+04   1.01e-46
  6.0188e+04   9.48e-47
  6.2659e+04   8.93e-47
  6.5232e+04   8.41e-47
  6.7910e+04   7.92e-47
  7.0698e+04   7.44e-47
  7.3600e+04   7.00e-47
  7.6621e+04   6.56e-47
  7.9767e+04   6.14e-47
  8.3042e+04   5.75e-47
  8.6451e+04   5.40e-47
  9.0000e+04   5.08e-47
