#  E [MeV]   Flux [# cm^{-2} s^{-1}  MeV^{-1}]
  3.0000e+04   2.69e-25
  3.0872e+04   2.59e-25
  3.1770e+04   2.50e-25
  3.2694e+04   2.41e-25
  3.3644e+04   2.32e-25
  3.4623e+04   2.23e-25
  3.5629e+04   2.15e-25
  3.6665e+04   2.07e-25
  3.7731e+04   1.99e-25
  3.8829e+04   1.92e-25
  3.9958e+04   1.85e-25
  4.1119e+04   1.78e-25
  4.2315e+04   1.71e-25
  4.3545e+04   1.64e-25
  4.4812e+04   1.58e-25
  4.6115e+04   1.52e-25
  4.7456e+04   1.46e-25
  4.8835e+04   1.41e-25
  5.0255e+04   1.35e-25
  5.1717e+04   1.30e-25
  5.3220e+04   1.25e-25
  5.4768e+04   1.20e-25
  5.6360e+04   1.15e-25
  5.7999e+04   1.11e-25
  5.9686e+04   1.06e-25
  6.1421e+04   1.02e-25
  6.3207e+04   9.79e-26
  6.5045e+04   9.40e-26
  6.6936e+04   9.02e-26
  6.8882e+04   8.66e-26
  7.0885e+04   8.31e-26
  7.2947e+04   7.97e-26
  7.5068e+04   7.65e-26
  7.7250e+04   7.34e-26
  7.9496e+04   7.04e-26
  8.1808e+04   6.75e-26
  8.4187e+04   6.47e-26
  8.6635e+04   6.20e-26
  8.9154e+04   5.95e-26
  9.1746e+04   5.70e-26
  9.4414e+04   5.46e-26
  9.7159e+04   5.23e-26
  9.9984e+04   5.01e-26
  1.0289e+05   4.80e-26
  1.0588e+05   4.60e-26
  1.0896e+05   4.40e-26
  1.1213e+05   4.22e-26
  1.1539e+05   4.04e-26
  1.1875e+05   3.87e-26
  1.2220e+05   3.70e-26
  1.2575e+05   3.54e-26
  1.2941e+05   3.39e-26
  1.3317e+05   3.24e-26
  1.3704e+05   3.11e-26
  1.4103e+05   2.97e-26
  1.4513e+05   2.84e-26
  1.4935e+05   2.72e-26
  1.5369e+05   2.60e-26
  1.5816e+05   2.49e-26
  1.6276e+05   2.38e-26
  1.6749e+05   2.27e-26
  1.7236e+05   2.17e-26
  1.7737e+05   2.07e-26
  1.8253e+05   1.98e-26
  1.8784e+05   1.89e-26
  1.9330e+05   1.81e-26
  1.9892e+05   1.73e-26
  2.0470e+05   1.65e-26
  2.1066e+05   1.57e-26
  2.1678e+05   1.50e-26
  2.2309e+05   1.43e-26
  2.2957e+05   1.37e-26
  2.3625e+05   1.30e-26
  2.4312e+05   1.24e-26
  2.5019e+05   1.19e-26
  2.5746e+05   1.13e-26
  2.6495e+05   1.08e-26
  2.7265e+05   1.03e-26
  2.8058e+05   9.79e-27
  2.8874e+05   9.32e-27
  2.9713e+05   8.87e-27
  3.0577e+05   8.45e-27
  3.1466e+05   8.04e-27
  3.2381e+05   7.65e-27
  3.3323e+05   7.28e-27
  3.4292e+05   6.92e-27
  3.5289e+05   6.58e-27
  3.6315e+05   6.26e-27
  3.7371e+05   5.94e-27
  3.8457e+05   5.65e-27
  3.9576e+05   5.37e-27
  4.0726e+05   5.10e-27
  4.1911e+05   4.84e-27
  4.3129e+05   4.60e-27
  4.4383e+05   4.36e-27
  4.5674e+05   4.14e-27
  4.7002e+05   3.93e-27
  4.8368e+05   3.73e-27
  4.9775e+05   3.54e-27
  5.1222e+05   3.36e-27
  5.2712e+05   3.18e-27
  5.4244e+05   3.02e-27
  5.5821e+05   2.86e-27
  5.7445e+05   2.71e-27
  5.9115e+05   2.57e-27
  6.0834e+05   2.44e-27
  6.2603e+05   2.31e-27
  6.4423e+05   2.19e-27
  6.6296e+05   2.08e-27
  6.8224e+05   1.97e-27
  7.0208e+05   1.87e-27
  7.2249e+05   1.77e-27
  7.4350e+05   1.68e-27
  7.6512e+05   1.59e-27
  7.8736e+05   1.51e-27
  8.1026e+05   1.43e-27
  8.3382e+05   1.36e-27
  8.5806e+05   1.29e-27
  8.8301e+05   1.22e-27
  9.0869e+05   1.16e-27
  9.3511e+05   1.10e-27
  9.6230e+05   1.04e-27
  9.9028e+05   9.90e-28
  1.0191e+06   9.41e-28
  1.0487e+06   8.94e-28
  1.0792e+06   8.50e-28
  1.1106e+06   8.08e-28
  1.1429e+06   7.69e-28
  1.1761e+06   7.31e-28
  1.2103e+06   6.96e-28
  1.2455e+06   6.63e-28
  1.2817e+06   6.32e-28
  1.3190e+06   6.02e-28
  1.3573e+06   5.74e-28
  1.3968e+06   5.48e-28
  1.4374e+06   5.23e-28
  1.4792e+06   4.99e-28
  1.5222e+06   4.77e-28
  1.5665e+06   4.55e-28
  1.6120e+06   4.35e-28
  1.6589e+06   4.16e-28
  1.7071e+06   3.97e-28
  1.7568e+06   3.79e-28
  1.8079e+06   3.62e-28
  1.8604e+06   3.46e-28
  1.9145e+06   3.31e-28
  1.9702e+06   3.17e-28
  2.0275e+06   3.03e-28
  2.0864e+06   2.89e-28
  2.1471e+06   2.77e-28
  2.2095e+06   2.64e-28
  2.2738e+06   2.53e-28
  2.3399e+06   2.42e-28
  2.4079e+06   2.31e-28
  2.4779e+06   2.21e-28
  2.5500e+06   2.11e-28
  2.6241e+06   2.01e-28
  2.7004e+06   1.93e-28
  2.7790e+06   1.84e-28
  2.8598e+06   1.76e-28
  2.9429e+06   1.68e-28
  3.0285e+06   1.60e-28
  3.1165e+06   1.53e-28
  3.2072e+06   1.46e-28
  3.3004e+06   1.39e-28
  3.3964e+06   1.32e-28
  3.4951e+06   1.26e-28
  3.5968e+06   1.20e-28
  3.7013e+06   1.14e-28
  3.8090e+06   1.08e-28
  3.9197e+06   1.02e-28
  4.0337e+06   9.71e-29
  4.1510e+06   9.20e-29
  4.2717e+06   8.71e-29
  4.3959e+06   8.24e-29
  4.5237e+06   7.79e-29
  4.6552e+06   7.35e-29
  4.7906e+06   6.93e-29
  4.9299e+06   6.53e-29
  5.0732e+06   6.15e-29
  5.2208e+06   5.78e-29
  5.3726e+06   5.42e-29
  5.5288e+06   5.08e-29
  5.6895e+06   4.75e-29
  5.8550e+06   4.44e-29
  6.0252e+06   4.14e-29
  6.2004e+06   3.85e-29
  6.3807e+06   3.58e-29
  6.5662e+06   3.31e-29
  6.7572e+06   3.06e-29
  6.9536e+06   2.83e-29
  7.1558e+06   2.61e-29
  7.3639e+06   2.39e-29
  7.5780e+06   2.19e-29
  7.7984e+06   2.00e-29
  8.0251e+06   1.82e-29
  8.2585e+06   1.65e-29
  8.4986e+06   1.49e-29
  8.7457e+06   1.35e-29
  9.0000e+06   1.22e-29
