#  E [GeV]   # per interaction  [GeV^{-1}]
  3.0000e+01   5.94e-01
  3.1141e+01   5.70e-01
  3.2326e+01   5.47e-01
  3.3556e+01   5.25e-01
  3.4832e+01   5.03e-01
  3.6157e+01   4.83e-01
  3.7533e+01   4.63e-01
  3.8961e+01   4.44e-01
  4.0443e+01   4.26e-01
  4.1982e+01   4.08e-01
  4.3579e+01   3.91e-01
  4.5237e+01   3.75e-01
  4.6958e+01   3.60e-01
  4.8744e+01   3.45e-01
  5.0598e+01   3.30e-01
  5.2523e+01   3.17e-01
  5.4521e+01   3.03e-01
  5.6596e+01   2.91e-01
  5.8749e+01   2.79e-01
  6.0984e+01   2.67e-01
  6.3304e+01   2.56e-01
  6.5712e+01   2.45e-01
  6.8212e+01   2.34e-01
  7.0807e+01   2.24e-01
  7.3500e+01   2.15e-01
  7.6297e+01   2.06e-01
  7.9199e+01   1.97e-01
  8.2212e+01   1.88e-01
  8.5340e+01   1.80e-01
  8.8586e+01   1.72e-01
  9.1956e+01   1.65e-01
  9.5455e+01   1.58e-01
  9.9086e+01   1.51e-01
  1.0286e+02   1.44e-01
  1.0677e+02   1.38e-01
  1.1083e+02   1.32e-01
  1.1505e+02   1.26e-01
  1.1942e+02   1.20e-01
  1.2397e+02   1.15e-01
  1.2868e+02   1.10e-01
  1.3358e+02   1.05e-01
  1.3866e+02   1.00e-01
  1.4394e+02   9.54e-02
  1.4941e+02   9.11e-02
  1.5509e+02   8.69e-02
  1.6100e+02   8.29e-02
  1.6712e+02   7.90e-02
  1.7348e+02   7.53e-02
  1.8008e+02   7.18e-02
  1.8693e+02   6.83e-02
  1.9404e+02   6.51e-02
  2.0142e+02   6.19e-02
  2.0908e+02   5.89e-02
  2.1704e+02   5.61e-02
  2.2529e+02   5.33e-02
  2.3387e+02   5.07e-02
  2.4276e+02   4.82e-02
  2.5200e+02   4.58e-02
  2.6158e+02   4.35e-02
  2.7154e+02   4.13e-02
  2.8187e+02   3.93e-02
  2.9259e+02   3.73e-02
  3.0372e+02   3.54e-02
  3.1527e+02   3.35e-02
  3.2727e+02   3.18e-02
  3.3972e+02   3.01e-02
  3.5264e+02   2.85e-02
  3.6606e+02   2.70e-02
  3.7998e+02   2.55e-02
  3.9444e+02   2.41e-02
  4.0945e+02   2.28e-02
  4.2502e+02   2.15e-02
  4.4119e+02   2.04e-02
  4.5798e+02   1.92e-02
  4.7540e+02   1.81e-02
  4.9348e+02   1.71e-02
  5.1226e+02   1.61e-02
  5.3175e+02   1.52e-02
  5.5198e+02   1.43e-02
  5.7297e+02   1.35e-02
  5.9477e+02   1.27e-02
  6.1740e+02   1.19e-02
  6.4089e+02   1.12e-02
  6.6527e+02   1.06e-02
  6.9058e+02   9.92e-03
  7.1685e+02   9.31e-03
  7.4412e+02   8.74e-03
  7.7243e+02   8.20e-03
  8.0181e+02   7.69e-03
  8.3232e+02   7.21e-03
  8.6398e+02   6.76e-03
  8.9685e+02   6.33e-03
  9.3097e+02   5.93e-03
  9.6638e+02   5.55e-03
  1.0031e+03   5.19e-03
  1.0413e+03   4.85e-03
  1.0809e+03   4.54e-03
  1.1220e+03   4.24e-03
  1.1647e+03   3.96e-03
  1.2090e+03   3.70e-03
  1.2550e+03   3.45e-03
  1.3028e+03   3.22e-03
  1.3523e+03   3.00e-03
  1.4038e+03   2.79e-03
  1.4572e+03   2.60e-03
  1.5126e+03   2.42e-03
  1.5702e+03   2.25e-03
  1.6299e+03   2.09e-03
  1.6919e+03   1.94e-03
  1.7563e+03   1.80e-03
  1.8231e+03   1.68e-03
  1.8925e+03   1.56e-03
  1.9645e+03   1.44e-03
  2.0392e+03   1.34e-03
  2.1168e+03   1.24e-03
  2.1973e+03   1.15e-03
  2.2809e+03   1.06e-03
  2.3677e+03   9.81e-04
  2.4577e+03   9.06e-04
  2.5512e+03   8.37e-04
  2.6483e+03   7.73e-04
  2.7490e+03   7.12e-04
  2.8536e+03   6.56e-04
  2.9622e+03   6.05e-04
  3.0749e+03   5.56e-04
  3.1918e+03   5.11e-04
  3.3133e+03   4.70e-04
  3.4393e+03   4.32e-04
  3.5702e+03   3.96e-04
  3.7060e+03   3.64e-04
  3.8470e+03   3.33e-04
  3.9933e+03   3.05e-04
  4.1452e+03   2.79e-04
  4.3029e+03   2.55e-04
  4.4666e+03   2.33e-04
  4.6366e+03   2.13e-04
  4.8129e+03   1.94e-04
  4.9960e+03   1.76e-04
  5.1861e+03   1.61e-04
  5.3834e+03   1.46e-04
  5.5882e+03   1.32e-04
  5.8008e+03   1.21e-04
  6.0215e+03   1.09e-04
  6.2506e+03   9.88e-05
  6.4883e+03   8.96e-05
  6.7352e+03   8.10e-05
  6.9914e+03   7.30e-05
  7.2574e+03   6.60e-05
  7.5335e+03   5.95e-05
  7.8201e+03   5.35e-05
  8.1176e+03   4.82e-05
  8.4264e+03   4.33e-05
  8.7470e+03   3.88e-05
  9.0797e+03   3.48e-05
  9.4251e+03   3.12e-05
  9.7837e+03   2.79e-05
  1.0156e+04   2.49e-05
  1.0542e+04   2.23e-05
  1.0943e+04   1.98e-05
  1.1360e+04   1.77e-05
  1.1792e+04   1.57e-05
  1.2240e+04   1.40e-05
  1.2706e+04   1.24e-05
  1.3189e+04   1.10e-05
  1.3691e+04   9.74e-06
  1.4212e+04   8.60e-06
  1.4753e+04   7.63e-06
  1.5314e+04   6.73e-06
  1.5897e+04   5.91e-06
  1.6501e+04   5.23e-06
  1.7129e+04   4.60e-06
  1.7781e+04   4.02e-06
  1.8457e+04   3.54e-06
  1.9159e+04   3.09e-06
  1.9888e+04   2.68e-06
  2.0645e+04   2.35e-06
  2.1430e+04   2.04e-06
  2.2245e+04   1.76e-06
  2.3092e+04   1.52e-06
  2.3970e+04   1.30e-06
  2.4882e+04   1.10e-06
  2.5829e+04   9.32e-07
  2.6811e+04   7.76e-07
  2.7831e+04   6.33e-07
  2.8890e+04   5.12e-07
  2.9989e+04   4.03e-07
  3.1130e+04   3.07e-07
  3.2314e+04   2.29e-07
  3.3544e+04   1.64e-07
  3.4820e+04   1.10e-07
  3.6144e+04   7.00e-08
  3.7519e+04   4.12e-08
  3.8947e+04   2.14e-08
  4.0428e+04   1.01e-08
  4.1966e+04   4.10e-09
  4.3563e+04   1.29e-09
  4.5220e+04   3.40e-10
  4.6941e+04   6.49e-11
  4.8726e+04   7.04e-12
  5.0580e+04   4.03e-13
