#  E [GeV]   # per interaction  [GeV^{-1}]
  3.0000e+01   4.89e-01
  3.0782e+01   4.72e-01
  3.1585e+01   4.56e-01
  3.2409e+01   4.40e-01
  3.3255e+01   4.25e-01
  3.4122e+01   4.10e-01
  3.5012e+01   3.96e-01
  3.5925e+01   3.82e-01
  3.6862e+01   3.69e-01
  3.7824e+01   3.56e-01
  3.8810e+01   3.44e-01
  3.9822e+01   3.31e-01
  4.0861e+01   3.20e-01
  4.1927e+01   3.08e-01
  4.3021e+01   2.97e-01
  4.4143e+01   2.86e-01
  4.5294e+01   2.76e-01
  4.6475e+01   2.66e-01
  4.7688e+01   2.56e-01
  4.8931e+01   2.47e-01
  5.0208e+01   2.38e-01
  5.1517e+01   2.29e-01
  5.2861e+01   2.20e-01
  5.4240e+01   2.12e-01
  5.5654e+01   2.04e-01
  5.7106e+01   1.96e-01
  5.8596e+01   1.88e-01
  6.0124e+01   1.81e-01
  6.1692e+01   1.74e-01
  6.3301e+01   1.67e-01
  6.4952e+01   1.60e-01
  6.6647e+01   1.54e-01
  6.8385e+01   1.47e-01
  7.0169e+01   1.41e-01
  7.1999e+01   1.36e-01
  7.3877e+01   1.30e-01
  7.5804e+01   1.25e-01
  7.7781e+01   1.19e-01
  7.9810e+01   1.14e-01
  8.1891e+01   1.10e-01
  8.4027e+01   1.05e-01
  8.6219e+01   1.00e-01
  8.8468e+01   9.62e-02
  9.0775e+01   9.22e-02
  9.3143e+01   8.83e-02
  9.5572e+01   8.45e-02
  9.8065e+01   8.09e-02
  1.0062e+02   7.74e-02
  1.0325e+02   7.41e-02
  1.0594e+02   7.09e-02
  1.0870e+02   6.78e-02
  1.1154e+02   6.49e-02
  1.1445e+02   6.20e-02
  1.1743e+02   5.93e-02
  1.2050e+02   5.66e-02
  1.2364e+02   5.41e-02
  1.2686e+02   5.16e-02
  1.3017e+02   4.93e-02
  1.3357e+02   4.70e-02
  1.3705e+02   4.48e-02
  1.4063e+02   4.28e-02
  1.4429e+02   4.08e-02
  1.4806e+02   3.88e-02
  1.5192e+02   3.70e-02
  1.5588e+02   3.52e-02
  1.5995e+02   3.35e-02
  1.6412e+02   3.19e-02
  1.6840e+02   3.03e-02
  1.7279e+02   2.88e-02
  1.7730e+02   2.74e-02
  1.8193e+02   2.60e-02
  1.8667e+02   2.47e-02
  1.9154e+02   2.35e-02
  1.9654e+02   2.22e-02
  2.0166e+02   2.11e-02
  2.0692e+02   2.00e-02
  2.1232e+02   1.90e-02
  2.1786e+02   1.80e-02
  2.2354e+02   1.70e-02
  2.2937e+02   1.61e-02
  2.3535e+02   1.52e-02
  2.4149e+02   1.44e-02
  2.4779e+02   1.36e-02
  2.5425e+02   1.28e-02
  2.6088e+02   1.21e-02
  2.6769e+02   1.14e-02
  2.7467e+02   1.08e-02
  2.8184e+02   1.01e-02
  2.8919e+02   9.55e-03
  2.9673e+02   8.98e-03
  3.0447e+02   8.44e-03
  3.1241e+02   7.93e-03
  3.2056e+02   7.45e-03
  3.2892e+02   7.00e-03
  3.3750e+02   6.56e-03
  3.4630e+02   6.15e-03
  3.5533e+02   5.76e-03
  3.6460e+02   5.40e-03
  3.7411e+02   5.05e-03
  3.8387e+02   4.72e-03
  3.9388e+02   4.40e-03
  4.0416e+02   4.12e-03
  4.1470e+02   3.84e-03
  4.2551e+02   3.58e-03
  4.3661e+02   3.33e-03
  4.4800e+02   3.10e-03
  4.5969e+02   2.89e-03
  4.7168e+02   2.69e-03
  4.8398e+02   2.49e-03
  4.9660e+02   2.31e-03
  5.0956e+02   2.14e-03
  5.2285e+02   1.99e-03
  5.3648e+02   1.84e-03
  5.5048e+02   1.69e-03
  5.6483e+02   1.57e-03
  5.7957e+02   1.45e-03
  5.9468e+02   1.33e-03
  6.1020e+02   1.23e-03
  6.2611e+02   1.13e-03
  6.4244e+02   1.04e-03
  6.5920e+02   9.57e-04
  6.7639e+02   8.78e-04
  6.9403e+02   8.02e-04
  7.1214e+02   7.37e-04
  7.3071e+02   6.77e-04
  7.4977e+02   6.19e-04
  7.6933e+02   5.64e-04
  7.8939e+02   5.14e-04
  8.0998e+02   4.72e-04
  8.3111e+02   4.31e-04
  8.5279e+02   3.92e-04
  8.7503e+02   3.54e-04
  8.9785e+02   3.24e-04
  9.2127e+02   2.95e-04
  9.4530e+02   2.68e-04
  9.6996e+02   2.42e-04
  9.9526e+02   2.19e-04
  1.0212e+03   1.99e-04
  1.0479e+03   1.80e-04
  1.0752e+03   1.62e-04
  1.1032e+03   1.45e-04
  1.1320e+03   1.32e-04
  1.1615e+03   1.19e-04
  1.1918e+03   1.07e-04
  1.2229e+03   9.59e-05
  1.2548e+03   8.61e-05
  1.2875e+03   7.78e-05
  1.3211e+03   7.00e-05
  1.3556e+03   6.25e-05
  1.3909e+03   5.53e-05
  1.4272e+03   5.00e-05
  1.4644e+03   4.49e-05
  1.5026e+03   4.01e-05
  1.5418e+03   3.55e-05
  1.5820e+03   3.17e-05
  1.6233e+03   2.84e-05
  1.6657e+03   2.54e-05
  1.7091e+03   2.25e-05
  1.7537e+03   1.98e-05
  1.7994e+03   1.78e-05
  1.8464e+03   1.59e-05
  1.8945e+03   1.41e-05
  1.9439e+03   1.23e-05
  1.9946e+03   1.10e-05
  2.0467e+03   9.81e-06
  2.1000e+03   8.72e-06
  2.1548e+03   7.67e-06
  2.2110e+03   6.71e-06
  2.2687e+03   6.03e-06
  2.3279e+03   5.38e-06
  2.3886e+03   4.76e-06
  2.4509e+03   4.18e-06
  2.5148e+03   3.72e-06
  2.5804e+03   3.34e-06
  2.6477e+03   2.98e-06
  2.7168e+03   2.64e-06
  2.7876e+03   2.33e-06
  2.8603e+03   2.11e-06
  2.9349e+03   1.90e-06
  3.0115e+03   1.70e-06
  3.0900e+03   1.51e-06
  3.1706e+03   1.37e-06
  3.2533e+03   1.25e-06
  3.3382e+03   1.14e-06
  3.4253e+03   1.03e-06
  3.5146e+03   9.39e-07
  3.6063e+03   8.68e-07
  3.7003e+03   8.01e-07
  3.7969e+03   7.36e-07
  3.8959e+03   6.74e-07
  3.9975e+03   6.22e-07
  4.1018e+03   5.74e-07
  4.2088e+03   5.28e-07
  4.3185e+03   4.84e-07
  4.4312e+03   4.43e-07
  4.5467e+03   4.07e-07
  4.6653e+03   3.73e-07
  4.7870e+03   3.40e-07
  4.9119e+03   3.09e-07
  5.0400e+03   2.86e-07
