#  E [MeV]   Flux [# cm^{-2} s^{-1}  MeV^{-1}]
  3.0000e+04   2.04e-19
  3.0411e+04   1.97e-19
  3.0828e+04   1.90e-19
  3.1250e+04   1.84e-19
  3.1678e+04   1.77e-19
  3.2112e+04   1.71e-19
  3.2552e+04   1.65e-19
  3.2998e+04   1.59e-19
  3.3450e+04   1.54e-19
  3.3909e+04   1.48e-19
  3.4373e+04   1.43e-19
  3.4844e+04   1.38e-19
  3.5322e+04   1.33e-19
  3.5806e+04   1.28e-19
  3.6296e+04   1.23e-19
  3.6794e+04   1.19e-19
  3.7298e+04   1.14e-19
  3.7809e+04   1.10e-19
  3.8327e+04   1.06e-19
  3.8852e+04   1.02e-19
  3.9384e+04   9.82e-20
  3.9924e+04   9.46e-20
  4.0471e+04   9.11e-20
  4.1025e+04   8.76e-20
  4.1587e+04   8.42e-20
  4.2157e+04   8.09e-20
  4.2735e+04   7.77e-20
  4.3320e+04   7.46e-20
  4.3914e+04   7.18e-20
  4.4516e+04   6.91e-20
  4.5125e+04   6.64e-20
  4.5744e+04   6.38e-20
  4.6370e+04   6.12e-20
  4.7006e+04   5.87e-20
  4.7650e+04   5.63e-20
  4.8303e+04   5.39e-20
  4.8965e+04   5.18e-20
  4.9635e+04   4.98e-20
  5.0315e+04   4.78e-20
  5.1005e+04   4.59e-20
  5.1704e+04   4.40e-20
  5.2412e+04   4.21e-20
  5.3130e+04   4.03e-20
  5.3858e+04   3.85e-20
  5.4596e+04   3.69e-20
  5.5344e+04   3.54e-20
  5.6102e+04   3.40e-20
  5.6871e+04   3.26e-20
  5.7650e+04   3.12e-20
  5.8440e+04   2.98e-20
  5.9241e+04   2.85e-20
  6.0053e+04   2.72e-20
  6.0875e+04   2.60e-20
  6.1709e+04   2.49e-20
  6.2555e+04   2.39e-20
  6.3412e+04   2.29e-20
  6.4281e+04   2.19e-20
  6.5162e+04   2.09e-20
  6.6054e+04   1.99e-20
  6.6959e+04   1.90e-20
  6.7877e+04   1.81e-20
  6.8807e+04   1.73e-20
  6.9750e+04   1.65e-20
  7.0705e+04   1.58e-20
  7.1674e+04   1.51e-20
  7.2656e+04   1.44e-20
  7.3652e+04   1.38e-20
  7.4661e+04   1.31e-20
  7.5684e+04   1.24e-20
  7.6721e+04   1.18e-20
  7.7772e+04   1.13e-20
  7.8837e+04   1.08e-20
  7.9917e+04   1.03e-20
  8.1012e+04   9.83e-21
  8.2122e+04   9.36e-21
  8.3248e+04   8.90e-21
  8.4388e+04   8.45e-21
  8.5544e+04   8.01e-21
  8.6717e+04   7.63e-21
  8.7905e+04   7.28e-21
  8.9109e+04   6.93e-21
  9.0330e+04   6.60e-21
  9.1568e+04   6.27e-21
  9.2822e+04   5.95e-21
  9.4094e+04   5.64e-21
  9.5383e+04   5.33e-21
  9.6690e+04   5.05e-21
  9.8015e+04   4.81e-21
  9.9358e+04   4.58e-21
  1.0072e+05   4.35e-21
  1.0210e+05   4.13e-21
  1.0350e+05   3.91e-21
  1.0492e+05   3.70e-21
  1.0635e+05   3.50e-21
  1.0781e+05   3.30e-21
  1.0929e+05   3.13e-21
  1.1079e+05   2.98e-21
  1.1230e+05   2.82e-21
  1.1384e+05   2.68e-21
  1.1540e+05   2.53e-21
  1.1698e+05   2.39e-21
  1.1859e+05   2.26e-21
  1.2021e+05   2.12e-21
  1.2186e+05   2.00e-21
  1.2353e+05   1.90e-21
  1.2522e+05   1.80e-21
  1.2694e+05   1.71e-21
  1.2867e+05   1.61e-21
  1.3044e+05   1.52e-21
  1.3222e+05   1.43e-21
  1.3404e+05   1.35e-21
  1.3587e+05   1.26e-21
  1.3773e+05   1.20e-21
  1.3962e+05   1.13e-21
  1.4153e+05   1.07e-21
  1.4347e+05   1.01e-21
  1.4544e+05   9.53e-22
  1.4743e+05   8.96e-22
  1.4945e+05   8.40e-22
  1.5150e+05   7.86e-22
  1.5358e+05   7.38e-22
  1.5568e+05   6.99e-22
  1.5781e+05   6.61e-22
  1.5997e+05   6.23e-22
  1.6217e+05   5.87e-22
  1.6439e+05   5.51e-22
  1.6664e+05   5.16e-22
  1.6892e+05   4.82e-22
  1.7124e+05   4.49e-22
  1.7358e+05   4.25e-22
  1.7596e+05   4.01e-22
  1.7837e+05   3.78e-22
  1.8082e+05   3.56e-22
  1.8330e+05   3.34e-22
  1.8581e+05   3.13e-22
  1.8835e+05   2.92e-22
  1.9093e+05   2.72e-22
  1.9355e+05   2.55e-22
  1.9620e+05   2.41e-22
  1.9889e+05   2.27e-22
  2.0161e+05   2.13e-22
  2.0438e+05   2.00e-22
  2.0718e+05   1.87e-22
  2.1002e+05   1.75e-22
  2.1289e+05   1.62e-22
  2.1581e+05   1.51e-22
  2.1877e+05   1.42e-22
  2.2176e+05   1.34e-22
  2.2480e+05   1.26e-22
  2.2788e+05   1.18e-22
  2.3101e+05   1.11e-22
  2.3417e+05   1.03e-22
  2.3738e+05   9.63e-23
  2.4063e+05   8.93e-23
  2.4393e+05   8.37e-23
  2.4727e+05   7.89e-23
  2.5066e+05   7.43e-23
  2.5409e+05   6.98e-23
  2.5757e+05   6.54e-23
  2.6110e+05   6.12e-23
  2.6468e+05   5.70e-23
  2.6831e+05   5.30e-23
  2.7198e+05   4.91e-23
  2.7571e+05   4.63e-23
  2.7949e+05   4.36e-23
  2.8332e+05   4.10e-23
  2.8720e+05   3.84e-23
  2.9113e+05   3.58e-23
  2.9512e+05   3.34e-23
  2.9917e+05   3.10e-23
  3.0327e+05   2.87e-23
  3.0742e+05   2.68e-23
  3.1163e+05   2.51e-23
  3.1590e+05   2.35e-23
  3.2023e+05   2.20e-23
  3.2462e+05   2.05e-23
  3.2907e+05   1.90e-23
  3.3357e+05   1.75e-23
  3.3814e+05   1.61e-23
  3.4278e+05   1.48e-23
  3.4747e+05   1.38e-23
  3.5223e+05   1.28e-23
  3.5706e+05   1.19e-23
  3.6195e+05   1.10e-23
  3.6691e+05   1.00e-23
  3.7194e+05   9.17e-24
  3.7704e+05   8.31e-24
  3.8220e+05   7.48e-24
  3.8744e+05   6.83e-24
  3.9275e+05   6.25e-24
  3.9813e+05   5.69e-24
  4.0358e+05   5.14e-24
  4.0911e+05   4.61e-24
  4.1472e+05   4.10e-24
  4.2040e+05   3.60e-24
  4.2616e+05   3.12e-24
  4.3200e+05   2.72e-24
  4.3792e+05   2.53e-24
  4.4392e+05   2.35e-24
  4.5000e+05   2.17e-24
