#  E [MeV]   Flux [# cm^{-2} s^{-1}  MeV^{-1}]
  3.0000e+04   2.62e-19
  3.0854e+04   2.53e-19
  3.1733e+04   2.44e-19
  3.2636e+04   2.35e-19
  3.3566e+04   2.26e-19
  3.4521e+04   2.18e-19
  3.5504e+04   2.10e-19
  3.6515e+04   2.02e-19
  3.7555e+04   1.95e-19
  3.8625e+04   1.87e-19
  3.9724e+04   1.80e-19
  4.0855e+04   1.74e-19
  4.2019e+04   1.67e-19
  4.3215e+04   1.61e-19
  4.4446e+04   1.55e-19
  4.5711e+04   1.49e-19
  4.7013e+04   1.43e-19
  4.8352e+04   1.38e-19
  4.9728e+04   1.33e-19
  5.1144e+04   1.27e-19
  5.2601e+04   1.23e-19
  5.4099e+04   1.18e-19
  5.5639e+04   1.13e-19
  5.7223e+04   1.09e-19
  5.8853e+04   1.05e-19
  6.0528e+04   1.00e-19
  6.2252e+04   9.65e-20
  6.4025e+04   9.27e-20
  6.5848e+04   8.90e-20
  6.7723e+04   8.54e-20
  6.9651e+04   8.19e-20
  7.1634e+04   7.86e-20
  7.3674e+04   7.54e-20
  7.5772e+04   7.23e-20
  7.7929e+04   6.93e-20
  8.0148e+04   6.64e-20
  8.2431e+04   6.36e-20
  8.4778e+04   6.09e-20
  8.7192e+04   5.83e-20
  8.9674e+04   5.58e-20
  9.2228e+04   5.33e-20
  9.4854e+04   5.10e-20
  9.7555e+04   4.87e-20
  1.0033e+05   4.65e-20
  1.0319e+05   4.44e-20
  1.0613e+05   4.24e-20
  1.0915e+05   4.04e-20
  1.1226e+05   3.86e-20
  1.1545e+05   3.68e-20
  1.1874e+05   3.50e-20
  1.2212e+05   3.34e-20
  1.2560e+05   3.18e-20
  1.2918e+05   3.03e-20
  1.3286e+05   2.89e-20
  1.3664e+05   2.75e-20
  1.4053e+05   2.62e-20
  1.4453e+05   2.50e-20
  1.4865e+05   2.37e-20
  1.5288e+05   2.26e-20
  1.5723e+05   2.15e-20
  1.6171e+05   2.04e-20
  1.6631e+05   1.94e-20
  1.7105e+05   1.85e-20
  1.7592e+05   1.75e-20
  1.8093e+05   1.67e-20
  1.8608e+05   1.58e-20
  1.9138e+05   1.50e-20
  1.9683e+05   1.42e-20
  2.0243e+05   1.35e-20
  2.0820e+05   1.27e-20
  2.1413e+05   1.20e-20
  2.2022e+05   1.14e-20
  2.2649e+05   1.08e-20
  2.3294e+05   1.02e-20
  2.3958e+05   9.61e-21
  2.4640e+05   9.07e-21
  2.5341e+05   8.55e-21
  2.6063e+05   8.06e-21
  2.6805e+05   7.58e-21
  2.7568e+05   7.14e-21
  2.8353e+05   6.72e-21
  2.9161e+05   6.31e-21
  2.9991e+05   5.92e-21
  3.0845e+05   5.56e-21
  3.1723e+05   5.22e-21
  3.2627e+05   4.89e-21
  3.3556e+05   4.57e-21
  3.4511e+05   4.28e-21
  3.5494e+05   4.00e-21
  3.6504e+05   3.74e-21
  3.7544e+05   3.49e-21
  3.8613e+05   3.25e-21
  3.9712e+05   3.03e-21
  4.0843e+05   2.82e-21
  4.2006e+05   2.62e-21
  4.3202e+05   2.44e-21
  4.4432e+05   2.26e-21
  4.5698e+05   2.10e-21
  4.6999e+05   1.94e-21
  4.8337e+05   1.80e-21
  4.9713e+05   1.66e-21
  5.1129e+05   1.54e-21
  5.2585e+05   1.42e-21
  5.4082e+05   1.31e-21
  5.5622e+05   1.20e-21
  5.7206e+05   1.11e-21
  5.8835e+05   1.02e-21
  6.0510e+05   9.35e-22
  6.2233e+05   8.59e-22
  6.4005e+05   7.88e-22
  6.5828e+05   7.21e-22
  6.7702e+05   6.59e-22
  6.9630e+05   6.04e-22
  7.1613e+05   5.52e-22
  7.3652e+05   5.03e-22
  7.5749e+05   4.58e-22
  7.7906e+05   4.18e-22
  8.0124e+05   3.81e-22
  8.2406e+05   3.45e-22
  8.4752e+05   3.13e-22
  8.7165e+05   2.85e-22
  8.9647e+05   2.58e-22
  9.2200e+05   2.34e-22
  9.4825e+05   2.11e-22
  9.7526e+05   1.91e-22
  1.0030e+06   1.73e-22
  1.0316e+06   1.56e-22
  1.0610e+06   1.40e-22
  1.0912e+06   1.27e-22
  1.1222e+06   1.14e-22
  1.1542e+06   1.03e-22
  1.1871e+06   9.20e-23
  1.2209e+06   8.29e-23
  1.2556e+06   7.46e-23
  1.2914e+06   6.69e-23
  1.3281e+06   5.97e-23
  1.3660e+06   5.36e-23
  1.4049e+06   4.81e-23
  1.4449e+06   4.30e-23
  1.4860e+06   3.82e-23
  1.5283e+06   3.41e-23
  1.5718e+06   3.06e-23
  1.6166e+06   2.72e-23
  1.6626e+06   2.41e-23
  1.7100e+06   2.14e-23
  1.7587e+06   1.91e-23
  1.8087e+06   1.70e-23
  1.8602e+06   1.50e-23
  1.9132e+06   1.32e-23
  1.9677e+06   1.18e-23
  2.0237e+06   1.05e-23
  2.0813e+06   9.19e-24
  2.1406e+06   8.07e-24
  2.2016e+06   7.18e-24
  2.2642e+06   6.35e-24
  2.3287e+06   5.56e-24
  2.3950e+06   4.85e-24
  2.4632e+06   4.31e-24
  2.5334e+06   3.80e-24
  2.6055e+06   3.32e-24
  2.6797e+06   2.87e-24
  2.7560e+06   2.55e-24
  2.8345e+06   2.24e-24
  2.9152e+06   1.95e-24
  2.9982e+06   1.68e-24
  3.0836e+06   1.49e-24
  3.1714e+06   1.31e-24
  3.2617e+06   1.14e-24
  3.3545e+06   9.79e-25
  3.4501e+06   8.65e-25
  3.5483e+06   7.61e-25
  3.6493e+06   6.64e-25
  3.7532e+06   5.72e-25
  3.8601e+06   5.04e-25
  3.9700e+06   4.46e-25
  4.0831e+06   3.91e-25
  4.1993e+06   3.39e-25
  4.3189e+06   2.99e-25
  4.4419e+06   2.66e-25
  4.5684e+06   2.34e-25
  4.6985e+06   2.05e-25
  4.8322e+06   1.82e-25
  4.9698e+06   1.63e-25
  5.1114e+06   1.45e-25
  5.2569e+06   1.28e-25
  5.4066e+06   1.15e-25
  5.5605e+06   1.03e-25
  5.7189e+06   9.28e-26
  5.8817e+06   8.30e-26
  6.0492e+06   7.43e-26
  6.2214e+06   6.70e-26
  6.3986e+06   6.01e-26
  6.5808e+06   5.37e-26
  6.7682e+06   4.78e-26
  6.9609e+06   4.25e-26
  7.1591e+06   3.76e-26
  7.3630e+06   3.31e-26
  7.5726e+06   2.91e-26
  7.7882e+06   2.59e-26
  8.0100e+06   2.30e-26
