#  E [GeV]   # per interaction  [GeV^{-1}]
  3.0000e+01   5.35e-01
  3.1141e+01   5.14e-01
  3.2326e+01   4.93e-01
  3.3556e+01   4.74e-01
  3.4832e+01   4.55e-01
  3.6157e+01   4.36e-01
  3.7533e+01   4.19e-01
  3.8961e+01   4.02e-01
  4.0443e+01   3.86e-01
  4.1982e+01   3.70e-01
  4.3579e+01   3.55e-01
  4.5237e+01   3.41e-01
  4.6958e+01   3.27e-01
  4.8744e+01   3.14e-01
  5.0598e+01   3.01e-01
  5.2523e+01   2.89e-01
  5.4521e+01   2.77e-01
  5.6596e+01   2.65e-01
  5.8749e+01   2.54e-01
  6.0984e+01   2.44e-01
  6.3304e+01   2.34e-01
  6.5712e+01   2.24e-01
  6.8212e+01   2.15e-01
  7.0807e+01   2.06e-01
  7.3500e+01   1.97e-01
  7.6297e+01   1.89e-01
  7.9199e+01   1.81e-01
  8.2212e+01   1.73e-01
  8.5340e+01   1.66e-01
  8.8586e+01   1.59e-01
  9.1956e+01   1.52e-01
  9.5455e+01   1.45e-01
  9.9086e+01   1.39e-01
  1.0286e+02   1.33e-01
  1.0677e+02   1.27e-01
  1.1083e+02   1.21e-01
  1.1505e+02   1.16e-01
  1.1942e+02   1.11e-01
  1.2397e+02   1.06e-01
  1.2868e+02   1.01e-01
  1.3358e+02   9.65e-02
  1.3866e+02   9.21e-02
  1.4394e+02   8.78e-02
  1.4941e+02   8.38e-02
  1.5509e+02   7.99e-02
  1.6100e+02   7.61e-02
  1.6712e+02   7.25e-02
  1.7348e+02   6.90e-02
  1.8008e+02   6.56e-02
  1.8693e+02   6.24e-02
  1.9404e+02   5.93e-02
  2.0142e+02   5.64e-02
  2.0908e+02   5.35e-02
  2.1704e+02   5.08e-02
  2.2529e+02   4.82e-02
  2.3387e+02   4.57e-02
  2.4276e+02   4.33e-02
  2.5200e+02   4.10e-02
  2.6158e+02   3.88e-02
  2.7154e+02   3.67e-02
  2.8187e+02   3.47e-02
  2.9259e+02   3.28e-02
  3.0372e+02   3.09e-02
  3.1527e+02   2.91e-02
  3.2727e+02   2.75e-02
  3.3972e+02   2.58e-02
  3.5264e+02   2.43e-02
  3.6606e+02   2.28e-02
  3.7998e+02   2.15e-02
  3.9444e+02   2.01e-02
  4.0945e+02   1.89e-02
  4.2502e+02   1.77e-02
  4.4119e+02   1.65e-02
  4.5798e+02   1.55e-02
  4.7540e+02   1.45e-02
  4.9348e+02   1.35e-02
  5.1226e+02   1.26e-02
  5.3175e+02   1.17e-02
  5.5198e+02   1.09e-02
  5.7297e+02   1.02e-02
  5.9477e+02   9.48e-03
  6.1740e+02   8.81e-03
  6.4089e+02   8.18e-03
  6.6527e+02   7.60e-03
  6.9058e+02   7.05e-03
  7.1685e+02   6.54e-03
  7.4412e+02   6.06e-03
  7.7243e+02   5.61e-03
  8.0181e+02   5.20e-03
  8.3232e+02   4.81e-03
  8.6398e+02   4.45e-03
  8.9685e+02   4.12e-03
  9.3097e+02   3.81e-03
  9.6638e+02   3.52e-03
  1.0031e+03   3.26e-03
  1.0413e+03   3.01e-03
  1.0809e+03   2.78e-03
  1.1220e+03   2.57e-03
  1.1647e+03   2.37e-03
  1.2090e+03   2.19e-03
  1.2550e+03   2.02e-03
  1.3028e+03   1.87e-03
  1.3523e+03   1.72e-03
  1.4038e+03   1.59e-03
  1.4572e+03   1.47e-03
  1.5126e+03   1.35e-03
  1.5702e+03   1.25e-03
  1.6299e+03   1.15e-03
  1.6919e+03   1.06e-03
  1.7563e+03   9.78e-04
  1.8231e+03   9.02e-04
  1.8925e+03   8.30e-04
  1.9645e+03   7.65e-04
  2.0392e+03   7.04e-04
  2.1168e+03   6.47e-04
  2.1973e+03   5.96e-04
  2.2809e+03   5.48e-04
  2.3677e+03   5.03e-04
  2.4577e+03   4.62e-04
  2.5512e+03   4.23e-04
  2.6483e+03   3.88e-04
  2.7490e+03   3.55e-04
  2.8536e+03   3.25e-04
  2.9622e+03   2.97e-04
  3.0749e+03   2.71e-04
  3.1918e+03   2.47e-04
  3.3133e+03   2.25e-04
  3.4393e+03   2.05e-04
  3.5702e+03   1.86e-04
  3.7060e+03   1.69e-04
  3.8470e+03   1.53e-04
  3.9933e+03   1.39e-04
  4.1452e+03   1.25e-04
  4.3029e+03   1.13e-04
  4.4666e+03   1.02e-04
  4.6366e+03   9.12e-05
  4.8129e+03   8.17e-05
  4.9960e+03   7.31e-05
  5.1861e+03   6.52e-05
  5.3834e+03   5.79e-05
  5.5882e+03   5.15e-05
  5.8008e+03   4.56e-05
  6.0215e+03   4.01e-05
  6.2506e+03   3.54e-05
  6.4883e+03   3.11e-05
  6.7352e+03   2.71e-05
  6.9914e+03   2.36e-05
  7.2574e+03   2.05e-05
  7.5335e+03   1.77e-05
  7.8201e+03   1.52e-05
  8.1176e+03   1.30e-05
  8.4264e+03   1.11e-05
  8.7470e+03   9.38e-06
  9.0797e+03   7.90e-06
  9.4251e+03   6.59e-06
  9.7837e+03   5.47e-06
  1.0156e+04   4.51e-06
  1.0542e+04   3.67e-06
  1.0943e+04   2.97e-06
  1.1360e+04   2.39e-06
  1.1792e+04   1.89e-06
  1.2240e+04   1.48e-06
  1.2706e+04   1.15e-06
  1.3189e+04   8.73e-07
  1.3691e+04   6.54e-07
  1.4212e+04   4.85e-07
  1.4753e+04   3.50e-07
  1.5314e+04   2.48e-07
  1.5897e+04   1.73e-07
  1.6501e+04   1.16e-07
  1.7129e+04   7.58e-08
  1.7781e+04   4.84e-08
  1.8457e+04   2.95e-08
  1.9159e+04   1.71e-08
  1.9888e+04   9.61e-09
  2.0645e+04   5.05e-09
  2.1430e+04   2.47e-09
  2.2245e+04   1.15e-09
  2.3092e+04   4.84e-10
  2.3970e+04   1.82e-10
  2.4882e+04   6.32e-11
  2.5829e+04   1.89e-11
  2.6811e+04   4.76e-12
  2.7831e+04   1.02e-12
  2.8890e+04   1.75e-13
  2.9989e+04   2.26e-14
  3.1130e+04   2.18e-15
  3.2314e+04   1.43e-16
  3.3544e+04   5.76e-18
  3.4820e+04   1.34e-19
  3.6144e+04   1.55e-21
  3.7519e+04   7.36e-24
  3.8947e+04   1.21e-26
  4.0428e+04   5.15e-30
  4.1966e+04   3.85e-34
  4.3563e+04   3.24e-39
  4.5220e+04   1.62e-45
  4.6941e+04   3.41e-48
  4.8726e+04   2.56e-48
  5.0580e+04   1.90e-48
