#  E [MeV]   Flux [# cm^{-2} s^{-1}  MeV^{-1}]
  3.0000e+04   1.57e-25
  3.1141e+04   1.51e-25
  3.2326e+04   1.45e-25
  3.3556e+04   1.39e-25
  3.4832e+04   1.33e-25
  3.6157e+04   1.28e-25
  3.7533e+04   1.23e-25
  3.8961e+04   1.18e-25
  4.0443e+04   1.13e-25
  4.1982e+04   1.08e-25
  4.3579e+04   1.04e-25
  4.5237e+04   9.99e-26
  4.6958e+04   9.58e-26
  4.8744e+04   9.19e-26
  5.0598e+04   8.82e-26
  5.2523e+04   8.45e-26
  5.4521e+04   8.11e-26
  5.6596e+04   7.77e-26
  5.8749e+04   7.45e-26
  6.0984e+04   7.15e-26
  6.3304e+04   6.85e-26
  6.5712e+04   6.56e-26
  6.8212e+04   6.29e-26
  7.0807e+04   6.03e-26
  7.3500e+04   5.77e-26
  7.6297e+04   5.53e-26
  7.9199e+04   5.30e-26
  8.2212e+04   5.07e-26
  8.5340e+04   4.85e-26
  8.8586e+04   4.65e-26
  9.1956e+04   4.45e-26
  9.5455e+04   4.25e-26
  9.9086e+04   4.07e-26
  1.0286e+05   3.89e-26
  1.0677e+05   3.72e-26
  1.1083e+05   3.56e-26
  1.1505e+05   3.40e-26
  1.1942e+05   3.25e-26
  1.2397e+05   3.10e-26
  1.2868e+05   2.96e-26
  1.3358e+05   2.83e-26
  1.3866e+05   2.70e-26
  1.4394e+05   2.57e-26
  1.4941e+05   2.45e-26
  1.5509e+05   2.34e-26
  1.6100e+05   2.23e-26
  1.6712e+05   2.12e-26
  1.7348e+05   2.02e-26
  1.8008e+05   1.92e-26
  1.8693e+05   1.83e-26
  1.9404e+05   1.74e-26
  2.0142e+05   1.65e-26
  2.0908e+05   1.57e-26
  2.1704e+05   1.49e-26
  2.2529e+05   1.41e-26
  2.3387e+05   1.34e-26
  2.4276e+05   1.27e-26
  2.5200e+05   1.20e-26
  2.6158e+05   1.14e-26
  2.7154e+05   1.08e-26
  2.8187e+05   1.02e-26
  2.9259e+05   9.60e-27
  3.0372e+05   9.06e-27
  3.1527e+05   8.54e-27
  3.2727e+05   8.04e-27
  3.3972e+05   7.57e-27
  3.5264e+05   7.12e-27
  3.6606e+05   6.69e-27
  3.7998e+05   6.28e-27
  3.9444e+05   5.90e-27
  4.0945e+05   5.53e-27
  4.2502e+05   5.18e-27
  4.4119e+05   4.85e-27
  4.5798e+05   4.53e-27
  4.7540e+05   4.24e-27
  4.9348e+05   3.96e-27
  5.1226e+05   3.69e-27
  5.3175e+05   3.44e-27
  5.5198e+05   3.21e-27
  5.7297e+05   2.98e-27
  5.9477e+05   2.78e-27
  6.1740e+05   2.58e-27
  6.4089e+05   2.40e-27
  6.6527e+05   2.23e-27
  6.9058e+05   2.06e-27
  7.1685e+05   1.91e-27
  7.4412e+05   1.77e-27
  7.7243e+05   1.64e-27
  8.0181e+05   1.52e-27
  8.3232e+05   1.41e-27
  8.6398e+05   1.30e-27
  8.9685e+05   1.21e-27
  9.3097e+05   1.12e-27
  9.6638e+05   1.03e-27
  1.0031e+06   9.54e-28
  1.0413e+06   8.81e-28
  1.0809e+06   8.14e-28
  1.1220e+06   7.53e-28
  1.1647e+06   6.95e-28
  1.2090e+06   6.42e-28
  1.2550e+06   5.93e-28
  1.3028e+06   5.47e-28
  1.3523e+06   5.05e-28
  1.4038e+06   4.66e-28
  1.4572e+06   4.30e-28
  1.5126e+06   3.96e-28
  1.5702e+06   3.66e-28
  1.6299e+06   3.37e-28
  1.6919e+06   3.11e-28
  1.7563e+06   2.87e-28
  1.8231e+06   2.64e-28
  1.8925e+06   2.43e-28
  1.9645e+06   2.24e-28
  2.0392e+06   2.06e-28
  2.1168e+06   1.90e-28
  2.1973e+06   1.74e-28
  2.2809e+06   1.60e-28
  2.3677e+06   1.47e-28
  2.4577e+06   1.35e-28
  2.5512e+06   1.24e-28
  2.6483e+06   1.14e-28
  2.7490e+06   1.04e-28
  2.8536e+06   9.52e-29
  2.9622e+06   8.69e-29
  3.0749e+06   7.94e-29
  3.1918e+06   7.24e-29
  3.3133e+06   6.59e-29
  3.4393e+06   6.00e-29
  3.5702e+06   5.46e-29
  3.7060e+06   4.95e-29
  3.8470e+06   4.48e-29
  3.9933e+06   4.06e-29
  4.1452e+06   3.66e-29
  4.3029e+06   3.30e-29
  4.4666e+06   2.98e-29
  4.6366e+06   2.67e-29
  4.8129e+06   2.39e-29
  4.9960e+06   2.14e-29
  5.1861e+06   1.91e-29
  5.3834e+06   1.70e-29
  5.5882e+06   1.51e-29
  5.8008e+06   1.34e-29
  6.0215e+06   1.18e-29
  6.2506e+06   1.04e-29
  6.4883e+06   9.10e-30
  6.7352e+06   7.93e-30
  6.9914e+06   6.92e-30
  7.2574e+06   6.01e-30
  7.5335e+06   5.17e-30
  7.8201e+06   4.46e-30
  8.1176e+06   3.82e-30
  8.4264e+06   3.24e-30
  8.7470e+06   2.75e-30
  9.0797e+06   2.31e-30
  9.4251e+06   1.93e-30
  9.7837e+06   1.60e-30
  1.0156e+07   1.32e-30
  1.0542e+07   1.08e-30
  1.0943e+07   8.71e-31
  1.1360e+07   7.00e-31
  1.1792e+07   5.53e-31
  1.2240e+07   4.33e-31
  1.2706e+07   3.36e-31
  1.3189e+07   2.56e-31
  1.3691e+07   1.92e-31
  1.4212e+07   1.42e-31
  1.4753e+07   1.03e-31
  1.5314e+07   7.26e-32
  1.5897e+07   5.06e-32
  1.6501e+07   3.41e-32
  1.7129e+07   2.22e-32
  1.7781e+07   1.42e-32
  1.8457e+07   8.64e-33
  1.9159e+07   5.01e-33
  1.9888e+07   2.82e-33
  2.0645e+07   1.48e-33
  2.1430e+07   7.23e-34
  2.2245e+07   3.36e-34
  2.3092e+07   1.42e-34
  2.3970e+07   5.34e-35
  2.4882e+07   1.85e-35
  2.5829e+07   5.54e-36
  2.6811e+07   1.39e-36
  2.7831e+07   3.00e-37
  2.8890e+07   5.13e-38
  2.9989e+07   6.62e-39
  3.1130e+07   6.38e-40
  3.2314e+07   4.18e-41
  3.3544e+07   1.69e-42
  3.4820e+07   3.93e-44
  3.6144e+07   4.54e-46
  3.7519e+07   2.16e-48
  3.8947e+07   3.55e-51
  4.0428e+07   1.51e-54
  4.1966e+07   1.13e-58
  4.3563e+07   9.48e-64
  4.5220e+07   4.75e-70
  4.6941e+07   9.99e-73
  4.8726e+07   7.51e-73
  5.0580e+07   5.58e-73
