#  E [GeV]   # per interaction  [GeV^{-1}]
  3.0000e+01   6.82e-01
  3.1232e+01   6.52e-01
  3.2514e+01   6.23e-01
  3.3849e+01   5.96e-01
  3.5238e+01   5.69e-01
  3.6685e+01   5.44e-01
  3.8191e+01   5.20e-01
  3.9759e+01   4.96e-01
  4.1391e+01   4.74e-01
  4.3090e+01   4.53e-01
  4.4859e+01   4.33e-01
  4.6701e+01   4.13e-01
  4.8618e+01   3.94e-01
  5.0614e+01   3.77e-01
  5.2692e+01   3.60e-01
  5.4855e+01   3.43e-01
  5.7107e+01   3.28e-01
  5.9451e+01   3.13e-01
  6.1892e+01   2.98e-01
  6.4433e+01   2.85e-01
  6.7078e+01   2.72e-01
  6.9832e+01   2.59e-01
  7.2699e+01   2.47e-01
  7.5683e+01   2.36e-01
  7.8790e+01   2.25e-01
  8.2025e+01   2.14e-01
  8.5392e+01   2.04e-01
  8.8898e+01   1.95e-01
  9.2547e+01   1.85e-01
  9.6347e+01   1.77e-01
  1.0030e+02   1.68e-01
  1.0442e+02   1.60e-01
  1.0871e+02   1.53e-01
  1.1317e+02   1.45e-01
  1.1782e+02   1.38e-01
  1.2265e+02   1.32e-01
  1.2769e+02   1.25e-01
  1.3293e+02   1.19e-01
  1.3839e+02   1.13e-01
  1.4407e+02   1.07e-01
  1.4998e+02   1.02e-01
  1.5614e+02   9.70e-02
  1.6255e+02   9.20e-02
  1.6922e+02   8.73e-02
  1.7617e+02   8.28e-02
  1.8340e+02   7.85e-02
  1.9093e+02   7.44e-02
  1.9877e+02   7.05e-02
  2.0693e+02   6.67e-02
  2.1543e+02   6.32e-02
  2.2427e+02   5.97e-02
  2.3348e+02   5.65e-02
  2.4306e+02   5.33e-02
  2.5304e+02   5.04e-02
  2.6343e+02   4.75e-02
  2.7424e+02   4.48e-02
  2.8550e+02   4.22e-02
  2.9722e+02   3.97e-02
  3.0942e+02   3.73e-02
  3.2213e+02   3.50e-02
  3.3535e+02   3.29e-02
  3.4912e+02   3.08e-02
  3.6345e+02   2.89e-02
  3.7837e+02   2.71e-02
  3.9390e+02   2.53e-02
  4.1008e+02   2.36e-02
  4.2691e+02   2.21e-02
  4.4444e+02   2.06e-02
  4.6268e+02   1.92e-02
  4.8168e+02   1.79e-02
  5.0145e+02   1.66e-02
  5.2204e+02   1.54e-02
  5.4347e+02   1.43e-02
  5.6578e+02   1.33e-02
  5.8901e+02   1.23e-02
  6.1319e+02   1.14e-02
  6.3836e+02   1.06e-02
  6.6457e+02   9.77e-03
  6.9185e+02   9.03e-03
  7.2025e+02   8.34e-03
  7.4982e+02   7.70e-03
  7.8061e+02   7.10e-03
  8.1265e+02   6.55e-03
  8.4601e+02   6.04e-03
  8.8075e+02   5.57e-03
  9.1690e+02   5.13e-03
  9.5455e+02   4.73e-03
  9.9373e+02   4.36e-03
  1.0345e+03   4.01e-03
  1.0770e+03   3.70e-03
  1.1212e+03   3.40e-03
  1.1672e+03   3.13e-03
  1.2152e+03   2.88e-03
  1.2650e+03   2.66e-03
  1.3170e+03   2.45e-03
  1.3711e+03   2.25e-03
  1.4273e+03   2.07e-03
  1.4859e+03   1.91e-03
  1.5469e+03   1.76e-03
  1.6104e+03   1.62e-03
  1.6766e+03   1.49e-03
  1.7454e+03   1.37e-03
  1.8170e+03   1.26e-03
  1.8916e+03   1.16e-03
  1.9693e+03   1.07e-03
  2.0501e+03   9.85e-04
  2.1343e+03   9.06e-04
  2.2219e+03   8.33e-04
  2.3131e+03   7.65e-04
  2.4081e+03   7.02e-04
  2.5070e+03   6.44e-04
  2.6099e+03   5.90e-04
  2.7170e+03   5.41e-04
  2.8286e+03   4.95e-04
  2.9447e+03   4.52e-04
  3.0656e+03   4.13e-04
  3.1914e+03   3.77e-04
  3.3225e+03   3.43e-04
  3.4589e+03   3.13e-04
  3.6008e+03   2.84e-04
  3.7487e+03   2.58e-04
  3.9026e+03   2.34e-04
  4.0628e+03   2.11e-04
  4.2296e+03   1.91e-04
  4.4032e+03   1.72e-04
  4.5840e+03   1.54e-04
  4.7722e+03   1.38e-04
  4.9681e+03   1.24e-04
  5.1720e+03   1.10e-04
  5.3844e+03   9.82e-05
  5.6054e+03   8.72e-05
  5.8355e+03   7.71e-05
  6.0751e+03   6.79e-05
  6.3245e+03   5.97e-05
  6.5841e+03   5.22e-05
  6.8544e+03   4.54e-05
  7.1358e+03   3.95e-05
  7.4288e+03   3.40e-05
  7.7338e+03   2.92e-05
  8.0513e+03   2.50e-05
  8.3818e+03   2.12e-05
  8.7259e+03   1.79e-05
  9.0841e+03   1.50e-05
  9.4571e+03   1.24e-05
  9.8453e+03   1.02e-05
  1.0249e+04   8.35e-06
  1.0670e+04   6.72e-06
  1.1108e+04   5.38e-06
  1.1564e+04   4.24e-06
  1.2039e+04   3.30e-06
  1.2533e+04   2.53e-06
  1.3048e+04   1.91e-06
  1.3584e+04   1.41e-06
  1.4141e+04   1.02e-06
  1.4722e+04   7.21e-07
  1.5326e+04   4.96e-07
  1.5955e+04   3.32e-07
  1.6610e+04   2.14e-07
  1.7292e+04   1.33e-07
  1.8002e+04   7.90e-08
  1.8741e+04   4.44e-08
  1.9511e+04   2.37e-08
  2.0312e+04   1.18e-08
  2.1145e+04   5.41e-09
  2.2013e+04   2.28e-09
  2.2917e+04   8.62e-10
  2.3858e+04   2.86e-10
  2.4837e+04   8.25e-11
  2.5857e+04   1.98e-11
  2.6919e+04   3.86e-12
  2.8024e+04   5.88e-13
  2.9174e+04   6.56e-14
  3.0372e+04   5.06e-15
  3.1619e+04   2.50e-16
  3.2917e+04   7.06e-18
  3.4268e+04   1.01e-19
  3.5675e+04   6.15e-22
  3.7140e+04   1.28e-24
  3.8664e+04   6.90e-28
  4.0252e+04   6.64e-32
  4.1904e+04   6.94e-37
  4.3624e+04   4.14e-43
  4.5415e+04   1.70e-46
  4.7280e+04   1.62e-46
  4.9221e+04   1.57e-46
  5.1241e+04   1.52e-46
  5.3345e+04   1.47e-46
  5.5535e+04   1.48e-46
  5.7815e+04   1.48e-46
  6.0188e+04   1.48e-46
  6.2659e+04   1.54e-46
  6.5232e+04   1.60e-46
  6.7910e+04   1.70e-46
  7.0698e+04   1.92e-46
  7.3600e+04   2.12e-46
  7.6621e+04   2.65e-46
  7.9767e+04   3.57e-46
  8.3042e+04   4.43e-46
  8.6451e+04   5.97e-46
  9.0000e+04   7.95e-46
