#  E [GeV]   # per interaction  [GeV^{-1}]
  3.0000e+01   3.05e-02
  3.1232e+01   2.93e-02
  3.2514e+01   2.82e-02
  3.3849e+01   2.71e-02
  3.5238e+01   2.61e-02
  3.6685e+01   2.50e-02
  3.8191e+01   2.40e-02
  3.9759e+01   2.31e-02
  4.1391e+01   2.22e-02
  4.3090e+01   2.13e-02
  4.4859e+01   2.04e-02
  4.6701e+01   1.96e-02
  4.8618e+01   1.88e-02
  5.0614e+01   1.81e-02
  5.2692e+01   1.73e-02
  5.4855e+01   1.66e-02
  5.7107e+01   1.59e-02
  5.9451e+01   1.53e-02
  6.1892e+01   1.46e-02
  6.4433e+01   1.40e-02
  6.7078e+01   1.34e-02
  6.9832e+01   1.28e-02
  7.2699e+01   1.23e-02
  7.5683e+01   1.18e-02
  7.8790e+01   1.13e-02
  8.2025e+01   1.08e-02
  8.5392e+01   1.03e-02
  8.8898e+01   9.85e-03
  9.2547e+01   9.41e-03
  9.6347e+01   9.00e-03
  1.0030e+02   8.59e-03
  1.0442e+02   8.21e-03
  1.0871e+02   7.84e-03
  1.1317e+02   7.48e-03
  1.1782e+02   7.14e-03
  1.2265e+02   6.81e-03
  1.2769e+02   6.50e-03
  1.3293e+02   6.20e-03
  1.3839e+02   5.91e-03
  1.4407e+02   5.63e-03
  1.4998e+02   5.36e-03
  1.5614e+02   5.11e-03
  1.6255e+02   4.86e-03
  1.6922e+02   4.63e-03
  1.7617e+02   4.40e-03
  1.8340e+02   4.19e-03
  1.9093e+02   3.98e-03
  1.9877e+02   3.78e-03
  2.0693e+02   3.59e-03
  2.1543e+02   3.41e-03
  2.2427e+02   3.24e-03
  2.3348e+02   3.08e-03
  2.4306e+02   2.92e-03
  2.5304e+02   2.77e-03
  2.6343e+02   2.62e-03
  2.7424e+02   2.49e-03
  2.8550e+02   2.36e-03
  2.9722e+02   2.23e-03
  3.0942e+02   2.11e-03
  3.2213e+02   2.00e-03
  3.3535e+02   1.89e-03
  3.4912e+02   1.79e-03
  3.6345e+02   1.69e-03
  3.7837e+02   1.59e-03
  3.9390e+02   1.51e-03
  4.1008e+02   1.42e-03
  4.2691e+02   1.34e-03
  4.4444e+02   1.27e-03
  4.6268e+02   1.19e-03
  4.8168e+02   1.13e-03
  5.0145e+02   1.06e-03
  5.2204e+02   1.00e-03
  5.4347e+02   9.43e-04
  5.6578e+02   8.89e-04
  5.8901e+02   8.38e-04
  6.1319e+02   7.89e-04
  6.3836e+02   7.44e-04
  6.6457e+02   7.01e-04
  6.9185e+02   6.61e-04
  7.2025e+02   6.23e-04
  7.4982e+02   5.88e-04
  7.8061e+02   5.55e-04
  8.1265e+02   5.24e-04
  8.4601e+02   4.94e-04
  8.8075e+02   4.67e-04
  9.1690e+02   4.42e-04
  9.5455e+02   4.18e-04
  9.9373e+02   3.95e-04
  1.0345e+03   3.74e-04
  1.0770e+03   3.55e-04
  1.1212e+03   3.36e-04
  1.1672e+03   3.19e-04
  1.2152e+03   3.03e-04
  1.2650e+03   2.88e-04
  1.3170e+03   2.74e-04
  1.3711e+03   2.61e-04
  1.4273e+03   2.49e-04
  1.4859e+03   2.37e-04
  1.5469e+03   2.26e-04
  1.6104e+03   2.16e-04
  1.6766e+03   2.07e-04
  1.7454e+03   1.98e-04
  1.8170e+03   1.89e-04
  1.8916e+03   1.81e-04
  1.9693e+03   1.74e-04
  2.0501e+03   1.67e-04
  2.1343e+03   1.60e-04
  2.2219e+03   1.54e-04
  2.3131e+03   1.48e-04
  2.4081e+03   1.42e-04
  2.5070e+03   1.37e-04
  2.6099e+03   1.31e-04
  2.7170e+03   1.26e-04
  2.8286e+03   1.22e-04
  2.9447e+03   1.17e-04
  3.0656e+03   1.13e-04
  3.1914e+03   1.08e-04
  3.3225e+03   1.04e-04
  3.4589e+03   1.00e-04
  3.6008e+03   9.66e-05
  3.7487e+03   9.28e-05
  3.9026e+03   8.92e-05
  4.0628e+03   8.57e-05
  4.2296e+03   8.22e-05
  4.4032e+03   7.89e-05
  4.5840e+03   7.56e-05
  4.7722e+03   7.24e-05
  4.9681e+03   6.93e-05
  5.1720e+03   6.62e-05
  5.3844e+03   6.32e-05
  5.6054e+03   6.02e-05
  5.8355e+03   5.73e-05
  6.0751e+03   5.44e-05
  6.3245e+03   5.16e-05
  6.5841e+03   4.88e-05
  6.8544e+03   4.61e-05
  7.1358e+03   4.34e-05
  7.4288e+03   4.07e-05
  7.7338e+03   3.82e-05
  8.0513e+03   3.56e-05
  8.3818e+03   3.31e-05
  8.7259e+03   3.07e-05
  9.0841e+03   2.83e-05
  9.4571e+03   2.60e-05
  9.8453e+03   2.38e-05
  1.0249e+04   2.16e-05
  1.0670e+04   1.95e-05
  1.1108e+04   1.75e-05
  1.1564e+04   1.56e-05
  1.2039e+04   1.38e-05
  1.2533e+04   1.21e-05
  1.3048e+04   1.05e-05
  1.3584e+04   8.98e-06
  1.4141e+04   7.60e-06
  1.4722e+04   6.34e-06
  1.5326e+04   5.22e-06
  1.5955e+04   4.21e-06
  1.6610e+04   3.33e-06
  1.7292e+04   2.57e-06
  1.8002e+04   1.93e-06
  1.8741e+04   1.41e-06
  1.9511e+04   9.96e-07
  2.0312e+04   6.74e-07
  2.1145e+04   4.37e-07
  2.2013e+04   2.68e-07
  2.2917e+04   1.54e-07
  2.3858e+04   8.25e-08
  2.4837e+04   4.05e-08
  2.5857e+04   1.79e-08
  2.6919e+04   7.01e-09
  2.8024e+04   2.37e-09
  2.9174e+04   6.70e-10
  3.0372e+04   1.53e-10
  3.1619e+04   2.68e-11
  3.2917e+04   3.40e-12
  3.4268e+04   2.89e-13
  3.5675e+04   1.49e-14
  3.7140e+04   4.11e-16
  3.8664e+04   5.14e-18
  4.0252e+04   2.34e-20
  4.1904e+04   2.91e-23
  4.3624e+04   6.68e-27
  4.5415e+04   1.69e-31
  4.7280e+04   2.28e-37
  4.9221e+04   6.16e-45
  5.1241e+04   3.80e-46
  5.3345e+04   3.32e-46
  5.5535e+04   2.90e-46
  5.7815e+04   2.52e-46
  6.0188e+04   2.17e-46
  6.2659e+04   1.87e-46
  6.5232e+04   1.61e-46
  6.7910e+04   1.37e-46
  7.0698e+04   1.18e-46
  7.3600e+04   1.01e-46
  7.6621e+04   8.58e-47
  7.9767e+04   7.51e-47
  8.3042e+04   6.55e-47
  8.6451e+04   5.67e-47
  9.0000e+04   5.18e-47
