#  E [GeV]   # per interaction  [GeV^{-1}]
  3.0000e+01   3.08e-02
  3.1232e+01   2.96e-02
  3.2514e+01   2.85e-02
  3.3849e+01   2.74e-02
  3.5238e+01   2.63e-02
  3.6685e+01   2.53e-02
  3.8191e+01   2.43e-02
  3.9759e+01   2.34e-02
  4.1391e+01   2.24e-02
  4.3090e+01   2.15e-02
  4.4859e+01   2.07e-02
  4.6701e+01   1.98e-02
  4.8618e+01   1.90e-02
  5.0614e+01   1.83e-02
  5.2692e+01   1.75e-02
  5.4855e+01   1.68e-02
  5.7107e+01   1.61e-02
  5.9451e+01   1.54e-02
  6.1892e+01   1.48e-02
  6.4433e+01   1.42e-02
  6.7078e+01   1.36e-02
  6.9832e+01   1.30e-02
  7.2699e+01   1.24e-02
  7.5683e+01   1.19e-02
  7.8790e+01   1.14e-02
  8.2025e+01   1.09e-02
  8.5392e+01   1.04e-02
  8.8898e+01   9.98e-03
  9.2547e+01   9.54e-03
  9.6347e+01   9.12e-03
  1.0030e+02   8.72e-03
  1.0442e+02   8.33e-03
  1.0871e+02   7.96e-03
  1.1317e+02   7.60e-03
  1.1782e+02   7.25e-03
  1.2265e+02   6.92e-03
  1.2769e+02   6.60e-03
  1.3293e+02   6.30e-03
  1.3839e+02   6.01e-03
  1.4407e+02   5.73e-03
  1.4998e+02   5.46e-03
  1.5614e+02   5.20e-03
  1.6255e+02   4.95e-03
  1.6922e+02   4.72e-03
  1.7617e+02   4.49e-03
  1.8340e+02   4.28e-03
  1.9093e+02   4.07e-03
  1.9877e+02   3.87e-03
  2.0693e+02   3.68e-03
  2.1543e+02   3.50e-03
  2.2427e+02   3.33e-03
  2.3348e+02   3.16e-03
  2.4306e+02   3.00e-03
  2.5304e+02   2.85e-03
  2.6343e+02   2.70e-03
  2.7424e+02   2.57e-03
  2.8550e+02   2.44e-03
  2.9722e+02   2.31e-03
  3.0942e+02   2.19e-03
  3.2213e+02   2.08e-03
  3.3535e+02   1.97e-03
  3.4912e+02   1.86e-03
  3.6345e+02   1.77e-03
  3.7837e+02   1.67e-03
  3.9390e+02   1.58e-03
  4.1008e+02   1.50e-03
  4.2691e+02   1.42e-03
  4.4444e+02   1.34e-03
  4.6268e+02   1.27e-03
  4.8168e+02   1.20e-03
  5.0145e+02   1.14e-03
  5.2204e+02   1.07e-03
  5.4347e+02   1.02e-03
  5.6578e+02   9.60e-04
  5.8901e+02   9.08e-04
  6.1319e+02   8.58e-04
  6.3836e+02   8.12e-04
  6.6457e+02   7.68e-04
  6.9185e+02   7.26e-04
  7.2025e+02   6.88e-04
  7.4982e+02   6.51e-04
  7.8061e+02   6.16e-04
  8.1265e+02   5.84e-04
  8.4601e+02   5.54e-04
  8.8075e+02   5.25e-04
  9.1690e+02   4.98e-04
  9.5455e+02   4.73e-04
  9.9373e+02   4.49e-04
  1.0345e+03   4.27e-04
  1.0770e+03   4.05e-04
  1.1212e+03   3.86e-04
  1.1672e+03   3.67e-04
  1.2152e+03   3.50e-04
  1.2650e+03   3.34e-04
  1.3170e+03   3.18e-04
  1.3711e+03   3.04e-04
  1.4273e+03   2.90e-04
  1.4859e+03   2.78e-04
  1.5469e+03   2.65e-04
  1.6104e+03   2.54e-04
  1.6766e+03   2.43e-04
  1.7454e+03   2.33e-04
  1.8170e+03   2.24e-04
  1.8916e+03   2.15e-04
  1.9693e+03   2.06e-04
  2.0501e+03   1.98e-04
  2.1343e+03   1.91e-04
  2.2219e+03   1.83e-04
  2.3131e+03   1.77e-04
  2.4081e+03   1.70e-04
  2.5070e+03   1.64e-04
  2.6099e+03   1.58e-04
  2.7170e+03   1.52e-04
  2.8286e+03   1.47e-04
  2.9447e+03   1.42e-04
  3.0656e+03   1.37e-04
  3.1914e+03   1.32e-04
  3.3225e+03   1.27e-04
  3.4589e+03   1.23e-04
  3.6008e+03   1.18e-04
  3.7487e+03   1.14e-04
  3.9026e+03   1.10e-04
  4.0628e+03   1.06e-04
  4.2296e+03   1.02e-04
  4.4032e+03   9.81e-05
  4.5840e+03   9.44e-05
  4.7722e+03   9.09e-05
  4.9681e+03   8.73e-05
  5.1720e+03   8.39e-05
  5.3844e+03   8.05e-05
  5.6054e+03   7.72e-05
  5.8355e+03   7.39e-05
  6.0751e+03   7.07e-05
  6.3245e+03   6.75e-05
  6.5841e+03   6.44e-05
  6.8544e+03   6.13e-05
  7.1358e+03   5.83e-05
  7.4288e+03   5.53e-05
  7.7338e+03   5.24e-05
  8.0513e+03   4.95e-05
  8.3818e+03   4.67e-05
  8.7259e+03   4.39e-05
  9.0841e+03   4.12e-05
  9.4571e+03   3.85e-05
  9.8453e+03   3.58e-05
  1.0249e+04   3.32e-05
  1.0670e+04   3.07e-05
  1.1108e+04   2.83e-05
  1.1564e+04   2.58e-05
  1.2039e+04   2.35e-05
  1.2533e+04   2.13e-05
  1.3048e+04   1.91e-05
  1.3584e+04   1.71e-05
  1.4141e+04   1.51e-05
  1.4722e+04   1.32e-05
  1.5326e+04   1.15e-05
  1.5955e+04   9.81e-06
  1.6610e+04   8.29e-06
  1.7292e+04   6.91e-06
  1.8002e+04   5.65e-06
  1.8741e+04   4.53e-06
  1.9511e+04   3.55e-06
  2.0312e+04   2.71e-06
  2.1145e+04   2.01e-06
  2.2013e+04   1.44e-06
  2.2917e+04   9.86e-07
  2.3858e+04   6.46e-07
  2.4837e+04   4.01e-07
  2.5857e+04   2.32e-07
  2.6919e+04   1.24e-07
  2.8024e+04   6.07e-08
  2.9174e+04   2.64e-08
  3.0372e+04   1.00e-08
  3.1619e+04   3.22e-09
  3.2917e+04   8.43e-10
  3.4268e+04   1.71e-10
  3.5675e+04   2.54e-11
  3.7140e+04   2.54e-12
  3.8664e+04   1.55e-13
  4.0252e+04   5.04e-15
  4.1904e+04   7.30e-17
  4.3624e+04   3.72e-19
  4.5415e+04   4.86e-22
  4.7280e+04   1.05e-25
  4.9221e+04   2.09e-30
  5.1241e+04   1.68e-36
  5.3345e+04   1.70e-44
  5.5535e+04   3.01e-46
  5.7815e+04   2.62e-46
  6.0188e+04   2.26e-46
  6.2659e+04   1.94e-46
  6.5232e+04   1.68e-46
  6.7910e+04   1.43e-46
  7.0698e+04   1.22e-46
  7.3600e+04   1.06e-46
  7.6621e+04   8.99e-47
  7.9767e+04   7.78e-47
  8.3042e+04   6.80e-47
  8.6451e+04   5.89e-47
  9.0000e+04   5.31e-47
