#  E [MeV]   Flux [# cm^{-2} s^{-1}  MeV^{-1}]
  3.0000e+04   3.06e-25
  3.1232e+04   2.92e-25
  3.2514e+04   2.78e-25
  3.3849e+04   2.65e-25
  3.5238e+04   2.53e-25
  3.6685e+04   2.41e-25
  3.8191e+04   2.29e-25
  3.9759e+04   2.18e-25
  4.1391e+04   2.08e-25
  4.3090e+04   1.98e-25
  4.4859e+04   1.88e-25
  4.6701e+04   1.79e-25
  4.8618e+04   1.71e-25
  5.0614e+04   1.62e-25
  5.2692e+04   1.54e-25
  5.4855e+04   1.47e-25
  5.7107e+04   1.40e-25
  5.9451e+04   1.33e-25
  6.1892e+04   1.26e-25
  6.4433e+04   1.20e-25
  6.7078e+04   1.14e-25
  6.9832e+04   1.08e-25
  7.2699e+04   1.03e-25
  7.5683e+04   9.75e-26
  7.8790e+04   9.25e-26
  8.2025e+04   8.78e-26
  8.5392e+04   8.33e-26
  8.8898e+04   7.91e-26
  9.2547e+04   7.50e-26
  9.6347e+04   7.11e-26
  1.0030e+05   6.74e-26
  1.0442e+05   6.39e-26
  1.0871e+05   6.06e-26
  1.1317e+05   5.74e-26
  1.1782e+05   5.44e-26
  1.2265e+05   5.15e-26
  1.2769e+05   4.88e-26
  1.3293e+05   4.62e-26
  1.3839e+05   4.37e-26
  1.4407e+05   4.14e-26
  1.4998e+05   3.92e-26
  1.5614e+05   3.70e-26
  1.6255e+05   3.50e-26
  1.6922e+05   3.31e-26
  1.7617e+05   3.13e-26
  1.8340e+05   2.96e-26
  1.9093e+05   2.79e-26
  1.9877e+05   2.64e-26
  2.0693e+05   2.49e-26
  2.1543e+05   2.35e-26
  2.2427e+05   2.22e-26
  2.3348e+05   2.09e-26
  2.4306e+05   1.97e-26
  2.5304e+05   1.86e-26
  2.6343e+05   1.75e-26
  2.7424e+05   1.65e-26
  2.8550e+05   1.55e-26
  2.9722e+05   1.46e-26
  3.0942e+05   1.37e-26
  3.2213e+05   1.29e-26
  3.3535e+05   1.21e-26
  3.4912e+05   1.14e-26
  3.6345e+05   1.07e-26
  3.7837e+05   1.00e-26
  3.9390e+05   9.38e-27
  4.1008e+05   8.79e-27
  4.2691e+05   8.24e-27
  4.4444e+05   7.71e-27
  4.6268e+05   7.22e-27
  4.8168e+05   6.75e-27
  5.0145e+05   6.31e-27
  5.2204e+05   5.90e-27
  5.4347e+05   5.51e-27
  5.6578e+05   5.14e-27
  5.8901e+05   4.80e-27
  6.1319e+05   4.47e-27
  6.3836e+05   4.17e-27
  6.6457e+05   3.88e-27
  6.9185e+05   3.62e-27
  7.2025e+05   3.37e-27
  7.4982e+05   3.13e-27
  7.8061e+05   2.91e-27
  8.1265e+05   2.71e-27
  8.4601e+05   2.51e-27
  8.8075e+05   2.33e-27
  9.1690e+05   2.17e-27
  9.5455e+05   2.01e-27
  9.9373e+05   1.86e-27
  1.0345e+06   1.73e-27
  1.0770e+06   1.60e-27
  1.1212e+06   1.48e-27
  1.1672e+06   1.37e-27
  1.2152e+06   1.27e-27
  1.2650e+06   1.17e-27
  1.3170e+06   1.09e-27
  1.3711e+06   1.00e-27
  1.4273e+06   9.29e-28
  1.4859e+06   8.59e-28
  1.5469e+06   7.94e-28
  1.6104e+06   7.35e-28
  1.6766e+06   6.79e-28
  1.7454e+06   6.28e-28
  1.8170e+06   5.80e-28
  1.8916e+06   5.36e-28
  1.9693e+06   4.95e-28
  2.0501e+06   4.57e-28
  2.1343e+06   4.21e-28
  2.2219e+06   3.88e-28
  2.3131e+06   3.58e-28
  2.4081e+06   3.29e-28
  2.5070e+06   3.03e-28
  2.6099e+06   2.78e-28
  2.7170e+06   2.56e-28
  2.8286e+06   2.35e-28
  2.9447e+06   2.15e-28
  3.0656e+06   1.97e-28
  3.1914e+06   1.80e-28
  3.3225e+06   1.64e-28
  3.4589e+06   1.50e-28
  3.6008e+06   1.37e-28
  3.7487e+06   1.24e-28
  3.9026e+06   1.13e-28
  4.0628e+06   1.02e-28
  4.2296e+06   9.26e-29
  4.4032e+06   8.37e-29
  4.5840e+06   7.55e-29
  4.7722e+06   6.79e-29
  4.9681e+06   6.10e-29
  5.1720e+06   5.47e-29
  5.3844e+06   4.89e-29
  5.6054e+06   4.36e-29
  5.8355e+06   3.88e-29
  6.0751e+06   3.44e-29
  6.3245e+06   3.04e-29
  6.5841e+06   2.69e-29
  6.8544e+06   2.35e-29
  7.1358e+06   2.07e-29
  7.4288e+06   1.80e-29
  7.7338e+06   1.56e-29
  8.0513e+06   1.36e-29
  8.3818e+06   1.17e-29
  8.7259e+06   1.00e-29
  9.0841e+06   8.58e-30
  9.4571e+06   7.27e-30
  9.8453e+06   6.12e-30
  1.0249e+07   5.15e-30
  1.0670e+07   4.28e-30
  1.1108e+07   3.54e-30
  1.1564e+07   2.91e-30
  1.2039e+07   2.36e-30
  1.2533e+07   1.90e-30
  1.3048e+07   1.52e-30
  1.3584e+07   1.19e-30
  1.4141e+07   9.33e-31
  1.4722e+07   7.18e-31
  1.5326e+07   5.39e-31
  1.5955e+07   4.03e-31
  1.6610e+07   2.94e-31
  1.7292e+07   2.08e-31
  1.8002e+07   1.46e-31
  1.8741e+07   9.87e-32
  1.9511e+07   6.41e-32
  2.0312e+07   4.09e-32
  2.1145e+07   2.47e-32
  2.2013e+07   1.41e-32
  2.2917e+07   7.75e-33
  2.3858e+07   3.92e-33
  2.4837e+07   1.84e-33
  2.5857e+07   7.92e-34
  2.6919e+07   3.00e-34
  2.8024e+07   1.01e-34
  2.9174e+07   2.88e-35
  3.0372e+07   6.65e-36
  3.1619e+07   1.23e-36
  3.2917e+07   1.70e-37
  3.4268e+07   1.60e-38
  3.5675e+07   9.79e-40
  3.7140e+07   3.37e-41
  3.8664e+07   5.55e-43
  4.0252e+07   3.77e-45
  4.1904e+07   7.74e-48
  4.3624e+07   3.39e-51
  4.5415e+07   2.05e-55
  4.7280e+07   8.52e-61
  4.9221e+07   1.01e-67
  5.1241e+07   3.48e-72
  5.3345e+07   3.05e-72
  5.5535e+07   2.69e-72
  5.7815e+07   2.40e-72
  6.0188e+07   2.13e-72
  6.2659e+07   1.91e-72
  6.5232e+07   1.71e-72
  6.7910e+07   1.53e-72
  7.0698e+07   1.37e-72
  7.3600e+07   1.23e-72
  7.6621e+07   1.09e-72
  7.9767e+07   9.61e-73
  8.3042e+07   8.39e-73
  8.6451e+07   7.26e-73
  9.0000e+07   6.35e-73
