#  E [MeV]   Flux [# cm^{-2} s^{-1}  MeV^{-1}]
  3.0000e+04   2.06e-26
  3.1051e+04   1.98e-26
  3.2139e+04   1.91e-26
  3.3266e+04   1.83e-26
  3.4432e+04   1.77e-26
  3.5638e+04   1.70e-26
  3.6887e+04   1.63e-26
  3.8180e+04   1.57e-26
  3.9518e+04   1.51e-26
  4.0903e+04   1.45e-26
  4.2336e+04   1.39e-26
  4.3820e+04   1.34e-26
  4.5355e+04   1.28e-26
  4.6945e+04   1.23e-26
  4.8590e+04   1.18e-26
  5.0293e+04   1.13e-26
  5.2055e+04   1.09e-26
  5.3879e+04   1.04e-26
  5.5767e+04   9.99e-27
  5.7722e+04   9.58e-27
  5.9745e+04   9.18e-27
  6.1838e+04   8.80e-27
  6.4005e+04   8.42e-27
  6.6248e+04   8.07e-27
  6.8570e+04   7.72e-27
  7.0973e+04   7.39e-27
  7.3460e+04   7.08e-27
  7.6034e+04   6.77e-27
  7.8699e+04   6.47e-27
  8.1457e+04   6.19e-27
  8.4311e+04   5.92e-27
  8.7266e+04   5.66e-27
  9.0324e+04   5.41e-27
  9.3490e+04   5.16e-27
  9.6766e+04   4.93e-27
  1.0016e+05   4.71e-27
  1.0367e+05   4.49e-27
  1.0730e+05   4.29e-27
  1.1106e+05   4.09e-27
  1.1495e+05   3.90e-27
  1.1898e+05   3.72e-27
  1.2315e+05   3.55e-27
  1.2747e+05   3.38e-27
  1.3193e+05   3.22e-27
  1.3656e+05   3.07e-27
  1.4134e+05   2.92e-27
  1.4629e+05   2.78e-27
  1.5142e+05   2.64e-27
  1.5673e+05   2.52e-27
  1.6222e+05   2.39e-27
  1.6790e+05   2.27e-27
  1.7379e+05   2.16e-27
  1.7988e+05   2.05e-27
  1.8618e+05   1.95e-27
  1.9271e+05   1.85e-27
  1.9946e+05   1.76e-27
  2.0645e+05   1.67e-27
  2.1369e+05   1.58e-27
  2.2117e+05   1.50e-27
  2.2892e+05   1.42e-27
  2.3695e+05   1.34e-27
  2.4525e+05   1.27e-27
  2.5385e+05   1.21e-27
  2.6274e+05   1.14e-27
  2.7195e+05   1.08e-27
  2.8148e+05   1.02e-27
  2.9134e+05   9.64e-28
  3.0155e+05   9.10e-28
  3.1212e+05   8.60e-28
  3.2306e+05   8.12e-28
  3.3438e+05   7.66e-28
  3.4610e+05   7.22e-28
  3.5823e+05   6.81e-28
  3.7078e+05   6.42e-28
  3.8377e+05   6.04e-28
  3.9722e+05   5.69e-28
  4.1114e+05   5.35e-28
  4.2555e+05   5.04e-28
  4.4046e+05   4.74e-28
  4.5590e+05   4.45e-28
  4.7188e+05   4.18e-28
  4.8841e+05   3.93e-28
  5.0553e+05   3.69e-28
  5.2324e+05   3.46e-28
  5.4158e+05   3.25e-28
  5.6056e+05   3.05e-28
  5.8020e+05   2.86e-28
  6.0054e+05   2.68e-28
  6.2158e+05   2.52e-28
  6.4337e+05   2.36e-28
  6.6591e+05   2.21e-28
  6.8925e+05   2.07e-28
  7.1340e+05   1.94e-28
  7.3840e+05   1.82e-28
  7.6428e+05   1.71e-28
  7.9106e+05   1.60e-28
  8.1878e+05   1.50e-28
  8.4748e+05   1.40e-28
  8.7718e+05   1.32e-28
  9.0792e+05   1.24e-28
  9.3973e+05   1.16e-28
  9.7267e+05   1.09e-28
  1.0068e+06   1.02e-28
  1.0420e+06   9.58e-29
  1.0785e+06   9.00e-29
  1.1163e+06   8.46e-29
  1.1555e+06   7.95e-29
  1.1960e+06   7.48e-29
  1.2379e+06   7.03e-29
  1.2813e+06   6.62e-29
  1.3262e+06   6.23e-29
  1.3726e+06   5.87e-29
  1.4207e+06   5.54e-29
  1.4705e+06   5.22e-29
  1.5220e+06   4.92e-29
  1.5754e+06   4.64e-29
  1.6306e+06   4.38e-29
  1.6877e+06   4.14e-29
  1.7469e+06   3.91e-29
  1.8081e+06   3.70e-29
  1.8715e+06   3.50e-29
  1.9370e+06   3.31e-29
  2.0049e+06   3.14e-29
  2.0752e+06   2.97e-29
  2.1479e+06   2.81e-29
  2.2232e+06   2.67e-29
  2.3011e+06   2.53e-29
  2.3817e+06   2.40e-29
  2.4652e+06   2.27e-29
  2.5516e+06   2.16e-29
  2.6410e+06   2.05e-29
  2.7336e+06   1.94e-29
  2.8294e+06   1.84e-29
  2.9285e+06   1.75e-29
  3.0311e+06   1.66e-29
  3.1374e+06   1.57e-29
  3.2473e+06   1.49e-29
  3.3611e+06   1.42e-29
  3.4789e+06   1.34e-29
  3.6008e+06   1.27e-29
  3.7270e+06   1.21e-29
  3.8576e+06   1.15e-29
  3.9928e+06   1.09e-29
  4.1327e+06   1.03e-29
  4.2775e+06   9.73e-30
  4.4274e+06   9.21e-30
  4.5826e+06   8.71e-30
  4.7432e+06   8.23e-30
  4.9094e+06   7.77e-30
  5.0815e+06   7.34e-30
  5.2595e+06   6.91e-30
  5.4438e+06   6.51e-30
  5.6346e+06   6.11e-30
  5.8321e+06   5.74e-30
  6.0365e+06   5.37e-30
  6.2480e+06   5.03e-30
  6.4670e+06   4.70e-30
  6.6936e+06   4.39e-30
  6.9282e+06   4.08e-30
  7.1709e+06   3.79e-30
  7.4222e+06   3.52e-30
  7.6823e+06   3.25e-30
  7.9516e+06   3.00e-30
  8.2302e+06   2.76e-30
  8.5186e+06   2.53e-30
  8.8172e+06   2.32e-30
  9.1262e+06   2.11e-30
  9.4460e+06   1.92e-30
  9.7770e+06   1.73e-30
  1.0120e+07   1.56e-30
  1.0474e+07   1.40e-30
  1.0841e+07   1.25e-30
  1.1221e+07   1.10e-30
  1.1614e+07   9.70e-31
  1.2022e+07   8.48e-31
  1.2443e+07   7.35e-31
  1.2879e+07   6.31e-31
  1.3330e+07   5.38e-31
  1.3797e+07   4.53e-31
  1.4281e+07   3.78e-31
  1.4781e+07   3.11e-31
  1.5299e+07   2.53e-31
  1.5835e+07   2.02e-31
  1.6390e+07   1.59e-31
  1.6965e+07   1.22e-31
  1.7559e+07   9.25e-32
  1.8175e+07   6.81e-32
  1.8812e+07   4.89e-32
  1.9471e+07   3.40e-32
  2.0153e+07   2.28e-32
  2.0859e+07   1.47e-32
  2.1590e+07   9.08e-33
  2.2347e+07   5.32e-33
  2.3130e+07   2.94e-33
  2.3941e+07   1.51e-33
  2.4780e+07   7.20e-34
  2.5648e+07   3.12e-34
  2.6547e+07   1.22e-34
  2.7477e+07   4.20e-35
  2.8440e+07   1.26e-35
