#  E [MeV]   Flux [# cm^{-2} s^{-1}  MeV^{-1}]
  3.0000e+04   2.21e-21
  3.1123e+04   2.13e-21
  3.2288e+04   2.05e-21
  3.3497e+04   1.97e-21
  3.4751e+04   1.89e-21
  3.6051e+04   1.82e-21
  3.7401e+04   1.75e-21
  3.8801e+04   1.68e-21
  4.0253e+04   1.62e-21
  4.1760e+04   1.55e-21
  4.3324e+04   1.49e-21
  4.4945e+04   1.43e-21
  4.6628e+04   1.38e-21
  4.8373e+04   1.32e-21
  5.0184e+04   1.27e-21
  5.2063e+04   1.22e-21
  5.4011e+04   1.17e-21
  5.6033e+04   1.12e-21
  5.8131e+04   1.08e-21
  6.0307e+04   1.03e-21
  6.2564e+04   9.90e-22
  6.4906e+04   9.49e-22
  6.7336e+04   9.10e-22
  6.9857e+04   8.72e-22
  7.2472e+04   8.35e-22
  7.5184e+04   8.00e-22
  7.7999e+04   7.66e-22
  8.0919e+04   7.34e-22
  8.3948e+04   7.02e-22
  8.7090e+04   6.72e-22
  9.0350e+04   6.43e-22
  9.3732e+04   6.15e-22
  9.7241e+04   5.89e-22
  1.0088e+05   5.63e-22
  1.0466e+05   5.38e-22
  1.0858e+05   5.14e-22
  1.1264e+05   4.92e-22
  1.1686e+05   4.70e-22
  1.2123e+05   4.49e-22
  1.2577e+05   4.29e-22
  1.3048e+05   4.09e-22
  1.3536e+05   3.91e-22
  1.4043e+05   3.73e-22
  1.4568e+05   3.56e-22
  1.5114e+05   3.40e-22
  1.5680e+05   3.24e-22
  1.6266e+05   3.09e-22
  1.6875e+05   2.95e-22
  1.7507e+05   2.81e-22
  1.8162e+05   2.68e-22
  1.8842e+05   2.55e-22
  1.9548e+05   2.43e-22
  2.0279e+05   2.32e-22
  2.1039e+05   2.21e-22
  2.1826e+05   2.10e-22
  2.2643e+05   2.00e-22
  2.3491e+05   1.90e-22
  2.4370e+05   1.81e-22
  2.5282e+05   1.72e-22
  2.6229e+05   1.64e-22
  2.7211e+05   1.56e-22
  2.8229e+05   1.48e-22
  2.9286e+05   1.41e-22
  3.0382e+05   1.34e-22
  3.1519e+05   1.27e-22
  3.2699e+05   1.21e-22
  3.3923e+05   1.15e-22
  3.5193e+05   1.09e-22
  3.6511e+05   1.04e-22
  3.7877e+05   9.86e-23
  3.9295e+05   9.36e-23
  4.0766e+05   8.89e-23
  4.2292e+05   8.43e-23
  4.3875e+05   8.00e-23
  4.5518e+05   7.60e-23
  4.7222e+05   7.21e-23
  4.8989e+05   6.84e-23
  5.0823e+05   6.49e-23
  5.2726e+05   6.16e-23
  5.4699e+05   5.84e-23
  5.6747e+05   5.55e-23
  5.8871e+05   5.27e-23
  6.1075e+05   5.00e-23
  6.3361e+05   4.75e-23
  6.5733e+05   4.51e-23
  6.8194e+05   4.29e-23
  7.0746e+05   4.08e-23
  7.3395e+05   3.88e-23
  7.6142e+05   3.69e-23
  7.8992e+05   3.51e-23
  8.1949e+05   3.34e-23
  8.5017e+05   3.18e-23
  8.8199e+05   3.03e-23
  9.1501e+05   2.89e-23
  9.4926e+05   2.76e-23
  9.8479e+05   2.63e-23
  1.0217e+06   2.52e-23
  1.0599e+06   2.40e-23
  1.0996e+06   2.30e-23
  1.1407e+06   2.20e-23
  1.1834e+06   2.11e-23
  1.2277e+06   2.02e-23
  1.2737e+06   1.94e-23
  1.3214e+06   1.86e-23
  1.3708e+06   1.78e-23
  1.4222e+06   1.71e-23
  1.4754e+06   1.64e-23
  1.5306e+06   1.58e-23
  1.5879e+06   1.52e-23
  1.6474e+06   1.46e-23
  1.7090e+06   1.41e-23
  1.7730e+06   1.36e-23
  1.8394e+06   1.31e-23
  1.9082e+06   1.26e-23
  1.9797e+06   1.22e-23
  2.0538e+06   1.17e-23
  2.1306e+06   1.13e-23
  2.2104e+06   1.09e-23
  2.2931e+06   1.05e-23
  2.3790e+06   1.02e-23
  2.4680e+06   9.81e-24
  2.5604e+06   9.46e-24
  2.6563e+06   9.12e-24
  2.7557e+06   8.78e-24
  2.8589e+06   8.46e-24
  2.9659e+06   8.14e-24
  3.0769e+06   7.83e-24
  3.1921e+06   7.53e-24
  3.3116e+06   7.23e-24
  3.4355e+06   6.94e-24
  3.5641e+06   6.65e-24
  3.6976e+06   6.37e-24
  3.8360e+06   6.10e-24
  3.9796e+06   5.83e-24
  4.1285e+06   5.56e-24
  4.2831e+06   5.30e-24
  4.4434e+06   5.04e-24
  4.6097e+06   4.79e-24
  4.7823e+06   4.54e-24
  4.9613e+06   4.29e-24
  5.1470e+06   4.05e-24
  5.3397e+06   3.82e-24
  5.5396e+06   3.59e-24
  5.7470e+06   3.36e-24
  5.9621e+06   3.14e-24
  6.1853e+06   2.93e-24
  6.4168e+06   2.72e-24
  6.6570e+06   2.52e-24
  6.9062e+06   2.32e-24
  7.1647e+06   2.13e-24
  7.4329e+06   1.95e-24
  7.7112e+06   1.77e-24
  7.9998e+06   1.61e-24
  8.2993e+06   1.45e-24
  8.6100e+06   1.30e-24
  8.9323e+06   1.16e-24
  9.2666e+06   1.02e-24
  9.6135e+06   8.99e-25
  9.9734e+06   7.83e-25
  1.0347e+07   6.76e-25
  1.0734e+07   5.79e-25
  1.1136e+07   4.90e-25
  1.1553e+07   4.11e-25
  1.1985e+07   3.41e-25
  1.2434e+07   2.78e-25
  1.2899e+07   2.24e-25
  1.3382e+07   1.78e-25
  1.3883e+07   1.38e-25
  1.4403e+07   1.06e-25
  1.4942e+07   7.92e-26
  1.5501e+07   5.78e-26
  1.6081e+07   4.10e-26
  1.6683e+07   2.83e-26
  1.7308e+07   1.88e-26
  1.7956e+07   1.21e-26
  1.8628e+07   7.41e-27
  1.9325e+07   4.33e-27
  2.0049e+07   2.39e-27
  2.0799e+07   1.24e-27
  2.1578e+07   6.00e-28
  2.2386e+07   2.67e-28
  2.3224e+07   1.08e-28
  2.4093e+07   3.90e-29
  2.4995e+07   1.25e-29
  2.5930e+07   3.42e-30
  2.6901e+07   7.86e-31
  2.7908e+07   1.48e-31
  2.8953e+07   2.16e-32
  3.0037e+07   2.36e-33
  3.1161e+07   1.84e-34
  3.2327e+07   9.42e-36
  3.3537e+07   2.88e-37
  3.4793e+07   4.89e-39
  3.6095e+07   3.89e-41
  3.7446e+07   1.22e-43
  3.8848e+07   1.25e-46
  4.0302e+07   3.06e-50
  4.1811e+07   1.23e-54
  4.3376e+07   5.25e-60
  4.5000e+07   8.12e-66
