#  E [MeV]   Flux [# cm^{-2} s^{-1}  MeV^{-1}]
  3.0000e+04   1.83e-27
  3.1232e+04   1.76e-27
  3.2514e+04   1.69e-27
  3.3849e+04   1.63e-27
  3.5238e+04   1.56e-27
  3.6685e+04   1.50e-27
  3.8191e+04   1.44e-27
  3.9759e+04   1.39e-27
  4.1391e+04   1.33e-27
  4.3090e+04   1.28e-27
  4.4859e+04   1.23e-27
  4.6701e+04   1.18e-27
  4.8618e+04   1.13e-27
  5.0614e+04   1.08e-27
  5.2692e+04   1.04e-27
  5.4855e+04   9.95e-28
  5.7107e+04   9.53e-28
  5.9451e+04   9.14e-28
  6.1892e+04   8.75e-28
  6.4433e+04   8.38e-28
  6.7078e+04   8.03e-28
  6.9832e+04   7.68e-28
  7.2699e+04   7.35e-28
  7.5683e+04   7.03e-28
  7.8790e+04   6.73e-28
  8.2025e+04   6.43e-28
  8.5392e+04   6.15e-28
  8.8898e+04   5.88e-28
  9.2547e+04   5.62e-28
  9.6347e+04   5.36e-28
  1.0030e+05   5.12e-28
  1.0442e+05   4.89e-28
  1.0871e+05   4.67e-28
  1.1317e+05   4.45e-28
  1.1782e+05   4.25e-28
  1.2265e+05   4.05e-28
  1.2769e+05   3.86e-28
  1.3293e+05   3.68e-28
  1.3839e+05   3.50e-28
  1.4407e+05   3.33e-28
  1.4998e+05   3.17e-28
  1.5614e+05   3.02e-28
  1.6255e+05   2.87e-28
  1.6922e+05   2.73e-28
  1.7617e+05   2.59e-28
  1.8340e+05   2.46e-28
  1.9093e+05   2.34e-28
  1.9877e+05   2.22e-28
  2.0693e+05   2.10e-28
  2.1543e+05   1.99e-28
  2.2427e+05   1.89e-28
  2.3348e+05   1.79e-28
  2.4306e+05   1.69e-28
  2.5304e+05   1.60e-28
  2.6343e+05   1.51e-28
  2.7424e+05   1.43e-28
  2.8550e+05   1.35e-28
  2.9722e+05   1.27e-28
  3.0942e+05   1.20e-28
  3.2213e+05   1.13e-28
  3.3535e+05   1.07e-28
  3.4912e+05   1.00e-28
  3.6345e+05   9.44e-29
  3.7837e+05   8.87e-29
  3.9390e+05   8.34e-29
  4.1008e+05   7.83e-29
  4.2691e+05   7.35e-29
  4.4444e+05   6.89e-29
  4.6268e+05   6.46e-29
  4.8168e+05   6.06e-29
  5.0145e+05   5.68e-29
  5.2204e+05   5.32e-29
  5.4347e+05   4.98e-29
  5.6578e+05   4.66e-29
  5.8901e+05   4.36e-29
  6.1319e+05   4.08e-29
  6.3836e+05   3.81e-29
  6.6457e+05   3.57e-29
  6.9185e+05   3.34e-29
  7.2025e+05   3.13e-29
  7.4982e+05   2.93e-29
  7.8061e+05   2.74e-29
  8.1265e+05   2.57e-29
  8.4601e+05   2.41e-29
  8.8075e+05   2.26e-29
  9.1690e+05   2.12e-29
  9.5455e+05   1.99e-29
  9.9373e+05   1.87e-29
  1.0345e+06   1.76e-29
  1.0770e+06   1.66e-29
  1.1212e+06   1.56e-29
  1.1672e+06   1.47e-29
  1.2152e+06   1.39e-29
  1.2650e+06   1.31e-29
  1.3170e+06   1.24e-29
  1.3711e+06   1.18e-29
  1.4273e+06   1.12e-29
  1.4859e+06   1.06e-29
  1.5469e+06   1.01e-29
  1.6104e+06   9.58e-30
  1.6766e+06   9.11e-30
  1.7454e+06   8.68e-30
  1.8170e+06   8.28e-30
  1.8916e+06   7.90e-30
  1.9693e+06   7.54e-30
  2.0501e+06   7.21e-30
  2.1343e+06   6.90e-30
  2.2219e+06   6.60e-30
  2.3131e+06   6.32e-30
  2.4081e+06   6.06e-30
  2.5070e+06   5.81e-30
  2.6099e+06   5.56e-30
  2.7170e+06   5.33e-30
  2.8286e+06   5.11e-30
  2.9447e+06   4.90e-30
  3.0656e+06   4.70e-30
  3.1914e+06   4.50e-30
  3.3225e+06   4.31e-30
  3.4589e+06   4.12e-30
  3.6008e+06   3.95e-30
  3.7487e+06   3.77e-30
  3.9026e+06   3.60e-30
  4.0628e+06   3.43e-30
  4.2296e+06   3.27e-30
  4.4032e+06   3.12e-30
  4.5840e+06   2.96e-30
  4.7722e+06   2.81e-30
  4.9681e+06   2.66e-30
  5.1720e+06   2.52e-30
  5.3844e+06   2.37e-30
  5.6054e+06   2.23e-30
  5.8355e+06   2.10e-30
  6.0751e+06   1.96e-30
  6.3245e+06   1.83e-30
  6.5841e+06   1.70e-30
  6.8544e+06   1.58e-30
  7.1358e+06   1.45e-30
  7.4288e+06   1.33e-30
  7.7338e+06   1.22e-30
  8.0513e+06   1.11e-30
  8.3818e+06   1.00e-30
  8.7259e+06   9.00e-31
  9.0841e+06   8.03e-31
  9.4571e+06   7.11e-31
  9.8453e+06   6.23e-31
  1.0249e+07   5.42e-31
  1.0670e+07   4.66e-31
  1.1108e+07   3.97e-31
  1.1564e+07   3.33e-31
  1.2039e+07   2.76e-31
  1.2533e+07   2.25e-31
  1.3048e+07   1.81e-31
  1.3584e+07   1.42e-31
  1.4141e+07   1.09e-31
  1.4722e+07   8.22e-32
  1.5326e+07   6.01e-32
  1.5955e+07   4.26e-32
  1.6610e+07   2.91e-32
  1.7292e+07   1.91e-32
  1.8002e+07   1.20e-32
  1.8741e+07   7.16e-33
  1.9511e+07   4.01e-33
  2.0312e+07   2.10e-33
  2.1145e+07   1.01e-33
  2.2013e+07   4.45e-34
  2.2917e+07   1.75e-34
  2.3858e+07   6.08e-35
  2.4837e+07   1.81e-35
  2.5857e+07   4.49e-36
  2.6919e+07   9.03e-37
  2.8024e+07   1.40e-37
  2.9174e+07   1.60e-38
  3.0372e+07   1.25e-39
  3.1619e+07   6.23e-41
  3.2917e+07   1.77e-42
  3.4268e+07   2.51e-44
  3.5675e+07   1.50e-46
  3.7140e+07   3.07e-49
  3.8664e+07   1.60e-52
  4.0252e+07   1.48e-56
  4.1904e+07   1.48e-61
  4.3624e+07   8.30e-68
  4.5415e+07   3.17e-71
  4.7280e+07   2.80e-71
  4.9221e+07   2.47e-71
  5.1241e+07   2.17e-71
  5.3345e+07   1.89e-71
  5.5535e+07   1.65e-71
  5.7815e+07   1.43e-71
  6.0188e+07   1.23e-71
  6.2659e+07   1.06e-71
  6.5232e+07   9.07e-72
  6.7910e+07   7.73e-72
  7.0698e+07   6.68e-72
  7.3600e+07   5.70e-72
  7.6621e+07   4.90e-72
  7.9767e+07   4.29e-72
  8.3042e+07   3.72e-72
  8.6451e+07   3.32e-72
  9.0000e+07   3.02e-72
