#  E [GeV]   # per interaction  [GeV^{-1}]
  3.0000e+01   1.07e+00
  3.1141e+01   1.02e+00
  3.2326e+01   9.75e-01
  3.3556e+01   9.31e-01
  3.4832e+01   8.89e-01
  3.6157e+01   8.48e-01
  3.7533e+01   8.10e-01
  3.8961e+01   7.73e-01
  4.0443e+01   7.37e-01
  4.1982e+01   7.03e-01
  4.3579e+01   6.71e-01
  4.5237e+01   6.40e-01
  4.6958e+01   6.10e-01
  4.8744e+01   5.81e-01
  5.0598e+01   5.54e-01
  5.2523e+01   5.28e-01
  5.4521e+01   5.03e-01
  5.6596e+01   4.79e-01
  5.8749e+01   4.57e-01
  6.0984e+01   4.35e-01
  6.3304e+01   4.14e-01
  6.5712e+01   3.94e-01
  6.8212e+01   3.75e-01
  7.0807e+01   3.57e-01
  7.3500e+01   3.40e-01
  7.6297e+01   3.23e-01
  7.9199e+01   3.07e-01
  8.2212e+01   2.92e-01
  8.5340e+01   2.78e-01
  8.8586e+01   2.64e-01
  9.1956e+01   2.51e-01
  9.5455e+01   2.38e-01
  9.9086e+01   2.27e-01
  1.0286e+02   2.15e-01
  1.0677e+02   2.04e-01
  1.1083e+02   1.94e-01
  1.1505e+02   1.84e-01
  1.1942e+02   1.75e-01
  1.2397e+02   1.66e-01
  1.2868e+02   1.57e-01
  1.3358e+02   1.49e-01
  1.3866e+02   1.41e-01
  1.4394e+02   1.34e-01
  1.4941e+02   1.27e-01
  1.5509e+02   1.20e-01
  1.6100e+02   1.13e-01
  1.6712e+02   1.07e-01
  1.7348e+02   1.01e-01
  1.8008e+02   9.59e-02
  1.8693e+02   9.06e-02
  1.9404e+02   8.55e-02
  2.0142e+02   8.07e-02
  2.0908e+02   7.61e-02
  2.1704e+02   7.18e-02
  2.2529e+02   6.76e-02
  2.3387e+02   6.37e-02
  2.4276e+02   5.99e-02
  2.5200e+02   5.64e-02
  2.6158e+02   5.30e-02
  2.7154e+02   4.97e-02
  2.8187e+02   4.67e-02
  2.9259e+02   4.37e-02
  3.0372e+02   4.10e-02
  3.1527e+02   3.84e-02
  3.2727e+02   3.59e-02
  3.3972e+02   3.35e-02
  3.5264e+02   3.13e-02
  3.6606e+02   2.92e-02
  3.7998e+02   2.72e-02
  3.9444e+02   2.53e-02
  4.0945e+02   2.35e-02
  4.2502e+02   2.18e-02
  4.4119e+02   2.02e-02
  4.5798e+02   1.87e-02
  4.7540e+02   1.73e-02
  4.9348e+02   1.60e-02
  5.1226e+02   1.48e-02
  5.3175e+02   1.37e-02
  5.5198e+02   1.26e-02
  5.7297e+02   1.16e-02
  5.9477e+02   1.06e-02
  6.1740e+02   9.78e-03
  6.4089e+02   8.97e-03
  6.6527e+02   8.23e-03
  6.9058e+02   7.54e-03
  7.1685e+02   6.91e-03
  7.4412e+02   6.32e-03
  7.7243e+02   5.79e-03
  8.0181e+02   5.30e-03
  8.3232e+02   4.85e-03
  8.6398e+02   4.44e-03
  8.9685e+02   4.06e-03
  9.3097e+02   3.71e-03
  9.6638e+02   3.40e-03
  1.0031e+03   3.11e-03
  1.0413e+03   2.84e-03
  1.0809e+03   2.60e-03
  1.1220e+03   2.38e-03
  1.1647e+03   2.17e-03
  1.2090e+03   1.99e-03
  1.2550e+03   1.82e-03
  1.3028e+03   1.66e-03
  1.3523e+03   1.52e-03
  1.4038e+03   1.39e-03
  1.4572e+03   1.27e-03
  1.5126e+03   1.16e-03
  1.5702e+03   1.06e-03
  1.6299e+03   9.66e-04
  1.6919e+03   8.82e-04
  1.7563e+03   8.06e-04
  1.8231e+03   7.35e-04
  1.8925e+03   6.71e-04
  1.9645e+03   6.12e-04
  2.0392e+03   5.57e-04
  2.1168e+03   5.07e-04
  2.1973e+03   4.62e-04
  2.2809e+03   4.20e-04
  2.3677e+03   3.81e-04
  2.4577e+03   3.46e-04
  2.5512e+03   3.13e-04
  2.6483e+03   2.83e-04
  2.7490e+03   2.56e-04
  2.8536e+03   2.31e-04
  2.9622e+03   2.08e-04
  3.0749e+03   1.88e-04
  3.1918e+03   1.68e-04
  3.3133e+03   1.51e-04
  3.4393e+03   1.35e-04
  3.5702e+03   1.20e-04
  3.7060e+03   1.07e-04
  3.8470e+03   9.52e-05
  3.9933e+03   8.43e-05
  4.1452e+03   7.43e-05
  4.3029e+03   6.56e-05
  4.4666e+03   5.76e-05
  4.6366e+03   5.03e-05
  4.8129e+03   4.40e-05
  4.9960e+03   3.82e-05
  5.1861e+03   3.29e-05
  5.3834e+03   2.84e-05
  5.5882e+03   2.44e-05
  5.8008e+03   2.08e-05
  6.0215e+03   1.77e-05
  6.2506e+03   1.50e-05
  6.4883e+03   1.26e-05
  6.7352e+03   1.05e-05
  6.9914e+03   8.77e-06
  7.2574e+03   7.22e-06
  7.5335e+03   5.92e-06
  7.8201e+03   4.84e-06
  8.1176e+03   3.90e-06
  8.4264e+03   3.12e-06
  8.7470e+03   2.49e-06
  9.0797e+03   1.95e-06
  9.4251e+03   1.52e-06
  9.7837e+03   1.17e-06
  1.0156e+04   8.90e-07
  1.0542e+04   6.64e-07
  1.0943e+04   4.95e-07
  1.1360e+04   3.60e-07
  1.1792e+04   2.55e-07
  1.2240e+04   1.81e-07
  1.2706e+04   1.25e-07
  1.3189e+04   8.30e-08
  1.3691e+04   5.51e-08
  1.4212e+04   3.52e-08
  1.4753e+04   2.15e-08
  1.5314e+04   1.31e-08
  1.5897e+04   7.55e-09
  1.6501e+04   4.11e-09
  1.7129e+04   2.20e-09
  1.7781e+04   1.10e-09
  1.8457e+04   5.12e-10
  1.9159e+04   2.27e-10
  1.9888e+04   9.30e-11
  2.0645e+04   3.42e-11
  2.1430e+04   1.16e-11
  2.2245e+04   3.50e-12
  2.3092e+04   9.07e-13
  2.3970e+04   2.04e-13
  2.4882e+04   3.85e-14
  2.5829e+04   5.79e-15
  2.6811e+04   6.83e-16
  2.7831e+04   6.03e-17
  2.8890e+04   3.71e-18
  2.9989e+04   1.52e-19
  3.1130e+04   3.81e-21
  3.2314e+04   5.20e-23
  3.3544e+04   3.46e-25
  3.4820e+04   9.66e-28
  3.6144e+04   9.21e-31
  3.7519e+04   2.36e-34
  3.8947e+04   1.21e-38
  4.0428e+04   8.26e-44
  4.1966e+04   7.58e-48
  4.3563e+04   6.72e-48
  4.5220e+04   5.92e-48
  4.6941e+04   5.19e-48
  4.8726e+04   4.61e-48
  5.0580e+04   4.06e-48
