#  E [GeV]   # per interaction  [GeV^{-1}]
  3.0000e+01   2.64e-02
  3.1141e+01   2.54e-02
  3.2326e+01   2.44e-02
  3.3556e+01   2.35e-02
  3.4832e+01   2.25e-02
  3.6157e+01   2.17e-02
  3.7533e+01   2.08e-02
  3.8961e+01   2.00e-02
  4.0443e+01   1.92e-02
  4.1982e+01   1.84e-02
  4.3579e+01   1.77e-02
  4.5237e+01   1.70e-02
  4.6958e+01   1.63e-02
  4.8744e+01   1.56e-02
  5.0598e+01   1.50e-02
  5.2523e+01   1.44e-02
  5.4521e+01   1.38e-02
  5.6596e+01   1.32e-02
  5.8749e+01   1.26e-02
  6.0984e+01   1.21e-02
  6.3304e+01   1.16e-02
  6.5712e+01   1.11e-02
  6.8212e+01   1.06e-02
  7.0807e+01   1.02e-02
  7.3500e+01   9.72e-03
  7.6297e+01   9.30e-03
  7.9199e+01   8.89e-03
  8.2212e+01   8.49e-03
  8.5340e+01   8.11e-03
  8.8586e+01   7.75e-03
  9.1956e+01   7.40e-03
  9.5455e+01   7.06e-03
  9.9086e+01   6.74e-03
  1.0286e+02   6.43e-03
  1.0677e+02   6.13e-03
  1.1083e+02   5.84e-03
  1.1505e+02   5.57e-03
  1.1942e+02   5.30e-03
  1.2397e+02   5.05e-03
  1.2868e+02   4.80e-03
  1.3358e+02   4.57e-03
  1.3866e+02   4.35e-03
  1.4394e+02   4.13e-03
  1.4941e+02   3.93e-03
  1.5509e+02   3.73e-03
  1.6100e+02   3.54e-03
  1.6712e+02   3.36e-03
  1.7348e+02   3.19e-03
  1.8008e+02   3.02e-03
  1.8693e+02   2.87e-03
  1.9404e+02   2.72e-03
  2.0142e+02   2.57e-03
  2.0908e+02   2.43e-03
  2.1704e+02   2.30e-03
  2.2529e+02   2.17e-03
  2.3387e+02   2.05e-03
  2.4276e+02   1.94e-03
  2.5200e+02   1.83e-03
  2.6158e+02   1.72e-03
  2.7154e+02   1.62e-03
  2.8187e+02   1.53e-03
  2.9259e+02   1.44e-03
  3.0372e+02   1.35e-03
  3.1527e+02   1.27e-03
  3.2727e+02   1.19e-03
  3.3972e+02   1.12e-03
  3.5264e+02   1.05e-03
  3.6606e+02   9.84e-04
  3.7998e+02   9.21e-04
  3.9444e+02   8.62e-04
  4.0945e+02   8.06e-04
  4.2502e+02   7.53e-04
  4.4119e+02   7.03e-04
  4.5798e+02   6.55e-04
  4.7540e+02   6.11e-04
  4.9348e+02   5.69e-04
  5.1226e+02   5.30e-04
  5.3175e+02   4.93e-04
  5.5198e+02   4.59e-04
  5.7297e+02   4.26e-04
  5.9477e+02   3.96e-04
  6.1740e+02   3.68e-04
  6.4089e+02   3.41e-04
  6.6527e+02   3.17e-04
  6.9058e+02   2.94e-04
  7.1685e+02   2.72e-04
  7.4412e+02   2.52e-04
  7.7243e+02   2.34e-04
  8.0181e+02   2.17e-04
  8.3232e+02   2.01e-04
  8.6398e+02   1.86e-04
  8.9685e+02   1.73e-04
  9.3097e+02   1.60e-04
  9.6638e+02   1.49e-04
  1.0031e+03   1.38e-04
  1.0413e+03   1.28e-04
  1.0809e+03   1.19e-04
  1.1220e+03   1.10e-04
  1.1647e+03   1.02e-04
  1.2090e+03   9.52e-05
  1.2550e+03   8.85e-05
  1.3028e+03   8.23e-05
  1.3523e+03   7.66e-05
  1.4038e+03   7.13e-05
  1.4572e+03   6.65e-05
  1.5126e+03   6.19e-05
  1.5702e+03   5.78e-05
  1.6299e+03   5.39e-05
  1.6919e+03   5.03e-05
  1.7563e+03   4.70e-05
  1.8231e+03   4.39e-05
  1.8925e+03   4.10e-05
  1.9645e+03   3.84e-05
  2.0392e+03   3.59e-05
  2.1168e+03   3.36e-05
  2.1973e+03   3.15e-05
  2.2809e+03   2.95e-05
  2.3677e+03   2.76e-05
  2.4577e+03   2.59e-05
  2.5512e+03   2.42e-05
  2.6483e+03   2.27e-05
  2.7490e+03   2.13e-05
  2.8536e+03   2.00e-05
  2.9622e+03   1.87e-05
  3.0749e+03   1.76e-05
  3.1918e+03   1.65e-05
  3.3133e+03   1.54e-05
  3.4393e+03   1.45e-05
  3.5702e+03   1.35e-05
  3.7060e+03   1.27e-05
  3.8470e+03   1.19e-05
  3.9933e+03   1.11e-05
  4.1452e+03   1.04e-05
  4.3029e+03   9.70e-06
  4.4666e+03   9.05e-06
  4.6366e+03   8.44e-06
  4.8129e+03   7.86e-06
  4.9960e+03   7.32e-06
  5.1861e+03   6.80e-06
  5.3834e+03   6.31e-06
  5.5882e+03   5.85e-06
  5.8008e+03   5.41e-06
  6.0215e+03   4.99e-06
  6.2506e+03   4.60e-06
  6.4883e+03   4.23e-06
  6.7352e+03   3.87e-06
  6.9914e+03   3.54e-06
  7.2574e+03   3.23e-06
  7.5335e+03   2.93e-06
  7.8201e+03   2.65e-06
  8.1176e+03   2.39e-06
  8.4264e+03   2.14e-06
  8.7470e+03   1.91e-06
  9.0797e+03   1.70e-06
  9.4251e+03   1.50e-06
  9.7837e+03   1.31e-06
  1.0156e+04   1.14e-06
  1.0542e+04   9.85e-07
  1.0943e+04   8.43e-07
  1.1360e+04   7.14e-07
  1.1792e+04   5.99e-07
  1.2240e+04   4.96e-07
  1.2706e+04   4.05e-07
  1.3189e+04   3.26e-07
  1.3691e+04   2.58e-07
  1.4212e+04   2.01e-07
  1.4753e+04   1.53e-07
  1.5314e+04   1.14e-07
  1.5897e+04   8.27e-08
  1.6501e+04   5.83e-08
  1.7129e+04   3.97e-08
  1.7781e+04   2.61e-08
  1.8457e+04   1.64e-08
  1.9159e+04   9.86e-09
  1.9888e+04   5.60e-09
  2.0645e+04   2.98e-09
  2.1430e+04   1.48e-09
  2.2245e+04   6.74e-10
  2.3092e+04   2.79e-10
  2.3970e+04   1.03e-10
  2.4882e+04   3.33e-11
  2.5829e+04   9.23e-12
  2.6811e+04   2.13e-12
  2.7831e+04   3.96e-13
  2.8890e+04   5.71e-14
  2.9989e+04   6.04e-15
  3.1130e+04   4.43e-16
  3.2314e+04   2.08e-17
  3.3544e+04   5.69e-19
  3.4820e+04   8.05e-21
  3.6144e+04   5.07e-23
  3.7519e+04   1.17e-25
  3.8947e+04   7.79e-29
  4.0428e+04   1.09e-32
  4.1966e+04   2.11e-37
  4.3563e+04   3.33e-43
  4.5220e+04   1.07e-46
  4.6941e+04   1.00e-46
  4.8726e+04   9.48e-47
  5.0580e+04   8.97e-47
