#  E [GeV]   # per interaction  [GeV^{-1}]
  3.0000e+01   2.63e-02
  3.1141e+01   2.53e-02
  3.2326e+01   2.43e-02
  3.3556e+01   2.34e-02
  3.4832e+01   2.25e-02
  3.6157e+01   2.16e-02
  3.7533e+01   2.08e-02
  3.8961e+01   2.00e-02
  4.0443e+01   1.92e-02
  4.1982e+01   1.84e-02
  4.3579e+01   1.77e-02
  4.5237e+01   1.70e-02
  4.6958e+01   1.63e-02
  4.8744e+01   1.57e-02
  5.0598e+01   1.50e-02
  5.2523e+01   1.44e-02
  5.4521e+01   1.38e-02
  5.6596e+01   1.33e-02
  5.8749e+01   1.27e-02
  6.0984e+01   1.22e-02
  6.3304e+01   1.17e-02
  6.5712e+01   1.12e-02
  6.8212e+01   1.07e-02
  7.0807e+01   1.03e-02
  7.3500e+01   9.84e-03
  7.6297e+01   9.42e-03
  7.9199e+01   9.01e-03
  8.2212e+01   8.63e-03
  8.5340e+01   8.25e-03
  8.8586e+01   7.89e-03
  9.1956e+01   7.55e-03
  9.5455e+01   7.21e-03
  9.9086e+01   6.89e-03
  1.0286e+02   6.59e-03
  1.0677e+02   6.29e-03
  1.1083e+02   6.01e-03
  1.1505e+02   5.74e-03
  1.1942e+02   5.48e-03
  1.2397e+02   5.22e-03
  1.2868e+02   4.98e-03
  1.3358e+02   4.75e-03
  1.3866e+02   4.53e-03
  1.4394e+02   4.32e-03
  1.4941e+02   4.11e-03
  1.5509e+02   3.92e-03
  1.6100e+02   3.73e-03
  1.6712e+02   3.55e-03
  1.7348e+02   3.38e-03
  1.8008e+02   3.22e-03
  1.8693e+02   3.06e-03
  1.9404e+02   2.91e-03
  2.0142e+02   2.76e-03
  2.0908e+02   2.63e-03
  2.1704e+02   2.49e-03
  2.2529e+02   2.37e-03
  2.3387e+02   2.25e-03
  2.4276e+02   2.13e-03
  2.5200e+02   2.02e-03
  2.6158e+02   1.91e-03
  2.7154e+02   1.81e-03
  2.8187e+02   1.72e-03
  2.9259e+02   1.63e-03
  3.0372e+02   1.54e-03
  3.1527e+02   1.46e-03
  3.2727e+02   1.38e-03
  3.3972e+02   1.30e-03
  3.5264e+02   1.23e-03
  3.6606e+02   1.16e-03
  3.7998e+02   1.10e-03
  3.9444e+02   1.03e-03
  4.0945e+02   9.75e-04
  4.2502e+02   9.19e-04
  4.4119e+02   8.67e-04
  4.5798e+02   8.16e-04
  4.7540e+02   7.69e-04
  4.9348e+02   7.25e-04
  5.1226e+02   6.82e-04
  5.3175e+02   6.42e-04
  5.5198e+02   6.05e-04
  5.7297e+02   5.69e-04
  5.9477e+02   5.36e-04
  6.1740e+02   5.05e-04
  6.4089e+02   4.75e-04
  6.6527e+02   4.48e-04
  6.9058e+02   4.22e-04
  7.1685e+02   3.98e-04
  7.4412e+02   3.75e-04
  7.7243e+02   3.54e-04
  8.0181e+02   3.34e-04
  8.3232e+02   3.15e-04
  8.6398e+02   2.98e-04
  8.9685e+02   2.81e-04
  9.3097e+02   2.66e-04
  9.6638e+02   2.52e-04
  1.0031e+03   2.39e-04
  1.0413e+03   2.26e-04
  1.0809e+03   2.15e-04
  1.1220e+03   2.04e-04
  1.1647e+03   1.94e-04
  1.2090e+03   1.85e-04
  1.2550e+03   1.76e-04
  1.3028e+03   1.68e-04
  1.3523e+03   1.60e-04
  1.4038e+03   1.53e-04
  1.4572e+03   1.46e-04
  1.5126e+03   1.39e-04
  1.5702e+03   1.33e-04
  1.6299e+03   1.28e-04
  1.6919e+03   1.22e-04
  1.7563e+03   1.17e-04
  1.8231e+03   1.13e-04
  1.8925e+03   1.08e-04
  1.9645e+03   1.04e-04
  2.0392e+03   9.97e-05
  2.1168e+03   9.58e-05
  2.1973e+03   9.21e-05
  2.2809e+03   8.85e-05
  2.3677e+03   8.51e-05
  2.4577e+03   8.18e-05
  2.5512e+03   7.86e-05
  2.6483e+03   7.55e-05
  2.7490e+03   7.25e-05
  2.8536e+03   6.96e-05
  2.9622e+03   6.68e-05
  3.0749e+03   6.40e-05
  3.1918e+03   6.13e-05
  3.3133e+03   5.86e-05
  3.4393e+03   5.60e-05
  3.5702e+03   5.35e-05
  3.7060e+03   5.10e-05
  3.8470e+03   4.85e-05
  3.9933e+03   4.61e-05
  4.1452e+03   4.38e-05
  4.3029e+03   4.15e-05
  4.4666e+03   3.92e-05
  4.6366e+03   3.70e-05
  4.8129e+03   3.48e-05
  4.9960e+03   3.26e-05
  5.1861e+03   3.05e-05
  5.3834e+03   2.85e-05
  5.5882e+03   2.65e-05
  5.8008e+03   2.45e-05
  6.0215e+03   2.26e-05
  6.2506e+03   2.08e-05
  6.4883e+03   1.90e-05
  6.7352e+03   1.74e-05
  6.9914e+03   1.57e-05
  7.2574e+03   1.42e-05
  7.5335e+03   1.27e-05
  7.8201e+03   1.13e-05
  8.1176e+03   1.00e-05
  8.4264e+03   8.78e-06
  8.7470e+03   7.64e-06
  9.0797e+03   6.59e-06
  9.4251e+03   5.64e-06
  9.7837e+03   4.76e-06
  1.0156e+04   3.98e-06
  1.0542e+04   3.29e-06
  1.0943e+04   2.67e-06
  1.1360e+04   2.14e-06
  1.1792e+04   1.69e-06
  1.2240e+04   1.31e-06
  1.2706e+04   9.93e-07
  1.3189e+04   7.38e-07
  1.3691e+04   5.34e-07
  1.4212e+04   3.77e-07
  1.4753e+04   2.58e-07
  1.5314e+04   1.70e-07
  1.5897e+04   1.08e-07
  1.6501e+04   6.62e-08
  1.7129e+04   3.85e-08
  1.7781e+04   2.12e-08
  1.8457e+04   1.10e-08
  1.9159e+04   5.31e-09
  1.9888e+04   2.37e-09
  2.0645e+04   9.68e-10
  2.1430e+04   3.56e-10
  2.2245e+04   1.17e-10
  2.3092e+04   3.33e-11
  2.3970e+04   8.12e-12
  2.4882e+04   1.65e-12
  2.5829e+04   2.70e-13
  2.6811e+04   3.46e-14
  2.7831e+04   3.31e-15
  2.8890e+04   2.23e-16
  2.9989e+04   9.98e-18
  3.1130e+04   2.74e-19
  3.2314e+04   4.15e-21
  3.3544e+04   3.11e-23
  3.4820e+04   9.93e-26
  3.6144e+04   1.11e-28
  3.7519e+04   3.43e-32
  3.8947e+04   2.23e-36
  4.0428e+04   2.03e-41
  4.1966e+04   1.45e-46
  4.3563e+04   1.28e-46
  4.5220e+04   1.12e-46
  4.6941e+04   9.79e-47
  4.8726e+04   9.00e-47
  5.0580e+04   8.25e-47
