#  E [GeV]   # per interaction  [GeV^{-1}]
  3.0000e+01   3.21e-01
  3.0782e+01   3.11e-01
  3.1585e+01   3.00e-01
  3.2409e+01   2.91e-01
  3.3255e+01   2.81e-01
  3.4122e+01   2.72e-01
  3.5012e+01   2.63e-01
  3.5925e+01   2.54e-01
  3.6862e+01   2.45e-01
  3.7824e+01   2.37e-01
  3.8810e+01   2.29e-01
  3.9822e+01   2.21e-01
  4.0861e+01   2.14e-01
  4.1927e+01   2.06e-01
  4.3021e+01   1.99e-01
  4.4143e+01   1.92e-01
  4.5294e+01   1.85e-01
  4.6475e+01   1.79e-01
  4.7688e+01   1.72e-01
  4.8931e+01   1.66e-01
  5.0208e+01   1.60e-01
  5.1517e+01   1.54e-01
  5.2861e+01   1.49e-01
  5.4240e+01   1.43e-01
  5.5654e+01   1.38e-01
  5.7106e+01   1.33e-01
  5.8596e+01   1.28e-01
  6.0124e+01   1.23e-01
  6.1692e+01   1.18e-01
  6.3301e+01   1.14e-01
  6.4952e+01   1.09e-01
  6.6647e+01   1.05e-01
  6.8385e+01   1.01e-01
  7.0169e+01   9.70e-02
  7.1999e+01   9.32e-02
  7.3877e+01   8.95e-02
  7.5804e+01   8.60e-02
  7.7781e+01   8.25e-02
  7.9810e+01   7.92e-02
  8.1891e+01   7.60e-02
  8.4027e+01   7.29e-02
  8.6219e+01   6.99e-02
  8.8468e+01   6.71e-02
  9.0775e+01   6.43e-02
  9.3143e+01   6.16e-02
  9.5572e+01   5.91e-02
  9.8065e+01   5.66e-02
  1.0062e+02   5.42e-02
  1.0325e+02   5.19e-02
  1.0594e+02   4.97e-02
  1.0870e+02   4.75e-02
  1.1154e+02   4.55e-02
  1.1445e+02   4.35e-02
  1.1743e+02   4.16e-02
  1.2050e+02   3.98e-02
  1.2364e+02   3.80e-02
  1.2686e+02   3.63e-02
  1.3017e+02   3.47e-02
  1.3357e+02   3.31e-02
  1.3705e+02   3.16e-02
  1.4063e+02   3.02e-02
  1.4429e+02   2.88e-02
  1.4806e+02   2.74e-02
  1.5192e+02   2.61e-02
  1.5588e+02   2.49e-02
  1.5995e+02   2.37e-02
  1.6412e+02   2.26e-02
  1.6840e+02   2.15e-02
  1.7279e+02   2.05e-02
  1.7730e+02   1.95e-02
  1.8193e+02   1.85e-02
  1.8667e+02   1.76e-02
  1.9154e+02   1.67e-02
  1.9654e+02   1.59e-02
  2.0166e+02   1.51e-02
  2.0692e+02   1.43e-02
  2.1232e+02   1.36e-02
  2.1786e+02   1.29e-02
  2.2354e+02   1.22e-02
  2.2937e+02   1.16e-02
  2.3535e+02   1.10e-02
  2.4149e+02   1.04e-02
  2.4779e+02   9.86e-03
  2.5425e+02   9.34e-03
  2.6088e+02   8.83e-03
  2.6769e+02   8.34e-03
  2.7467e+02   7.88e-03
  2.8184e+02   7.45e-03
  2.8919e+02   7.03e-03
  2.9673e+02   6.63e-03
  3.0447e+02   6.25e-03
  3.1241e+02   5.90e-03
  3.2056e+02   5.56e-03
  3.2892e+02   5.23e-03
  3.3750e+02   4.92e-03
  3.4630e+02   4.63e-03
  3.5533e+02   4.36e-03
  3.6460e+02   4.10e-03
  3.7411e+02   3.85e-03
  3.8387e+02   3.61e-03
  3.9388e+02   3.39e-03
  4.0416e+02   3.18e-03
  4.1470e+02   2.98e-03
  4.2551e+02   2.79e-03
  4.3661e+02   2.61e-03
  4.4800e+02   2.45e-03
  4.5969e+02   2.29e-03
  4.7168e+02   2.14e-03
  4.8398e+02   2.00e-03
  4.9660e+02   1.87e-03
  5.0956e+02   1.74e-03
  5.2285e+02   1.62e-03
  5.3648e+02   1.51e-03
  5.5048e+02   1.41e-03
  5.6483e+02   1.31e-03
  5.7957e+02   1.22e-03
  5.9468e+02   1.13e-03
  6.1020e+02   1.05e-03
  6.2611e+02   9.78e-04
  6.4244e+02   9.08e-04
  6.5920e+02   8.42e-04
  6.7639e+02   7.79e-04
  6.9403e+02   7.22e-04
  7.1214e+02   6.69e-04
  7.3071e+02   6.19e-04
  7.4977e+02   5.72e-04
  7.6933e+02   5.27e-04
  7.8939e+02   4.88e-04
  8.0998e+02   4.51e-04
  8.3111e+02   4.16e-04
  8.5279e+02   3.82e-04
  8.7503e+02   3.52e-04
  8.9785e+02   3.25e-04
  9.2127e+02   2.99e-04
  9.4530e+02   2.75e-04
  9.6996e+02   2.52e-04
  9.9526e+02   2.32e-04
  1.0212e+03   2.13e-04
  1.0479e+03   1.95e-04
  1.0752e+03   1.78e-04
  1.1032e+03   1.63e-04
  1.1320e+03   1.49e-04
  1.1615e+03   1.36e-04
  1.1918e+03   1.24e-04
  1.2229e+03   1.13e-04
  1.2548e+03   1.03e-04
  1.2875e+03   9.44e-05
  1.3211e+03   8.58e-05
  1.3556e+03   7.77e-05
  1.3909e+03   7.07e-05
  1.4272e+03   6.44e-05
  1.4644e+03   5.85e-05
  1.5026e+03   5.28e-05
  1.5418e+03   4.76e-05
  1.5820e+03   4.34e-05
  1.6233e+03   3.93e-05
  1.6657e+03   3.54e-05
  1.7091e+03   3.17e-05
  1.7537e+03   2.87e-05
  1.7994e+03   2.60e-05
  1.8464e+03   2.34e-05
  1.8945e+03   2.09e-05
  1.9439e+03   1.87e-05
  1.9946e+03   1.68e-05
  2.0467e+03   1.51e-05
  2.1000e+03   1.35e-05
  2.1548e+03   1.19e-05
  2.2110e+03   1.07e-05
  2.2687e+03   9.54e-06
  2.3279e+03   8.48e-06
  2.3886e+03   7.48e-06
  2.4509e+03   6.59e-06
  2.5148e+03   5.90e-06
  2.5804e+03   5.23e-06
  2.6477e+03   4.61e-06
  2.7168e+03   4.01e-06
  2.7876e+03   3.56e-06
  2.8603e+03   3.16e-06
  2.9349e+03   2.78e-06
  3.0115e+03   2.42e-06
  3.0900e+03   2.11e-06
  3.1706e+03   1.87e-06
  3.2533e+03   1.64e-06
  3.3382e+03   1.42e-06
  3.4253e+03   1.22e-06
  3.5146e+03   1.07e-06
  3.6063e+03   9.42e-07
  3.7003e+03   8.16e-07
  3.7969e+03   6.97e-07
  3.8959e+03   5.98e-07
  3.9975e+03   5.21e-07
  4.1018e+03   4.49e-07
  4.2088e+03   3.81e-07
  4.3185e+03   3.16e-07
  4.4312e+03   2.71e-07
  4.5467e+03   2.29e-07
  4.6653e+03   1.90e-07
  4.7870e+03   1.53e-07
  4.9119e+03   1.25e-07
  5.0400e+03   1.05e-07
