#  E [GeV]   # per interaction  [GeV^{-1}]
  3.0000e+01   2.76e-02
  3.1123e+01   2.65e-02
  3.2288e+01   2.55e-02
  3.3497e+01   2.46e-02
  3.4751e+01   2.37e-02
  3.6051e+01   2.28e-02
  3.7401e+01   2.19e-02
  3.8801e+01   2.10e-02
  4.0253e+01   2.02e-02
  4.1760e+01   1.94e-02
  4.3324e+01   1.87e-02
  4.4945e+01   1.80e-02
  4.6628e+01   1.73e-02
  4.8373e+01   1.66e-02
  5.0184e+01   1.59e-02
  5.2063e+01   1.53e-02
  5.4011e+01   1.47e-02
  5.6033e+01   1.41e-02
  5.8131e+01   1.35e-02
  6.0307e+01   1.30e-02
  6.2564e+01   1.24e-02
  6.4906e+01   1.19e-02
  6.7336e+01   1.14e-02
  6.9857e+01   1.10e-02
  7.2472e+01   1.05e-02
  7.5184e+01   1.01e-02
  7.7999e+01   9.66e-03
  8.0919e+01   9.26e-03
  8.3948e+01   8.87e-03
  8.7090e+01   8.49e-03
  9.0350e+01   8.13e-03
  9.3732e+01   7.79e-03
  9.7241e+01   7.46e-03
  1.0088e+02   7.14e-03
  1.0466e+02   6.83e-03
  1.0858e+02   6.54e-03
  1.1264e+02   6.25e-03
  1.1686e+02   5.98e-03
  1.2123e+02   5.72e-03
  1.2577e+02   5.47e-03
  1.3048e+02   5.23e-03
  1.3536e+02   5.00e-03
  1.4043e+02   4.78e-03
  1.4568e+02   4.57e-03
  1.5114e+02   4.37e-03
  1.5680e+02   4.18e-03
  1.6266e+02   3.99e-03
  1.6875e+02   3.82e-03
  1.7507e+02   3.65e-03
  1.8162e+02   3.49e-03
  1.8842e+02   3.33e-03
  1.9548e+02   3.18e-03
  2.0279e+02   3.04e-03
  2.1039e+02   2.91e-03
  2.1826e+02   2.78e-03
  2.2643e+02   2.66e-03
  2.3491e+02   2.54e-03
  2.4370e+02   2.43e-03
  2.5282e+02   2.32e-03
  2.6229e+02   2.22e-03
  2.7211e+02   2.12e-03
  2.8229e+02   2.03e-03
  2.9286e+02   1.94e-03
  3.0382e+02   1.85e-03
  3.1519e+02   1.77e-03
  3.2699e+02   1.70e-03
  3.3923e+02   1.63e-03
  3.5193e+02   1.56e-03
  3.6511e+02   1.49e-03
  3.7877e+02   1.43e-03
  3.9295e+02   1.37e-03
  4.0766e+02   1.31e-03
  4.2292e+02   1.26e-03
  4.3875e+02   1.21e-03
  4.5518e+02   1.16e-03
  4.7222e+02   1.11e-03
  4.8989e+02   1.06e-03
  5.0823e+02   1.02e-03
  5.2726e+02   9.82e-04
  5.4699e+02   9.43e-04
  5.6747e+02   9.07e-04
  5.8871e+02   8.73e-04
  6.1075e+02   8.40e-04
  6.3361e+02   8.08e-04
  6.5733e+02   7.79e-04
  6.8194e+02   7.50e-04
  7.0746e+02   7.23e-04
  7.3395e+02   6.98e-04
  7.6142e+02   6.73e-04
  7.8992e+02   6.49e-04
  8.1949e+02   6.27e-04
  8.5017e+02   6.06e-04
  8.8199e+02   5.85e-04
  9.1501e+02   5.66e-04
  9.4926e+02   5.48e-04
  9.8479e+02   5.30e-04
  1.0217e+03   5.13e-04
  1.0599e+03   4.96e-04
  1.0996e+03   4.81e-04
  1.1407e+03   4.66e-04
  1.1834e+03   4.52e-04
  1.2277e+03   4.38e-04
  1.2737e+03   4.25e-04
  1.3214e+03   4.12e-04
  1.3708e+03   4.00e-04
  1.4222e+03   3.88e-04
  1.4754e+03   3.76e-04
  1.5306e+03   3.66e-04
  1.5879e+03   3.55e-04
  1.6474e+03   3.45e-04
  1.7090e+03   3.35e-04
  1.7730e+03   3.25e-04
  1.8394e+03   3.16e-04
  1.9082e+03   3.07e-04
  1.9797e+03   2.99e-04
  2.0538e+03   2.91e-04
  2.1306e+03   2.82e-04
  2.2104e+03   2.75e-04
  2.2931e+03   2.67e-04
  2.3790e+03   2.59e-04
  2.4680e+03   2.52e-04
  2.5604e+03   2.45e-04
  2.6563e+03   2.38e-04
  2.7557e+03   2.31e-04
  2.8589e+03   2.24e-04
  2.9659e+03   2.18e-04
  3.0769e+03   2.11e-04
  3.1921e+03   2.05e-04
  3.3116e+03   1.99e-04
  3.4355e+03   1.93e-04
  3.5641e+03   1.87e-04
  3.6976e+03   1.81e-04
  3.8360e+03   1.75e-04
  3.9796e+03   1.69e-04
  4.1285e+03   1.64e-04
  4.2831e+03   1.58e-04
  4.4434e+03   1.53e-04
  4.6097e+03   1.48e-04
  4.7823e+03   1.43e-04
  4.9613e+03   1.38e-04
  5.1470e+03   1.32e-04
  5.3397e+03   1.27e-04
  5.5396e+03   1.23e-04
  5.7470e+03   1.18e-04
  5.9621e+03   1.13e-04
  6.1853e+03   1.09e-04
  6.4168e+03   1.04e-04
  6.6570e+03   9.94e-05
  6.9062e+03   9.51e-05
  7.1647e+03   9.08e-05
  7.4329e+03   8.65e-05
  7.7112e+03   8.25e-05
  7.9998e+03   7.84e-05
  8.2993e+03   7.45e-05
  8.6100e+03   7.07e-05
  8.9323e+03   6.69e-05
  9.2666e+03   6.32e-05
  9.6135e+03   5.96e-05
  9.9734e+03   5.61e-05
  1.0347e+04   5.27e-05
  1.0734e+04   4.94e-05
  1.1136e+04   4.62e-05
  1.1553e+04   4.31e-05
  1.1985e+04   4.01e-05
  1.2434e+04   3.72e-05
  1.2899e+04   3.44e-05
  1.3382e+04   3.18e-05
  1.3883e+04   2.92e-05
  1.4403e+04   2.68e-05
  1.4942e+04   2.44e-05
  1.5501e+04   2.22e-05
  1.6081e+04   2.01e-05
  1.6683e+04   1.81e-05
  1.7308e+04   1.63e-05
  1.7956e+04   1.45e-05
  1.8628e+04   1.28e-05
  1.9325e+04   1.13e-05
  2.0049e+04   9.83e-06
  2.0799e+04   8.50e-06
  2.1578e+04   7.28e-06
  2.2386e+04   6.17e-06
  2.3224e+04   5.17e-06
  2.4093e+04   4.28e-06
  2.4995e+04   3.48e-06
  2.5930e+04   2.80e-06
  2.6901e+04   2.21e-06
  2.7908e+04   1.70e-06
  2.8953e+04   1.28e-06
  3.0037e+04   9.37e-07
  3.1161e+04   6.57e-07
  3.2327e+04   4.48e-07
  3.3537e+04   2.90e-07
  3.4793e+04   1.76e-07
  3.6095e+04   1.01e-07
  3.7446e+04   5.39e-08
  3.8848e+04   2.57e-08
  4.0302e+04   1.09e-08
  4.1811e+04   4.02e-09
  4.3376e+04   1.21e-09
  4.5000e+04   2.87e-10
