#  E [GeV]   # per interaction  [GeV^{-1}]
  3.0000e+01   5.56e-03
  3.0607e+01   5.41e-03
  3.1227e+01   5.26e-03
  3.1859e+01   5.11e-03
  3.2504e+01   4.97e-03
  3.3163e+01   4.83e-03
  3.3834e+01   4.70e-03
  3.4519e+01   4.57e-03
  3.5218e+01   4.44e-03
  3.5931e+01   4.31e-03
  3.6659e+01   4.19e-03
  3.7401e+01   4.08e-03
  3.8158e+01   3.96e-03
  3.8931e+01   3.85e-03
  3.9719e+01   3.75e-03
  4.0523e+01   3.64e-03
  4.1344e+01   3.54e-03
  4.2181e+01   3.44e-03
  4.3035e+01   3.35e-03
  4.3906e+01   3.25e-03
  4.4795e+01   3.16e-03
  4.5702e+01   3.08e-03
  4.6628e+01   2.99e-03
  4.7572e+01   2.91e-03
  4.8535e+01   2.83e-03
  4.9517e+01   2.75e-03
  5.0520e+01   2.67e-03
  5.1543e+01   2.60e-03
  5.2587e+01   2.53e-03
  5.3651e+01   2.46e-03
  5.4738e+01   2.39e-03
  5.5846e+01   2.32e-03
  5.6977e+01   2.26e-03
  5.8130e+01   2.20e-03
  5.9307e+01   2.14e-03
  6.0508e+01   2.08e-03
  6.1733e+01   2.02e-03
  6.2983e+01   1.97e-03
  6.4258e+01   1.91e-03
  6.5559e+01   1.86e-03
  6.6887e+01   1.81e-03
  6.8241e+01   1.76e-03
  6.9623e+01   1.72e-03
  7.1033e+01   1.67e-03
  7.2471e+01   1.62e-03
  7.3938e+01   1.58e-03
  7.5435e+01   1.54e-03
  7.6963e+01   1.50e-03
  7.8521e+01   1.46e-03
  8.0111e+01   1.42e-03
  8.1733e+01   1.38e-03
  8.3388e+01   1.34e-03
  8.5076e+01   1.31e-03
  8.6799e+01   1.27e-03
  8.8556e+01   1.24e-03
  9.0349e+01   1.20e-03
  9.2178e+01   1.17e-03
  9.4045e+01   1.14e-03
  9.5949e+01   1.11e-03
  9.7892e+01   1.08e-03
  9.9874e+01   1.05e-03
  1.0190e+02   1.03e-03
  1.0396e+02   9.98e-04
  1.0606e+02   9.72e-04
  1.0821e+02   9.47e-04
  1.1040e+02   9.22e-04
  1.1264e+02   8.98e-04
  1.1492e+02   8.75e-04
  1.1725e+02   8.52e-04
  1.1962e+02   8.30e-04
  1.2204e+02   8.08e-04
  1.2451e+02   7.88e-04
  1.2703e+02   7.67e-04
  1.2961e+02   7.48e-04
  1.3223e+02   7.28e-04
  1.3491e+02   7.10e-04
  1.3764e+02   6.92e-04
  1.4043e+02   6.74e-04
  1.4327e+02   6.57e-04
  1.4617e+02   6.40e-04
  1.4913e+02   6.24e-04
  1.5215e+02   6.08e-04
  1.5523e+02   5.93e-04
  1.5837e+02   5.77e-04
  1.6158e+02   5.63e-04
  1.6485e+02   5.49e-04
  1.6819e+02   5.35e-04
  1.7159e+02   5.22e-04
  1.7507e+02   5.09e-04
  1.7861e+02   4.96e-04
  1.8223e+02   4.84e-04
  1.8592e+02   4.71e-04
  1.8968e+02   4.59e-04
  1.9352e+02   4.48e-04
  1.9744e+02   4.37e-04
  2.0144e+02   4.25e-04
  2.0552e+02   4.15e-04
  2.0968e+02   4.04e-04
  2.1392e+02   3.94e-04
  2.1826e+02   3.84e-04
  2.2267e+02   3.74e-04
  2.2718e+02   3.65e-04
  2.3178e+02   3.56e-04
  2.3648e+02   3.47e-04
  2.4126e+02   3.38e-04
  2.4615e+02   3.29e-04
  2.5113e+02   3.21e-04
  2.5622e+02   3.13e-04
  2.6141e+02   3.05e-04
  2.6670e+02   2.97e-04
  2.7210e+02   2.90e-04
  2.7761e+02   2.82e-04
  2.8323e+02   2.75e-04
  2.8896e+02   2.68e-04
  2.9481e+02   2.62e-04
  3.0078e+02   2.55e-04
  3.0687e+02   2.49e-04
  3.1309e+02   2.42e-04
  3.1943e+02   2.36e-04
  3.2589e+02   2.30e-04
  3.3249e+02   2.24e-04
  3.3922e+02   2.19e-04
  3.4609e+02   2.13e-04
  3.5310e+02   2.08e-04
  3.6025e+02   2.02e-04
  3.6754e+02   1.97e-04
  3.7498e+02   1.92e-04
  3.8258e+02   1.87e-04
  3.9032e+02   1.82e-04
  3.9823e+02   1.77e-04
  4.0629e+02   1.73e-04
  4.1452e+02   1.68e-04
  4.2291e+02   1.64e-04
  4.3147e+02   1.59e-04
  4.4021e+02   1.55e-04
  4.4912e+02   1.51e-04
  4.5821e+02   1.47e-04
  4.6749e+02   1.43e-04
  4.7696e+02   1.39e-04
  4.8661e+02   1.36e-04
  4.9647e+02   1.32e-04
  5.0652e+02   1.28e-04
  5.1678e+02   1.25e-04
  5.2724e+02   1.21e-04
  5.3791e+02   1.18e-04
  5.4881e+02   1.15e-04
  5.5992e+02   1.12e-04
  5.7125e+02   1.09e-04
  5.8282e+02   1.06e-04
  5.9462e+02   1.03e-04
  6.0666e+02   9.99e-05
  6.1894e+02   9.72e-05
  6.3148e+02   9.45e-05
  6.4426e+02   9.18e-05
  6.5731e+02   8.92e-05
  6.7061e+02   8.66e-05
  6.8419e+02   8.41e-05
  6.9805e+02   8.17e-05
  7.1218e+02   7.93e-05
  7.2660e+02   7.70e-05
  7.4131e+02   7.48e-05
  7.5632e+02   7.26e-05
  7.7163e+02   7.04e-05
  7.8726e+02   6.84e-05
  8.0320e+02   6.63e-05
  8.1946e+02   6.44e-05
  8.3605e+02   6.24e-05
  8.5298e+02   6.06e-05
  8.7025e+02   5.87e-05
  8.8787e+02   5.70e-05
  9.0585e+02   5.53e-05
  9.2419e+02   5.36e-05
  9.4290e+02   5.20e-05
  9.6199e+02   5.04e-05
  9.8147e+02   4.88e-05
  1.0013e+03   4.73e-05
  1.0216e+03   4.59e-05
  1.0423e+03   4.45e-05
  1.0634e+03   4.31e-05
  1.0849e+03   4.18e-05
  1.1069e+03   4.05e-05
  1.1293e+03   3.92e-05
  1.1522e+03   3.80e-05
  1.1755e+03   3.68e-05
  1.1993e+03   3.57e-05
  1.2236e+03   3.46e-05
  1.2484e+03   3.35e-05
  1.2736e+03   3.24e-05
  1.2994e+03   3.14e-05
  1.3257e+03   3.03e-05
  1.3526e+03   2.94e-05
  1.3800e+03   2.84e-05
  1.4079e+03   2.75e-05
  1.4364e+03   2.65e-05
  1.4655e+03   2.57e-05
  1.4952e+03   2.48e-05
  1.5255e+03   2.40e-05
  1.5563e+03   2.32e-05
  1.5879e+03   2.24e-05
  1.6200e+03   2.17e-05
