#  E [GeV]   # per interaction  [GeV^{-1}]
  3.0000e+01   3.42e-01
  3.0675e+01   3.30e-01
  3.1366e+01   3.19e-01
  3.2072e+01   3.08e-01
  3.2794e+01   2.97e-01
  3.3533e+01   2.87e-01
  3.4288e+01   2.77e-01
  3.5060e+01   2.67e-01
  3.5849e+01   2.58e-01
  3.6656e+01   2.48e-01
  3.7482e+01   2.40e-01
  3.8326e+01   2.31e-01
  3.9188e+01   2.23e-01
  4.0071e+01   2.15e-01
  4.0973e+01   2.07e-01
  4.1896e+01   2.00e-01
  4.2839e+01   1.92e-01
  4.3803e+01   1.86e-01
  4.4790e+01   1.79e-01
  4.5798e+01   1.72e-01
  4.6829e+01   1.66e-01
  4.7884e+01   1.60e-01
  4.8962e+01   1.54e-01
  5.0064e+01   1.49e-01
  5.1191e+01   1.43e-01
  5.2344e+01   1.38e-01
  5.3522e+01   1.33e-01
  5.4727e+01   1.28e-01
  5.5960e+01   1.23e-01
  5.7219e+01   1.18e-01
  5.8508e+01   1.14e-01
  5.9825e+01   1.09e-01
  6.1172e+01   1.05e-01
  6.2549e+01   1.01e-01
  6.3958e+01   9.72e-02
  6.5398e+01   9.33e-02
  6.6870e+01   8.96e-02
  6.8376e+01   8.61e-02
  6.9915e+01   8.26e-02
  7.1489e+01   7.93e-02
  7.3099e+01   7.61e-02
  7.4745e+01   7.29e-02
  7.6428e+01   6.99e-02
  7.8148e+01   6.71e-02
  7.9908e+01   6.43e-02
  8.1707e+01   6.16e-02
  8.3547e+01   5.90e-02
  8.5428e+01   5.65e-02
  8.7351e+01   5.41e-02
  8.9318e+01   5.17e-02
  9.1329e+01   4.95e-02
  9.3385e+01   4.73e-02
  9.5488e+01   4.52e-02
  9.7638e+01   4.32e-02
  9.9836e+01   4.13e-02
  1.0208e+02   3.95e-02
  1.0438e+02   3.77e-02
  1.0673e+02   3.59e-02
  1.0914e+02   3.43e-02
  1.1159e+02   3.27e-02
  1.1411e+02   3.12e-02
  1.1667e+02   2.98e-02
  1.1930e+02   2.83e-02
  1.2199e+02   2.70e-02
  1.2473e+02   2.57e-02
  1.2754e+02   2.45e-02
  1.3041e+02   2.32e-02
  1.3335e+02   2.21e-02
  1.3635e+02   2.10e-02
  1.3942e+02   1.99e-02
  1.4256e+02   1.89e-02
  1.4577e+02   1.80e-02
  1.4905e+02   1.70e-02
  1.5241e+02   1.61e-02
  1.5584e+02   1.53e-02
  1.5935e+02   1.45e-02
  1.6294e+02   1.37e-02
  1.6661e+02   1.30e-02
  1.7036e+02   1.23e-02
  1.7419e+02   1.16e-02
  1.7812e+02   1.10e-02
  1.8213e+02   1.03e-02
  1.8623e+02   9.75e-03
  1.9042e+02   9.19e-03
  1.9471e+02   8.67e-03
  1.9909e+02   8.17e-03
  2.0357e+02   7.69e-03
  2.0816e+02   7.23e-03
  2.1284e+02   6.79e-03
  2.1763e+02   6.39e-03
  2.2253e+02   6.01e-03
  2.2755e+02   5.64e-03
  2.3267e+02   5.28e-03
  2.3791e+02   4.94e-03
  2.4326e+02   4.63e-03
  2.4874e+02   4.34e-03
  2.5434e+02   4.06e-03
  2.6007e+02   3.78e-03
  2.6592e+02   3.52e-03
  2.7191e+02   3.29e-03
  2.7803e+02   3.07e-03
  2.8429e+02   2.86e-03
  2.9069e+02   2.66e-03
  2.9724e+02   2.47e-03
  3.0393e+02   2.30e-03
  3.1077e+02   2.14e-03
  3.1777e+02   1.99e-03
  3.2493e+02   1.84e-03
  3.3224e+02   1.70e-03
  3.3972e+02   1.57e-03
  3.4737e+02   1.46e-03
  3.5519e+02   1.35e-03
  3.6319e+02   1.25e-03
  3.7137e+02   1.15e-03
  3.7973e+02   1.05e-03
  3.8828e+02   9.75e-04
  3.9702e+02   8.99e-04
  4.0596e+02   8.27e-04
  4.1510e+02   7.58e-04
  4.2444e+02   6.92e-04
  4.3400e+02   6.39e-04
  4.4377e+02   5.87e-04
  4.5376e+02   5.38e-04
  4.6398e+02   4.91e-04
  4.7443e+02   4.46e-04
  4.8511e+02   4.10e-04
  4.9603e+02   3.75e-04
  5.0720e+02   3.42e-04
  5.1862e+02   3.11e-04
  5.3030e+02   2.81e-04
  5.4224e+02   2.56e-04
  5.5444e+02   2.34e-04
  5.6693e+02   2.13e-04
  5.7969e+02   1.93e-04
  5.9274e+02   1.73e-04
  6.0609e+02   1.57e-04
  6.1974e+02   1.43e-04
  6.3369e+02   1.30e-04
  6.4796e+02   1.17e-04
  6.6255e+02   1.05e-04
  6.7746e+02   9.44e-05
  6.9272e+02   8.58e-05
  7.0831e+02   7.76e-05
  7.2426e+02   6.98e-05
  7.4057e+02   6.24e-05
  7.5724e+02   5.57e-05
  7.7429e+02   5.05e-05
  7.9172e+02   4.56e-05
  8.0955e+02   4.09e-05
  8.2778e+02   3.65e-05
  8.4641e+02   3.23e-05
  8.6547e+02   2.93e-05
  8.8496e+02   2.64e-05
  9.0488e+02   2.37e-05
  9.2526e+02   2.11e-05
  9.4609e+02   1.86e-05
  9.6739e+02   1.67e-05
  9.8917e+02   1.51e-05
  1.0114e+03   1.35e-05
  1.0342e+03   1.20e-05
  1.0575e+03   1.05e-05
  1.0813e+03   9.44e-06
  1.1057e+03   8.51e-06
  1.1305e+03   7.62e-06
  1.1560e+03   6.78e-06
  1.1820e+03   5.98e-06
  1.2086e+03   5.34e-06
  1.2359e+03   4.82e-06
  1.2637e+03   4.34e-06
  1.2921e+03   3.87e-06
  1.3212e+03   3.43e-06
  1.3510e+03   3.06e-06
  1.3814e+03   2.78e-06
  1.4125e+03   2.51e-06
  1.4443e+03   2.26e-06
  1.4768e+03   2.02e-06
  1.5101e+03   1.81e-06
  1.5441e+03   1.66e-06
  1.5788e+03   1.52e-06
  1.6144e+03   1.38e-06
  1.6507e+03   1.26e-06
  1.6879e+03   1.14e-06
  1.7259e+03   1.05e-06
  1.7648e+03   9.73e-07
  1.8045e+03   8.97e-07
  1.8451e+03   8.24e-07
  1.8867e+03   7.55e-07
  1.9291e+03   7.01e-07
  1.9726e+03   6.52e-07
  2.0170e+03   6.05e-07
  2.0624e+03   5.61e-07
  2.1088e+03   5.18e-07
  2.1563e+03   4.80e-07
  2.2049e+03   4.45e-07
  2.2545e+03   4.11e-07
  2.3053e+03   3.79e-07
  2.3572e+03   3.48e-07
  2.4102e+03   3.23e-07
  2.4645e+03   3.04e-07
  2.5200e+03   2.86e-07
