#  E [MeV]   Flux [# cm^{-2} s^{-1}  MeV^{-1}]
  3.0000e+04   9.75e-20
  3.0675e+04   9.43e-20
  3.1366e+04   9.13e-20
  3.2072e+04   8.83e-20
  3.2794e+04   8.54e-20
  3.3533e+04   8.26e-20
  3.4288e+04   7.99e-20
  3.5060e+04   7.73e-20
  3.5849e+04   7.47e-20
  3.6656e+04   7.22e-20
  3.7482e+04   6.98e-20
  3.8326e+04   6.74e-20
  3.9188e+04   6.51e-20
  4.0071e+04   6.29e-20
  4.0973e+04   6.08e-20
  4.1896e+04   5.87e-20
  4.2839e+04   5.66e-20
  4.3803e+04   5.47e-20
  4.4790e+04   5.28e-20
  4.5798e+04   5.09e-20
  4.6829e+04   4.91e-20
  4.7884e+04   4.74e-20
  4.8962e+04   4.57e-20
  5.0064e+04   4.41e-20
  5.1191e+04   4.25e-20
  5.2344e+04   4.10e-20
  5.3522e+04   3.95e-20
  5.4727e+04   3.80e-20
  5.5960e+04   3.67e-20
  5.7219e+04   3.53e-20
  5.8508e+04   3.40e-20
  5.9825e+04   3.27e-20
  6.1172e+04   3.15e-20
  6.2549e+04   3.03e-20
  6.3958e+04   2.92e-20
  6.5398e+04   2.81e-20
  6.6870e+04   2.70e-20
  6.8376e+04   2.60e-20
  6.9915e+04   2.50e-20
  7.1489e+04   2.40e-20
  7.3099e+04   2.31e-20
  7.4745e+04   2.22e-20
  7.6428e+04   2.13e-20
  7.8148e+04   2.05e-20
  7.9908e+04   1.96e-20
  8.1707e+04   1.89e-20
  8.3547e+04   1.81e-20
  8.5428e+04   1.74e-20
  8.7351e+04   1.67e-20
  8.9318e+04   1.60e-20
  9.1329e+04   1.53e-20
  9.3385e+04   1.47e-20
  9.5488e+04   1.41e-20
  9.7638e+04   1.35e-20
  9.9836e+04   1.29e-20
  1.0208e+05   1.24e-20
  1.0438e+05   1.19e-20
  1.0673e+05   1.14e-20
  1.0914e+05   1.09e-20
  1.1159e+05   1.04e-20
  1.1411e+05   9.97e-21
  1.1667e+05   9.54e-21
  1.1930e+05   9.12e-21
  1.2199e+05   8.72e-21
  1.2473e+05   8.34e-21
  1.2754e+05   7.96e-21
  1.3041e+05   7.60e-21
  1.3335e+05   7.26e-21
  1.3635e+05   6.93e-21
  1.3942e+05   6.62e-21
  1.4256e+05   6.31e-21
  1.4577e+05   6.02e-21
  1.4905e+05   5.74e-21
  1.5241e+05   5.47e-21
  1.5584e+05   5.22e-21
  1.5935e+05   4.97e-21
  1.6294e+05   4.73e-21
  1.6661e+05   4.50e-21
  1.7036e+05   4.29e-21
  1.7419e+05   4.08e-21
  1.7812e+05   3.88e-21
  1.8213e+05   3.69e-21
  1.8623e+05   3.50e-21
  1.9042e+05   3.33e-21
  1.9471e+05   3.16e-21
  1.9909e+05   3.00e-21
  2.0357e+05   2.85e-21
  2.0816e+05   2.70e-21
  2.1284e+05   2.56e-21
  2.1763e+05   2.43e-21
  2.2253e+05   2.30e-21
  2.2755e+05   2.18e-21
  2.3267e+05   2.06e-21
  2.3791e+05   1.95e-21
  2.4326e+05   1.85e-21
  2.4874e+05   1.75e-21
  2.5434e+05   1.65e-21
  2.6007e+05   1.56e-21
  2.6592e+05   1.47e-21
  2.7191e+05   1.39e-21
  2.7803e+05   1.31e-21
  2.8429e+05   1.23e-21
  2.9069e+05   1.16e-21
  2.9724e+05   1.09e-21
  3.0393e+05   1.03e-21
  3.1077e+05   9.70e-22
  3.1777e+05   9.12e-22
  3.2493e+05   8.57e-22
  3.3224e+05   8.03e-22
  3.3972e+05   7.55e-22
  3.4737e+05   7.09e-22
  3.5519e+05   6.65e-22
  3.6319e+05   6.23e-22
  3.7137e+05   5.82e-22
  3.7973e+05   5.45e-22
  3.8828e+05   5.11e-22
  3.9702e+05   4.78e-22
  4.0596e+05   4.47e-22
  4.1510e+05   4.16e-22
  4.2444e+05   3.89e-22
  4.3400e+05   3.63e-22
  4.4377e+05   3.39e-22
  4.5376e+05   3.16e-22
  4.6398e+05   2.94e-22
  4.7443e+05   2.73e-22
  4.8511e+05   2.55e-22
  4.9603e+05   2.37e-22
  5.0720e+05   2.20e-22
  5.1862e+05   2.04e-22
  5.3030e+05   1.89e-22
  5.4224e+05   1.76e-22
  5.5444e+05   1.63e-22
  5.6693e+05   1.51e-22
  5.7969e+05   1.40e-22
  5.9274e+05   1.29e-22
  6.0609e+05   1.20e-22
  6.1974e+05   1.11e-22
  6.3369e+05   1.03e-22
  6.4796e+05   9.46e-23
  6.6255e+05   8.71e-23
  6.7746e+05   8.06e-23
  6.9272e+05   7.47e-23
  7.0831e+05   6.90e-23
  7.2426e+05   6.36e-23
  7.4057e+05   5.85e-23
  7.5724e+05   5.40e-23
  7.7429e+05   5.00e-23
  7.9172e+05   4.62e-23
  8.0955e+05   4.26e-23
  8.2778e+05   3.92e-23
  8.4641e+05   3.61e-23
  8.6547e+05   3.35e-23
  8.8496e+05   3.10e-23
  9.0488e+05   2.86e-23
  9.2526e+05   2.63e-23
  9.4609e+05   2.43e-23
  9.6739e+05   2.26e-23
  9.8917e+05   2.10e-23
  1.0114e+06   1.94e-23
  1.0342e+06   1.80e-23
  1.0575e+06   1.66e-23
  1.0813e+06   1.56e-23
  1.1057e+06   1.46e-23
  1.1305e+06   1.36e-23
  1.1560e+06   1.27e-23
  1.1820e+06   1.18e-23
  1.2086e+06   1.12e-23
  1.2359e+06   1.05e-23
  1.2637e+06   9.94e-24
  1.2921e+06   9.37e-24
  1.3212e+06   8.83e-24
  1.3510e+06   8.40e-24
  1.3814e+06   8.02e-24
  1.4125e+06   7.66e-24
  1.4443e+06   7.31e-24
  1.4768e+06   6.98e-24
  1.5101e+06   6.73e-24
  1.5441e+06   6.55e-24
  1.5788e+06   6.38e-24
  1.6144e+06   6.21e-24
  1.6507e+06   6.05e-24
  1.6879e+06   5.94e-24
  1.7259e+06   5.91e-24
  1.7648e+06   5.88e-24
  1.8045e+06   5.85e-24
  1.8451e+06   5.81e-24
  1.8867e+06   5.82e-24
  1.9291e+06   6.00e-24
  1.9726e+06   6.17e-24
  2.0170e+06   6.33e-24
  2.0624e+06   6.48e-24
  2.1088e+06   6.61e-24
  2.1563e+06   6.85e-24
  2.2049e+06   7.07e-24
  2.2545e+06   7.28e-24
  2.3053e+06   7.47e-24
  2.3572e+06   7.64e-24
  2.4102e+06   6.27e-24
  2.4645e+06   4.71e-24
  2.5200e+06   3.22e-24
