#  E [MeV]   Flux [# cm^{-2} s^{-1}  MeV^{-1}]
  3.0000e+04   1.04e-26
  3.1141e+04   1.01e-26
  3.2326e+04   9.67e-27
  3.3556e+04   9.30e-27
  3.4832e+04   8.94e-27
  3.6157e+04   8.59e-27
  3.7533e+04   8.26e-27
  3.8961e+04   7.93e-27
  4.0443e+04   7.62e-27
  4.1982e+04   7.32e-27
  4.3579e+04   7.02e-27
  4.5237e+04   6.74e-27
  4.6958e+04   6.47e-27
  4.8744e+04   6.21e-27
  5.0598e+04   5.95e-27
  5.2523e+04   5.71e-27
  5.4521e+04   5.47e-27
  5.6596e+04   5.24e-27
  5.8749e+04   5.03e-27
  6.0984e+04   4.82e-27
  6.3304e+04   4.61e-27
  6.5712e+04   4.42e-27
  6.8212e+04   4.23e-27
  7.0807e+04   4.05e-27
  7.3500e+04   3.87e-27
  7.6297e+04   3.70e-27
  7.9199e+04   3.54e-27
  8.2212e+04   3.39e-27
  8.5340e+04   3.24e-27
  8.8586e+04   3.09e-27
  9.1956e+04   2.95e-27
  9.5455e+04   2.82e-27
  9.9086e+04   2.69e-27
  1.0286e+05   2.57e-27
  1.0677e+05   2.45e-27
  1.1083e+05   2.34e-27
  1.1505e+05   2.23e-27
  1.1942e+05   2.12e-27
  1.2397e+05   2.02e-27
  1.2868e+05   1.93e-27
  1.3358e+05   1.84e-27
  1.3866e+05   1.75e-27
  1.4394e+05   1.66e-27
  1.4941e+05   1.58e-27
  1.5509e+05   1.50e-27
  1.6100e+05   1.43e-27
  1.6712e+05   1.36e-27
  1.7348e+05   1.29e-27
  1.8008e+05   1.22e-27
  1.8693e+05   1.16e-27
  1.9404e+05   1.10e-27
  2.0142e+05   1.05e-27
  2.0908e+05   9.91e-28
  2.1704e+05   9.39e-28
  2.2529e+05   8.89e-28
  2.3387e+05   8.42e-28
  2.4276e+05   7.96e-28
  2.5200e+05   7.53e-28
  2.6158e+05   7.12e-28
  2.7154e+05   6.72e-28
  2.8187e+05   6.35e-28
  2.9259e+05   5.99e-28
  3.0372e+05   5.65e-28
  3.1527e+05   5.33e-28
  3.2727e+05   5.02e-28
  3.3972e+05   4.73e-28
  3.5264e+05   4.45e-28
  3.6606e+05   4.19e-28
  3.7998e+05   3.94e-28
  3.9444e+05   3.70e-28
  4.0945e+05   3.48e-28
  4.2502e+05   3.26e-28
  4.4119e+05   3.06e-28
  4.5798e+05   2.87e-28
  4.7540e+05   2.69e-28
  4.9348e+05   2.52e-28
  5.1226e+05   2.36e-28
  5.3175e+05   2.21e-28
  5.5198e+05   2.07e-28
  5.7297e+05   1.94e-28
  5.9477e+05   1.81e-28
  6.1740e+05   1.69e-28
  6.4089e+05   1.58e-28
  6.6527e+05   1.48e-28
  6.9058e+05   1.38e-28
  7.1685e+05   1.29e-28
  7.4412e+05   1.20e-28
  7.7243e+05   1.12e-28
  8.0181e+05   1.05e-28
  8.3232e+05   9.76e-29
  8.6398e+05   9.10e-29
  8.9685e+05   8.50e-29
  9.3097e+05   7.93e-29
  9.6638e+05   7.40e-29
  1.0031e+06   6.91e-29
  1.0413e+06   6.45e-29
  1.0809e+06   6.02e-29
  1.1220e+06   5.63e-29
  1.1647e+06   5.26e-29
  1.2090e+06   4.91e-29
  1.2550e+06   4.59e-29
  1.3028e+06   4.29e-29
  1.3523e+06   4.01e-29
  1.4038e+06   3.75e-29
  1.4572e+06   3.51e-29
  1.5126e+06   3.29e-29
  1.5702e+06   3.08e-29
  1.6299e+06   2.89e-29
  1.6919e+06   2.70e-29
  1.7563e+06   2.53e-29
  1.8231e+06   2.38e-29
  1.8925e+06   2.23e-29
  1.9645e+06   2.09e-29
  2.0392e+06   1.96e-29
  2.1168e+06   1.84e-29
  2.1973e+06   1.73e-29
  2.2809e+06   1.63e-29
  2.3677e+06   1.53e-29
  2.4577e+06   1.44e-29
  2.5512e+06   1.35e-29
  2.6483e+06   1.27e-29
  2.7490e+06   1.20e-29
  2.8536e+06   1.13e-29
  2.9622e+06   1.06e-29
  3.0749e+06   9.95e-30
  3.1918e+06   9.37e-30
  3.3133e+06   8.82e-30
  3.4393e+06   8.30e-30
  3.5702e+06   7.81e-30
  3.7060e+06   7.35e-30
  3.8470e+06   6.91e-30
  3.9933e+06   6.51e-30
  4.1452e+06   6.12e-30
  4.3029e+06   5.75e-30
  4.4666e+06   5.41e-30
  4.6366e+06   5.08e-30
  4.8129e+06   4.77e-30
  4.9960e+06   4.48e-30
  5.1861e+06   4.20e-30
  5.3834e+06   3.93e-30
  5.5882e+06   3.69e-30
  5.8008e+06   3.45e-30
  6.0215e+06   3.22e-30
  6.2506e+06   3.01e-30
  6.4883e+06   2.81e-30
  6.7352e+06   2.62e-30
  6.9914e+06   2.43e-30
  7.2574e+06   2.26e-30
  7.5335e+06   2.09e-30
  7.8201e+06   1.93e-30
  8.1176e+06   1.78e-30
  8.4264e+06   1.64e-30
  8.7470e+06   1.51e-30
  9.0797e+06   1.38e-30
  9.4251e+06   1.25e-30
  9.7837e+06   1.14e-30
  1.0156e+07   1.03e-30
  1.0542e+07   9.26e-31
  1.0943e+07   8.29e-31
  1.1360e+07   7.38e-31
  1.1792e+07   6.53e-31
  1.2240e+07   5.74e-31
  1.2706e+07   5.00e-31
  1.3189e+07   4.32e-31
  1.3691e+07   3.69e-31
  1.4212e+07   3.13e-31
  1.4753e+07   2.61e-31
  1.5314e+07   2.16e-31
  1.5897e+07   1.75e-31
  1.6501e+07   1.40e-31
  1.7129e+07   1.10e-31
  1.7781e+07   8.42e-32
  1.8457e+07   6.30e-32
  1.9159e+07   4.58e-32
  1.9888e+07   3.22e-32
  2.0645e+07   2.18e-32
  2.1430e+07   1.42e-32
  2.2245e+07   8.76e-33
  2.3092e+07   5.11e-33
  2.3970e+07   2.79e-33
  2.4882e+07   1.41e-33
  2.5829e+07   6.47e-34
  2.6811e+07   2.67e-34
  2.7831e+07   9.71e-35
  2.8890e+07   3.02e-35
  2.9989e+07   7.84e-36
  3.1130e+07   1.63e-36
  3.2314e+07   2.60e-37
  3.3544e+07   2.99e-38
  3.4820e+07   2.31e-39
  3.6144e+07   1.09e-40
  3.7519e+07   2.83e-42
  3.8947e+07   3.42e-44
  4.0428e+07   1.60e-46
  4.1966e+07   2.24e-49
  4.3563e+07   6.74e-53
  4.5220e+07   2.80e-57
  4.6941e+07   8.96e-63
  4.8726e+07   9.98e-70
  5.0580e+07   3.59e-71
