#  E [MeV]   Flux [# cm^{-2} s^{-1}  MeV^{-1}]
  3.0000e+04   1.41e-19
  3.1123e+04   1.35e-19
  3.2288e+04   1.30e-19
  3.3497e+04   1.25e-19
  3.4751e+04   1.20e-19
  3.6051e+04   1.16e-19
  3.7401e+04   1.11e-19
  3.8801e+04   1.07e-19
  4.0253e+04   1.03e-19
  4.1760e+04   9.89e-20
  4.3324e+04   9.51e-20
  4.4945e+04   9.14e-20
  4.6628e+04   8.78e-20
  4.8373e+04   8.44e-20
  5.0184e+04   8.11e-20
  5.2063e+04   7.79e-20
  5.4011e+04   7.49e-20
  5.6033e+04   7.19e-20
  5.8131e+04   6.91e-20
  6.0307e+04   6.63e-20
  6.2564e+04   6.37e-20
  6.4906e+04   6.12e-20
  6.7336e+04   5.87e-20
  6.9857e+04   5.64e-20
  7.2472e+04   5.41e-20
  7.5184e+04   5.19e-20
  7.7999e+04   4.98e-20
  8.0919e+04   4.78e-20
  8.3948e+04   4.58e-20
  8.7090e+04   4.40e-20
  9.0350e+04   4.22e-20
  9.3732e+04   4.04e-20
  9.7241e+04   3.87e-20
  1.0088e+05   3.71e-20
  1.0466e+05   3.56e-20
  1.0858e+05   3.41e-20
  1.1264e+05   3.26e-20
  1.1686e+05   3.12e-20
  1.2123e+05   2.99e-20
  1.2577e+05   2.86e-20
  1.3048e+05   2.74e-20
  1.3536e+05   2.62e-20
  1.4043e+05   2.51e-20
  1.4568e+05   2.39e-20
  1.5114e+05   2.29e-20
  1.5680e+05   2.19e-20
  1.6266e+05   2.09e-20
  1.6875e+05   1.99e-20
  1.7507e+05   1.90e-20
  1.8162e+05   1.82e-20
  1.8842e+05   1.73e-20
  1.9548e+05   1.65e-20
  2.0279e+05   1.57e-20
  2.1039e+05   1.50e-20
  2.1826e+05   1.43e-20
  2.2643e+05   1.36e-20
  2.3491e+05   1.30e-20
  2.4370e+05   1.23e-20
  2.5282e+05   1.17e-20
  2.6229e+05   1.11e-20
  2.7211e+05   1.06e-20
  2.8229e+05   1.01e-20
  2.9286e+05   9.55e-21
  3.0382e+05   9.06e-21
  3.1519e+05   8.59e-21
  3.2699e+05   8.14e-21
  3.3923e+05   7.71e-21
  3.5193e+05   7.30e-21
  3.6511e+05   6.91e-21
  3.7877e+05   6.54e-21
  3.9295e+05   6.18e-21
  4.0766e+05   5.84e-21
  4.2292e+05   5.52e-21
  4.3875e+05   5.21e-21
  4.5518e+05   4.91e-21
  4.7222e+05   4.63e-21
  4.8989e+05   4.37e-21
  5.0823e+05   4.12e-21
  5.2726e+05   3.87e-21
  5.4699e+05   3.65e-21
  5.6747e+05   3.43e-21
  5.8871e+05   3.22e-21
  6.1075e+05   3.03e-21
  6.3361e+05   2.84e-21
  6.5733e+05   2.67e-21
  6.8194e+05   2.50e-21
  7.0746e+05   2.34e-21
  7.3395e+05   2.20e-21
  7.6142e+05   2.06e-21
  7.8992e+05   1.93e-21
  8.1949e+05   1.80e-21
  8.5017e+05   1.69e-21
  8.8199e+05   1.57e-21
  9.1501e+05   1.47e-21
  9.4926e+05   1.37e-21
  9.8479e+05   1.28e-21
  1.0217e+06   1.20e-21
  1.0599e+06   1.12e-21
  1.0996e+06   1.04e-21
  1.1407e+06   9.68e-22
  1.1834e+06   9.00e-22
  1.2277e+06   8.37e-22
  1.2737e+06   7.78e-22
  1.3214e+06   7.23e-22
  1.3708e+06   6.70e-22
  1.4222e+06   6.22e-22
  1.4754e+06   5.77e-22
  1.5306e+06   5.34e-22
  1.5879e+06   4.94e-22
  1.6474e+06   4.57e-22
  1.7090e+06   4.23e-22
  1.7730e+06   3.90e-22
  1.8394e+06   3.61e-22
  1.9082e+06   3.33e-22
  1.9797e+06   3.07e-22
  2.0538e+06   2.83e-22
  2.1306e+06   2.60e-22
  2.2104e+06   2.39e-22
  2.2931e+06   2.20e-22
  2.3790e+06   2.02e-22
  2.4680e+06   1.85e-22
  2.5604e+06   1.70e-22
  2.6563e+06   1.56e-22
  2.7557e+06   1.42e-22
  2.8589e+06   1.30e-22
  2.9659e+06   1.19e-22
  3.0769e+06   1.08e-22
  3.1921e+06   9.87e-23
  3.3116e+06   9.00e-23
  3.4355e+06   8.18e-23
  3.5641e+06   7.43e-23
  3.6976e+06   6.76e-23
  3.8360e+06   6.13e-23
  3.9796e+06   5.54e-23
  4.1285e+06   5.03e-23
  4.2831e+06   4.55e-23
  4.4434e+06   4.10e-23
  4.6097e+06   3.71e-23
  4.7823e+06   3.34e-23
  4.9613e+06   2.99e-23
  5.1470e+06   2.70e-23
  5.3397e+06   2.43e-23
  5.5396e+06   2.17e-23
  5.7470e+06   1.95e-23
  5.9621e+06   1.74e-23
  6.1853e+06   1.55e-23
  6.4168e+06   1.39e-23
  6.6570e+06   1.24e-23
  6.9062e+06   1.10e-23
  7.1647e+06   9.76e-24
  7.4329e+06   8.69e-24
  7.7112e+06   7.68e-24
  7.9998e+06   6.79e-24
  8.2993e+06   6.02e-24
  8.6100e+06   5.30e-24
  8.9323e+06   4.66e-24
  9.2666e+06   4.11e-24
  9.6135e+06   3.61e-24
  9.9734e+06   3.14e-24
  1.0347e+07   2.76e-24
  1.0734e+07   2.41e-24
  1.1136e+07   2.09e-24
  1.1553e+07   1.83e-24
  1.1985e+07   1.59e-24
  1.2434e+07   1.36e-24
  1.2899e+07   1.18e-24
  1.3382e+07   1.02e-24
  1.3883e+07   8.73e-25
  1.4403e+07   7.50e-25
  1.4942e+07   6.44e-25
  1.5501e+07   5.45e-25
  1.6081e+07   4.64e-25
  1.6683e+07   3.94e-25
  1.7308e+07   3.31e-25
  1.7956e+07   2.77e-25
  1.8628e+07   2.33e-25
  1.9325e+07   1.93e-25
  2.0049e+07   1.59e-25
  2.0799e+07   1.31e-25
  2.1578e+07   1.06e-25
  2.2386e+07   8.50e-26
  2.3224e+07   6.86e-26
  2.4093e+07   5.43e-26
  2.4995e+07   4.19e-26
  2.5930e+07   3.28e-26
  2.6901e+07   2.49e-26
  2.7908e+07   1.84e-26
  2.8953e+07   1.36e-26
  3.0037e+07   9.74e-27
  3.1161e+07   6.68e-27
  3.2327e+07   4.48e-27
  3.3537e+07   2.87e-27
  3.4793e+07   1.72e-27
  3.6095e+07   9.69e-28
  3.7446e+07   5.03e-28
  3.8848e+07   2.32e-28
  4.0302e+07   9.38e-29
  4.1811e+07   3.19e-29
  4.3376e+07   8.66e-30
  4.5000e+07   1.77e-30
