#  E [MeV]   Flux [# cm^{-2} s^{-1}  MeV^{-1}]
  3.0000e+04   2.13e-23
  3.0962e+04   2.04e-23
  3.1955e+04   1.96e-23
  3.2979e+04   1.88e-23
  3.4037e+04   1.81e-23
  3.5128e+04   1.74e-23
  3.6254e+04   1.67e-23
  3.7417e+04   1.60e-23
  3.8616e+04   1.53e-23
  3.9855e+04   1.47e-23
  4.1132e+04   1.41e-23
  4.2451e+04   1.35e-23
  4.3812e+04   1.30e-23
  4.5217e+04   1.25e-23
  4.6667e+04   1.20e-23
  4.8163e+04   1.15e-23
  4.9707e+04   1.10e-23
  5.1301e+04   1.05e-23
  5.2946e+04   1.01e-23
  5.4644e+04   9.68e-24
  5.6396e+04   9.28e-24
  5.8204e+04   8.89e-24
  6.0070e+04   8.52e-24
  6.1996e+04   8.17e-24
  6.3984e+04   7.82e-24
  6.6035e+04   7.49e-24
  6.8153e+04   7.18e-24
  7.0338e+04   6.88e-24
  7.2593e+04   6.58e-24
  7.4921e+04   6.31e-24
  7.7323e+04   6.04e-24
  7.9802e+04   5.78e-24
  8.2361e+04   5.53e-24
  8.5002e+04   5.30e-24
  8.7727e+04   5.07e-24
  9.0540e+04   4.85e-24
  9.3443e+04   4.64e-24
  9.6439e+04   4.44e-24
  9.9531e+04   4.25e-24
  1.0272e+05   4.06e-24
  1.0602e+05   3.88e-24
  1.0942e+05   3.71e-24
  1.1292e+05   3.55e-24
  1.1654e+05   3.39e-24
  1.2028e+05   3.24e-24
  1.2414e+05   3.09e-24
  1.2812e+05   2.95e-24
  1.3223e+05   2.82e-24
  1.3646e+05   2.69e-24
  1.4084e+05   2.57e-24
  1.4536e+05   2.45e-24
  1.5002e+05   2.33e-24
  1.5483e+05   2.23e-24
  1.5979e+05   2.12e-24
  1.6491e+05   2.02e-24
  1.7020e+05   1.92e-24
  1.7566e+05   1.83e-24
  1.8129e+05   1.74e-24
  1.8710e+05   1.66e-24
  1.9310e+05   1.58e-24
  1.9929e+05   1.50e-24
  2.0568e+05   1.42e-24
  2.1228e+05   1.35e-24
  2.1909e+05   1.28e-24
  2.2611e+05   1.21e-24
  2.3336e+05   1.15e-24
  2.4084e+05   1.09e-24
  2.4856e+05   1.03e-24
  2.5653e+05   9.78e-25
  2.6476e+05   9.26e-25
  2.7325e+05   8.77e-25
  2.8201e+05   8.30e-25
  2.9105e+05   7.86e-25
  3.0038e+05   7.44e-25
  3.1002e+05   7.04e-25
  3.1996e+05   6.66e-25
  3.3021e+05   6.29e-25
  3.4080e+05   5.95e-25
  3.5173e+05   5.62e-25
  3.6301e+05   5.31e-25
  3.7465e+05   5.01e-25
  3.8666e+05   4.73e-25
  3.9905e+05   4.46e-25
  4.1185e+05   4.21e-25
  4.2506e+05   3.96e-25
  4.3868e+05   3.73e-25
  4.5275e+05   3.51e-25
  4.6727e+05   3.30e-25
  4.8225e+05   3.10e-25
  4.9771e+05   2.91e-25
  5.1367e+05   2.74e-25
  5.3014e+05   2.57e-25
  5.4714e+05   2.41e-25
  5.6468e+05   2.26e-25
  5.8278e+05   2.12e-25
  6.0147e+05   1.98e-25
  6.2075e+05   1.85e-25
  6.4066e+05   1.73e-25
  6.6120e+05   1.62e-25
  6.8240e+05   1.51e-25
  7.0428e+05   1.41e-25
  7.2686e+05   1.32e-25
  7.5017e+05   1.23e-25
  7.7422e+05   1.15e-25
  7.9904e+05   1.07e-25
  8.2466e+05   9.92e-26
  8.5110e+05   9.21e-26
  8.7839e+05   8.54e-26
  9.0656e+05   7.93e-26
  9.3562e+05   7.36e-26
  9.6562e+05   6.81e-26
  9.9658e+05   6.29e-26
  1.0285e+06   5.83e-26
  1.0615e+06   5.39e-26
  1.0956e+06   4.97e-26
  1.1307e+06   4.58e-26
  1.1669e+06   4.23e-26
  1.2043e+06   3.89e-26
  1.2430e+06   3.57e-26
  1.2828e+06   3.29e-26
  1.3239e+06   3.02e-26
  1.3664e+06   2.77e-26
  1.4102e+06   2.53e-26
  1.4554e+06   2.32e-26
  1.5021e+06   2.13e-26
  1.5502e+06   1.94e-26
  1.6000e+06   1.77e-26
  1.6513e+06   1.61e-26
  1.7042e+06   1.47e-26
  1.7588e+06   1.33e-26
  1.8152e+06   1.21e-26
  1.8734e+06   1.10e-26
  1.9335e+06   9.93e-27
  1.9955e+06   8.95e-27
  2.0595e+06   8.12e-27
  2.1255e+06   7.33e-27
  2.1937e+06   6.59e-27
  2.2640e+06   5.93e-27
  2.3366e+06   5.35e-27
  2.4115e+06   4.80e-27
  2.4888e+06   4.29e-27
  2.5686e+06   3.85e-27
  2.6510e+06   3.46e-27
  2.7360e+06   3.08e-27
  2.8237e+06   2.74e-27
  2.9142e+06   2.45e-27
  3.0077e+06   2.19e-27
  3.1041e+06   1.94e-27
  3.2036e+06   1.72e-27
  3.3064e+06   1.53e-27
  3.4124e+06   1.35e-27
  3.5218e+06   1.18e-27
  3.6347e+06   1.05e-27
  3.7512e+06   9.30e-28
  3.8715e+06   8.15e-28
  3.9957e+06   7.12e-28
  4.1238e+06   6.30e-28
  4.2560e+06   5.53e-28
  4.3924e+06   4.81e-28
  4.5333e+06   4.21e-28
  4.6786e+06   3.70e-28
  4.8286e+06   3.23e-28
  4.9835e+06   2.78e-28
  5.1433e+06   2.44e-28
  5.3082e+06   2.13e-28
  5.4784e+06   1.84e-28
  5.6540e+06   1.59e-28
  5.8353e+06   1.40e-28
  6.0224e+06   1.21e-28
  6.2155e+06   1.04e-28
  6.4148e+06   9.04e-29
  6.6205e+06   7.90e-29
  6.8327e+06   6.82e-29
  7.0518e+06   5.82e-29
  7.2779e+06   5.13e-29
  7.5113e+06   4.48e-29
  7.7521e+06   3.87e-29
  8.0007e+06   3.35e-29
  8.2572e+06   2.96e-29
  8.5219e+06   2.59e-29
  8.7952e+06   2.24e-29
  9.0772e+06   1.98e-29
  9.3682e+06   1.75e-29
  9.6686e+06   1.54e-29
  9.9786e+06   1.34e-29
  1.0299e+07   1.21e-29
  1.0629e+07   1.08e-29
  1.0970e+07   9.62e-30
  1.1321e+07   8.60e-30
  1.1684e+07   7.78e-30
  1.2059e+07   7.02e-30
  1.2446e+07   6.29e-30
  1.2845e+07   5.67e-30
  1.3256e+07   5.11e-30
  1.3681e+07   4.57e-30
  1.4120e+07   4.08e-30
  1.4573e+07   3.63e-30
  1.5040e+07   3.22e-30
  1.5522e+07   2.83e-30
  1.6020e+07   2.50e-30
