#  E [GeV]   # per interaction  [GeV^{-1}]
  3.0000e+01   5.04e-01
  3.1051e+01   4.85e-01
  3.2139e+01   4.67e-01
  3.3266e+01   4.49e-01
  3.4432e+01   4.32e-01
  3.5638e+01   4.16e-01
  3.6887e+01   4.00e-01
  3.8180e+01   3.85e-01
  3.9518e+01   3.71e-01
  4.0903e+01   3.57e-01
  4.2336e+01   3.43e-01
  4.3820e+01   3.30e-01
  4.5355e+01   3.17e-01
  4.6945e+01   3.05e-01
  4.8590e+01   2.93e-01
  5.0293e+01   2.82e-01
  5.2055e+01   2.71e-01
  5.3879e+01   2.60e-01
  5.5767e+01   2.50e-01
  5.7722e+01   2.40e-01
  5.9745e+01   2.31e-01
  6.1838e+01   2.22e-01
  6.4005e+01   2.13e-01
  6.6248e+01   2.04e-01
  6.8570e+01   1.96e-01
  7.0973e+01   1.88e-01
  7.3460e+01   1.81e-01
  7.6034e+01   1.73e-01
  7.8699e+01   1.66e-01
  8.1457e+01   1.59e-01
  8.4311e+01   1.53e-01
  8.7266e+01   1.47e-01
  9.0324e+01   1.40e-01
  9.3490e+01   1.35e-01
  9.6766e+01   1.29e-01
  1.0016e+02   1.23e-01
  1.0367e+02   1.18e-01
  1.0730e+02   1.13e-01
  1.1106e+02   1.08e-01
  1.1495e+02   1.04e-01
  1.1898e+02   9.91e-02
  1.2315e+02   9.48e-02
  1.2747e+02   9.06e-02
  1.3193e+02   8.66e-02
  1.3656e+02   8.28e-02
  1.4134e+02   7.91e-02
  1.4629e+02   7.55e-02
  1.5142e+02   7.21e-02
  1.5673e+02   6.89e-02
  1.6222e+02   6.57e-02
  1.6790e+02   6.27e-02
  1.7379e+02   5.98e-02
  1.7988e+02   5.70e-02
  1.8618e+02   5.43e-02
  1.9271e+02   5.18e-02
  1.9946e+02   4.93e-02
  2.0645e+02   4.69e-02
  2.1369e+02   4.47e-02
  2.2117e+02   4.25e-02
  2.2892e+02   4.04e-02
  2.3695e+02   3.84e-02
  2.4525e+02   3.65e-02
  2.5385e+02   3.47e-02
  2.6274e+02   3.29e-02
  2.7195e+02   3.13e-02
  2.8148e+02   2.97e-02
  2.9134e+02   2.82e-02
  3.0155e+02   2.67e-02
  3.1212e+02   2.53e-02
  3.2306e+02   2.40e-02
  3.3438e+02   2.27e-02
  3.4610e+02   2.15e-02
  3.5823e+02   2.04e-02
  3.7078e+02   1.93e-02
  3.8377e+02   1.82e-02
  3.9722e+02   1.72e-02
  4.1114e+02   1.63e-02
  4.2555e+02   1.54e-02
  4.4046e+02   1.45e-02
  4.5590e+02   1.37e-02
  4.7188e+02   1.29e-02
  4.8841e+02   1.22e-02
  5.0553e+02   1.15e-02
  5.2324e+02   1.08e-02
  5.4158e+02   1.02e-02
  5.6056e+02   9.58e-03
  5.8020e+02   9.02e-03
  6.0054e+02   8.48e-03
  6.2158e+02   7.97e-03
  6.4337e+02   7.49e-03
  6.6591e+02   7.04e-03
  6.8925e+02   6.61e-03
  7.1340e+02   6.20e-03
  7.3840e+02   5.82e-03
  7.6428e+02   5.46e-03
  7.9106e+02   5.11e-03
  8.1878e+02   4.79e-03
  8.4748e+02   4.48e-03
  8.7718e+02   4.20e-03
  9.0792e+02   3.93e-03
  9.3973e+02   3.67e-03
  9.7267e+02   3.43e-03
  1.0068e+03   3.20e-03
  1.0420e+03   2.99e-03
  1.0785e+03   2.79e-03
  1.1163e+03   2.60e-03
  1.1555e+03   2.43e-03
  1.1960e+03   2.27e-03
  1.2379e+03   2.11e-03
  1.2813e+03   1.97e-03
  1.3262e+03   1.83e-03
  1.3726e+03   1.70e-03
  1.4207e+03   1.58e-03
  1.4705e+03   1.47e-03
  1.5220e+03   1.37e-03
  1.5754e+03   1.27e-03
  1.6306e+03   1.18e-03
  1.6877e+03   1.09e-03
  1.7469e+03   1.01e-03
  1.8081e+03   9.37e-04
  1.8715e+03   8.68e-04
  1.9370e+03   8.03e-04
  2.0049e+03   7.42e-04
  2.0752e+03   6.87e-04
  2.1479e+03   6.34e-04
  2.2232e+03   5.85e-04
  2.3011e+03   5.40e-04
  2.3817e+03   4.99e-04
  2.4652e+03   4.59e-04
  2.5516e+03   4.23e-04
  2.6410e+03   3.90e-04
  2.7336e+03   3.58e-04
  2.8294e+03   3.29e-04
  2.9285e+03   3.02e-04
  3.0311e+03   2.78e-04
  3.1374e+03   2.54e-04
  3.2473e+03   2.33e-04
  3.3611e+03   2.14e-04
  3.4789e+03   1.95e-04
  3.6008e+03   1.79e-04
  3.7270e+03   1.63e-04
  3.8576e+03   1.49e-04
  3.9928e+03   1.36e-04
  4.1327e+03   1.24e-04
  4.2775e+03   1.13e-04
  4.4274e+03   1.03e-04
  4.5826e+03   9.37e-05
  4.7432e+03   8.53e-05
  4.9094e+03   7.74e-05
  5.0815e+03   7.03e-05
  5.2595e+03   6.39e-05
  5.4438e+03   5.79e-05
  5.6346e+03   5.23e-05
  5.8321e+03   4.75e-05
  6.0365e+03   4.30e-05
  6.2480e+03   3.87e-05
  6.4670e+03   3.51e-05
  6.6936e+03   3.17e-05
  6.9282e+03   2.86e-05
  7.1709e+03   2.58e-05
  7.4222e+03   2.34e-05
  7.6823e+03   2.11e-05
  7.9516e+03   1.89e-05
  8.2302e+03   1.72e-05
  8.5186e+03   1.55e-05
  8.8172e+03   1.39e-05
  9.1262e+03   1.26e-05
  9.4460e+03   1.14e-05
  9.7770e+03   1.03e-05
  1.0120e+04   9.32e-06
  1.0474e+04   8.47e-06
  1.0841e+04   7.67e-06
  1.1221e+04   6.94e-06
  1.1614e+04   6.36e-06
  1.2022e+04   5.82e-06
  1.2443e+04   5.30e-06
  1.2879e+04   4.88e-06
  1.3330e+04   4.50e-06
  1.3797e+04   4.14e-06
  1.4281e+04   3.83e-06
  1.4781e+04   3.57e-06
  1.5299e+04   3.32e-06
  1.5835e+04   3.09e-06
  1.6390e+04   2.91e-06
  1.6965e+04   2.73e-06
  1.7559e+04   2.56e-06
  1.8175e+04   2.44e-06
  1.8812e+04   2.34e-06
  1.9471e+04   2.22e-06
  2.0153e+04   2.14e-06
  2.0859e+04   2.09e-06
  2.1590e+04   2.02e-06
  2.2347e+04   1.95e-06
  2.3130e+04   2.00e-06
  2.3941e+04   2.01e-06
  2.4780e+04   1.97e-06
  2.5648e+04   2.22e-06
  2.6547e+04   2.44e-06
  2.7477e+04   2.51e-06
  2.8440e+04   2.49e-06
