#  E [MeV]   Flux [# cm^{-2} s^{-1}  MeV^{-1}]
  3.0000e+04   6.66e-23
  3.0517e+04   6.60e-23
  3.1043e+04   6.54e-23
  3.1578e+04   6.47e-23
  3.2123e+04   6.41e-23
  3.2676e+04   6.35e-23
  3.3240e+04   6.29e-23
  3.3813e+04   6.23e-23
  3.4396e+04   6.17e-23
  3.4989e+04   6.11e-23
  3.5592e+04   6.05e-23
  3.6205e+04   5.99e-23
  3.6829e+04   5.93e-23
  3.7464e+04   5.87e-23
  3.8110e+04   5.81e-23
  3.8767e+04   5.75e-23
  3.9435e+04   5.70e-23
  4.0115e+04   5.64e-23
  4.0807e+04   5.58e-23
  4.1510e+04   5.52e-23
  4.2226e+04   5.47e-23
  4.2953e+04   5.41e-23
  4.3694e+04   5.35e-23
  4.4447e+04   5.30e-23
  4.5213e+04   5.24e-23
  4.5993e+04   5.18e-23
  4.6786e+04   5.13e-23
  4.7592e+04   5.07e-23
  4.8412e+04   5.02e-23
  4.9247e+04   4.96e-23
  5.0096e+04   4.91e-23
  5.0960e+04   4.85e-23
  5.1838e+04   4.80e-23
  5.2732e+04   4.75e-23
  5.3641e+04   4.69e-23
  5.4565e+04   4.64e-23
  5.5506e+04   4.59e-23
  5.6463e+04   4.53e-23
  5.7436e+04   4.48e-23
  5.8426e+04   4.43e-23
  5.9433e+04   4.37e-23
  6.0458e+04   4.32e-23
  6.1500e+04   4.27e-23
  6.2560e+04   4.22e-23
  6.3639e+04   4.17e-23
  6.4736e+04   4.12e-23
  6.5852e+04   4.06e-23
  6.6987e+04   4.01e-23
  6.8142e+04   3.96e-23
  6.9316e+04   3.91e-23
  7.0511e+04   3.86e-23
  7.1727e+04   3.81e-23
  7.2963e+04   3.76e-23
  7.4221e+04   3.71e-23
  7.5500e+04   3.66e-23
  7.6802e+04   3.62e-23
  7.8126e+04   3.57e-23
  7.9472e+04   3.52e-23
  8.0842e+04   3.47e-23
  8.2236e+04   3.42e-23
  8.3654e+04   3.37e-23
  8.5096e+04   3.33e-23
  8.6563e+04   3.28e-23
  8.8055e+04   3.24e-23
  8.9573e+04   3.19e-23
  9.1117e+04   3.14e-23
  9.2687e+04   3.09e-23
  9.4285e+04   3.05e-23
  9.5911e+04   3.00e-23
  9.7564e+04   2.95e-23
  9.9246e+04   2.91e-23
  1.0096e+05   2.86e-23
  1.0270e+05   2.82e-23
  1.0447e+05   2.77e-23
  1.0627e+05   2.73e-23
  1.0810e+05   2.68e-23
  1.0996e+05   2.64e-23
  1.1186e+05   2.59e-23
  1.1379e+05   2.55e-23
  1.1575e+05   2.51e-23
  1.1774e+05   2.46e-23
  1.1977e+05   2.42e-23
  1.2184e+05   2.38e-23
  1.2394e+05   2.34e-23
  1.2608e+05   2.29e-23
  1.2825e+05   2.25e-23
  1.3046e+05   2.21e-23
  1.3271e+05   2.17e-23
  1.3500e+05   2.13e-23
  1.3732e+05   2.09e-23
  1.3969e+05   2.05e-23
  1.4210e+05   2.01e-23
  1.4455e+05   1.97e-23
  1.4704e+05   1.93e-23
  1.4957e+05   1.89e-23
  1.5215e+05   1.85e-23
  1.5478e+05   1.81e-23
  1.5744e+05   1.77e-23
  1.6016e+05   1.73e-23
  1.6292e+05   1.70e-23
  1.6573e+05   1.66e-23
  1.6858e+05   1.62e-23
  1.7149e+05   1.59e-23
  1.7445e+05   1.55e-23
  1.7745e+05   1.52e-23
  1.8051e+05   1.48e-23
  1.8362e+05   1.44e-23
  1.8679e+05   1.41e-23
  1.9001e+05   1.38e-23
  1.9328e+05   1.34e-23
  1.9662e+05   1.31e-23
  2.0001e+05   1.28e-23
  2.0345e+05   1.24e-23
  2.0696e+05   1.21e-23
  2.1053e+05   1.18e-23
  2.1416e+05   1.15e-23
  2.1785e+05   1.12e-23
  2.2160e+05   1.09e-23
  2.2543e+05   1.05e-23
  2.2931e+05   1.02e-23
  2.3326e+05   9.95e-24
  2.3729e+05   9.67e-24
  2.4138e+05   9.39e-24
  2.4554e+05   9.12e-24
  2.4977e+05   8.84e-24
  2.5407e+05   8.56e-24
  2.5845e+05   8.30e-24
  2.6291e+05   8.04e-24
  2.6744e+05   7.78e-24
  2.7205e+05   7.53e-24
  2.7674e+05   7.29e-24
  2.8151e+05   7.05e-24
  2.8637e+05   6.81e-24
  2.9130e+05   6.57e-24
  2.9632e+05   6.35e-24
  3.0143e+05   6.13e-24
  3.0663e+05   5.91e-24
  3.1191e+05   5.70e-24
  3.1729e+05   5.49e-24
  3.2276e+05   5.28e-24
  3.2832e+05   5.08e-24
  3.3398e+05   4.89e-24
  3.3974e+05   4.70e-24
  3.4560e+05   4.51e-24
  3.5155e+05   4.33e-24
  3.5761e+05   4.15e-24
  3.6378e+05   3.97e-24
  3.7005e+05   3.80e-24
  3.7643e+05   3.64e-24
  3.8292e+05   3.48e-24
  3.8952e+05   3.32e-24
  3.9623e+05   3.17e-24
  4.0306e+05   3.02e-24
  4.1001e+05   2.88e-24
  4.1708e+05   2.74e-24
  4.2427e+05   2.60e-24
  4.3158e+05   2.47e-24
  4.3902e+05   2.35e-24
  4.4659e+05   2.23e-24
  4.5429e+05   2.11e-24
  4.6212e+05   2.00e-24
  4.7009e+05   1.89e-24
  4.7819e+05   1.79e-24
  4.8643e+05   1.69e-24
  4.9482e+05   1.59e-24
  5.0335e+05   1.50e-24
  5.1203e+05   1.42e-24
  5.2085e+05   1.33e-24
  5.2983e+05   1.25e-24
  5.3897e+05   1.18e-24
  5.4826e+05   1.10e-24
  5.5771e+05   1.03e-24
  5.6732e+05   9.68e-25
  5.7710e+05   9.05e-25
  5.8705e+05   8.45e-25
  5.9717e+05   7.87e-25
  6.0746e+05   7.30e-25
  6.1793e+05   6.75e-25
  6.2859e+05   6.29e-25
  6.3942e+05   5.86e-25
  6.5045e+05   5.44e-25
  6.6166e+05   5.04e-25
  6.7306e+05   4.65e-25
  6.8467e+05   4.27e-25
  6.9647e+05   3.92e-25
  7.0847e+05   3.64e-25
  7.2069e+05   3.37e-25
  7.3311e+05   3.12e-25
  7.4575e+05   2.87e-25
  7.5860e+05   2.63e-25
  7.7168e+05   2.39e-25
  7.8498e+05   2.20e-25
  7.9852e+05   2.05e-25
  8.1228e+05   1.90e-25
  8.2628e+05   1.76e-25
  8.4053e+05   1.63e-25
  8.5502e+05   1.50e-25
  8.6976e+05   1.37e-25
  8.8475e+05   1.29e-25
  9.0000e+05   1.23e-25
