#  E [MeV]   Flux [# cm^{-2} s^{-1}  MeV^{-1}]
  3.0000e+04   8.76e-22
  3.1033e+04   8.43e-22
  3.2102e+04   8.11e-22
  3.3207e+04   7.80e-22
  3.4350e+04   7.50e-22
  3.5533e+04   7.21e-22
  3.6757e+04   6.93e-22
  3.8022e+04   6.66e-22
  3.9332e+04   6.39e-22
  4.0686e+04   6.14e-22
  4.2087e+04   5.90e-22
  4.3536e+04   5.66e-22
  4.5035e+04   5.43e-22
  4.6586e+04   5.21e-22
  4.8190e+04   5.00e-22
  4.9850e+04   4.80e-22
  5.1566e+04   4.60e-22
  5.3342e+04   4.41e-22
  5.5178e+04   4.23e-22
  5.7078e+04   4.05e-22
  5.9044e+04   3.88e-22
  6.1077e+04   3.72e-22
  6.3180e+04   3.56e-22
  6.5356e+04   3.41e-22
  6.7606e+04   3.26e-22
  6.9934e+04   3.12e-22
  7.2342e+04   2.98e-22
  7.4833e+04   2.85e-22
  7.7410e+04   2.73e-22
  8.0075e+04   2.61e-22
  8.2833e+04   2.49e-22
  8.5685e+04   2.38e-22
  8.8635e+04   2.27e-22
  9.1687e+04   2.17e-22
  9.4844e+04   2.07e-22
  9.8110e+04   1.97e-22
  1.0149e+05   1.88e-22
  1.0498e+05   1.79e-22
  1.0860e+05   1.71e-22
  1.1234e+05   1.63e-22
  1.1621e+05   1.55e-22
  1.2021e+05   1.48e-22
  1.2435e+05   1.41e-22
  1.2863e+05   1.34e-22
  1.3306e+05   1.27e-22
  1.3764e+05   1.21e-22
  1.4238e+05   1.15e-22
  1.4728e+05   1.09e-22
  1.5235e+05   1.04e-22
  1.5760e+05   9.85e-23
  1.6302e+05   9.35e-23
  1.6864e+05   8.86e-23
  1.7445e+05   8.40e-23
  1.8045e+05   7.96e-23
  1.8667e+05   7.54e-23
  1.9309e+05   7.13e-23
  1.9974e+05   6.75e-23
  2.0662e+05   6.38e-23
  2.1373e+05   6.03e-23
  2.2109e+05   5.69e-23
  2.2871e+05   5.37e-23
  2.3658e+05   5.07e-23
  2.4473e+05   4.78e-23
  2.5316e+05   4.50e-23
  2.6187e+05   4.23e-23
  2.7089e+05   3.98e-23
  2.8022e+05   3.75e-23
  2.8987e+05   3.52e-23
  2.9985e+05   3.30e-23
  3.1017e+05   3.10e-23
  3.2085e+05   2.90e-23
  3.3190e+05   2.72e-23
  3.4333e+05   2.55e-23
  3.5515e+05   2.38e-23
  3.6738e+05   2.22e-23
  3.8003e+05   2.08e-23
  3.9312e+05   1.94e-23
  4.0665e+05   1.80e-23
  4.2066e+05   1.68e-23
  4.3514e+05   1.57e-23
  4.5013e+05   1.46e-23
  4.6562e+05   1.35e-23
  4.8166e+05   1.26e-23
  4.9824e+05   1.17e-23
  5.1540e+05   1.08e-23
  5.3315e+05   1.00e-23
  5.5150e+05   9.31e-24
  5.7050e+05   8.62e-24
  5.9014e+05   7.98e-24
  6.1046e+05   7.39e-24
  6.3148e+05   6.84e-24
  6.5322e+05   6.33e-24
  6.7572e+05   5.85e-24
  6.9898e+05   5.41e-24
  7.2305e+05   5.00e-24
  7.4795e+05   4.63e-24
  7.7371e+05   4.28e-24
  8.0035e+05   3.96e-24
  8.2791e+05   3.67e-24
  8.5641e+05   3.40e-24
  8.8590e+05   3.14e-24
  9.1641e+05   2.91e-24
  9.4796e+05   2.70e-24
  9.8061e+05   2.50e-24
  1.0144e+06   2.32e-24
  1.0493e+06   2.16e-24
  1.0854e+06   2.00e-24
  1.1228e+06   1.86e-24
  1.1615e+06   1.73e-24
  1.2015e+06   1.61e-24
  1.2428e+06   1.50e-24
  1.2856e+06   1.40e-24
  1.3299e+06   1.31e-24
  1.3757e+06   1.22e-24
  1.4231e+06   1.14e-24
  1.4721e+06   1.07e-24
  1.5228e+06   1.00e-24
  1.5752e+06   9.38e-25
  1.6294e+06   8.80e-25
  1.6855e+06   8.26e-25
  1.7436e+06   7.76e-25
  1.8036e+06   7.29e-25
  1.8657e+06   6.86e-25
  1.9300e+06   6.46e-25
  1.9964e+06   6.08e-25
  2.0652e+06   5.73e-25
  2.1363e+06   5.40e-25
  2.2098e+06   5.09e-25
  2.2859e+06   4.80e-25
  2.3646e+06   4.53e-25
  2.4461e+06   4.27e-25
  2.5303e+06   4.03e-25
  2.6174e+06   3.80e-25
  2.7075e+06   3.58e-25
  2.8008e+06   3.38e-25
  2.8972e+06   3.19e-25
  2.9970e+06   3.00e-25
  3.1002e+06   2.83e-25
  3.2069e+06   2.66e-25
  3.3173e+06   2.51e-25
  3.4316e+06   2.36e-25
  3.5497e+06   2.22e-25
  3.6720e+06   2.08e-25
  3.7984e+06   1.95e-25
  3.9292e+06   1.83e-25
  4.0645e+06   1.71e-25
  4.2044e+06   1.60e-25
  4.3492e+06   1.49e-25
  4.4990e+06   1.39e-25
  4.6539e+06   1.29e-25
  4.8141e+06   1.20e-25
  4.9799e+06   1.11e-25
  5.1514e+06   1.02e-25
  5.3288e+06   9.39e-26
  5.5123e+06   8.62e-26
  5.7021e+06   7.89e-26
  5.8984e+06   7.19e-26
  6.1015e+06   6.54e-26
  6.3116e+06   5.92e-26
  6.5289e+06   5.34e-26
  6.7538e+06   4.79e-26
  6.9863e+06   4.28e-26
  7.2269e+06   3.80e-26
  7.4757e+06   3.36e-26
  7.7331e+06   2.95e-26
  7.9994e+06   2.58e-26
  8.2749e+06   2.24e-26
  8.5598e+06   1.92e-26
  8.8546e+06   1.64e-26
  9.1594e+06   1.39e-26
  9.4748e+06   1.16e-26
  9.8011e+06   9.64e-27
  1.0139e+07   7.90e-27
  1.0488e+07   6.39e-27
  1.0849e+07   5.10e-27
  1.1222e+07   4.01e-27
  1.1609e+07   3.10e-27
  1.2009e+07   2.36e-27
  1.2422e+07   1.76e-27
  1.2850e+07   1.29e-27
  1.3292e+07   9.17e-28
  1.3750e+07   6.37e-28
  1.4223e+07   4.31e-28
  1.4713e+07   2.82e-28
  1.5220e+07   1.78e-28
  1.5744e+07   1.09e-28
  1.6286e+07   6.33e-29
  1.6847e+07   3.52e-29
  1.7427e+07   1.85e-29
  1.8027e+07   9.19e-30
  1.8648e+07   4.26e-30
  1.9290e+07   1.84e-30
  1.9954e+07   7.26e-31
  2.0641e+07   2.61e-31
  2.1352e+07   8.40e-32
  2.2087e+07   2.39e-32
  2.2848e+07   5.93e-33
  2.3634e+07   1.26e-33
  2.4448e+07   2.24e-34
  2.5290e+07   3.22e-35
