#  E [MeV]   Flux [# cm^{-2} s^{-1}  MeV^{-1}]
  3.0000e+04   7.98e-25
  3.1051e+04   7.65e-25
  3.2139e+04   7.33e-25
  3.3266e+04   7.02e-25
  3.4432e+04   6.72e-25
  3.5638e+04   6.44e-25
  3.6887e+04   6.16e-25
  3.8180e+04   5.90e-25
  3.9518e+04   5.65e-25
  4.0903e+04   5.40e-25
  4.2336e+04   5.17e-25
  4.3820e+04   4.94e-25
  4.5355e+04   4.73e-25
  4.6945e+04   4.52e-25
  4.8590e+04   4.32e-25
  5.0293e+04   4.13e-25
  5.2055e+04   3.95e-25
  5.3879e+04   3.77e-25
  5.5767e+04   3.61e-25
  5.7722e+04   3.45e-25
  5.9745e+04   3.29e-25
  6.1838e+04   3.14e-25
  6.4005e+04   3.00e-25
  6.6248e+04   2.86e-25
  6.8570e+04   2.73e-25
  7.0973e+04   2.61e-25
  7.3460e+04   2.49e-25
  7.6034e+04   2.37e-25
  7.8699e+04   2.26e-25
  8.1457e+04   2.16e-25
  8.4311e+04   2.06e-25
  8.7266e+04   1.96e-25
  9.0324e+04   1.87e-25
  9.3490e+04   1.78e-25
  9.6766e+04   1.69e-25
  1.0016e+05   1.61e-25
  1.0367e+05   1.53e-25
  1.0730e+05   1.46e-25
  1.1106e+05   1.39e-25
  1.1495e+05   1.32e-25
  1.1898e+05   1.25e-25
  1.2315e+05   1.19e-25
  1.2747e+05   1.13e-25
  1.3193e+05   1.08e-25
  1.3656e+05   1.02e-25
  1.4134e+05   9.69e-26
  1.4629e+05   9.20e-26
  1.5142e+05   8.72e-26
  1.5673e+05   8.27e-26
  1.6222e+05   7.83e-26
  1.6790e+05   7.42e-26
  1.7379e+05   7.02e-26
  1.7988e+05   6.64e-26
  1.8618e+05   6.28e-26
  1.9271e+05   5.93e-26
  1.9946e+05   5.60e-26
  2.0645e+05   5.29e-26
  2.1369e+05   4.99e-26
  2.2117e+05   4.70e-26
  2.2892e+05   4.43e-26
  2.3695e+05   4.17e-26
  2.4525e+05   3.92e-26
  2.5385e+05   3.69e-26
  2.6274e+05   3.47e-26
  2.7195e+05   3.26e-26
  2.8148e+05   3.06e-26
  2.9134e+05   2.86e-26
  3.0155e+05   2.68e-26
  3.1212e+05   2.51e-26
  3.2306e+05   2.35e-26
  3.3438e+05   2.20e-26
  3.4610e+05   2.05e-26
  3.5823e+05   1.92e-26
  3.7078e+05   1.79e-26
  3.8377e+05   1.67e-26
  3.9722e+05   1.55e-26
  4.1114e+05   1.44e-26
  4.2555e+05   1.34e-26
  4.4046e+05   1.25e-26
  4.5590e+05   1.16e-26
  4.7188e+05   1.07e-26
  4.8841e+05   9.93e-27
  5.0553e+05   9.19e-27
  5.2324e+05   8.50e-27
  5.4158e+05   7.85e-27
  5.6056e+05   7.25e-27
  5.8020e+05   6.69e-27
  6.0054e+05   6.17e-27
  6.2158e+05   5.68e-27
  6.4337e+05   5.23e-27
  6.6591e+05   4.81e-27
  6.8925e+05   4.42e-27
  7.1340e+05   4.06e-27
  7.3840e+05   3.73e-27
  7.6428e+05   3.42e-27
  7.9106e+05   3.13e-27
  8.1878e+05   2.87e-27
  8.4748e+05   2.62e-27
  8.7718e+05   2.40e-27
  9.0792e+05   2.20e-27
  9.3973e+05   2.01e-27
  9.7267e+05   1.83e-27
  1.0068e+06   1.68e-27
  1.0420e+06   1.53e-27
  1.0785e+06   1.39e-27
  1.1163e+06   1.27e-27
  1.1555e+06   1.16e-27
  1.1960e+06   1.06e-27
  1.2379e+06   9.63e-28
  1.2813e+06   8.77e-28
  1.3262e+06   7.97e-28
  1.3726e+06   7.25e-28
  1.4207e+06   6.59e-28
  1.4705e+06   5.98e-28
  1.5220e+06   5.43e-28
  1.5754e+06   4.93e-28
  1.6306e+06   4.47e-28
  1.6877e+06   4.04e-28
  1.7469e+06   3.67e-28
  1.8081e+06   3.33e-28
  1.8715e+06   3.00e-28
  1.9370e+06   2.72e-28
  2.0049e+06   2.46e-28
  2.0752e+06   2.21e-28
  2.1479e+06   2.00e-28
  2.2232e+06   1.80e-28
  2.3011e+06   1.62e-28
  2.3817e+06   1.45e-28
  2.4652e+06   1.31e-28
  2.5516e+06   1.18e-28
  2.6410e+06   1.05e-28
  2.7336e+06   9.44e-29
  2.8294e+06   8.45e-29
  2.9285e+06   7.53e-29
  3.0311e+06   6.70e-29
  3.1374e+06   5.99e-29
  3.2473e+06   5.32e-29
  3.3611e+06   4.70e-29
  3.4789e+06   4.19e-29
  3.6008e+06   3.71e-29
  3.7270e+06   3.26e-29
  3.8576e+06   2.88e-29
  3.9928e+06   2.55e-29
  4.1327e+06   2.23e-29
  4.2775e+06   1.95e-29
  4.4274e+06   1.72e-29
  4.5826e+06   1.50e-29
  4.7432e+06   1.30e-29
  4.9094e+06   1.14e-29
  5.0815e+06   9.91e-30
  5.2595e+06   8.54e-30
  5.4438e+06   7.40e-30
  5.6346e+06   6.40e-30
  5.8321e+06   5.49e-30
  6.0365e+06   4.69e-30
  6.2480e+06   4.04e-30
  6.4670e+06   3.45e-30
  6.6936e+06   2.91e-30
  6.9282e+06   2.49e-30
  7.1709e+06   2.11e-30
  7.4222e+06   1.77e-30
  7.6823e+06   1.49e-30
  7.9516e+06   1.26e-30
  8.2302e+06   1.05e-30
  8.5186e+06   8.71e-31
  8.8172e+06   7.29e-31
  9.1262e+06   6.03e-31
  9.4460e+06   4.92e-31
  9.7770e+06   4.07e-31
  1.0120e+07   3.32e-31
  1.0474e+07   2.68e-31
  1.0841e+07   2.17e-31
  1.1221e+07   1.75e-31
  1.1614e+07   1.39e-31
  1.2022e+07   1.10e-31
  1.2443e+07   8.69e-32
  1.2879e+07   6.77e-32
  1.3330e+07   5.18e-32
  1.3797e+07   3.97e-32
  1.4281e+07   2.99e-32
  1.4781e+07   2.20e-32
  1.5299e+07   1.60e-32
  1.5835e+07   1.15e-32
  1.6390e+07   7.97e-33
  1.6965e+07   5.40e-33
  1.7559e+07   3.59e-33
  1.8175e+07   2.30e-33
  1.8812e+07   1.41e-33
  1.9471e+07   8.36e-34
  2.0153e+07   4.70e-34
  2.0859e+07   2.50e-34
  2.1590e+07   1.24e-34
  2.2347e+07   5.73e-35
  2.3130e+07   2.43e-35
  2.3941e+07   9.28e-36
  2.4780e+07   3.16e-36
  2.5648e+07   9.44e-37
  2.6547e+07   2.41e-37
  2.7477e+07   5.27e-38
  2.8440e+07   9.40e-39
