#  E [GeV]   # per interaction  [GeV^{-1}]
  3.0000e+01   2.30e-01
  3.0589e+01   2.23e-01
  3.1190e+01   2.15e-01
  3.1803e+01   2.08e-01
  3.2428e+01   2.02e-01
  3.3065e+01   1.95e-01
  3.3714e+01   1.89e-01
  3.4376e+01   1.82e-01
  3.5052e+01   1.76e-01
  3.5740e+01   1.70e-01
  3.6442e+01   1.64e-01
  3.7158e+01   1.59e-01
  3.7888e+01   1.53e-01
  3.8632e+01   1.48e-01
  3.9391e+01   1.43e-01
  4.0165e+01   1.38e-01
  4.0954e+01   1.33e-01
  4.1758e+01   1.28e-01
  4.2579e+01   1.24e-01
  4.3415e+01   1.20e-01
  4.4268e+01   1.15e-01
  4.5138e+01   1.11e-01
  4.6024e+01   1.07e-01
  4.6928e+01   1.03e-01
  4.7850e+01   9.93e-02
  4.8790e+01   9.57e-02
  4.9749e+01   9.21e-02
  5.0726e+01   8.87e-02
  5.1722e+01   8.54e-02
  5.2738e+01   8.21e-02
  5.3774e+01   7.90e-02
  5.4831e+01   7.60e-02
  5.5908e+01   7.31e-02
  5.7006e+01   7.02e-02
  5.8126e+01   6.75e-02
  5.9268e+01   6.48e-02
  6.0432e+01   6.23e-02
  6.1619e+01   5.98e-02
  6.2829e+01   5.74e-02
  6.4064e+01   5.51e-02
  6.5322e+01   5.29e-02
  6.6605e+01   5.07e-02
  6.7913e+01   4.86e-02
  6.9248e+01   4.66e-02
  7.0608e+01   4.46e-02
  7.1995e+01   4.28e-02
  7.3409e+01   4.09e-02
  7.4851e+01   3.92e-02
  7.6321e+01   3.75e-02
  7.7821e+01   3.59e-02
  7.9349e+01   3.43e-02
  8.0908e+01   3.28e-02
  8.2497e+01   3.13e-02
  8.4118e+01   2.99e-02
  8.5770e+01   2.86e-02
  8.7455e+01   2.73e-02
  8.9173e+01   2.60e-02
  9.0925e+01   2.48e-02
  9.2711e+01   2.37e-02
  9.4532e+01   2.26e-02
  9.6389e+01   2.15e-02
  9.8283e+01   2.05e-02
  1.0021e+02   1.95e-02
  1.0218e+02   1.86e-02
  1.0419e+02   1.77e-02
  1.0624e+02   1.68e-02
  1.0832e+02   1.60e-02
  1.1045e+02   1.52e-02
  1.1262e+02   1.44e-02
  1.1483e+02   1.37e-02
  1.1709e+02   1.30e-02
  1.1939e+02   1.23e-02
  1.2173e+02   1.17e-02
  1.2412e+02   1.11e-02
  1.2656e+02   1.05e-02
  1.2905e+02   9.93e-03
  1.3158e+02   9.38e-03
  1.3417e+02   8.88e-03
  1.3680e+02   8.40e-03
  1.3949e+02   7.94e-03
  1.4223e+02   7.49e-03
  1.4503e+02   7.06e-03
  1.4787e+02   6.64e-03
  1.5078e+02   6.27e-03
  1.5374e+02   5.92e-03
  1.5676e+02   5.57e-03
  1.5984e+02   5.24e-03
  1.6298e+02   4.92e-03
  1.6618e+02   4.61e-03
  1.6945e+02   4.34e-03
  1.7278e+02   4.09e-03
  1.7617e+02   3.84e-03
  1.7963e+02   3.60e-03
  1.8316e+02   3.37e-03
  1.8676e+02   3.14e-03
  1.9042e+02   2.95e-03
  1.9417e+02   2.77e-03
  1.9798e+02   2.59e-03
  2.0187e+02   2.42e-03
  2.0583e+02   2.25e-03
  2.0988e+02   2.09e-03
  2.1400e+02   1.96e-03
  2.1820e+02   1.83e-03
  2.2249e+02   1.71e-03
  2.2686e+02   1.59e-03
  2.3132e+02   1.48e-03
  2.3586e+02   1.37e-03
  2.4049e+02   1.28e-03
  2.4522e+02   1.19e-03
  2.5004e+02   1.10e-03
  2.5495e+02   1.02e-03
  2.5996e+02   9.43e-04
  2.6506e+02   8.70e-04
  2.7027e+02   8.09e-04
  2.7558e+02   7.50e-04
  2.8099e+02   6.93e-04
  2.8651e+02   6.39e-04
  2.9214e+02   5.86e-04
  2.9788e+02   5.39e-04
  3.0373e+02   4.99e-04
  3.0970e+02   4.60e-04
  3.1578e+02   4.24e-04
  3.2198e+02   3.88e-04
  3.2831e+02   3.55e-04
  3.3476e+02   3.24e-04
  3.4133e+02   2.99e-04
  3.4804e+02   2.75e-04
  3.5487e+02   2.52e-04
  3.6185e+02   2.30e-04
  3.6895e+02   2.09e-04
  3.7620e+02   1.90e-04
  3.8359e+02   1.75e-04
  3.9113e+02   1.60e-04
  3.9881e+02   1.46e-04
  4.0664e+02   1.32e-04
  4.1463e+02   1.20e-04
  4.2278e+02   1.09e-04
  4.3108e+02   9.95e-05
  4.3955e+02   9.07e-05
  4.4818e+02   8.23e-05
  4.5699e+02   7.44e-05
  4.6596e+02   6.68e-05
  4.7512e+02   6.05e-05
  4.8445e+02   5.52e-05
  4.9397e+02   5.01e-05
  5.0367e+02   4.53e-05
  5.1356e+02   4.07e-05
  5.2365e+02   3.64e-05
  5.3394e+02   3.29e-05
  5.4443e+02   2.99e-05
  5.5512e+02   2.70e-05
  5.6603e+02   2.43e-05
  5.7715e+02   2.17e-05
  5.8848e+02   1.92e-05
  6.0004e+02   1.74e-05
  6.1183e+02   1.58e-05
  6.2385e+02   1.42e-05
  6.3610e+02   1.28e-05
  6.4860e+02   1.14e-05
  6.6134e+02   1.01e-05
  6.7433e+02   9.12e-06
  6.8758e+02   8.27e-06
  7.0108e+02   7.47e-06
  7.1486e+02   6.71e-06
  7.2890e+02   5.98e-06
  7.4322e+02   5.30e-06
  7.5782e+02   4.83e-06
  7.7270e+02   4.39e-06
  7.8788e+02   3.97e-06
  8.0336e+02   3.58e-06
  8.1914e+02   3.20e-06
  8.3523e+02   2.85e-06
  8.5164e+02   2.62e-06
  8.6837e+02   2.40e-06
  8.8542e+02   2.20e-06
  9.0282e+02   2.00e-06
  9.2055e+02   1.81e-06
  9.3863e+02   1.64e-06
  9.5707e+02   1.52e-06
  9.7587e+02   1.41e-06
  9.9504e+02   1.30e-06
  1.0146e+03   1.19e-06
  1.0345e+03   1.10e-06
  1.0548e+03   1.01e-06
  1.0756e+03   9.39e-07
  1.0967e+03   8.74e-07
  1.1182e+03   8.11e-07
  1.1402e+03   7.52e-07
  1.1626e+03   6.96e-07
  1.1854e+03   6.44e-07
  1.2087e+03   6.00e-07
  1.2325e+03   5.57e-07
  1.2567e+03   5.17e-07
  1.2814e+03   4.78e-07
  1.3065e+03   4.42e-07
  1.3322e+03   4.11e-07
  1.3584e+03   3.88e-07
  1.3851e+03   3.65e-07
  1.4123e+03   3.44e-07
  1.4400e+03   3.24e-07
