#  E [GeV]   # per interaction  [GeV^{-1}]
  3.0000e+01   2.69e-02
  3.1141e+01   2.59e-02
  3.2326e+01   2.49e-02
  3.3556e+01   2.40e-02
  3.4832e+01   2.30e-02
  3.6157e+01   2.22e-02
  3.7533e+01   2.13e-02
  3.8961e+01   2.05e-02
  4.0443e+01   1.97e-02
  4.1982e+01   1.89e-02
  4.3579e+01   1.82e-02
  4.5237e+01   1.74e-02
  4.6958e+01   1.68e-02
  4.8744e+01   1.61e-02
  5.0598e+01   1.54e-02
  5.2523e+01   1.48e-02
  5.4521e+01   1.42e-02
  5.6596e+01   1.36e-02
  5.8749e+01   1.31e-02
  6.0984e+01   1.25e-02
  6.3304e+01   1.20e-02
  6.5712e+01   1.15e-02
  6.8212e+01   1.10e-02
  7.0807e+01   1.06e-02
  7.3500e+01   1.01e-02
  7.6297e+01   9.70e-03
  7.9199e+01   9.29e-03
  8.2212e+01   8.89e-03
  8.5340e+01   8.51e-03
  8.8586e+01   8.14e-03
  9.1956e+01   7.79e-03
  9.5455e+01   7.45e-03
  9.9086e+01   7.12e-03
  1.0286e+02   6.81e-03
  1.0677e+02   6.51e-03
  1.1083e+02   6.22e-03
  1.1505e+02   5.94e-03
  1.1942e+02   5.68e-03
  1.2397e+02   5.42e-03
  1.2868e+02   5.17e-03
  1.3358e+02   4.94e-03
  1.3866e+02   4.71e-03
  1.4394e+02   4.50e-03
  1.4941e+02   4.29e-03
  1.5509e+02   4.09e-03
  1.6100e+02   3.90e-03
  1.6712e+02   3.72e-03
  1.7348e+02   3.54e-03
  1.8008e+02   3.38e-03
  1.8693e+02   3.22e-03
  1.9404e+02   3.06e-03
  2.0142e+02   2.92e-03
  2.0908e+02   2.78e-03
  2.1704e+02   2.64e-03
  2.2529e+02   2.51e-03
  2.3387e+02   2.39e-03
  2.4276e+02   2.27e-03
  2.5200e+02   2.16e-03
  2.6158e+02   2.05e-03
  2.7154e+02   1.95e-03
  2.8187e+02   1.85e-03
  2.9259e+02   1.76e-03
  3.0372e+02   1.67e-03
  3.1527e+02   1.59e-03
  3.2727e+02   1.51e-03
  3.3972e+02   1.43e-03
  3.5264e+02   1.36e-03
  3.6606e+02   1.29e-03
  3.7998e+02   1.22e-03
  3.9444e+02   1.16e-03
  4.0945e+02   1.10e-03
  4.2502e+02   1.04e-03
  4.4119e+02   9.90e-04
  4.5798e+02   9.38e-04
  4.7540e+02   8.89e-04
  4.9348e+02   8.43e-04
  5.1226e+02   8.00e-04
  5.3175e+02   7.58e-04
  5.5198e+02   7.19e-04
  5.7297e+02   6.81e-04
  5.9477e+02   6.46e-04
  6.1740e+02   6.13e-04
  6.4089e+02   5.82e-04
  6.6527e+02   5.52e-04
  6.9058e+02   5.24e-04
  7.1685e+02   4.98e-04
  7.4412e+02   4.73e-04
  7.7243e+02   4.50e-04
  8.0181e+02   4.28e-04
  8.3232e+02   4.07e-04
  8.6398e+02   3.87e-04
  8.9685e+02   3.69e-04
  9.3097e+02   3.52e-04
  9.6638e+02   3.35e-04
  1.0031e+03   3.20e-04
  1.0413e+03   3.06e-04
  1.0809e+03   2.92e-04
  1.1220e+03   2.79e-04
  1.1647e+03   2.67e-04
  1.2090e+03   2.56e-04
  1.2550e+03   2.45e-04
  1.3028e+03   2.35e-04
  1.3523e+03   2.26e-04
  1.4038e+03   2.17e-04
  1.4572e+03   2.08e-04
  1.5126e+03   2.00e-04
  1.5702e+03   1.92e-04
  1.6299e+03   1.85e-04
  1.6919e+03   1.78e-04
  1.7563e+03   1.72e-04
  1.8231e+03   1.65e-04
  1.8925e+03   1.59e-04
  1.9645e+03   1.54e-04
  2.0392e+03   1.48e-04
  2.1168e+03   1.43e-04
  2.1973e+03   1.38e-04
  2.2809e+03   1.33e-04
  2.3677e+03   1.29e-04
  2.4577e+03   1.24e-04
  2.5512e+03   1.20e-04
  2.6483e+03   1.15e-04
  2.7490e+03   1.11e-04
  2.8536e+03   1.07e-04
  2.9622e+03   1.03e-04
  3.0749e+03   9.96e-05
  3.1918e+03   9.59e-05
  3.3133e+03   9.22e-05
  3.4393e+03   8.86e-05
  3.5702e+03   8.51e-05
  3.7060e+03   8.17e-05
  3.8470e+03   7.83e-05
  3.9933e+03   7.49e-05
  4.1452e+03   7.17e-05
  4.3029e+03   6.85e-05
  4.4666e+03   6.53e-05
  4.6366e+03   6.22e-05
  4.8129e+03   5.91e-05
  4.9960e+03   5.61e-05
  5.1861e+03   5.31e-05
  5.3834e+03   5.02e-05
  5.5882e+03   4.73e-05
  5.8008e+03   4.45e-05
  6.0215e+03   4.18e-05
  6.2506e+03   3.91e-05
  6.4883e+03   3.65e-05
  6.7352e+03   3.39e-05
  6.9914e+03   3.14e-05
  7.2574e+03   2.90e-05
  7.5335e+03   2.67e-05
  7.8201e+03   2.44e-05
  8.1176e+03   2.23e-05
  8.4264e+03   2.02e-05
  8.7470e+03   1.82e-05
  9.0797e+03   1.64e-05
  9.4251e+03   1.46e-05
  9.7837e+03   1.29e-05
  1.0156e+04   1.14e-05
  1.0542e+04   9.90e-06
  1.0943e+04   8.55e-06
  1.1360e+04   7.31e-06
  1.1792e+04   6.20e-06
  1.2240e+04   5.19e-06
  1.2706e+04   4.28e-06
  1.3189e+04   3.49e-06
  1.3691e+04   2.80e-06
  1.4212e+04   2.21e-06
  1.4753e+04   1.71e-06
  1.5314e+04   1.30e-06
  1.5897e+04   9.59e-07
  1.6501e+04   6.91e-07
  1.7129e+04   4.84e-07
  1.7781e+04   3.27e-07
  1.8457e+04   2.13e-07
  1.9159e+04   1.33e-07
  1.9888e+04   7.89e-08
  2.0645e+04   4.42e-08
  2.1430e+04   2.33e-08
  2.2245e+04   1.14e-08
  2.3092e+04   5.09e-09
  2.3970e+04   2.06e-09
  2.4882e+04   7.48e-10
  2.5829e+04   2.36e-10
  2.6811e+04   6.36e-11
  2.7831e+04   1.43e-11
  2.8890e+04   2.56e-12
  2.9989e+04   3.50e-13
  3.1130e+04   3.51e-14
  3.2314e+04   2.38e-15
  3.3544e+04   1.01e-16
  3.4820e+04   2.44e-18
  3.6144e+04   2.92e-20
  3.7519e+04   1.46e-22
  3.8947e+04   2.51e-25
  4.0428e+04   1.11e-28
  4.1966e+04   8.83e-33
  4.3563e+04   8.00e-38
  4.5220e+04   4.43e-44
  4.6941e+04   1.06e-46
  4.8726e+04   9.49e-47
  5.0580e+04   8.71e-47
