#  E [GeV]   # per interaction  [GeV^{-1}]
  3.0000e+01   3.43e-01
  3.0696e+01   3.31e-01
  3.1408e+01   3.20e-01
  3.2137e+01   3.09e-01
  3.2883e+01   2.98e-01
  3.3646e+01   2.87e-01
  3.4426e+01   2.77e-01
  3.5225e+01   2.67e-01
  3.6042e+01   2.57e-01
  3.6878e+01   2.48e-01
  3.7734e+01   2.39e-01
  3.8609e+01   2.30e-01
  3.9505e+01   2.22e-01
  4.0422e+01   2.14e-01
  4.1360e+01   2.06e-01
  4.2319e+01   1.98e-01
  4.3301e+01   1.90e-01
  4.4306e+01   1.83e-01
  4.5334e+01   1.76e-01
  4.6386e+01   1.69e-01
  4.7462e+01   1.63e-01
  4.8563e+01   1.57e-01
  4.9690e+01   1.51e-01
  5.0843e+01   1.45e-01
  5.2022e+01   1.39e-01
  5.3229e+01   1.34e-01
  5.4464e+01   1.28e-01
  5.5728e+01   1.23e-01
  5.7021e+01   1.18e-01
  5.8344e+01   1.13e-01
  5.9697e+01   1.09e-01
  6.1083e+01   1.04e-01
  6.2500e+01   1.00e-01
  6.3950e+01   9.59e-02
  6.5434e+01   9.19e-02
  6.6952e+01   8.80e-02
  6.8505e+01   8.43e-02
  7.0095e+01   8.07e-02
  7.1721e+01   7.72e-02
  7.3385e+01   7.38e-02
  7.5088e+01   7.06e-02
  7.6830e+01   6.75e-02
  7.8612e+01   6.45e-02
  8.0436e+01   6.16e-02
  8.2302e+01   5.88e-02
  8.4212e+01   5.62e-02
  8.6166e+01   5.36e-02
  8.8165e+01   5.12e-02
  9.0210e+01   4.88e-02
  9.2304e+01   4.66e-02
  9.4445e+01   4.44e-02
  9.6636e+01   4.23e-02
  9.8878e+01   4.03e-02
  1.0117e+02   3.84e-02
  1.0352e+02   3.65e-02
  1.0592e+02   3.47e-02
  1.0838e+02   3.31e-02
  1.1089e+02   3.15e-02
  1.1347e+02   2.99e-02
  1.1610e+02   2.84e-02
  1.1879e+02   2.70e-02
  1.2155e+02   2.56e-02
  1.2437e+02   2.43e-02
  1.2725e+02   2.31e-02
  1.3021e+02   2.19e-02
  1.3323e+02   2.07e-02
  1.3632e+02   1.96e-02
  1.3948e+02   1.86e-02
  1.4272e+02   1.76e-02
  1.4603e+02   1.67e-02
  1.4942e+02   1.57e-02
  1.5288e+02   1.49e-02
  1.5643e+02   1.41e-02
  1.6006e+02   1.33e-02
  1.6377e+02   1.25e-02
  1.6757e+02   1.18e-02
  1.7146e+02   1.11e-02
  1.7544e+02   1.05e-02
  1.7951e+02   9.89e-03
  1.8368e+02   9.30e-03
  1.8794e+02   8.74e-03
  1.9230e+02   8.23e-03
  1.9676e+02   7.74e-03
  2.0132e+02   7.27e-03
  2.0600e+02   6.82e-03
  2.1078e+02   6.39e-03
  2.1567e+02   6.00e-03
  2.2067e+02   5.63e-03
  2.2579e+02   5.27e-03
  2.3103e+02   4.93e-03
  2.3639e+02   4.60e-03
  2.4187e+02   4.31e-03
  2.4748e+02   4.03e-03
  2.5323e+02   3.76e-03
  2.5910e+02   3.51e-03
  2.6511e+02   3.26e-03
  2.7126e+02   3.04e-03
  2.7756e+02   2.84e-03
  2.8400e+02   2.64e-03
  2.9059e+02   2.45e-03
  2.9733e+02   2.27e-03
  3.0423e+02   2.11e-03
  3.1129e+02   1.96e-03
  3.1851e+02   1.82e-03
  3.2590e+02   1.68e-03
  3.3346e+02   1.55e-03
  3.4120e+02   1.44e-03
  3.4911e+02   1.33e-03
  3.5721e+02   1.23e-03
  3.6550e+02   1.14e-03
  3.7398e+02   1.04e-03
  3.8266e+02   9.64e-04
  3.9154e+02   8.90e-04
  4.0062e+02   8.20e-04
  4.0991e+02   7.53e-04
  4.1943e+02   6.89e-04
  4.2916e+02   6.35e-04
  4.3911e+02   5.84e-04
  4.4930e+02   5.36e-04
  4.5973e+02   4.91e-04
  4.7039e+02   4.47e-04
  4.8131e+02   4.11e-04
  4.9247e+02   3.77e-04
  5.0390e+02   3.45e-04
  5.1559e+02   3.15e-04
  5.2755e+02   2.86e-04
  5.3979e+02   2.62e-04
  5.5232e+02   2.39e-04
  5.6513e+02   2.18e-04
  5.7824e+02   1.99e-04
  5.9166e+02   1.80e-04
  6.0539e+02   1.64e-04
  6.1943e+02   1.50e-04
  6.3381e+02   1.36e-04
  6.4851e+02   1.24e-04
  6.6356e+02   1.12e-04
  6.7895e+02   1.02e-04
  6.9471e+02   9.28e-05
  7.1082e+02   8.43e-05
  7.2732e+02   7.63e-05
  7.4419e+02   6.87e-05
  7.6146e+02   6.25e-05
  7.7912e+02   5.69e-05
  7.9720e+02   5.17e-05
  8.1570e+02   4.67e-05
  8.3462e+02   4.20e-05
  8.5399e+02   3.82e-05
  8.7380e+02   3.48e-05
  8.9407e+02   3.15e-05
  9.1482e+02   2.85e-05
  9.3604e+02   2.56e-05
  9.5776e+02   2.33e-05
  9.7998e+02   2.12e-05
  1.0027e+03   1.93e-05
  1.0260e+03   1.74e-05
  1.0498e+03   1.57e-05
  1.0741e+03   1.43e-05
  1.0991e+03   1.30e-05
  1.1246e+03   1.18e-05
  1.1507e+03   1.07e-05
  1.1774e+03   9.65e-06
  1.2047e+03   8.77e-06
  1.2326e+03   7.99e-06
  1.2612e+03   7.25e-06
  1.2905e+03   6.56e-06
  1.3204e+03   5.91e-06
  1.3511e+03   5.37e-06
  1.3824e+03   4.91e-06
  1.4145e+03   4.48e-06
  1.4473e+03   4.07e-06
  1.4809e+03   3.68e-06
  1.5152e+03   3.36e-06
  1.5504e+03   3.10e-06
  1.5864e+03   2.84e-06
  1.6232e+03   2.60e-06
  1.6608e+03   2.37e-06
  1.6994e+03   2.20e-06
  1.7388e+03   2.05e-06
  1.7791e+03   1.91e-06
  1.8204e+03   1.78e-06
  1.8626e+03   1.66e-06
  1.9059e+03   1.56e-06
  1.9501e+03   1.47e-06
  1.9953e+03   1.40e-06
  2.0416e+03   1.32e-06
  2.0890e+03   1.25e-06
  2.1375e+03   1.19e-06
  2.1870e+03   1.14e-06
  2.2378e+03   1.10e-06
  2.2897e+03   1.05e-06
  2.3428e+03   1.01e-06
  2.3972e+03   9.77e-07
  2.4528e+03   9.46e-07
  2.5097e+03   9.16e-07
  2.5680e+03   8.87e-07
  2.6275e+03   8.58e-07
  2.6885e+03   8.32e-07
  2.7509e+03   8.07e-07
  2.8147e+03   7.82e-07
  2.8800e+03   7.58e-07
