#  E [MeV]   Flux [# cm^{-2} s^{-1}  MeV^{-1}]
  3.0000e+04   6.43e-25
  3.1141e+04   6.15e-25
  3.2326e+04   5.87e-25
  3.3556e+04   5.61e-25
  3.4832e+04   5.35e-25
  3.6157e+04   5.11e-25
  3.7533e+04   4.88e-25
  3.8961e+04   4.66e-25
  4.0443e+04   4.44e-25
  4.1982e+04   4.24e-25
  4.3579e+04   4.04e-25
  4.5237e+04   3.86e-25
  4.6958e+04   3.68e-25
  4.8744e+04   3.51e-25
  5.0598e+04   3.34e-25
  5.2523e+04   3.19e-25
  5.4521e+04   3.04e-25
  5.6596e+04   2.89e-25
  5.8749e+04   2.76e-25
  6.0984e+04   2.62e-25
  6.3304e+04   2.50e-25
  6.5712e+04   2.38e-25
  6.8212e+04   2.27e-25
  7.0807e+04   2.16e-25
  7.3500e+04   2.05e-25
  7.6297e+04   1.95e-25
  7.9199e+04   1.86e-25
  8.2212e+04   1.77e-25
  8.5340e+04   1.68e-25
  8.8586e+04   1.60e-25
  9.1956e+04   1.52e-25
  9.5455e+04   1.44e-25
  9.9086e+04   1.37e-25
  1.0286e+05   1.30e-25
  1.0677e+05   1.24e-25
  1.1083e+05   1.17e-25
  1.1505e+05   1.11e-25
  1.1942e+05   1.06e-25
  1.2397e+05   1.00e-25
  1.2868e+05   9.53e-26
  1.3358e+05   9.04e-26
  1.3866e+05   8.57e-26
  1.4394e+05   8.12e-26
  1.4941e+05   7.70e-26
  1.5509e+05   7.29e-26
  1.6100e+05   6.91e-26
  1.6712e+05   6.54e-26
  1.7348e+05   6.19e-26
  1.8008e+05   5.85e-26
  1.8693e+05   5.54e-26
  1.9404e+05   5.23e-26
  2.0142e+05   4.94e-26
  2.0908e+05   4.67e-26
  2.1704e+05   4.41e-26
  2.2529e+05   4.16e-26
  2.3387e+05   3.92e-26
  2.4276e+05   3.70e-26
  2.5200e+05   3.48e-26
  2.6158e+05   3.28e-26
  2.7154e+05   3.08e-26
  2.8187e+05   2.90e-26
  2.9259e+05   2.72e-26
  3.0372e+05   2.56e-26
  3.1527e+05   2.40e-26
  3.2727e+05   2.25e-26
  3.3972e+05   2.11e-26
  3.5264e+05   1.97e-26
  3.6606e+05   1.84e-26
  3.7998e+05   1.72e-26
  3.9444e+05   1.61e-26
  4.0945e+05   1.50e-26
  4.2502e+05   1.40e-26
  4.4119e+05   1.30e-26
  4.5798e+05   1.21e-26
  4.7540e+05   1.12e-26
  4.9348e+05   1.04e-26
  5.1226e+05   9.68e-27
  5.3175e+05   8.97e-27
  5.5198e+05   8.30e-27
  5.7297e+05   7.67e-27
  5.9477e+05   7.09e-27
  6.1740e+05   6.54e-27
  6.4089e+05   6.03e-27
  6.6527e+05   5.55e-27
  6.9058e+05   5.12e-27
  7.1685e+05   4.71e-27
  7.4412e+05   4.33e-27
  7.7243e+05   3.98e-27
  8.0181e+05   3.66e-27
  8.3232e+05   3.37e-27
  8.6398e+05   3.09e-27
  8.9685e+05   2.84e-27
  9.3097e+05   2.61e-27
  9.6638e+05   2.40e-27
  1.0031e+06   2.21e-27
  1.0413e+06   2.03e-27
  1.0809e+06   1.86e-27
  1.1220e+06   1.71e-27
  1.1647e+06   1.57e-27
  1.2090e+06   1.44e-27
  1.2550e+06   1.32e-27
  1.3028e+06   1.21e-27
  1.3523e+06   1.11e-27
  1.4038e+06   1.02e-27
  1.4572e+06   9.36e-28
  1.5126e+06   8.58e-28
  1.5702e+06   7.86e-28
  1.6299e+06   7.20e-28
  1.6919e+06   6.60e-28
  1.7563e+06   6.04e-28
  1.8231e+06   5.53e-28
  1.8925e+06   5.05e-28
  1.9645e+06   4.62e-28
  2.0392e+06   4.23e-28
  2.1168e+06   3.85e-28
  2.1973e+06   3.52e-28
  2.2809e+06   3.21e-28
  2.3677e+06   2.92e-28
  2.4577e+06   2.66e-28
  2.5512e+06   2.42e-28
  2.6483e+06   2.19e-28
  2.7490e+06   1.99e-28
  2.8536e+06   1.80e-28
  2.9622e+06   1.62e-28
  3.0749e+06   1.47e-28
  3.1918e+06   1.32e-28
  3.3133e+06   1.19e-28
  3.4393e+06   1.06e-28
  3.5702e+06   9.54e-29
  3.7060e+06   8.52e-29
  3.8470e+06   7.60e-29
  3.9933e+06   6.77e-29
  4.1452e+06   6.00e-29
  4.3029e+06   5.31e-29
  4.4666e+06   4.70e-29
  4.6366e+06   4.13e-29
  4.8129e+06   3.63e-29
  4.9960e+06   3.18e-29
  5.1861e+06   2.76e-29
  5.3834e+06   2.40e-29
  5.5882e+06   2.08e-29
  5.8008e+06   1.79e-29
  6.0215e+06   1.53e-29
  6.2506e+06   1.31e-29
  6.4883e+06   1.12e-29
  6.7352e+06   9.43e-30
  6.9914e+06   7.98e-30
  7.2574e+06   6.68e-30
  7.5335e+06   5.54e-30
  7.8201e+06   4.62e-30
  8.1176e+06   3.80e-30
  8.4264e+06   3.08e-30
  8.7470e+06   2.52e-30
  9.0797e+06   2.03e-30
  9.4251e+06   1.61e-30
  9.7837e+06   1.28e-30
  1.0156e+07   1.00e-30
  1.0542e+07   7.70e-31
  1.0943e+07   5.95e-31
  1.1360e+07   4.51e-31
  1.1792e+07   3.34e-31
  1.2240e+07   2.47e-31
  1.2706e+07   1.80e-31
  1.3189e+07   1.27e-31
  1.3691e+07   8.88e-32
  1.4212e+07   6.09e-32
  1.4753e+07   4.02e-32
  1.5314e+07   2.62e-32
  1.5897e+07   1.66e-32
  1.6501e+07   1.01e-32
  1.7129e+07   5.94e-33
  1.7781e+07   3.38e-33
  1.8457e+07   1.81e-33
  1.9159e+07   9.23e-34
  1.9888e+07   4.49e-34
  2.0645e+07   2.00e-34
  2.1430e+07   8.29e-35
  2.2245e+07   3.18e-35
  2.3092e+07   1.08e-35
  2.3970e+07   3.26e-36
  2.4882e+07   8.67e-37
  2.5829e+07   1.93e-37
  2.6811e+07   3.49e-38
  2.7831e+07   5.10e-39
  2.8890e+07   5.59e-40
  2.9989e+07   4.35e-41
  3.1130e+07   2.33e-42
  3.2314e+07   7.60e-44
  3.3544e+07   1.37e-45
  3.4820e+07   1.23e-47
  3.6144e+07   4.57e-50
  3.7519e+07   5.70e-53
  3.8947e+07   1.86e-56
  4.0428e+07   1.13e-60
  4.1966e+07   8.14e-66
  4.3563e+07   4.16e-72
  4.5220e+07   3.67e-72
  4.6941e+07   3.21e-72
  4.8726e+07   2.85e-72
  5.0580e+07   2.52e-72
