#  E [MeV]   Flux [# cm^{-2} s^{-1}  MeV^{-1}]
  3.0000e+04   2.21e-24
  3.1141e+04   2.12e-24
  3.2326e+04   2.04e-24
  3.3556e+04   1.96e-24
  3.4832e+04   1.88e-24
  3.6157e+04   1.81e-24
  3.7533e+04   1.74e-24
  3.8961e+04   1.67e-24
  4.0443e+04   1.60e-24
  4.1982e+04   1.54e-24
  4.3579e+04   1.48e-24
  4.5237e+04   1.42e-24
  4.6958e+04   1.36e-24
  4.8744e+04   1.31e-24
  5.0598e+04   1.26e-24
  5.2523e+04   1.21e-24
  5.4521e+04   1.16e-24
  5.6596e+04   1.11e-24
  5.8749e+04   1.07e-24
  6.0984e+04   1.03e-24
  6.3304e+04   9.84e-25
  6.5712e+04   9.44e-25
  6.8212e+04   9.06e-25
  7.0807e+04   8.69e-25
  7.3500e+04   8.34e-25
  7.6297e+04   8.00e-25
  7.9199e+04   7.67e-25
  8.2212e+04   7.35e-25
  8.5340e+04   7.05e-25
  8.8586e+04   6.76e-25
  9.1956e+04   6.47e-25
  9.5455e+04   6.20e-25
  9.9086e+04   5.94e-25
  1.0286e+05   5.69e-25
  1.0677e+05   5.45e-25
  1.1083e+05   5.22e-25
  1.1505e+05   4.99e-25
  1.1942e+05   4.78e-25
  1.2397e+05   4.57e-25
  1.2868e+05   4.37e-25
  1.3358e+05   4.18e-25
  1.3866e+05   4.00e-25
  1.4394e+05   3.82e-25
  1.4941e+05   3.65e-25
  1.5509e+05   3.49e-25
  1.6100e+05   3.33e-25
  1.6712e+05   3.18e-25
  1.7348e+05   3.04e-25
  1.8008e+05   2.90e-25
  1.8693e+05   2.76e-25
  1.9404e+05   2.63e-25
  2.0142e+05   2.51e-25
  2.0908e+05   2.39e-25
  2.1704e+05   2.28e-25
  2.2529e+05   2.17e-25
  2.3387e+05   2.06e-25
  2.4276e+05   1.96e-25
  2.5200e+05   1.86e-25
  2.6158e+05   1.77e-25
  2.7154e+05   1.68e-25
  2.8187e+05   1.60e-25
  2.9259e+05   1.52e-25
  3.0372e+05   1.44e-25
  3.1527e+05   1.36e-25
  3.2727e+05   1.29e-25
  3.3972e+05   1.22e-25
  3.5264e+05   1.16e-25
  3.6606e+05   1.09e-25
  3.7998e+05   1.03e-25
  3.9444e+05   9.78e-26
  4.0945e+05   9.23e-26
  4.2502e+05   8.71e-26
  4.4119e+05   8.22e-26
  4.5798e+05   7.75e-26
  4.7540e+05   7.30e-26
  4.9348e+05   6.87e-26
  5.1226e+05   6.47e-26
  5.3175e+05   6.08e-26
  5.5198e+05   5.72e-26
  5.7297e+05   5.37e-26
  5.9477e+05   5.04e-26
  6.1740e+05   4.73e-26
  6.4089e+05   4.44e-26
  6.6527e+05   4.16e-26
  6.9058e+05   3.89e-26
  7.1685e+05   3.65e-26
  7.4412e+05   3.41e-26
  7.7243e+05   3.19e-26
  8.0181e+05   2.98e-26
  8.3232e+05   2.79e-26
  8.6398e+05   2.60e-26
  8.9685e+05   2.43e-26
  9.3097e+05   2.26e-26
  9.6638e+05   2.11e-26
  1.0031e+06   1.97e-26
  1.0413e+06   1.83e-26
  1.0809e+06   1.71e-26
  1.1220e+06   1.59e-26
  1.1647e+06   1.48e-26
  1.2090e+06   1.37e-26
  1.2550e+06   1.28e-26
  1.3028e+06   1.19e-26
  1.3523e+06   1.10e-26
  1.4038e+06   1.02e-26
  1.4572e+06   9.45e-27
  1.5126e+06   8.75e-27
  1.5702e+06   8.10e-27
  1.6299e+06   7.50e-27
  1.6919e+06   6.93e-27
  1.7563e+06   6.40e-27
  1.8231e+06   5.91e-27
  1.8925e+06   5.46e-27
  1.9645e+06   5.03e-27
  2.0392e+06   4.64e-27
  2.1168e+06   4.27e-27
  2.1973e+06   3.93e-27
  2.2809e+06   3.61e-27
  2.3677e+06   3.32e-27
  2.4577e+06   3.05e-27
  2.5512e+06   2.80e-27
  2.6483e+06   2.56e-27
  2.7490e+06   2.34e-27
  2.8536e+06   2.14e-27
  2.9622e+06   1.96e-27
  3.0749e+06   1.79e-27
  3.1918e+06   1.63e-27
  3.3133e+06   1.49e-27
  3.4393e+06   1.35e-27
  3.5702e+06   1.23e-27
  3.7060e+06   1.12e-27
  3.8470e+06   1.01e-27
  3.9933e+06   9.17e-28
  4.1452e+06   8.32e-28
  4.3029e+06   7.51e-28
  4.4666e+06   6.78e-28
  4.6366e+06   6.13e-28
  4.8129e+06   5.52e-28
  4.9960e+06   4.96e-28
  5.1861e+06   4.46e-28
  5.3834e+06   4.00e-28
  5.5882e+06   3.57e-28
  5.8008e+06   3.21e-28
  6.0215e+06   2.86e-28
  6.2506e+06   2.55e-28
  6.4883e+06   2.28e-28
  6.7352e+06   2.02e-28
  6.9914e+06   1.79e-28
  7.2574e+06   1.59e-28
  7.5335e+06   1.41e-28
  7.8201e+06   1.24e-28
  8.1176e+06   1.10e-28
  8.4264e+06   9.65e-29
  8.7470e+06   8.44e-29
  9.0797e+06   7.42e-29
  9.4251e+06   6.50e-29
  9.7837e+06   5.64e-29
  1.0156e+07   4.92e-29
  1.0542e+07   4.28e-29
  1.0943e+07   3.68e-29
  1.1360e+07   3.18e-29
  1.1792e+07   2.75e-29
  1.2240e+07   2.34e-29
  1.2706e+07   2.00e-29
  1.3189e+07   1.71e-29
  1.3691e+07   1.44e-29
  1.4212e+07   1.22e-29
  1.4753e+07   1.03e-29
  1.5314e+07   8.55e-30
  1.5897e+07   7.09e-30
  1.6501e+07   5.89e-30
  1.7129e+07   4.82e-30
  1.7781e+07   3.90e-30
  1.8457e+07   3.17e-30
  1.9159e+07   2.53e-30
  1.9888e+07   1.99e-30
  2.0645e+07   1.57e-30
  2.1430e+07   1.20e-30
  2.2245e+07   9.05e-31
  2.3092e+07   6.79e-31
  2.3970e+07   4.94e-31
  2.4882e+07   3.46e-31
  2.5829e+07   2.42e-31
  2.6811e+07   1.62e-31
  2.7831e+07   1.02e-31
  2.8890e+07   6.37e-32
  2.9989e+07   3.71e-32
  3.1130e+07   2.00e-32
  3.2314e+07   1.02e-32
  3.3544e+07   4.70e-33
  3.4820e+07   1.90e-33
  3.6144e+07   6.78e-34
  3.7519e+07   2.02e-34
  3.8947e+07   4.76e-35
  4.0428e+07   8.62e-36
  4.1966e+07   1.10e-36
  4.3563e+07   8.88e-38
  4.5220e+07   4.06e-39
  4.6941e+07   8.85e-41
  4.8726e+07   7.29e-43
  5.0580e+07   1.69e-45
