#  E [MeV]   Flux [# cm^{-2} s^{-1}  MeV^{-1}]
  3.0000e+04   2.79e-20
  3.0943e+04   2.69e-20
  3.1916e+04   2.61e-20
  3.2920e+04   2.52e-20
  3.3955e+04   2.43e-20
  3.5023e+04   2.35e-20
  3.6124e+04   2.27e-20
  3.7260e+04   2.19e-20
  3.8432e+04   2.12e-20
  3.9640e+04   2.05e-20
  4.0887e+04   1.98e-20
  4.2172e+04   1.91e-20
  4.3499e+04   1.84e-20
  4.4866e+04   1.77e-20
  4.6277e+04   1.71e-20
  4.7732e+04   1.65e-20
  4.9233e+04   1.59e-20
  5.0781e+04   1.53e-20
  5.2378e+04   1.47e-20
  5.4025e+04   1.42e-20
  5.5724e+04   1.37e-20
  5.7476e+04   1.32e-20
  5.9284e+04   1.27e-20
  6.1148e+04   1.22e-20
  6.3071e+04   1.17e-20
  6.5054e+04   1.13e-20
  6.7100e+04   1.08e-20
  6.9210e+04   1.04e-20
  7.1386e+04   9.97e-21
  7.3631e+04   9.58e-21
  7.5946e+04   9.19e-21
  7.8334e+04   8.82e-21
  8.0797e+04   8.46e-21
  8.3338e+04   8.10e-21
  8.5959e+04   7.76e-21
  8.8662e+04   7.44e-21
  9.1450e+04   7.12e-21
  9.4325e+04   6.81e-21
  9.7291e+04   6.51e-21
  1.0035e+05   6.23e-21
  1.0351e+05   5.95e-21
  1.0676e+05   5.69e-21
  1.1012e+05   5.43e-21
  1.1358e+05   5.18e-21
  1.1715e+05   4.95e-21
  1.2084e+05   4.72e-21
  1.2464e+05   4.49e-21
  1.2856e+05   4.28e-21
  1.3260e+05   4.08e-21
  1.3677e+05   3.88e-21
  1.4107e+05   3.69e-21
  1.4550e+05   3.51e-21
  1.5008e+05   3.33e-21
  1.5480e+05   3.16e-21
  1.5967e+05   3.00e-21
  1.6469e+05   2.85e-21
  1.6987e+05   2.70e-21
  1.7521e+05   2.56e-21
  1.8072e+05   2.42e-21
  1.8640e+05   2.29e-21
  1.9226e+05   2.16e-21
  1.9831e+05   2.04e-21
  2.0454e+05   1.93e-21
  2.1097e+05   1.82e-21
  2.1761e+05   1.72e-21
  2.2445e+05   1.62e-21
  2.3151e+05   1.52e-21
  2.3879e+05   1.43e-21
  2.4630e+05   1.35e-21
  2.5404e+05   1.26e-21
  2.6203e+05   1.19e-21
  2.7027e+05   1.11e-21
  2.7877e+05   1.04e-21
  2.8753e+05   9.75e-22
  2.9657e+05   9.12e-22
  3.0590e+05   8.52e-22
  3.1552e+05   7.95e-22
  3.2544e+05   7.41e-22
  3.3567e+05   6.91e-22
  3.4623e+05   6.42e-22
  3.5712e+05   5.97e-22
  3.6835e+05   5.54e-22
  3.7993e+05   5.14e-22
  3.9188e+05   4.76e-22
  4.0420e+05   4.40e-22
  4.1691e+05   4.07e-22
  4.3002e+05   3.76e-22
  4.4354e+05   3.47e-22
  4.5749e+05   3.19e-22
  4.7187e+05   2.94e-22
  4.8671e+05   2.70e-22
  5.0202e+05   2.48e-22
  5.1780e+05   2.28e-22
  5.3409e+05   2.09e-22
  5.5088e+05   1.91e-22
  5.6820e+05   1.75e-22
  5.8607e+05   1.60e-22
  6.0450e+05   1.46e-22
  6.2351e+05   1.33e-22
  6.4311e+05   1.21e-22
  6.6334e+05   1.11e-22
  6.8419e+05   1.01e-22
  7.0571e+05   9.14e-23
  7.2790e+05   8.29e-23
  7.5079e+05   7.54e-23
  7.7440e+05   6.84e-23
  7.9875e+05   6.20e-23
  8.2387e+05   5.61e-23
  8.4977e+05   5.09e-23
  8.7649e+05   4.61e-23
  9.0405e+05   4.16e-23
  9.3248e+05   3.76e-23
  9.6180e+05   3.41e-23
  9.9205e+05   3.08e-23
  1.0232e+06   2.77e-23
  1.0554e+06   2.51e-23
  1.0886e+06   2.27e-23
  1.1228e+06   2.04e-23
  1.1581e+06   1.84e-23
  1.1946e+06   1.66e-23
  1.2321e+06   1.50e-23
  1.2709e+06   1.35e-23
  1.3108e+06   1.21e-23
  1.3521e+06   1.10e-23
  1.3946e+06   9.87e-24
  1.4384e+06   8.86e-24
  1.4837e+06   7.98e-24
  1.5303e+06   7.19e-24
  1.5784e+06   6.46e-24
  1.6281e+06   5.78e-24
  1.6793e+06   5.22e-24
  1.7321e+06   4.69e-24
  1.7865e+06   4.21e-24
  1.8427e+06   3.77e-24
  1.9006e+06   3.39e-24
  1.9604e+06   3.04e-24
  2.0221e+06   2.72e-24
  2.0856e+06   2.44e-24
  2.1512e+06   2.19e-24
  2.2189e+06   1.96e-24
  2.2886e+06   1.74e-24
  2.3606e+06   1.56e-24
  2.4348e+06   1.40e-24
  2.5114e+06   1.24e-24
  2.5904e+06   1.10e-24
  2.6718e+06   9.86e-25
  2.7558e+06   8.78e-25
  2.8425e+06   7.77e-25
  2.9319e+06   6.88e-25
  3.0241e+06   6.13e-25
  3.1192e+06   5.43e-25
  3.2173e+06   4.77e-25
  3.3184e+06   4.22e-25
  3.4228e+06   3.74e-25
  3.5304e+06   3.29e-25
  3.6414e+06   2.87e-25
  3.7559e+06   2.54e-25
  3.8740e+06   2.23e-25
  3.9958e+06   1.95e-25
  4.1215e+06   1.69e-25
  4.2511e+06   1.49e-25
  4.3848e+06   1.30e-25
  4.5227e+06   1.12e-25
  4.6649e+06   9.72e-26
  4.8116e+06   8.47e-26
  4.9629e+06   7.32e-26
  5.1189e+06   6.26e-26
  5.2799e+06   5.42e-26
  5.4459e+06   4.68e-26
  5.6171e+06   4.00e-26
  5.7938e+06   3.39e-26
  5.9760e+06   2.91e-26
  6.1639e+06   2.47e-26
  6.3577e+06   2.07e-26
  6.5576e+06   1.74e-26
  6.7638e+06   1.47e-26
  6.9765e+06   1.23e-26
  7.1959e+06   1.02e-26
  7.4222e+06   8.52e-27
  7.6556e+06   7.12e-27
  7.8963e+06   5.89e-27
  8.1446e+06   4.81e-27
  8.4007e+06   4.02e-27
  8.6649e+06   3.33e-27
  8.9373e+06   2.73e-27
  9.2184e+06   2.22e-27
  9.5082e+06   1.83e-27
  9.8072e+06   1.49e-27
  1.0116e+07   1.20e-27
  1.0434e+07   9.72e-28
  1.0762e+07   7.87e-28
  1.1100e+07   6.29e-28
  1.1449e+07   4.97e-28
  1.1809e+07   3.91e-28
  1.2181e+07   3.04e-28
  1.2564e+07   2.33e-28
  1.2959e+07   1.75e-28
  1.3366e+07   1.30e-28
  1.3786e+07   9.43e-29
  1.4220e+07   6.69e-29
