#  E [MeV]   Flux [# cm^{-2} s^{-1}  MeV^{-1}]
  3.0000e+04   1.72e-24
  3.0872e+04   1.66e-24
  3.1770e+04   1.61e-24
  3.2694e+04   1.56e-24
  3.3644e+04   1.51e-24
  3.4623e+04   1.46e-24
  3.5629e+04   1.41e-24
  3.6665e+04   1.36e-24
  3.7731e+04   1.32e-24
  3.8829e+04   1.28e-24
  3.9958e+04   1.24e-24
  4.1119e+04   1.20e-24
  4.2315e+04   1.16e-24
  4.3545e+04   1.12e-24
  4.4812e+04   1.09e-24
  4.6115e+04   1.05e-24
  4.7456e+04   1.02e-24
  4.8835e+04   9.87e-25
  5.0255e+04   9.56e-25
  5.1717e+04   9.26e-25
  5.3220e+04   8.97e-25
  5.4768e+04   8.69e-25
  5.6360e+04   8.43e-25
  5.7999e+04   8.17e-25
  5.9686e+04   7.92e-25
  6.1421e+04   7.67e-25
  6.3207e+04   7.44e-25
  6.5045e+04   7.22e-25
  6.6936e+04   7.01e-25
  6.8882e+04   6.80e-25
  7.0885e+04   6.60e-25
  7.2947e+04   6.40e-25
  7.5068e+04   6.22e-25
  7.7250e+04   6.04e-25
  7.9496e+04   5.87e-25
  8.1808e+04   5.70e-25
  8.4187e+04   5.54e-25
  8.6635e+04   5.38e-25
  8.9154e+04   5.24e-25
  9.1746e+04   5.09e-25
  9.4414e+04   4.96e-25
  9.7159e+04   4.82e-25
  9.9984e+04   4.69e-25
  1.0289e+05   4.57e-25
  1.0588e+05   4.45e-25
  1.0896e+05   4.33e-25
  1.1213e+05   4.22e-25
  1.1539e+05   4.11e-25
  1.1875e+05   4.01e-25
  1.2220e+05   3.91e-25
  1.2575e+05   3.81e-25
  1.2941e+05   3.72e-25
  1.3317e+05   3.63e-25
  1.3704e+05   3.54e-25
  1.4103e+05   3.46e-25
  1.4513e+05   3.38e-25
  1.4935e+05   3.30e-25
  1.5369e+05   3.22e-25
  1.5816e+05   3.15e-25
  1.6276e+05   3.08e-25
  1.6749e+05   3.01e-25
  1.7236e+05   2.94e-25
  1.7737e+05   2.88e-25
  1.8253e+05   2.81e-25
  1.8784e+05   2.75e-25
  1.9330e+05   2.69e-25
  1.9892e+05   2.63e-25
  2.0470e+05   2.58e-25
  2.1066e+05   2.52e-25
  2.1678e+05   2.47e-25
  2.2309e+05   2.42e-25
  2.2957e+05   2.37e-25
  2.3625e+05   2.32e-25
  2.4312e+05   2.27e-25
  2.5019e+05   2.22e-25
  2.5746e+05   2.18e-25
  2.6495e+05   2.13e-25
  2.7265e+05   2.09e-25
  2.8058e+05   2.04e-25
  2.8874e+05   2.00e-25
  2.9713e+05   1.96e-25
  3.0577e+05   1.92e-25
  3.1466e+05   1.88e-25
  3.2381e+05   1.84e-25
  3.3323e+05   1.80e-25
  3.4292e+05   1.77e-25
  3.5289e+05   1.73e-25
  3.6315e+05   1.69e-25
  3.7371e+05   1.66e-25
  3.8457e+05   1.62e-25
  3.9576e+05   1.59e-25
  4.0726e+05   1.56e-25
  4.1911e+05   1.52e-25
  4.3129e+05   1.49e-25
  4.4383e+05   1.46e-25
  4.5674e+05   1.43e-25
  4.7002e+05   1.40e-25
  4.8368e+05   1.36e-25
  4.9775e+05   1.33e-25
  5.1222e+05   1.30e-25
  5.2712e+05   1.27e-25
  5.4244e+05   1.25e-25
  5.5821e+05   1.22e-25
  5.7445e+05   1.19e-25
  5.9115e+05   1.16e-25
  6.0834e+05   1.13e-25
  6.2603e+05   1.11e-25
  6.4423e+05   1.08e-25
  6.6296e+05   1.05e-25
  6.8224e+05   1.03e-25
  7.0208e+05   1.00e-25
  7.2249e+05   9.74e-26
  7.4350e+05   9.49e-26
  7.6512e+05   9.25e-26
  7.8736e+05   9.01e-26
  8.1026e+05   8.77e-26
  8.3382e+05   8.54e-26
  8.5806e+05   8.31e-26
  8.8301e+05   8.08e-26
  9.0869e+05   7.85e-26
  9.3511e+05   7.63e-26
  9.6230e+05   7.41e-26
  9.9028e+05   7.20e-26
  1.0191e+06   6.99e-26
  1.0487e+06   6.78e-26
  1.0792e+06   6.58e-26
  1.1106e+06   6.38e-26
  1.1429e+06   6.18e-26
  1.1761e+06   5.98e-26
  1.2103e+06   5.80e-26
  1.2455e+06   5.61e-26
  1.2817e+06   5.43e-26
  1.3190e+06   5.25e-26
  1.3573e+06   5.07e-26
  1.3968e+06   4.91e-26
  1.4374e+06   4.73e-26
  1.4792e+06   4.57e-26
  1.5222e+06   4.41e-26
  1.5665e+06   4.25e-26
  1.6120e+06   4.09e-26
  1.6589e+06   3.94e-26
  1.7071e+06   3.79e-26
  1.7568e+06   3.65e-26
  1.8079e+06   3.50e-26
  1.8604e+06   3.36e-26
  1.9145e+06   3.22e-26
  1.9702e+06   3.08e-26
  2.0275e+06   2.95e-26
  2.0864e+06   2.82e-26
  2.1471e+06   2.69e-26
  2.2095e+06   2.57e-26
  2.2738e+06   2.45e-26
  2.3399e+06   2.33e-26
  2.4079e+06   2.22e-26
  2.4779e+06   2.11e-26
  2.5500e+06   2.01e-26
  2.6241e+06   1.90e-26
  2.7004e+06   1.80e-26
  2.7790e+06   1.71e-26
  2.8598e+06   1.61e-26
  2.9429e+06   1.52e-26
  3.0285e+06   1.44e-26
  3.1165e+06   1.35e-26
  3.2072e+06   1.27e-26
  3.3004e+06   1.19e-26
  3.3964e+06   1.12e-26
  3.4951e+06   1.05e-26
  3.5968e+06   9.78e-27
  3.7013e+06   9.10e-27
  3.8090e+06   8.46e-27
  3.9197e+06   7.85e-27
  4.0337e+06   7.27e-27
  4.1510e+06   6.71e-27
  4.2717e+06   6.19e-27
  4.3959e+06   5.69e-27
  4.5237e+06   5.22e-27
  4.6552e+06   4.78e-27
  4.7906e+06   4.37e-27
  4.9299e+06   3.97e-27
  5.0732e+06   3.62e-27
  5.2208e+06   3.28e-27
  5.3726e+06   2.97e-27
  5.5288e+06   2.67e-27
  5.6895e+06   2.41e-27
  5.8550e+06   2.16e-27
  6.0252e+06   1.93e-27
  6.2004e+06   1.71e-27
  6.3807e+06   1.52e-27
  6.5662e+06   1.36e-27
  6.7572e+06   1.20e-27
  6.9536e+06   1.05e-27
  7.1558e+06   9.30e-28
  7.3639e+06   8.24e-28
  7.5780e+06   7.24e-28
  7.7984e+06   6.30e-28
  8.0251e+06   5.60e-28
  8.2585e+06   5.00e-28
  8.4986e+06   4.43e-28
  8.7457e+06   3.90e-28
  9.0000e+06   3.55e-28
