#  E [GeV]   # per interaction  [GeV^{-1}]
  3.0000e+01   5.46e-01
  3.1123e+01   5.25e-01
  3.2288e+01   5.04e-01
  3.3497e+01   4.85e-01
  3.4751e+01   4.66e-01
  3.6051e+01   4.47e-01
  3.7401e+01   4.30e-01
  3.8801e+01   4.13e-01
  4.0253e+01   3.96e-01
  4.1760e+01   3.81e-01
  4.3324e+01   3.66e-01
  4.4945e+01   3.51e-01
  4.6628e+01   3.37e-01
  4.8373e+01   3.24e-01
  5.0184e+01   3.11e-01
  5.2063e+01   2.98e-01
  5.4011e+01   2.86e-01
  5.6033e+01   2.75e-01
  5.8131e+01   2.64e-01
  6.0307e+01   2.53e-01
  6.2564e+01   2.43e-01
  6.4906e+01   2.33e-01
  6.7336e+01   2.23e-01
  6.9857e+01   2.14e-01
  7.2472e+01   2.05e-01
  7.5184e+01   1.97e-01
  7.7999e+01   1.89e-01
  8.0919e+01   1.81e-01
  8.3948e+01   1.74e-01
  8.7090e+01   1.66e-01
  9.0350e+01   1.59e-01
  9.3732e+01   1.53e-01
  9.7241e+01   1.46e-01
  1.0088e+02   1.40e-01
  1.0466e+02   1.34e-01
  1.0858e+02   1.28e-01
  1.1264e+02   1.23e-01
  1.1686e+02   1.18e-01
  1.2123e+02   1.12e-01
  1.2577e+02   1.08e-01
  1.3048e+02   1.03e-01
  1.3536e+02   9.83e-02
  1.4043e+02   9.40e-02
  1.4568e+02   8.98e-02
  1.5114e+02   8.58e-02
  1.5680e+02   8.20e-02
  1.6266e+02   7.82e-02
  1.6875e+02   7.47e-02
  1.7507e+02   7.13e-02
  1.8162e+02   6.80e-02
  1.8842e+02   6.48e-02
  1.9548e+02   6.18e-02
  2.0279e+02   5.89e-02
  2.1039e+02   5.61e-02
  2.1826e+02   5.35e-02
  2.2643e+02   5.09e-02
  2.3491e+02   4.85e-02
  2.4370e+02   4.61e-02
  2.5282e+02   4.39e-02
  2.6229e+02   4.17e-02
  2.7211e+02   3.97e-02
  2.8229e+02   3.77e-02
  2.9286e+02   3.58e-02
  3.0382e+02   3.40e-02
  3.1519e+02   3.23e-02
  3.2699e+02   3.06e-02
  3.3923e+02   2.90e-02
  3.5193e+02   2.75e-02
  3.6511e+02   2.60e-02
  3.7877e+02   2.47e-02
  3.9295e+02   2.34e-02
  4.0766e+02   2.21e-02
  4.2292e+02   2.09e-02
  4.3875e+02   1.98e-02
  4.5518e+02   1.87e-02
  4.7222e+02   1.76e-02
  4.8989e+02   1.67e-02
  5.0823e+02   1.57e-02
  5.2726e+02   1.48e-02
  5.4699e+02   1.40e-02
  5.6747e+02   1.32e-02
  5.8871e+02   1.24e-02
  6.1075e+02   1.17e-02
  6.3361e+02   1.10e-02
  6.5733e+02   1.04e-02
  6.8194e+02   9.73e-03
  7.0746e+02   9.15e-03
  7.3395e+02   8.60e-03
  7.6142e+02   8.07e-03
  7.8992e+02   7.58e-03
  8.1949e+02   7.11e-03
  8.5017e+02   6.67e-03
  8.8199e+02   6.26e-03
  9.1501e+02   5.86e-03
  9.4926e+02   5.49e-03
  9.8479e+02   5.14e-03
  1.0217e+03   4.81e-03
  1.0599e+03   4.51e-03
  1.0996e+03   4.21e-03
  1.1407e+03   3.94e-03
  1.1834e+03   3.68e-03
  1.2277e+03   3.43e-03
  1.2737e+03   3.20e-03
  1.3214e+03   2.99e-03
  1.3708e+03   2.79e-03
  1.4222e+03   2.59e-03
  1.4754e+03   2.42e-03
  1.5306e+03   2.25e-03
  1.5879e+03   2.09e-03
  1.6474e+03   1.95e-03
  1.7090e+03   1.81e-03
  1.7730e+03   1.68e-03
  1.8394e+03   1.56e-03
  1.9082e+03   1.45e-03
  1.9797e+03   1.34e-03
  2.0538e+03   1.25e-03
  2.1306e+03   1.15e-03
  2.2104e+03   1.07e-03
  2.2931e+03   9.88e-04
  2.3790e+03   9.13e-04
  2.4680e+03   8.43e-04
  2.5604e+03   7.78e-04
  2.6563e+03   7.18e-04
  2.7557e+03   6.61e-04
  2.8589e+03   6.09e-04
  2.9659e+03   5.61e-04
  3.0769e+03   5.16e-04
  3.1921e+03   4.74e-04
  3.3116e+03   4.36e-04
  3.4355e+03   4.00e-04
  3.5641e+03   3.66e-04
  3.6976e+03   3.36e-04
  3.8360e+03   3.07e-04
  3.9796e+03   2.81e-04
  4.1285e+03   2.57e-04
  4.2831e+03   2.35e-04
  4.4434e+03   2.13e-04
  4.6097e+03   1.95e-04
  4.7823e+03   1.77e-04
  4.9613e+03   1.61e-04
  5.1470e+03   1.46e-04
  5.3397e+03   1.33e-04
  5.5396e+03   1.20e-04
  5.7470e+03   1.08e-04
  5.9621e+03   9.81e-05
  6.1853e+03   8.83e-05
  6.4168e+03   7.96e-05
  6.6570e+03   7.18e-05
  6.9062e+03   6.44e-05
  7.1647e+03   5.77e-05
  7.4329e+03   5.18e-05
  7.7112e+03   4.63e-05
  7.9998e+03   4.13e-05
  8.2993e+03   3.69e-05
  8.6100e+03   3.28e-05
  8.9323e+03   2.91e-05
  9.2666e+03   2.59e-05
  9.6135e+03   2.29e-05
  9.9734e+03   2.01e-05
  1.0347e+04   1.78e-05
  1.0734e+04   1.56e-05
  1.1136e+04   1.36e-05
  1.1553e+04   1.20e-05
  1.1985e+04   1.04e-05
  1.2434e+04   9.02e-06
  1.2899e+04   7.85e-06
  1.3382e+04   6.80e-06
  1.3883e+04   5.83e-06
  1.4403e+04   5.02e-06
  1.4942e+04   4.31e-06
  1.5501e+04   3.65e-06
  1.6081e+04   3.10e-06
  1.6683e+04   2.63e-06
  1.7308e+04   2.21e-06
  1.7956e+04   1.84e-06
  1.8628e+04   1.54e-06
  1.9325e+04   1.27e-06
  2.0049e+04   1.03e-06
  2.0799e+04   8.48e-07
  2.1578e+04   6.83e-07
  2.2386e+04   5.40e-07
  2.3224e+04   4.33e-07
  2.4093e+04   3.39e-07
  2.4995e+04   2.58e-07
  2.5930e+04   2.00e-07
  2.6901e+04   1.50e-07
  2.7908e+04   1.09e-07
  2.8953e+04   7.93e-08
  3.0037e+04   5.58e-08
  3.1161e+04   3.73e-08
  3.2327e+04   2.45e-08
  3.3537e+04   1.53e-08
  3.4793e+04   8.87e-09
  3.6095e+04   4.88e-09
  3.7446e+04   2.49e-09
  3.8848e+04   1.12e-09
  4.0302e+04   4.41e-10
  4.1811e+04   1.48e-10
  4.3376e+04   3.93e-11
  4.5000e+04   7.90e-12
