#  E [MeV]   Flux [# cm^{-2} s^{-1}  MeV^{-1}]
  3.0000e+04   9.20e-23
  3.0962e+04   8.90e-23
  3.1955e+04   8.60e-23
  3.2979e+04   8.30e-23
  3.4037e+04   8.02e-23
  3.5128e+04   7.75e-23
  3.6254e+04   7.48e-23
  3.7417e+04   7.22e-23
  3.8616e+04   6.97e-23
  3.9855e+04   6.73e-23
  4.1132e+04   6.50e-23
  4.2451e+04   6.27e-23
  4.3812e+04   6.05e-23
  4.5217e+04   5.83e-23
  4.6667e+04   5.63e-23
  4.8163e+04   5.43e-23
  4.9707e+04   5.23e-23
  5.1301e+04   5.04e-23
  5.2946e+04   4.86e-23
  5.4644e+04   4.68e-23
  5.6396e+04   4.51e-23
  5.8204e+04   4.34e-23
  6.0070e+04   4.18e-23
  6.1996e+04   4.02e-23
  6.3984e+04   3.87e-23
  6.6035e+04   3.73e-23
  6.8153e+04   3.58e-23
  7.0338e+04   3.45e-23
  7.2593e+04   3.32e-23
  7.4921e+04   3.19e-23
  7.7323e+04   3.06e-23
  7.9802e+04   2.94e-23
  8.2361e+04   2.83e-23
  8.5002e+04   2.72e-23
  8.7727e+04   2.61e-23
  9.0540e+04   2.50e-23
  9.3443e+04   2.40e-23
  9.6439e+04   2.30e-23
  9.9531e+04   2.21e-23
  1.0272e+05   2.12e-23
  1.0602e+05   2.03e-23
  1.0942e+05   1.95e-23
  1.1292e+05   1.86e-23
  1.1654e+05   1.78e-23
  1.2028e+05   1.71e-23
  1.2414e+05   1.64e-23
  1.2812e+05   1.56e-23
  1.3223e+05   1.50e-23
  1.3646e+05   1.43e-23
  1.4084e+05   1.37e-23
  1.4536e+05   1.31e-23
  1.5002e+05   1.25e-23
  1.5483e+05   1.19e-23
  1.5979e+05   1.14e-23
  1.6491e+05   1.09e-23
  1.7020e+05   1.04e-23
  1.7566e+05   9.89e-24
  1.8129e+05   9.43e-24
  1.8710e+05   8.98e-24
  1.9310e+05   8.56e-24
  1.9929e+05   8.15e-24
  2.0568e+05   7.76e-24
  2.1228e+05   7.39e-24
  2.1909e+05   7.03e-24
  2.2611e+05   6.68e-24
  2.3336e+05   6.36e-24
  2.4084e+05   6.04e-24
  2.4856e+05   5.74e-24
  2.5653e+05   5.45e-24
  2.6476e+05   5.18e-24
  2.7325e+05   4.91e-24
  2.8201e+05   4.66e-24
  2.9105e+05   4.42e-24
  3.0038e+05   4.19e-24
  3.1002e+05   3.97e-24
  3.1996e+05   3.77e-24
  3.3021e+05   3.57e-24
  3.4080e+05   3.38e-24
  3.5173e+05   3.20e-24
  3.6301e+05   3.03e-24
  3.7465e+05   2.86e-24
  3.8666e+05   2.71e-24
  3.9905e+05   2.56e-24
  4.1185e+05   2.41e-24
  4.2506e+05   2.28e-24
  4.3868e+05   2.15e-24
  4.5275e+05   2.03e-24
  4.6727e+05   1.91e-24
  4.8225e+05   1.80e-24
  4.9771e+05   1.70e-24
  5.1367e+05   1.60e-24
  5.3014e+05   1.50e-24
  5.4714e+05   1.42e-24
  5.6468e+05   1.33e-24
  5.8278e+05   1.25e-24
  6.0147e+05   1.18e-24
  6.2075e+05   1.10e-24
  6.4066e+05   1.04e-24
  6.6120e+05   9.72e-25
  6.8240e+05   9.12e-25
  7.0428e+05   8.54e-25
  7.2686e+05   8.01e-25
  7.5017e+05   7.50e-25
  7.7422e+05   7.02e-25
  7.9904e+05   6.57e-25
  8.2466e+05   6.14e-25
  8.5110e+05   5.74e-25
  8.7839e+05   5.36e-25
  9.0656e+05   5.00e-25
  9.3562e+05   4.67e-25
  9.6562e+05   4.35e-25
  9.9658e+05   4.05e-25
  1.0285e+06   3.78e-25
  1.0615e+06   3.53e-25
  1.0956e+06   3.28e-25
  1.1307e+06   3.05e-25
  1.1669e+06   2.84e-25
  1.2043e+06   2.64e-25
  1.2430e+06   2.45e-25
  1.2828e+06   2.27e-25
  1.3239e+06   2.11e-25
  1.3664e+06   1.95e-25
  1.4102e+06   1.80e-25
  1.4554e+06   1.67e-25
  1.5021e+06   1.55e-25
  1.5502e+06   1.43e-25
  1.6000e+06   1.32e-25
  1.6513e+06   1.22e-25
  1.7042e+06   1.13e-25
  1.7588e+06   1.04e-25
  1.8152e+06   9.57e-26
  1.8734e+06   8.82e-26
  1.9335e+06   8.10e-26
  1.9955e+06   7.43e-26
  2.0595e+06   6.84e-26
  2.1255e+06   6.28e-26
  2.1937e+06   5.75e-26
  2.2640e+06   5.27e-26
  2.3366e+06   4.83e-26
  2.4115e+06   4.42e-26
  2.4888e+06   4.03e-26
  2.5686e+06   3.69e-26
  2.6510e+06   3.37e-26
  2.7360e+06   3.07e-26
  2.8237e+06   2.78e-26
  2.9142e+06   2.54e-26
  3.0077e+06   2.31e-26
  3.1041e+06   2.09e-26
  3.2036e+06   1.90e-26
  3.3064e+06   1.72e-26
  3.4124e+06   1.56e-26
  3.5218e+06   1.40e-26
  3.6347e+06   1.27e-26
  3.7512e+06   1.14e-26
  3.8715e+06   1.02e-26
  3.9957e+06   9.17e-27
  4.1238e+06   8.27e-27
  4.2560e+06   7.41e-27
  4.3924e+06   6.60e-27
  4.5333e+06   5.90e-27
  4.6786e+06   5.29e-27
  4.8286e+06   4.70e-27
  4.9835e+06   4.16e-27
  5.1433e+06   3.71e-27
  5.3082e+06   3.30e-27
  5.4784e+06   2.91e-27
  5.6540e+06   2.56e-27
  5.8353e+06   2.28e-27
  6.0224e+06   2.01e-27
  6.2155e+06   1.75e-27
  6.4148e+06   1.54e-27
  6.6205e+06   1.36e-27
  6.8327e+06   1.18e-27
  7.0518e+06   1.02e-27
  7.2779e+06   8.96e-28
  7.5113e+06   7.81e-28
  7.7521e+06   6.72e-28
  8.0007e+06   5.78e-28
  8.2572e+06   5.04e-28
  8.5219e+06   4.35e-28
  8.7952e+06   3.70e-28
  9.0772e+06   3.19e-28
  9.3682e+06   2.76e-28
  9.6686e+06   2.35e-28
  9.9786e+06   1.98e-28
  1.0299e+07   1.71e-28
  1.0629e+07   1.46e-28
  1.0970e+07   1.23e-28
  1.1321e+07   1.03e-28
  1.1684e+07   8.81e-29
  1.2059e+07   7.43e-29
  1.2446e+07   6.14e-29
  1.2845e+07   5.16e-29
  1.3256e+07   4.33e-29
  1.3681e+07   3.56e-29
  1.4120e+07   2.85e-29
  1.4573e+07   2.35e-29
  1.5040e+07   1.89e-29
  1.5522e+07   1.46e-29
  1.6020e+07   1.12e-29
