#  E [GeV]   # per interaction  [GeV^{-1}]
  3.0000e+01   5.53e-01
  3.0943e+01   5.35e-01
  3.1916e+01   5.17e-01
  3.2920e+01   5.00e-01
  3.3955e+01   4.84e-01
  3.5023e+01   4.68e-01
  3.6124e+01   4.52e-01
  3.7260e+01   4.37e-01
  3.8432e+01   4.22e-01
  3.9640e+01   4.08e-01
  4.0887e+01   3.94e-01
  4.2172e+01   3.80e-01
  4.3499e+01   3.67e-01
  4.4866e+01   3.54e-01
  4.6277e+01   3.42e-01
  4.7732e+01   3.30e-01
  4.9233e+01   3.18e-01
  5.0781e+01   3.07e-01
  5.2378e+01   2.95e-01
  5.4025e+01   2.85e-01
  5.5724e+01   2.74e-01
  5.7476e+01   2.64e-01
  5.9284e+01   2.54e-01
  6.1148e+01   2.45e-01
  6.3071e+01   2.36e-01
  6.5054e+01   2.27e-01
  6.7100e+01   2.18e-01
  6.9210e+01   2.10e-01
  7.1386e+01   2.02e-01
  7.3631e+01   1.94e-01
  7.5946e+01   1.86e-01
  7.8334e+01   1.79e-01
  8.0797e+01   1.72e-01
  8.3338e+01   1.65e-01
  8.5959e+01   1.58e-01
  8.8662e+01   1.52e-01
  9.1450e+01   1.45e-01
  9.4325e+01   1.39e-01
  9.7291e+01   1.34e-01
  1.0035e+02   1.28e-01
  1.0351e+02   1.22e-01
  1.0676e+02   1.17e-01
  1.1012e+02   1.12e-01
  1.1358e+02   1.07e-01
  1.1715e+02   1.02e-01
  1.2084e+02   9.79e-02
  1.2464e+02   9.36e-02
  1.2856e+02   8.93e-02
  1.3260e+02   8.52e-02
  1.3677e+02   8.13e-02
  1.4107e+02   7.76e-02
  1.4550e+02   7.39e-02
  1.5008e+02   7.05e-02
  1.5480e+02   6.71e-02
  1.5967e+02   6.39e-02
  1.6469e+02   6.08e-02
  1.6987e+02   5.78e-02
  1.7521e+02   5.50e-02
  1.8072e+02   5.23e-02
  1.8640e+02   4.96e-02
  1.9226e+02   4.71e-02
  1.9831e+02   4.47e-02
  2.0454e+02   4.24e-02
  2.1097e+02   4.02e-02
  2.1761e+02   3.81e-02
  2.2445e+02   3.61e-02
  2.3151e+02   3.42e-02
  2.3879e+02   3.24e-02
  2.4630e+02   3.06e-02
  2.5404e+02   2.90e-02
  2.6203e+02   2.74e-02
  2.7027e+02   2.59e-02
  2.7877e+02   2.44e-02
  2.8753e+02   2.31e-02
  2.9657e+02   2.18e-02
  3.0590e+02   2.05e-02
  3.1552e+02   1.93e-02
  3.2544e+02   1.82e-02
  3.3567e+02   1.71e-02
  3.4623e+02   1.61e-02
  3.5712e+02   1.51e-02
  3.6835e+02   1.42e-02
  3.7993e+02   1.34e-02
  3.9188e+02   1.25e-02
  4.0420e+02   1.17e-02
  4.1691e+02   1.10e-02
  4.3002e+02   1.03e-02
  4.4354e+02   9.64e-03
  4.5749e+02   9.01e-03
  4.7187e+02   8.42e-03
  4.8671e+02   7.86e-03
  5.0202e+02   7.34e-03
  5.1780e+02   6.85e-03
  5.3409e+02   6.38e-03
  5.5088e+02   5.94e-03
  5.6820e+02   5.53e-03
  5.8607e+02   5.15e-03
  6.0450e+02   4.78e-03
  6.2351e+02   4.44e-03
  6.4311e+02   4.12e-03
  6.6334e+02   3.83e-03
  6.8419e+02   3.54e-03
  7.0571e+02   3.28e-03
  7.2790e+02   3.04e-03
  7.5079e+02   2.81e-03
  7.7440e+02   2.59e-03
  7.9875e+02   2.40e-03
  8.2387e+02   2.22e-03
  8.4977e+02   2.04e-03
  8.7649e+02   1.88e-03
  9.0405e+02   1.74e-03
  9.3248e+02   1.60e-03
  9.6180e+02   1.47e-03
  9.9205e+02   1.35e-03
  1.0232e+03   1.24e-03
  1.0554e+03   1.14e-03
  1.0886e+03   1.05e-03
  1.1228e+03   9.61e-04
  1.1581e+03   8.81e-04
  1.1946e+03   8.07e-04
  1.2321e+03   7.37e-04
  1.2709e+03   6.76e-04
  1.3108e+03   6.18e-04
  1.3521e+03   5.64e-04
  1.3946e+03   5.15e-04
  1.4384e+03   4.71e-04
  1.4837e+03   4.29e-04
  1.5303e+03   3.90e-04
  1.5784e+03   3.55e-04
  1.6281e+03   3.24e-04
  1.6793e+03   2.94e-04
  1.7321e+03   2.66e-04
  1.7865e+03   2.43e-04
  1.8427e+03   2.21e-04
  1.9006e+03   2.00e-04
  1.9604e+03   1.80e-04
  2.0221e+03   1.64e-04
  2.0856e+03   1.49e-04
  2.1512e+03   1.34e-04
  2.2189e+03   1.21e-04
  2.2886e+03   1.10e-04
  2.3606e+03   9.89e-05
  2.4348e+03   8.87e-05
  2.5114e+03   8.02e-05
  2.5904e+03   7.24e-05
  2.6718e+03   6.50e-05
  2.7558e+03   5.81e-05
  2.8425e+03   5.25e-05
  2.9319e+03   4.72e-05
  3.0241e+03   4.21e-05
  3.1192e+03   3.77e-05
  3.2173e+03   3.39e-05
  3.3184e+03   3.03e-05
  3.4228e+03   2.69e-05
  3.5304e+03   2.41e-05
  3.6414e+03   2.16e-05
  3.7559e+03   1.92e-05
  3.8740e+03   1.69e-05
  3.9958e+03   1.52e-05
  4.1215e+03   1.35e-05
  4.2511e+03   1.20e-05
  4.3848e+03   1.06e-05
  4.5227e+03   9.47e-06
  4.6649e+03   8.40e-06
  4.8116e+03   7.40e-06
  4.9629e+03   6.55e-06
  5.1189e+03   5.83e-06
  5.2799e+03   5.15e-06
  5.4459e+03   4.51e-06
  5.6171e+03   4.01e-06
  5.7938e+03   3.56e-06
  5.9760e+03   3.13e-06
  6.1639e+03   2.74e-06
  6.3577e+03   2.42e-06
  6.5576e+03   2.13e-06
  6.7638e+03   1.86e-06
  6.9765e+03   1.62e-06
  7.1959e+03   1.43e-06
  7.4222e+03   1.25e-06
  7.6556e+03   1.09e-06
  7.8963e+03   9.58e-07
  8.1446e+03   8.46e-07
  8.4007e+03   7.42e-07
  8.6649e+03   6.45e-07
  8.9373e+03   5.76e-07
  9.2184e+03   5.12e-07
  9.5082e+03   4.53e-07
  9.8072e+03   4.01e-07
  1.0116e+04   3.61e-07
  1.0434e+04   3.23e-07
  1.0762e+04   2.88e-07
  1.1100e+04   2.59e-07
  1.1449e+04   2.36e-07
  1.1809e+04   2.13e-07
  1.2181e+04   1.93e-07
  1.2564e+04   1.75e-07
  1.2959e+04   1.59e-07
  1.3366e+04   1.44e-07
  1.3786e+04   1.30e-07
  1.4220e+04   1.17e-07
