#  E [GeV]   # per interaction  [GeV^{-1}]
  3.0000e+01   2.71e-02
  3.1123e+01   2.61e-02
  3.2288e+01   2.51e-02
  3.3497e+01   2.41e-02
  3.4751e+01   2.32e-02
  3.6051e+01   2.23e-02
  3.7401e+01   2.15e-02
  3.8801e+01   2.06e-02
  4.0253e+01   1.98e-02
  4.1760e+01   1.90e-02
  4.3324e+01   1.83e-02
  4.4945e+01   1.75e-02
  4.6628e+01   1.68e-02
  4.8373e+01   1.62e-02
  5.0184e+01   1.55e-02
  5.2063e+01   1.49e-02
  5.4011e+01   1.43e-02
  5.6033e+01   1.37e-02
  5.8131e+01   1.31e-02
  6.0307e+01   1.26e-02
  6.2564e+01   1.20e-02
  6.4906e+01   1.15e-02
  6.7336e+01   1.10e-02
  6.9857e+01   1.06e-02
  7.2472e+01   1.01e-02
  7.5184e+01   9.69e-03
  7.7999e+01   9.27e-03
  8.0919e+01   8.87e-03
  8.3948e+01   8.48e-03
  8.7090e+01   8.11e-03
  9.0350e+01   7.75e-03
  9.3732e+01   7.40e-03
  9.7241e+01   7.07e-03
  1.0088e+02   6.76e-03
  1.0466e+02   6.45e-03
  1.0858e+02   6.16e-03
  1.1264e+02   5.88e-03
  1.1686e+02   5.61e-03
  1.2123e+02   5.35e-03
  1.2577e+02   5.10e-03
  1.3048e+02   4.86e-03
  1.3536e+02   4.63e-03
  1.4043e+02   4.41e-03
  1.4568e+02   4.20e-03
  1.5114e+02   4.00e-03
  1.5680e+02   3.81e-03
  1.6266e+02   3.63e-03
  1.6875e+02   3.45e-03
  1.7507e+02   3.28e-03
  1.8162e+02   3.12e-03
  1.8842e+02   2.97e-03
  1.9548e+02   2.82e-03
  2.0279e+02   2.68e-03
  2.1039e+02   2.55e-03
  2.1826e+02   2.42e-03
  2.2643e+02   2.29e-03
  2.3491e+02   2.18e-03
  2.4370e+02   2.07e-03
  2.5282e+02   1.96e-03
  2.6229e+02   1.86e-03
  2.7211e+02   1.76e-03
  2.8229e+02   1.67e-03
  2.9286e+02   1.58e-03
  3.0382e+02   1.50e-03
  3.1519e+02   1.42e-03
  3.2699e+02   1.34e-03
  3.3923e+02   1.27e-03
  3.5193e+02   1.20e-03
  3.6511e+02   1.14e-03
  3.7877e+02   1.08e-03
  3.9295e+02   1.02e-03
  4.0766e+02   9.60e-04
  4.2292e+02   9.07e-04
  4.3875e+02   8.57e-04
  4.5518e+02   8.09e-04
  4.7222e+02   7.64e-04
  4.8989e+02   7.21e-04
  5.0823e+02   6.81e-04
  5.2726e+02   6.42e-04
  5.4699e+02   6.06e-04
  5.6747e+02   5.71e-04
  5.8871e+02   5.39e-04
  6.1075e+02   5.08e-04
  6.3361e+02   4.79e-04
  6.5733e+02   4.51e-04
  6.8194e+02   4.25e-04
  7.0746e+02   4.00e-04
  7.3395e+02   3.77e-04
  7.6142e+02   3.55e-04
  7.8992e+02   3.34e-04
  8.1949e+02   3.15e-04
  8.5017e+02   2.97e-04
  8.8199e+02   2.79e-04
  9.1501e+02   2.63e-04
  9.4926e+02   2.48e-04
  9.8479e+02   2.34e-04
  1.0217e+03   2.20e-04
  1.0599e+03   2.07e-04
  1.0996e+03   1.95e-04
  1.1407e+03   1.84e-04
  1.1834e+03   1.73e-04
  1.2277e+03   1.63e-04
  1.2737e+03   1.54e-04
  1.3214e+03   1.45e-04
  1.3708e+03   1.37e-04
  1.4222e+03   1.29e-04
  1.4754e+03   1.21e-04
  1.5306e+03   1.14e-04
  1.5879e+03   1.08e-04
  1.6474e+03   1.02e-04
  1.7090e+03   9.60e-05
  1.7730e+03   9.06e-05
  1.8394e+03   8.55e-05
  1.9082e+03   8.07e-05
  1.9797e+03   7.62e-05
  2.0538e+03   7.20e-05
  2.1306e+03   6.80e-05
  2.2104e+03   6.42e-05
  2.2931e+03   6.07e-05
  2.3790e+03   5.74e-05
  2.4680e+03   5.43e-05
  2.5604e+03   5.13e-05
  2.6563e+03   4.86e-05
  2.7557e+03   4.59e-05
  2.8589e+03   4.35e-05
  2.9659e+03   4.12e-05
  3.0769e+03   3.90e-05
  3.1921e+03   3.70e-05
  3.3116e+03   3.50e-05
  3.4355e+03   3.32e-05
  3.5641e+03   3.15e-05
  3.6976e+03   2.99e-05
  3.8360e+03   2.83e-05
  3.9796e+03   2.69e-05
  4.1285e+03   2.55e-05
  4.2831e+03   2.42e-05
  4.4434e+03   2.29e-05
  4.6097e+03   2.18e-05
  4.7823e+03   2.07e-05
  4.9613e+03   1.96e-05
  5.1470e+03   1.87e-05
  5.3397e+03   1.77e-05
  5.5396e+03   1.68e-05
  5.7470e+03   1.60e-05
  5.9621e+03   1.52e-05
  6.1853e+03   1.44e-05
  6.4168e+03   1.37e-05
  6.6570e+03   1.30e-05
  6.9062e+03   1.24e-05
  7.1647e+03   1.17e-05
  7.4329e+03   1.11e-05
  7.7112e+03   1.06e-05
  7.9998e+03   1.00e-05
  8.2993e+03   9.48e-06
  8.6100e+03   8.98e-06
  8.9323e+03   8.50e-06
  9.2666e+03   8.04e-06
  9.6135e+03   7.60e-06
  9.9734e+03   7.18e-06
  1.0347e+04   6.78e-06
  1.0734e+04   6.39e-06
  1.1136e+04   6.01e-06
  1.1553e+04   5.65e-06
  1.1985e+04   5.31e-06
  1.2434e+04   4.98e-06
  1.2899e+04   4.65e-06
  1.3382e+04   4.35e-06
  1.3883e+04   4.05e-06
  1.4403e+04   3.77e-06
  1.4942e+04   3.49e-06
  1.5501e+04   3.23e-06
  1.6081e+04   2.97e-06
  1.6683e+04   2.73e-06
  1.7308e+04   2.49e-06
  1.7956e+04   2.27e-06
  1.8628e+04   2.05e-06
  1.9325e+04   1.85e-06
  2.0049e+04   1.65e-06
  2.0799e+04   1.46e-06
  2.1578e+04   1.28e-06
  2.2386e+04   1.12e-06
  2.3224e+04   9.58e-07
  2.4093e+04   8.12e-07
  2.4995e+04   6.78e-07
  2.5930e+04   5.55e-07
  2.6901e+04   4.44e-07
  2.7908e+04   3.47e-07
  2.8953e+04   2.63e-07
  3.0037e+04   1.92e-07
  3.1161e+04   1.34e-07
  3.2327e+04   8.90e-08
  3.3537e+04   5.54e-08
  3.4793e+04   3.20e-08
  3.6095e+04   1.68e-08
  3.7446e+04   7.88e-09
  3.8848e+04   3.20e-09
  4.0302e+04   1.09e-09
  4.1811e+04   2.97e-10
  4.3376e+04   6.13e-11
  4.5000e+04   8.88e-12
