#  E [MeV]   Flux [# cm^{-2} s^{-1}  MeV^{-1}]
  3.0000e+04   7.98e-22
  3.1123e+04   7.68e-22
  3.2288e+04   7.38e-22
  3.3497e+04   7.10e-22
  3.4751e+04   6.83e-22
  3.6051e+04   6.57e-22
  3.7401e+04   6.31e-22
  3.8801e+04   6.07e-22
  4.0253e+04   5.83e-22
  4.1760e+04   5.60e-22
  4.3324e+04   5.38e-22
  4.4945e+04   5.16e-22
  4.6628e+04   4.95e-22
  4.8373e+04   4.75e-22
  5.0184e+04   4.56e-22
  5.2063e+04   4.38e-22
  5.4011e+04   4.20e-22
  5.6033e+04   4.02e-22
  5.8131e+04   3.86e-22
  6.0307e+04   3.70e-22
  6.2564e+04   3.54e-22
  6.4906e+04   3.39e-22
  6.7336e+04   3.25e-22
  6.9857e+04   3.11e-22
  7.2472e+04   2.98e-22
  7.5184e+04   2.85e-22
  7.7999e+04   2.73e-22
  8.0919e+04   2.61e-22
  8.3948e+04   2.50e-22
  8.7090e+04   2.39e-22
  9.0350e+04   2.28e-22
  9.3732e+04   2.18e-22
  9.7241e+04   2.08e-22
  1.0088e+05   1.99e-22
  1.0466e+05   1.90e-22
  1.0858e+05   1.81e-22
  1.1264e+05   1.73e-22
  1.1686e+05   1.65e-22
  1.2123e+05   1.57e-22
  1.2577e+05   1.50e-22
  1.3048e+05   1.43e-22
  1.3536e+05   1.36e-22
  1.4043e+05   1.30e-22
  1.4568e+05   1.24e-22
  1.5114e+05   1.18e-22
  1.5680e+05   1.12e-22
  1.6266e+05   1.07e-22
  1.6875e+05   1.02e-22
  1.7507e+05   9.66e-23
  1.8162e+05   9.18e-23
  1.8842e+05   8.73e-23
  1.9548e+05   8.30e-23
  2.0279e+05   7.88e-23
  2.1039e+05   7.49e-23
  2.1826e+05   7.11e-23
  2.2643e+05   6.75e-23
  2.3491e+05   6.41e-23
  2.4370e+05   6.08e-23
  2.5282e+05   5.76e-23
  2.6229e+05   5.47e-23
  2.7211e+05   5.18e-23
  2.8229e+05   4.91e-23
  2.9286e+05   4.65e-23
  3.0382e+05   4.41e-23
  3.1519e+05   4.17e-23
  3.2699e+05   3.95e-23
  3.3923e+05   3.74e-23
  3.5193e+05   3.54e-23
  3.6511e+05   3.34e-23
  3.7877e+05   3.16e-23
  3.9295e+05   2.99e-23
  4.0766e+05   2.83e-23
  4.2292e+05   2.67e-23
  4.3875e+05   2.52e-23
  4.5518e+05   2.38e-23
  4.7222e+05   2.25e-23
  4.8989e+05   2.12e-23
  5.0823e+05   2.00e-23
  5.2726e+05   1.89e-23
  5.4699e+05   1.78e-23
  5.6747e+05   1.68e-23
  5.8871e+05   1.59e-23
  6.1075e+05   1.49e-23
  6.3361e+05   1.41e-23
  6.5733e+05   1.33e-23
  6.8194e+05   1.25e-23
  7.0746e+05   1.18e-23
  7.3395e+05   1.11e-23
  7.6142e+05   1.04e-23
  7.8992e+05   9.84e-24
  8.1949e+05   9.27e-24
  8.5017e+05   8.73e-24
  8.8199e+05   8.22e-24
  9.1501e+05   7.75e-24
  9.4926e+05   7.30e-24
  9.8479e+05   6.87e-24
  1.0217e+06   6.47e-24
  1.0599e+06   6.10e-24
  1.0996e+06   5.74e-24
  1.1407e+06   5.41e-24
  1.1834e+06   5.09e-24
  1.2277e+06   4.80e-24
  1.2737e+06   4.52e-24
  1.3214e+06   4.26e-24
  1.3708e+06   4.02e-24
  1.4222e+06   3.79e-24
  1.4754e+06   3.57e-24
  1.5306e+06   3.37e-24
  1.5879e+06   3.17e-24
  1.6474e+06   3.00e-24
  1.7090e+06   2.83e-24
  1.7730e+06   2.66e-24
  1.8394e+06   2.52e-24
  1.9082e+06   2.38e-24
  1.9797e+06   2.24e-24
  2.0538e+06   2.12e-24
  2.1306e+06   2.00e-24
  2.2104e+06   1.89e-24
  2.2931e+06   1.79e-24
  2.3790e+06   1.69e-24
  2.4680e+06   1.60e-24
  2.5604e+06   1.51e-24
  2.6563e+06   1.43e-24
  2.7557e+06   1.35e-24
  2.8589e+06   1.28e-24
  2.9659e+06   1.21e-24
  3.0769e+06   1.15e-24
  3.1921e+06   1.09e-24
  3.3116e+06   1.03e-24
  3.4355e+06   9.77e-25
  3.5641e+06   9.26e-25
  3.6976e+06   8.78e-25
  3.8360e+06   8.33e-25
  3.9796e+06   7.90e-25
  4.1285e+06   7.50e-25
  4.2831e+06   7.11e-25
  4.4434e+06   6.75e-25
  4.6097e+06   6.41e-25
  4.7823e+06   6.08e-25
  4.9613e+06   5.77e-25
  5.1470e+06   5.49e-25
  5.3397e+06   5.21e-25
  5.5396e+06   4.95e-25
  5.7470e+06   4.70e-25
  5.9621e+06   4.47e-25
  6.1853e+06   4.24e-25
  6.4168e+06   4.03e-25
  6.6570e+06   3.83e-25
  6.9062e+06   3.63e-25
  7.1647e+06   3.45e-25
  7.4329e+06   3.27e-25
  7.7112e+06   3.10e-25
  7.9998e+06   2.94e-25
  8.2993e+06   2.79e-25
  8.6100e+06   2.64e-25
  8.9323e+06   2.50e-25
  9.2666e+06   2.37e-25
  9.6135e+06   2.24e-25
  9.9734e+06   2.11e-25
  1.0347e+07   1.99e-25
  1.0734e+07   1.88e-25
  1.1136e+07   1.77e-25
  1.1553e+07   1.66e-25
  1.1985e+07   1.56e-25
  1.2434e+07   1.46e-25
  1.2899e+07   1.37e-25
  1.3382e+07   1.28e-25
  1.3883e+07   1.19e-25
  1.4403e+07   1.11e-25
  1.4942e+07   1.03e-25
  1.5501e+07   9.50e-26
  1.6081e+07   8.75e-26
  1.6683e+07   8.03e-26
  1.7308e+07   7.34e-26
  1.7956e+07   6.67e-26
  1.8628e+07   6.04e-26
  1.9325e+07   5.43e-26
  2.0049e+07   4.85e-26
  2.0799e+07   4.30e-26
  2.1578e+07   3.77e-26
  2.2386e+07   3.28e-26
  2.3224e+07   2.82e-26
  2.4093e+07   2.39e-26
  2.4995e+07   1.99e-26
  2.5930e+07   1.63e-26
  2.6901e+07   1.31e-26
  2.7908e+07   1.02e-26
  2.8953e+07   7.73e-27
  3.0037e+07   5.64e-27
  3.1161e+07   3.94e-27
  3.2327e+07   2.62e-27
  3.3537e+07   1.63e-27
  3.4793e+07   9.41e-28
  3.6095e+07   4.95e-28
  3.7446e+07   2.32e-28
  3.8848e+07   9.42e-29
  4.0302e+07   3.21e-29
  4.1811e+07   8.75e-30
  4.3376e+07   1.80e-30
  4.5000e+07   2.61e-31
