#  E [GeV]   # per interaction  [GeV^{-1}]
  3.0000e+01   4.88e-01
  3.1033e+01   4.70e-01
  3.2102e+01   4.53e-01
  3.3207e+01   4.36e-01
  3.4350e+01   4.20e-01
  3.5533e+01   4.04e-01
  3.6757e+01   3.89e-01
  3.8022e+01   3.75e-01
  3.9332e+01   3.61e-01
  4.0686e+01   3.47e-01
  4.2087e+01   3.34e-01
  4.3536e+01   3.21e-01
  4.5035e+01   3.09e-01
  4.6586e+01   2.97e-01
  4.8190e+01   2.86e-01
  4.9850e+01   2.75e-01
  5.1566e+01   2.65e-01
  5.3342e+01   2.54e-01
  5.5178e+01   2.45e-01
  5.7078e+01   2.35e-01
  5.9044e+01   2.26e-01
  6.1077e+01   2.17e-01
  6.3180e+01   2.08e-01
  6.5356e+01   2.00e-01
  6.7606e+01   1.92e-01
  6.9934e+01   1.85e-01
  7.2342e+01   1.77e-01
  7.4833e+01   1.70e-01
  7.7410e+01   1.63e-01
  8.0075e+01   1.57e-01
  8.2833e+01   1.50e-01
  8.5685e+01   1.44e-01
  8.8635e+01   1.38e-01
  9.1687e+01   1.32e-01
  9.4844e+01   1.27e-01
  9.8110e+01   1.22e-01
  1.0149e+02   1.16e-01
  1.0498e+02   1.12e-01
  1.0860e+02   1.07e-01
  1.1234e+02   1.02e-01
  1.1621e+02   9.78e-02
  1.2021e+02   9.36e-02
  1.2435e+02   8.95e-02
  1.2863e+02   8.56e-02
  1.3306e+02   8.18e-02
  1.3764e+02   7.82e-02
  1.4238e+02   7.47e-02
  1.4728e+02   7.13e-02
  1.5235e+02   6.81e-02
  1.5760e+02   6.50e-02
  1.6302e+02   6.20e-02
  1.6864e+02   5.92e-02
  1.7445e+02   5.65e-02
  1.8045e+02   5.38e-02
  1.8667e+02   5.13e-02
  1.9309e+02   4.88e-02
  1.9974e+02   4.65e-02
  2.0662e+02   4.43e-02
  2.1373e+02   4.21e-02
  2.2109e+02   4.01e-02
  2.2871e+02   3.81e-02
  2.3658e+02   3.62e-02
  2.4473e+02   3.44e-02
  2.5316e+02   3.27e-02
  2.6187e+02   3.11e-02
  2.7089e+02   2.95e-02
  2.8022e+02   2.80e-02
  2.8987e+02   2.66e-02
  2.9985e+02   2.52e-02
  3.1017e+02   2.39e-02
  3.2085e+02   2.26e-02
  3.3190e+02   2.14e-02
  3.4333e+02   2.03e-02
  3.5515e+02   1.92e-02
  3.6738e+02   1.82e-02
  3.8003e+02   1.72e-02
  3.9312e+02   1.62e-02
  4.0665e+02   1.53e-02
  4.2066e+02   1.45e-02
  4.3514e+02   1.37e-02
  4.5013e+02   1.29e-02
  4.6562e+02   1.22e-02
  4.8166e+02   1.15e-02
  4.9824e+02   1.08e-02
  5.1540e+02   1.02e-02
  5.3315e+02   9.60e-03
  5.5150e+02   9.04e-03
  5.7050e+02   8.51e-03
  5.9014e+02   8.00e-03
  6.1046e+02   7.53e-03
  6.3148e+02   7.07e-03
  6.5322e+02   6.64e-03
  6.7572e+02   6.24e-03
  6.9898e+02   5.85e-03
  7.2305e+02   5.49e-03
  7.4795e+02   5.15e-03
  7.7371e+02   4.82e-03
  8.0035e+02   4.52e-03
  8.2791e+02   4.23e-03
  8.5641e+02   3.96e-03
  8.8590e+02   3.70e-03
  9.1641e+02   3.46e-03
  9.4796e+02   3.24e-03
  9.8061e+02   3.02e-03
  1.0144e+03   2.82e-03
  1.0493e+03   2.64e-03
  1.0854e+03   2.46e-03
  1.1228e+03   2.29e-03
  1.1615e+03   2.14e-03
  1.2015e+03   1.99e-03
  1.2428e+03   1.86e-03
  1.2856e+03   1.73e-03
  1.3299e+03   1.61e-03
  1.3757e+03   1.49e-03
  1.4231e+03   1.39e-03
  1.4721e+03   1.29e-03
  1.5228e+03   1.20e-03
  1.5752e+03   1.11e-03
  1.6294e+03   1.03e-03
  1.6855e+03   9.56e-04
  1.7436e+03   8.85e-04
  1.8036e+03   8.20e-04
  1.8657e+03   7.60e-04
  1.9300e+03   7.02e-04
  1.9964e+03   6.49e-04
  2.0652e+03   6.00e-04
  2.1363e+03   5.54e-04
  2.2098e+03   5.10e-04
  2.2859e+03   4.71e-04
  2.3646e+03   4.35e-04
  2.4461e+03   4.00e-04
  2.5303e+03   3.68e-04
  2.6174e+03   3.39e-04
  2.7075e+03   3.11e-04
  2.8008e+03   2.85e-04
  2.8972e+03   2.63e-04
  2.9970e+03   2.41e-04
  3.1002e+03   2.20e-04
  3.2069e+03   2.02e-04
  3.3173e+03   1.85e-04
  3.4316e+03   1.69e-04
  3.5497e+03   1.55e-04
  3.6720e+03   1.42e-04
  3.7984e+03   1.29e-04
  3.9292e+03   1.18e-04
  4.0645e+03   1.07e-04
  4.2044e+03   9.80e-05
  4.3492e+03   8.90e-05
  4.4990e+03   8.10e-05
  4.6539e+03   7.38e-05
  4.8141e+03   6.70e-05
  4.9799e+03   6.06e-05
  5.1514e+03   5.52e-05
  5.3288e+03   5.01e-05
  5.5123e+03   4.52e-05
  5.7021e+03   4.10e-05
  5.8984e+03   3.72e-05
  6.1015e+03   3.36e-05
  6.3116e+03   3.03e-05
  6.5289e+03   2.75e-05
  6.7538e+03   2.49e-05
  6.9863e+03   2.24e-05
  7.2269e+03   2.04e-05
  7.4757e+03   1.84e-05
  7.7331e+03   1.66e-05
  7.9994e+03   1.51e-05
  8.2749e+03   1.37e-05
  8.5598e+03   1.24e-05
  8.8546e+03   1.12e-05
  9.1594e+03   1.02e-05
  9.4748e+03   9.28e-06
  9.8011e+03   8.41e-06
  1.0139e+04   7.69e-06
  1.0488e+04   7.05e-06
  1.0849e+04   6.46e-06
  1.1222e+04   5.92e-06
  1.1609e+04   5.48e-06
  1.2009e+04   5.07e-06
  1.2422e+04   4.68e-06
  1.2850e+04   4.37e-06
  1.3292e+04   4.09e-06
  1.3750e+04   3.82e-06
  1.4223e+04   3.59e-06
  1.4713e+04   3.40e-06
  1.5220e+04   3.22e-06
  1.5744e+04   3.04e-06
  1.6286e+04   2.94e-06
  1.6847e+04   2.84e-06
  1.7427e+04   2.73e-06
  1.8027e+04   2.68e-06
  1.8648e+04   2.65e-06
  1.9290e+04   2.60e-06
  1.9954e+04   2.58e-06
  2.0641e+04   2.70e-06
  2.1352e+04   2.76e-06
  2.2087e+04   2.77e-06
  2.2848e+04   3.26e-06
  2.3634e+04   3.68e-06
  2.4448e+04   3.94e-06
  2.5290e+04   4.08e-06
