#  E [MeV]   Flux [# cm^{-2} s^{-1}  MeV^{-1}]
  3.0000e+04   1.31e-22
  3.0782e+04   1.27e-22
  3.1585e+04   1.23e-22
  3.2409e+04   1.19e-22
  3.3255e+04   1.15e-22
  3.4122e+04   1.11e-22
  3.5012e+04   1.07e-22
  3.5925e+04   1.04e-22
  3.6862e+04   1.00e-22
  3.7824e+04   9.66e-23
  3.8810e+04   9.33e-23
  3.9822e+04   9.00e-23
  4.0861e+04   8.68e-23
  4.1927e+04   8.37e-23
  4.3021e+04   8.07e-23
  4.4143e+04   7.78e-23
  4.5294e+04   7.50e-23
  4.6475e+04   7.22e-23
  4.7688e+04   6.96e-23
  4.8931e+04   6.70e-23
  5.0208e+04   6.45e-23
  5.1517e+04   6.20e-23
  5.2861e+04   5.97e-23
  5.4240e+04   5.74e-23
  5.5654e+04   5.52e-23
  5.7106e+04   5.31e-23
  5.8596e+04   5.10e-23
  6.0124e+04   4.90e-23
  6.1692e+04   4.70e-23
  6.3301e+04   4.52e-23
  6.4952e+04   4.33e-23
  6.6647e+04   4.16e-23
  6.8385e+04   3.99e-23
  7.0169e+04   3.82e-23
  7.1999e+04   3.67e-23
  7.3877e+04   3.51e-23
  7.5804e+04   3.37e-23
  7.7781e+04   3.22e-23
  7.9810e+04   3.09e-23
  8.1891e+04   2.96e-23
  8.4027e+04   2.83e-23
  8.6219e+04   2.71e-23
  8.8468e+04   2.59e-23
  9.0775e+04   2.48e-23
  9.3143e+04   2.37e-23
  9.5572e+04   2.27e-23
  9.8065e+04   2.17e-23
  1.0062e+05   2.07e-23
  1.0325e+05   1.98e-23
  1.0594e+05   1.89e-23
  1.0870e+05   1.81e-23
  1.1154e+05   1.72e-23
  1.1445e+05   1.64e-23
  1.1743e+05   1.57e-23
  1.2050e+05   1.50e-23
  1.2364e+05   1.43e-23
  1.2686e+05   1.36e-23
  1.3017e+05   1.29e-23
  1.3357e+05   1.23e-23
  1.3705e+05   1.17e-23
  1.4063e+05   1.11e-23
  1.4429e+05   1.06e-23
  1.4806e+05   1.01e-23
  1.5192e+05   9.57e-24
  1.5588e+05   9.09e-24
  1.5995e+05   8.63e-24
  1.6412e+05   8.20e-24
  1.6840e+05   7.78e-24
  1.7279e+05   7.37e-24
  1.7730e+05   6.99e-24
  1.8193e+05   6.63e-24
  1.8667e+05   6.28e-24
  1.9154e+05   5.95e-24
  1.9654e+05   5.62e-24
  2.0166e+05   5.32e-24
  2.0692e+05   5.04e-24
  2.1232e+05   4.76e-24
  2.1786e+05   4.50e-24
  2.2354e+05   4.25e-24
  2.2937e+05   4.02e-24
  2.3535e+05   3.79e-24
  2.4149e+05   3.58e-24
  2.4779e+05   3.37e-24
  2.5425e+05   3.18e-24
  2.6088e+05   2.99e-24
  2.6769e+05   2.82e-24
  2.7467e+05   2.65e-24
  2.8184e+05   2.49e-24
  2.8919e+05   2.34e-24
  2.9673e+05   2.20e-24
  3.0447e+05   2.07e-24
  3.1241e+05   1.94e-24
  3.2056e+05   1.82e-24
  3.2892e+05   1.71e-24
  3.3750e+05   1.60e-24
  3.4630e+05   1.49e-24
  3.5533e+05   1.40e-24
  3.6460e+05   1.31e-24
  3.7411e+05   1.23e-24
  3.8387e+05   1.14e-24
  3.9388e+05   1.07e-24
  4.0416e+05   9.97e-25
  4.1470e+05   9.32e-25
  4.2551e+05   8.69e-25
  4.3661e+05   8.08e-25
  4.4800e+05   7.53e-25
  4.5969e+05   7.02e-25
  4.7168e+05   6.53e-25
  4.8398e+05   6.07e-25
  4.9660e+05   5.62e-25
  5.0956e+05   5.23e-25
  5.2285e+05   4.86e-25
  5.3648e+05   4.51e-25
  5.5048e+05   4.17e-25
  5.6483e+05   3.86e-25
  5.7957e+05   3.58e-25
  5.9468e+05   3.32e-25
  6.1020e+05   3.06e-25
  6.2611e+05   2.82e-25
  6.4244e+05   2.61e-25
  6.5920e+05   2.42e-25
  6.7639e+05   2.23e-25
  6.9403e+05   2.05e-25
  7.1214e+05   1.89e-25
  7.3071e+05   1.74e-25
  7.4977e+05   1.61e-25
  7.6933e+05   1.47e-25
  7.8939e+05   1.35e-25
  8.0998e+05   1.25e-25
  8.3111e+05   1.15e-25
  8.5279e+05   1.05e-25
  8.7503e+05   9.62e-26
  8.9785e+05   8.83e-26
  9.2127e+05   8.12e-26
  9.4530e+05   7.45e-26
  9.6996e+05   6.80e-26
  9.9526e+05   6.20e-26
  1.0212e+06   5.70e-26
  1.0479e+06   5.22e-26
  1.0752e+06   4.76e-26
  1.1032e+06   4.32e-26
  1.1320e+06   3.96e-26
  1.1615e+06   3.62e-26
  1.1918e+06   3.31e-26
  1.2229e+06   3.00e-26
  1.2548e+06   2.73e-26
  1.2875e+06   2.50e-26
  1.3211e+06   2.28e-26
  1.3556e+06   2.07e-26
  1.3909e+06   1.88e-26
  1.4272e+06   1.71e-26
  1.4644e+06   1.56e-26
  1.5026e+06   1.42e-26
  1.5418e+06   1.29e-26
  1.5820e+06   1.17e-26
  1.6233e+06   1.07e-26
  1.6657e+06   9.70e-27
  1.7091e+06   8.79e-27
  1.7537e+06   7.92e-27
  1.7994e+06   7.22e-27
  1.8464e+06   6.59e-27
  1.8945e+06   5.99e-27
  1.9439e+06   5.41e-27
  1.9946e+06   4.89e-27
  2.0467e+06   4.47e-27
  2.1000e+06   4.07e-27
  2.1548e+06   3.69e-27
  2.2110e+06   3.32e-27
  2.2687e+06   3.03e-27
  2.3279e+06   2.76e-27
  2.3886e+06   2.50e-27
  2.4509e+06   2.25e-27
  2.5148e+06   2.04e-27
  2.5804e+06   1.86e-27
  2.6477e+06   1.70e-27
  2.7168e+06   1.54e-27
  2.7876e+06   1.39e-27
  2.8603e+06   1.27e-27
  2.9349e+06   1.17e-27
  3.0115e+06   1.07e-27
  3.0900e+06   9.71e-28
  3.1706e+06   8.92e-28
  3.2533e+06   8.31e-28
  3.3382e+06   7.72e-28
  3.4253e+06   7.16e-28
  3.5146e+06   6.63e-28
  3.6063e+06   6.26e-28
  3.7003e+06   5.91e-28
  3.7969e+06   5.58e-28
  3.8959e+06   5.26e-28
  3.9975e+06   5.00e-28
  4.1018e+06   4.80e-28
  4.2088e+06   4.60e-28
  4.3185e+06   4.41e-28
  4.4312e+06   4.23e-28
  4.5467e+06   4.11e-28
  4.6653e+06   3.99e-28
  4.7870e+06   3.88e-28
  4.9119e+06   3.76e-28
  5.0400e+06   3.66e-28
