#  E [MeV]   Flux [# cm^{-2} s^{-1}  MeV^{-1}]
  3.0000e+04   1.49e-25
  3.1141e+04   1.43e-25
  3.2326e+04   1.37e-25
  3.3556e+04   1.32e-25
  3.4832e+04   1.27e-25
  3.6157e+04   1.22e-25
  3.7533e+04   1.17e-25
  3.8961e+04   1.12e-25
  4.0443e+04   1.08e-25
  4.1982e+04   1.04e-25
  4.3579e+04   9.95e-26
  4.5237e+04   9.56e-26
  4.6958e+04   9.17e-26
  4.8744e+04   8.80e-26
  5.0598e+04   8.45e-26
  5.2523e+04   8.11e-26
  5.4521e+04   7.78e-26
  5.6596e+04   7.46e-26
  5.8749e+04   7.16e-26
  6.0984e+04   6.87e-26
  6.3304e+04   6.59e-26
  6.5712e+04   6.31e-26
  6.8212e+04   6.05e-26
  7.0807e+04   5.80e-26
  7.3500e+04   5.56e-26
  7.6297e+04   5.33e-26
  7.9199e+04   5.10e-26
  8.2212e+04   4.89e-26
  8.5340e+04   4.68e-26
  8.8586e+04   4.48e-26
  9.1956e+04   4.28e-26
  9.5455e+04   4.10e-26
  9.9086e+04   3.92e-26
  1.0286e+05   3.75e-26
  1.0677e+05   3.58e-26
  1.1083e+05   3.42e-26
  1.1505e+05   3.27e-26
  1.1942e+05   3.12e-26
  1.2397e+05   2.98e-26
  1.2868e+05   2.84e-26
  1.3358e+05   2.71e-26
  1.3866e+05   2.58e-26
  1.4394e+05   2.46e-26
  1.4941e+05   2.34e-26
  1.5509e+05   2.23e-26
  1.6100e+05   2.12e-26
  1.6712e+05   2.01e-26
  1.7348e+05   1.91e-26
  1.8008e+05   1.81e-26
  1.8693e+05   1.72e-26
  1.9404e+05   1.63e-26
  2.0142e+05   1.54e-26
  2.0908e+05   1.46e-26
  2.1704e+05   1.38e-26
  2.2529e+05   1.30e-26
  2.3387e+05   1.23e-26
  2.4276e+05   1.16e-26
  2.5200e+05   1.09e-26
  2.6158e+05   1.03e-26
  2.7154e+05   9.66e-27
  2.8187e+05   9.07e-27
  2.9259e+05   8.50e-27
  3.0372e+05   7.96e-27
  3.1527e+05   7.45e-27
  3.2727e+05   6.96e-27
  3.3972e+05   6.49e-27
  3.5264e+05   6.05e-27
  3.6606e+05   5.63e-27
  3.7998e+05   5.23e-27
  3.9444e+05   4.85e-27
  4.0945e+05   4.50e-27
  4.2502e+05   4.16e-27
  4.4119e+05   3.85e-27
  4.5798e+05   3.55e-27
  4.7540e+05   3.27e-27
  4.9348e+05   3.01e-27
  5.1226e+05   2.77e-27
  5.3175e+05   2.55e-27
  5.5198e+05   2.34e-27
  5.7297e+05   2.14e-27
  5.9477e+05   1.96e-27
  6.1740e+05   1.79e-27
  6.4089e+05   1.64e-27
  6.6527e+05   1.50e-27
  6.9058e+05   1.37e-27
  7.1685e+05   1.24e-27
  7.4412e+05   1.13e-27
  7.7243e+05   1.03e-27
  8.0181e+05   9.41e-28
  8.3232e+05   8.56e-28
  8.6398e+05   7.79e-28
  8.9685e+05   7.09e-28
  9.3097e+05   6.44e-28
  9.6638e+05   5.86e-28
  1.0031e+06   5.33e-28
  1.0413e+06   4.85e-28
  1.0809e+06   4.41e-28
  1.1220e+06   4.01e-28
  1.1647e+06   3.64e-28
  1.2090e+06   3.31e-28
  1.2550e+06   3.01e-28
  1.3028e+06   2.74e-28
  1.3523e+06   2.49e-28
  1.4038e+06   2.27e-28
  1.4572e+06   2.06e-28
  1.5126e+06   1.87e-28
  1.5702e+06   1.70e-28
  1.6299e+06   1.55e-28
  1.6919e+06   1.41e-28
  1.7563e+06   1.28e-28
  1.8231e+06   1.16e-28
  1.8925e+06   1.06e-28
  1.9645e+06   9.63e-29
  2.0392e+06   8.74e-29
  2.1168e+06   7.94e-29
  2.1973e+06   7.20e-29
  2.2809e+06   6.52e-29
  2.3677e+06   5.91e-29
  2.4577e+06   5.35e-29
  2.5512e+06   4.83e-29
  2.6483e+06   4.36e-29
  2.7490e+06   3.94e-29
  2.8536e+06   3.54e-29
  2.9622e+06   3.19e-29
  3.0749e+06   2.86e-29
  3.1918e+06   2.56e-29
  3.3133e+06   2.29e-29
  3.4393e+06   2.05e-29
  3.5702e+06   1.83e-29
  3.7060e+06   1.62e-29
  3.8470e+06   1.44e-29
  3.9933e+06   1.27e-29
  4.1452e+06   1.12e-29
  4.3029e+06   9.91e-30
  4.4666e+06   8.68e-30
  4.6366e+06   7.58e-30
  4.8129e+06   6.62e-30
  4.9960e+06   5.74e-30
  5.1861e+06   4.94e-30
  5.3834e+06   4.27e-30
  5.5882e+06   3.66e-30
  5.8008e+06   3.11e-30
  6.0215e+06   2.65e-30
  6.2506e+06   2.23e-30
  6.4883e+06   1.86e-30
  6.7352e+06   1.56e-30
  6.9914e+06   1.29e-30
  7.2574e+06   1.06e-30
  7.5335e+06   8.68e-31
  7.8201e+06   7.03e-31
  8.1176e+06   5.61e-31
  8.4264e+06   4.47e-31
  8.7470e+06   3.52e-31
  9.0797e+06   2.73e-31
  9.4251e+06   2.10e-31
  9.7837e+06   1.59e-31
  1.0156e+07   1.18e-31
  1.0542e+07   8.71e-32
  1.0943e+07   6.30e-32
  1.1360e+07   4.44e-32
  1.1792e+07   3.08e-32
  1.2240e+07   2.10e-32
  1.2706e+07   1.38e-32
  1.3189e+07   8.84e-33
  1.3691e+07   5.52e-33
  1.4212e+07   3.31e-33
  1.4753e+07   1.91e-33
  1.5314e+07   1.06e-33
  1.5897e+07   5.57e-34
  1.6501e+07   2.77e-34
  1.7129e+07   1.31e-34
  1.7781e+07   5.73e-35
  1.8457e+07   2.31e-35
  1.9159e+07   8.62e-36
  1.9888e+07   2.88e-36
  2.0645e+07   8.54e-37
  2.1430e+07   2.25e-37
  2.2245e+07   5.05e-38
  2.3092e+07   9.43e-39
  2.3970e+07   1.47e-39
  2.4882e+07   1.80e-40
  2.5829e+07   1.65e-41
  2.6811e+07   1.14e-42
  2.7831e+07   5.32e-44
  2.8890e+07   1.59e-45
  2.9989e+07   2.88e-47
  3.1130e+07   2.80e-49
  3.2314e+07   1.29e-51
  3.3544e+07   2.48e-54
  3.4820e+07   1.63e-57
  3.6144e+07   2.90e-61
  3.7519e+07   1.08e-65
  3.8947e+07   5.71e-71
  4.0428e+07   3.04e-72
  4.1966e+07   2.79e-72
  4.3563e+07   2.58e-72
  4.5220e+07   2.38e-72
  4.6941e+07   2.22e-72
  4.8726e+07   2.07e-72
  5.0580e+07   1.94e-72
