#  E [GeV]   # per interaction  [GeV^{-1}]
  3.0000e+01   4.67e-01
  3.0782e+01   4.52e-01
  3.1585e+01   4.37e-01
  3.2409e+01   4.22e-01
  3.3255e+01   4.08e-01
  3.4122e+01   3.94e-01
  3.5012e+01   3.81e-01
  3.5925e+01   3.68e-01
  3.6862e+01   3.55e-01
  3.7824e+01   3.43e-01
  3.8810e+01   3.31e-01
  3.9822e+01   3.19e-01
  4.0861e+01   3.08e-01
  4.1927e+01   2.97e-01
  4.3021e+01   2.86e-01
  4.4143e+01   2.76e-01
  4.5294e+01   2.66e-01
  4.6475e+01   2.56e-01
  4.7688e+01   2.47e-01
  4.8931e+01   2.38e-01
  5.0208e+01   2.29e-01
  5.1517e+01   2.20e-01
  5.2861e+01   2.12e-01
  5.4240e+01   2.04e-01
  5.5654e+01   1.96e-01
  5.7106e+01   1.88e-01
  5.8596e+01   1.81e-01
  6.0124e+01   1.74e-01
  6.1692e+01   1.67e-01
  6.3301e+01   1.60e-01
  6.4952e+01   1.54e-01
  6.6647e+01   1.47e-01
  6.8385e+01   1.41e-01
  7.0169e+01   1.36e-01
  7.1999e+01   1.30e-01
  7.3877e+01   1.25e-01
  7.5804e+01   1.19e-01
  7.7781e+01   1.14e-01
  7.9810e+01   1.09e-01
  8.1891e+01   1.05e-01
  8.4027e+01   1.00e-01
  8.6219e+01   9.60e-02
  8.8468e+01   9.19e-02
  9.0775e+01   8.79e-02
  9.3143e+01   8.41e-02
  9.5572e+01   8.04e-02
  9.8065e+01   7.68e-02
  1.0062e+02   7.34e-02
  1.0325e+02   7.01e-02
  1.0594e+02   6.70e-02
  1.0870e+02   6.39e-02
  1.1154e+02   6.10e-02
  1.1445e+02   5.82e-02
  1.1743e+02   5.55e-02
  1.2050e+02   5.29e-02
  1.2364e+02   5.04e-02
  1.2686e+02   4.81e-02
  1.3017e+02   4.58e-02
  1.3357e+02   4.36e-02
  1.3705e+02   4.14e-02
  1.4063e+02   3.94e-02
  1.4429e+02   3.75e-02
  1.4806e+02   3.56e-02
  1.5192e+02   3.38e-02
  1.5588e+02   3.21e-02
  1.5995e+02   3.05e-02
  1.6412e+02   2.90e-02
  1.6840e+02   2.75e-02
  1.7279e+02   2.61e-02
  1.7730e+02   2.47e-02
  1.8193e+02   2.34e-02
  1.8667e+02   2.22e-02
  1.9154e+02   2.10e-02
  1.9654e+02   1.99e-02
  2.0166e+02   1.88e-02
  2.0692e+02   1.78e-02
  2.1232e+02   1.68e-02
  2.1786e+02   1.59e-02
  2.2354e+02   1.50e-02
  2.2937e+02   1.42e-02
  2.3535e+02   1.34e-02
  2.4149e+02   1.26e-02
  2.4779e+02   1.19e-02
  2.5425e+02   1.12e-02
  2.6088e+02   1.05e-02
  2.6769e+02   9.91e-03
  2.7467e+02   9.31e-03
  2.8184e+02   8.75e-03
  2.8919e+02   8.23e-03
  2.9673e+02   7.73e-03
  3.0447e+02   7.25e-03
  3.1241e+02   6.79e-03
  3.2056e+02   6.38e-03
  3.2892e+02   5.98e-03
  3.3750e+02   5.60e-03
  3.4630e+02   5.24e-03
  3.5533e+02   4.90e-03
  3.6460e+02   4.59e-03
  3.7411e+02   4.29e-03
  3.8387e+02   4.00e-03
  3.9388e+02   3.73e-03
  4.0416e+02   3.49e-03
  4.1470e+02   3.25e-03
  4.2551e+02   3.03e-03
  4.3661e+02   2.82e-03
  4.4800e+02   2.62e-03
  4.5969e+02   2.45e-03
  4.7168e+02   2.27e-03
  4.8398e+02   2.11e-03
  4.9660e+02   1.96e-03
  5.0956e+02   1.82e-03
  5.2285e+02   1.69e-03
  5.3648e+02   1.56e-03
  5.5048e+02   1.44e-03
  5.6483e+02   1.34e-03
  5.7957e+02   1.24e-03
  5.9468e+02   1.15e-03
  6.1020e+02   1.06e-03
  6.2611e+02   9.75e-04
  6.4244e+02   9.02e-04
  6.5920e+02   8.33e-04
  6.7639e+02   7.68e-04
  6.9403e+02   7.05e-04
  7.1214e+02   6.50e-04
  7.3071e+02   6.00e-04
  7.4977e+02   5.52e-04
  7.6933e+02   5.06e-04
  7.8939e+02   4.64e-04
  8.0998e+02   4.28e-04
  8.3111e+02   3.93e-04
  8.5279e+02   3.60e-04
  8.7503e+02   3.29e-04
  8.9785e+02   3.02e-04
  9.2127e+02   2.78e-04
  9.4530e+02   2.54e-04
  9.6996e+02   2.32e-04
  9.9526e+02   2.11e-04
  1.0212e+03   1.94e-04
  1.0479e+03   1.78e-04
  1.0752e+03   1.62e-04
  1.1032e+03   1.47e-04
  1.1320e+03   1.34e-04
  1.1615e+03   1.23e-04
  1.1918e+03   1.12e-04
  1.2229e+03   1.02e-04
  1.2548e+03   9.24e-05
  1.2875e+03   8.46e-05
  1.3211e+03   7.72e-05
  1.3556e+03   7.00e-05
  1.3909e+03   6.33e-05
  1.4272e+03   5.78e-05
  1.4644e+03   5.28e-05
  1.5026e+03   4.79e-05
  1.5418e+03   4.33e-05
  1.5820e+03   3.93e-05
  1.6233e+03   3.59e-05
  1.6657e+03   3.26e-05
  1.7091e+03   2.95e-05
  1.7537e+03   2.66e-05
  1.7994e+03   2.43e-05
  1.8464e+03   2.22e-05
  1.8945e+03   2.01e-05
  1.9439e+03   1.81e-05
  1.9946e+03   1.64e-05
  2.0467e+03   1.50e-05
  2.1000e+03   1.36e-05
  2.1548e+03   1.23e-05
  2.2110e+03   1.11e-05
  2.2687e+03   1.01e-05
  2.3279e+03   9.23e-06
  2.3886e+03   8.35e-06
  2.4509e+03   7.52e-06
  2.5148e+03   6.82e-06
  2.5804e+03   6.23e-06
  2.6477e+03   5.67e-06
  2.7168e+03   5.13e-06
  2.7876e+03   4.63e-06
  2.8603e+03   4.26e-06
  2.9349e+03   3.90e-06
  3.0115e+03   3.56e-06
  3.0900e+03   3.24e-06
  3.1706e+03   2.99e-06
  3.2533e+03   2.78e-06
  3.3382e+03   2.58e-06
  3.4253e+03   2.39e-06
  3.5146e+03   2.22e-06
  3.6063e+03   2.10e-06
  3.7003e+03   1.98e-06
  3.7969e+03   1.87e-06
  3.8959e+03   1.76e-06
  3.9975e+03   1.67e-06
  4.1018e+03   1.61e-06
  4.2088e+03   1.54e-06
  4.3185e+03   1.48e-06
  4.4312e+03   1.42e-06
  4.5467e+03   1.38e-06
  4.6653e+03   1.34e-06
  4.7870e+03   1.30e-06
  4.9119e+03   1.26e-06
  5.0400e+03   1.22e-06
