#  E [MeV]   Flux [# cm^{-2} s^{-1}  MeV^{-1}]
  3.0000e+04   1.01e-19
  3.0765e+04   9.72e-20
  3.1549e+04   9.36e-20
  3.2354e+04   9.01e-20
  3.3179e+04   8.67e-20
  3.4025e+04   8.34e-20
  3.4892e+04   8.02e-20
  3.5782e+04   7.72e-20
  3.6695e+04   7.42e-20
  3.7630e+04   7.13e-20
  3.8590e+04   6.85e-20
  3.9574e+04   6.59e-20
  4.0583e+04   6.33e-20
  4.1618e+04   6.08e-20
  4.2679e+04   5.83e-20
  4.3767e+04   5.60e-20
  4.4883e+04   5.38e-20
  4.6028e+04   5.16e-20
  4.7201e+04   4.95e-20
  4.8405e+04   4.75e-20
  4.9639e+04   4.56e-20
  5.0905e+04   4.37e-20
  5.2203e+04   4.19e-20
  5.3534e+04   4.01e-20
  5.4899e+04   3.85e-20
  5.6299e+04   3.68e-20
  5.7734e+04   3.53e-20
  5.9207e+04   3.38e-20
  6.0716e+04   3.24e-20
  6.2264e+04   3.10e-20
  6.3852e+04   2.96e-20
  6.5480e+04   2.84e-20
  6.7150e+04   2.71e-20
  6.8862e+04   2.59e-20
  7.0618e+04   2.48e-20
  7.2419e+04   2.37e-20
  7.4265e+04   2.26e-20
  7.6159e+04   2.16e-20
  7.8101e+04   2.07e-20
  8.0092e+04   1.97e-20
  8.2135e+04   1.88e-20
  8.4229e+04   1.80e-20
  8.6377e+04   1.71e-20
  8.8579e+04   1.63e-20
  9.0838e+04   1.56e-20
  9.3154e+04   1.48e-20
  9.5529e+04   1.41e-20
  9.7965e+04   1.35e-20
  1.0046e+05   1.28e-20
  1.0303e+05   1.22e-20
  1.0565e+05   1.16e-20
  1.0835e+05   1.10e-20
  1.1111e+05   1.05e-20
  1.1394e+05   9.94e-21
  1.1685e+05   9.44e-21
  1.1983e+05   8.96e-21
  1.2288e+05   8.50e-21
  1.2602e+05   8.06e-21
  1.2923e+05   7.63e-21
  1.3252e+05   7.23e-21
  1.3590e+05   6.85e-21
  1.3937e+05   6.49e-21
  1.4292e+05   6.13e-21
  1.4657e+05   5.80e-21
  1.5030e+05   5.48e-21
  1.5414e+05   5.18e-21
  1.5807e+05   4.89e-21
  1.6210e+05   4.61e-21
  1.6623e+05   4.35e-21
  1.7047e+05   4.10e-21
  1.7482e+05   3.87e-21
  1.7927e+05   3.64e-21
  1.8384e+05   3.42e-21
  1.8853e+05   3.22e-21
  1.9334e+05   3.03e-21
  1.9827e+05   2.84e-21
  2.0333e+05   2.67e-21
  2.0851e+05   2.50e-21
  2.1383e+05   2.35e-21
  2.1928e+05   2.20e-21
  2.2487e+05   2.05e-21
  2.3060e+05   1.92e-21
  2.3648e+05   1.79e-21
  2.4251e+05   1.67e-21
  2.4870e+05   1.56e-21
  2.5504e+05   1.45e-21
  2.6154e+05   1.35e-21
  2.6821e+05   1.26e-21
  2.7505e+05   1.17e-21
  2.8206e+05   1.09e-21
  2.8926e+05   1.01e-21
  2.9663e+05   9.37e-22
  3.0420e+05   8.69e-22
  3.1195e+05   8.04e-22
  3.1991e+05   7.43e-22
  3.2806e+05   6.86e-22
  3.3643e+05   6.35e-22
  3.4501e+05   5.86e-22
  3.5381e+05   5.39e-22
  3.6283e+05   4.95e-22
  3.7208e+05   4.56e-22
  3.8157e+05   4.20e-22
  3.9130e+05   3.86e-22
  4.0127e+05   3.53e-22
  4.1150e+05   3.23e-22
  4.2200e+05   2.96e-22
  4.3276e+05   2.71e-22
  4.4379e+05   2.47e-22
  4.5511e+05   2.25e-22
  4.6671e+05   2.05e-22
  4.7861e+05   1.87e-22
  4.9082e+05   1.71e-22
  5.0333e+05   1.55e-22
  5.1617e+05   1.40e-22
  5.2933e+05   1.28e-22
  5.4283e+05   1.16e-22
  5.5667e+05   1.05e-22
  5.7086e+05   9.46e-23
  5.8542e+05   8.55e-23
  6.0035e+05   7.75e-23
  6.1565e+05   7.00e-23
  6.3135e+05   6.31e-23
  6.4745e+05   5.65e-23
  6.6396e+05   5.12e-23
  6.8089e+05   4.62e-23
  6.9825e+05   4.15e-23
  7.1606e+05   3.72e-23
  7.3432e+05   3.33e-23
  7.5304e+05   3.01e-23
  7.7224e+05   2.70e-23
  7.9193e+05   2.42e-23
  8.1213e+05   2.15e-23
  8.3283e+05   1.94e-23
  8.5407e+05   1.74e-23
  8.7585e+05   1.56e-23
  8.9818e+05   1.39e-23
  9.2108e+05   1.23e-23
  9.4457e+05   1.11e-23
  9.6866e+05   9.93e-24
  9.9336e+05   8.85e-24
  1.0187e+06   7.85e-24
  1.0447e+06   7.03e-24
  1.0713e+06   6.30e-24
  1.0986e+06   5.63e-24
  1.1266e+06   5.01e-24
  1.1554e+06   4.44e-24
  1.1848e+06   3.99e-24
  1.2150e+06   3.58e-24
  1.2460e+06   3.19e-24
  1.2778e+06   2.83e-24
  1.3104e+06   2.53e-24
  1.3438e+06   2.28e-24
  1.3780e+06   2.04e-24
  1.4132e+06   1.82e-24
  1.4492e+06   1.61e-24
  1.4862e+06   1.45e-24
  1.5241e+06   1.31e-24
  1.5629e+06   1.17e-24
  1.6028e+06   1.05e-24
  1.6436e+06   9.37e-25
  1.6856e+06   8.50e-25
  1.7285e+06   7.68e-25
  1.7726e+06   6.91e-25
  1.8178e+06   6.19e-25
  1.8642e+06   5.63e-25
  1.9117e+06   5.12e-25
  1.9604e+06   4.65e-25
  2.0104e+06   4.20e-25
  2.0617e+06   3.80e-25
  2.1143e+06   3.49e-25
  2.1682e+06   3.19e-25
  2.2235e+06   2.91e-25
  2.2802e+06   2.65e-25
  2.3383e+06   2.43e-25
  2.3979e+06   2.24e-25
  2.4591e+06   2.06e-25
  2.5218e+06   1.89e-25
  2.5861e+06   1.73e-25
  2.6520e+06   1.60e-25
  2.7196e+06   1.48e-25
  2.7890e+06   1.36e-25
  2.8601e+06   1.26e-25
  2.9330e+06   1.16e-25
  3.0078e+06   1.08e-25
  3.0845e+06   9.97e-26
  3.1632e+06   9.21e-26
  3.2438e+06   8.49e-26
  3.3265e+06   7.85e-26
  3.4113e+06   7.23e-26
  3.4983e+06   6.66e-26
  3.5875e+06   6.11e-26
  3.6790e+06   5.59e-26
  3.7728e+06   5.12e-26
  3.8690e+06   4.67e-26
  3.9677e+06   4.25e-26
  4.0689e+06   3.85e-26
  4.1726e+06   3.54e-26
  4.2790e+06   3.27e-26
  4.3881e+06   3.01e-26
  4.5000e+06   2.76e-26
