#  E [GeV]   # per interaction  [GeV^{-1}]
  3.0000e+01   2.68e-02
  3.1123e+01   2.58e-02
  3.2288e+01   2.48e-02
  3.3497e+01   2.39e-02
  3.4751e+01   2.30e-02
  3.6051e+01   2.21e-02
  3.7401e+01   2.13e-02
  3.8801e+01   2.05e-02
  4.0253e+01   1.97e-02
  4.1760e+01   1.89e-02
  4.3324e+01   1.82e-02
  4.4945e+01   1.74e-02
  4.6628e+01   1.68e-02
  4.8373e+01   1.61e-02
  5.0184e+01   1.54e-02
  5.2063e+01   1.48e-02
  5.4011e+01   1.42e-02
  5.6033e+01   1.37e-02
  5.8131e+01   1.31e-02
  6.0307e+01   1.26e-02
  6.2564e+01   1.21e-02
  6.4906e+01   1.16e-02
  6.7336e+01   1.11e-02
  6.9857e+01   1.06e-02
  7.2472e+01   1.02e-02
  7.5184e+01   9.76e-03
  7.7999e+01   9.35e-03
  8.0919e+01   8.95e-03
  8.3948e+01   8.57e-03
  8.7090e+01   8.21e-03
  9.0350e+01   7.86e-03
  9.3732e+01   7.52e-03
  9.7241e+01   7.20e-03
  1.0088e+02   6.89e-03
  1.0466e+02   6.59e-03
  1.0858e+02   6.30e-03
  1.1264e+02   6.02e-03
  1.1686e+02   5.76e-03
  1.2123e+02   5.51e-03
  1.2577e+02   5.26e-03
  1.3048e+02   5.03e-03
  1.3536e+02   4.80e-03
  1.4043e+02   4.59e-03
  1.4568e+02   4.38e-03
  1.5114e+02   4.19e-03
  1.5680e+02   4.00e-03
  1.6266e+02   3.82e-03
  1.6875e+02   3.64e-03
  1.7507e+02   3.48e-03
  1.8162e+02   3.32e-03
  1.8842e+02   3.17e-03
  1.9548e+02   3.02e-03
  2.0279e+02   2.88e-03
  2.1039e+02   2.75e-03
  2.1826e+02   2.62e-03
  2.2643e+02   2.50e-03
  2.3491e+02   2.39e-03
  2.4370e+02   2.28e-03
  2.5282e+02   2.17e-03
  2.6229e+02   2.07e-03
  2.7211e+02   1.97e-03
  2.8229e+02   1.88e-03
  2.9286e+02   1.79e-03
  3.0382e+02   1.71e-03
  3.1519e+02   1.63e-03
  3.2699e+02   1.56e-03
  3.3923e+02   1.48e-03
  3.5193e+02   1.41e-03
  3.6511e+02   1.35e-03
  3.7877e+02   1.29e-03
  3.9295e+02   1.23e-03
  4.0766e+02   1.17e-03
  4.2292e+02   1.12e-03
  4.3875e+02   1.06e-03
  4.5518e+02   1.02e-03
  4.7222e+02   9.69e-04
  4.8989e+02   9.25e-04
  5.0823e+02   8.83e-04
  5.2726e+02   8.42e-04
  5.4699e+02   8.04e-04
  5.6747e+02   7.68e-04
  5.8871e+02   7.34e-04
  6.1075e+02   7.01e-04
  6.3361e+02   6.71e-04
  6.5733e+02   6.41e-04
  6.8194e+02   6.13e-04
  7.0746e+02   5.87e-04
  7.3395e+02   5.62e-04
  7.6142e+02   5.38e-04
  7.8992e+02   5.16e-04
  8.1949e+02   4.94e-04
  8.5017e+02   4.74e-04
  8.8199e+02   4.55e-04
  9.1501e+02   4.36e-04
  9.4926e+02   4.19e-04
  9.8479e+02   4.03e-04
  1.0217e+03   3.87e-04
  1.0599e+03   3.72e-04
  1.0996e+03   3.58e-04
  1.1407e+03   3.45e-04
  1.1834e+03   3.32e-04
  1.2277e+03   3.20e-04
  1.2737e+03   3.08e-04
  1.3214e+03   2.97e-04
  1.3708e+03   2.87e-04
  1.4222e+03   2.77e-04
  1.4754e+03   2.67e-04
  1.5306e+03   2.58e-04
  1.5879e+03   2.49e-04
  1.6474e+03   2.41e-04
  1.7090e+03   2.33e-04
  1.7730e+03   2.25e-04
  1.8394e+03   2.18e-04
  1.9082e+03   2.11e-04
  1.9797e+03   2.04e-04
  2.0538e+03   1.98e-04
  2.1306e+03   1.91e-04
  2.2104e+03   1.85e-04
  2.2931e+03   1.79e-04
  2.3790e+03   1.74e-04
  2.4680e+03   1.68e-04
  2.5604e+03   1.63e-04
  2.6563e+03   1.57e-04
  2.7557e+03   1.52e-04
  2.8589e+03   1.47e-04
  2.9659e+03   1.42e-04
  3.0769e+03   1.37e-04
  3.1921e+03   1.33e-04
  3.3116e+03   1.28e-04
  3.4355e+03   1.23e-04
  3.5641e+03   1.19e-04
  3.6976e+03   1.15e-04
  3.8360e+03   1.10e-04
  3.9796e+03   1.06e-04
  4.1285e+03   1.02e-04
  4.2831e+03   9.78e-05
  4.4434e+03   9.37e-05
  4.6097e+03   8.97e-05
  4.7823e+03   8.58e-05
  4.9613e+03   8.19e-05
  5.1470e+03   7.81e-05
  5.3397e+03   7.44e-05
  5.5396e+03   7.07e-05
  5.7470e+03   6.71e-05
  5.9621e+03   6.35e-05
  6.1853e+03   6.01e-05
  6.4168e+03   5.66e-05
  6.6570e+03   5.33e-05
  6.9062e+03   5.01e-05
  7.1647e+03   4.69e-05
  7.4329e+03   4.38e-05
  7.7112e+03   4.08e-05
  7.9998e+03   3.79e-05
  8.2993e+03   3.50e-05
  8.6100e+03   3.24e-05
  8.9323e+03   2.97e-05
  9.2666e+03   2.71e-05
  9.6135e+03   2.47e-05
  9.9734e+03   2.24e-05
  1.0347e+04   2.02e-05
  1.0734e+04   1.81e-05
  1.1136e+04   1.61e-05
  1.1553e+04   1.42e-05
  1.1985e+04   1.25e-05
  1.2434e+04   1.09e-05
  1.2899e+04   9.41e-06
  1.3382e+04   8.05e-06
  1.3883e+04   6.82e-06
  1.4403e+04   5.71e-06
  1.4942e+04   4.72e-06
  1.5501e+04   3.85e-06
  1.6081e+04   3.09e-06
  1.6683e+04   2.44e-06
  1.7308e+04   1.89e-06
  1.7956e+04   1.43e-06
  1.8628e+04   1.05e-06
  1.9325e+04   7.55e-07
  2.0049e+04   5.25e-07
  2.0799e+04   3.52e-07
  2.1578e+04   2.26e-07
  2.2386e+04   1.39e-07
  2.3224e+04   8.12e-08
  2.4093e+04   4.43e-08
  2.4995e+04   2.27e-08
  2.5930e+04   1.06e-08
  2.6901e+04   4.52e-09
  2.7908e+04   1.72e-09
  2.8953e+04   5.70e-10
  3.0037e+04   1.60e-10
  3.1161e+04   3.71e-11
  3.2327e+04   6.86e-12
  3.3537e+04   9.53e-13
  3.4793e+04   9.43e-14
  3.6095e+04   6.25e-15
  3.7446e+04   2.46e-16
  3.8848e+04   5.12e-18
  4.0302e+04   4.95e-20
  4.1811e+04   1.75e-22
  4.3376e+04   1.73e-25
  4.5000e+04   3.58e-29
