#  E [GeV]   # per interaction  [GeV^{-1}]
  3.0000e+01   1.14e+00
  3.1123e+01   1.09e+00
  3.2288e+01   1.04e+00
  3.3497e+01   9.96e-01
  3.4751e+01   9.52e-01
  3.6051e+01   9.10e-01
  3.7401e+01   8.70e-01
  3.8801e+01   8.31e-01
  4.0253e+01   7.94e-01
  4.1760e+01   7.59e-01
  4.3324e+01   7.25e-01
  4.4945e+01   6.92e-01
  4.6628e+01   6.61e-01
  4.8373e+01   6.31e-01
  5.0184e+01   6.02e-01
  5.2063e+01   5.75e-01
  5.4011e+01   5.49e-01
  5.6033e+01   5.23e-01
  5.8131e+01   4.99e-01
  6.0307e+01   4.76e-01
  6.2564e+01   4.54e-01
  6.4906e+01   4.33e-01
  6.7336e+01   4.13e-01
  6.9857e+01   3.94e-01
  7.2472e+01   3.75e-01
  7.5184e+01   3.57e-01
  7.7999e+01   3.40e-01
  8.0919e+01   3.24e-01
  8.3948e+01   3.09e-01
  8.7090e+01   2.94e-01
  9.0350e+01   2.80e-01
  9.3732e+01   2.66e-01
  9.7241e+01   2.53e-01
  1.0088e+02   2.41e-01
  1.0466e+02   2.29e-01
  1.0858e+02   2.18e-01
  1.1264e+02   2.07e-01
  1.1686e+02   1.97e-01
  1.2123e+02   1.87e-01
  1.2577e+02   1.78e-01
  1.3048e+02   1.69e-01
  1.3536e+02   1.60e-01
  1.4043e+02   1.52e-01
  1.4568e+02   1.44e-01
  1.5114e+02   1.37e-01
  1.5680e+02   1.30e-01
  1.6266e+02   1.23e-01
  1.6875e+02   1.17e-01
  1.7507e+02   1.11e-01
  1.8162e+02   1.05e-01
  1.8842e+02   9.93e-02
  1.9548e+02   9.40e-02
  2.0279e+02   8.90e-02
  2.1039e+02   8.42e-02
  2.1826e+02   7.96e-02
  2.2643e+02   7.52e-02
  2.3491e+02   7.11e-02
  2.4370e+02   6.71e-02
  2.5282e+02   6.34e-02
  2.6229e+02   5.98e-02
  2.7211e+02   5.64e-02
  2.8229e+02   5.32e-02
  2.9286e+02   5.01e-02
  3.0382e+02   4.71e-02
  3.1519e+02   4.44e-02
  3.2699e+02   4.17e-02
  3.3923e+02   3.92e-02
  3.5193e+02   3.68e-02
  3.6511e+02   3.46e-02
  3.7877e+02   3.24e-02
  3.9295e+02   3.04e-02
  4.0766e+02   2.85e-02
  4.2292e+02   2.67e-02
  4.3875e+02   2.50e-02
  4.5518e+02   2.34e-02
  4.7222e+02   2.19e-02
  4.8989e+02   2.04e-02
  5.0823e+02   1.91e-02
  5.2726e+02   1.78e-02
  5.4699e+02   1.66e-02
  5.6747e+02   1.55e-02
  5.8871e+02   1.44e-02
  6.1075e+02   1.34e-02
  6.3361e+02   1.25e-02
  6.5733e+02   1.16e-02
  6.8194e+02   1.08e-02
  7.0746e+02   1.00e-02
  7.3395e+02   9.33e-03
  7.6142e+02   8.66e-03
  7.8992e+02   8.03e-03
  8.1949e+02   7.45e-03
  8.5017e+02   6.90e-03
  8.8199e+02   6.39e-03
  9.1501e+02   5.92e-03
  9.4926e+02   5.48e-03
  9.8479e+02   5.07e-03
  1.0217e+03   4.69e-03
  1.0599e+03   4.33e-03
  1.0996e+03   4.00e-03
  1.1407e+03   3.69e-03
  1.1834e+03   3.40e-03
  1.2277e+03   3.14e-03
  1.2737e+03   2.89e-03
  1.3214e+03   2.66e-03
  1.3708e+03   2.45e-03
  1.4222e+03   2.25e-03
  1.4754e+03   2.07e-03
  1.5306e+03   1.90e-03
  1.5879e+03   1.75e-03
  1.6474e+03   1.60e-03
  1.7090e+03   1.47e-03
  1.7730e+03   1.35e-03
  1.8394e+03   1.23e-03
  1.9082e+03   1.13e-03
  1.9797e+03   1.03e-03
  2.0538e+03   9.44e-04
  2.1306e+03   8.61e-04
  2.2104e+03   7.85e-04
  2.2931e+03   7.16e-04
  2.3790e+03   6.51e-04
  2.4680e+03   5.91e-04
  2.5604e+03   5.38e-04
  2.6563e+03   4.88e-04
  2.7557e+03   4.41e-04
  2.8589e+03   4.00e-04
  2.9659e+03   3.62e-04
  3.0769e+03   3.26e-04
  3.1921e+03   2.95e-04
  3.3116e+03   2.66e-04
  3.4355e+03   2.39e-04
  3.5641e+03   2.15e-04
  3.6976e+03   1.93e-04
  3.8360e+03   1.73e-04
  3.9796e+03   1.55e-04
  4.1285e+03   1.39e-04
  4.2831e+03   1.23e-04
  4.4434e+03   1.10e-04
  4.6097e+03   9.80e-05
  4.7823e+03   8.68e-05
  4.9613e+03   7.68e-05
  5.1470e+03   6.81e-05
  5.3397e+03   6.00e-05
  5.5396e+03   5.28e-05
  5.7470e+03   4.66e-05
  5.9621e+03   4.09e-05
  6.1853e+03   3.56e-05
  6.4168e+03   3.13e-05
  6.6570e+03   2.73e-05
  6.9062e+03   2.36e-05
  7.1647e+03   2.07e-05
  7.4329e+03   1.79e-05
  7.7112e+03   1.54e-05
  7.9998e+03   1.34e-05
  8.2993e+03   1.15e-05
  8.6100e+03   9.82e-06
  8.9323e+03   8.43e-06
  9.2666e+03   7.21e-06
  9.6135e+03   6.10e-06
  9.9734e+03   5.17e-06
  1.0347e+04   4.39e-06
  1.0734e+04   3.68e-06
  1.1136e+04   3.08e-06
  1.1553e+04   2.59e-06
  1.1985e+04   2.15e-06
  1.2434e+04   1.77e-06
  1.2899e+04   1.47e-06
  1.3382e+04   1.21e-06
  1.3883e+04   9.78e-07
  1.4403e+04   8.00e-07
  1.4942e+04   6.44e-07
  1.5501e+04   5.11e-07
  1.6081e+04   4.09e-07
  1.6683e+04   3.21e-07
  1.7308e+04   2.47e-07
  1.7956e+04   1.92e-07
  1.8628e+04   1.46e-07
  1.9325e+04   1.08e-07
  2.0049e+04   7.96e-08
  2.0799e+04   5.73e-08
  2.1578e+04   4.00e-08
  2.2386e+04   2.73e-08
  2.3224e+04   1.80e-08
  2.4093e+04   1.13e-08
  2.4995e+04   6.80e-09
  2.5930e+04   3.87e-09
  2.6901e+04   2.05e-09
  2.7908e+04   9.99e-10
  2.8953e+04   4.45e-10
  3.0037e+04   1.76e-10
  3.1161e+04   6.06e-11
  3.2327e+04   1.77e-11
  3.3537e+04   4.21e-12
  3.4793e+04   7.78e-13
  3.6095e+04   1.06e-13
  3.7446e+04   9.88e-15
  3.8848e+04   5.77e-16
  4.0302e+04   1.88e-17
  4.1811e+04   2.94e-19
  4.3376e+04   1.82e-21
  4.5000e+04   3.54e-24
