#  E [MeV]   Flux [# cm^{-2} s^{-1}  MeV^{-1}]
  3.0000e+04   1.16e-25
  3.1232e+04   1.10e-25
  3.2514e+04   1.05e-25
  3.3849e+04   1.00e-25
  3.5238e+04   9.55e-26
  3.6685e+04   9.10e-26
  3.8191e+04   8.67e-26
  3.9759e+04   8.25e-26
  4.1391e+04   7.86e-26
  4.3090e+04   7.48e-26
  4.4859e+04   7.12e-26
  4.6701e+04   6.77e-26
  4.8618e+04   6.44e-26
  5.0614e+04   6.13e-26
  5.2692e+04   5.83e-26
  5.4855e+04   5.54e-26
  5.7107e+04   5.27e-26
  5.9451e+04   5.01e-26
  6.1892e+04   4.76e-26
  6.4433e+04   4.52e-26
  6.7078e+04   4.29e-26
  6.9832e+04   4.08e-26
  7.2699e+04   3.87e-26
  7.5683e+04   3.68e-26
  7.8790e+04   3.49e-26
  8.2025e+04   3.31e-26
  8.5392e+04   3.14e-26
  8.8898e+04   2.98e-26
  9.2547e+04   2.83e-26
  9.6347e+04   2.68e-26
  1.0030e+05   2.54e-26
  1.0442e+05   2.41e-26
  1.0871e+05   2.28e-26
  1.1317e+05   2.16e-26
  1.1782e+05   2.05e-26
  1.2265e+05   1.94e-26
  1.2769e+05   1.84e-26
  1.3293e+05   1.74e-26
  1.3839e+05   1.64e-26
  1.4407e+05   1.56e-26
  1.4998e+05   1.47e-26
  1.5614e+05   1.39e-26
  1.6255e+05   1.31e-26
  1.6922e+05   1.24e-26
  1.7617e+05   1.17e-26
  1.8340e+05   1.11e-26
  1.9093e+05   1.05e-26
  1.9877e+05   9.86e-27
  2.0693e+05   9.30e-27
  2.1543e+05   8.77e-27
  2.2427e+05   8.27e-27
  2.3348e+05   7.79e-27
  2.4306e+05   7.33e-27
  2.5304e+05   6.90e-27
  2.6343e+05   6.50e-27
  2.7424e+05   6.11e-27
  2.8550e+05   5.74e-27
  2.9722e+05   5.39e-27
  3.0942e+05   5.06e-27
  3.2213e+05   4.75e-27
  3.3535e+05   4.45e-27
  3.4912e+05   4.17e-27
  3.6345e+05   3.91e-27
  3.7837e+05   3.66e-27
  3.9390e+05   3.43e-27
  4.1008e+05   3.20e-27
  4.2691e+05   2.99e-27
  4.4444e+05   2.80e-27
  4.6268e+05   2.61e-27
  4.8168e+05   2.43e-27
  5.0145e+05   2.27e-27
  5.2204e+05   2.11e-27
  5.4347e+05   1.97e-27
  5.6578e+05   1.83e-27
  5.8901e+05   1.70e-27
  6.1319e+05   1.58e-27
  6.3836e+05   1.47e-27
  6.6457e+05   1.37e-27
  6.9185e+05   1.27e-27
  7.2025e+05   1.18e-27
  7.4982e+05   1.09e-27
  7.8061e+05   1.01e-27
  8.1265e+05   9.35e-28
  8.4601e+05   8.66e-28
  8.8075e+05   8.01e-28
  9.1690e+05   7.41e-28
  9.5455e+05   6.86e-28
  9.9373e+05   6.34e-28
  1.0345e+06   5.86e-28
  1.0770e+06   5.41e-28
  1.1212e+06   4.99e-28
  1.1672e+06   4.61e-28
  1.2152e+06   4.25e-28
  1.2650e+06   3.92e-28
  1.3170e+06   3.62e-28
  1.3711e+06   3.34e-28
  1.4273e+06   3.08e-28
  1.4859e+06   2.84e-28
  1.5469e+06   2.62e-28
  1.6104e+06   2.42e-28
  1.6766e+06   2.23e-28
  1.7454e+06   2.06e-28
  1.8170e+06   1.90e-28
  1.8916e+06   1.75e-28
  1.9693e+06   1.61e-28
  2.0501e+06   1.49e-28
  2.1343e+06   1.37e-28
  2.2219e+06   1.26e-28
  2.3131e+06   1.16e-28
  2.4081e+06   1.06e-28
  2.5070e+06   9.77e-29
  2.6099e+06   8.96e-29
  2.7170e+06   8.21e-29
  2.8286e+06   7.52e-29
  2.9447e+06   6.88e-29
  3.0656e+06   6.28e-29
  3.1914e+06   5.73e-29
  3.3225e+06   5.22e-29
  3.4589e+06   4.75e-29
  3.6008e+06   4.32e-29
  3.7487e+06   3.92e-29
  3.9026e+06   3.55e-29
  4.0628e+06   3.21e-29
  4.2296e+06   2.89e-29
  4.4032e+06   2.61e-29
  4.5840e+06   2.34e-29
  4.7722e+06   2.10e-29
  4.9681e+06   1.88e-29
  5.1720e+06   1.67e-29
  5.3844e+06   1.49e-29
  5.6054e+06   1.32e-29
  5.8355e+06   1.17e-29
  6.0751e+06   1.03e-29
  6.3245e+06   9.03e-30
  6.5841e+06   7.90e-30
  6.8544e+06   6.88e-30
  7.1358e+06   5.98e-30
  7.4288e+06   5.17e-30
  7.7338e+06   4.44e-30
  8.0513e+06   3.81e-30
  8.3818e+06   3.24e-30
  8.7259e+06   2.74e-30
  9.0841e+06   2.31e-30
  9.4571e+06   1.92e-30
  9.8453e+06   1.60e-30
  1.0249e+07   1.32e-30
  1.0670e+07   1.07e-30
  1.1108e+07   8.68e-31
  1.1564e+07   6.96e-31
  1.2039e+07   5.48e-31
  1.2533e+07   4.31e-31
  1.3048e+07   3.33e-31
  1.3584e+07   2.51e-31
  1.4141e+07   1.89e-31
  1.4722e+07   1.39e-31
  1.5326e+07   9.97e-32
  1.5955e+07   7.08e-32
  1.6610e+07   4.85e-32
  1.7292e+07   3.22e-32
  1.8002e+07   2.10e-32
  1.8741e+07   1.30e-32
  1.9511e+07   7.71e-33
  2.0312e+07   4.40e-33
  2.1145e+07   2.35e-33
  2.2013e+07   1.18e-33
  2.2917e+07   5.50e-34
  2.3858e+07   2.31e-34
  2.4837e+07   8.85e-35
  2.5857e+07   2.98e-35
  2.6919e+07   8.51e-36
  2.8024e+07   2.06e-36
  2.9174e+07   3.99e-37
  3.0372e+07   5.81e-38
  3.1619e+07   6.29e-39
  3.2917e+07   4.49e-40
  3.4268e+07   1.92e-41
  3.5675e+07   4.54e-43
  3.7140e+07   4.83e-45
  3.8664e+07   1.89e-47
  4.0252e+07   2.12e-50
  4.1904e+07   4.54e-54
  4.3624e+07   1.15e-58
  4.5415e+07   1.79e-64
  4.7280e+07   6.54e-72
  4.9221e+07   1.46e-72
  5.1241e+07   1.29e-72
  5.3345e+07   1.13e-72
  5.5535e+07   1.00e-72
  5.7815e+07   8.93e-73
  6.0188e+07   7.92e-73
  6.2659e+07   7.11e-73
  6.5232e+07   6.38e-73
  6.7910e+07   5.69e-73
  7.0698e+07   5.11e-73
  7.3600e+07   4.56e-73
  7.6621e+07   4.05e-73
  7.9767e+07   3.56e-73
  8.3042e+07   3.10e-73
  8.6451e+07   2.69e-73
  9.0000e+07   2.35e-73
