#  E [GeV]   # per interaction  [GeV^{-1}]
  3.0000e+01   4.46e-01
  3.0782e+01   4.31e-01
  3.1585e+01   4.17e-01
  3.2409e+01   4.03e-01
  3.3255e+01   3.89e-01
  3.4122e+01   3.76e-01
  3.5012e+01   3.63e-01
  3.5925e+01   3.51e-01
  3.6862e+01   3.38e-01
  3.7824e+01   3.27e-01
  3.8810e+01   3.15e-01
  3.9822e+01   3.04e-01
  4.0861e+01   2.93e-01
  4.1927e+01   2.83e-01
  4.3021e+01   2.72e-01
  4.4143e+01   2.62e-01
  4.5294e+01   2.53e-01
  4.6475e+01   2.43e-01
  4.7688e+01   2.34e-01
  4.8931e+01   2.25e-01
  5.0208e+01   2.17e-01
  5.1517e+01   2.09e-01
  5.2861e+01   2.01e-01
  5.4240e+01   1.93e-01
  5.5654e+01   1.85e-01
  5.7106e+01   1.78e-01
  5.8596e+01   1.71e-01
  6.0124e+01   1.64e-01
  6.1692e+01   1.57e-01
  6.3301e+01   1.51e-01
  6.4952e+01   1.45e-01
  6.6647e+01   1.39e-01
  6.8385e+01   1.33e-01
  7.0169e+01   1.28e-01
  7.1999e+01   1.22e-01
  7.3877e+01   1.17e-01
  7.5804e+01   1.12e-01
  7.7781e+01   1.07e-01
  7.9810e+01   1.03e-01
  8.1891e+01   9.83e-02
  8.4027e+01   9.41e-02
  8.6219e+01   9.00e-02
  8.8468e+01   8.60e-02
  9.0775e+01   8.23e-02
  9.3143e+01   7.86e-02
  9.5572e+01   7.51e-02
  9.8065e+01   7.17e-02
  1.0062e+02   6.85e-02
  1.0325e+02   6.54e-02
  1.0594e+02   6.24e-02
  1.0870e+02   5.95e-02
  1.1154e+02   5.67e-02
  1.1445e+02   5.41e-02
  1.1743e+02   5.15e-02
  1.2050e+02   4.91e-02
  1.2364e+02   4.67e-02
  1.2686e+02   4.44e-02
  1.3017e+02   4.23e-02
  1.3357e+02   4.02e-02
  1.3705e+02   3.82e-02
  1.4063e+02   3.63e-02
  1.4429e+02   3.44e-02
  1.4806e+02   3.27e-02
  1.5192e+02   3.10e-02
  1.5588e+02   2.94e-02
  1.5995e+02   2.79e-02
  1.6412e+02   2.64e-02
  1.6840e+02   2.50e-02
  1.7279e+02   2.37e-02
  1.7730e+02   2.24e-02
  1.8193e+02   2.12e-02
  1.8667e+02   2.00e-02
  1.9154e+02   1.89e-02
  1.9654e+02   1.79e-02
  2.0166e+02   1.69e-02
  2.0692e+02   1.59e-02
  2.1232e+02   1.50e-02
  2.1786e+02   1.41e-02
  2.2354e+02   1.33e-02
  2.2937e+02   1.26e-02
  2.3535e+02   1.18e-02
  2.4149e+02   1.11e-02
  2.4779e+02   1.04e-02
  2.5425e+02   9.80e-03
  2.6088e+02   9.19e-03
  2.6769e+02   8.60e-03
  2.7467e+02   8.07e-03
  2.8184e+02   7.56e-03
  2.8919e+02   7.08e-03
  2.9673e+02   6.61e-03
  3.0447e+02   6.18e-03
  3.1241e+02   5.78e-03
  3.2056e+02   5.39e-03
  3.2892e+02   5.03e-03
  3.3750e+02   4.68e-03
  3.4630e+02   4.37e-03
  3.5533e+02   4.07e-03
  3.6460e+02   3.78e-03
  3.7411e+02   3.51e-03
  3.8387e+02   3.26e-03
  3.9388e+02   3.03e-03
  4.0416e+02   2.81e-03
  4.1470e+02   2.60e-03
  4.2551e+02   2.41e-03
  4.3661e+02   2.23e-03
  4.4800e+02   2.07e-03
  4.5969e+02   1.91e-03
  4.7168e+02   1.76e-03
  4.8398e+02   1.62e-03
  4.9660e+02   1.50e-03
  5.0956e+02   1.38e-03
  5.2285e+02   1.27e-03
  5.3648e+02   1.16e-03
  5.5048e+02   1.07e-03
  5.6483e+02   9.86e-04
  5.7957e+02   9.04e-04
  5.9468e+02   8.27e-04
  6.1020e+02   7.58e-04
  6.2611e+02   6.96e-04
  6.4244e+02   6.37e-04
  6.5920e+02   5.82e-04
  6.7639e+02   5.30e-04
  6.9403e+02   4.86e-04
  7.1214e+02   4.45e-04
  7.3071e+02   4.05e-04
  7.4977e+02   3.68e-04
  7.6933e+02   3.36e-04
  7.8939e+02   3.07e-04
  8.0998e+02   2.80e-04
  8.3111e+02   2.54e-04
  8.5279e+02   2.30e-04
  8.7503e+02   2.10e-04
  8.9785e+02   1.92e-04
  9.2127e+02   1.74e-04
  9.4530e+02   1.57e-04
  9.6996e+02   1.43e-04
  9.9526e+02   1.30e-04
  1.0212e+03   1.18e-04
  1.0479e+03   1.07e-04
  1.0752e+03   9.61e-05
  1.1032e+03   8.75e-05
  1.1320e+03   7.94e-05
  1.1615e+03   7.18e-05
  1.1918e+03   6.46e-05
  1.2229e+03   5.86e-05
  1.2548e+03   5.32e-05
  1.2875e+03   4.82e-05
  1.3211e+03   4.34e-05
  1.3556e+03   3.91e-05
  1.3909e+03   3.55e-05
  1.4272e+03   3.22e-05
  1.4644e+03   2.90e-05
  1.5026e+03   2.61e-05
  1.5418e+03   2.36e-05
  1.5820e+03   2.14e-05
  1.6233e+03   1.94e-05
  1.6657e+03   1.74e-05
  1.7091e+03   1.57e-05
  1.7537e+03   1.43e-05
  1.7994e+03   1.29e-05
  1.8464e+03   1.16e-05
  1.8945e+03   1.04e-05
  1.9439e+03   9.48e-06
  1.9946e+03   8.61e-06
  2.0467e+03   7.78e-06
  2.1000e+03   6.99e-06
  2.1548e+03   6.30e-06
  2.2110e+03   5.72e-06
  2.2687e+03   5.18e-06
  2.3279e+03   4.66e-06
  2.3886e+03   4.17e-06
  2.4509e+03   3.80e-06
  2.5148e+03   3.45e-06
  2.5804e+03   3.12e-06
  2.6477e+03   2.81e-06
  2.7168e+03   2.54e-06
  2.7876e+03   2.32e-06
  2.8603e+03   2.12e-06
  2.9349e+03   1.92e-06
  3.0115e+03   1.74e-06
  3.0900e+03   1.61e-06
  3.1706e+03   1.49e-06
  3.2533e+03   1.38e-06
  3.3382e+03   1.27e-06
  3.4253e+03   1.18e-06
  3.5146e+03   1.11e-06
  3.6063e+03   1.04e-06
  3.7003e+03   9.76e-07
  3.7969e+03   9.14e-07
  3.8959e+03   8.72e-07
  3.9975e+03   8.31e-07
  4.1018e+03   7.91e-07
  4.2088e+03   7.53e-07
  4.3185e+03   7.21e-07
  4.4312e+03   6.95e-07
  4.5467e+03   6.69e-07
  4.6653e+03   6.43e-07
  4.7870e+03   6.18e-07
  4.9119e+03   5.95e-07
  5.0400e+03   5.72e-07
