#  E [MeV]   Flux [# cm^{-2} s^{-1}  MeV^{-1}]
  3.0000e+04   1.83e-20
  3.0943e+04   1.76e-20
  3.1916e+04   1.70e-20
  3.2920e+04   1.64e-20
  3.3955e+04   1.58e-20
  3.5023e+04   1.53e-20
  3.6124e+04   1.47e-20
  3.7260e+04   1.42e-20
  3.8432e+04   1.37e-20
  3.9640e+04   1.32e-20
  4.0887e+04   1.28e-20
  4.2172e+04   1.23e-20
  4.3499e+04   1.19e-20
  4.4866e+04   1.14e-20
  4.6277e+04   1.10e-20
  4.7732e+04   1.06e-20
  4.9233e+04   1.03e-20
  5.0781e+04   9.90e-21
  5.2378e+04   9.55e-21
  5.4025e+04   9.21e-21
  5.5724e+04   8.88e-21
  5.7476e+04   8.56e-21
  5.9284e+04   8.26e-21
  6.1148e+04   7.97e-21
  6.3071e+04   7.68e-21
  6.5054e+04   7.41e-21
  6.7100e+04   7.15e-21
  6.9210e+04   6.90e-21
  7.1386e+04   6.65e-21
  7.3631e+04   6.42e-21
  7.5946e+04   6.19e-21
  7.8334e+04   5.98e-21
  8.0797e+04   5.77e-21
  8.3338e+04   5.57e-21
  8.5959e+04   5.38e-21
  8.8662e+04   5.19e-21
  9.1450e+04   5.01e-21
  9.4325e+04   4.84e-21
  9.7291e+04   4.68e-21
  1.0035e+05   4.52e-21
  1.0351e+05   4.37e-21
  1.0676e+05   4.22e-21
  1.1012e+05   4.08e-21
  1.1358e+05   3.95e-21
  1.1715e+05   3.82e-21
  1.2084e+05   3.70e-21
  1.2464e+05   3.58e-21
  1.2856e+05   3.47e-21
  1.3260e+05   3.36e-21
  1.3677e+05   3.25e-21
  1.4107e+05   3.15e-21
  1.4550e+05   3.05e-21
  1.5008e+05   2.96e-21
  1.5480e+05   2.87e-21
  1.5967e+05   2.78e-21
  1.6469e+05   2.70e-21
  1.6987e+05   2.62e-21
  1.7521e+05   2.54e-21
  1.8072e+05   2.47e-21
  1.8640e+05   2.40e-21
  1.9226e+05   2.33e-21
  1.9831e+05   2.27e-21
  2.0454e+05   2.20e-21
  2.1097e+05   2.14e-21
  2.1761e+05   2.09e-21
  2.2445e+05   2.03e-21
  2.3151e+05   1.98e-21
  2.3879e+05   1.92e-21
  2.4630e+05   1.87e-21
  2.5404e+05   1.83e-21
  2.6203e+05   1.78e-21
  2.7027e+05   1.73e-21
  2.7877e+05   1.69e-21
  2.8753e+05   1.65e-21
  2.9657e+05   1.61e-21
  3.0590e+05   1.57e-21
  3.1552e+05   1.53e-21
  3.2544e+05   1.49e-21
  3.3567e+05   1.46e-21
  3.4623e+05   1.42e-21
  3.5712e+05   1.39e-21
  3.6835e+05   1.35e-21
  3.7993e+05   1.32e-21
  3.9188e+05   1.29e-21
  4.0420e+05   1.26e-21
  4.1691e+05   1.23e-21
  4.3002e+05   1.20e-21
  4.4354e+05   1.18e-21
  4.5749e+05   1.15e-21
  4.7187e+05   1.12e-21
  4.8671e+05   1.10e-21
  5.0202e+05   1.07e-21
  5.1780e+05   1.05e-21
  5.3409e+05   1.02e-21
  5.5088e+05   1.00e-21
  5.6820e+05   9.78e-22
  5.8607e+05   9.56e-22
  6.0450e+05   9.34e-22
  6.2351e+05   9.12e-22
  6.4311e+05   8.91e-22
  6.6334e+05   8.71e-22
  6.8419e+05   8.51e-22
  7.0571e+05   8.31e-22
  7.2790e+05   8.12e-22
  7.5079e+05   7.93e-22
  7.7440e+05   7.74e-22
  7.9875e+05   7.56e-22
  8.2387e+05   7.38e-22
  8.4977e+05   7.20e-22
  8.7649e+05   7.03e-22
  9.0405e+05   6.86e-22
  9.3248e+05   6.69e-22
  9.6180e+05   6.52e-22
  9.9205e+05   6.36e-22
  1.0232e+06   6.20e-22
  1.0554e+06   6.04e-22
  1.0886e+06   5.89e-22
  1.1228e+06   5.74e-22
  1.1581e+06   5.59e-22
  1.1946e+06   5.44e-22
  1.2321e+06   5.30e-22
  1.2709e+06   5.15e-22
  1.3108e+06   5.01e-22
  1.3521e+06   4.88e-22
  1.3946e+06   4.74e-22
  1.4384e+06   4.61e-22
  1.4837e+06   4.47e-22
  1.5303e+06   4.34e-22
  1.5784e+06   4.21e-22
  1.6281e+06   4.09e-22
  1.6793e+06   3.96e-22
  1.7321e+06   3.84e-22
  1.7865e+06   3.72e-22
  1.8427e+06   3.60e-22
  1.9006e+06   3.48e-22
  1.9604e+06   3.37e-22
  2.0221e+06   3.25e-22
  2.0856e+06   3.14e-22
  2.1512e+06   3.03e-22
  2.2189e+06   2.93e-22
  2.2886e+06   2.82e-22
  2.3606e+06   2.72e-22
  2.4348e+06   2.62e-22
  2.5114e+06   2.52e-22
  2.5904e+06   2.42e-22
  2.6718e+06   2.32e-22
  2.7558e+06   2.23e-22
  2.8425e+06   2.14e-22
  2.9319e+06   2.04e-22
  3.0241e+06   1.96e-22
  3.1192e+06   1.87e-22
  3.2173e+06   1.78e-22
  3.3184e+06   1.70e-22
  3.4228e+06   1.62e-22
  3.5304e+06   1.54e-22
  3.6414e+06   1.46e-22
  3.7559e+06   1.39e-22
  3.8740e+06   1.32e-22
  3.9958e+06   1.25e-22
  4.1215e+06   1.18e-22
  4.2511e+06   1.11e-22
  4.3848e+06   1.05e-22
  4.5227e+06   9.88e-23
  4.6649e+06   9.28e-23
  4.8116e+06   8.71e-23
  4.9629e+06   8.17e-23
  5.1189e+06   7.64e-23
  5.2799e+06   7.13e-23
  5.4459e+06   6.65e-23
  5.6171e+06   6.19e-23
  5.7938e+06   5.73e-23
  5.9760e+06   5.30e-23
  6.1639e+06   4.89e-23
  6.3577e+06   4.50e-23
  6.5576e+06   4.14e-23
  6.7638e+06   3.79e-23
  6.9765e+06   3.46e-23
  7.1959e+06   3.15e-23
  7.4222e+06   2.87e-23
  7.6556e+06   2.59e-23
  7.8963e+06   2.34e-23
  8.1446e+06   2.11e-23
  8.4007e+06   1.90e-23
  8.6649e+06   1.70e-23
  8.9373e+06   1.52e-23
  9.2184e+06   1.35e-23
  9.5082e+06   1.20e-23
  9.8072e+06   1.05e-23
  1.0116e+07   9.30e-24
  1.0434e+07   8.20e-24
  1.0762e+07   7.17e-24
  1.1100e+07   6.20e-24
  1.1449e+07   5.45e-24
  1.1809e+07   4.77e-24
  1.2181e+07   4.14e-24
  1.2564e+07   3.57e-24
  1.2959e+07   3.17e-24
  1.3366e+07   2.79e-24
  1.3786e+07   2.43e-24
  1.4220e+07   2.16e-24
