#  E [MeV]   Flux [# cm^{-2} s^{-1}  MeV^{-1}]
  3.0000e+04   5.52e-20
  3.1123e+04   5.28e-20
  3.2288e+04   5.04e-20
  3.3497e+04   4.82e-20
  3.4751e+04   4.60e-20
  3.6051e+04   4.40e-20
  3.7401e+04   4.20e-20
  3.8801e+04   4.01e-20
  4.0253e+04   3.83e-20
  4.1760e+04   3.65e-20
  4.3324e+04   3.49e-20
  4.4945e+04   3.33e-20
  4.6628e+04   3.18e-20
  4.8373e+04   3.03e-20
  5.0184e+04   2.89e-20
  5.2063e+04   2.76e-20
  5.4011e+04   2.63e-20
  5.6033e+04   2.51e-20
  5.8131e+04   2.39e-20
  6.0307e+04   2.28e-20
  6.2564e+04   2.17e-20
  6.4906e+04   2.07e-20
  6.7336e+04   1.97e-20
  6.9857e+04   1.88e-20
  7.2472e+04   1.79e-20
  7.5184e+04   1.70e-20
  7.7999e+04   1.62e-20
  8.0919e+04   1.54e-20
  8.3948e+04   1.47e-20
  8.7090e+04   1.40e-20
  9.0350e+04   1.33e-20
  9.3732e+04   1.27e-20
  9.7241e+04   1.21e-20
  1.0088e+05   1.15e-20
  1.0466e+05   1.09e-20
  1.0858e+05   1.04e-20
  1.1264e+05   9.86e-21
  1.1686e+05   9.37e-21
  1.2123e+05   8.90e-21
  1.2577e+05   8.46e-21
  1.3048e+05   8.04e-21
  1.3536e+05   7.64e-21
  1.4043e+05   7.25e-21
  1.4568e+05   6.88e-21
  1.5114e+05   6.53e-21
  1.5680e+05   6.20e-21
  1.6266e+05   5.89e-21
  1.6875e+05   5.58e-21
  1.7507e+05   5.29e-21
  1.8162e+05   5.02e-21
  1.8842e+05   4.76e-21
  1.9548e+05   4.51e-21
  2.0279e+05   4.27e-21
  2.1039e+05   4.05e-21
  2.1826e+05   3.83e-21
  2.2643e+05   3.63e-21
  2.3491e+05   3.43e-21
  2.4370e+05   3.25e-21
  2.5282e+05   3.07e-21
  2.6229e+05   2.90e-21
  2.7211e+05   2.74e-21
  2.8229e+05   2.59e-21
  2.9286e+05   2.44e-21
  3.0382e+05   2.31e-21
  3.1519e+05   2.17e-21
  3.2699e+05   2.05e-21
  3.3923e+05   1.93e-21
  3.5193e+05   1.82e-21
  3.6511e+05   1.71e-21
  3.7877e+05   1.61e-21
  3.9295e+05   1.51e-21
  4.0766e+05   1.42e-21
  4.2292e+05   1.33e-21
  4.3875e+05   1.25e-21
  4.5518e+05   1.17e-21
  4.7222e+05   1.10e-21
  4.8989e+05   1.03e-21
  5.0823e+05   9.59e-22
  5.2726e+05   8.96e-22
  5.4699e+05   8.36e-22
  5.6747e+05   7.80e-22
  5.8871e+05   7.27e-22
  6.1075e+05   6.77e-22
  6.3361e+05   6.30e-22
  6.5733e+05   5.86e-22
  6.8194e+05   5.45e-22
  7.0746e+05   5.07e-22
  7.3395e+05   4.71e-22
  7.6142e+05   4.38e-22
  7.8992e+05   4.07e-22
  8.1949e+05   3.78e-22
  8.5017e+05   3.51e-22
  8.8199e+05   3.26e-22
  9.1501e+05   3.02e-22
  9.4926e+05   2.80e-22
  9.8479e+05   2.60e-22
  1.0217e+06   2.41e-22
  1.0599e+06   2.23e-22
  1.0996e+06   2.07e-22
  1.1407e+06   1.91e-22
  1.1834e+06   1.77e-22
  1.2277e+06   1.63e-22
  1.2737e+06   1.51e-22
  1.3214e+06   1.40e-22
  1.3708e+06   1.29e-22
  1.4222e+06   1.19e-22
  1.4754e+06   1.10e-22
  1.5306e+06   1.01e-22
  1.5879e+06   9.33e-23
  1.6474e+06   8.59e-23
  1.7090e+06   7.90e-23
  1.7730e+06   7.27e-23
  1.8394e+06   6.69e-23
  1.9082e+06   6.14e-23
  1.9797e+06   5.64e-23
  2.0538e+06   5.18e-23
  2.1306e+06   4.74e-23
  2.2104e+06   4.34e-23
  2.2931e+06   3.97e-23
  2.3790e+06   3.63e-23
  2.4680e+06   3.31e-23
  2.5604e+06   3.02e-23
  2.6563e+06   2.75e-23
  2.7557e+06   2.50e-23
  2.8589e+06   2.27e-23
  2.9659e+06   2.06e-23
  3.0769e+06   1.87e-23
  3.1921e+06   1.69e-23
  3.3116e+06   1.53e-23
  3.4355e+06   1.37e-23
  3.5641e+06   1.24e-23
  3.6976e+06   1.12e-23
  3.8360e+06   9.99e-24
  3.9796e+06   8.97e-24
  4.1285e+06   8.03e-24
  4.2831e+06   7.15e-24
  4.4434e+06   6.38e-24
  4.6097e+06   5.67e-24
  4.7823e+06   5.01e-24
  4.9613e+06   4.43e-24
  5.1470e+06   3.92e-24
  5.3397e+06   3.44e-24
  5.5396e+06   3.02e-24
  5.7470e+06   2.65e-24
  5.9621e+06   2.31e-24
  6.1853e+06   2.01e-24
  6.4168e+06   1.75e-24
  6.6570e+06   1.51e-24
  6.9062e+06   1.30e-24
  7.1647e+06   1.12e-24
  7.4329e+06   9.64e-25
  7.7112e+06   8.18e-25
  7.9998e+06   7.01e-25
  8.2993e+06   5.95e-25
  8.6100e+06   4.98e-25
  8.9323e+06   4.22e-25
  9.2666e+06   3.53e-25
  9.6135e+06   2.92e-25
  9.9734e+06   2.43e-25
  1.0347e+07   2.01e-25
  1.0734e+07   1.64e-25
  1.1136e+07   1.34e-25
  1.1553e+07   1.09e-25
  1.1985e+07   8.67e-26
  1.2434e+07   6.92e-26
  1.2899e+07   5.51e-26
  1.3382e+07   4.30e-26
  1.3883e+07   3.33e-26
  1.4403e+07   2.59e-26
  1.4942e+07   1.96e-26
  1.5501e+07   1.46e-26
  1.6081e+07   1.10e-26
  1.6683e+07   7.99e-27
  1.7308e+07   5.67e-27
  1.7956e+07   4.05e-27
  1.8628e+07   2.80e-27
  1.9325e+07   1.86e-27
  2.0049e+07   1.24e-27
  2.0799e+07   7.92e-28
  2.1578e+07   4.81e-28
  2.2386e+07   2.88e-28
  2.3224e+07   1.63e-28
  2.4093e+07   8.66e-29
  2.4995e+07   4.37e-29
  2.5930e+07   2.04e-29
  2.6901e+07   8.61e-30
  2.7908e+07   3.30e-30
  2.8953e+07   1.12e-30
  3.0037e+07   3.22e-31
  3.1161e+07   7.71e-32
  3.2327e+07   1.48e-32
  3.3537e+07   2.15e-33
  3.4793e+07   2.22e-34
  3.6095e+07   1.53e-35
  3.7446e+07   6.26e-37
  3.8848e+07   1.35e-38
  4.0302e+07   1.32e-40
  4.1811e+07   4.68e-43
  4.3376e+07   4.66e-46
  4.5000e+07   9.33e-50
