#  E [MeV]   Flux [# cm^{-2} s^{-1}  MeV^{-1}]
  3.0000e+04   1.56e-18
  3.1033e+04   1.50e-18
  3.2102e+04   1.45e-18
  3.3207e+04   1.40e-18
  3.4350e+04   1.35e-18
  3.5533e+04   1.30e-18
  3.6757e+04   1.25e-18
  3.8022e+04   1.21e-18
  3.9332e+04   1.16e-18
  4.0686e+04   1.12e-18
  4.2087e+04   1.08e-18
  4.3536e+04   1.04e-18
  4.5035e+04   1.00e-18
  4.6586e+04   9.65e-19
  4.8190e+04   9.29e-19
  4.9850e+04   8.95e-19
  5.1566e+04   8.61e-19
  5.3342e+04   8.29e-19
  5.5178e+04   7.98e-19
  5.7078e+04   7.68e-19
  5.9044e+04   7.38e-19
  6.1077e+04   7.10e-19
  6.3180e+04   6.83e-19
  6.5356e+04   6.57e-19
  6.7606e+04   6.32e-19
  6.9934e+04   6.07e-19
  7.2342e+04   5.83e-19
  7.4833e+04   5.61e-19
  7.7410e+04   5.39e-19
  8.0075e+04   5.17e-19
  8.2833e+04   4.97e-19
  8.5685e+04   4.77e-19
  8.8635e+04   4.58e-19
  9.1687e+04   4.39e-19
  9.4844e+04   4.21e-19
  9.8110e+04   4.04e-19
  1.0149e+05   3.87e-19
  1.0498e+05   3.71e-19
  1.0860e+05   3.56e-19
  1.1234e+05   3.41e-19
  1.1621e+05   3.26e-19
  1.2021e+05   3.13e-19
  1.2435e+05   2.99e-19
  1.2863e+05   2.86e-19
  1.3306e+05   2.74e-19
  1.3764e+05   2.62e-19
  1.4238e+05   2.51e-19
  1.4728e+05   2.40e-19
  1.5235e+05   2.29e-19
  1.5760e+05   2.19e-19
  1.6302e+05   2.09e-19
  1.6864e+05   1.99e-19
  1.7445e+05   1.90e-19
  1.8045e+05   1.82e-19
  1.8667e+05   1.73e-19
  1.9309e+05   1.65e-19
  1.9974e+05   1.57e-19
  2.0662e+05   1.50e-19
  2.1373e+05   1.43e-19
  2.2109e+05   1.36e-19
  2.2871e+05   1.29e-19
  2.3658e+05   1.23e-19
  2.4473e+05   1.17e-19
  2.5316e+05   1.11e-19
  2.6187e+05   1.06e-19
  2.7089e+05   1.00e-19
  2.8022e+05   9.53e-20
  2.8987e+05   9.05e-20
  2.9985e+05   8.59e-20
  3.1017e+05   8.15e-20
  3.2085e+05   7.72e-20
  3.3190e+05   7.32e-20
  3.4333e+05   6.93e-20
  3.5515e+05   6.56e-20
  3.6738e+05   6.21e-20
  3.8003e+05   5.88e-20
  3.9312e+05   5.56e-20
  4.0665e+05   5.25e-20
  4.2066e+05   4.96e-20
  4.3514e+05   4.69e-20
  4.5013e+05   4.43e-20
  4.6562e+05   4.18e-20
  4.8166e+05   3.94e-20
  4.9824e+05   3.72e-20
  5.1540e+05   3.51e-20
  5.3315e+05   3.30e-20
  5.5150e+05   3.11e-20
  5.7050e+05   2.93e-20
  5.9014e+05   2.76e-20
  6.1046e+05   2.60e-20
  6.3148e+05   2.44e-20
  6.5322e+05   2.29e-20
  6.7572e+05   2.15e-20
  6.9898e+05   2.02e-20
  7.2305e+05   1.90e-20
  7.4795e+05   1.78e-20
  7.7371e+05   1.67e-20
  8.0035e+05   1.56e-20
  8.2791e+05   1.46e-20
  8.5641e+05   1.37e-20
  8.8590e+05   1.28e-20
  9.1641e+05   1.20e-20
  9.4796e+05   1.12e-20
  9.8061e+05   1.05e-20
  1.0144e+06   9.79e-21
  1.0493e+06   9.15e-21
  1.0854e+06   8.53e-21
  1.1228e+06   7.95e-21
  1.1615e+06   7.42e-21
  1.2015e+06   6.91e-21
  1.2428e+06   6.43e-21
  1.2856e+06   5.99e-21
  1.3299e+06   5.57e-21
  1.3757e+06   5.18e-21
  1.4231e+06   4.81e-21
  1.4721e+06   4.47e-21
  1.5228e+06   4.15e-21
  1.5752e+06   3.84e-21
  1.6294e+06   3.57e-21
  1.6855e+06   3.31e-21
  1.7436e+06   3.06e-21
  1.8036e+06   2.83e-21
  1.8657e+06   2.62e-21
  1.9300e+06   2.42e-21
  1.9964e+06   2.23e-21
  2.0652e+06   2.06e-21
  2.1363e+06   1.90e-21
  2.2098e+06   1.75e-21
  2.2859e+06   1.61e-21
  2.3646e+06   1.49e-21
  2.4461e+06   1.37e-21
  2.5303e+06   1.25e-21
  2.6174e+06   1.15e-21
  2.7075e+06   1.06e-21
  2.8008e+06   9.66e-22
  2.8972e+06   8.86e-22
  2.9970e+06   8.11e-22
  3.1002e+06   7.40e-22
  3.2069e+06   6.76e-22
  3.3173e+06   6.17e-22
  3.4316e+06   5.62e-22
  3.5497e+06   5.11e-22
  3.6720e+06   4.66e-22
  3.7984e+06   4.23e-22
  3.9292e+06   3.83e-22
  4.0645e+06   3.48e-22
  4.2044e+06   3.16e-22
  4.3492e+06   2.85e-22
  4.4990e+06   2.57e-22
  4.6539e+06   2.33e-22
  4.8141e+06   2.10e-22
  4.9799e+06   1.88e-22
  5.1514e+06   1.70e-22
  5.3288e+06   1.52e-22
  5.5123e+06   1.36e-22
  5.7021e+06   1.22e-22
  5.8984e+06   1.09e-22
  6.1015e+06   9.70e-23
  6.3116e+06   8.60e-23
  6.5289e+06   7.68e-23
  6.7538e+06   6.82e-23
  6.9863e+06   6.00e-23
  7.2269e+06   5.33e-23
  7.4757e+06   4.72e-23
  7.7331e+06   4.14e-23
  7.9994e+06   3.63e-23
  8.2749e+06   3.21e-23
  8.5598e+06   2.81e-23
  8.8546e+06   2.43e-23
  9.1594e+06   2.14e-23
  9.4748e+06   1.86e-23
  9.8011e+06   1.61e-23
  1.0139e+07   1.40e-23
  1.0488e+07   1.21e-23
  1.0849e+07   1.04e-23
  1.1222e+07   8.86e-24
  1.1609e+07   7.67e-24
  1.2009e+07   6.55e-24
  1.2422e+07   5.51e-24
  1.2850e+07   4.72e-24
  1.3292e+07   4.02e-24
  1.3750e+07   3.37e-24
  1.4223e+07   2.83e-24
  1.4713e+07   2.40e-24
  1.5220e+07   2.01e-24
  1.5744e+07   1.65e-24
  1.6286e+07   1.39e-24
  1.6847e+07   1.16e-24
  1.7427e+07   9.46e-25
  1.8027e+07   7.78e-25
  1.8648e+07   6.43e-25
  1.9290e+07   5.21e-25
  1.9954e+07   4.15e-25
  2.0641e+07   3.37e-25
  2.1352e+07   2.67e-25
  2.2087e+07   2.04e-25
  2.2848e+07   1.58e-25
  2.3634e+07   1.20e-25
  2.4448e+07   8.70e-26
  2.5290e+07   6.13e-26
