#  E [MeV]   Flux [# cm^{-2} s^{-1}  MeV^{-1}]
  3.0000e+04   1.12e-25
  3.1232e+04   1.07e-25
  3.2514e+04   1.02e-25
  3.3849e+04   9.72e-26
  3.5238e+04   9.26e-26
  3.6685e+04   8.82e-26
  3.8191e+04   8.40e-26
  3.9759e+04   7.99e-26
  4.1391e+04   7.61e-26
  4.3090e+04   7.24e-26
  4.4859e+04   6.89e-26
  4.6701e+04   6.56e-26
  4.8618e+04   6.24e-26
  5.0614e+04   5.93e-26
  5.2692e+04   5.64e-26
  5.4855e+04   5.36e-26
  5.7107e+04   5.10e-26
  5.9451e+04   4.85e-26
  6.1892e+04   4.60e-26
  6.4433e+04   4.37e-26
  6.7078e+04   4.15e-26
  6.9832e+04   3.94e-26
  7.2699e+04   3.74e-26
  7.5683e+04   3.55e-26
  7.8790e+04   3.37e-26
  8.2025e+04   3.20e-26
  8.5392e+04   3.03e-26
  8.8898e+04   2.88e-26
  9.2547e+04   2.73e-26
  9.6347e+04   2.59e-26
  1.0030e+05   2.45e-26
  1.0442e+05   2.32e-26
  1.0871e+05   2.20e-26
  1.1317e+05   2.08e-26
  1.1782e+05   1.97e-26
  1.2265e+05   1.87e-26
  1.2769e+05   1.77e-26
  1.3293e+05   1.67e-26
  1.3839e+05   1.58e-26
  1.4407e+05   1.49e-26
  1.4998e+05   1.41e-26
  1.5614e+05   1.33e-26
  1.6255e+05   1.26e-26
  1.6922e+05   1.19e-26
  1.7617e+05   1.12e-26
  1.8340e+05   1.06e-26
  1.9093e+05   9.98e-27
  1.9877e+05   9.41e-27
  2.0693e+05   8.86e-27
  2.1543e+05   8.34e-27
  2.2427e+05   7.85e-27
  2.3348e+05   7.39e-27
  2.4306e+05   6.94e-27
  2.5304e+05   6.52e-27
  2.6343e+05   6.13e-27
  2.7424e+05   5.75e-27
  2.8550e+05   5.39e-27
  2.9722e+05   5.05e-27
  3.0942e+05   4.73e-27
  3.2213e+05   4.43e-27
  3.3535e+05   4.14e-27
  3.4912e+05   3.87e-27
  3.6345e+05   3.61e-27
  3.7837e+05   3.37e-27
  3.9390e+05   3.14e-27
  4.1008e+05   2.93e-27
  4.2691e+05   2.72e-27
  4.4444e+05   2.53e-27
  4.6268e+05   2.36e-27
  4.8168e+05   2.19e-27
  5.0145e+05   2.03e-27
  5.2204e+05   1.88e-27
  5.4347e+05   1.75e-27
  5.6578e+05   1.62e-27
  5.8901e+05   1.50e-27
  6.1319e+05   1.38e-27
  6.3836e+05   1.28e-27
  6.6457e+05   1.18e-27
  6.9185e+05   1.09e-27
  7.2025e+05   1.01e-27
  7.4982e+05   9.27e-28
  7.8061e+05   8.55e-28
  8.1265e+05   7.87e-28
  8.4601e+05   7.25e-28
  8.8075e+05   6.67e-28
  9.1690e+05   6.14e-28
  9.5455e+05   5.65e-28
  9.9373e+05   5.20e-28
  1.0345e+06   4.78e-28
  1.0770e+06   4.39e-28
  1.1212e+06   4.04e-28
  1.1672e+06   3.71e-28
  1.2152e+06   3.40e-28
  1.2650e+06   3.13e-28
  1.3170e+06   2.87e-28
  1.3711e+06   2.64e-28
  1.4273e+06   2.43e-28
  1.4859e+06   2.23e-28
  1.5469e+06   2.05e-28
  1.6104e+06   1.89e-28
  1.6766e+06   1.73e-28
  1.7454e+06   1.60e-28
  1.8170e+06   1.47e-28
  1.8916e+06   1.35e-28
  1.9693e+06   1.24e-28
  2.0501e+06   1.14e-28
  2.1343e+06   1.05e-28
  2.2219e+06   9.60e-29
  2.3131e+06   8.80e-29
  2.4081e+06   8.06e-29
  2.5070e+06   7.38e-29
  2.6099e+06   6.75e-29
  2.7170e+06   6.17e-29
  2.8286e+06   5.63e-29
  2.9447e+06   5.13e-29
  3.0656e+06   4.67e-29
  3.1914e+06   4.25e-29
  3.3225e+06   3.86e-29
  3.4589e+06   3.50e-29
  3.6008e+06   3.17e-29
  3.7487e+06   2.86e-29
  3.9026e+06   2.58e-29
  4.0628e+06   2.32e-29
  4.2296e+06   2.08e-29
  4.4032e+06   1.86e-29
  4.5840e+06   1.66e-29
  4.7722e+06   1.48e-29
  4.9681e+06   1.31e-29
  5.1720e+06   1.16e-29
  5.3844e+06   1.02e-29
  5.6054e+06   9.01e-30
  5.8355e+06   7.88e-30
  6.0751e+06   6.87e-30
  6.3245e+06   5.97e-30
  6.5841e+06   5.16e-30
  6.8544e+06   4.43e-30
  7.1358e+06   3.80e-30
  7.4288e+06   3.23e-30
  7.7338e+06   2.73e-30
  8.0513e+06   2.30e-30
  8.3818e+06   1.91e-30
  8.7259e+06   1.59e-30
  9.0841e+06   1.30e-30
  9.4571e+06   1.05e-30
  9.8453e+06   8.53e-31
  1.0249e+07   6.81e-31
  1.0670e+07   5.34e-31
  1.1108e+07   4.18e-31
  1.1564e+07   3.21e-31
  1.2039e+07   2.42e-31
  1.2533e+07   1.81e-31
  1.3048e+07   1.32e-31
  1.3584e+07   9.44e-32
  1.4141e+07   6.64e-32
  1.4722e+07   4.52e-32
  1.5326e+07   3.00e-32
  1.5955e+07   1.94e-32
  1.6610e+07   1.20e-32
  1.7292e+07   7.14e-33
  1.8002e+07   4.08e-33
  1.8741e+07   2.18e-33
  1.9511e+07   1.11e-33
  2.0312e+07   5.28e-34
  2.1145e+07   2.28e-34
  2.2013e+07   9.17e-35
  2.2917e+07   3.28e-35
  2.3858e+07   1.01e-35
  2.4837e+07   2.77e-36
  2.5857e+07   6.24e-37
  2.6919e+07   1.12e-37
  2.8024e+07   1.60e-38
  2.9174e+07   1.65e-39
  3.0372e+07   1.17e-40
  3.1619e+07   5.34e-42
  3.2917e+07   1.37e-43
  3.4268e+07   1.77e-45
  3.5675e+07   9.82e-48
  3.7140e+07   1.82e-50
  3.8664e+07   8.75e-54
  4.0252e+07   7.48e-58
  4.1904e+07   6.80e-63
  4.3624e+07   3.52e-69
  4.5415e+07   1.82e-72
  4.7280e+07   1.57e-72
  4.9221e+07   1.38e-72
  5.1241e+07   1.21e-72
  5.3345e+07   1.06e-72
  5.5535e+07   9.48e-73
  5.7815e+07   8.44e-73
  6.0188e+07   7.50e-73
  6.2659e+07   6.75e-73
  6.5232e+07   6.04e-73
  6.7910e+07   5.40e-73
  7.0698e+07   4.84e-73
  7.3600e+07   4.31e-73
  7.6621e+07   3.82e-73
  7.9767e+07   3.35e-73
  8.3042e+07   2.91e-73
  8.6451e+07   2.53e-73
  9.0000e+07   2.20e-73
