#  E [GeV]   # per interaction  [GeV^{-1}]
  3.0000e+01   5.46e-01
  3.0943e+01   5.28e-01
  3.1916e+01   5.11e-01
  3.2920e+01   4.94e-01
  3.3955e+01   4.78e-01
  3.5023e+01   4.62e-01
  3.6124e+01   4.46e-01
  3.7260e+01   4.31e-01
  3.8432e+01   4.17e-01
  3.9640e+01   4.02e-01
  4.0887e+01   3.88e-01
  4.2172e+01   3.75e-01
  4.3499e+01   3.62e-01
  4.4866e+01   3.49e-01
  4.6277e+01   3.37e-01
  4.7732e+01   3.25e-01
  4.9233e+01   3.13e-01
  5.0781e+01   3.02e-01
  5.2378e+01   2.91e-01
  5.4025e+01   2.81e-01
  5.5724e+01   2.70e-01
  5.7476e+01   2.60e-01
  5.9284e+01   2.51e-01
  6.1148e+01   2.41e-01
  6.3071e+01   2.32e-01
  6.5054e+01   2.23e-01
  6.7100e+01   2.15e-01
  6.9210e+01   2.06e-01
  7.1386e+01   1.98e-01
  7.3631e+01   1.91e-01
  7.5946e+01   1.83e-01
  7.8334e+01   1.76e-01
  8.0797e+01   1.69e-01
  8.3338e+01   1.62e-01
  8.5959e+01   1.55e-01
  8.8662e+01   1.49e-01
  9.1450e+01   1.43e-01
  9.4325e+01   1.37e-01
  9.7291e+01   1.31e-01
  1.0035e+02   1.25e-01
  1.0351e+02   1.20e-01
  1.0676e+02   1.15e-01
  1.1012e+02   1.10e-01
  1.1358e+02   1.05e-01
  1.1715e+02   1.00e-01
  1.2084e+02   9.59e-02
  1.2464e+02   9.16e-02
  1.2856e+02   8.74e-02
  1.3260e+02   8.34e-02
  1.3677e+02   7.95e-02
  1.4107e+02   7.58e-02
  1.4550e+02   7.22e-02
  1.5008e+02   6.88e-02
  1.5480e+02   6.55e-02
  1.5967e+02   6.23e-02
  1.6469e+02   5.93e-02
  1.6987e+02   5.63e-02
  1.7521e+02   5.35e-02
  1.8072e+02   5.08e-02
  1.8640e+02   4.82e-02
  1.9226e+02   4.57e-02
  1.9831e+02   4.34e-02
  2.0454e+02   4.11e-02
  2.1097e+02   3.89e-02
  2.1761e+02   3.69e-02
  2.2445e+02   3.49e-02
  2.3151e+02   3.30e-02
  2.3879e+02   3.12e-02
  2.4630e+02   2.95e-02
  2.5404e+02   2.79e-02
  2.6203e+02   2.63e-02
  2.7027e+02   2.48e-02
  2.7877e+02   2.34e-02
  2.8753e+02   2.21e-02
  2.9657e+02   2.08e-02
  3.0590e+02   1.96e-02
  3.1552e+02   1.84e-02
  3.2544e+02   1.73e-02
  3.3567e+02   1.63e-02
  3.4623e+02   1.53e-02
  3.5712e+02   1.43e-02
  3.6835e+02   1.34e-02
  3.7993e+02   1.26e-02
  3.9188e+02   1.18e-02
  4.0420e+02   1.10e-02
  4.1691e+02   1.03e-02
  4.3002e+02   9.59e-03
  4.4354e+02   8.96e-03
  4.5749e+02   8.36e-03
  4.7187e+02   7.78e-03
  4.8671e+02   7.25e-03
  5.0202e+02   6.75e-03
  5.1780e+02   6.27e-03
  5.3409e+02   5.83e-03
  5.5088e+02   5.41e-03
  5.6820e+02   5.02e-03
  5.8607e+02   4.66e-03
  6.0450e+02   4.31e-03
  6.2351e+02   3.99e-03
  6.4311e+02   3.70e-03
  6.6334e+02   3.42e-03
  6.8419e+02   3.15e-03
  7.0571e+02   2.91e-03
  7.2790e+02   2.69e-03
  7.5079e+02   2.48e-03
  7.7440e+02   2.28e-03
  7.9875e+02   2.10e-03
  8.2387e+02   1.93e-03
  8.4977e+02   1.77e-03
  8.7649e+02   1.63e-03
  9.0405e+02   1.50e-03
  9.3248e+02   1.37e-03
  9.6180e+02   1.26e-03
  9.9205e+02   1.16e-03
  1.0232e+03   1.06e-03
  1.0554e+03   9.68e-04
  1.0886e+03   8.85e-04
  1.1228e+03   8.11e-04
  1.1581e+03   7.41e-04
  1.1946e+03   6.76e-04
  1.2321e+03   6.17e-04
  1.2709e+03   5.64e-04
  1.3108e+03   5.14e-04
  1.3521e+03   4.67e-04
  1.3946e+03   4.26e-04
  1.4384e+03   3.88e-04
  1.4837e+03   3.53e-04
  1.5303e+03   3.19e-04
  1.5784e+03   2.91e-04
  1.6281e+03   2.64e-04
  1.6793e+03   2.39e-04
  1.7321e+03   2.17e-04
  1.7865e+03   1.97e-04
  1.8427e+03   1.78e-04
  1.9006e+03   1.61e-04
  1.9604e+03   1.46e-04
  2.0221e+03   1.32e-04
  2.0856e+03   1.19e-04
  2.1512e+03   1.07e-04
  2.2189e+03   9.70e-05
  2.2886e+03   8.76e-05
  2.3606e+03   7.87e-05
  2.4348e+03   7.06e-05
  2.5114e+03   6.38e-05
  2.5904e+03   5.74e-05
  2.6718e+03   5.13e-05
  2.7558e+03   4.60e-05
  2.8425e+03   4.14e-05
  2.9319e+03   3.70e-05
  3.0241e+03   3.30e-05
  3.1192e+03   2.96e-05
  3.2173e+03   2.65e-05
  3.3184e+03   2.36e-05
  3.4228e+03   2.09e-05
  3.5304e+03   1.87e-05
  3.6414e+03   1.67e-05
  3.7559e+03   1.48e-05
  3.8740e+03   1.31e-05
  3.9958e+03   1.17e-05
  4.1215e+03   1.04e-05
  4.2511e+03   9.11e-06
  4.3848e+03   8.08e-06
  4.5227e+03   7.18e-06
  4.6649e+03   6.33e-06
  4.8116e+03   5.54e-06
  4.9629e+03   4.92e-06
  5.1189e+03   4.35e-06
  5.2799e+03   3.81e-06
  5.4459e+03   3.33e-06
  5.6171e+03   2.95e-06
  5.7938e+03   2.60e-06
  5.9760e+03   2.27e-06
  6.1639e+03   1.98e-06
  6.3577e+03   1.74e-06
  6.5576e+03   1.51e-06
  6.7638e+03   1.30e-06
  6.9765e+03   1.14e-06
  7.1959e+03   9.95e-07
  7.4222e+03   8.62e-07
  7.6556e+03   7.40e-07
  7.8963e+03   6.50e-07
  8.1446e+03   5.67e-07
  8.4007e+03   4.90e-07
  8.6649e+03   4.25e-07
  8.9373e+03   3.74e-07
  9.2184e+03   3.28e-07
  9.5082e+03   2.85e-07
  9.8072e+03   2.51e-07
  1.0116e+04   2.22e-07
  1.0434e+04   1.95e-07
  1.0762e+04   1.70e-07
  1.1100e+04   1.51e-07
  1.1449e+04   1.34e-07
  1.1809e+04   1.19e-07
  1.2181e+04   1.05e-07
  1.2564e+04   9.28e-08
  1.2959e+04   8.18e-08
  1.3366e+04   7.16e-08
  1.3786e+04   6.24e-08
  1.4220e+04   5.41e-08
