#  E [GeV]   # per interaction  [GeV^{-1}]
  3.0000e+01   2.64e-02
  3.1123e+01   2.54e-02
  3.2288e+01   2.44e-02
  3.3497e+01   2.35e-02
  3.4751e+01   2.26e-02
  3.6051e+01   2.17e-02
  3.7401e+01   2.09e-02
  3.8801e+01   2.01e-02
  4.0253e+01   1.93e-02
  4.1760e+01   1.86e-02
  4.3324e+01   1.78e-02
  4.4945e+01   1.71e-02
  4.6628e+01   1.65e-02
  4.8373e+01   1.58e-02
  5.0184e+01   1.52e-02
  5.2063e+01   1.46e-02
  5.4011e+01   1.40e-02
  5.6033e+01   1.34e-02
  5.8131e+01   1.29e-02
  6.0307e+01   1.23e-02
  6.2564e+01   1.18e-02
  6.4906e+01   1.13e-02
  6.7336e+01   1.09e-02
  6.9857e+01   1.04e-02
  7.2472e+01   9.98e-03
  7.5184e+01   9.56e-03
  7.7999e+01   9.16e-03
  8.0919e+01   8.77e-03
  8.3948e+01   8.39e-03
  8.7090e+01   8.03e-03
  9.0350e+01   7.69e-03
  9.3732e+01   7.36e-03
  9.7241e+01   7.04e-03
  1.0088e+02   6.73e-03
  1.0466e+02   6.44e-03
  1.0858e+02   6.15e-03
  1.1264e+02   5.88e-03
  1.1686e+02   5.62e-03
  1.2123e+02   5.37e-03
  1.2577e+02   5.13e-03
  1.3048e+02   4.90e-03
  1.3536e+02   4.68e-03
  1.4043e+02   4.47e-03
  1.4568e+02   4.26e-03
  1.5114e+02   4.07e-03
  1.5680e+02   3.88e-03
  1.6266e+02   3.70e-03
  1.6875e+02   3.53e-03
  1.7507e+02   3.37e-03
  1.8162e+02   3.21e-03
  1.8842e+02   3.06e-03
  1.9548e+02   2.92e-03
  2.0279e+02   2.78e-03
  2.1039e+02   2.65e-03
  2.1826e+02   2.53e-03
  2.2643e+02   2.41e-03
  2.3491e+02   2.29e-03
  2.4370e+02   2.18e-03
  2.5282e+02   2.08e-03
  2.6229e+02   1.98e-03
  2.7211e+02   1.88e-03
  2.8229e+02   1.79e-03
  2.9286e+02   1.70e-03
  3.0382e+02   1.62e-03
  3.1519e+02   1.54e-03
  3.2699e+02   1.47e-03
  3.3923e+02   1.39e-03
  3.5193e+02   1.33e-03
  3.6511e+02   1.26e-03
  3.7877e+02   1.20e-03
  3.9295e+02   1.14e-03
  4.0766e+02   1.08e-03
  4.2292e+02   1.03e-03
  4.3875e+02   9.77e-04
  4.5518e+02   9.28e-04
  4.7222e+02   8.82e-04
  4.8989e+02   8.38e-04
  5.0823e+02   7.96e-04
  5.2726e+02   7.56e-04
  5.4699e+02   7.19e-04
  5.6747e+02   6.84e-04
  5.8871e+02   6.50e-04
  6.1075e+02   6.18e-04
  6.3361e+02   5.88e-04
  6.5733e+02   5.60e-04
  6.8194e+02   5.32e-04
  7.0746e+02   5.07e-04
  7.3395e+02   4.83e-04
  7.6142e+02   4.60e-04
  7.8992e+02   4.38e-04
  8.1949e+02   4.18e-04
  8.5017e+02   3.99e-04
  8.8199e+02   3.81e-04
  9.1501e+02   3.64e-04
  9.4926e+02   3.48e-04
  9.8479e+02   3.32e-04
  1.0217e+03   3.18e-04
  1.0599e+03   3.04e-04
  1.0996e+03   2.91e-04
  1.1407e+03   2.79e-04
  1.1834e+03   2.68e-04
  1.2277e+03   2.57e-04
  1.2737e+03   2.47e-04
  1.3214e+03   2.37e-04
  1.3708e+03   2.28e-04
  1.4222e+03   2.19e-04
  1.4754e+03   2.11e-04
  1.5306e+03   2.03e-04
  1.5879e+03   1.95e-04
  1.6474e+03   1.88e-04
  1.7090e+03   1.81e-04
  1.7730e+03   1.75e-04
  1.8394e+03   1.69e-04
  1.9082e+03   1.63e-04
  1.9797e+03   1.57e-04
  2.0538e+03   1.52e-04
  2.1306e+03   1.46e-04
  2.2104e+03   1.41e-04
  2.2931e+03   1.37e-04
  2.3790e+03   1.32e-04
  2.4680e+03   1.27e-04
  2.5604e+03   1.23e-04
  2.6563e+03   1.18e-04
  2.7557e+03   1.14e-04
  2.8589e+03   1.10e-04
  2.9659e+03   1.06e-04
  3.0769e+03   1.02e-04
  3.1921e+03   9.83e-05
  3.3116e+03   9.45e-05
  3.4355e+03   9.08e-05
  3.5641e+03   8.71e-05
  3.6976e+03   8.36e-05
  3.8360e+03   8.01e-05
  3.9796e+03   7.66e-05
  4.1285e+03   7.33e-05
  4.2831e+03   7.00e-05
  4.4434e+03   6.66e-05
  4.6097e+03   6.34e-05
  4.7823e+03   6.03e-05
  4.9613e+03   5.71e-05
  5.1470e+03   5.40e-05
  5.3397e+03   5.11e-05
  5.5396e+03   4.81e-05
  5.7470e+03   4.52e-05
  5.9621e+03   4.24e-05
  6.1853e+03   3.96e-05
  6.4168e+03   3.69e-05
  6.6570e+03   3.43e-05
  6.9062e+03   3.18e-05
  7.1647e+03   2.93e-05
  7.4329e+03   2.70e-05
  7.7112e+03   2.47e-05
  7.9998e+03   2.25e-05
  8.2993e+03   2.04e-05
  8.6100e+03   1.85e-05
  8.9323e+03   1.66e-05
  9.2666e+03   1.48e-05
  9.6135e+03   1.31e-05
  9.9734e+03   1.15e-05
  1.0347e+04   1.00e-05
  1.0734e+04   8.70e-06
  1.1136e+04   7.46e-06
  1.1553e+04   6.34e-06
  1.1985e+04   5.33e-06
  1.2434e+04   4.42e-06
  1.2899e+04   3.63e-06
  1.3382e+04   2.93e-06
  1.3883e+04   2.33e-06
  1.4403e+04   1.82e-06
  1.4942e+04   1.40e-06
  1.5501e+04   1.05e-06
  1.6081e+04   7.68e-07
  1.6683e+04   5.48e-07
  1.7308e+04   3.79e-07
  1.7956e+04   2.53e-07
  1.8628e+04   1.62e-07
  1.9325e+04   9.99e-08
  2.0049e+04   5.85e-08
  2.0799e+04   3.24e-08
  2.1578e+04   1.68e-08
  2.2386e+04   8.09e-09
  2.3224e+04   3.58e-09
  2.4093e+04   1.43e-09
  2.4995e+04   5.15e-10
  2.5930e+04   1.61e-10
  2.6901e+04   4.31e-11
  2.7908e+04   9.62e-12
  2.8953e+04   1.72e-12
  3.0037e+04   2.36e-13
  3.1161e+04   2.40e-14
  3.2327e+04   1.67e-15
  3.3537e+04   7.32e-17
  3.4793e+04   1.89e-18
  3.6095e+04   2.47e-20
  3.7446e+04   1.40e-22
  3.8848e+04   2.87e-25
  4.0302e+04   1.63e-28
  4.1811e+04   1.81e-32
  4.3376e+04   2.61e-37
  4.5000e+04   2.76e-43
