#  E [GeV]   # per interaction  [GeV^{-1}]
  3.0000e+01   2.76e-02
  3.1141e+01   2.65e-02
  3.2326e+01   2.55e-02
  3.3556e+01   2.45e-02
  3.4832e+01   2.36e-02
  3.6157e+01   2.27e-02
  3.7533e+01   2.18e-02
  3.8961e+01   2.10e-02
  4.0443e+01   2.01e-02
  4.1982e+01   1.93e-02
  4.3579e+01   1.86e-02
  4.5237e+01   1.78e-02
  4.6958e+01   1.71e-02
  4.8744e+01   1.64e-02
  5.0598e+01   1.58e-02
  5.2523e+01   1.51e-02
  5.4521e+01   1.45e-02
  5.6596e+01   1.39e-02
  5.8749e+01   1.33e-02
  6.0984e+01   1.28e-02
  6.3304e+01   1.22e-02
  6.5712e+01   1.17e-02
  6.8212e+01   1.12e-02
  7.0807e+01   1.07e-02
  7.3500e+01   1.03e-02
  7.6297e+01   9.83e-03
  7.9199e+01   9.41e-03
  8.2212e+01   8.99e-03
  8.5340e+01   8.60e-03
  8.8586e+01   8.22e-03
  9.1956e+01   7.85e-03
  9.5455e+01   7.50e-03
  9.9086e+01   7.17e-03
  1.0286e+02   6.84e-03
  1.0677e+02   6.53e-03
  1.1083e+02   6.23e-03
  1.1505e+02   5.95e-03
  1.1942e+02   5.67e-03
  1.2397e+02   5.41e-03
  1.2868e+02   5.16e-03
  1.3358e+02   4.91e-03
  1.3866e+02   4.68e-03
  1.4394e+02   4.46e-03
  1.4941e+02   4.25e-03
  1.5509e+02   4.04e-03
  1.6100e+02   3.85e-03
  1.6712e+02   3.66e-03
  1.7348e+02   3.48e-03
  1.8008e+02   3.31e-03
  1.8693e+02   3.14e-03
  1.9404e+02   2.99e-03
  2.0142e+02   2.84e-03
  2.0908e+02   2.70e-03
  2.1704e+02   2.56e-03
  2.2529e+02   2.43e-03
  2.3387e+02   2.30e-03
  2.4276e+02   2.19e-03
  2.5200e+02   2.07e-03
  2.6158e+02   1.96e-03
  2.7154e+02   1.86e-03
  2.8187e+02   1.76e-03
  2.9259e+02   1.67e-03
  3.0372e+02   1.58e-03
  3.1527e+02   1.49e-03
  3.2727e+02   1.41e-03
  3.3972e+02   1.34e-03
  3.5264e+02   1.26e-03
  3.6606e+02   1.19e-03
  3.7998e+02   1.13e-03
  3.9444e+02   1.07e-03
  4.0945e+02   1.01e-03
  4.2502e+02   9.50e-04
  4.4119e+02   8.96e-04
  4.5798e+02   8.45e-04
  4.7540e+02   7.97e-04
  4.9348e+02   7.51e-04
  5.1226e+02   7.08e-04
  5.3175e+02   6.67e-04
  5.5198e+02   6.29e-04
  5.7297e+02   5.92e-04
  5.9477e+02   5.58e-04
  6.1740e+02   5.25e-04
  6.4089e+02   4.94e-04
  6.6527e+02   4.65e-04
  6.9058e+02   4.37e-04
  7.1685e+02   4.11e-04
  7.4412e+02   3.87e-04
  7.7243e+02   3.64e-04
  8.0181e+02   3.42e-04
  8.3232e+02   3.22e-04
  8.6398e+02   3.02e-04
  8.9685e+02   2.84e-04
  9.3097e+02   2.67e-04
  9.6638e+02   2.51e-04
  1.0031e+03   2.36e-04
  1.0413e+03   2.22e-04
  1.0809e+03   2.09e-04
  1.1220e+03   1.96e-04
  1.1647e+03   1.84e-04
  1.2090e+03   1.73e-04
  1.2550e+03   1.63e-04
  1.3028e+03   1.53e-04
  1.3523e+03   1.44e-04
  1.4038e+03   1.36e-04
  1.4572e+03   1.28e-04
  1.5126e+03   1.20e-04
  1.5702e+03   1.13e-04
  1.6299e+03   1.06e-04
  1.6919e+03   1.00e-04
  1.7563e+03   9.43e-05
  1.8231e+03   8.88e-05
  1.8925e+03   8.37e-05
  1.9645e+03   7.88e-05
  2.0392e+03   7.43e-05
  2.1168e+03   7.00e-05
  2.1973e+03   6.60e-05
  2.2809e+03   6.22e-05
  2.3677e+03   5.87e-05
  2.4577e+03   5.53e-05
  2.5512e+03   5.22e-05
  2.6483e+03   4.93e-05
  2.7490e+03   4.65e-05
  2.8536e+03   4.40e-05
  2.9622e+03   4.15e-05
  3.0749e+03   3.92e-05
  3.1918e+03   3.71e-05
  3.3133e+03   3.51e-05
  3.4393e+03   3.31e-05
  3.5702e+03   3.13e-05
  3.7060e+03   2.97e-05
  3.8470e+03   2.81e-05
  3.9933e+03   2.65e-05
  4.1452e+03   2.51e-05
  4.3029e+03   2.38e-05
  4.4666e+03   2.25e-05
  4.6366e+03   2.13e-05
  4.8129e+03   2.02e-05
  4.9960e+03   1.91e-05
  5.1861e+03   1.81e-05
  5.3834e+03   1.71e-05
  5.5882e+03   1.62e-05
  5.8008e+03   1.54e-05
  6.0215e+03   1.46e-05
  6.2506e+03   1.38e-05
  6.4883e+03   1.30e-05
  6.7352e+03   1.23e-05
  6.9914e+03   1.17e-05
  7.2574e+03   1.11e-05
  7.5335e+03   1.05e-05
  7.8201e+03   9.87e-06
  8.1176e+03   9.33e-06
  8.4264e+03   8.81e-06
  8.7470e+03   8.31e-06
  9.0797e+03   7.83e-06
  9.4251e+03   7.37e-06
  9.7837e+03   6.93e-06
  1.0156e+04   6.51e-06
  1.0542e+04   6.11e-06
  1.0943e+04   5.72e-06
  1.1360e+04   5.35e-06
  1.1792e+04   5.00e-06
  1.2240e+04   4.66e-06
  1.2706e+04   4.33e-06
  1.3189e+04   4.02e-06
  1.3691e+04   3.71e-06
  1.4212e+04   3.42e-06
  1.4753e+04   3.14e-06
  1.5314e+04   2.87e-06
  1.5897e+04   2.62e-06
  1.6501e+04   2.37e-06
  1.7129e+04   2.14e-06
  1.7781e+04   1.92e-06
  1.8457e+04   1.70e-06
  1.9159e+04   1.50e-06
  1.9888e+04   1.31e-06
  2.0645e+04   1.13e-06
  2.1430e+04   9.69e-07
  2.2245e+04   8.16e-07
  2.3092e+04   6.76e-07
  2.3970e+04   5.50e-07
  2.4882e+04   4.37e-07
  2.5829e+04   3.39e-07
  2.6811e+04   2.55e-07
  2.7831e+04   1.85e-07
  2.8890e+04   1.29e-07
  2.9989e+04   8.50e-08
  3.1130e+04   5.28e-08
  3.2314e+04   3.05e-08
  3.3544e+04   1.61e-08
  3.4820e+04   7.65e-09
  3.6144e+04   3.18e-09
  3.7519e+04   1.12e-09
  3.8947e+04   3.21e-10
  4.0428e+04   7.16e-11
  4.1966e+04   1.16e-11
  4.3563e+04   1.24e-12
  4.5220e+04   7.94e-14
  4.6941e+04   2.59e-15
  4.8726e+04   3.55e-17
  5.0580e+04   1.56e-19
