#  E [GeV]   # per interaction  [GeV^{-1}]
  3.0000e+01   3.12e-02
  3.1232e+01   3.00e-02
  3.2514e+01   2.88e-02
  3.3849e+01   2.77e-02
  3.5238e+01   2.66e-02
  3.6685e+01   2.56e-02
  3.8191e+01   2.46e-02
  3.9759e+01   2.36e-02
  4.1391e+01   2.27e-02
  4.3090e+01   2.18e-02
  4.4859e+01   2.09e-02
  4.6701e+01   2.01e-02
  4.8618e+01   1.93e-02
  5.0614e+01   1.85e-02
  5.2692e+01   1.77e-02
  5.4855e+01   1.70e-02
  5.7107e+01   1.63e-02
  5.9451e+01   1.56e-02
  6.1892e+01   1.50e-02
  6.4433e+01   1.44e-02
  6.7078e+01   1.37e-02
  6.9832e+01   1.32e-02
  7.2699e+01   1.26e-02
  7.5683e+01   1.21e-02
  7.8790e+01   1.16e-02
  8.2025e+01   1.11e-02
  8.5392e+01   1.06e-02
  8.8898e+01   1.01e-02
  9.2547e+01   9.68e-03
  9.6347e+01   9.25e-03
  1.0030e+02   8.84e-03
  1.0442e+02   8.45e-03
  1.0871e+02   8.08e-03
  1.1317e+02   7.71e-03
  1.1782e+02   7.37e-03
  1.2265e+02   7.03e-03
  1.2769e+02   6.71e-03
  1.3293e+02   6.41e-03
  1.3839e+02   6.11e-03
  1.4407e+02   5.83e-03
  1.4998e+02   5.56e-03
  1.5614e+02   5.30e-03
  1.6255e+02   5.05e-03
  1.6922e+02   4.81e-03
  1.7617e+02   4.58e-03
  1.8340e+02   4.37e-03
  1.9093e+02   4.16e-03
  1.9877e+02   3.96e-03
  2.0693e+02   3.77e-03
  2.1543e+02   3.59e-03
  2.2427e+02   3.41e-03
  2.3348e+02   3.24e-03
  2.4306e+02   3.09e-03
  2.5304e+02   2.93e-03
  2.6343e+02   2.79e-03
  2.7424e+02   2.65e-03
  2.8550e+02   2.52e-03
  2.9722e+02   2.39e-03
  3.0942e+02   2.27e-03
  3.2213e+02   2.16e-03
  3.3535e+02   2.05e-03
  3.4912e+02   1.94e-03
  3.6345e+02   1.85e-03
  3.7837e+02   1.75e-03
  3.9390e+02   1.66e-03
  4.1008e+02   1.58e-03
  4.2691e+02   1.50e-03
  4.4444e+02   1.42e-03
  4.6268e+02   1.35e-03
  4.8168e+02   1.28e-03
  5.0145e+02   1.21e-03
  5.2204e+02   1.15e-03
  5.4347e+02   1.09e-03
  5.6578e+02   1.04e-03
  5.8901e+02   9.82e-04
  6.1319e+02   9.32e-04
  6.3836e+02   8.85e-04
  6.6457e+02   8.40e-04
  6.9185e+02   7.97e-04
  7.2025e+02   7.58e-04
  7.4982e+02   7.20e-04
  7.8061e+02   6.84e-04
  8.1265e+02   6.51e-04
  8.4601e+02   6.19e-04
  8.8075e+02   5.89e-04
  9.1690e+02   5.61e-04
  9.5455e+02   5.34e-04
  9.9373e+02   5.09e-04
  1.0345e+03   4.85e-04
  1.0770e+03   4.63e-04
  1.1212e+03   4.42e-04
  1.1672e+03   4.22e-04
  1.2152e+03   4.03e-04
  1.2650e+03   3.85e-04
  1.3170e+03   3.69e-04
  1.3711e+03   3.53e-04
  1.4273e+03   3.38e-04
  1.4859e+03   3.24e-04
  1.5469e+03   3.11e-04
  1.6104e+03   2.98e-04
  1.6766e+03   2.87e-04
  1.7454e+03   2.75e-04
  1.8170e+03   2.65e-04
  1.8916e+03   2.55e-04
  1.9693e+03   2.45e-04
  2.0501e+03   2.36e-04
  2.1343e+03   2.27e-04
  2.2219e+03   2.19e-04
  2.3131e+03   2.11e-04
  2.4081e+03   2.04e-04
  2.5070e+03   1.97e-04
  2.6099e+03   1.90e-04
  2.7170e+03   1.84e-04
  2.8286e+03   1.77e-04
  2.9447e+03   1.71e-04
  3.0656e+03   1.66e-04
  3.1914e+03   1.60e-04
  3.3225e+03   1.55e-04
  3.4589e+03   1.50e-04
  3.6008e+03   1.45e-04
  3.7487e+03   1.40e-04
  3.9026e+03   1.35e-04
  4.0628e+03   1.31e-04
  4.2296e+03   1.26e-04
  4.4032e+03   1.22e-04
  4.5840e+03   1.18e-04
  4.7722e+03   1.14e-04
  4.9681e+03   1.10e-04
  5.1720e+03   1.06e-04
  5.3844e+03   1.02e-04
  5.6054e+03   9.86e-05
  5.8355e+03   9.49e-05
  6.0751e+03   9.14e-05
  6.3245e+03   8.79e-05
  6.5841e+03   8.45e-05
  6.8544e+03   8.12e-05
  7.1358e+03   7.79e-05
  7.4288e+03   7.46e-05
  7.7338e+03   7.15e-05
  8.0513e+03   6.83e-05
  8.3818e+03   6.52e-05
  8.7259e+03   6.22e-05
  9.0841e+03   5.92e-05
  9.4571e+03   5.62e-05
  9.8453e+03   5.33e-05
  1.0249e+04   5.04e-05
  1.0670e+04   4.76e-05
  1.1108e+04   4.48e-05
  1.1564e+04   4.20e-05
  1.2039e+04   3.94e-05
  1.2533e+04   3.67e-05
  1.3048e+04   3.41e-05
  1.3584e+04   3.16e-05
  1.4141e+04   2.91e-05
  1.4722e+04   2.67e-05
  1.5326e+04   2.44e-05
  1.5955e+04   2.21e-05
  1.6610e+04   1.99e-05
  1.7292e+04   1.78e-05
  1.8002e+04   1.58e-05
  1.8741e+04   1.38e-05
  1.9511e+04   1.20e-05
  2.0312e+04   1.02e-05
  2.1145e+04   8.63e-06
  2.2013e+04   7.16e-06
  2.2917e+04   5.82e-06
  2.3858e+04   4.62e-06
  2.4837e+04   3.58e-06
  2.5857e+04   2.68e-06
  2.6919e+04   1.94e-06
  2.8024e+04   1.34e-06
  2.9174e+04   8.78e-07
  3.0372e+04   5.40e-07
  3.1619e+04   3.07e-07
  3.2917e+04   1.59e-07
  3.4268e+04   7.34e-08
  3.5675e+04   2.93e-08
  3.7140e+04   9.73e-09
  3.8664e+04   2.58e-09
  4.0252e+04   5.15e-10
  4.1904e+04   7.12e-11
  4.3624e+04   6.14e-12
  4.5415e+04   2.87e-13
  4.7280e+04   5.99e-15
  4.9221e+04   4.29e-17
  5.1241e+04   7.37e-20
  5.3345e+04   1.82e-23
  5.5535e+04   3.12e-28
  5.7815e+04   1.35e-34
  6.0188e+04   3.29e-43
  6.2659e+04   2.02e-46
  6.5232e+04   1.75e-46
  6.7910e+04   1.50e-46
  7.0698e+04   1.27e-46
  7.3600e+04   1.10e-46
  7.6621e+04   9.41e-47
  7.9767e+04   8.06e-47
  8.3042e+04   7.07e-47
  8.6451e+04   6.14e-47
  9.0000e+04   5.44e-47
