#  E [GeV]   # per interaction  [GeV^{-1}]
  3.0000e+01   4.88e-01
  3.0782e+01   4.70e-01
  3.1585e+01   4.53e-01
  3.2409e+01   4.36e-01
  3.3255e+01   4.20e-01
  3.4122e+01   4.04e-01
  3.5012e+01   3.88e-01
  3.5925e+01   3.74e-01
  3.6862e+01   3.59e-01
  3.7824e+01   3.46e-01
  3.8810e+01   3.32e-01
  3.9822e+01   3.19e-01
  4.0861e+01   3.07e-01
  4.1927e+01   2.95e-01
  4.3021e+01   2.83e-01
  4.4143e+01   2.72e-01
  4.5294e+01   2.61e-01
  4.6475e+01   2.51e-01
  4.7688e+01   2.40e-01
  4.8931e+01   2.31e-01
  5.0208e+01   2.21e-01
  5.1517e+01   2.12e-01
  5.2861e+01   2.03e-01
  5.4240e+01   1.95e-01
  5.5654e+01   1.87e-01
  5.7106e+01   1.79e-01
  5.8596e+01   1.72e-01
  6.0124e+01   1.64e-01
  6.1692e+01   1.57e-01
  6.3301e+01   1.51e-01
  6.4952e+01   1.44e-01
  6.6647e+01   1.38e-01
  6.8385e+01   1.32e-01
  7.0169e+01   1.26e-01
  7.1999e+01   1.21e-01
  7.3877e+01   1.16e-01
  7.5804e+01   1.11e-01
  7.7781e+01   1.06e-01
  7.9810e+01   1.01e-01
  8.1891e+01   9.64e-02
  8.4027e+01   9.21e-02
  8.6219e+01   8.79e-02
  8.8468e+01   8.39e-02
  9.0775e+01   8.01e-02
  9.3143e+01   7.64e-02
  9.5572e+01   7.28e-02
  9.8065e+01   6.94e-02
  1.0062e+02   6.62e-02
  1.0325e+02   6.30e-02
  1.0594e+02   6.00e-02
  1.0870e+02   5.72e-02
  1.1154e+02   5.44e-02
  1.1445e+02   5.18e-02
  1.1743e+02   4.92e-02
  1.2050e+02   4.68e-02
  1.2364e+02   4.45e-02
  1.2686e+02   4.23e-02
  1.3017e+02   4.01e-02
  1.3357e+02   3.80e-02
  1.3705e+02   3.61e-02
  1.4063e+02   3.42e-02
  1.4429e+02   3.25e-02
  1.4806e+02   3.07e-02
  1.5192e+02   2.91e-02
  1.5588e+02   2.76e-02
  1.5995e+02   2.61e-02
  1.6412e+02   2.47e-02
  1.6840e+02   2.33e-02
  1.7279e+02   2.20e-02
  1.7730e+02   2.08e-02
  1.8193e+02   1.97e-02
  1.8667e+02   1.86e-02
  1.9154e+02   1.75e-02
  1.9654e+02   1.65e-02
  2.0166e+02   1.56e-02
  2.0692e+02   1.46e-02
  2.1232e+02   1.38e-02
  2.1786e+02   1.30e-02
  2.2354e+02   1.22e-02
  2.2937e+02   1.15e-02
  2.3535e+02   1.07e-02
  2.4149e+02   1.01e-02
  2.4779e+02   9.46e-03
  2.5425e+02   8.87e-03
  2.6088e+02   8.30e-03
  2.6769e+02   7.75e-03
  2.7467e+02   7.25e-03
  2.8184e+02   6.78e-03
  2.8919e+02   6.33e-03
  2.9673e+02   5.90e-03
  3.0447e+02   5.50e-03
  3.1241e+02   5.13e-03
  3.2056e+02   4.78e-03
  3.2892e+02   4.45e-03
  3.3750e+02   4.13e-03
  3.4630e+02   3.84e-03
  3.5533e+02   3.57e-03
  3.6460e+02   3.31e-03
  3.7411e+02   3.07e-03
  3.8387e+02   2.84e-03
  3.9388e+02   2.63e-03
  4.0416e+02   2.44e-03
  4.1470e+02   2.25e-03
  4.2551e+02   2.07e-03
  4.3661e+02   1.92e-03
  4.4800e+02   1.77e-03
  4.5969e+02   1.63e-03
  4.7168e+02   1.50e-03
  4.8398e+02   1.38e-03
  4.9660e+02   1.27e-03
  5.0956e+02   1.17e-03
  5.2285e+02   1.07e-03
  5.3648e+02   9.76e-04
  5.5048e+02   8.97e-04
  5.6483e+02   8.23e-04
  5.7957e+02   7.52e-04
  5.9468e+02   6.85e-04
  6.1020e+02   6.26e-04
  6.2611e+02   5.73e-04
  6.4244e+02   5.23e-04
  6.5920e+02   4.75e-04
  6.7639e+02   4.31e-04
  6.9403e+02   3.94e-04
  7.1214e+02   3.59e-04
  7.3071e+02   3.26e-04
  7.4977e+02   2.95e-04
  7.6933e+02   2.68e-04
  7.8939e+02   2.44e-04
  8.0998e+02   2.22e-04
  8.3111e+02   2.00e-04
  8.5279e+02   1.80e-04
  8.7503e+02   1.64e-04
  8.9785e+02   1.49e-04
  9.2127e+02   1.34e-04
  9.4530e+02   1.21e-04
  9.6996e+02   1.09e-04
  9.9526e+02   9.91e-05
  1.0212e+03   8.94e-05
  1.0479e+03   8.03e-05
  1.0752e+03   7.20e-05
  1.1032e+03   6.53e-05
  1.1320e+03   5.90e-05
  1.1615e+03   5.30e-05
  1.1918e+03   4.73e-05
  1.2229e+03   4.27e-05
  1.2548e+03   3.86e-05
  1.2875e+03   3.48e-05
  1.3211e+03   3.11e-05
  1.3556e+03   2.79e-05
  1.3909e+03   2.52e-05
  1.4272e+03   2.28e-05
  1.4644e+03   2.04e-05
  1.5026e+03   1.82e-05
  1.5418e+03   1.65e-05
  1.5820e+03   1.49e-05
  1.6233e+03   1.34e-05
  1.6657e+03   1.20e-05
  1.7091e+03   1.08e-05
  1.7537e+03   9.76e-06
  1.7994e+03   8.83e-06
  1.8464e+03   7.94e-06
  1.8945e+03   7.10e-06
  1.9439e+03   6.46e-06
  1.9946e+03   5.87e-06
  2.0467e+03   5.32e-06
  2.1000e+03   4.80e-06
  2.1548e+03   4.34e-06
  2.2110e+03   3.97e-06
  2.2687e+03   3.62e-06
  2.3279e+03   3.29e-06
  2.3886e+03   2.98e-06
  2.4509e+03   2.74e-06
  2.5148e+03   2.52e-06
  2.5804e+03   2.31e-06
  2.6477e+03   2.11e-06
  2.7168e+03   1.94e-06
  2.7876e+03   1.79e-06
  2.8603e+03   1.65e-06
  2.9349e+03   1.52e-06
  3.0115e+03   1.40e-06
  3.0900e+03   1.30e-06
  3.1706e+03   1.21e-06
  3.2533e+03   1.12e-06
  3.3382e+03   1.03e-06
  3.4253e+03   9.59e-07
  3.5146e+03   8.93e-07
  3.6063e+03   8.30e-07
  3.7003e+03   7.71e-07
  3.7969e+03   7.14e-07
  3.8959e+03   6.62e-07
  3.9975e+03   6.13e-07
  4.1018e+03   5.66e-07
  4.2088e+03   5.22e-07
  4.3185e+03   4.80e-07
  4.4312e+03   4.42e-07
  4.5467e+03   4.05e-07
  4.6653e+03   3.70e-07
  4.7870e+03   3.37e-07
  4.9119e+03   3.14e-07
  5.0400e+03   2.91e-07
