#  E [MeV]   Flux [# cm^{-2} s^{-1}  MeV^{-1}]
  3.0000e+04   7.38e-25
  3.1232e+04   7.05e-25
  3.2514e+04   6.74e-25
  3.3849e+04   6.44e-25
  3.5238e+04   6.16e-25
  3.6685e+04   5.89e-25
  3.8191e+04   5.63e-25
  3.9759e+04   5.38e-25
  4.1391e+04   5.14e-25
  4.3090e+04   4.91e-25
  4.4859e+04   4.69e-25
  4.6701e+04   4.48e-25
  4.8618e+04   4.28e-25
  5.0614e+04   4.08e-25
  5.2692e+04   3.90e-25
  5.4855e+04   3.72e-25
  5.7107e+04   3.55e-25
  5.9451e+04   3.39e-25
  6.1892e+04   3.24e-25
  6.4433e+04   3.09e-25
  6.7078e+04   2.95e-25
  6.9832e+04   2.82e-25
  7.2699e+04   2.69e-25
  7.5683e+04   2.56e-25
  7.8790e+04   2.45e-25
  8.2025e+04   2.33e-25
  8.5392e+04   2.23e-25
  8.8898e+04   2.12e-25
  9.2547e+04   2.02e-25
  9.6347e+04   1.93e-25
  1.0030e+05   1.84e-25
  1.0442e+05   1.75e-25
  1.0871e+05   1.67e-25
  1.1317e+05   1.59e-25
  1.1782e+05   1.52e-25
  1.2265e+05   1.45e-25
  1.2769e+05   1.38e-25
  1.3293e+05   1.31e-25
  1.3839e+05   1.25e-25
  1.4407e+05   1.19e-25
  1.4998e+05   1.13e-25
  1.5614e+05   1.08e-25
  1.6255e+05   1.03e-25
  1.6922e+05   9.75e-26
  1.7617e+05   9.27e-26
  1.8340e+05   8.82e-26
  1.9093e+05   8.38e-26
  1.9877e+05   7.97e-26
  2.0693e+05   7.57e-26
  2.1543e+05   7.19e-26
  2.2427e+05   6.83e-26
  2.3348e+05   6.48e-26
  2.4306e+05   6.15e-26
  2.5304e+05   5.84e-26
  2.6343e+05   5.54e-26
  2.7424e+05   5.25e-26
  2.8550e+05   4.98e-26
  2.9722e+05   4.71e-26
  3.0942e+05   4.46e-26
  3.2213e+05   4.23e-26
  3.3535e+05   4.00e-26
  3.4912e+05   3.78e-26
  3.6345e+05   3.58e-26
  3.7837e+05   3.38e-26
  3.9390e+05   3.19e-26
  4.1008e+05   3.01e-26
  4.2691e+05   2.85e-26
  4.4444e+05   2.68e-26
  4.6268e+05   2.53e-26
  4.8168e+05   2.39e-26
  5.0145e+05   2.25e-26
  5.2204e+05   2.12e-26
  5.4347e+05   1.99e-26
  5.6578e+05   1.87e-26
  5.8901e+05   1.76e-26
  6.1319e+05   1.66e-26
  6.3836e+05   1.56e-26
  6.6457e+05   1.46e-26
  6.9185e+05   1.37e-26
  7.2025e+05   1.28e-26
  7.4982e+05   1.20e-26
  7.8061e+05   1.13e-26
  8.1265e+05   1.06e-26
  8.4601e+05   9.89e-27
  8.8075e+05   9.26e-27
  9.1690e+05   8.66e-27
  9.5455e+05   8.10e-27
  9.9373e+05   7.57e-27
  1.0345e+06   7.07e-27
  1.0770e+06   6.60e-27
  1.1212e+06   6.16e-27
  1.1672e+06   5.75e-27
  1.2152e+06   5.36e-27
  1.2650e+06   5.00e-27
  1.3170e+06   4.66e-27
  1.3711e+06   4.34e-27
  1.4273e+06   4.04e-27
  1.4859e+06   3.76e-27
  1.5469e+06   3.50e-27
  1.6104e+06   3.25e-27
  1.6766e+06   3.03e-27
  1.7454e+06   2.81e-27
  1.8170e+06   2.61e-27
  1.8916e+06   2.42e-27
  1.9693e+06   2.25e-27
  2.0501e+06   2.09e-27
  2.1343e+06   1.94e-27
  2.2219e+06   1.79e-27
  2.3131e+06   1.66e-27
  2.4081e+06   1.54e-27
  2.5070e+06   1.42e-27
  2.6099e+06   1.31e-27
  2.7170e+06   1.21e-27
  2.8286e+06   1.12e-27
  2.9447e+06   1.03e-27
  3.0656e+06   9.51e-28
  3.1914e+06   8.76e-28
  3.3225e+06   8.07e-28
  3.4589e+06   7.42e-28
  3.6008e+06   6.82e-28
  3.7487e+06   6.26e-28
  3.9026e+06   5.74e-28
  4.0628e+06   5.27e-28
  4.2296e+06   4.82e-28
  4.4032e+06   4.41e-28
  4.5840e+06   4.03e-28
  4.7722e+06   3.68e-28
  4.9681e+06   3.35e-28
  5.1720e+06   3.06e-28
  5.3844e+06   2.78e-28
  5.6054e+06   2.53e-28
  5.8355e+06   2.30e-28
  6.0751e+06   2.08e-28
  6.3245e+06   1.88e-28
  6.5841e+06   1.70e-28
  6.8544e+06   1.54e-28
  7.1358e+06   1.39e-28
  7.4288e+06   1.25e-28
  7.7338e+06   1.12e-28
  8.0513e+06   1.01e-28
  8.3818e+06   9.03e-29
  8.7259e+06   8.06e-29
  9.0841e+06   7.20e-29
  9.4571e+06   6.41e-29
  9.8453e+06   5.68e-29
  1.0249e+07   5.04e-29
  1.0670e+07   4.46e-29
  1.1108e+07   3.92e-29
  1.1564e+07   3.46e-29
  1.2039e+07   3.03e-29
  1.2533e+07   2.64e-29
  1.3048e+07   2.30e-29
  1.3584e+07   1.99e-29
  1.4141e+07   1.72e-29
  1.4722e+07   1.48e-29
  1.5326e+07   1.26e-29
  1.5955e+07   1.07e-29
  1.6610e+07   9.05e-30
  1.7292e+07   7.56e-30
  1.8002e+07   6.28e-30
  1.8741e+07   5.18e-30
  1.9511e+07   4.20e-30
  2.0312e+07   3.38e-30
  2.1145e+07   2.68e-30
  2.2013e+07   2.08e-30
  2.2917e+07   1.60e-30
  2.3858e+07   1.20e-30
  2.4837e+07   8.66e-31
  2.5857e+07   6.14e-31
  2.6919e+07   4.17e-31
  2.8024e+07   2.70e-31
  2.9174e+07   1.67e-31
  3.0372e+07   9.60e-32
  3.1619e+07   5.08e-32
  3.2917e+07   2.45e-32
  3.4268e+07   1.04e-32
  3.5675e+07   3.79e-33
  3.7140e+07   1.14e-33
  3.8664e+07   2.69e-34
  4.0252e+07   4.66e-35
  4.1904e+07   5.42e-36
  4.3624e+07   3.74e-37
  4.5415e+07   1.32e-38
  4.7280e+07   1.92e-40
  4.9221e+07   8.50e-43
  5.1241e+07   7.75e-46
  5.3345e+07   8.13e-50
  5.5535e+07   4.39e-55
  5.7815e+07   3.96e-62
  6.0188e+07   1.52e-70
  6.2659e+07   1.53e-70
  6.5232e+07   1.59e-70
  6.7910e+07   1.65e-70
  7.0698e+07   1.74e-70
  7.3600e+07   1.97e-70
  7.6621e+07   2.17e-70
  7.9767e+07   2.68e-70
  8.3042e+07   3.65e-70
  8.6451e+07   4.53e-70
  9.0000e+07   6.07e-70
