#  E [GeV]   # per interaction  [GeV^{-1}]
  3.0000e+01   5.47e-01
  3.0962e+01   5.29e-01
  3.1955e+01   5.11e-01
  3.2979e+01   4.94e-01
  3.4037e+01   4.78e-01
  3.5128e+01   4.62e-01
  3.6254e+01   4.46e-01
  3.7417e+01   4.31e-01
  3.8616e+01   4.16e-01
  3.9855e+01   4.02e-01
  4.1132e+01   3.88e-01
  4.2451e+01   3.74e-01
  4.3812e+01   3.61e-01
  4.5217e+01   3.49e-01
  4.6667e+01   3.36e-01
  4.8163e+01   3.24e-01
  4.9707e+01   3.13e-01
  5.1301e+01   3.01e-01
  5.2946e+01   2.90e-01
  5.4644e+01   2.80e-01
  5.6396e+01   2.69e-01
  5.8204e+01   2.59e-01
  6.0070e+01   2.50e-01
  6.1996e+01   2.40e-01
  6.3984e+01   2.31e-01
  6.6035e+01   2.22e-01
  6.8153e+01   2.14e-01
  7.0338e+01   2.05e-01
  7.2593e+01   1.97e-01
  7.4921e+01   1.90e-01
  7.7323e+01   1.82e-01
  7.9802e+01   1.75e-01
  8.2361e+01   1.68e-01
  8.5002e+01   1.61e-01
  8.7727e+01   1.54e-01
  9.0540e+01   1.48e-01
  9.3443e+01   1.42e-01
  9.6439e+01   1.36e-01
  9.9531e+01   1.30e-01
  1.0272e+02   1.25e-01
  1.0602e+02   1.19e-01
  1.0942e+02   1.14e-01
  1.1292e+02   1.09e-01
  1.1654e+02   1.04e-01
  1.2028e+02   9.96e-02
  1.2414e+02   9.50e-02
  1.2812e+02   9.07e-02
  1.3223e+02   8.66e-02
  1.3646e+02   8.25e-02
  1.4084e+02   7.87e-02
  1.4536e+02   7.49e-02
  1.5002e+02   7.14e-02
  1.5483e+02   6.79e-02
  1.5979e+02   6.46e-02
  1.6491e+02   6.15e-02
  1.7020e+02   5.84e-02
  1.7566e+02   5.55e-02
  1.8129e+02   5.27e-02
  1.8710e+02   5.00e-02
  1.9310e+02   4.74e-02
  1.9929e+02   4.49e-02
  2.0568e+02   4.25e-02
  2.1228e+02   4.03e-02
  2.1909e+02   3.81e-02
  2.2611e+02   3.60e-02
  2.3336e+02   3.40e-02
  2.4084e+02   3.21e-02
  2.4856e+02   3.04e-02
  2.5653e+02   2.86e-02
  2.6476e+02   2.70e-02
  2.7325e+02   2.54e-02
  2.8201e+02   2.40e-02
  2.9105e+02   2.25e-02
  3.0038e+02   2.12e-02
  3.1002e+02   1.99e-02
  3.1996e+02   1.87e-02
  3.3021e+02   1.76e-02
  3.4080e+02   1.65e-02
  3.5173e+02   1.54e-02
  3.6301e+02   1.45e-02
  3.7465e+02   1.35e-02
  3.8666e+02   1.26e-02
  3.9905e+02   1.18e-02
  4.1185e+02   1.10e-02
  4.2506e+02   1.03e-02
  4.3868e+02   9.57e-03
  4.5275e+02   8.91e-03
  4.6727e+02   8.28e-03
  4.8225e+02   7.70e-03
  4.9771e+02   7.15e-03
  5.1367e+02   6.63e-03
  5.3014e+02   6.15e-03
  5.4714e+02   5.70e-03
  5.6468e+02   5.28e-03
  5.8278e+02   4.88e-03
  6.0147e+02   4.50e-03
  6.2075e+02   4.16e-03
  6.4066e+02   3.84e-03
  6.6120e+02   3.54e-03
  6.8240e+02   3.26e-03
  7.0428e+02   3.01e-03
  7.2686e+02   2.77e-03
  7.5017e+02   2.54e-03
  7.7422e+02   2.34e-03
  7.9904e+02   2.15e-03
  8.2466e+02   1.97e-03
  8.5110e+02   1.81e-03
  8.7839e+02   1.66e-03
  9.0656e+02   1.52e-03
  9.3562e+02   1.39e-03
  9.6562e+02   1.27e-03
  9.9658e+02   1.16e-03
  1.0285e+03   1.06e-03
  1.0615e+03   9.70e-04
  1.0956e+03   8.87e-04
  1.1307e+03   8.10e-04
  1.1669e+03   7.39e-04
  1.2043e+03   6.72e-04
  1.2430e+03   6.13e-04
  1.2828e+03   5.59e-04
  1.3239e+03   5.08e-04
  1.3664e+03   4.61e-04
  1.4102e+03   4.21e-04
  1.4554e+03   3.82e-04
  1.5021e+03   3.46e-04
  1.5502e+03   3.15e-04
  1.6000e+03   2.86e-04
  1.6513e+03   2.59e-04
  1.7042e+03   2.34e-04
  1.7588e+03   2.13e-04
  1.8152e+03   1.93e-04
  1.8734e+03   1.74e-04
  1.9335e+03   1.57e-04
  1.9955e+03   1.42e-04
  2.0595e+03   1.28e-04
  2.1255e+03   1.15e-04
  2.1937e+03   1.04e-04
  2.2640e+03   9.42e-05
  2.3366e+03   8.47e-05
  2.4115e+03   7.59e-05
  2.4888e+03   6.85e-05
  2.5686e+03   6.16e-05
  2.6510e+03   5.51e-05
  2.7360e+03   4.93e-05
  2.8237e+03   4.44e-05
  2.9142e+03   3.97e-05
  3.0077e+03   3.53e-05
  3.1041e+03   3.16e-05
  3.2036e+03   2.83e-05
  3.3064e+03   2.51e-05
  3.4124e+03   2.23e-05
  3.5218e+03   1.99e-05
  3.6347e+03   1.77e-05
  3.7512e+03   1.56e-05
  3.8715e+03   1.38e-05
  3.9957e+03   1.23e-05
  4.1238e+03   1.09e-05
  4.2560e+03   9.50e-06
  4.3924e+03   8.43e-06
  4.5333e+03   7.44e-06
  4.6786e+03   6.52e-06
  4.8286e+03   5.70e-06
  4.9835e+03   5.03e-06
  5.1433e+03   4.41e-06
  5.3082e+03   3.83e-06
  5.4784e+03   3.35e-06
  5.6540e+03   2.94e-06
  5.8353e+03   2.55e-06
  6.0224e+03   2.20e-06
  6.2155e+03   1.92e-06
  6.4148e+03   1.67e-06
  6.6205e+03   1.44e-06
  6.8327e+03   1.24e-06
  7.0518e+03   1.07e-06
  7.2779e+03   9.17e-07
  7.5113e+03   7.77e-07
  7.7521e+03   6.66e-07
  8.0007e+03   5.71e-07
  8.2572e+03   4.85e-07
  8.5219e+03   4.08e-07
  8.7952e+03   3.50e-07
  9.0772e+03   2.97e-07
  9.3682e+03   2.50e-07
  9.6686e+03   2.11e-07
  9.9786e+03   1.80e-07
  1.0299e+04   1.53e-07
  1.0629e+04   1.28e-07
  1.0970e+04   1.09e-07
  1.1321e+04   9.23e-08
  1.1684e+04   7.77e-08
  1.2059e+04   6.48e-08
  1.2446e+04   5.50e-08
  1.2845e+04   4.62e-08
  1.3256e+04   3.85e-08
  1.3681e+04   3.19e-08
  1.4120e+04   2.64e-08
  1.4573e+04   2.15e-08
  1.5040e+04   1.73e-08
  1.5522e+04   1.38e-08
  1.6020e+04   1.09e-08
