#  E [MeV]   Flux [# cm^{-2} s^{-1}  MeV^{-1}]
  3.0000e+04   3.89e-24
  3.1141e+04   3.72e-24
  3.2326e+04   3.56e-24
  3.3556e+04   3.40e-24
  3.4832e+04   3.25e-24
  3.6157e+04   3.11e-24
  3.7533e+04   2.97e-24
  3.8961e+04   2.84e-24
  4.0443e+04   2.71e-24
  4.1982e+04   2.59e-24
  4.3579e+04   2.47e-24
  4.5237e+04   2.36e-24
  4.6958e+04   2.25e-24
  4.8744e+04   2.15e-24
  5.0598e+04   2.05e-24
  5.2523e+04   1.96e-24
  5.4521e+04   1.87e-24
  5.6596e+04   1.78e-24
  5.8749e+04   1.70e-24
  6.0984e+04   1.62e-24
  6.3304e+04   1.54e-24
  6.5712e+04   1.47e-24
  6.8212e+04   1.40e-24
  7.0807e+04   1.34e-24
  7.3500e+04   1.27e-24
  7.6297e+04   1.21e-24
  7.9199e+04   1.16e-24
  8.2212e+04   1.10e-24
  8.5340e+04   1.05e-24
  8.8586e+04   9.97e-25
  9.1956e+04   9.49e-25
  9.5455e+04   9.02e-25
  9.9086e+04   8.58e-25
  1.0286e+05   8.17e-25
  1.0677e+05   7.76e-25
  1.1083e+05   7.38e-25
  1.1505e+05   7.02e-25
  1.1942e+05   6.67e-25
  1.2397e+05   6.34e-25
  1.2868e+05   6.02e-25
  1.3358e+05   5.72e-25
  1.3866e+05   5.43e-25
  1.4394e+05   5.15e-25
  1.4941e+05   4.89e-25
  1.5509e+05   4.64e-25
  1.6100e+05   4.40e-25
  1.6712e+05   4.17e-25
  1.7348e+05   3.96e-25
  1.8008e+05   3.75e-25
  1.8693e+05   3.55e-25
  1.9404e+05   3.37e-25
  2.0142e+05   3.19e-25
  2.0908e+05   3.02e-25
  2.1704e+05   2.86e-25
  2.2529e+05   2.70e-25
  2.3387e+05   2.56e-25
  2.4276e+05   2.42e-25
  2.5200e+05   2.28e-25
  2.6158e+05   2.16e-25
  2.7154e+05   2.04e-25
  2.8187e+05   1.92e-25
  2.9259e+05   1.82e-25
  3.0372e+05   1.71e-25
  3.1527e+05   1.62e-25
  3.2727e+05   1.52e-25
  3.3972e+05   1.43e-25
  3.5264e+05   1.35e-25
  3.6606e+05   1.27e-25
  3.7998e+05   1.20e-25
  3.9444e+05   1.12e-25
  4.0945e+05   1.06e-25
  4.2502e+05   9.91e-26
  4.4119e+05   9.30e-26
  4.5798e+05   8.73e-26
  4.7540e+05   8.19e-26
  4.9348e+05   7.67e-26
  5.1226e+05   7.19e-26
  5.3175e+05   6.73e-26
  5.5198e+05   6.30e-26
  5.7297e+05   5.89e-26
  5.9477e+05   5.51e-26
  6.1740e+05   5.15e-26
  6.4089e+05   4.81e-26
  6.6527e+05   4.49e-26
  6.9058e+05   4.19e-26
  7.1685e+05   3.91e-26
  7.4412e+05   3.64e-26
  7.7243e+05   3.39e-26
  8.0181e+05   3.16e-26
  8.3232e+05   2.94e-26
  8.6398e+05   2.74e-26
  8.9685e+05   2.55e-26
  9.3097e+05   2.37e-26
  9.6638e+05   2.20e-26
  1.0031e+06   2.04e-26
  1.0413e+06   1.90e-26
  1.0809e+06   1.76e-26
  1.1220e+06   1.63e-26
  1.1647e+06   1.51e-26
  1.2090e+06   1.40e-26
  1.2550e+06   1.30e-26
  1.3028e+06   1.20e-26
  1.3523e+06   1.11e-26
  1.4038e+06   1.02e-26
  1.4572e+06   9.44e-27
  1.5126e+06   8.71e-27
  1.5702e+06   8.02e-27
  1.6299e+06   7.40e-27
  1.6919e+06   6.81e-27
  1.7563e+06   6.26e-27
  1.8231e+06   5.76e-27
  1.8925e+06   5.29e-27
  1.9645e+06   4.85e-27
  2.0392e+06   4.45e-27
  2.1168e+06   4.08e-27
  2.1973e+06   3.73e-27
  2.2809e+06   3.42e-27
  2.3677e+06   3.12e-27
  2.4577e+06   2.85e-27
  2.5512e+06   2.60e-27
  2.6483e+06   2.37e-27
  2.7490e+06   2.15e-27
  2.8536e+06   1.96e-27
  2.9622e+06   1.78e-27
  3.0749e+06   1.61e-27
  3.1918e+06   1.46e-27
  3.3133e+06   1.32e-27
  3.4393e+06   1.19e-27
  3.5702e+06   1.08e-27
  3.7060e+06   9.74e-28
  3.8470e+06   8.76e-28
  3.9933e+06   7.87e-28
  4.1452e+06   7.09e-28
  4.3029e+06   6.35e-28
  4.4666e+06   5.68e-28
  4.6366e+06   5.10e-28
  4.8129e+06   4.55e-28
  4.9960e+06   4.05e-28
  5.1861e+06   3.62e-28
  5.3834e+06   3.21e-28
  5.5882e+06   2.84e-28
  5.8008e+06   2.53e-28
  6.0215e+06   2.23e-28
  6.2506e+06   1.96e-28
  6.4883e+06   1.74e-28
  6.7352e+06   1.53e-28
  6.9914e+06   1.34e-28
  7.2574e+06   1.18e-28
  7.5335e+06   1.03e-28
  7.8201e+06   8.99e-29
  8.1176e+06   7.89e-29
  8.4264e+06   6.88e-29
  8.7470e+06   5.94e-29
  9.0797e+06   5.18e-29
  9.4251e+06   4.49e-29
  9.7837e+06   3.86e-29
  1.0156e+07   3.34e-29
  1.0542e+07   2.88e-29
  1.0943e+07   2.45e-29
  1.1360e+07   2.10e-29
  1.1792e+07   1.80e-29
  1.2240e+07   1.53e-29
  1.2706e+07   1.30e-29
  1.3189e+07   1.11e-29
  1.3691e+07   9.30e-30
  1.4212e+07   7.83e-30
  1.4753e+07   6.61e-30
  1.5314e+07   5.51e-30
  1.5897e+07   4.58e-30
  1.6501e+07   3.83e-30
  1.7129e+07   3.15e-30
  1.7781e+07   2.58e-30
  1.8457e+07   2.12e-30
  1.9159e+07   1.72e-30
  1.9888e+07   1.37e-30
  2.0645e+07   1.11e-30
  2.1430e+07   8.73e-31
  2.2245e+07   6.77e-31
  2.3092e+07   5.25e-31
  2.3970e+07   3.97e-31
  2.4882e+07   2.92e-31
  2.5829e+07   2.13e-31
  2.6811e+07   1.49e-31
  2.7831e+07   9.99e-32
  2.8890e+07   6.47e-32
  2.9989e+07   3.95e-32
  3.1130e+07   2.25e-32
  3.2314e+07   1.19e-32
  3.3544e+07   5.72e-33
  3.4820e+07   2.43e-33
  3.6144e+07   8.94e-34
  3.7519e+07   2.74e-34
  3.8947e+07   6.69e-35
  4.0428e+07   1.23e-35
  4.1966e+07   1.57e-36
  4.3563e+07   1.27e-37
  4.5220e+07   5.73e-39
  4.6941e+07   1.22e-40
  4.8726e+07   9.80e-43
  5.0580e+07   2.23e-45
