#  E [MeV]   Flux [# cm^{-2} s^{-1}  MeV^{-1}]
  3.0000e+04   1.87e-21
  3.0517e+04   1.81e-21
  3.1043e+04   1.75e-21
  3.1578e+04   1.70e-21
  3.2123e+04   1.64e-21
  3.2676e+04   1.59e-21
  3.3240e+04   1.54e-21
  3.3813e+04   1.49e-21
  3.4396e+04   1.44e-21
  3.4989e+04   1.39e-21
  3.5592e+04   1.35e-21
  3.6205e+04   1.30e-21
  3.6829e+04   1.26e-21
  3.7464e+04   1.22e-21
  3.8110e+04   1.18e-21
  3.8767e+04   1.14e-21
  3.9435e+04   1.10e-21
  4.0115e+04   1.06e-21
  4.0807e+04   1.03e-21
  4.1510e+04   9.90e-22
  4.2226e+04   9.55e-22
  4.2953e+04   9.22e-22
  4.3694e+04   8.89e-22
  4.4447e+04   8.58e-22
  4.5213e+04   8.27e-22
  4.5993e+04   7.98e-22
  4.6786e+04   7.69e-22
  4.7592e+04   7.41e-22
  4.8412e+04   7.13e-22
  4.9247e+04   6.87e-22
  5.0096e+04   6.61e-22
  5.0960e+04   6.37e-22
  5.1838e+04   6.13e-22
  5.2732e+04   5.90e-22
  5.3641e+04   5.67e-22
  5.4565e+04   5.45e-22
  5.5506e+04   5.24e-22
  5.6463e+04   5.04e-22
  5.7436e+04   4.85e-22
  5.8426e+04   4.66e-22
  5.9433e+04   4.47e-22
  6.0458e+04   4.29e-22
  6.1500e+04   4.12e-22
  6.2560e+04   3.95e-22
  6.3639e+04   3.80e-22
  6.4736e+04   3.64e-22
  6.5852e+04   3.49e-22
  6.6987e+04   3.35e-22
  6.8142e+04   3.21e-22
  6.9316e+04   3.07e-22
  7.0511e+04   2.94e-22
  7.1727e+04   2.82e-22
  7.2963e+04   2.70e-22
  7.4221e+04   2.58e-22
  7.5500e+04   2.47e-22
  7.6802e+04   2.36e-22
  7.8126e+04   2.26e-22
  7.9472e+04   2.16e-22
  8.0842e+04   2.06e-22
  8.2236e+04   1.97e-22
  8.3654e+04   1.88e-22
  8.5096e+04   1.80e-22
  8.6563e+04   1.71e-22
  8.8055e+04   1.63e-22
  8.9573e+04   1.56e-22
  9.1117e+04   1.48e-22
  9.2687e+04   1.42e-22
  9.4285e+04   1.35e-22
  9.5911e+04   1.28e-22
  9.7564e+04   1.22e-22
  9.9246e+04   1.16e-22
  1.0096e+05   1.10e-22
  1.0270e+05   1.05e-22
  1.0447e+05   9.96e-23
  1.0627e+05   9.46e-23
  1.0810e+05   8.97e-23
  1.0996e+05   8.49e-23
  1.1186e+05   8.06e-23
  1.1379e+05   7.66e-23
  1.1575e+05   7.27e-23
  1.1774e+05   6.89e-23
  1.1977e+05   6.52e-23
  1.2184e+05   6.17e-23
  1.2394e+05   5.82e-23
  1.2608e+05   5.51e-23
  1.2825e+05   5.23e-23
  1.3046e+05   4.95e-23
  1.3271e+05   4.68e-23
  1.3500e+05   4.41e-23
  1.3732e+05   4.16e-23
  1.3969e+05   3.91e-23
  1.4210e+05   3.70e-23
  1.4455e+05   3.50e-23
  1.4704e+05   3.30e-23
  1.4957e+05   3.11e-23
  1.5215e+05   2.93e-23
  1.5478e+05   2.75e-23
  1.5744e+05   2.58e-23
  1.6016e+05   2.44e-23
  1.6292e+05   2.30e-23
  1.6573e+05   2.16e-23
  1.6858e+05   2.03e-23
  1.7149e+05   1.90e-23
  1.7445e+05   1.78e-23
  1.7745e+05   1.67e-23
  1.8051e+05   1.57e-23
  1.8362e+05   1.48e-23
  1.8679e+05   1.39e-23
  1.9001e+05   1.30e-23
  1.9328e+05   1.21e-23
  1.9662e+05   1.12e-23
  2.0001e+05   1.05e-23
  2.0345e+05   9.90e-24
  2.0696e+05   9.27e-24
  2.1053e+05   8.66e-24
  2.1416e+05   8.07e-24
  2.1785e+05   7.49e-24
  2.2160e+05   6.94e-24
  2.2543e+05   6.51e-24
  2.2931e+05   6.09e-24
  2.3326e+05   5.69e-24
  2.3729e+05   5.29e-24
  2.4138e+05   4.91e-24
  2.4554e+05   4.54e-24
  2.4977e+05   4.21e-24
  2.5407e+05   3.93e-24
  2.5845e+05   3.67e-24
  2.6291e+05   3.41e-24
  2.6744e+05   3.16e-24
  2.7205e+05   2.92e-24
  2.7674e+05   2.69e-24
  2.8151e+05   2.49e-24
  2.8637e+05   2.32e-24
  2.9130e+05   2.16e-24
  2.9632e+05   2.00e-24
  3.0143e+05   1.85e-24
  3.0663e+05   1.70e-24
  3.1191e+05   1.55e-24
  3.1729e+05   1.44e-24
  3.2276e+05   1.34e-24
  3.2832e+05   1.24e-24
  3.3398e+05   1.15e-24
  3.3974e+05   1.05e-24
  3.4560e+05   9.64e-25
  3.5155e+05   8.79e-25
  3.5761e+05   8.17e-25
  3.6378e+05   7.57e-25
  3.7005e+05   6.99e-25
  3.7643e+05   6.42e-25
  3.8292e+05   5.88e-25
  3.8952e+05   5.35e-25
  3.9623e+05   4.89e-25
  4.0306e+05   4.54e-25
  4.1001e+05   4.20e-25
  4.1708e+05   3.87e-25
  4.2427e+05   3.55e-25
  4.3158e+05   3.24e-25
  4.3902e+05   2.94e-25
  4.4659e+05   2.70e-25
  4.5429e+05   2.50e-25
  4.6212e+05   2.31e-25
  4.7009e+05   2.13e-25
  4.7819e+05   1.95e-25
  4.8643e+05   1.77e-25
  4.9482e+05   1.60e-25
  5.0335e+05   1.49e-25
  5.1203e+05   1.38e-25
  5.2085e+05   1.27e-25
  5.2983e+05   1.17e-25
  5.3897e+05   1.07e-25
  5.4826e+05   9.75e-26
  5.5771e+05   8.88e-26
  5.6732e+05   8.30e-26
  5.7710e+05   7.73e-26
  5.8705e+05   7.18e-26
  5.9717e+05   6.64e-26
  6.0746e+05   6.13e-26
  6.1793e+05   5.63e-26
  6.2859e+05   5.22e-26
  6.3942e+05   4.91e-26
  6.5045e+05   4.61e-26
  6.6166e+05   4.32e-26
  6.7306e+05   4.03e-26
  6.8467e+05   3.76e-26
  6.9647e+05   3.50e-26
  7.0847e+05   3.29e-26
  7.2069e+05   3.12e-26
  7.3311e+05   2.95e-26
  7.4575e+05   2.78e-26
  7.5860e+05   2.62e-26
  7.7168e+05   2.47e-26
  7.8498e+05   2.32e-26
  7.9852e+05   2.19e-26
  8.1228e+05   2.08e-26
  8.2628e+05   1.97e-26
  8.4053e+05   1.86e-26
  8.5502e+05   1.75e-26
  8.6976e+05   1.65e-26
  8.8475e+05   1.56e-26
  9.0000e+05   1.49e-26
