#  E [MeV]   Flux [# cm^{-2} s^{-1}  MeV^{-1}]
  3.0000e+04   4.79e-20
  3.1033e+04   4.62e-20
  3.2102e+04   4.46e-20
  3.3207e+04   4.30e-20
  3.4350e+04   4.15e-20
  3.5533e+04   4.01e-20
  3.6757e+04   3.87e-20
  3.8022e+04   3.73e-20
  3.9332e+04   3.60e-20
  4.0686e+04   3.47e-20
  4.2087e+04   3.35e-20
  4.3536e+04   3.22e-20
  4.5035e+04   3.11e-20
  4.6586e+04   3.00e-20
  4.8190e+04   2.89e-20
  4.9850e+04   2.78e-20
  5.1566e+04   2.68e-20
  5.3342e+04   2.58e-20
  5.5178e+04   2.48e-20
  5.7078e+04   2.39e-20
  5.9044e+04   2.30e-20
  6.1077e+04   2.21e-20
  6.3180e+04   2.13e-20
  6.5356e+04   2.05e-20
  6.7606e+04   1.97e-20
  6.9934e+04   1.89e-20
  7.2342e+04   1.82e-20
  7.4833e+04   1.75e-20
  7.7410e+04   1.68e-20
  8.0075e+04   1.61e-20
  8.2833e+04   1.55e-20
  8.5685e+04   1.49e-20
  8.8635e+04   1.43e-20
  9.1687e+04   1.37e-20
  9.4844e+04   1.31e-20
  9.8110e+04   1.26e-20
  1.0149e+05   1.21e-20
  1.0498e+05   1.16e-20
  1.0860e+05   1.11e-20
  1.1234e+05   1.06e-20
  1.1621e+05   1.02e-20
  1.2021e+05   9.72e-21
  1.2435e+05   9.29e-21
  1.2863e+05   8.89e-21
  1.3306e+05   8.49e-21
  1.3764e+05   8.12e-21
  1.4238e+05   7.75e-21
  1.4728e+05   7.40e-21
  1.5235e+05   7.06e-21
  1.5760e+05   6.73e-21
  1.6302e+05   6.42e-21
  1.6864e+05   6.11e-21
  1.7445e+05   5.82e-21
  1.8045e+05   5.54e-21
  1.8667e+05   5.27e-21
  1.9309e+05   5.01e-21
  1.9974e+05   4.76e-21
  2.0662e+05   4.52e-21
  2.1373e+05   4.29e-21
  2.2109e+05   4.07e-21
  2.2871e+05   3.86e-21
  2.3658e+05   3.66e-21
  2.4473e+05   3.47e-21
  2.5316e+05   3.28e-21
  2.6187e+05   3.10e-21
  2.7089e+05   2.94e-21
  2.8022e+05   2.77e-21
  2.8987e+05   2.62e-21
  2.9985e+05   2.47e-21
  3.1017e+05   2.33e-21
  3.2085e+05   2.19e-21
  3.3190e+05   2.07e-21
  3.4333e+05   1.94e-21
  3.5515e+05   1.83e-21
  3.6738e+05   1.72e-21
  3.8003e+05   1.61e-21
  3.9312e+05   1.51e-21
  4.0665e+05   1.42e-21
  4.2066e+05   1.33e-21
  4.3514e+05   1.25e-21
  4.5013e+05   1.17e-21
  4.6562e+05   1.09e-21
  4.8166e+05   1.02e-21
  4.9824e+05   9.52e-22
  5.1540e+05   8.89e-22
  5.3315e+05   8.29e-22
  5.5150e+05   7.73e-22
  5.7050e+05   7.20e-22
  5.9014e+05   6.71e-22
  6.1046e+05   6.24e-22
  6.3148e+05   5.80e-22
  6.5322e+05   5.38e-22
  6.7572e+05   4.99e-22
  6.9898e+05   4.63e-22
  7.2305e+05   4.30e-22
  7.4795e+05   3.98e-22
  7.7371e+05   3.68e-22
  8.0035e+05   3.41e-22
  8.2791e+05   3.15e-22
  8.5641e+05   2.91e-22
  8.8590e+05   2.69e-22
  9.1641e+05   2.48e-22
  9.4796e+05   2.29e-22
  9.8061e+05   2.11e-22
  1.0144e+06   1.95e-22
  1.0493e+06   1.79e-22
  1.0854e+06   1.65e-22
  1.1228e+06   1.52e-22
  1.1615e+06   1.40e-22
  1.2015e+06   1.29e-22
  1.2428e+06   1.18e-22
  1.2856e+06   1.09e-22
  1.3299e+06   9.95e-23
  1.3757e+06   9.12e-23
  1.4231e+06   8.37e-23
  1.4721e+06   7.67e-23
  1.5228e+06   7.01e-23
  1.5752e+06   6.42e-23
  1.6294e+06   5.88e-23
  1.6855e+06   5.36e-23
  1.7436e+06   4.90e-23
  1.8036e+06   4.48e-23
  1.8657e+06   4.08e-23
  1.9300e+06   3.71e-23
  1.9964e+06   3.39e-23
  2.0652e+06   3.09e-23
  2.1363e+06   2.80e-23
  2.2098e+06   2.55e-23
  2.2859e+06   2.32e-23
  2.3646e+06   2.10e-23
  2.4461e+06   1.90e-23
  2.5303e+06   1.73e-23
  2.6174e+06   1.56e-23
  2.7075e+06   1.41e-23
  2.8008e+06   1.27e-23
  2.8972e+06   1.15e-23
  2.9970e+06   1.03e-23
  3.1002e+06   9.29e-24
  3.2069e+06   8.38e-24
  3.3173e+06   7.52e-24
  3.4316e+06   6.72e-24
  3.5497e+06   6.04e-24
  3.6720e+06   5.41e-24
  3.7984e+06   4.82e-24
  3.9292e+06   4.31e-24
  4.0645e+06   3.85e-24
  4.2044e+06   3.42e-24
  4.3492e+06   3.03e-24
  4.4990e+06   2.71e-24
  4.6539e+06   2.40e-24
  4.8141e+06   2.11e-24
  4.9799e+06   1.87e-24
  5.1514e+06   1.66e-24
  5.3288e+06   1.45e-24
  5.5123e+06   1.28e-24
  5.7021e+06   1.12e-24
  5.8984e+06   9.83e-25
  6.1015e+06   8.53e-25
  6.3116e+06   7.50e-25
  6.5289e+06   6.54e-25
  6.7538e+06   5.65e-25
  6.9863e+06   4.91e-25
  7.2269e+06   4.26e-25
  7.4757e+06   3.67e-25
  7.7331e+06   3.14e-25
  7.9994e+06   2.72e-25
  8.2749e+06   2.33e-25
  8.5598e+06   1.97e-25
  8.8546e+06   1.69e-25
  9.1594e+06   1.44e-25
  9.4748e+06   1.21e-25
  9.8011e+06   1.02e-25
  1.0139e+07   8.63e-26
  1.0488e+07   7.21e-26
  1.0849e+07   5.95e-26
  1.1222e+07   4.97e-26
  1.1609e+07   4.10e-26
  1.2009e+07   3.33e-26
  1.2422e+07   2.72e-26
  1.2850e+07   2.22e-26
  1.3292e+07   1.78e-26
  1.3750e+07   1.41e-26
  1.4223e+07   1.13e-26
  1.4713e+07   8.96e-27
  1.5220e+07   6.94e-27
  1.5744e+07   5.45e-27
  1.6286e+07   4.23e-27
  1.6847e+07   3.22e-27
  1.7427e+07   2.43e-27
  1.8027e+07   1.83e-27
  1.8648e+07   1.34e-27
  1.9290e+07   9.64e-28
  1.9954e+07   6.90e-28
  2.0641e+07   4.79e-28
  2.1352e+07   3.21e-28
  2.2087e+07   2.09e-28
  2.2848e+07   1.31e-28
  2.3634e+07   7.79e-29
  2.4448e+07   4.39e-29
  2.5290e+07   2.33e-29
