#  E [MeV]   Flux [# cm^{-2} s^{-1}  MeV^{-1}]
  3.0000e+04   1.42e-25
  3.1141e+04   1.36e-25
  3.2326e+04   1.31e-25
  3.3556e+04   1.26e-25
  3.4832e+04   1.21e-25
  3.6157e+04   1.16e-25
  3.7533e+04   1.11e-25
  3.8961e+04   1.07e-25
  4.0443e+04   1.02e-25
  4.1982e+04   9.82e-26
  4.3579e+04   9.42e-26
  4.5237e+04   9.04e-26
  4.6958e+04   8.67e-26
  4.8744e+04   8.32e-26
  5.0598e+04   7.98e-26
  5.2523e+04   7.65e-26
  5.4521e+04   7.34e-26
  5.6596e+04   7.03e-26
  5.8749e+04   6.74e-26
  6.0984e+04   6.46e-26
  6.3304e+04   6.19e-26
  6.5712e+04   5.94e-26
  6.8212e+04   5.69e-26
  7.0807e+04   5.45e-26
  7.3500e+04   5.22e-26
  7.6297e+04   5.00e-26
  7.9199e+04   4.79e-26
  8.2212e+04   4.58e-26
  8.5340e+04   4.39e-26
  8.8586e+04   4.20e-26
  9.1956e+04   4.02e-26
  9.5455e+04   3.84e-26
  9.9086e+04   3.68e-26
  1.0286e+05   3.51e-26
  1.0677e+05   3.36e-26
  1.1083e+05   3.21e-26
  1.1505e+05   3.07e-26
  1.1942e+05   2.93e-26
  1.2397e+05   2.80e-26
  1.2868e+05   2.67e-26
  1.3358e+05   2.55e-26
  1.3866e+05   2.43e-26
  1.4394e+05   2.32e-26
  1.4941e+05   2.21e-26
  1.5509e+05   2.11e-26
  1.6100e+05   2.01e-26
  1.6712e+05   1.91e-26
  1.7348e+05   1.82e-26
  1.8008e+05   1.73e-26
  1.8693e+05   1.64e-26
  1.9404e+05   1.56e-26
  2.0142e+05   1.48e-26
  2.0908e+05   1.41e-26
  2.1704e+05   1.33e-26
  2.2529e+05   1.26e-26
  2.3387e+05   1.20e-26
  2.4276e+05   1.13e-26
  2.5200e+05   1.07e-26
  2.6158e+05   1.01e-26
  2.7154e+05   9.59e-27
  2.8187e+05   9.05e-27
  2.9259e+05   8.54e-27
  3.0372e+05   8.05e-27
  3.1527e+05   7.57e-27
  3.2727e+05   7.13e-27
  3.3972e+05   6.70e-27
  3.5264e+05   6.29e-27
  3.6606e+05   5.90e-27
  3.7998e+05   5.53e-27
  3.9444e+05   5.18e-27
  4.0945e+05   4.85e-27
  4.2502e+05   4.54e-27
  4.4119e+05   4.24e-27
  4.5798e+05   3.96e-27
  4.7540e+05   3.69e-27
  4.9348e+05   3.44e-27
  5.1226e+05   3.20e-27
  5.3175e+05   2.98e-27
  5.5198e+05   2.77e-27
  5.7297e+05   2.57e-27
  5.9477e+05   2.38e-27
  6.1740e+05   2.21e-27
  6.4089e+05   2.05e-27
  6.6527e+05   1.90e-27
  6.9058e+05   1.76e-27
  7.1685e+05   1.62e-27
  7.4412e+05   1.50e-27
  7.7243e+05   1.39e-27
  8.0181e+05   1.28e-27
  8.3232e+05   1.18e-27
  8.6398e+05   1.09e-27
  8.9685e+05   1.01e-27
  9.3097e+05   9.30e-28
  9.6638e+05   8.58e-28
  1.0031e+06   7.91e-28
  1.0413e+06   7.30e-28
  1.0809e+06   6.73e-28
  1.1220e+06   6.20e-28
  1.1647e+06   5.72e-28
  1.2090e+06   5.27e-28
  1.2550e+06   4.85e-28
  1.3028e+06   4.47e-28
  1.3523e+06   4.12e-28
  1.4038e+06   3.79e-28
  1.4572e+06   3.49e-28
  1.5126e+06   3.22e-28
  1.5702e+06   2.96e-28
  1.6299e+06   2.73e-28
  1.6919e+06   2.51e-28
  1.7563e+06   2.31e-28
  1.8231e+06   2.13e-28
  1.8925e+06   1.95e-28
  1.9645e+06   1.80e-28
  2.0392e+06   1.65e-28
  2.1168e+06   1.52e-28
  2.1973e+06   1.40e-28
  2.2809e+06   1.28e-28
  2.3677e+06   1.17e-28
  2.4577e+06   1.08e-28
  2.5512e+06   9.87e-29
  2.6483e+06   9.02e-29
  2.7490e+06   8.25e-29
  2.8536e+06   7.54e-29
  2.9622e+06   6.87e-29
  3.0749e+06   6.27e-29
  3.1918e+06   5.71e-29
  3.3133e+06   5.19e-29
  3.4393e+06   4.71e-29
  3.5702e+06   4.28e-29
  3.7060e+06   3.87e-29
  3.8470e+06   3.50e-29
  3.9933e+06   3.16e-29
  4.1452e+06   2.85e-29
  4.3029e+06   2.56e-29
  4.4666e+06   2.30e-29
  4.6366e+06   2.06e-29
  4.8129e+06   1.84e-29
  4.9960e+06   1.64e-29
  5.1861e+06   1.46e-29
  5.3834e+06   1.29e-29
  5.5882e+06   1.14e-29
  5.8008e+06   1.01e-29
  6.0215e+06   8.82e-30
  6.2506e+06   7.73e-30
  6.4883e+06   6.74e-30
  6.7352e+06   5.84e-30
  6.9914e+06   5.07e-30
  7.2574e+06   4.36e-30
  7.5335e+06   3.72e-30
  7.8201e+06   3.19e-30
  8.1176e+06   2.70e-30
  8.4264e+06   2.27e-30
  8.7470e+06   1.91e-30
  9.0797e+06   1.59e-30
  9.4251e+06   1.31e-30
  9.7837e+06   1.07e-30
  1.0156e+07   8.71e-31
  1.0542e+07   6.97e-31
  1.0943e+07   5.56e-31
  1.1360e+07   4.38e-31
  1.1792e+07   3.38e-31
  1.2240e+07   2.60e-31
  1.2706e+07   1.96e-31
  1.3189e+07   1.45e-31
  1.3691e+07   1.06e-31
  1.4212e+07   7.60e-32
  1.4753e+07   5.29e-32
  1.5314e+07   3.61e-32
  1.5897e+07   2.41e-32
  1.6501e+07   1.54e-32
  1.7129e+07   9.56e-33
  1.7781e+07   5.75e-33
  1.8457e+07   3.28e-33
  1.9159e+07   1.78e-33
  1.9888e+07   9.17e-34
  2.0645e+07   4.39e-34
  2.1430e+07   1.95e-34
  2.2245e+07   8.05e-35
  2.3092e+07   2.98e-35
  2.3970e+07   9.74e-36
  2.4882e+07   2.85e-36
  2.5829e+07   7.03e-37
  2.6811e+07   1.43e-37
  2.7831e+07   2.40e-38
  2.8890e+07   3.07e-39
  2.9989e+07   2.84e-40
  3.1130e+07   1.88e-41
  3.2314e+07   7.83e-43
  3.3544e+07   1.86e-44
  3.4820e+07   2.36e-46
  3.6144e+07   1.31e-48
  3.7519e+07   2.60e-51
  3.8947e+07   1.54e-54
  4.0428e+07   1.88e-58
  4.1966e+07   3.11e-63
  4.3563e+07   4.22e-69
  4.5220e+07   1.14e-72
  4.6941e+07   8.59e-73
  4.8726e+07   6.50e-73
  5.0580e+07   4.76e-73
