#  E [MeV]   Flux [# cm^{-2} s^{-1}  MeV^{-1}]
  3.0000e+04   2.09e-21
  3.1123e+04   2.01e-21
  3.2288e+04   1.94e-21
  3.3497e+04   1.86e-21
  3.4751e+04   1.79e-21
  3.6051e+04   1.72e-21
  3.7401e+04   1.65e-21
  3.8801e+04   1.59e-21
  4.0253e+04   1.53e-21
  4.1760e+04   1.46e-21
  4.3324e+04   1.41e-21
  4.4945e+04   1.35e-21
  4.6628e+04   1.30e-21
  4.8373e+04   1.24e-21
  5.0184e+04   1.19e-21
  5.2063e+04   1.14e-21
  5.4011e+04   1.10e-21
  5.6033e+04   1.05e-21
  5.8131e+04   1.01e-21
  6.0307e+04   9.65e-22
  6.2564e+04   9.24e-22
  6.4906e+04   8.85e-22
  6.7336e+04   8.47e-22
  6.9857e+04   8.11e-22
  7.2472e+04   7.76e-22
  7.5184e+04   7.42e-22
  7.7999e+04   7.10e-22
  8.0919e+04   6.78e-22
  8.3948e+04   6.48e-22
  8.7090e+04   6.20e-22
  9.0350e+04   5.92e-22
  9.3732e+04   5.65e-22
  9.7241e+04   5.40e-22
  1.0088e+05   5.15e-22
  1.0466e+05   4.91e-22
  1.0858e+05   4.69e-22
  1.1264e+05   4.47e-22
  1.1686e+05   4.26e-22
  1.2123e+05   4.06e-22
  1.2577e+05   3.87e-22
  1.3048e+05   3.68e-22
  1.3536e+05   3.51e-22
  1.4043e+05   3.34e-22
  1.4568e+05   3.17e-22
  1.5114e+05   3.02e-22
  1.5680e+05   2.87e-22
  1.6266e+05   2.73e-22
  1.6875e+05   2.59e-22
  1.7507e+05   2.46e-22
  1.8162e+05   2.33e-22
  1.8842e+05   2.21e-22
  1.9548e+05   2.10e-22
  2.0279e+05   1.99e-22
  2.1039e+05   1.89e-22
  2.1826e+05   1.79e-22
  2.2643e+05   1.69e-22
  2.3491e+05   1.60e-22
  2.4370e+05   1.51e-22
  2.5282e+05   1.43e-22
  2.6229e+05   1.35e-22
  2.7211e+05   1.28e-22
  2.8229e+05   1.21e-22
  2.9286e+05   1.14e-22
  3.0382e+05   1.07e-22
  3.1519e+05   1.01e-22
  3.2699e+05   9.52e-23
  3.3923e+05   8.96e-23
  3.5193e+05   8.43e-23
  3.6511e+05   7.93e-23
  3.7877e+05   7.45e-23
  3.9295e+05   7.00e-23
  4.0766e+05   6.57e-23
  4.2292e+05   6.17e-23
  4.3875e+05   5.79e-23
  4.5518e+05   5.42e-23
  4.7222e+05   5.08e-23
  4.8989e+05   4.76e-23
  5.0823e+05   4.45e-23
  5.2726e+05   4.17e-23
  5.4699e+05   3.90e-23
  5.6747e+05   3.64e-23
  5.8871e+05   3.41e-23
  6.1075e+05   3.18e-23
  6.3361e+05   2.97e-23
  6.5733e+05   2.77e-23
  6.8194e+05   2.59e-23
  7.0746e+05   2.41e-23
  7.3395e+05   2.25e-23
  7.6142e+05   2.10e-23
  7.8992e+05   1.96e-23
  8.1949e+05   1.83e-23
  8.5017e+05   1.71e-23
  8.8199e+05   1.59e-23
  9.1501e+05   1.49e-23
  9.4926e+05   1.39e-23
  9.8479e+05   1.29e-23
  1.0217e+06   1.21e-23
  1.0599e+06   1.13e-23
  1.0996e+06   1.05e-23
  1.1407e+06   9.84e-24
  1.1834e+06   9.19e-24
  1.2277e+06   8.59e-24
  1.2737e+06   8.04e-24
  1.3214e+06   7.52e-24
  1.3708e+06   7.03e-24
  1.4222e+06   6.59e-24
  1.4754e+06   6.17e-24
  1.5306e+06   5.78e-24
  1.5879e+06   5.42e-24
  1.6474e+06   5.08e-24
  1.7090e+06   4.76e-24
  1.7730e+06   4.47e-24
  1.8394e+06   4.20e-24
  1.9082e+06   3.94e-24
  1.9797e+06   3.70e-24
  2.0538e+06   3.48e-24
  2.1306e+06   3.27e-24
  2.2104e+06   3.07e-24
  2.2931e+06   2.89e-24
  2.3790e+06   2.72e-24
  2.4680e+06   2.56e-24
  2.5604e+06   2.41e-24
  2.6563e+06   2.27e-24
  2.7557e+06   2.14e-24
  2.8589e+06   2.02e-24
  2.9659e+06   1.90e-24
  3.0769e+06   1.79e-24
  3.1921e+06   1.69e-24
  3.3116e+06   1.59e-24
  3.4355e+06   1.50e-24
  3.5641e+06   1.41e-24
  3.6976e+06   1.33e-24
  3.8360e+06   1.25e-24
  3.9796e+06   1.18e-24
  4.1285e+06   1.11e-24
  4.2831e+06   1.04e-24
  4.4434e+06   9.81e-25
  4.6097e+06   9.22e-25
  4.7823e+06   8.66e-25
  4.9613e+06   8.13e-25
  5.1470e+06   7.63e-25
  5.3397e+06   7.16e-25
  5.5396e+06   6.70e-25
  5.7470e+06   6.27e-25
  5.9621e+06   5.86e-25
  6.1853e+06   5.47e-25
  6.4168e+06   5.10e-25
  6.6570e+06   4.74e-25
  6.9062e+06   4.41e-25
  7.1647e+06   4.09e-25
  7.4329e+06   3.78e-25
  7.7112e+06   3.49e-25
  7.9998e+06   3.21e-25
  8.2993e+06   2.94e-25
  8.6100e+06   2.69e-25
  8.9323e+06   2.46e-25
  9.2666e+06   2.23e-25
  9.6135e+06   2.02e-25
  9.9734e+06   1.82e-25
  1.0347e+07   1.63e-25
  1.0734e+07   1.45e-25
  1.1136e+07   1.29e-25
  1.1553e+07   1.13e-25
  1.1985e+07   9.89e-26
  1.2434e+07   8.57e-26
  1.2899e+07   7.36e-26
  1.3382e+07   6.26e-26
  1.3883e+07   5.26e-26
  1.4403e+07   4.37e-26
  1.4942e+07   3.58e-26
  1.5501e+07   2.88e-26
  1.6081e+07   2.28e-26
  1.6683e+07   1.77e-26
  1.7308e+07   1.35e-26
  1.7956e+07   9.99e-27
  1.8628e+07   7.19e-27
  1.9325e+07   5.01e-27
  2.0049e+07   3.37e-27
  2.0799e+07   2.17e-27
  2.1578e+07   1.33e-27
  2.2386e+07   7.72e-28
  2.3224e+07   4.19e-28
  2.4093e+07   2.11e-28
  2.4995e+07   9.73e-29
  2.5930e+07   4.04e-29
  2.6901e+07   1.49e-29
  2.7908e+07   4.73e-30
  2.8953e+07   1.27e-30
  3.0037e+07   2.76e-31
  3.1161e+07   4.70e-32
  3.2327e+07   5.95e-33
  3.3537e+07   5.24e-34
  3.4793e+07   2.97e-35
  3.6095e+07   9.77e-37
  3.7446e+07   1.64e-38
  3.8848e+07   1.20e-40
  4.0302e+07   3.08e-43
  4.1811e+07   2.11e-46
  4.3376e+07   2.71e-50
  4.5000e+07   4.06e-55
