#  E [MeV]   Flux [# cm^{-2} s^{-1}  MeV^{-1}]
  3.0000e+04   3.77e-19
  3.0943e+04   3.65e-19
  3.1916e+04   3.53e-19
  3.2920e+04   3.41e-19
  3.3955e+04   3.30e-19
  3.5023e+04   3.19e-19
  3.6124e+04   3.08e-19
  3.7260e+04   2.98e-19
  3.8432e+04   2.88e-19
  3.9640e+04   2.78e-19
  4.0887e+04   2.69e-19
  4.2172e+04   2.59e-19
  4.3499e+04   2.51e-19
  4.4866e+04   2.42e-19
  4.6277e+04   2.33e-19
  4.7732e+04   2.25e-19
  4.9233e+04   2.17e-19
  5.0781e+04   2.09e-19
  5.2378e+04   2.02e-19
  5.4025e+04   1.95e-19
  5.5724e+04   1.88e-19
  5.7476e+04   1.81e-19
  5.9284e+04   1.74e-19
  6.1148e+04   1.68e-19
  6.3071e+04   1.61e-19
  6.5054e+04   1.55e-19
  6.7100e+04   1.49e-19
  6.9210e+04   1.44e-19
  7.1386e+04   1.38e-19
  7.3631e+04   1.33e-19
  7.5946e+04   1.28e-19
  7.8334e+04   1.23e-19
  8.0797e+04   1.18e-19
  8.3338e+04   1.13e-19
  8.5959e+04   1.09e-19
  8.8662e+04   1.04e-19
  9.1450e+04   9.99e-20
  9.4325e+04   9.58e-20
  9.7291e+04   9.18e-20
  1.0035e+05   8.79e-20
  1.0351e+05   8.42e-20
  1.0676e+05   8.06e-20
  1.1012e+05   7.72e-20
  1.1358e+05   7.38e-20
  1.1715e+05   7.06e-20
  1.2084e+05   6.75e-20
  1.2464e+05   6.45e-20
  1.2856e+05   6.17e-20
  1.3260e+05   5.89e-20
  1.3677e+05   5.62e-20
  1.4107e+05   5.37e-20
  1.4550e+05   5.12e-20
  1.5008e+05   4.88e-20
  1.5480e+05   4.65e-20
  1.5967e+05   4.43e-20
  1.6469e+05   4.22e-20
  1.6987e+05   4.02e-20
  1.7521e+05   3.83e-20
  1.8072e+05   3.64e-20
  1.8640e+05   3.46e-20
  1.9226e+05   3.29e-20
  1.9831e+05   3.12e-20
  2.0454e+05   2.97e-20
  2.1097e+05   2.82e-20
  2.1761e+05   2.67e-20
  2.2445e+05   2.53e-20
  2.3151e+05   2.40e-20
  2.3879e+05   2.28e-20
  2.4630e+05   2.16e-20
  2.5404e+05   2.04e-20
  2.6203e+05   1.94e-20
  2.7027e+05   1.83e-20
  2.7877e+05   1.73e-20
  2.8753e+05   1.64e-20
  2.9657e+05   1.55e-20
  3.0590e+05   1.47e-20
  3.1552e+05   1.38e-20
  3.2544e+05   1.31e-20
  3.3567e+05   1.23e-20
  3.4623e+05   1.16e-20
  3.5712e+05   1.10e-20
  3.6835e+05   1.03e-20
  3.7993e+05   9.72e-21
  3.9188e+05   9.14e-21
  4.0420e+05   8.60e-21
  4.1691e+05   8.08e-21
  4.3002e+05   7.59e-21
  4.4354e+05   7.13e-21
  4.5749e+05   6.69e-21
  4.7187e+05   6.28e-21
  4.8671e+05   5.88e-21
  5.0202e+05   5.51e-21
  5.1780e+05   5.16e-21
  5.3409e+05   4.83e-21
  5.5088e+05   4.52e-21
  5.6820e+05   4.22e-21
  5.8607e+05   3.95e-21
  6.0450e+05   3.68e-21
  6.2351e+05   3.43e-21
  6.4311e+05   3.20e-21
  6.6334e+05   2.99e-21
  6.8419e+05   2.78e-21
  7.0571e+05   2.59e-21
  7.2790e+05   2.41e-21
  7.5079e+05   2.24e-21
  7.7440e+05   2.08e-21
  7.9875e+05   1.93e-21
  8.2387e+05   1.79e-21
  8.4977e+05   1.66e-21
  8.7649e+05   1.53e-21
  9.0405e+05   1.42e-21
  9.3248e+05   1.32e-21
  9.6180e+05   1.22e-21
  9.9205e+05   1.12e-21
  1.0232e+06   1.04e-21
  1.0554e+06   9.57e-22
  1.0886e+06   8.81e-22
  1.1228e+06   8.11e-22
  1.1581e+06   7.48e-22
  1.1946e+06   6.88e-22
  1.2321e+06   6.32e-22
  1.2709e+06   5.80e-22
  1.3108e+06   5.34e-22
  1.3521e+06   4.89e-22
  1.3946e+06   4.47e-22
  1.4384e+06   4.10e-22
  1.4837e+06   3.76e-22
  1.5303e+06   3.43e-22
  1.5784e+06   3.13e-22
  1.6281e+06   2.86e-22
  1.6793e+06   2.62e-22
  1.7321e+06   2.38e-22
  1.7865e+06   2.16e-22
  1.8427e+06   1.98e-22
  1.9006e+06   1.80e-22
  1.9604e+06   1.63e-22
  2.0221e+06   1.48e-22
  2.0856e+06   1.35e-22
  2.1512e+06   1.22e-22
  2.2189e+06   1.10e-22
  2.2886e+06   1.00e-22
  2.3606e+06   9.07e-23
  2.4348e+06   8.19e-23
  2.5114e+06   7.37e-23
  2.5904e+06   6.69e-23
  2.6718e+06   6.03e-23
  2.7558e+06   5.42e-23
  2.8425e+06   4.88e-23
  2.9319e+06   4.41e-23
  3.0241e+06   3.96e-23
  3.1192e+06   3.54e-23
  3.2173e+06   3.19e-23
  3.3184e+06   2.87e-23
  3.4228e+06   2.56e-23
  3.5304e+06   2.28e-23
  3.6414e+06   2.06e-23
  3.7559e+06   1.84e-23
  3.8740e+06   1.64e-23
  3.9958e+06   1.46e-23
  4.1215e+06   1.31e-23
  4.2511e+06   1.17e-23
  4.3848e+06   1.04e-23
  4.5227e+06   9.27e-24
  4.6649e+06   8.30e-24
  4.8116e+06   7.38e-24
  4.9629e+06   6.51e-24
  5.1189e+06   5.83e-24
  5.2799e+06   5.20e-24
  5.4459e+06   4.61e-24
  5.6171e+06   4.07e-24
  5.7938e+06   3.65e-24
  5.9760e+06   3.25e-24
  6.1639e+06   2.87e-24
  6.3577e+06   2.55e-24
  6.5576e+06   2.27e-24
  6.7638e+06   2.00e-24
  6.9765e+06   1.76e-24
  7.1959e+06   1.56e-24
  7.4222e+06   1.39e-24
  7.6556e+06   1.23e-24
  7.8963e+06   1.08e-24
  8.1446e+06   9.68e-25
  8.4007e+06   8.64e-25
  8.6649e+06   7.67e-25
  8.9373e+06   6.83e-25
  9.2184e+06   6.20e-25
  9.5082e+06   5.61e-25
  9.8072e+06   5.04e-25
  1.0116e+07   4.60e-25
  1.0434e+07   4.22e-25
  1.0762e+07   3.86e-25
  1.1100e+07   3.53e-25
  1.1449e+07   3.29e-25
  1.1809e+07   3.08e-25
  1.2181e+07   2.87e-25
  1.2564e+07   2.68e-25
  1.2959e+07   2.53e-25
  1.3366e+07   2.39e-25
  1.3786e+07   2.25e-25
  1.4220e+07   2.12e-25
