#  E [MeV]   Flux [# cm^{-2} s^{-1}  MeV^{-1}]
  3.0000e+04   4.15e-21
  3.0765e+04   4.05e-21
  3.1549e+04   3.95e-21
  3.2354e+04   3.86e-21
  3.3179e+04   3.76e-21
  3.4025e+04   3.67e-21
  3.4892e+04   3.58e-21
  3.5782e+04   3.50e-21
  3.6695e+04   3.41e-21
  3.7630e+04   3.33e-21
  3.8590e+04   3.26e-21
  3.9574e+04   3.18e-21
  4.0583e+04   3.11e-21
  4.1618e+04   3.04e-21
  4.2679e+04   2.97e-21
  4.3767e+04   2.90e-21
  4.4883e+04   2.84e-21
  4.6028e+04   2.77e-21
  4.7201e+04   2.71e-21
  4.8405e+04   2.65e-21
  4.9639e+04   2.60e-21
  5.0905e+04   2.54e-21
  5.2203e+04   2.48e-21
  5.3534e+04   2.43e-21
  5.4899e+04   2.38e-21
  5.6299e+04   2.33e-21
  5.7734e+04   2.29e-21
  5.9207e+04   2.24e-21
  6.0716e+04   2.19e-21
  6.2264e+04   2.15e-21
  6.3852e+04   2.11e-21
  6.5480e+04   2.07e-21
  6.7150e+04   2.03e-21
  6.8862e+04   1.99e-21
  7.0618e+04   1.95e-21
  7.2419e+04   1.91e-21
  7.4265e+04   1.88e-21
  7.6159e+04   1.84e-21
  7.8101e+04   1.81e-21
  8.0092e+04   1.78e-21
  8.2135e+04   1.74e-21
  8.4229e+04   1.71e-21
  8.6377e+04   1.68e-21
  8.8579e+04   1.65e-21
  9.0838e+04   1.62e-21
  9.3154e+04   1.59e-21
  9.5529e+04   1.56e-21
  9.7965e+04   1.54e-21
  1.0046e+05   1.51e-21
  1.0303e+05   1.48e-21
  1.0565e+05   1.46e-21
  1.0835e+05   1.43e-21
  1.1111e+05   1.41e-21
  1.1394e+05   1.38e-21
  1.1685e+05   1.36e-21
  1.1983e+05   1.34e-21
  1.2288e+05   1.31e-21
  1.2602e+05   1.29e-21
  1.2923e+05   1.27e-21
  1.3252e+05   1.25e-21
  1.3590e+05   1.22e-21
  1.3937e+05   1.20e-21
  1.4292e+05   1.18e-21
  1.4657e+05   1.16e-21
  1.5030e+05   1.14e-21
  1.5414e+05   1.12e-21
  1.5807e+05   1.10e-21
  1.6210e+05   1.08e-21
  1.6623e+05   1.06e-21
  1.7047e+05   1.04e-21
  1.7482e+05   1.02e-21
  1.7927e+05   1.00e-21
  1.8384e+05   9.86e-22
  1.8853e+05   9.68e-22
  1.9334e+05   9.50e-22
  1.9827e+05   9.31e-22
  2.0333e+05   9.14e-22
  2.0851e+05   8.96e-22
  2.1383e+05   8.78e-22
  2.1928e+05   8.61e-22
  2.2487e+05   8.44e-22
  2.3060e+05   8.26e-22
  2.3648e+05   8.09e-22
  2.4251e+05   7.93e-22
  2.4870e+05   7.76e-22
  2.5504e+05   7.59e-22
  2.6154e+05   7.43e-22
  2.6821e+05   7.26e-22
  2.7505e+05   7.10e-22
  2.8206e+05   6.94e-22
  2.8926e+05   6.78e-22
  2.9663e+05   6.62e-22
  3.0420e+05   6.46e-22
  3.1195e+05   6.30e-22
  3.1991e+05   6.15e-22
  3.2806e+05   5.99e-22
  3.3643e+05   5.84e-22
  3.4501e+05   5.69e-22
  3.5381e+05   5.53e-22
  3.6283e+05   5.39e-22
  3.7208e+05   5.24e-22
  3.8157e+05   5.09e-22
  3.9130e+05   4.95e-22
  4.0127e+05   4.81e-22
  4.1150e+05   4.67e-22
  4.2200e+05   4.53e-22
  4.3276e+05   4.39e-22
  4.4379e+05   4.25e-22
  4.5511e+05   4.12e-22
  4.6671e+05   3.99e-22
  4.7861e+05   3.86e-22
  4.9082e+05   3.73e-22
  5.0333e+05   3.61e-22
  5.1617e+05   3.49e-22
  5.2933e+05   3.37e-22
  5.4283e+05   3.25e-22
  5.5667e+05   3.13e-22
  5.7086e+05   3.02e-22
  5.8542e+05   2.91e-22
  6.0035e+05   2.81e-22
  6.1565e+05   2.70e-22
  6.3135e+05   2.60e-22
  6.4745e+05   2.50e-22
  6.6396e+05   2.40e-22
  6.8089e+05   2.31e-22
  6.9825e+05   2.21e-22
  7.1606e+05   2.12e-22
  7.3432e+05   2.04e-22
  7.5304e+05   1.95e-22
  7.7224e+05   1.87e-22
  7.9193e+05   1.79e-22
  8.1213e+05   1.71e-22
  8.3283e+05   1.64e-22
  8.5407e+05   1.57e-22
  8.7585e+05   1.49e-22
  8.9818e+05   1.43e-22
  9.2108e+05   1.36e-22
  9.4457e+05   1.30e-22
  9.6866e+05   1.24e-22
  9.9336e+05   1.18e-22
  1.0187e+06   1.12e-22
  1.0447e+06   1.06e-22
  1.0713e+06   1.01e-22
  1.0986e+06   9.61e-23
  1.1266e+06   9.12e-23
  1.1554e+06   8.66e-23
  1.1848e+06   8.22e-23
  1.2150e+06   7.78e-23
  1.2460e+06   7.37e-23
  1.2778e+06   6.97e-23
  1.3104e+06   6.60e-23
  1.3438e+06   6.24e-23
  1.3780e+06   5.88e-23
  1.4132e+06   5.55e-23
  1.4492e+06   5.23e-23
  1.4862e+06   4.93e-23
  1.5241e+06   4.64e-23
  1.5629e+06   4.36e-23
  1.6028e+06   4.10e-23
  1.6436e+06   3.85e-23
  1.6856e+06   3.61e-23
  1.7285e+06   3.37e-23
  1.7726e+06   3.15e-23
  1.8178e+06   2.94e-23
  1.8642e+06   2.74e-23
  1.9117e+06   2.55e-23
  1.9604e+06   2.37e-23
  2.0104e+06   2.20e-23
  2.0617e+06   2.03e-23
  2.1143e+06   1.88e-23
  2.1682e+06   1.74e-23
  2.2235e+06   1.60e-23
  2.2802e+06   1.47e-23
  2.3383e+06   1.35e-23
  2.3979e+06   1.24e-23
  2.4591e+06   1.13e-23
  2.5218e+06   1.04e-23
  2.5861e+06   9.46e-24
  2.6520e+06   8.58e-24
  2.7196e+06   7.81e-24
  2.7890e+06   7.08e-24
  2.8601e+06   6.39e-24
  2.9330e+06   5.74e-24
  3.0078e+06   5.14e-24
  3.0845e+06   4.64e-24
  3.1632e+06   4.16e-24
  3.2438e+06   3.71e-24
  3.3265e+06   3.28e-24
  3.4113e+06   2.94e-24
  3.4983e+06   2.63e-24
  3.5875e+06   2.34e-24
  3.6790e+06   2.07e-24
  3.7728e+06   1.82e-24
  3.8690e+06   1.64e-24
  3.9677e+06   1.48e-24
  4.0689e+06   1.32e-24
  4.1726e+06   1.17e-24
  4.2790e+06   1.06e-24
  4.3881e+06   9.87e-25
  4.5000e+06   9.14e-25
