#  E [MeV]   Flux [# cm^{-2} s^{-1}  MeV^{-1}]
  3.0000e+04   2.98e-20
  3.0943e+04   2.88e-20
  3.1916e+04   2.78e-20
  3.2920e+04   2.69e-20
  3.3955e+04   2.60e-20
  3.5023e+04   2.51e-20
  3.6124e+04   2.42e-20
  3.7260e+04   2.34e-20
  3.8432e+04   2.26e-20
  3.9640e+04   2.18e-20
  4.0887e+04   2.10e-20
  4.2172e+04   2.03e-20
  4.3499e+04   1.96e-20
  4.4866e+04   1.89e-20
  4.6277e+04   1.82e-20
  4.7732e+04   1.76e-20
  4.9233e+04   1.69e-20
  5.0781e+04   1.63e-20
  5.2378e+04   1.57e-20
  5.4025e+04   1.51e-20
  5.5724e+04   1.46e-20
  5.7476e+04   1.40e-20
  5.9284e+04   1.35e-20
  6.1148e+04   1.30e-20
  6.3071e+04   1.25e-20
  6.5054e+04   1.20e-20
  6.7100e+04   1.16e-20
  6.9210e+04   1.11e-20
  7.1386e+04   1.07e-20
  7.3631e+04   1.03e-20
  7.5946e+04   9.87e-21
  7.8334e+04   9.48e-21
  8.0797e+04   9.10e-21
  8.3338e+04   8.74e-21
  8.5959e+04   8.38e-21
  8.8662e+04   8.04e-21
  9.1450e+04   7.71e-21
  9.4325e+04   7.39e-21
  9.7291e+04   7.08e-21
  1.0035e+05   6.78e-21
  1.0351e+05   6.49e-21
  1.0676e+05   6.22e-21
  1.1012e+05   5.95e-21
  1.1358e+05   5.69e-21
  1.1715e+05   5.44e-21
  1.2084e+05   5.20e-21
  1.2464e+05   4.97e-21
  1.2856e+05   4.75e-21
  1.3260e+05   4.53e-21
  1.3677e+05   4.33e-21
  1.4107e+05   4.13e-21
  1.4550e+05   3.94e-21
  1.5008e+05   3.76e-21
  1.5480e+05   3.58e-21
  1.5967e+05   3.41e-21
  1.6469e+05   3.25e-21
  1.6987e+05   3.09e-21
  1.7521e+05   2.94e-21
  1.8072e+05   2.80e-21
  1.8640e+05   2.66e-21
  1.9226e+05   2.52e-21
  1.9831e+05   2.40e-21
  2.0454e+05   2.28e-21
  2.1097e+05   2.16e-21
  2.1761e+05   2.05e-21
  2.2445e+05   1.94e-21
  2.3151e+05   1.84e-21
  2.3879e+05   1.74e-21
  2.4630e+05   1.65e-21
  2.5404e+05   1.56e-21
  2.6203e+05   1.47e-21
  2.7027e+05   1.39e-21
  2.7877e+05   1.31e-21
  2.8753e+05   1.24e-21
  2.9657e+05   1.17e-21
  3.0590e+05   1.10e-21
  3.1552e+05   1.04e-21
  3.2544e+05   9.78e-22
  3.3567e+05   9.20e-22
  3.4623e+05   8.64e-22
  3.5712e+05   8.12e-22
  3.6835e+05   7.62e-22
  3.7993e+05   7.15e-22
  3.9188e+05   6.70e-22
  4.0420e+05   6.28e-22
  4.1691e+05   5.87e-22
  4.3002e+05   5.49e-22
  4.4354e+05   5.14e-22
  4.5749e+05   4.80e-22
  4.7187e+05   4.48e-22
  4.8671e+05   4.18e-22
  5.0202e+05   3.89e-22
  5.1780e+05   3.63e-22
  5.3409e+05   3.37e-22
  5.5088e+05   3.14e-22
  5.6820e+05   2.92e-22
  5.8607e+05   2.71e-22
  6.0450e+05   2.52e-22
  6.2351e+05   2.34e-22
  6.4311e+05   2.17e-22
  6.6334e+05   2.01e-22
  6.8419e+05   1.86e-22
  7.0571e+05   1.72e-22
  7.2790e+05   1.59e-22
  7.5079e+05   1.47e-22
  7.7440e+05   1.36e-22
  7.9875e+05   1.26e-22
  8.2387e+05   1.16e-22
  8.4977e+05   1.07e-22
  8.7649e+05   9.88e-23
  9.0405e+05   9.11e-23
  9.3248e+05   8.39e-23
  9.6180e+05   7.73e-23
  9.9205e+05   7.12e-23
  1.0232e+06   6.56e-23
  1.0554e+06   6.03e-23
  1.0886e+06   5.55e-23
  1.1228e+06   5.10e-23
  1.1581e+06   4.69e-23
  1.1946e+06   4.30e-23
  1.2321e+06   3.96e-23
  1.2709e+06   3.64e-23
  1.3108e+06   3.33e-23
  1.3521e+06   3.06e-23
  1.3946e+06   2.81e-23
  1.4384e+06   2.57e-23
  1.4837e+06   2.35e-23
  1.5303e+06   2.15e-23
  1.5784e+06   1.97e-23
  1.6281e+06   1.81e-23
  1.6793e+06   1.65e-23
  1.7321e+06   1.51e-23
  1.7865e+06   1.38e-23
  1.8427e+06   1.26e-23
  1.9006e+06   1.14e-23
  1.9604e+06   1.05e-23
  2.0221e+06   9.53e-24
  2.0856e+06   8.66e-24
  2.1512e+06   7.87e-24
  2.2189e+06   7.17e-24
  2.2886e+06   6.51e-24
  2.3606e+06   5.90e-24
  2.4348e+06   5.35e-24
  2.5114e+06   4.86e-24
  2.5904e+06   4.39e-24
  2.6718e+06   3.95e-24
  2.7558e+06   3.58e-24
  2.8425e+06   3.23e-24
  2.9319e+06   2.90e-24
  3.0241e+06   2.60e-24
  3.1192e+06   2.34e-24
  3.2173e+06   2.10e-24
  3.3184e+06   1.87e-24
  3.4228e+06   1.67e-24
  3.5304e+06   1.50e-24
  3.6414e+06   1.33e-24
  3.7559e+06   1.18e-24
  3.8740e+06   1.05e-24
  3.9958e+06   9.32e-25
  4.1215e+06   8.22e-25
  4.2511e+06   7.20e-25
  4.3848e+06   6.38e-25
  4.5227e+06   5.62e-25
  4.6649e+06   4.91e-25
  4.8116e+06   4.28e-25
  4.9629e+06   3.76e-25
  5.1189e+06   3.27e-25
  5.2799e+06   2.82e-25
  5.4459e+06   2.44e-25
  5.6171e+06   2.12e-25
  5.7938e+06   1.82e-25
  5.9760e+06   1.54e-25
  6.1639e+06   1.33e-25
  6.3577e+06   1.14e-25
  6.5576e+06   9.61e-26
  6.7638e+06   8.05e-26
  6.9765e+06   6.87e-26
  7.1959e+06   5.79e-26
  7.4222e+06   4.80e-26
  7.6556e+06   4.00e-26
  7.8963e+06   3.36e-26
  8.1446e+06   2.78e-26
  8.4007e+06   2.26e-26
  8.6649e+06   1.86e-26
  8.9373e+06   1.53e-26
  9.2184e+06   1.24e-26
  9.5082e+06   9.81e-27
  9.8072e+06   8.02e-27
  1.0116e+07   6.44e-27
  1.0434e+07   5.06e-27
  1.0762e+07   3.93e-27
  1.1100e+07   3.11e-27
  1.1449e+07   2.40e-27
  1.1809e+07   1.80e-27
  1.2181e+07   1.34e-27
  1.2564e+07   1.00e-27
  1.2959e+07   7.17e-28
  1.3366e+07   4.89e-28
  1.3786e+07   3.43e-28
  1.4220e+07   2.33e-28
