#  E [GeV]   # per interaction  [GeV^{-1}]
  3.0000e+01   5.60e-01
  3.1141e+01   5.38e-01
  3.2326e+01   5.16e-01
  3.3556e+01   4.96e-01
  3.4832e+01   4.76e-01
  3.6157e+01   4.57e-01
  3.7533e+01   4.39e-01
  3.8961e+01   4.21e-01
  4.0443e+01   4.04e-01
  4.1982e+01   3.88e-01
  4.3579e+01   3.72e-01
  4.5237e+01   3.57e-01
  4.6958e+01   3.43e-01
  4.8744e+01   3.29e-01
  5.0598e+01   3.16e-01
  5.2523e+01   3.03e-01
  5.4521e+01   2.90e-01
  5.6596e+01   2.79e-01
  5.8749e+01   2.67e-01
  6.0984e+01   2.56e-01
  6.3304e+01   2.46e-01
  6.5712e+01   2.36e-01
  6.8212e+01   2.26e-01
  7.0807e+01   2.16e-01
  7.3500e+01   2.07e-01
  7.6297e+01   1.99e-01
  7.9199e+01   1.91e-01
  8.2212e+01   1.83e-01
  8.5340e+01   1.75e-01
  8.8586e+01   1.67e-01
  9.1956e+01   1.60e-01
  9.5455e+01   1.54e-01
  9.9086e+01   1.47e-01
  1.0286e+02   1.41e-01
  1.0677e+02   1.35e-01
  1.1083e+02   1.29e-01
  1.1505e+02   1.23e-01
  1.1942e+02   1.18e-01
  1.2397e+02   1.13e-01
  1.2868e+02   1.08e-01
  1.3358e+02   1.03e-01
  1.3866e+02   9.85e-02
  1.4394e+02   9.41e-02
  1.4941e+02   8.99e-02
  1.5509e+02   8.59e-02
  1.6100e+02   8.20e-02
  1.6712e+02   7.82e-02
  1.7348e+02   7.47e-02
  1.8008e+02   7.12e-02
  1.8693e+02   6.79e-02
  1.9404e+02   6.47e-02
  2.0142e+02   6.17e-02
  2.0908e+02   5.88e-02
  2.1704e+02   5.60e-02
  2.2529e+02   5.33e-02
  2.3387e+02   5.08e-02
  2.4276e+02   4.83e-02
  2.5200e+02   4.60e-02
  2.6158e+02   4.37e-02
  2.7154e+02   4.15e-02
  2.8187e+02   3.95e-02
  2.9259e+02   3.75e-02
  3.0372e+02   3.56e-02
  3.1527e+02   3.38e-02
  3.2727e+02   3.21e-02
  3.3972e+02   3.04e-02
  3.5264e+02   2.88e-02
  3.6606e+02   2.73e-02
  3.7998e+02   2.59e-02
  3.9444e+02   2.45e-02
  4.0945e+02   2.32e-02
  4.2502e+02   2.19e-02
  4.4119e+02   2.07e-02
  4.5798e+02   1.96e-02
  4.7540e+02   1.85e-02
  4.9348e+02   1.75e-02
  5.1226e+02   1.65e-02
  5.3175e+02   1.55e-02
  5.5198e+02   1.47e-02
  5.7297e+02   1.38e-02
  5.9477e+02   1.30e-02
  6.1740e+02   1.23e-02
  6.4089e+02   1.15e-02
  6.6527e+02   1.09e-02
  6.9058e+02   1.02e-02
  7.1685e+02   9.59e-03
  7.4412e+02   9.01e-03
  7.7243e+02   8.46e-03
  8.0181e+02   7.94e-03
  8.3232e+02   7.45e-03
  8.6398e+02   6.99e-03
  8.9685e+02   6.55e-03
  9.3097e+02   6.14e-03
  9.6638e+02   5.75e-03
  1.0031e+03   5.38e-03
  1.0413e+03   5.04e-03
  1.0809e+03   4.71e-03
  1.1220e+03   4.41e-03
  1.1647e+03   4.12e-03
  1.2090e+03   3.85e-03
  1.2550e+03   3.59e-03
  1.3028e+03   3.35e-03
  1.3523e+03   3.13e-03
  1.4038e+03   2.92e-03
  1.4572e+03   2.72e-03
  1.5126e+03   2.53e-03
  1.5702e+03   2.35e-03
  1.6299e+03   2.19e-03
  1.6919e+03   2.04e-03
  1.7563e+03   1.89e-03
  1.8231e+03   1.76e-03
  1.8925e+03   1.63e-03
  1.9645e+03   1.52e-03
  2.0392e+03   1.41e-03
  2.1168e+03   1.30e-03
  2.1973e+03   1.21e-03
  2.2809e+03   1.12e-03
  2.3677e+03   1.04e-03
  2.4577e+03   9.57e-04
  2.5512e+03   8.84e-04
  2.6483e+03   8.16e-04
  2.7490e+03   7.53e-04
  2.8536e+03   6.94e-04
  2.9622e+03   6.40e-04
  3.0749e+03   5.88e-04
  3.1918e+03   5.41e-04
  3.3133e+03   4.98e-04
  3.4393e+03   4.57e-04
  3.5702e+03   4.19e-04
  3.7060e+03   3.85e-04
  3.8470e+03   3.52e-04
  3.9933e+03   3.22e-04
  4.1452e+03   2.95e-04
  4.3029e+03   2.69e-04
  4.4666e+03   2.46e-04
  4.6366e+03   2.24e-04
  4.8129e+03   2.04e-04
  4.9960e+03   1.86e-04
  5.1861e+03   1.69e-04
  5.3834e+03   1.53e-04
  5.5882e+03   1.39e-04
  5.8008e+03   1.26e-04
  6.0215e+03   1.14e-04
  6.2506e+03   1.03e-04
  6.4883e+03   9.28e-05
  6.7352e+03   8.36e-05
  6.9914e+03   7.50e-05
  7.2574e+03   6.75e-05
  7.5335e+03   6.06e-05
  7.8201e+03   5.41e-05
  8.1176e+03   4.85e-05
  8.4264e+03   4.33e-05
  8.7470e+03   3.85e-05
  9.0797e+03   3.43e-05
  9.4251e+03   3.05e-05
  9.7837e+03   2.69e-05
  1.0156e+04   2.38e-05
  1.0542e+04   2.10e-05
  1.0943e+04   1.84e-05
  1.1360e+04   1.62e-05
  1.1792e+04   1.42e-05
  1.2240e+04   1.23e-05
  1.2706e+04   1.07e-05
  1.3189e+04   9.33e-06
  1.3691e+04   8.04e-06
  1.4212e+04   6.90e-06
  1.4753e+04   5.95e-06
  1.5314e+04   5.08e-06
  1.5897e+04   4.30e-06
  1.6501e+04   3.66e-06
  1.7129e+04   3.08e-06
  1.7781e+04   2.57e-06
  1.8457e+04   2.16e-06
  1.9159e+04   1.78e-06
  1.9888e+04   1.45e-06
  2.0645e+04   1.19e-06
  2.1430e+04   9.62e-07
  2.2245e+04   7.59e-07
  2.3092e+04   6.06e-07
  2.3970e+04   4.73e-07
  2.4882e+04   3.58e-07
  2.5829e+04   2.73e-07
  2.6811e+04   2.03e-07
  2.7831e+04   1.46e-07
  2.8890e+04   1.04e-07
  2.9989e+04   7.16e-08
  3.1130e+04   4.68e-08
  3.2314e+04   2.98e-08
  3.3544e+04   1.81e-08
  3.4820e+04   1.01e-08
  3.6144e+04   5.28e-09
  3.7519e+04   2.52e-09
  3.8947e+04   1.04e-09
  4.0428e+04   3.78e-10
  4.1966e+04   1.15e-10
  4.3563e+04   2.70e-11
  4.5220e+04   4.67e-12
  4.6941e+04   5.48e-13
  4.8726e+04   3.76e-14
  5.0580e+04   1.31e-15
