#  E [GeV]   # per interaction  [GeV^{-1}]
  3.0000e+01   4.50e-01
  3.1033e+01   4.34e-01
  3.2102e+01   4.18e-01
  3.3207e+01   4.03e-01
  3.4350e+01   3.89e-01
  3.5533e+01   3.74e-01
  3.6757e+01   3.61e-01
  3.8022e+01   3.48e-01
  3.9332e+01   3.35e-01
  4.0686e+01   3.23e-01
  4.2087e+01   3.11e-01
  4.3536e+01   2.99e-01
  4.5035e+01   2.88e-01
  4.6586e+01   2.77e-01
  4.8190e+01   2.67e-01
  4.9850e+01   2.57e-01
  5.1566e+01   2.47e-01
  5.3342e+01   2.38e-01
  5.5178e+01   2.29e-01
  5.7078e+01   2.20e-01
  5.9044e+01   2.12e-01
  6.1077e+01   2.04e-01
  6.3180e+01   1.96e-01
  6.5356e+01   1.88e-01
  6.7606e+01   1.81e-01
  6.9934e+01   1.74e-01
  7.2342e+01   1.67e-01
  7.4833e+01   1.60e-01
  7.7410e+01   1.54e-01
  8.0075e+01   1.47e-01
  8.2833e+01   1.41e-01
  8.5685e+01   1.36e-01
  8.8635e+01   1.30e-01
  9.1687e+01   1.25e-01
  9.4844e+01   1.19e-01
  9.8110e+01   1.14e-01
  1.0149e+02   1.10e-01
  1.0498e+02   1.05e-01
  1.0860e+02   1.00e-01
  1.1234e+02   9.61e-02
  1.1621e+02   9.19e-02
  1.2021e+02   8.79e-02
  1.2435e+02   8.40e-02
  1.2863e+02   8.03e-02
  1.3306e+02   7.67e-02
  1.3764e+02   7.32e-02
  1.4238e+02   6.99e-02
  1.4728e+02   6.67e-02
  1.5235e+02   6.36e-02
  1.5760e+02   6.06e-02
  1.6302e+02   5.77e-02
  1.6864e+02   5.50e-02
  1.7445e+02   5.23e-02
  1.8045e+02   4.98e-02
  1.8667e+02   4.73e-02
  1.9309e+02   4.49e-02
  1.9974e+02   4.27e-02
  2.0662e+02   4.05e-02
  2.1373e+02   3.84e-02
  2.2109e+02   3.64e-02
  2.2871e+02   3.45e-02
  2.3658e+02   3.27e-02
  2.4473e+02   3.09e-02
  2.5316e+02   2.93e-02
  2.6187e+02   2.76e-02
  2.7089e+02   2.61e-02
  2.8022e+02   2.46e-02
  2.8987e+02   2.32e-02
  2.9985e+02   2.19e-02
  3.1017e+02   2.06e-02
  3.2085e+02   1.94e-02
  3.3190e+02   1.82e-02
  3.4333e+02   1.71e-02
  3.5515e+02   1.61e-02
  3.6738e+02   1.51e-02
  3.8003e+02   1.41e-02
  3.9312e+02   1.32e-02
  4.0665e+02   1.24e-02
  4.2066e+02   1.16e-02
  4.3514e+02   1.08e-02
  4.5013e+02   1.01e-02
  4.6562e+02   9.43e-03
  4.8166e+02   8.79e-03
  4.9824e+02   8.19e-03
  5.1540e+02   7.62e-03
  5.3315e+02   7.09e-03
  5.5150e+02   6.59e-03
  5.7050e+02   6.12e-03
  5.9014e+02   5.68e-03
  6.1046e+02   5.27e-03
  6.3148e+02   4.89e-03
  6.5322e+02   4.52e-03
  6.7572e+02   4.19e-03
  6.9898e+02   3.87e-03
  7.2305e+02   3.58e-03
  7.4795e+02   3.31e-03
  7.7371e+02   3.06e-03
  8.0035e+02   2.82e-03
  8.2791e+02   2.60e-03
  8.5641e+02   2.40e-03
  8.8590e+02   2.22e-03
  9.1641e+02   2.04e-03
  9.4796e+02   1.88e-03
  9.8061e+02   1.73e-03
  1.0144e+03   1.60e-03
  1.0493e+03   1.47e-03
  1.0854e+03   1.35e-03
  1.1228e+03   1.25e-03
  1.1615e+03   1.15e-03
  1.2015e+03   1.05e-03
  1.2428e+03   9.70e-04
  1.2856e+03   8.92e-04
  1.3299e+03   8.19e-04
  1.3757e+03   7.53e-04
  1.4231e+03   6.92e-04
  1.4721e+03   6.35e-04
  1.5228e+03   5.83e-04
  1.5752e+03   5.36e-04
  1.6294e+03   4.92e-04
  1.6855e+03   4.51e-04
  1.7436e+03   4.14e-04
  1.8036e+03   3.80e-04
  1.8657e+03   3.48e-04
  1.9300e+03   3.19e-04
  1.9964e+03   2.92e-04
  2.0652e+03   2.67e-04
  2.1363e+03   2.44e-04
  2.2098e+03   2.23e-04
  2.2859e+03   2.04e-04
  2.3646e+03   1.86e-04
  2.4461e+03   1.70e-04
  2.5303e+03   1.55e-04
  2.6174e+03   1.41e-04
  2.7075e+03   1.28e-04
  2.8008e+03   1.16e-04
  2.8972e+03   1.05e-04
  2.9970e+03   9.53e-05
  3.1002e+03   8.65e-05
  3.2069e+03   7.82e-05
  3.3173e+03   7.05e-05
  3.4316e+03   6.36e-05
  3.5497e+03   5.74e-05
  3.6720e+03   5.15e-05
  3.7984e+03   4.61e-05
  3.9292e+03   4.15e-05
  4.0645e+03   3.71e-05
  4.2044e+03   3.30e-05
  4.3492e+03   2.95e-05
  4.4990e+03   2.62e-05
  4.6539e+03   2.32e-05
  4.8141e+03   2.05e-05
  4.9799e+03   1.81e-05
  5.1514e+03   1.59e-05
  5.3288e+03   1.39e-05
  5.5123e+03   1.22e-05
  5.7021e+03   1.07e-05
  5.8984e+03   9.24e-06
  6.1015e+03   8.02e-06
  6.3116e+03   6.95e-06
  6.5289e+03   5.96e-06
  6.7538e+03   5.09e-06
  6.9863e+03   4.37e-06
  7.2269e+03   3.72e-06
  7.4757e+03   3.12e-06
  7.7331e+03   2.64e-06
  7.9994e+03   2.22e-06
  8.2749e+03   1.84e-06
  8.5598e+03   1.53e-06
  8.8546e+03   1.26e-06
  9.1594e+03   1.03e-06
  9.4748e+03   8.31e-07
  9.8011e+03   6.77e-07
  1.0139e+04   5.42e-07
  1.0488e+04   4.26e-07
  1.0849e+04   3.36e-07
  1.1222e+04   2.63e-07
  1.1609e+04   2.01e-07
  1.2009e+04   1.52e-07
  1.2422e+04   1.16e-07
  1.2850e+04   8.59e-08
  1.3292e+04   6.20e-08
  1.3750e+04   4.52e-08
  1.4223e+04   3.22e-08
  1.4713e+04   2.23e-08
  1.5220e+04   1.52e-08
  1.5744e+04   1.02e-08
  1.6286e+04   6.65e-09
  1.6847e+04   4.14e-09
  1.7427e+04   2.59e-09
  1.8027e+04   1.54e-09
  1.8648e+04   8.69e-10
  1.9290e+04   4.76e-10
  1.9954e+04   2.49e-10
  2.0641e+04   1.21e-10
  2.1352e+04   5.45e-11
  2.2087e+04   2.34e-11
  2.2848e+04   8.97e-12
  2.3634e+04   3.01e-12
  2.4448e+04   9.42e-13
  2.5290e+04   2.52e-13
