#  E [GeV]   # per interaction  [GeV^{-1}]
  3.0000e+01   2.68e-03
  3.0411e+01   2.64e-03
  3.0828e+01   2.60e-03
  3.1250e+01   2.55e-03
  3.1678e+01   2.51e-03
  3.2112e+01   2.47e-03
  3.2552e+01   2.43e-03
  3.2998e+01   2.39e-03
  3.3450e+01   2.35e-03
  3.3909e+01   2.31e-03
  3.4373e+01   2.28e-03
  3.4844e+01   2.24e-03
  3.5322e+01   2.20e-03
  3.5806e+01   2.17e-03
  3.6296e+01   2.13e-03
  3.6794e+01   2.10e-03
  3.7298e+01   2.06e-03
  3.7809e+01   2.03e-03
  3.8327e+01   2.00e-03
  3.8852e+01   1.96e-03
  3.9384e+01   1.93e-03
  3.9924e+01   1.90e-03
  4.0471e+01   1.87e-03
  4.1025e+01   1.84e-03
  4.1587e+01   1.81e-03
  4.2157e+01   1.78e-03
  4.2735e+01   1.75e-03
  4.3320e+01   1.72e-03
  4.3914e+01   1.69e-03
  4.4516e+01   1.67e-03
  4.5125e+01   1.64e-03
  4.5744e+01   1.61e-03
  4.6370e+01   1.58e-03
  4.7006e+01   1.56e-03
  4.7650e+01   1.53e-03
  4.8303e+01   1.51e-03
  4.8965e+01   1.48e-03
  4.9635e+01   1.46e-03
  5.0315e+01   1.44e-03
  5.1005e+01   1.41e-03
  5.1704e+01   1.39e-03
  5.2412e+01   1.37e-03
  5.3130e+01   1.34e-03
  5.3858e+01   1.32e-03
  5.4596e+01   1.30e-03
  5.5344e+01   1.28e-03
  5.6102e+01   1.26e-03
  5.6871e+01   1.24e-03
  5.7650e+01   1.22e-03
  5.8440e+01   1.20e-03
  5.9241e+01   1.18e-03
  6.0053e+01   1.16e-03
  6.0875e+01   1.14e-03
  6.1709e+01   1.12e-03
  6.2555e+01   1.10e-03
  6.3412e+01   1.09e-03
  6.4281e+01   1.07e-03
  6.5162e+01   1.05e-03
  6.6054e+01   1.03e-03
  6.6959e+01   1.02e-03
  6.7877e+01   1.00e-03
  6.8807e+01   9.84e-04
  6.9750e+01   9.68e-04
  7.0705e+01   9.52e-04
  7.1674e+01   9.37e-04
  7.2656e+01   9.21e-04
  7.3652e+01   9.06e-04
  7.4661e+01   8.91e-04
  7.5684e+01   8.77e-04
  7.6721e+01   8.62e-04
  7.7772e+01   8.48e-04
  7.8837e+01   8.34e-04
  7.9917e+01   8.20e-04
  8.1012e+01   8.06e-04
  8.2122e+01   7.93e-04
  8.3248e+01   7.80e-04
  8.4388e+01   7.67e-04
  8.5544e+01   7.54e-04
  8.6717e+01   7.41e-04
  8.7905e+01   7.29e-04
  8.9109e+01   7.16e-04
  9.0330e+01   7.04e-04
  9.1568e+01   6.92e-04
  9.2822e+01   6.80e-04
  9.4094e+01   6.69e-04
  9.5383e+01   6.57e-04
  9.6690e+01   6.46e-04
  9.8015e+01   6.35e-04
  9.9358e+01   6.24e-04
  1.0072e+02   6.13e-04
  1.0210e+02   6.02e-04
  1.0350e+02   5.92e-04
  1.0492e+02   5.82e-04
  1.0635e+02   5.72e-04
  1.0781e+02   5.62e-04
  1.0929e+02   5.52e-04
  1.1079e+02   5.42e-04
  1.1230e+02   5.32e-04
  1.1384e+02   5.23e-04
  1.1540e+02   5.14e-04
  1.1698e+02   5.05e-04
  1.1859e+02   4.96e-04
  1.2021e+02   4.87e-04
  1.2186e+02   4.78e-04
  1.2353e+02   4.70e-04
  1.2522e+02   4.61e-04
  1.2694e+02   4.53e-04
  1.2867e+02   4.45e-04
  1.3044e+02   4.37e-04
  1.3222e+02   4.29e-04
  1.3404e+02   4.21e-04
  1.3587e+02   4.13e-04
  1.3773e+02   4.06e-04
  1.3962e+02   3.98e-04
  1.4153e+02   3.91e-04
  1.4347e+02   3.84e-04
  1.4544e+02   3.77e-04
  1.4743e+02   3.70e-04
  1.4945e+02   3.63e-04
  1.5150e+02   3.56e-04
  1.5358e+02   3.49e-04
  1.5568e+02   3.43e-04
  1.5781e+02   3.36e-04
  1.5997e+02   3.30e-04
  1.6217e+02   3.24e-04
  1.6439e+02   3.17e-04
  1.6664e+02   3.11e-04
  1.6892e+02   3.05e-04
  1.7124e+02   3.00e-04
  1.7358e+02   2.94e-04
  1.7596e+02   2.88e-04
  1.7837e+02   2.83e-04
  1.8082e+02   2.77e-04
  1.8330e+02   2.72e-04
  1.8581e+02   2.66e-04
  1.8835e+02   2.61e-04
  1.9093e+02   2.56e-04
  1.9355e+02   2.51e-04
  1.9620e+02   2.46e-04
  1.9889e+02   2.41e-04
  2.0161e+02   2.36e-04
  2.0438e+02   2.31e-04
  2.0718e+02   2.27e-04
  2.1002e+02   2.22e-04
  2.1289e+02   2.18e-04
  2.1581e+02   2.13e-04
  2.1877e+02   2.09e-04
  2.2176e+02   2.04e-04
  2.2480e+02   2.00e-04
  2.2788e+02   1.96e-04
  2.3101e+02   1.92e-04
  2.3417e+02   1.88e-04
  2.3738e+02   1.84e-04
  2.4063e+02   1.80e-04
  2.4393e+02   1.76e-04
  2.4727e+02   1.72e-04
  2.5066e+02   1.69e-04
  2.5409e+02   1.65e-04
  2.5757e+02   1.62e-04
  2.6110e+02   1.58e-04
  2.6468e+02   1.55e-04
  2.6831e+02   1.51e-04
  2.7198e+02   1.48e-04
  2.7571e+02   1.45e-04
  2.7949e+02   1.41e-04
  2.8332e+02   1.38e-04
  2.8720e+02   1.35e-04
  2.9113e+02   1.32e-04
  2.9512e+02   1.29e-04
  2.9917e+02   1.26e-04
  3.0327e+02   1.23e-04
  3.0742e+02   1.20e-04
  3.1163e+02   1.18e-04
  3.1590e+02   1.15e-04
  3.2023e+02   1.12e-04
  3.2462e+02   1.10e-04
  3.2907e+02   1.07e-04
  3.3357e+02   1.05e-04
  3.3814e+02   1.02e-04
  3.4278e+02   9.99e-05
  3.4747e+02   9.75e-05
  3.5223e+02   9.51e-05
  3.5706e+02   9.28e-05
  3.6195e+02   9.05e-05
  3.6691e+02   8.82e-05
  3.7194e+02   8.61e-05
  3.7704e+02   8.39e-05
  3.8220e+02   8.18e-05
  3.8744e+02   7.97e-05
  3.9275e+02   7.77e-05
  3.9813e+02   7.57e-05
  4.0358e+02   7.38e-05
  4.0911e+02   7.19e-05
  4.1472e+02   7.00e-05
  4.2040e+02   6.82e-05
  4.2616e+02   6.64e-05
  4.3200e+02   6.48e-05
  4.3792e+02   6.34e-05
  4.4392e+02   6.19e-05
  4.5000e+02   6.05e-05
