#  E [GeV]   # per interaction  [GeV^{-1}]
  3.0000e+01   5.53e-01
  3.1141e+01   5.30e-01
  3.2326e+01   5.09e-01
  3.3556e+01   4.88e-01
  3.4832e+01   4.68e-01
  3.6157e+01   4.49e-01
  3.7533e+01   4.30e-01
  3.8961e+01   4.12e-01
  4.0443e+01   3.95e-01
  4.1982e+01   3.79e-01
  4.3579e+01   3.63e-01
  4.5237e+01   3.48e-01
  4.6958e+01   3.34e-01
  4.8744e+01   3.20e-01
  5.0598e+01   3.06e-01
  5.2523e+01   2.93e-01
  5.4521e+01   2.81e-01
  5.6596e+01   2.69e-01
  5.8749e+01   2.58e-01
  6.0984e+01   2.47e-01
  6.3304e+01   2.36e-01
  6.5712e+01   2.26e-01
  6.8212e+01   2.16e-01
  7.0807e+01   2.07e-01
  7.3500e+01   1.98e-01
  7.6297e+01   1.89e-01
  7.9199e+01   1.81e-01
  8.2212e+01   1.73e-01
  8.5340e+01   1.65e-01
  8.8586e+01   1.58e-01
  9.1956e+01   1.51e-01
  9.5455e+01   1.44e-01
  9.9086e+01   1.38e-01
  1.0286e+02   1.31e-01
  1.0677e+02   1.25e-01
  1.1083e+02   1.20e-01
  1.1505e+02   1.14e-01
  1.1942e+02   1.09e-01
  1.2397e+02   1.04e-01
  1.2868e+02   9.89e-02
  1.3358e+02   9.42e-02
  1.3866e+02   8.97e-02
  1.4394e+02   8.54e-02
  1.4941e+02   8.12e-02
  1.5509e+02   7.73e-02
  1.6100e+02   7.34e-02
  1.6712e+02   6.98e-02
  1.7348e+02   6.62e-02
  1.8008e+02   6.28e-02
  1.8693e+02   5.96e-02
  1.9404e+02   5.65e-02
  2.0142e+02   5.35e-02
  2.0908e+02   5.06e-02
  2.1704e+02   4.79e-02
  2.2529e+02   4.53e-02
  2.3387e+02   4.28e-02
  2.4276e+02   4.04e-02
  2.5200e+02   3.81e-02
  2.6158e+02   3.59e-02
  2.7154e+02   3.38e-02
  2.8187e+02   3.18e-02
  2.9259e+02   2.99e-02
  3.0372e+02   2.81e-02
  3.1527e+02   2.63e-02
  3.2727e+02   2.46e-02
  3.3972e+02   2.31e-02
  3.5264e+02   2.16e-02
  3.6606e+02   2.01e-02
  3.7998e+02   1.88e-02
  3.9444e+02   1.75e-02
  4.0945e+02   1.63e-02
  4.2502e+02   1.52e-02
  4.4119e+02   1.41e-02
  4.5798e+02   1.31e-02
  4.7540e+02   1.21e-02
  4.9348e+02   1.12e-02
  5.1226e+02   1.04e-02
  5.3175e+02   9.62e-03
  5.5198e+02   8.88e-03
  5.7297e+02   8.20e-03
  5.9477e+02   7.56e-03
  6.1740e+02   6.96e-03
  6.4089e+02   6.41e-03
  6.6527e+02   5.90e-03
  6.9058e+02   5.42e-03
  7.1685e+02   4.98e-03
  7.4412e+02   4.58e-03
  7.7243e+02   4.20e-03
  8.0181e+02   3.85e-03
  8.3232e+02   3.54e-03
  8.6398e+02   3.24e-03
  8.9685e+02   2.97e-03
  9.3097e+02   2.73e-03
  9.6638e+02   2.50e-03
  1.0031e+03   2.29e-03
  1.0413e+03   2.10e-03
  1.0809e+03   1.92e-03
  1.1220e+03   1.76e-03
  1.1647e+03   1.62e-03
  1.2090e+03   1.48e-03
  1.2550e+03   1.36e-03
  1.3028e+03   1.24e-03
  1.3523e+03   1.14e-03
  1.4038e+03   1.04e-03
  1.4572e+03   9.57e-04
  1.5126e+03   8.77e-04
  1.5702e+03   8.04e-04
  1.6299e+03   7.37e-04
  1.6919e+03   6.76e-04
  1.7563e+03   6.20e-04
  1.8231e+03   5.68e-04
  1.8925e+03   5.20e-04
  1.9645e+03   4.77e-04
  2.0392e+03   4.36e-04
  2.1168e+03   3.99e-04
  2.1973e+03   3.66e-04
  2.2809e+03   3.34e-04
  2.3677e+03   3.05e-04
  2.4577e+03   2.79e-04
  2.5512e+03   2.55e-04
  2.6483e+03   2.32e-04
  2.7490e+03   2.12e-04
  2.8536e+03   1.93e-04
  2.9622e+03   1.75e-04
  3.0749e+03   1.59e-04
  3.1918e+03   1.44e-04
  3.3133e+03   1.31e-04
  3.4393e+03   1.18e-04
  3.5702e+03   1.07e-04
  3.7060e+03   9.61e-05
  3.8470e+03   8.67e-05
  3.9933e+03   7.79e-05
  4.1452e+03   6.97e-05
  4.3029e+03   6.24e-05
  4.4666e+03   5.58e-05
  4.6366e+03   4.96e-05
  4.8129e+03   4.41e-05
  4.9960e+03   3.90e-05
  5.1861e+03   3.44e-05
  5.3834e+03   3.03e-05
  5.5882e+03   2.66e-05
  5.8008e+03   2.32e-05
  6.0215e+03   2.02e-05
  6.2506e+03   1.76e-05
  6.4883e+03   1.51e-05
  6.7352e+03   1.30e-05
  6.9914e+03   1.12e-05
  7.2574e+03   9.48e-06
  7.5335e+03   8.02e-06
  7.8201e+03   6.76e-06
  8.1176e+03   5.64e-06
  8.4264e+03   4.68e-06
  8.7470e+03   3.86e-06
  9.0797e+03   3.15e-06
  9.4251e+03   2.55e-06
  9.7837e+03   2.05e-06
  1.0156e+04   1.62e-06
  1.0542e+04   1.27e-06
  1.0943e+04   9.88e-07
  1.1360e+04   7.55e-07
  1.1792e+04   5.67e-07
  1.2240e+04   4.22e-07
  1.2706e+04   3.07e-07
  1.3189e+04   2.18e-07
  1.3691e+04   1.53e-07
  1.4212e+04   1.04e-07
  1.4753e+04   6.87e-08
  1.5314e+04   4.44e-08
  1.5897e+04   2.76e-08
  1.6501e+04   1.64e-08
  1.7129e+04   9.43e-09
  1.7781e+04   5.14e-09
  1.8457e+04   2.64e-09
  1.9159e+04   1.28e-09
  1.9888e+04   5.79e-10
  2.0645e+04   2.39e-10
  2.1430e+04   9.03e-11
  2.2245e+04   3.06e-11
  2.3092e+04   9.04e-12
  2.3970e+04   2.32e-12
  2.4882e+04   5.00e-13
  2.5829e+04   8.74e-14
  2.6811e+04   1.21e-14
  2.7831e+04   1.26e-15
  2.8890e+04   9.30e-17
  2.9989e+04   4.64e-18
  3.1130e+04   1.45e-19
  3.2314e+04   2.51e-21
  3.3544e+04   2.18e-23
  3.4820e+04   8.29e-26
  3.6144e+04   1.10e-28
  3.7519e+04   4.21e-32
  3.8947e+04   3.50e-36
  4.0428e+04   4.03e-41
  4.1966e+04   3.86e-46
  4.3563e+04   5.15e-46
  4.5220e+04   6.34e-46
  4.6941e+04   7.59e-46
  4.8726e+04   9.71e-46
  5.0580e+04   1.17e-45
