#  E [GeV]   # per interaction  [GeV^{-1}]
  3.0000e+01   1.16e+00
  3.1141e+01   1.11e+00
  3.2326e+01   1.06e+00
  3.3556e+01   1.01e+00
  3.4832e+01   9.66e-01
  3.6157e+01   9.22e-01
  3.7533e+01   8.81e-01
  3.8961e+01   8.41e-01
  4.0443e+01   8.03e-01
  4.1982e+01   7.66e-01
  4.3579e+01   7.31e-01
  4.5237e+01   6.97e-01
  4.6958e+01   6.65e-01
  4.8744e+01   6.34e-01
  5.0598e+01   6.05e-01
  5.2523e+01   5.77e-01
  5.4521e+01   5.50e-01
  5.6596e+01   5.24e-01
  5.8749e+01   5.00e-01
  6.0984e+01   4.76e-01
  6.3304e+01   4.54e-01
  6.5712e+01   4.32e-01
  6.8212e+01   4.12e-01
  7.0807e+01   3.92e-01
  7.3500e+01   3.73e-01
  7.6297e+01   3.55e-01
  7.9199e+01   3.38e-01
  8.2212e+01   3.22e-01
  8.5340e+01   3.07e-01
  8.8586e+01   2.92e-01
  9.1956e+01   2.78e-01
  9.5455e+01   2.64e-01
  9.9086e+01   2.51e-01
  1.0286e+02   2.39e-01
  1.0677e+02   2.27e-01
  1.1083e+02   2.16e-01
  1.1505e+02   2.05e-01
  1.1942e+02   1.95e-01
  1.2397e+02   1.85e-01
  1.2868e+02   1.76e-01
  1.3358e+02   1.67e-01
  1.3866e+02   1.59e-01
  1.4394e+02   1.51e-01
  1.4941e+02   1.43e-01
  1.5509e+02   1.36e-01
  1.6100e+02   1.29e-01
  1.6712e+02   1.23e-01
  1.7348e+02   1.17e-01
  1.8008e+02   1.11e-01
  1.8693e+02   1.05e-01
  1.9404e+02   9.96e-02
  2.0142e+02   9.44e-02
  2.0908e+02   8.96e-02
  2.1704e+02   8.49e-02
  2.2529e+02   8.05e-02
  2.3387e+02   7.63e-02
  2.4276e+02   7.23e-02
  2.5200e+02   6.85e-02
  2.6158e+02   6.49e-02
  2.7154e+02   6.15e-02
  2.8187e+02   5.82e-02
  2.9259e+02   5.51e-02
  3.0372e+02   5.22e-02
  3.1527e+02   4.94e-02
  3.2727e+02   4.67e-02
  3.3972e+02   4.42e-02
  3.5264e+02   4.18e-02
  3.6606e+02   3.95e-02
  3.7998e+02   3.73e-02
  3.9444e+02   3.52e-02
  4.0945e+02   3.32e-02
  4.2502e+02   3.14e-02
  4.4119e+02   2.96e-02
  4.5798e+02   2.79e-02
  4.7540e+02   2.63e-02
  4.9348e+02   2.48e-02
  5.1226e+02   2.33e-02
  5.3175e+02   2.20e-02
  5.5198e+02   2.06e-02
  5.7297e+02   1.94e-02
  5.9477e+02   1.82e-02
  6.1740e+02   1.71e-02
  6.4089e+02   1.61e-02
  6.6527e+02   1.51e-02
  6.9058e+02   1.41e-02
  7.1685e+02   1.32e-02
  7.4412e+02   1.24e-02
  7.7243e+02   1.16e-02
  8.0181e+02   1.08e-02
  8.3232e+02   1.01e-02
  8.6398e+02   9.47e-03
  8.9685e+02   8.85e-03
  9.3097e+02   8.28e-03
  9.6638e+02   7.74e-03
  1.0031e+03   7.22e-03
  1.0413e+03   6.75e-03
  1.0809e+03   6.30e-03
  1.1220e+03   5.88e-03
  1.1647e+03   5.48e-03
  1.2090e+03   5.11e-03
  1.2550e+03   4.76e-03
  1.3028e+03   4.43e-03
  1.3523e+03   4.12e-03
  1.4038e+03   3.83e-03
  1.4572e+03   3.56e-03
  1.5126e+03   3.30e-03
  1.5702e+03   3.06e-03
  1.6299e+03   2.84e-03
  1.6919e+03   2.63e-03
  1.7563e+03   2.44e-03
  1.8231e+03   2.25e-03
  1.8925e+03   2.08e-03
  1.9645e+03   1.92e-03
  2.0392e+03   1.78e-03
  2.1168e+03   1.64e-03
  2.1973e+03   1.51e-03
  2.2809e+03   1.39e-03
  2.3677e+03   1.28e-03
  2.4577e+03   1.18e-03
  2.5512e+03   1.08e-03
  2.6483e+03   9.89e-04
  2.7490e+03   9.05e-04
  2.8536e+03   8.28e-04
  2.9622e+03   7.57e-04
  3.0749e+03   6.91e-04
  3.1918e+03   6.29e-04
  3.3133e+03   5.74e-04
  3.4393e+03   5.21e-04
  3.5702e+03   4.73e-04
  3.7060e+03   4.30e-04
  3.8470e+03   3.89e-04
  3.9933e+03   3.51e-04
  4.1452e+03   3.18e-04
  4.3029e+03   2.86e-04
  4.4666e+03   2.57e-04
  4.6366e+03   2.32e-04
  4.8129e+03   2.08e-04
  4.9960e+03   1.86e-04
  5.1861e+03   1.67e-04
  5.3834e+03   1.49e-04
  5.5882e+03   1.32e-04
  5.8008e+03   1.18e-04
  6.0215e+03   1.05e-04
  6.2506e+03   9.23e-05
  6.4883e+03   8.19e-05
  6.7352e+03   7.24e-05
  6.9914e+03   6.34e-05
  7.2574e+03   5.60e-05
  7.5335e+03   4.92e-05
  7.8201e+03   4.29e-05
  8.1176e+03   3.75e-05
  8.4264e+03   3.28e-05
  8.7470e+03   2.84e-05
  9.0797e+03   2.47e-05
  9.4251e+03   2.15e-05
  9.7837e+03   1.85e-05
  1.0156e+04   1.59e-05
  1.0542e+04   1.37e-05
  1.0943e+04   1.17e-05
  1.1360e+04   1.00e-05
  1.1792e+04   8.59e-06
  1.2240e+04   7.28e-06
  1.2706e+04   6.15e-06
  1.3189e+04   5.24e-06
  1.3691e+04   4.41e-06
  1.4212e+04   3.68e-06
  1.4753e+04   3.11e-06
  1.5314e+04   2.59e-06
  1.5897e+04   2.14e-06
  1.6501e+04   1.80e-06
  1.7129e+04   1.48e-06
  1.7781e+04   1.20e-06
  1.8457e+04   1.00e-06
  1.9159e+04   8.16e-07
  1.9888e+04   6.52e-07
  2.0645e+04   5.34e-07
  2.1430e+04   4.29e-07
  2.2245e+04   3.36e-07
  2.3092e+04   2.70e-07
  2.3970e+04   2.13e-07
  2.4882e+04   1.63e-07
  2.5829e+04   1.27e-07
  2.6811e+04   9.65e-08
  2.7831e+04   7.12e-08
  2.8890e+04   5.23e-08
  2.9989e+04   3.74e-08
  3.1130e+04   2.56e-08
  3.2314e+04   1.70e-08
  3.3544e+04   1.09e-08
  3.4820e+04   6.45e-09
  3.6144e+04   3.58e-09
  3.7519e+04   1.81e-09
  3.8947e+04   8.09e-10
  4.0428e+04   3.12e-10
  4.1966e+04   9.95e-11
  4.3563e+04   2.49e-11
  4.5220e+04   4.57e-12
  4.6941e+04   5.61e-13
  4.8726e+04   4.11e-14
  5.0580e+04   1.54e-15
