#  E [MeV]   Flux [# cm^{-2} s^{-1}  MeV^{-1}]
  3.0000e+04   1.93e-21
  3.0765e+04   1.87e-21
  3.1549e+04   1.80e-21
  3.2354e+04   1.74e-21
  3.3179e+04   1.68e-21
  3.4025e+04   1.62e-21
  3.4892e+04   1.57e-21
  3.5782e+04   1.51e-21
  3.6695e+04   1.46e-21
  3.7630e+04   1.41e-21
  3.8590e+04   1.36e-21
  3.9574e+04   1.31e-21
  4.0583e+04   1.26e-21
  4.1618e+04   1.22e-21
  4.2679e+04   1.18e-21
  4.3767e+04   1.14e-21
  4.4883e+04   1.10e-21
  4.6028e+04   1.06e-21
  4.7201e+04   1.02e-21
  4.8405e+04   9.82e-22
  4.9639e+04   9.47e-22
  5.0905e+04   9.13e-22
  5.2203e+04   8.80e-22
  5.3534e+04   8.48e-22
  5.4899e+04   8.17e-22
  5.6299e+04   7.88e-22
  5.7734e+04   7.59e-22
  5.9207e+04   7.31e-22
  6.0716e+04   7.05e-22
  6.2264e+04   6.79e-22
  6.3852e+04   6.54e-22
  6.5480e+04   6.30e-22
  6.7150e+04   6.07e-22
  6.8862e+04   5.85e-22
  7.0618e+04   5.63e-22
  7.2419e+04   5.42e-22
  7.4265e+04   5.22e-22
  7.6159e+04   5.03e-22
  7.8101e+04   4.85e-22
  8.0092e+04   4.67e-22
  8.2135e+04   4.50e-22
  8.4229e+04   4.33e-22
  8.6377e+04   4.17e-22
  8.8579e+04   4.02e-22
  9.0838e+04   3.87e-22
  9.3154e+04   3.72e-22
  9.5529e+04   3.59e-22
  9.7965e+04   3.45e-22
  1.0046e+05   3.32e-22
  1.0303e+05   3.20e-22
  1.0565e+05   3.08e-22
  1.0835e+05   2.97e-22
  1.1111e+05   2.86e-22
  1.1394e+05   2.75e-22
  1.1685e+05   2.65e-22
  1.1983e+05   2.55e-22
  1.2288e+05   2.45e-22
  1.2602e+05   2.36e-22
  1.2923e+05   2.27e-22
  1.3252e+05   2.19e-22
  1.3590e+05   2.11e-22
  1.3937e+05   2.03e-22
  1.4292e+05   1.95e-22
  1.4657e+05   1.87e-22
  1.5030e+05   1.80e-22
  1.5414e+05   1.74e-22
  1.5807e+05   1.67e-22
  1.6210e+05   1.61e-22
  1.6623e+05   1.54e-22
  1.7047e+05   1.49e-22
  1.7482e+05   1.43e-22
  1.7927e+05   1.38e-22
  1.8384e+05   1.32e-22
  1.8853e+05   1.27e-22
  1.9334e+05   1.22e-22
  1.9827e+05   1.18e-22
  2.0333e+05   1.13e-22
  2.0851e+05   1.09e-22
  2.1383e+05   1.05e-22
  2.1928e+05   1.01e-22
  2.2487e+05   9.69e-23
  2.3060e+05   9.32e-23
  2.3648e+05   8.96e-23
  2.4251e+05   8.61e-23
  2.4870e+05   8.28e-23
  2.5504e+05   7.96e-23
  2.6154e+05   7.64e-23
  2.6821e+05   7.34e-23
  2.7505e+05   7.05e-23
  2.8206e+05   6.77e-23
  2.8926e+05   6.50e-23
  2.9663e+05   6.24e-23
  3.0420e+05   5.99e-23
  3.1195e+05   5.74e-23
  3.1991e+05   5.51e-23
  3.2806e+05   5.28e-23
  3.3643e+05   5.06e-23
  3.4501e+05   4.85e-23
  3.5381e+05   4.65e-23
  3.6283e+05   4.46e-23
  3.7208e+05   4.27e-23
  3.8157e+05   4.09e-23
  3.9130e+05   3.92e-23
  4.0127e+05   3.75e-23
  4.1150e+05   3.59e-23
  4.2200e+05   3.43e-23
  4.3276e+05   3.29e-23
  4.4379e+05   3.14e-23
  4.5511e+05   3.01e-23
  4.6671e+05   2.88e-23
  4.7861e+05   2.75e-23
  4.9082e+05   2.63e-23
  5.0333e+05   2.51e-23
  5.1617e+05   2.40e-23
  5.2933e+05   2.29e-23
  5.4283e+05   2.19e-23
  5.5667e+05   2.09e-23
  5.7086e+05   2.00e-23
  5.8542e+05   1.91e-23
  6.0035e+05   1.82e-23
  6.1565e+05   1.74e-23
  6.3135e+05   1.66e-23
  6.4745e+05   1.58e-23
  6.6396e+05   1.51e-23
  6.8089e+05   1.44e-23
  6.9825e+05   1.37e-23
  7.1606e+05   1.31e-23
  7.3432e+05   1.25e-23
  7.5304e+05   1.19e-23
  7.7224e+05   1.14e-23
  7.9193e+05   1.09e-23
  8.1213e+05   1.04e-23
  8.3283e+05   9.89e-24
  8.5407e+05   9.43e-24
  8.7585e+05   9.00e-24
  8.9818e+05   8.58e-24
  9.2108e+05   8.19e-24
  9.4457e+05   7.81e-24
  9.6866e+05   7.45e-24
  9.9336e+05   7.11e-24
  1.0187e+06   6.79e-24
  1.0447e+06   6.48e-24
  1.0713e+06   6.18e-24
  1.0986e+06   5.90e-24
  1.1266e+06   5.64e-24
  1.1554e+06   5.38e-24
  1.1848e+06   5.14e-24
  1.2150e+06   4.91e-24
  1.2460e+06   4.69e-24
  1.2778e+06   4.49e-24
  1.3104e+06   4.29e-24
  1.3438e+06   4.10e-24
  1.3780e+06   3.92e-24
  1.4132e+06   3.75e-24
  1.4492e+06   3.58e-24
  1.4862e+06   3.43e-24
  1.5241e+06   3.28e-24
  1.5629e+06   3.14e-24
  1.6028e+06   3.01e-24
  1.6436e+06   2.88e-24
  1.6856e+06   2.75e-24
  1.7285e+06   2.64e-24
  1.7726e+06   2.52e-24
  1.8178e+06   2.42e-24
  1.8642e+06   2.31e-24
  1.9117e+06   2.21e-24
  1.9604e+06   2.12e-24
  2.0104e+06   2.03e-24
  2.0617e+06   1.94e-24
  2.1143e+06   1.86e-24
  2.1682e+06   1.78e-24
  2.2235e+06   1.70e-24
  2.2802e+06   1.63e-24
  2.3383e+06   1.56e-24
  2.3979e+06   1.49e-24
  2.4591e+06   1.42e-24
  2.5218e+06   1.36e-24
  2.5861e+06   1.30e-24
  2.6520e+06   1.24e-24
  2.7196e+06   1.19e-24
  2.7890e+06   1.13e-24
  2.8601e+06   1.08e-24
  2.9330e+06   1.03e-24
  3.0078e+06   9.85e-25
  3.0845e+06   9.40e-25
  3.1632e+06   8.97e-25
  3.2438e+06   8.55e-25
  3.3265e+06   8.14e-25
  3.4113e+06   7.75e-25
  3.4983e+06   7.37e-25
  3.5875e+06   7.01e-25
  3.6790e+06   6.66e-25
  3.7728e+06   6.32e-25
  3.8690e+06   5.99e-25
  3.9677e+06   5.68e-25
  4.0689e+06   5.37e-25
  4.1726e+06   5.09e-25
  4.2790e+06   4.83e-25
  4.3881e+06   4.59e-25
  4.5000e+06   4.35e-25
