#  E [MeV]   Flux [# cm^{-2} s^{-1}  MeV^{-1}]
  3.0000e+04   5.90e-26
  3.1232e+04   5.64e-26
  3.2514e+04   5.40e-26
  3.3849e+04   5.16e-26
  3.5238e+04   4.93e-26
  3.6685e+04   4.72e-26
  3.8191e+04   4.51e-26
  3.9759e+04   4.31e-26
  4.1391e+04   4.12e-26
  4.3090e+04   3.94e-26
  4.4859e+04   3.77e-26
  4.6701e+04   3.60e-26
  4.8618e+04   3.44e-26
  5.0614e+04   3.29e-26
  5.2692e+04   3.14e-26
  5.4855e+04   3.00e-26
  5.7107e+04   2.87e-26
  5.9451e+04   2.74e-26
  6.1892e+04   2.61e-26
  6.4433e+04   2.50e-26
  6.7078e+04   2.38e-26
  6.9832e+04   2.28e-26
  7.2699e+04   2.17e-26
  7.5683e+04   2.07e-26
  7.8790e+04   1.98e-26
  8.2025e+04   1.89e-26
  8.5392e+04   1.80e-26
  8.8898e+04   1.72e-26
  9.2547e+04   1.64e-26
  9.6347e+04   1.57e-26
  1.0030e+05   1.49e-26
  1.0442e+05   1.42e-26
  1.0871e+05   1.36e-26
  1.1317e+05   1.29e-26
  1.1782e+05   1.23e-26
  1.2265e+05   1.17e-26
  1.2769e+05   1.12e-26
  1.3293e+05   1.07e-26
  1.3839e+05   1.01e-26
  1.4407e+05   9.65e-27
  1.4998e+05   9.18e-27
  1.5614e+05   8.73e-27
  1.6255e+05   8.30e-27
  1.6922e+05   7.89e-27
  1.7617e+05   7.50e-27
  1.8340e+05   7.12e-27
  1.9093e+05   6.76e-27
  1.9877e+05   6.41e-27
  2.0693e+05   6.08e-27
  2.1543e+05   5.77e-27
  2.2427e+05   5.46e-27
  2.3348e+05   5.18e-27
  2.4306e+05   4.90e-27
  2.5304e+05   4.63e-27
  2.6343e+05   4.38e-27
  2.7424e+05   4.14e-27
  2.8550e+05   3.91e-27
  2.9722e+05   3.68e-27
  3.0942e+05   3.47e-27
  3.2213e+05   3.27e-27
  3.3535e+05   3.08e-27
  3.4912e+05   2.89e-27
  3.6345e+05   2.72e-27
  3.7837e+05   2.55e-27
  3.9390e+05   2.39e-27
  4.1008e+05   2.24e-27
  4.2691e+05   2.10e-27
  4.4444e+05   1.97e-27
  4.6268e+05   1.84e-27
  4.8168e+05   1.72e-27
  5.0145e+05   1.60e-27
  5.2204e+05   1.50e-27
  5.4347e+05   1.39e-27
  5.6578e+05   1.30e-27
  5.8901e+05   1.21e-27
  6.1319e+05   1.12e-27
  6.3836e+05   1.04e-27
  6.6457e+05   9.67e-28
  6.9185e+05   8.97e-28
  7.2025e+05   8.32e-28
  7.4982e+05   7.71e-28
  7.8061e+05   7.15e-28
  8.1265e+05   6.62e-28
  8.4601e+05   6.13e-28
  8.8075e+05   5.67e-28
  9.1690e+05   5.25e-28
  9.5455e+05   4.85e-28
  9.9373e+05   4.49e-28
  1.0345e+06   4.15e-28
  1.0770e+06   3.84e-28
  1.1212e+06   3.54e-28
  1.1672e+06   3.28e-28
  1.2152e+06   3.03e-28
  1.2650e+06   2.80e-28
  1.3170e+06   2.58e-28
  1.3711e+06   2.39e-28
  1.4273e+06   2.21e-28
  1.4859e+06   2.04e-28
  1.5469e+06   1.88e-28
  1.6104e+06   1.74e-28
  1.6766e+06   1.61e-28
  1.7454e+06   1.48e-28
  1.8170e+06   1.37e-28
  1.8916e+06   1.26e-28
  1.9693e+06   1.17e-28
  2.0501e+06   1.08e-28
  2.1343e+06   9.91e-29
  2.2219e+06   9.14e-29
  2.3131e+06   8.42e-29
  2.4081e+06   7.74e-29
  2.5070e+06   7.13e-29
  2.6099e+06   6.55e-29
  2.7170e+06   6.02e-29
  2.8286e+06   5.53e-29
  2.9447e+06   5.07e-29
  3.0656e+06   4.64e-29
  3.1914e+06   4.25e-29
  3.3225e+06   3.88e-29
  3.4589e+06   3.55e-29
  3.6008e+06   3.24e-29
  3.7487e+06   2.95e-29
  3.9026e+06   2.68e-29
  4.0628e+06   2.43e-29
  4.2296e+06   2.20e-29
  4.4032e+06   2.00e-29
  4.5840e+06   1.80e-29
  4.7722e+06   1.62e-29
  4.9681e+06   1.46e-29
  5.1720e+06   1.31e-29
  5.3844e+06   1.17e-29
  5.6054e+06   1.04e-29
  5.8355e+06   9.28e-30
  6.0751e+06   8.22e-30
  6.3245e+06   7.28e-30
  6.5841e+06   6.41e-30
  6.8544e+06   5.62e-30
  7.1358e+06   4.92e-30
  7.4288e+06   4.28e-30
  7.7338e+06   3.71e-30
  8.0513e+06   3.20e-30
  8.3818e+06   2.74e-30
  8.7259e+06   2.34e-30
  9.0841e+06   1.98e-30
  9.4571e+06   1.66e-30
  9.8453e+06   1.39e-30
  1.0249e+07   1.15e-30
  1.0670e+07   9.37e-31
  1.1108e+07   7.62e-31
  1.1564e+07   6.12e-31
  1.2039e+07   4.83e-31
  1.2533e+07   3.79e-31
  1.3048e+07   2.92e-31
  1.3584e+07   2.21e-31
  1.4141e+07   1.64e-31
  1.4722e+07   1.20e-31
  1.5326e+07   8.49e-32
  1.5955e+07   5.89e-32
  1.6610e+07   3.95e-32
  1.7292e+07   2.56e-32
  1.8002e+07   1.60e-32
  1.8741e+07   9.51e-33
  1.9511e+07   5.39e-33
  2.0312e+07   2.88e-33
  2.1145e+07   1.43e-33
  2.2013e+07   6.58e-34
  2.2917e+07   2.76e-34
  2.3858e+07   1.03e-34
  2.4837e+07   3.41e-35
  2.5857e+07   9.64e-36
  2.6919e+07   2.25e-36
  2.8024e+07   4.29e-37
  2.9174e+07   6.21e-38
  3.0372e+07   6.48e-39
  3.1619e+07   4.64e-40
  3.2917e+07   2.03e-41
  3.4268e+07   4.88e-43
  3.5675e+07   5.65e-45
  3.7140e+07   2.54e-47
  3.8664e+07   3.51e-50
  4.0252e+07   1.09e-53
  4.1904e+07   4.79e-58
  4.3624e+07   1.72e-63
  4.5415e+07   2.29e-70
  4.7280e+07   3.36e-72
  4.9221e+07   2.82e-72
  5.1241e+07   2.37e-72
  5.3345e+07   1.94e-72
  5.5535e+07   1.64e-72
  5.7815e+07   1.36e-72
  6.0188e+07   1.11e-72
  6.2659e+07   9.31e-73
  6.5232e+07   7.65e-73
  6.7910e+07   6.16e-73
  7.0698e+07   5.12e-73
  7.3600e+07   4.15e-73
  7.6621e+07   3.29e-73
  7.9767e+07   2.62e-73
  8.3042e+07   2.00e-73
  8.6451e+07   1.48e-73
  9.0000e+07   1.07e-73
