#  E [MeV]   Flux [# cm^{-2} s^{-1}  MeV^{-1}]
  3.0000e+04   7.41e-20
  3.0765e+04   7.16e-20
  3.1549e+04   6.93e-20
  3.2354e+04   6.70e-20
  3.3179e+04   6.48e-20
  3.4025e+04   6.27e-20
  3.4892e+04   6.06e-20
  3.5782e+04   5.85e-20
  3.6695e+04   5.65e-20
  3.7630e+04   5.46e-20
  3.8590e+04   5.27e-20
  3.9574e+04   5.09e-20
  4.0583e+04   4.92e-20
  4.1618e+04   4.74e-20
  4.2679e+04   4.58e-20
  4.3767e+04   4.42e-20
  4.4883e+04   4.26e-20
  4.6028e+04   4.11e-20
  4.7201e+04   3.96e-20
  4.8405e+04   3.82e-20
  4.9639e+04   3.68e-20
  5.0905e+04   3.54e-20
  5.2203e+04   3.41e-20
  5.3534e+04   3.29e-20
  5.4899e+04   3.16e-20
  5.6299e+04   3.04e-20
  5.7734e+04   2.93e-20
  5.9207e+04   2.82e-20
  6.0716e+04   2.71e-20
  6.2264e+04   2.60e-20
  6.3852e+04   2.50e-20
  6.5480e+04   2.41e-20
  6.7150e+04   2.31e-20
  6.8862e+04   2.22e-20
  7.0618e+04   2.13e-20
  7.2419e+04   2.05e-20
  7.4265e+04   1.97e-20
  7.6159e+04   1.89e-20
  7.8101e+04   1.81e-20
  8.0092e+04   1.74e-20
  8.2135e+04   1.67e-20
  8.4229e+04   1.60e-20
  8.6377e+04   1.53e-20
  8.8579e+04   1.47e-20
  9.0838e+04   1.41e-20
  9.3154e+04   1.35e-20
  9.5529e+04   1.29e-20
  9.7965e+04   1.24e-20
  1.0046e+05   1.19e-20
  1.0303e+05   1.13e-20
  1.0565e+05   1.09e-20
  1.0835e+05   1.04e-20
  1.1111e+05   9.92e-21
  1.1394e+05   9.48e-21
  1.1685e+05   9.06e-21
  1.1983e+05   8.65e-21
  1.2288e+05   8.26e-21
  1.2602e+05   7.89e-21
  1.2923e+05   7.53e-21
  1.3252e+05   7.18e-21
  1.3590e+05   6.85e-21
  1.3937e+05   6.53e-21
  1.4292e+05   6.22e-21
  1.4657e+05   5.93e-21
  1.5030e+05   5.64e-21
  1.5414e+05   5.37e-21
  1.5807e+05   5.12e-21
  1.6210e+05   4.87e-21
  1.6623e+05   4.63e-21
  1.7047e+05   4.40e-21
  1.7482e+05   4.18e-21
  1.7927e+05   3.97e-21
  1.8384e+05   3.77e-21
  1.8853e+05   3.58e-21
  1.9334e+05   3.40e-21
  1.9827e+05   3.22e-21
  2.0333e+05   3.06e-21
  2.0851e+05   2.89e-21
  2.1383e+05   2.74e-21
  2.1928e+05   2.60e-21
  2.2487e+05   2.46e-21
  2.3060e+05   2.32e-21
  2.3648e+05   2.19e-21
  2.4251e+05   2.07e-21
  2.4870e+05   1.96e-21
  2.5504e+05   1.85e-21
  2.6154e+05   1.74e-21
  2.6821e+05   1.64e-21
  2.7505e+05   1.55e-21
  2.8206e+05   1.46e-21
  2.8926e+05   1.37e-21
  2.9663e+05   1.29e-21
  3.0420e+05   1.21e-21
  3.1195e+05   1.14e-21
  3.1991e+05   1.07e-21
  3.2806e+05   1.00e-21
  3.3643e+05   9.40e-22
  3.4501e+05   8.82e-22
  3.5381e+05   8.27e-22
  3.6283e+05   7.74e-22
  3.7208e+05   7.23e-22
  3.8157e+05   6.76e-22
  3.9130e+05   6.32e-22
  4.0127e+05   5.90e-22
  4.1150e+05   5.51e-22
  4.2200e+05   5.13e-22
  4.3276e+05   4.78e-22
  4.4379e+05   4.46e-22
  4.5511e+05   4.14e-22
  4.6671e+05   3.85e-22
  4.7861e+05   3.57e-22
  4.9082e+05   3.32e-22
  5.0333e+05   3.08e-22
  5.1617e+05   2.86e-22
  5.2933e+05   2.64e-22
  5.4283e+05   2.45e-22
  5.5667e+05   2.27e-22
  5.7086e+05   2.10e-22
  5.8542e+05   1.94e-22
  6.0035e+05   1.78e-22
  6.1565e+05   1.65e-22
  6.3135e+05   1.52e-22
  6.4745e+05   1.40e-22
  6.6396e+05   1.29e-22
  6.8089e+05   1.19e-22
  6.9825e+05   1.09e-22
  7.1606e+05   1.01e-22
  7.3432e+05   9.22e-23
  7.5304e+05   8.44e-23
  7.7224e+05   7.76e-23
  7.9193e+05   7.12e-23
  8.1213e+05   6.52e-23
  8.3283e+05   5.96e-23
  8.5407e+05   5.45e-23
  8.7585e+05   4.99e-23
  8.9818e+05   4.56e-23
  9.2108e+05   4.15e-23
  9.4457e+05   3.77e-23
  9.6866e+05   3.45e-23
  9.9336e+05   3.15e-23
  1.0187e+06   2.87e-23
  1.0447e+06   2.60e-23
  1.0713e+06   2.36e-23
  1.0986e+06   2.15e-23
  1.1266e+06   1.95e-23
  1.1554e+06   1.77e-23
  1.1848e+06   1.60e-23
  1.2150e+06   1.45e-23
  1.2460e+06   1.32e-23
  1.2778e+06   1.19e-23
  1.3104e+06   1.07e-23
  1.3438e+06   9.66e-24
  1.3780e+06   8.77e-24
  1.4132e+06   7.93e-24
  1.4492e+06   7.13e-24
  1.4862e+06   6.38e-24
  1.5241e+06   5.76e-24
  1.5629e+06   5.20e-24
  1.6028e+06   4.67e-24
  1.6436e+06   4.18e-24
  1.6856e+06   3.72e-24
  1.7285e+06   3.35e-24
  1.7726e+06   3.01e-24
  1.8178e+06   2.68e-24
  1.8642e+06   2.37e-24
  1.9117e+06   2.11e-24
  1.9604e+06   1.89e-24
  2.0104e+06   1.68e-24
  2.0617e+06   1.49e-24
  2.1143e+06   1.30e-24
  2.1682e+06   1.17e-24
  2.2235e+06   1.04e-24
  2.2802e+06   9.16e-25
  2.3383e+06   8.02e-25
  2.3979e+06   7.03e-25
  2.4591e+06   6.26e-25
  2.5218e+06   5.53e-25
  2.5861e+06   4.84e-25
  2.6520e+06   4.18e-25
  2.7196e+06   3.69e-25
  2.7890e+06   3.26e-25
  2.8601e+06   2.85e-25
  2.9330e+06   2.46e-25
  3.0078e+06   2.12e-25
  3.0845e+06   1.87e-25
  3.1632e+06   1.64e-25
  3.2438e+06   1.42e-25
  3.3265e+06   1.21e-25
  3.4113e+06   1.04e-25
  3.4983e+06   9.08e-26
  3.5875e+06   7.79e-26
  3.6790e+06   6.57e-26
  3.7728e+06   5.46e-26
  3.8690e+06   4.69e-26
  3.9677e+06   3.96e-26
  4.0689e+06   3.28e-26
  4.1726e+06   2.64e-26
  4.2790e+06   2.15e-26
  4.3881e+06   1.81e-26
  4.5000e+06   1.49e-26
