#  E [MeV]   Flux [# cm^{-2} s^{-1}  MeV^{-1}]
  3.0000e+04   1.17e-24
  3.1051e+04   1.12e-24
  3.2139e+04   1.07e-24
  3.3266e+04   1.03e-24
  3.4432e+04   9.84e-25
  3.5638e+04   9.42e-25
  3.6887e+04   9.02e-25
  3.8180e+04   8.64e-25
  3.9518e+04   8.27e-25
  4.0903e+04   7.91e-25
  4.2336e+04   7.57e-25
  4.3820e+04   7.25e-25
  4.5355e+04   6.93e-25
  4.6945e+04   6.63e-25
  4.8590e+04   6.34e-25
  5.0293e+04   6.06e-25
  5.2055e+04   5.79e-25
  5.3879e+04   5.54e-25
  5.5767e+04   5.29e-25
  5.7722e+04   5.05e-25
  5.9745e+04   4.83e-25
  6.1838e+04   4.61e-25
  6.4005e+04   4.40e-25
  6.6248e+04   4.21e-25
  6.8570e+04   4.01e-25
  7.0973e+04   3.83e-25
  7.3460e+04   3.66e-25
  7.6034e+04   3.49e-25
  7.8699e+04   3.33e-25
  8.1457e+04   3.17e-25
  8.4311e+04   3.03e-25
  8.7266e+04   2.88e-25
  9.0324e+04   2.75e-25
  9.3490e+04   2.62e-25
  9.6766e+04   2.49e-25
  1.0016e+05   2.38e-25
  1.0367e+05   2.26e-25
  1.0730e+05   2.15e-25
  1.1106e+05   2.05e-25
  1.1495e+05   1.95e-25
  1.1898e+05   1.85e-25
  1.2315e+05   1.76e-25
  1.2747e+05   1.68e-25
  1.3193e+05   1.59e-25
  1.3656e+05   1.51e-25
  1.4134e+05   1.44e-25
  1.4629e+05   1.36e-25
  1.5142e+05   1.30e-25
  1.5673e+05   1.23e-25
  1.6222e+05   1.17e-25
  1.6790e+05   1.10e-25
  1.7379e+05   1.05e-25
  1.7988e+05   9.91e-26
  1.8618e+05   9.39e-26
  1.9271e+05   8.88e-26
  1.9946e+05   8.40e-26
  2.0645e+05   7.94e-26
  2.1369e+05   7.50e-26
  2.2117e+05   7.08e-26
  2.2892e+05   6.69e-26
  2.3695e+05   6.31e-26
  2.4525e+05   5.95e-26
  2.5385e+05   5.60e-26
  2.6274e+05   5.28e-26
  2.7195e+05   4.97e-26
  2.8148e+05   4.67e-26
  2.9134e+05   4.39e-26
  3.0155e+05   4.13e-26
  3.1212e+05   3.88e-26
  3.2306e+05   3.64e-26
  3.3438e+05   3.41e-26
  3.4610e+05   3.20e-26
  3.5823e+05   3.00e-26
  3.7078e+05   2.81e-26
  3.8377e+05   2.62e-26
  3.9722e+05   2.45e-26
  4.1114e+05   2.29e-26
  4.2555e+05   2.14e-26
  4.4046e+05   2.00e-26
  4.5590e+05   1.86e-26
  4.7188e+05   1.73e-26
  4.8841e+05   1.62e-26
  5.0553e+05   1.50e-26
  5.2324e+05   1.40e-26
  5.4158e+05   1.30e-26
  5.6056e+05   1.21e-26
  5.8020e+05   1.12e-26
  6.0054e+05   1.04e-26
  6.2158e+05   9.62e-27
  6.4337e+05   8.91e-27
  6.6591e+05   8.24e-27
  6.8925e+05   7.62e-27
  7.1340e+05   7.04e-27
  7.3840e+05   6.50e-27
  7.6428e+05   5.99e-27
  7.9106e+05   5.53e-27
  8.1878e+05   5.10e-27
  8.4748e+05   4.69e-27
  8.7718e+05   4.32e-27
  9.0792e+05   3.98e-27
  9.3973e+05   3.65e-27
  9.7267e+05   3.36e-27
  1.0068e+06   3.08e-27
  1.0420e+06   2.83e-27
  1.0785e+06   2.59e-27
  1.1163e+06   2.38e-27
  1.1555e+06   2.18e-27
  1.1960e+06   2.00e-27
  1.2379e+06   1.83e-27
  1.2813e+06   1.67e-27
  1.3262e+06   1.53e-27
  1.3726e+06   1.40e-27
  1.4207e+06   1.28e-27
  1.4705e+06   1.17e-27
  1.5220e+06   1.06e-27
  1.5754e+06   9.68e-28
  1.6306e+06   8.82e-28
  1.6877e+06   8.01e-28
  1.7469e+06   7.28e-28
  1.8081e+06   6.63e-28
  1.8715e+06   6.01e-28
  1.9370e+06   5.44e-28
  2.0049e+06   4.95e-28
  2.0752e+06   4.48e-28
  2.1479e+06   4.04e-28
  2.2232e+06   3.66e-28
  2.3011e+06   3.31e-28
  2.3817e+06   2.98e-28
  2.4652e+06   2.69e-28
  2.5516e+06   2.43e-28
  2.6410e+06   2.18e-28
  2.7336e+06   1.96e-28
  2.8294e+06   1.76e-28
  2.9285e+06   1.58e-28
  3.0311e+06   1.41e-28
  3.1374e+06   1.26e-28
  3.2473e+06   1.13e-28
  3.3611e+06   1.00e-28
  3.4789e+06   8.92e-29
  3.6008e+06   7.96e-29
  3.7270e+06   7.06e-29
  3.8576e+06   6.23e-29
  3.9928e+06   5.55e-29
  4.1327e+06   4.91e-29
  4.2775e+06   4.31e-29
  4.4274e+06   3.81e-29
  4.5826e+06   3.36e-29
  4.7432e+06   2.95e-29
  4.9094e+06   2.58e-29
  5.0815e+06   2.27e-29
  5.2595e+06   1.98e-29
  5.4438e+06   1.72e-29
  5.6346e+06   1.51e-29
  5.8321e+06   1.31e-29
  6.0365e+06   1.13e-29
  6.2480e+06   9.83e-30
  6.4670e+06   8.54e-30
  6.6936e+06   7.34e-30
  6.9282e+06   6.31e-30
  7.1709e+06   5.46e-30
  7.4222e+06   4.68e-30
  7.6823e+06   3.98e-30
  7.9516e+06   3.44e-30
  8.2302e+06   2.94e-30
  8.5186e+06   2.49e-30
  8.8172e+06   2.12e-30
  9.1262e+06   1.81e-30
  9.4460e+06   1.53e-30
  9.7770e+06   1.29e-30
  1.0120e+07   1.09e-30
  1.0474e+07   9.14e-31
  1.0841e+07   7.58e-31
  1.1221e+07   6.40e-31
  1.1614e+07   5.35e-31
  1.2022e+07   4.42e-31
  1.2443e+07   3.67e-31
  1.2879e+07   3.04e-31
  1.3330e+07   2.48e-31
  1.3797e+07   2.02e-31
  1.4281e+07   1.64e-31
  1.4781e+07   1.31e-31
  1.5299e+07   1.04e-31
  1.5835e+07   8.19e-32
  1.6390e+07   6.35e-32
  1.6965e+07   4.84e-32
  1.7559e+07   3.64e-32
  1.8175e+07   2.69e-32
  1.8812e+07   1.94e-32
  1.9471e+07   1.36e-32
  2.0153e+07   9.34e-33
  2.0859e+07   6.17e-33
  2.1590e+07   3.91e-33
  2.2347e+07   2.36e-33
  2.3130e+07   1.35e-33
  2.3941e+07   7.29e-34
  2.4780e+07   3.65e-34
  2.5648e+07   1.68e-34
  2.6547e+07   7.02e-35
  2.7477e+07   2.64e-35
  2.8440e+07   8.86e-36
