#  E [MeV]   Flux [# cm^{-2} s^{-1}  MeV^{-1}]
  3.0000e+04   1.50e-24
  3.0962e+04   1.44e-24
  3.1955e+04   1.38e-24
  3.2979e+04   1.33e-24
  3.4037e+04   1.27e-24
  3.5128e+04   1.22e-24
  3.6254e+04   1.17e-24
  3.7417e+04   1.12e-24
  3.8616e+04   1.08e-24
  3.9855e+04   1.03e-24
  4.1132e+04   9.92e-25
  4.2451e+04   9.51e-25
  4.3812e+04   9.11e-25
  4.5217e+04   8.73e-25
  4.6667e+04   8.37e-25
  4.8163e+04   8.02e-25
  4.9707e+04   7.68e-25
  5.1301e+04   7.35e-25
  5.2946e+04   7.04e-25
  5.4644e+04   6.74e-25
  5.6396e+04   6.45e-25
  5.8204e+04   6.17e-25
  6.0070e+04   5.90e-25
  6.1996e+04   5.65e-25
  6.3984e+04   5.40e-25
  6.6035e+04   5.16e-25
  6.8153e+04   4.94e-25
  7.0338e+04   4.72e-25
  7.2593e+04   4.51e-25
  7.4921e+04   4.31e-25
  7.7323e+04   4.11e-25
  7.9802e+04   3.93e-25
  8.2361e+04   3.75e-25
  8.5002e+04   3.58e-25
  8.7727e+04   3.41e-25
  9.0540e+04   3.25e-25
  9.3443e+04   3.10e-25
  9.6439e+04   2.96e-25
  9.9531e+04   2.82e-25
  1.0272e+05   2.68e-25
  1.0602e+05   2.55e-25
  1.0942e+05   2.43e-25
  1.1292e+05   2.31e-25
  1.1654e+05   2.20e-25
  1.2028e+05   2.09e-25
  1.2414e+05   1.99e-25
  1.2812e+05   1.89e-25
  1.3223e+05   1.79e-25
  1.3646e+05   1.70e-25
  1.4084e+05   1.62e-25
  1.4536e+05   1.53e-25
  1.5002e+05   1.45e-25
  1.5483e+05   1.38e-25
  1.5979e+05   1.30e-25
  1.6491e+05   1.24e-25
  1.7020e+05   1.17e-25
  1.7566e+05   1.11e-25
  1.8129e+05   1.05e-25
  1.8710e+05   9.89e-26
  1.9310e+05   9.35e-26
  1.9929e+05   8.83e-26
  2.0568e+05   8.33e-26
  2.1228e+05   7.86e-26
  2.1909e+05   7.41e-26
  2.2611e+05   6.98e-26
  2.3336e+05   6.58e-26
  2.4084e+05   6.19e-26
  2.4856e+05   5.82e-26
  2.5653e+05   5.48e-26
  2.6476e+05   5.14e-26
  2.7325e+05   4.83e-26
  2.8201e+05   4.53e-26
  2.9105e+05   4.25e-26
  3.0038e+05   3.98e-26
  3.1002e+05   3.73e-26
  3.1996e+05   3.49e-26
  3.3021e+05   3.26e-26
  3.4080e+05   3.04e-26
  3.5173e+05   2.84e-26
  3.6301e+05   2.65e-26
  3.7465e+05   2.47e-26
  3.8666e+05   2.30e-26
  3.9905e+05   2.14e-26
  4.1185e+05   1.98e-26
  4.2506e+05   1.84e-26
  4.3868e+05   1.71e-26
  4.5275e+05   1.58e-26
  4.6727e+05   1.47e-26
  4.8225e+05   1.36e-26
  4.9771e+05   1.25e-26
  5.1367e+05   1.16e-26
  5.3014e+05   1.07e-26
  5.4714e+05   9.84e-27
  5.6468e+05   9.07e-27
  5.8278e+05   8.34e-27
  6.0147e+05   7.66e-27
  6.2075e+05   7.05e-27
  6.4066e+05   6.47e-27
  6.6120e+05   5.93e-27
  6.8240e+05   5.44e-27
  7.0428e+05   4.98e-27
  7.2686e+05   4.56e-27
  7.5017e+05   4.16e-27
  7.7422e+05   3.81e-27
  7.9904e+05   3.48e-27
  8.2466e+05   3.17e-27
  8.5110e+05   2.89e-27
  8.7839e+05   2.63e-27
  9.0656e+05   2.40e-27
  9.3562e+05   2.18e-27
  9.6562e+05   1.98e-27
  9.9658e+05   1.80e-27
  1.0285e+06   1.64e-27
  1.0615e+06   1.48e-27
  1.0956e+06   1.35e-27
  1.1307e+06   1.22e-27
  1.1669e+06   1.11e-27
  1.2043e+06   1.00e-27
  1.2430e+06   9.09e-28
  1.2828e+06   8.22e-28
  1.3239e+06   7.42e-28
  1.3664e+06   6.71e-28
  1.4102e+06   6.07e-28
  1.4554e+06   5.48e-28
  1.5021e+06   4.93e-28
  1.5502e+06   4.46e-28
  1.6000e+06   4.02e-28
  1.6513e+06   3.61e-28
  1.7042e+06   3.24e-28
  1.7588e+06   2.93e-28
  1.8152e+06   2.63e-28
  1.8734e+06   2.35e-28
  1.9335e+06   2.11e-28
  1.9955e+06   1.90e-28
  2.0595e+06   1.70e-28
  2.1255e+06   1.51e-28
  2.1937e+06   1.36e-28
  2.2640e+06   1.22e-28
  2.3366e+06   1.09e-28
  2.4115e+06   9.68e-29
  2.4888e+06   8.67e-29
  2.5686e+06   7.73e-29
  2.6510e+06   6.84e-29
  2.7360e+06   6.10e-29
  2.8237e+06   5.44e-29
  2.9142e+06   4.82e-29
  3.0077e+06   4.25e-29
  3.1041e+06   3.79e-29
  3.2036e+06   3.36e-29
  3.3064e+06   2.95e-29
  3.4124e+06   2.60e-29
  3.5218e+06   2.31e-29
  3.6347e+06   2.03e-29
  3.7512e+06   1.78e-29
  3.8715e+06   1.57e-29
  3.9957e+06   1.38e-29
  4.1238e+06   1.21e-29
  4.2560e+06   1.05e-29
  4.3924e+06   9.33e-30
  4.5333e+06   8.19e-30
  4.6786e+06   7.13e-30
  4.8286e+06   6.23e-30
  4.9835e+06   5.48e-30
  5.1433e+06   4.79e-30
  5.3082e+06   4.14e-30
  5.4784e+06   3.64e-30
  5.6540e+06   3.19e-30
  5.8353e+06   2.77e-30
  6.0224e+06   2.40e-30
  6.2155e+06   2.12e-30
  6.4148e+06   1.85e-30
  6.6205e+06   1.61e-30
  6.8327e+06   1.40e-30
  7.0518e+06   1.23e-30
  7.2779e+06   1.08e-30
  7.5113e+06   9.33e-31
  7.7521e+06   8.18e-31
  8.0007e+06   7.15e-31
  8.2572e+06   6.20e-31
  8.5219e+06   5.37e-31
  8.7952e+06   4.68e-31
  9.0772e+06   4.05e-31
  9.3682e+06   3.48e-31
  9.6686e+06   3.00e-31
  9.9786e+06   2.58e-31
  1.0299e+07   2.20e-31
  1.0629e+07   1.86e-31
  1.0970e+07   1.58e-31
  1.1321e+07   1.33e-31
  1.1684e+07   1.11e-31
  1.2059e+07   9.13e-32
  1.2446e+07   7.47e-32
  1.2845e+07   6.04e-32
  1.3256e+07   4.82e-32
  1.3681e+07   3.79e-32
  1.4120e+07   2.93e-32
  1.4573e+07   2.23e-32
  1.5040e+07   1.66e-32
  1.5522e+07   1.25e-32
  1.6020e+07   9.15e-33
