#  E [MeV]   Flux [# cm^{-2} s^{-1}  MeV^{-1}]
  3.0000e+04   4.97e-21
  3.0943e+04   4.79e-21
  3.1916e+04   4.62e-21
  3.2920e+04   4.46e-21
  3.3955e+04   4.30e-21
  3.5023e+04   4.15e-21
  3.6124e+04   4.01e-21
  3.7260e+04   3.86e-21
  3.8432e+04   3.73e-21
  3.9640e+04   3.59e-21
  4.0887e+04   3.47e-21
  4.2172e+04   3.34e-21
  4.3499e+04   3.22e-21
  4.4866e+04   3.11e-21
  4.6277e+04   3.00e-21
  4.7732e+04   2.89e-21
  4.9233e+04   2.79e-21
  5.0781e+04   2.69e-21
  5.2378e+04   2.59e-21
  5.4025e+04   2.50e-21
  5.5724e+04   2.41e-21
  5.7476e+04   2.32e-21
  5.9284e+04   2.24e-21
  6.1148e+04   2.16e-21
  6.3071e+04   2.08e-21
  6.5054e+04   2.01e-21
  6.7100e+04   1.94e-21
  6.9210e+04   1.87e-21
  7.1386e+04   1.80e-21
  7.3631e+04   1.74e-21
  7.5946e+04   1.68e-21
  7.8334e+04   1.62e-21
  8.0797e+04   1.56e-21
  8.3338e+04   1.51e-21
  8.5959e+04   1.45e-21
  8.8662e+04   1.40e-21
  9.1450e+04   1.36e-21
  9.4325e+04   1.31e-21
  9.7291e+04   1.26e-21
  1.0035e+05   1.22e-21
  1.0351e+05   1.18e-21
  1.0676e+05   1.14e-21
  1.1012e+05   1.10e-21
  1.1358e+05   1.07e-21
  1.1715e+05   1.03e-21
  1.2084e+05   9.97e-22
  1.2464e+05   9.65e-22
  1.2856e+05   9.34e-22
  1.3260e+05   9.03e-22
  1.3677e+05   8.74e-22
  1.4107e+05   8.47e-22
  1.4550e+05   8.20e-22
  1.5008e+05   7.94e-22
  1.5480e+05   7.69e-22
  1.5967e+05   7.45e-22
  1.6469e+05   7.21e-22
  1.6987e+05   6.99e-22
  1.7521e+05   6.78e-22
  1.8072e+05   6.57e-22
  1.8640e+05   6.37e-22
  1.9226e+05   6.18e-22
  1.9831e+05   6.00e-22
  2.0454e+05   5.82e-22
  2.1097e+05   5.64e-22
  2.1761e+05   5.48e-22
  2.2445e+05   5.32e-22
  2.3151e+05   5.16e-22
  2.3879e+05   5.01e-22
  2.4630e+05   4.86e-22
  2.5404e+05   4.72e-22
  2.6203e+05   4.58e-22
  2.7027e+05   4.44e-22
  2.7877e+05   4.31e-22
  2.8753e+05   4.18e-22
  2.9657e+05   4.06e-22
  3.0590e+05   3.94e-22
  3.1552e+05   3.82e-22
  3.2544e+05   3.71e-22
  3.3567e+05   3.59e-22
  3.4623e+05   3.49e-22
  3.5712e+05   3.38e-22
  3.6835e+05   3.28e-22
  3.7993e+05   3.18e-22
  3.9188e+05   3.08e-22
  4.0420e+05   2.99e-22
  4.1691e+05   2.89e-22
  4.3002e+05   2.80e-22
  4.4354e+05   2.71e-22
  4.5749e+05   2.63e-22
  4.7187e+05   2.54e-22
  4.8671e+05   2.46e-22
  5.0202e+05   2.38e-22
  5.1780e+05   2.30e-22
  5.3409e+05   2.22e-22
  5.5088e+05   2.15e-22
  5.6820e+05   2.08e-22
  5.8607e+05   2.01e-22
  6.0450e+05   1.94e-22
  6.2351e+05   1.87e-22
  6.4311e+05   1.81e-22
  6.6334e+05   1.74e-22
  6.8419e+05   1.68e-22
  7.0571e+05   1.62e-22
  7.2790e+05   1.57e-22
  7.5079e+05   1.51e-22
  7.7440e+05   1.46e-22
  7.9875e+05   1.40e-22
  8.2387e+05   1.35e-22
  8.4977e+05   1.31e-22
  8.7649e+05   1.26e-22
  9.0405e+05   1.21e-22
  9.3248e+05   1.17e-22
  9.6180e+05   1.13e-22
  9.9205e+05   1.09e-22
  1.0232e+06   1.05e-22
  1.0554e+06   1.01e-22
  1.0886e+06   9.71e-23
  1.1228e+06   9.35e-23
  1.1581e+06   9.01e-23
  1.1946e+06   8.68e-23
  1.2321e+06   8.36e-23
  1.2709e+06   8.05e-23
  1.3108e+06   7.75e-23
  1.3521e+06   7.47e-23
  1.3946e+06   7.19e-23
  1.4384e+06   6.92e-23
  1.4837e+06   6.66e-23
  1.5303e+06   6.40e-23
  1.5784e+06   6.16e-23
  1.6281e+06   5.92e-23
  1.6793e+06   5.70e-23
  1.7321e+06   5.47e-23
  1.7865e+06   5.26e-23
  1.8427e+06   5.05e-23
  1.9006e+06   4.85e-23
  1.9604e+06   4.65e-23
  2.0221e+06   4.46e-23
  2.0856e+06   4.28e-23
  2.1512e+06   4.10e-23
  2.2189e+06   3.93e-23
  2.2886e+06   3.76e-23
  2.3606e+06   3.60e-23
  2.4348e+06   3.44e-23
  2.5114e+06   3.28e-23
  2.5904e+06   3.13e-23
  2.6718e+06   2.99e-23
  2.7558e+06   2.84e-23
  2.8425e+06   2.70e-23
  2.9319e+06   2.56e-23
  3.0241e+06   2.43e-23
  3.1192e+06   2.30e-23
  3.2173e+06   2.18e-23
  3.3184e+06   2.06e-23
  3.4228e+06   1.94e-23
  3.5304e+06   1.83e-23
  3.6414e+06   1.72e-23
  3.7559e+06   1.61e-23
  3.8740e+06   1.51e-23
  3.9958e+06   1.41e-23
  4.1215e+06   1.32e-23
  4.2511e+06   1.23e-23
  4.3848e+06   1.14e-23
  4.5227e+06   1.06e-23
  4.6649e+06   9.81e-24
  4.8116e+06   9.06e-24
  4.9629e+06   8.34e-24
  5.1189e+06   7.66e-24
  5.2799e+06   7.01e-24
  5.4459e+06   6.39e-24
  5.6171e+06   5.81e-24
  5.7938e+06   5.25e-24
  5.9760e+06   4.74e-24
  6.1639e+06   4.26e-24
  6.3577e+06   3.81e-24
  6.5576e+06   3.40e-24
  6.7638e+06   3.01e-24
  6.9765e+06   2.66e-24
  7.1959e+06   2.34e-24
  7.4222e+06   2.05e-24
  7.6556e+06   1.78e-24
  7.8963e+06   1.55e-24
  8.1446e+06   1.33e-24
  8.4007e+06   1.14e-24
  8.6649e+06   9.72e-25
  8.9373e+06   8.23e-25
  9.2184e+06   6.89e-25
  9.5082e+06   5.71e-25
  9.8072e+06   4.76e-25
  1.0116e+07   3.92e-25
  1.0434e+07   3.18e-25
  1.0762e+07   2.57e-25
  1.1100e+07   2.09e-25
  1.1449e+07   1.67e-25
  1.1809e+07   1.31e-25
  1.2181e+07   1.05e-25
  1.2564e+07   8.31e-26
  1.2959e+07   6.49e-26
  1.3366e+07   4.98e-26
  1.3786e+07   3.98e-26
  1.4220e+07   3.15e-26
