#  E [MeV]   Flux [# cm^{-2} s^{-1}  MeV^{-1}]
  3.0000e+04   8.36e-27
  3.1141e+04   8.04e-27
  3.2326e+04   7.74e-27
  3.3556e+04   7.45e-27
  3.4832e+04   7.16e-27
  3.6157e+04   6.88e-27
  3.7533e+04   6.62e-27
  3.8961e+04   6.36e-27
  4.0443e+04   6.11e-27
  4.1982e+04   5.87e-27
  4.3579e+04   5.64e-27
  4.5237e+04   5.42e-27
  4.6958e+04   5.20e-27
  4.8744e+04   4.99e-27
  5.0598e+04   4.79e-27
  5.2523e+04   4.60e-27
  5.4521e+04   4.41e-27
  5.6596e+04   4.23e-27
  5.8749e+04   4.06e-27
  6.0984e+04   3.89e-27
  6.3304e+04   3.73e-27
  6.5712e+04   3.57e-27
  6.8212e+04   3.42e-27
  7.0807e+04   3.28e-27
  7.3500e+04   3.14e-27
  7.6297e+04   3.01e-27
  7.9199e+04   2.88e-27
  8.2212e+04   2.76e-27
  8.5340e+04   2.64e-27
  8.8586e+04   2.52e-27
  9.1956e+04   2.41e-27
  9.5455e+04   2.31e-27
  9.9086e+04   2.21e-27
  1.0286e+05   2.11e-27
  1.0677e+05   2.01e-27
  1.1083e+05   1.92e-27
  1.1505e+05   1.84e-27
  1.1942e+05   1.75e-27
  1.2397e+05   1.68e-27
  1.2868e+05   1.60e-27
  1.3358e+05   1.53e-27
  1.3866e+05   1.46e-27
  1.4394e+05   1.39e-27
  1.4941e+05   1.32e-27
  1.5509e+05   1.26e-27
  1.6100e+05   1.20e-27
  1.6712e+05   1.14e-27
  1.7348e+05   1.09e-27
  1.8008e+05   1.04e-27
  1.8693e+05   9.88e-28
  1.9404e+05   9.41e-28
  2.0142e+05   8.95e-28
  2.0908e+05   8.51e-28
  2.1704e+05   8.09e-28
  2.2529e+05   7.69e-28
  2.3387e+05   7.31e-28
  2.4276e+05   6.94e-28
  2.5200e+05   6.59e-28
  2.6158e+05   6.26e-28
  2.7154e+05   5.94e-28
  2.8187e+05   5.64e-28
  2.9259e+05   5.34e-28
  3.0372e+05   5.07e-28
  3.1527e+05   4.80e-28
  3.2727e+05   4.55e-28
  3.3972e+05   4.31e-28
  3.5264e+05   4.09e-28
  3.6606e+05   3.87e-28
  3.7998e+05   3.66e-28
  3.9444e+05   3.47e-28
  4.0945e+05   3.28e-28
  4.2502e+05   3.10e-28
  4.4119e+05   2.94e-28
  4.5798e+05   2.78e-28
  4.7540e+05   2.62e-28
  4.9348e+05   2.48e-28
  5.1226e+05   2.35e-28
  5.3175e+05   2.22e-28
  5.5198e+05   2.10e-28
  5.7297e+05   1.98e-28
  5.9477e+05   1.87e-28
  6.1740e+05   1.77e-28
  6.4089e+05   1.67e-28
  6.6527e+05   1.58e-28
  6.9058e+05   1.50e-28
  7.1685e+05   1.42e-28
  7.4412e+05   1.34e-28
  7.7243e+05   1.27e-28
  8.0181e+05   1.21e-28
  8.3232e+05   1.14e-28
  8.6398e+05   1.09e-28
  8.9685e+05   1.03e-28
  9.3097e+05   9.80e-29
  9.6638e+05   9.31e-29
  1.0031e+06   8.86e-29
  1.0413e+06   8.44e-29
  1.0809e+06   8.04e-29
  1.1220e+06   7.66e-29
  1.1647e+06   7.31e-29
  1.2090e+06   6.98e-29
  1.2550e+06   6.67e-29
  1.3028e+06   6.38e-29
  1.3523e+06   6.11e-29
  1.4038e+06   5.85e-29
  1.4572e+06   5.60e-29
  1.5126e+06   5.37e-29
  1.5702e+06   5.16e-29
  1.6299e+06   4.95e-29
  1.6919e+06   4.76e-29
  1.7563e+06   4.57e-29
  1.8231e+06   4.40e-29
  1.8925e+06   4.23e-29
  1.9645e+06   4.07e-29
  2.0392e+06   3.92e-29
  2.1168e+06   3.78e-29
  2.1973e+06   3.64e-29
  2.2809e+06   3.51e-29
  2.3677e+06   3.38e-29
  2.4577e+06   3.25e-29
  2.5512e+06   3.13e-29
  2.6483e+06   3.02e-29
  2.7490e+06   2.91e-29
  2.8536e+06   2.80e-29
  2.9622e+06   2.69e-29
  3.0749e+06   2.58e-29
  3.1918e+06   2.48e-29
  3.3133e+06   2.38e-29
  3.4393e+06   2.28e-29
  3.5702e+06   2.19e-29
  3.7060e+06   2.09e-29
  3.8470e+06   2.00e-29
  3.9933e+06   1.91e-29
  4.1452e+06   1.82e-29
  4.3029e+06   1.73e-29
  4.4666e+06   1.65e-29
  4.6366e+06   1.56e-29
  4.8129e+06   1.48e-29
  4.9960e+06   1.39e-29
  5.1861e+06   1.31e-29
  5.3834e+06   1.23e-29
  5.5882e+06   1.16e-29
  5.8008e+06   1.08e-29
  6.0215e+06   1.01e-29
  6.2506e+06   9.36e-30
  6.4883e+06   8.66e-30
  6.7352e+06   7.99e-30
  6.9914e+06   7.33e-30
  7.2574e+06   6.70e-30
  7.5335e+06   6.10e-30
  7.8201e+06   5.51e-30
  8.1176e+06   4.96e-30
  8.4264e+06   4.44e-30
  8.7470e+06   3.95e-30
  9.0797e+06   3.48e-30
  9.4251e+06   3.05e-30
  9.7837e+06   2.65e-30
  1.0156e+07   2.28e-30
  1.0542e+07   1.94e-30
  1.0943e+07   1.64e-30
  1.1360e+07   1.36e-30
  1.1792e+07   1.12e-30
  1.2240e+07   9.07e-31
  1.2706e+07   7.24e-31
  1.3189e+07   5.68e-31
  1.3691e+07   4.36e-31
  1.4212e+07   3.28e-31
  1.4753e+07   2.42e-31
  1.5314e+07   1.73e-31
  1.5897e+07   1.20e-31
  1.6501e+07   8.09e-32
  1.7129e+07   5.24e-32
  1.7781e+07   3.26e-32
  1.8457e+07   1.93e-32
  1.9159e+07   1.08e-32
  1.9888e+07   5.71e-33
  2.0645e+07   2.81e-33
  2.1430e+07   1.27e-33
  2.2245e+07   5.27e-34
  2.3092e+07   1.96e-34
  2.3970e+07   6.42e-35
  2.4882e+07   1.83e-35
  2.5829e+07   4.39e-36
  2.6811e+07   8.64e-37
  2.7831e+07   1.36e-37
  2.8890e+07   1.61e-38
  2.9989e+07   1.37e-39
  3.1130e+07   7.92e-41
  3.2314e+07   2.83e-42
  3.3544e+07   5.67e-44
  3.4820e+07   5.73e-46
  3.6144e+07   2.44e-48
  3.7519e+07   3.57e-51
  3.8947e+07   1.44e-54
  4.0428e+07   1.12e-58
  4.1966e+07   1.09e-63
  4.3563e+07   7.95e-70
  4.5220e+07   3.69e-71
  4.6941e+07   3.21e-71
  4.8726e+07   2.91e-71
  5.0580e+07   2.67e-71
