#  E [MeV]   Flux [# cm^{-2} s^{-1}  MeV^{-1}]
  3.0000e+04   2.68e-27
  3.1232e+04   2.58e-27
  3.2514e+04   2.48e-27
  3.3849e+04   2.38e-27
  3.5238e+04   2.29e-27
  3.6685e+04   2.20e-27
  3.8191e+04   2.11e-27
  3.9759e+04   2.03e-27
  4.1391e+04   1.95e-27
  4.3090e+04   1.87e-27
  4.4859e+04   1.79e-27
  4.6701e+04   1.72e-27
  4.8618e+04   1.65e-27
  5.0614e+04   1.58e-27
  5.2692e+04   1.51e-27
  5.4855e+04   1.45e-27
  5.7107e+04   1.39e-27
  5.9451e+04   1.33e-27
  6.1892e+04   1.28e-27
  6.4433e+04   1.22e-27
  6.7078e+04   1.17e-27
  6.9832e+04   1.12e-27
  7.2699e+04   1.07e-27
  7.5683e+04   1.02e-27
  7.8790e+04   9.79e-28
  8.2025e+04   9.36e-28
  8.5392e+04   8.94e-28
  8.8898e+04   8.54e-28
  9.2547e+04   8.16e-28
  9.6347e+04   7.79e-28
  1.0030e+05   7.43e-28
  1.0442e+05   7.09e-28
  1.0871e+05   6.76e-28
  1.1317e+05   6.45e-28
  1.1782e+05   6.14e-28
  1.2265e+05   5.85e-28
  1.2769e+05   5.57e-28
  1.3293e+05   5.30e-28
  1.3839e+05   5.05e-28
  1.4407e+05   4.80e-28
  1.4998e+05   4.56e-28
  1.5614e+05   4.33e-28
  1.6255e+05   4.12e-28
  1.6922e+05   3.91e-28
  1.7617e+05   3.71e-28
  1.8340e+05   3.51e-28
  1.9093e+05   3.33e-28
  1.9877e+05   3.15e-28
  2.0693e+05   2.98e-28
  2.1543e+05   2.82e-28
  2.2427e+05   2.67e-28
  2.3348e+05   2.52e-28
  2.4306e+05   2.38e-28
  2.5304e+05   2.24e-28
  2.6343e+05   2.11e-28
  2.7424e+05   1.99e-28
  2.8550e+05   1.87e-28
  2.9722e+05   1.76e-28
  3.0942e+05   1.65e-28
  3.2213e+05   1.55e-28
  3.3535e+05   1.45e-28
  3.4912e+05   1.36e-28
  3.6345e+05   1.28e-28
  3.7837e+05   1.19e-28
  3.9390e+05   1.12e-28
  4.1008e+05   1.04e-28
  4.2691e+05   9.71e-29
  4.4444e+05   9.06e-29
  4.6268e+05   8.44e-29
  4.8168e+05   7.86e-29
  5.0145e+05   7.31e-29
  5.2204e+05   6.80e-29
  5.4347e+05   6.32e-29
  5.6578e+05   5.87e-29
  5.8901e+05   5.45e-29
  6.1319e+05   5.06e-29
  6.3836e+05   4.70e-29
  6.6457e+05   4.36e-29
  6.9185e+05   4.05e-29
  7.2025e+05   3.76e-29
  7.4982e+05   3.49e-29
  7.8061e+05   3.25e-29
  8.1265e+05   3.02e-29
  8.4601e+05   2.81e-29
  8.8075e+05   2.61e-29
  9.1690e+05   2.43e-29
  9.5455e+05   2.27e-29
  9.9373e+05   2.12e-29
  1.0345e+06   1.98e-29
  1.0770e+06   1.85e-29
  1.1212e+06   1.73e-29
  1.1672e+06   1.62e-29
  1.2152e+06   1.52e-29
  1.2650e+06   1.43e-29
  1.3170e+06   1.34e-29
  1.3711e+06   1.27e-29
  1.4273e+06   1.19e-29
  1.4859e+06   1.13e-29
  1.5469e+06   1.07e-29
  1.6104e+06   1.01e-29
  1.6766e+06   9.56e-30
  1.7454e+06   9.07e-30
  1.8170e+06   8.61e-30
  1.8916e+06   8.18e-30
  1.9693e+06   7.79e-30
  2.0501e+06   7.41e-30
  2.1343e+06   7.06e-30
  2.2219e+06   6.74e-30
  2.3131e+06   6.43e-30
  2.4081e+06   6.13e-30
  2.5070e+06   5.86e-30
  2.6099e+06   5.59e-30
  2.7170e+06   5.34e-30
  2.8286e+06   5.10e-30
  2.9447e+06   4.86e-30
  3.0656e+06   4.64e-30
  3.1914e+06   4.42e-30
  3.3225e+06   4.21e-30
  3.4589e+06   4.01e-30
  3.6008e+06   3.81e-30
  3.7487e+06   3.62e-30
  3.9026e+06   3.43e-30
  4.0628e+06   3.25e-30
  4.2296e+06   3.07e-30
  4.4032e+06   2.90e-30
  4.5840e+06   2.73e-30
  4.7722e+06   2.57e-30
  4.9681e+06   2.40e-30
  5.1720e+06   2.25e-30
  5.3844e+06   2.09e-30
  5.6054e+06   1.94e-30
  5.8355e+06   1.79e-30
  6.0751e+06   1.65e-30
  6.3245e+06   1.51e-30
  6.5841e+06   1.38e-30
  6.8544e+06   1.25e-30
  7.1358e+06   1.12e-30
  7.4288e+06   1.01e-30
  7.7338e+06   8.94e-31
  8.0513e+06   7.88e-31
  8.3818e+06   6.89e-31
  8.7259e+06   5.96e-31
  9.0841e+06   5.11e-31
  9.4571e+06   4.33e-31
  9.8453e+06   3.62e-31
  1.0249e+07   2.99e-31
  1.0670e+07   2.42e-31
  1.1108e+07   1.93e-31
  1.1564e+07   1.52e-31
  1.2039e+07   1.16e-31
  1.2533e+07   8.72e-32
  1.3048e+07   6.37e-32
  1.3584e+07   4.51e-32
  1.4141e+07   3.10e-32
  1.4722e+07   2.05e-32
  1.5326e+07   1.30e-32
  1.5955e+07   7.86e-33
  1.6610e+07   4.51e-33
  1.7292e+07   2.43e-33
  1.8002e+07   1.22e-33
  1.8741e+07   5.68e-34
  1.9511e+07   2.41e-34
  2.0312e+07   9.21e-35
  2.1145e+07   3.12e-35
  2.2013e+07   9.16e-36
  2.2917e+07   2.29e-36
  2.3858e+07   4.71e-37
  2.4837e+07   7.74e-38
  2.5857e+07   9.76e-39
  2.6919e+07   8.97e-40
  2.8024e+07   5.67e-41
  2.9174e+07   2.29e-42
  3.0372e+07   5.37e-44
  3.1619e+07   6.57e-46
  3.2917e+07   3.62e-48
  3.4268e+07   7.53e-51
  3.5675e+07   4.71e-54
  3.7140e+07   6.67e-58
  3.8664e+07   1.47e-62
  4.0252e+07   3.15e-68
  4.1904e+07   5.63e-71
  4.3624e+07   5.01e-71
  4.5415e+07   4.44e-71
  4.7280e+07   3.92e-71
  4.9221e+07   3.45e-71
  5.1241e+07   3.02e-71
  5.3345e+07   2.63e-71
  5.5535e+07   2.29e-71
  5.7815e+07   1.97e-71
  6.0188e+07   1.70e-71
  6.2659e+07   1.46e-71
  6.5232e+07   1.24e-71
  6.7910e+07   1.07e-71
  7.0698e+07   9.18e-72
  7.3600e+07   7.77e-72
  7.6621e+07   6.82e-72
  7.9767e+07   5.95e-72
  8.3042e+07   5.17e-72
  8.6451e+07   4.72e-72
  9.0000e+07   4.30e-72
