#  E [MeV]   Flux [# cm^{-2} s^{-1}  MeV^{-1}]
  3.0000e+04   2.66e-26
  3.1051e+04   2.56e-26
  3.2139e+04   2.46e-26
  3.3266e+04   2.37e-26
  3.4432e+04   2.28e-26
  3.5638e+04   2.19e-26
  3.6887e+04   2.10e-26
  3.8180e+04   2.02e-26
  3.9518e+04   1.94e-26
  4.0903e+04   1.87e-26
  4.2336e+04   1.79e-26
  4.3820e+04   1.72e-26
  4.5355e+04   1.65e-26
  4.6945e+04   1.58e-26
  4.8590e+04   1.52e-26
  5.0293e+04   1.46e-26
  5.2055e+04   1.40e-26
  5.3879e+04   1.34e-26
  5.5767e+04   1.28e-26
  5.7722e+04   1.23e-26
  5.9745e+04   1.18e-26
  6.1838e+04   1.13e-26
  6.4005e+04   1.08e-26
  6.6248e+04   1.04e-26
  6.8570e+04   9.92e-27
  7.0973e+04   9.49e-27
  7.3460e+04   9.08e-27
  7.6034e+04   8.68e-27
  7.8699e+04   8.30e-27
  8.1457e+04   7.94e-27
  8.4311e+04   7.58e-27
  8.7266e+04   7.24e-27
  9.0324e+04   6.92e-27
  9.3490e+04   6.61e-27
  9.6766e+04   6.31e-27
  1.0016e+05   6.02e-27
  1.0367e+05   5.74e-27
  1.0730e+05   5.48e-27
  1.1106e+05   5.22e-27
  1.1495e+05   4.98e-27
  1.1898e+05   4.74e-27
  1.2315e+05   4.52e-27
  1.2747e+05   4.30e-27
  1.3193e+05   4.09e-27
  1.3656e+05   3.90e-27
  1.4134e+05   3.71e-27
  1.4629e+05   3.53e-27
  1.5142e+05   3.35e-27
  1.5673e+05   3.18e-27
  1.6222e+05   3.03e-27
  1.6790e+05   2.87e-27
  1.7379e+05   2.73e-27
  1.7988e+05   2.59e-27
  1.8618e+05   2.45e-27
  1.9271e+05   2.33e-27
  1.9946e+05   2.20e-27
  2.0645e+05   2.09e-27
  2.1369e+05   1.98e-27
  2.2117e+05   1.87e-27
  2.2892e+05   1.77e-27
  2.3695e+05   1.67e-27
  2.4525e+05   1.58e-27
  2.5385e+05   1.49e-27
  2.6274e+05   1.41e-27
  2.7195e+05   1.33e-27
  2.8148e+05   1.25e-27
  2.9134e+05   1.18e-27
  3.0155e+05   1.11e-27
  3.1212e+05   1.05e-27
  3.2306e+05   9.84e-28
  3.3438e+05   9.25e-28
  3.4610e+05   8.69e-28
  3.5823e+05   8.16e-28
  3.7078e+05   7.66e-28
  3.8377e+05   7.18e-28
  3.9722e+05   6.73e-28
  4.1114e+05   6.30e-28
  4.2555e+05   5.90e-28
  4.4046e+05   5.52e-28
  4.5590e+05   5.16e-28
  4.7188e+05   4.82e-28
  4.8841e+05   4.51e-28
  5.0553e+05   4.21e-28
  5.2324e+05   3.93e-28
  5.4158e+05   3.66e-28
  5.6056e+05   3.42e-28
  5.8020e+05   3.19e-28
  6.0054e+05   2.97e-28
  6.2158e+05   2.77e-28
  6.4337e+05   2.58e-28
  6.6591e+05   2.40e-28
  6.8925e+05   2.24e-28
  7.1340e+05   2.08e-28
  7.3840e+05   1.94e-28
  7.6428e+05   1.81e-28
  7.9106e+05   1.68e-28
  8.1878e+05   1.57e-28
  8.4748e+05   1.46e-28
  8.7718e+05   1.36e-28
  9.0792e+05   1.27e-28
  9.3973e+05   1.18e-28
  9.7267e+05   1.10e-28
  1.0068e+06   1.03e-28
  1.0420e+06   9.59e-29
  1.0785e+06   8.96e-29
  1.1163e+06   8.37e-29
  1.1555e+06   7.82e-29
  1.1960e+06   7.32e-29
  1.2379e+06   6.85e-29
  1.2813e+06   6.42e-29
  1.3262e+06   6.01e-29
  1.3726e+06   5.64e-29
  1.4207e+06   5.29e-29
  1.4705e+06   4.97e-29
  1.5220e+06   4.66e-29
  1.5754e+06   4.38e-29
  1.6306e+06   4.12e-29
  1.6877e+06   3.88e-29
  1.7469e+06   3.65e-29
  1.8081e+06   3.44e-29
  1.8715e+06   3.24e-29
  1.9370e+06   3.06e-29
  2.0049e+06   2.89e-29
  2.0752e+06   2.73e-29
  2.1479e+06   2.58e-29
  2.2232e+06   2.43e-29
  2.3011e+06   2.30e-29
  2.3817e+06   2.17e-29
  2.4652e+06   2.06e-29
  2.5516e+06   1.94e-29
  2.6410e+06   1.84e-29
  2.7336e+06   1.74e-29
  2.8294e+06   1.64e-29
  2.9285e+06   1.55e-29
  3.0311e+06   1.47e-29
  3.1374e+06   1.39e-29
  3.2473e+06   1.31e-29
  3.3611e+06   1.24e-29
  3.4789e+06   1.17e-29
  3.6008e+06   1.11e-29
  3.7270e+06   1.04e-29
  3.8576e+06   9.84e-30
  3.9928e+06   9.27e-30
  4.1327e+06   8.73e-30
  4.2775e+06   8.22e-30
  4.4274e+06   7.72e-30
  4.5826e+06   7.25e-30
  4.7432e+06   6.80e-30
  4.9094e+06   6.36e-30
  5.0815e+06   5.95e-30
  5.2595e+06   5.55e-30
  5.4438e+06   5.17e-30
  5.6346e+06   4.80e-30
  5.8321e+06   4.45e-30
  6.0365e+06   4.12e-30
  6.2480e+06   3.80e-30
  6.4670e+06   3.50e-30
  6.6936e+06   3.22e-30
  6.9282e+06   2.94e-30
  7.1709e+06   2.69e-30
  7.4222e+06   2.44e-30
  7.6823e+06   2.21e-30
  7.9516e+06   1.99e-30
  8.2302e+06   1.79e-30
  8.5186e+06   1.60e-30
  8.8172e+06   1.42e-30
  9.1262e+06   1.26e-30
  9.4460e+06   1.10e-30
  9.7770e+06   9.64e-31
  1.0120e+07   8.34e-31
  1.0474e+07   7.17e-31
  1.0841e+07   6.10e-31
  1.1221e+07   5.14e-31
  1.1614e+07   4.29e-31
  1.2022e+07   3.54e-31
  1.2443e+07   2.88e-31
  1.2879e+07   2.31e-31
  1.3330e+07   1.83e-31
  1.3797e+07   1.42e-31
  1.4281e+07   1.09e-31
  1.4781e+07   8.12e-32
  1.5299e+07   5.93e-32
  1.5835e+07   4.23e-32
  1.6390e+07   2.93e-32
  1.6965e+07   1.96e-32
  1.7559e+07   1.27e-32
  1.8175e+07   7.92e-33
  1.8812e+07   4.71e-33
  1.9471e+07   2.66e-33
  2.0153e+07   1.42e-33
  2.0859e+07   7.11e-34
  2.1590e+07   3.30e-34
  2.2347e+07   1.41e-34
  2.3130e+07   5.47e-35
  2.3941e+07   1.89e-35
  2.4780e+07   5.77e-36
  2.5648e+07   1.51e-36
  2.6547e+07   3.34e-37
  2.7477e+07   6.09e-38
  2.8440e+07   8.77e-39
