#  E [GeV]   # per interaction  [GeV^{-1}]
  3.0000e+01   2.40e-01
  3.0607e+01   2.31e-01
  3.1227e+01   2.23e-01
  3.1859e+01   2.15e-01
  3.2504e+01   2.08e-01
  3.3163e+01   2.00e-01
  3.3834e+01   1.93e-01
  3.4519e+01   1.86e-01
  3.5218e+01   1.79e-01
  3.5931e+01   1.73e-01
  3.6659e+01   1.66e-01
  3.7401e+01   1.60e-01
  3.8158e+01   1.54e-01
  3.8931e+01   1.48e-01
  3.9719e+01   1.43e-01
  4.0523e+01   1.37e-01
  4.1344e+01   1.32e-01
  4.2181e+01   1.27e-01
  4.3035e+01   1.22e-01
  4.3906e+01   1.17e-01
  4.4795e+01   1.13e-01
  4.5702e+01   1.08e-01
  4.6628e+01   1.04e-01
  4.7572e+01   1.00e-01
  4.8535e+01   9.60e-02
  4.9517e+01   9.22e-02
  5.0520e+01   8.85e-02
  5.1543e+01   8.49e-02
  5.2587e+01   8.14e-02
  5.3651e+01   7.81e-02
  5.4738e+01   7.48e-02
  5.5846e+01   7.18e-02
  5.6977e+01   6.88e-02
  5.8130e+01   6.59e-02
  5.9307e+01   6.31e-02
  6.0508e+01   6.04e-02
  6.1733e+01   5.78e-02
  6.2983e+01   5.54e-02
  6.4258e+01   5.30e-02
  6.5559e+01   5.07e-02
  6.6887e+01   4.85e-02
  6.8241e+01   4.63e-02
  6.9623e+01   4.43e-02
  7.1033e+01   4.23e-02
  7.2471e+01   4.04e-02
  7.3938e+01   3.86e-02
  7.5435e+01   3.68e-02
  7.6963e+01   3.51e-02
  7.8521e+01   3.35e-02
  8.0111e+01   3.20e-02
  8.1733e+01   3.05e-02
  8.3388e+01   2.91e-02
  8.5076e+01   2.77e-02
  8.6799e+01   2.63e-02
  8.8556e+01   2.51e-02
  9.0349e+01   2.39e-02
  9.2178e+01   2.27e-02
  9.4045e+01   2.16e-02
  9.5949e+01   2.05e-02
  9.7892e+01   1.95e-02
  9.9874e+01   1.86e-02
  1.0190e+02   1.76e-02
  1.0396e+02   1.67e-02
  1.0606e+02   1.59e-02
  1.0821e+02   1.50e-02
  1.1040e+02   1.43e-02
  1.1264e+02   1.36e-02
  1.1492e+02   1.29e-02
  1.1725e+02   1.22e-02
  1.1962e+02   1.15e-02
  1.2204e+02   1.09e-02
  1.2451e+02   1.03e-02
  1.2703e+02   9.78e-03
  1.2961e+02   9.25e-03
  1.3223e+02   8.74e-03
  1.3491e+02   8.25e-03
  1.3764e+02   7.78e-03
  1.4043e+02   7.36e-03
  1.4327e+02   6.96e-03
  1.4617e+02   6.56e-03
  1.4913e+02   6.19e-03
  1.5215e+02   5.82e-03
  1.5523e+02   5.48e-03
  1.5837e+02   5.17e-03
  1.6158e+02   4.87e-03
  1.6485e+02   4.59e-03
  1.6819e+02   4.31e-03
  1.7159e+02   4.04e-03
  1.7507e+02   3.80e-03
  1.7861e+02   3.58e-03
  1.8223e+02   3.36e-03
  1.8592e+02   3.15e-03
  1.8968e+02   2.95e-03
  1.9352e+02   2.76e-03
  1.9744e+02   2.59e-03
  2.0144e+02   2.43e-03
  2.0552e+02   2.28e-03
  2.0968e+02   2.13e-03
  2.1392e+02   1.99e-03
  2.1826e+02   1.85e-03
  2.2267e+02   1.74e-03
  2.2718e+02   1.63e-03
  2.3178e+02   1.52e-03
  2.3648e+02   1.42e-03
  2.4126e+02   1.32e-03
  2.4615e+02   1.23e-03
  2.5113e+02   1.15e-03
  2.5622e+02   1.07e-03
  2.6141e+02   9.97e-04
  2.6670e+02   9.25e-04
  2.7210e+02   8.56e-04
  2.7761e+02   7.98e-04
  2.8323e+02   7.44e-04
  2.8896e+02   6.92e-04
  2.9481e+02   6.42e-04
  3.0078e+02   5.93e-04
  3.0687e+02   5.48e-04
  3.1309e+02   5.10e-04
  3.1943e+02   4.73e-04
  3.2589e+02   4.38e-04
  3.3249e+02   4.05e-04
  3.3922e+02   3.72e-04
  3.4609e+02   3.43e-04
  3.5310e+02   3.18e-04
  3.6025e+02   2.95e-04
  3.6754e+02   2.72e-04
  3.7498e+02   2.50e-04
  3.8258e+02   2.29e-04
  3.9032e+02   2.11e-04
  3.9823e+02   1.95e-04
  4.0629e+02   1.80e-04
  4.1452e+02   1.66e-04
  4.2291e+02   1.52e-04
  4.3147e+02   1.38e-04
  4.4021e+02   1.28e-04
  4.4912e+02   1.18e-04
  4.5821e+02   1.08e-04
  4.6749e+02   9.92e-05
  4.7696e+02   9.05e-05
  4.8661e+02   8.23e-05
  4.9647e+02   7.60e-05
  5.0652e+02   6.99e-05
  5.1678e+02   6.41e-05
  5.2724e+02   5.86e-05
  5.3791e+02   5.33e-05
  5.4881e+02   4.86e-05
  5.5992e+02   4.48e-05
  5.7125e+02   4.11e-05
  5.8282e+02   3.76e-05
  5.9462e+02   3.43e-05
  6.0666e+02   3.11e-05
  6.1894e+02   2.85e-05
  6.3148e+02   2.63e-05
  6.4426e+02   2.41e-05
  6.5731e+02   2.21e-05
  6.7061e+02   2.01e-05
  6.8419e+02   1.83e-05
  6.9805e+02   1.69e-05
  7.1218e+02   1.56e-05
  7.2660e+02   1.43e-05
  7.4131e+02   1.31e-05
  7.5632e+02   1.20e-05
  7.7163e+02   1.10e-05
  7.8726e+02   1.02e-05
  8.0320e+02   9.39e-06
  8.1946e+02   8.66e-06
  8.3605e+02   7.97e-06
  8.5298e+02   7.31e-06
  8.7025e+02   6.73e-06
  8.8787e+02   6.25e-06
  9.0585e+02   5.80e-06
  9.2419e+02   5.37e-06
  9.4290e+02   4.95e-06
  9.6199e+02   4.56e-06
  9.8147e+02   4.24e-06
  1.0013e+03   3.96e-06
  1.0216e+03   3.69e-06
  1.0423e+03   3.44e-06
  1.0634e+03   3.20e-06
  1.0849e+03   2.97e-06
  1.1069e+03   2.78e-06
  1.1293e+03   2.60e-06
  1.1522e+03   2.44e-06
  1.1755e+03   2.28e-06
  1.1993e+03   2.12e-06
  1.2236e+03   1.98e-06
  1.2484e+03   1.85e-06
  1.2736e+03   1.73e-06
  1.2994e+03   1.61e-06
  1.3257e+03   1.50e-06
  1.3526e+03   1.40e-06
  1.3800e+03   1.30e-06
  1.4079e+03   1.21e-06
  1.4364e+03   1.12e-06
  1.4655e+03   1.03e-06
  1.4952e+03   9.52e-07
  1.5255e+03   8.74e-07
  1.5563e+03   8.15e-07
  1.5879e+03   7.65e-07
  1.6200e+03   7.17e-07
