#  E [GeV]   # per interaction  [GeV^{-1}]
  3.0000e+01   7.37e-01
  3.1232e+01   7.05e-01
  3.2514e+01   6.74e-01
  3.3849e+01   6.45e-01
  3.5238e+01   6.17e-01
  3.6685e+01   5.90e-01
  3.8191e+01   5.64e-01
  3.9759e+01   5.39e-01
  4.1391e+01   5.16e-01
  4.3090e+01   4.93e-01
  4.4859e+01   4.72e-01
  4.6701e+01   4.51e-01
  4.8618e+01   4.31e-01
  5.0614e+01   4.12e-01
  5.2692e+01   3.94e-01
  5.4855e+01   3.76e-01
  5.7107e+01   3.59e-01
  5.9451e+01   3.43e-01
  6.1892e+01   3.28e-01
  6.4433e+01   3.13e-01
  6.7078e+01   2.99e-01
  6.9832e+01   2.86e-01
  7.2699e+01   2.73e-01
  7.5683e+01   2.61e-01
  7.8790e+01   2.49e-01
  8.2025e+01   2.38e-01
  8.5392e+01   2.27e-01
  8.8898e+01   2.16e-01
  9.2547e+01   2.06e-01
  9.6347e+01   1.97e-01
  1.0030e+02   1.88e-01
  1.0442e+02   1.79e-01
  1.0871e+02   1.71e-01
  1.1317e+02   1.63e-01
  1.1782e+02   1.55e-01
  1.2265e+02   1.48e-01
  1.2769e+02   1.41e-01
  1.3293e+02   1.34e-01
  1.3839e+02   1.27e-01
  1.4407e+02   1.21e-01
  1.4998e+02   1.15e-01
  1.5614e+02   1.09e-01
  1.6255e+02   1.04e-01
  1.6922e+02   9.87e-02
  1.7617e+02   9.36e-02
  1.8340e+02   8.88e-02
  1.9093e+02   8.42e-02
  1.9877e+02   7.98e-02
  2.0693e+02   7.55e-02
  2.1543e+02   7.15e-02
  2.2427e+02   6.76e-02
  2.3348e+02   6.38e-02
  2.4306e+02   6.03e-02
  2.5304e+02   5.68e-02
  2.6343e+02   5.36e-02
  2.7424e+02   5.04e-02
  2.8550e+02   4.74e-02
  2.9722e+02   4.46e-02
  3.0942e+02   4.18e-02
  3.2213e+02   3.92e-02
  3.3535e+02   3.67e-02
  3.4912e+02   3.44e-02
  3.6345e+02   3.21e-02
  3.7837e+02   3.00e-02
  3.9390e+02   2.80e-02
  4.1008e+02   2.60e-02
  4.2691e+02   2.42e-02
  4.4444e+02   2.25e-02
  4.6268e+02   2.09e-02
  4.8168e+02   1.94e-02
  5.0145e+02   1.79e-02
  5.2204e+02   1.66e-02
  5.4347e+02   1.53e-02
  5.6578e+02   1.41e-02
  5.8901e+02   1.30e-02
  6.1319e+02   1.20e-02
  6.3836e+02   1.10e-02
  6.6457e+02   1.02e-02
  6.9185e+02   9.33e-03
  7.2025e+02   8.57e-03
  7.4982e+02   7.87e-03
  7.8061e+02   7.21e-03
  8.1265e+02   6.61e-03
  8.4601e+02   6.06e-03
  8.8075e+02   5.55e-03
  9.1690e+02   5.08e-03
  9.5455e+02   4.65e-03
  9.9373e+02   4.26e-03
  1.0345e+03   3.90e-03
  1.0770e+03   3.57e-03
  1.1212e+03   3.27e-03
  1.1672e+03   2.99e-03
  1.2152e+03   2.74e-03
  1.2650e+03   2.50e-03
  1.3170e+03   2.29e-03
  1.3711e+03   2.10e-03
  1.4273e+03   1.92e-03
  1.4859e+03   1.76e-03
  1.5469e+03   1.61e-03
  1.6104e+03   1.48e-03
  1.6766e+03   1.35e-03
  1.7454e+03   1.24e-03
  1.8170e+03   1.14e-03
  1.8916e+03   1.04e-03
  1.9693e+03   9.52e-04
  2.0501e+03   8.71e-04
  2.1343e+03   7.97e-04
  2.2219e+03   7.28e-04
  2.3131e+03   6.65e-04
  2.4081e+03   6.07e-04
  2.5070e+03   5.54e-04
  2.6099e+03   5.04e-04
  2.7170e+03   4.59e-04
  2.8286e+03   4.18e-04
  2.9447e+03   3.79e-04
  3.0656e+03   3.44e-04
  3.1914e+03   3.12e-04
  3.3225e+03   2.82e-04
  3.4589e+03   2.55e-04
  3.6008e+03   2.29e-04
  3.7487e+03   2.06e-04
  3.9026e+03   1.85e-04
  4.0628e+03   1.66e-04
  4.2296e+03   1.48e-04
  4.4032e+03   1.32e-04
  4.5840e+03   1.17e-04
  4.7722e+03   1.03e-04
  4.9681e+03   9.14e-05
  5.1720e+03   8.02e-05
  5.3844e+03   7.03e-05
  5.6054e+03   6.14e-05
  5.8355e+03   5.32e-05
  6.0751e+03   4.61e-05
  6.3245e+03   3.97e-05
  6.5841e+03   3.39e-05
  6.8544e+03   2.89e-05
  7.1358e+03   2.44e-05
  7.4288e+03   2.05e-05
  7.7338e+03   1.71e-05
  8.0513e+03   1.42e-05
  8.3818e+03   1.16e-05
  8.7259e+03   9.48e-06
  9.0841e+03   7.62e-06
  9.4571e+03   6.06e-06
  9.8453e+03   4.78e-06
  1.0249e+04   3.70e-06
  1.0670e+04   2.83e-06
  1.1108e+04   2.14e-06
  1.1564e+04   1.58e-06
  1.2039e+04   1.15e-06
  1.2533e+04   8.17e-07
  1.3048e+04   5.64e-07
  1.3584e+04   3.82e-07
  1.4141e+04   2.50e-07
  1.4722e+04   1.58e-07
  1.5326e+04   9.67e-08
  1.5955e+04   5.65e-08
  1.6610e+04   3.13e-08
  1.7292e+04   1.65e-08
  1.8002e+04   8.16e-09
  1.8741e+04   3.73e-09
  1.9511e+04   1.59e-09
  2.0312e+04   6.09e-10
  2.1145e+04   2.09e-10
  2.2013e+04   6.36e-11
  2.2917e+04   1.65e-11
  2.3858e+04   3.61e-12
  2.4837e+04   6.47e-13
  2.5857e+04   9.00e-14
  2.6919e+04   9.43e-15
  2.8024e+04   7.03e-16
  2.9174e+04   3.44e-17
  3.0372e+04   1.03e-18
  3.1619e+04   1.70e-20
  3.2917e+04   1.32e-22
  3.4268e+04   4.26e-25
  3.5675e+04   4.49e-28
  3.7140e+04   1.17e-31
  3.8664e+04   5.53e-36
  4.0252e+04   2.92e-41
  4.1904e+04   4.75e-47
  4.3624e+04   4.10e-47
  4.5415e+04   3.48e-47
  4.7280e+04   2.95e-47
  4.9221e+04   2.54e-47
  5.1241e+04   2.17e-47
  5.3345e+04   1.85e-47
  5.5535e+04   1.61e-47
  5.7815e+04   1.38e-47
  6.0188e+04   1.19e-47
  6.2659e+04   1.04e-47
  6.5232e+04   9.04e-48
  6.7910e+04   7.98e-48
  7.0698e+04   7.09e-48
  7.3600e+04   6.25e-48
  7.6621e+04   5.62e-48
  7.9767e+04   5.06e-48
  8.3042e+04   4.54e-48
  8.6451e+04   4.15e-48
  9.0000e+04   3.79e-48
