#  E [MeV]   Flux [# cm^{-2} s^{-1}  MeV^{-1}]
  3.0000e+04   1.80e-20
  3.0765e+04   1.75e-20
  3.1549e+04   1.71e-20
  3.2354e+04   1.67e-20
  3.3179e+04   1.63e-20
  3.4025e+04   1.59e-20
  3.4892e+04   1.55e-20
  3.5782e+04   1.51e-20
  3.6695e+04   1.48e-20
  3.7630e+04   1.44e-20
  3.8590e+04   1.41e-20
  3.9574e+04   1.37e-20
  4.0583e+04   1.34e-20
  4.1618e+04   1.31e-20
  4.2679e+04   1.28e-20
  4.3767e+04   1.25e-20
  4.4883e+04   1.22e-20
  4.6028e+04   1.20e-20
  4.7201e+04   1.17e-20
  4.8405e+04   1.14e-20
  4.9639e+04   1.12e-20
  5.0905e+04   1.10e-20
  5.2203e+04   1.07e-20
  5.3534e+04   1.05e-20
  5.4899e+04   1.03e-20
  5.6299e+04   1.01e-20
  5.7734e+04   9.86e-21
  5.9207e+04   9.66e-21
  6.0716e+04   9.46e-21
  6.2264e+04   9.27e-21
  6.3852e+04   9.09e-21
  6.5480e+04   8.91e-21
  6.7150e+04   8.74e-21
  6.8862e+04   8.57e-21
  7.0618e+04   8.41e-21
  7.2419e+04   8.25e-21
  7.4265e+04   8.09e-21
  7.6159e+04   7.94e-21
  7.8101e+04   7.80e-21
  8.0092e+04   7.65e-21
  8.2135e+04   7.52e-21
  8.4229e+04   7.38e-21
  8.6377e+04   7.25e-21
  8.8579e+04   7.12e-21
  9.0838e+04   6.99e-21
  9.3154e+04   6.87e-21
  9.5529e+04   6.75e-21
  9.7965e+04   6.63e-21
  1.0046e+05   6.52e-21
  1.0303e+05   6.41e-21
  1.0565e+05   6.30e-21
  1.0835e+05   6.19e-21
  1.1111e+05   6.08e-21
  1.1394e+05   5.98e-21
  1.1685e+05   5.88e-21
  1.1983e+05   5.78e-21
  1.2288e+05   5.68e-21
  1.2602e+05   5.58e-21
  1.2923e+05   5.49e-21
  1.3252e+05   5.40e-21
  1.3590e+05   5.31e-21
  1.3937e+05   5.22e-21
  1.4292e+05   5.13e-21
  1.4657e+05   5.04e-21
  1.5030e+05   4.96e-21
  1.5414e+05   4.87e-21
  1.5807e+05   4.79e-21
  1.6210e+05   4.71e-21
  1.6623e+05   4.63e-21
  1.7047e+05   4.55e-21
  1.7482e+05   4.47e-21
  1.7927e+05   4.40e-21
  1.8384e+05   4.32e-21
  1.8853e+05   4.24e-21
  1.9334e+05   4.17e-21
  1.9827e+05   4.10e-21
  2.0333e+05   4.02e-21
  2.0851e+05   3.95e-21
  2.1383e+05   3.88e-21
  2.1928e+05   3.81e-21
  2.2487e+05   3.74e-21
  2.3060e+05   3.67e-21
  2.3648e+05   3.60e-21
  2.4251e+05   3.53e-21
  2.4870e+05   3.46e-21
  2.5504e+05   3.40e-21
  2.6154e+05   3.33e-21
  2.6821e+05   3.27e-21
  2.7505e+05   3.20e-21
  2.8206e+05   3.14e-21
  2.8926e+05   3.07e-21
  2.9663e+05   3.01e-21
  3.0420e+05   2.95e-21
  3.1195e+05   2.88e-21
  3.1991e+05   2.82e-21
  3.2806e+05   2.76e-21
  3.3643e+05   2.70e-21
  3.4501e+05   2.64e-21
  3.5381e+05   2.58e-21
  3.6283e+05   2.52e-21
  3.7208e+05   2.46e-21
  3.8157e+05   2.40e-21
  3.9130e+05   2.34e-21
  4.0127e+05   2.28e-21
  4.1150e+05   2.23e-21
  4.2200e+05   2.17e-21
  4.3276e+05   2.12e-21
  4.4379e+05   2.06e-21
  4.5511e+05   2.00e-21
  4.6671e+05   1.95e-21
  4.7861e+05   1.90e-21
  4.9082e+05   1.85e-21
  5.0333e+05   1.79e-21
  5.1617e+05   1.74e-21
  5.2933e+05   1.69e-21
  5.4283e+05   1.64e-21
  5.5667e+05   1.59e-21
  5.7086e+05   1.54e-21
  5.8542e+05   1.50e-21
  6.0035e+05   1.45e-21
  6.1565e+05   1.41e-21
  6.3135e+05   1.36e-21
  6.4745e+05   1.32e-21
  6.6396e+05   1.27e-21
  6.8089e+05   1.23e-21
  6.9825e+05   1.19e-21
  7.1606e+05   1.15e-21
  7.3432e+05   1.11e-21
  7.5304e+05   1.07e-21
  7.7224e+05   1.03e-21
  7.9193e+05   9.93e-22
  8.1213e+05   9.57e-22
  8.3283e+05   9.21e-22
  8.5407e+05   8.87e-22
  8.7585e+05   8.53e-22
  8.9818e+05   8.18e-22
  9.2108e+05   7.85e-22
  9.4457e+05   7.53e-22
  9.6866e+05   7.23e-22
  9.9336e+05   6.92e-22
  1.0187e+06   6.62e-22
  1.0447e+06   6.34e-22
  1.0713e+06   6.07e-22
  1.0986e+06   5.80e-22
  1.1266e+06   5.53e-22
  1.1554e+06   5.28e-22
  1.1848e+06   5.04e-22
  1.2150e+06   4.80e-22
  1.2460e+06   4.57e-22
  1.2778e+06   4.35e-22
  1.3104e+06   4.14e-22
  1.3438e+06   3.93e-22
  1.3780e+06   3.73e-22
  1.4132e+06   3.54e-22
  1.4492e+06   3.35e-22
  1.4862e+06   3.18e-22
  1.5241e+06   3.01e-22
  1.5629e+06   2.84e-22
  1.6028e+06   2.68e-22
  1.6436e+06   2.53e-22
  1.6856e+06   2.38e-22
  1.7285e+06   2.24e-22
  1.7726e+06   2.10e-22
  1.8178e+06   1.97e-22
  1.8642e+06   1.85e-22
  1.9117e+06   1.73e-22
  1.9604e+06   1.61e-22
  2.0104e+06   1.50e-22
  2.0617e+06   1.40e-22
  2.1143e+06   1.30e-22
  2.1682e+06   1.20e-22
  2.2235e+06   1.11e-22
  2.2802e+06   1.03e-22
  2.3383e+06   9.51e-23
  2.3979e+06   8.74e-23
  2.4591e+06   8.04e-23
  2.5218e+06   7.40e-23
  2.5861e+06   6.79e-23
  2.6520e+06   6.20e-23
  2.7196e+06   5.65e-23
  2.7890e+06   5.15e-23
  2.8601e+06   4.69e-23
  2.9330e+06   4.25e-23
  3.0078e+06   3.83e-23
  3.0845e+06   3.44e-23
  3.1632e+06   3.11e-23
  3.2438e+06   2.80e-23
  3.3265e+06   2.51e-23
  3.4113e+06   2.23e-23
  3.4983e+06   2.00e-23
  3.5875e+06   1.80e-23
  3.6790e+06   1.61e-23
  3.7728e+06   1.43e-23
  3.8690e+06   1.26e-23
  3.9677e+06   1.14e-23
  4.0689e+06   1.03e-23
  4.1726e+06   9.29e-24
  4.2790e+06   8.30e-24
  4.3881e+06   7.55e-24
  4.5000e+06   7.05e-24
