#  E [MeV]   Flux [# cm^{-2} s^{-1}  MeV^{-1}]
  3.0000e+04   2.76e-25
  3.1141e+04   2.65e-25
  3.2326e+04   2.55e-25
  3.3556e+04   2.45e-25
  3.4832e+04   2.35e-25
  3.6157e+04   2.26e-25
  3.7533e+04   2.17e-25
  3.8961e+04   2.08e-25
  4.0443e+04   1.99e-25
  4.1982e+04   1.91e-25
  4.3579e+04   1.84e-25
  4.5237e+04   1.76e-25
  4.6958e+04   1.69e-25
  4.8744e+04   1.62e-25
  5.0598e+04   1.56e-25
  5.2523e+04   1.49e-25
  5.4521e+04   1.43e-25
  5.6596e+04   1.37e-25
  5.8749e+04   1.32e-25
  6.0984e+04   1.26e-25
  6.3304e+04   1.21e-25
  6.5712e+04   1.16e-25
  6.8212e+04   1.11e-25
  7.0807e+04   1.07e-25
  7.3500e+04   1.02e-25
  7.6297e+04   9.78e-26
  7.9199e+04   9.36e-26
  8.2212e+04   8.97e-26
  8.5340e+04   8.59e-26
  8.8586e+04   8.22e-26
  9.1956e+04   7.87e-26
  9.5455e+04   7.53e-26
  9.9086e+04   7.21e-26
  1.0286e+05   6.89e-26
  1.0677e+05   6.59e-26
  1.1083e+05   6.30e-26
  1.1505e+05   6.03e-26
  1.1942e+05   5.76e-26
  1.2397e+05   5.50e-26
  1.2868e+05   5.26e-26
  1.3358e+05   5.02e-26
  1.3866e+05   4.80e-26
  1.4394e+05   4.58e-26
  1.4941e+05   4.37e-26
  1.5509e+05   4.17e-26
  1.6100e+05   3.97e-26
  1.6712e+05   3.79e-26
  1.7348e+05   3.61e-26
  1.8008e+05   3.44e-26
  1.8693e+05   3.27e-26
  1.9404e+05   3.11e-26
  2.0142e+05   2.96e-26
  2.0908e+05   2.82e-26
  2.1704e+05   2.68e-26
  2.2529e+05   2.54e-26
  2.3387e+05   2.41e-26
  2.4276e+05   2.29e-26
  2.5200e+05   2.17e-26
  2.6158e+05   2.06e-26
  2.7154e+05   1.95e-26
  2.8187e+05   1.85e-26
  2.9259e+05   1.75e-26
  3.0372e+05   1.65e-26
  3.1527e+05   1.56e-26
  3.2727e+05   1.48e-26
  3.3972e+05   1.39e-26
  3.5264e+05   1.31e-26
  3.6606e+05   1.24e-26
  3.7998e+05   1.17e-26
  3.9444e+05   1.10e-26
  4.0945e+05   1.03e-26
  4.2502e+05   9.72e-27
  4.4119e+05   9.13e-27
  4.5798e+05   8.57e-27
  4.7540e+05   8.04e-27
  4.9348e+05   7.54e-27
  5.1226e+05   7.06e-27
  5.3175e+05   6.61e-27
  5.5198e+05   6.19e-27
  5.7297e+05   5.79e-27
  5.9477e+05   5.41e-27
  6.1740e+05   5.05e-27
  6.4089e+05   4.71e-27
  6.6527e+05   4.40e-27
  6.9058e+05   4.10e-27
  7.1685e+05   3.82e-27
  7.4412e+05   3.56e-27
  7.7243e+05   3.31e-27
  8.0181e+05   3.08e-27
  8.3232e+05   2.87e-27
  8.6398e+05   2.66e-27
  8.9685e+05   2.48e-27
  9.3097e+05   2.30e-27
  9.6638e+05   2.14e-27
  1.0031e+06   1.99e-27
  1.0413e+06   1.84e-27
  1.0809e+06   1.71e-27
  1.1220e+06   1.59e-27
  1.1647e+06   1.47e-27
  1.2090e+06   1.36e-27
  1.2550e+06   1.27e-27
  1.3028e+06   1.17e-27
  1.3523e+06   1.09e-27
  1.4038e+06   1.01e-27
  1.4572e+06   9.31e-28
  1.5126e+06   8.62e-28
  1.5702e+06   7.97e-28
  1.6299e+06   7.38e-28
  1.6919e+06   6.82e-28
  1.7563e+06   6.30e-28
  1.8231e+06   5.83e-28
  1.8925e+06   5.38e-28
  1.9645e+06   4.97e-28
  2.0392e+06   4.59e-28
  2.1168e+06   4.23e-28
  2.1973e+06   3.90e-28
  2.2809e+06   3.59e-28
  2.3677e+06   3.31e-28
  2.4577e+06   3.04e-28
  2.5512e+06   2.80e-28
  2.6483e+06   2.57e-28
  2.7490e+06   2.36e-28
  2.8536e+06   2.17e-28
  2.9622e+06   1.99e-28
  3.0749e+06   1.82e-28
  3.1918e+06   1.66e-28
  3.3133e+06   1.52e-28
  3.4393e+06   1.39e-28
  3.5702e+06   1.27e-28
  3.7060e+06   1.15e-28
  3.8470e+06   1.05e-28
  3.9933e+06   9.53e-29
  4.1452e+06   8.65e-29
  4.3029e+06   7.83e-29
  4.4666e+06   7.09e-29
  4.6366e+06   6.41e-29
  4.8129e+06   5.77e-29
  4.9960e+06   5.20e-29
  5.1861e+06   4.67e-29
  5.3834e+06   4.18e-29
  5.5882e+06   3.75e-29
  5.8008e+06   3.35e-29
  6.0215e+06   2.98e-29
  6.2506e+06   2.65e-29
  6.4883e+06   2.35e-29
  6.7352e+06   2.07e-29
  6.9914e+06   1.83e-29
  7.2574e+06   1.61e-29
  7.5335e+06   1.41e-29
  7.8201e+06   1.23e-29
  8.1176e+06   1.07e-29
  8.4264e+06   9.27e-30
  8.7470e+06   7.99e-30
  9.0797e+06   6.89e-30
  9.4251e+06   5.88e-30
  9.7837e+06   5.00e-30
  1.0156e+07   4.24e-30
  1.0542e+07   3.56e-30
  1.0943e+07   2.96e-30
  1.1360e+07   2.47e-30
  1.1792e+07   2.03e-30
  1.2240e+07   1.65e-30
  1.2706e+07   1.34e-30
  1.3189e+07   1.07e-30
  1.3691e+07   8.44e-31
  1.4212e+07   6.65e-31
  1.4753e+07   5.14e-31
  1.5314e+07   3.88e-31
  1.5897e+07   2.93e-31
  1.6501e+07   2.16e-31
  1.7129e+07   1.54e-31
  1.7781e+07   1.10e-31
  1.8457e+07   7.55e-32
  1.9159e+07   5.00e-32
  1.9888e+07   3.24e-32
  2.0645e+07   2.02e-32
  2.1430e+07   1.19e-32
  2.2245e+07   6.78e-33
  2.3092e+07   3.64e-33
  2.3970e+07   1.81e-33
  2.4882e+07   8.42e-34
  2.5829e+07   3.60e-34
  2.6811e+07   1.36e-34
  2.7831e+07   4.60e-35
  2.8890e+07   1.35e-35
  2.9989e+07   3.28e-36
  3.1130e+07   6.47e-37
  3.2314e+07   1.00e-37
  3.3544e+07   1.12e-38
  3.4820e+07   8.49e-40
  3.6144e+07   4.11e-41
  3.7519e+07   1.09e-42
  3.8947e+07   1.40e-44
  4.0428e+07   7.45e-47
  4.1966e+07   1.23e-49
  4.3563e+07   4.60e-53
  4.5220e+07   2.65e-57
  4.6941e+07   1.28e-62
  4.8726e+07   2.44e-69
  5.0580e+07   1.09e-72
