#  E [MeV]   Flux [# cm^{-2} s^{-1}  MeV^{-1}]
  3.0000e+04   8.50e-22
  3.1123e+04   8.18e-22
  3.2288e+04   7.87e-22
  3.3497e+04   7.57e-22
  3.4751e+04   7.28e-22
  3.6051e+04   7.00e-22
  3.7401e+04   6.74e-22
  3.8801e+04   6.47e-22
  4.0253e+04   6.22e-22
  4.1760e+04   5.98e-22
  4.3324e+04   5.74e-22
  4.4945e+04   5.52e-22
  4.6628e+04   5.30e-22
  4.8373e+04   5.09e-22
  5.0184e+04   4.88e-22
  5.2063e+04   4.69e-22
  5.4011e+04   4.50e-22
  5.6033e+04   4.32e-22
  5.8131e+04   4.14e-22
  6.0307e+04   3.97e-22
  6.2564e+04   3.81e-22
  6.4906e+04   3.65e-22
  6.7336e+04   3.50e-22
  6.9857e+04   3.35e-22
  7.2472e+04   3.21e-22
  7.5184e+04   3.08e-22
  7.7999e+04   2.94e-22
  8.0919e+04   2.82e-22
  8.3948e+04   2.70e-22
  8.7090e+04   2.58e-22
  9.0350e+04   2.47e-22
  9.3732e+04   2.36e-22
  9.7241e+04   2.26e-22
  1.0088e+05   2.16e-22
  1.0466e+05   2.07e-22
  1.0858e+05   1.98e-22
  1.1264e+05   1.89e-22
  1.1686e+05   1.80e-22
  1.2123e+05   1.72e-22
  1.2577e+05   1.65e-22
  1.3048e+05   1.57e-22
  1.3536e+05   1.50e-22
  1.4043e+05   1.43e-22
  1.4568e+05   1.37e-22
  1.5114e+05   1.30e-22
  1.5680e+05   1.24e-22
  1.6266e+05   1.19e-22
  1.6875e+05   1.13e-22
  1.7507e+05   1.08e-22
  1.8162e+05   1.03e-22
  1.8842e+05   9.79e-23
  1.9548e+05   9.33e-23
  2.0279e+05   8.88e-23
  2.1039e+05   8.46e-23
  2.1826e+05   8.05e-23
  2.2643e+05   7.66e-23
  2.3491e+05   7.29e-23
  2.4370e+05   6.94e-23
  2.5282e+05   6.60e-23
  2.6229e+05   6.27e-23
  2.7211e+05   5.97e-23
  2.8229e+05   5.67e-23
  2.9286e+05   5.39e-23
  3.0382e+05   5.12e-23
  3.1519e+05   4.87e-23
  3.2699e+05   4.62e-23
  3.3923e+05   4.39e-23
  3.5193e+05   4.17e-23
  3.6511e+05   3.96e-23
  3.7877e+05   3.75e-23
  3.9295e+05   3.56e-23
  4.0766e+05   3.38e-23
  4.2292e+05   3.21e-23
  4.3875e+05   3.04e-23
  4.5518e+05   2.88e-23
  4.7222e+05   2.73e-23
  4.8989e+05   2.59e-23
  5.0823e+05   2.46e-23
  5.2726e+05   2.33e-23
  5.4699e+05   2.21e-23
  5.6747e+05   2.10e-23
  5.8871e+05   1.99e-23
  6.1075e+05   1.89e-23
  6.3361e+05   1.79e-23
  6.5733e+05   1.70e-23
  6.8194e+05   1.61e-23
  7.0746e+05   1.53e-23
  7.3395e+05   1.46e-23
  7.6142e+05   1.38e-23
  7.8992e+05   1.32e-23
  8.1949e+05   1.25e-23
  8.5017e+05   1.19e-23
  8.8199e+05   1.13e-23
  9.1501e+05   1.08e-23
  9.4926e+05   1.03e-23
  9.8479e+05   9.83e-24
  1.0217e+06   9.38e-24
  1.0599e+06   8.95e-24
  1.0996e+06   8.56e-24
  1.1407e+06   8.18e-24
  1.1834e+06   7.83e-24
  1.2277e+06   7.50e-24
  1.2737e+06   7.18e-24
  1.3214e+06   6.88e-24
  1.3708e+06   6.60e-24
  1.4222e+06   6.34e-24
  1.4754e+06   6.09e-24
  1.5306e+06   5.85e-24
  1.5879e+06   5.63e-24
  1.6474e+06   5.41e-24
  1.7090e+06   5.21e-24
  1.7730e+06   5.02e-24
  1.8394e+06   4.83e-24
  1.9082e+06   4.66e-24
  1.9797e+06   4.49e-24
  2.0538e+06   4.33e-24
  2.1306e+06   4.17e-24
  2.2104e+06   4.02e-24
  2.2931e+06   3.88e-24
  2.3790e+06   3.74e-24
  2.4680e+06   3.61e-24
  2.5604e+06   3.48e-24
  2.6563e+06   3.35e-24
  2.7557e+06   3.22e-24
  2.8589e+06   3.10e-24
  2.9659e+06   2.99e-24
  3.0769e+06   2.87e-24
  3.1921e+06   2.76e-24
  3.3116e+06   2.65e-24
  3.4355e+06   2.54e-24
  3.5641e+06   2.43e-24
  3.6976e+06   2.33e-24
  3.8360e+06   2.23e-24
  3.9796e+06   2.13e-24
  4.1285e+06   2.03e-24
  4.2831e+06   1.93e-24
  4.4434e+06   1.83e-24
  4.6097e+06   1.74e-24
  4.7823e+06   1.65e-24
  4.9613e+06   1.56e-24
  5.1470e+06   1.47e-24
  5.3397e+06   1.38e-24
  5.5396e+06   1.29e-24
  5.7470e+06   1.21e-24
  5.9621e+06   1.13e-24
  6.1853e+06   1.05e-24
  6.4168e+06   9.73e-25
  6.6570e+06   8.99e-25
  6.9062e+06   8.26e-25
  7.1647e+06   7.57e-25
  7.4329e+06   6.91e-25
  7.7112e+06   6.27e-25
  7.9998e+06   5.66e-25
  8.2993e+06   5.09e-25
  8.6100e+06   4.54e-25
  8.9323e+06   4.03e-25
  9.2666e+06   3.55e-25
  9.6135e+06   3.10e-25
  9.9734e+06   2.68e-25
  1.0347e+07   2.31e-25
  1.0734e+07   1.96e-25
  1.1136e+07   1.65e-25
  1.1553e+07   1.37e-25
  1.1985e+07   1.13e-25
  1.2434e+07   9.14e-26
  1.2899e+07   7.29e-26
  1.3382e+07   5.73e-26
  1.3883e+07   4.41e-26
  1.4403e+07   3.32e-26
  1.4942e+07   2.45e-26
  1.5501e+07   1.76e-26
  1.6081e+07   1.23e-26
  1.6683e+07   8.33e-27
  1.7308e+07   5.43e-27
  1.7956e+07   3.40e-27
  1.8628e+07   2.03e-27
  1.9325e+07   1.16e-27
  2.0049e+07   6.19e-28
  2.0799e+07   3.10e-28
  2.1578e+07   1.44e-28
  2.2386e+07   6.13e-29
  2.3224e+07   2.35e-29
  2.4093e+07   8.05e-30
  2.4995e+07   2.41e-30
  2.5930e+07   6.15e-31
  2.6901e+07   1.30e-31
  2.7908e+07   2.22e-32
  2.8953e+07   2.92e-33
  3.0037e+07   2.81e-34
  3.1161e+07   1.90e-35
  3.2327e+07   8.17e-37
  3.3537e+07   2.05e-38
  3.4793e+07   2.76e-40
  3.6095e+07   1.67e-42
  3.7446e+07   3.78e-45
  3.8848e+07   2.64e-48
  4.0302e+07   4.08e-52
  4.1811e+07   9.44e-57
  4.3376e+07   2.07e-62
  4.5000e+07   3.11e-66
