#  E [GeV]   # per interaction  [GeV^{-1}]
  3.0000e+01   3.59e-01
  3.0854e+01   3.47e-01
  3.1733e+01   3.36e-01
  3.2636e+01   3.25e-01
  3.3566e+01   3.14e-01
  3.4521e+01   3.04e-01
  3.5504e+01   2.94e-01
  3.6515e+01   2.84e-01
  3.7555e+01   2.74e-01
  3.8625e+01   2.65e-01
  3.9724e+01   2.56e-01
  4.0855e+01   2.47e-01
  4.2019e+01   2.39e-01
  4.3215e+01   2.30e-01
  4.4446e+01   2.22e-01
  4.5711e+01   2.14e-01
  4.7013e+01   2.07e-01
  4.8352e+01   1.99e-01
  4.9728e+01   1.92e-01
  5.1144e+01   1.85e-01
  5.2601e+01   1.78e-01
  5.4099e+01   1.72e-01
  5.5639e+01   1.66e-01
  5.7223e+01   1.59e-01
  5.8853e+01   1.53e-01
  6.0528e+01   1.48e-01
  6.2252e+01   1.42e-01
  6.4025e+01   1.37e-01
  6.5848e+01   1.31e-01
  6.7723e+01   1.26e-01
  6.9651e+01   1.21e-01
  7.1634e+01   1.17e-01
  7.3674e+01   1.12e-01
  7.5772e+01   1.08e-01
  7.7929e+01   1.03e-01
  8.0148e+01   9.91e-02
  8.2431e+01   9.51e-02
  8.4778e+01   9.12e-02
  8.7192e+01   8.75e-02
  8.9674e+01   8.39e-02
  9.2228e+01   8.04e-02
  9.4854e+01   7.70e-02
  9.7555e+01   7.38e-02
  1.0033e+02   7.07e-02
  1.0319e+02   6.76e-02
  1.0613e+02   6.47e-02
  1.0915e+02   6.19e-02
  1.1226e+02   5.92e-02
  1.1545e+02   5.66e-02
  1.1874e+02   5.41e-02
  1.2212e+02   5.17e-02
  1.2560e+02   4.94e-02
  1.2918e+02   4.72e-02
  1.3286e+02   4.50e-02
  1.3664e+02   4.30e-02
  1.4053e+02   4.10e-02
  1.4453e+02   3.91e-02
  1.4865e+02   3.73e-02
  1.5288e+02   3.56e-02
  1.5723e+02   3.39e-02
  1.6171e+02   3.23e-02
  1.6631e+02   3.08e-02
  1.7105e+02   2.93e-02
  1.7592e+02   2.79e-02
  1.8093e+02   2.65e-02
  1.8608e+02   2.52e-02
  1.9138e+02   2.39e-02
  1.9683e+02   2.27e-02
  2.0243e+02   2.16e-02
  2.0820e+02   2.05e-02
  2.1413e+02   1.94e-02
  2.2022e+02   1.84e-02
  2.2649e+02   1.75e-02
  2.3294e+02   1.65e-02
  2.3958e+02   1.57e-02
  2.4640e+02   1.48e-02
  2.5341e+02   1.40e-02
  2.6063e+02   1.33e-02
  2.6805e+02   1.25e-02
  2.7568e+02   1.18e-02
  2.8353e+02   1.12e-02
  2.9161e+02   1.05e-02
  2.9991e+02   9.94e-03
  3.0845e+02   9.37e-03
  3.1723e+02   8.83e-03
  3.2627e+02   8.31e-03
  3.3556e+02   7.82e-03
  3.4511e+02   7.36e-03
  3.5494e+02   6.92e-03
  3.6504e+02   6.50e-03
  3.7544e+02   6.10e-03
  3.8613e+02   5.72e-03
  3.9712e+02   5.37e-03
  4.0843e+02   5.03e-03
  4.2006e+02   4.70e-03
  4.3202e+02   4.40e-03
  4.4432e+02   4.12e-03
  4.5698e+02   3.85e-03
  4.6999e+02   3.59e-03
  4.8337e+02   3.35e-03
  4.9713e+02   3.13e-03
  5.1129e+02   2.92e-03
  5.2585e+02   2.72e-03
  5.4082e+02   2.53e-03
  5.5622e+02   2.35e-03
  5.7206e+02   2.19e-03
  5.8835e+02   2.03e-03
  6.0510e+02   1.89e-03
  6.2233e+02   1.75e-03
  6.4005e+02   1.63e-03
  6.5828e+02   1.51e-03
  6.7702e+02   1.40e-03
  6.9630e+02   1.29e-03
  7.1613e+02   1.20e-03
  7.3652e+02   1.11e-03
  7.5749e+02   1.02e-03
  7.7906e+02   9.46e-04
  8.0124e+02   8.74e-04
  8.2406e+02   8.06e-04
  8.4752e+02   7.42e-04
  8.7165e+02   6.85e-04
  8.9647e+02   6.32e-04
  9.2200e+02   5.81e-04
  9.4825e+02   5.34e-04
  9.7526e+02   4.91e-04
  1.0030e+03   4.52e-04
  1.0316e+03   4.16e-04
  1.0610e+03   3.81e-04
  1.0912e+03   3.50e-04
  1.1222e+03   3.21e-04
  1.1542e+03   2.95e-04
  1.1871e+03   2.70e-04
  1.2209e+03   2.47e-04
  1.2556e+03   2.26e-04
  1.2914e+03   2.07e-04
  1.3281e+03   1.89e-04
  1.3660e+03   1.73e-04
  1.4049e+03   1.58e-04
  1.4449e+03   1.44e-04
  1.4860e+03   1.31e-04
  1.5283e+03   1.20e-04
  1.5718e+03   1.09e-04
  1.6166e+03   9.94e-05
  1.6626e+03   9.02e-05
  1.7100e+03   8.16e-05
  1.7587e+03   7.43e-05
  1.8087e+03   6.75e-05
  1.8602e+03   6.11e-05
  1.9132e+03   5.50e-05
  1.9677e+03   5.00e-05
  2.0237e+03   4.52e-05
  2.0813e+03   4.08e-05
  2.1406e+03   3.65e-05
  2.2016e+03   3.31e-05
  2.2642e+03   2.98e-05
  2.3287e+03   2.68e-05
  2.3950e+03   2.39e-05
  2.4632e+03   2.15e-05
  2.5334e+03   1.93e-05
  2.6055e+03   1.73e-05
  2.6797e+03   1.53e-05
  2.7560e+03   1.37e-05
  2.8345e+03   1.23e-05
  2.9152e+03   1.09e-05
  2.9982e+03   9.61e-06
  3.0836e+03   8.53e-06
  3.1714e+03   7.59e-06
  3.2617e+03   6.71e-06
  3.3545e+03   5.87e-06
  3.4501e+03   5.16e-06
  3.5483e+03   4.58e-06
  3.6493e+03   4.02e-06
  3.7532e+03   3.50e-06
  3.8601e+03   3.05e-06
  3.9700e+03   2.69e-06
  4.0831e+03   2.35e-06
  4.1993e+03   2.03e-06
  4.3189e+03   1.75e-06
  4.4419e+03   1.53e-06
  4.5684e+03   1.33e-06
  4.6985e+03   1.14e-06
  4.8322e+03   9.70e-07
  4.9698e+03   8.45e-07
  5.1114e+03   7.28e-07
  5.2569e+03   6.19e-07
  5.4066e+03   5.19e-07
  5.5605e+03   4.49e-07
  5.7189e+03   3.85e-07
  5.8817e+03   3.24e-07
  6.0492e+03   2.68e-07
  6.2214e+03   2.30e-07
  6.3986e+03   1.94e-07
  6.5808e+03   1.61e-07
  6.7682e+03   1.31e-07
  6.9609e+03   1.08e-07
  7.1591e+03   8.89e-08
  7.3630e+03   7.09e-08
  7.5726e+03   5.45e-08
  7.7882e+03   4.35e-08
  8.0100e+03   3.45e-08
