#  E [MeV]   Flux [# cm^{-2} s^{-1}  MeV^{-1}]
  3.0000e+04   1.82e-25
  3.1232e+04   1.74e-25
  3.2514e+04   1.66e-25
  3.3849e+04   1.58e-25
  3.5238e+04   1.51e-25
  3.6685e+04   1.44e-25
  3.8191e+04   1.37e-25
  3.9759e+04   1.31e-25
  4.1391e+04   1.24e-25
  4.3090e+04   1.19e-25
  4.4859e+04   1.13e-25
  4.6701e+04   1.08e-25
  4.8618e+04   1.02e-25
  5.0614e+04   9.75e-26
  5.2692e+04   9.28e-26
  5.4855e+04   8.84e-26
  5.7107e+04   8.41e-26
  5.9451e+04   8.00e-26
  6.1892e+04   7.61e-26
  6.4433e+04   7.23e-26
  6.7078e+04   6.88e-26
  6.9832e+04   6.54e-26
  7.2699e+04   6.21e-26
  7.5683e+04   5.91e-26
  7.8790e+04   5.61e-26
  8.2025e+04   5.33e-26
  8.5392e+04   5.06e-26
  8.8898e+04   4.80e-26
  9.2547e+04   4.56e-26
  9.6347e+04   4.33e-26
  1.0030e+05   4.11e-26
  1.0442e+05   3.90e-26
  1.0871e+05   3.70e-26
  1.1317e+05   3.50e-26
  1.1782e+05   3.32e-26
  1.2265e+05   3.15e-26
  1.2769e+05   2.98e-26
  1.3293e+05   2.83e-26
  1.3839e+05   2.68e-26
  1.4407e+05   2.54e-26
  1.4998e+05   2.40e-26
  1.5614e+05   2.27e-26
  1.6255e+05   2.15e-26
  1.6922e+05   2.03e-26
  1.7617e+05   1.92e-26
  1.8340e+05   1.82e-26
  1.9093e+05   1.72e-26
  1.9877e+05   1.62e-26
  2.0693e+05   1.53e-26
  2.1543e+05   1.44e-26
  2.2427e+05   1.36e-26
  2.3348e+05   1.28e-26
  2.4306e+05   1.21e-26
  2.5304e+05   1.14e-26
  2.6343e+05   1.07e-26
  2.7424e+05   1.01e-26
  2.8550e+05   9.51e-27
  2.9722e+05   8.94e-27
  3.0942e+05   8.40e-27
  3.2213e+05   7.89e-27
  3.3535e+05   7.41e-27
  3.4912e+05   6.95e-27
  3.6345e+05   6.52e-27
  3.7837e+05   6.11e-27
  3.9390e+05   5.72e-27
  4.1008e+05   5.36e-27
  4.2691e+05   5.01e-27
  4.4444e+05   4.68e-27
  4.6268e+05   4.38e-27
  4.8168e+05   4.09e-27
  5.0145e+05   3.81e-27
  5.2204e+05   3.56e-27
  5.4347e+05   3.31e-27
  5.6578e+05   3.09e-27
  5.8901e+05   2.87e-27
  6.1319e+05   2.67e-27
  6.3836e+05   2.48e-27
  6.6457e+05   2.31e-27
  6.9185e+05   2.14e-27
  7.2025e+05   1.99e-27
  7.4982e+05   1.84e-27
  7.8061e+05   1.71e-27
  8.1265e+05   1.58e-27
  8.4601e+05   1.47e-27
  8.8075e+05   1.36e-27
  9.1690e+05   1.26e-27
  9.5455e+05   1.16e-27
  9.9373e+05   1.07e-27
  1.0345e+06   9.93e-28
  1.0770e+06   9.18e-28
  1.1212e+06   8.48e-28
  1.1672e+06   7.83e-28
  1.2152e+06   7.23e-28
  1.2650e+06   6.68e-28
  1.3170e+06   6.16e-28
  1.3711e+06   5.68e-28
  1.4273e+06   5.24e-28
  1.4859e+06   4.84e-28
  1.5469e+06   4.46e-28
  1.6104e+06   4.11e-28
  1.6766e+06   3.78e-28
  1.7454e+06   3.48e-28
  1.8170e+06   3.21e-28
  1.8916e+06   2.95e-28
  1.9693e+06   2.71e-28
  2.0501e+06   2.49e-28
  2.1343e+06   2.29e-28
  2.2219e+06   2.10e-28
  2.3131e+06   1.93e-28
  2.4081e+06   1.76e-28
  2.5070e+06   1.61e-28
  2.6099e+06   1.48e-28
  2.7170e+06   1.35e-28
  2.8286e+06   1.23e-28
  2.9447e+06   1.12e-28
  3.0656e+06   1.02e-28
  3.1914e+06   9.31e-29
  3.3225e+06   8.46e-29
  3.4589e+06   7.67e-29
  3.6008e+06   6.96e-29
  3.7487e+06   6.30e-29
  3.9026e+06   5.69e-29
  4.0628e+06   5.14e-29
  4.2296e+06   4.63e-29
  4.4032e+06   4.16e-29
  4.5840e+06   3.74e-29
  4.7722e+06   3.35e-29
  4.9681e+06   2.99e-29
  5.1720e+06   2.67e-29
  5.3844e+06   2.37e-29
  5.6054e+06   2.11e-29
  5.8355e+06   1.87e-29
  6.0751e+06   1.65e-29
  6.3245e+06   1.46e-29
  6.5841e+06   1.28e-29
  6.8544e+06   1.12e-29
  7.1358e+06   9.82e-30
  7.4288e+06   8.55e-30
  7.7338e+06   7.40e-30
  8.0513e+06   6.42e-30
  8.3818e+06   5.53e-30
  8.7259e+06   4.73e-30
  9.0841e+06   4.06e-30
  9.4571e+06   3.44e-30
  9.8453e+06   2.90e-30
  1.0249e+07   2.45e-30
  1.0670e+07   2.04e-30
  1.1108e+07   1.69e-30
  1.1564e+07   1.40e-30
  1.2039e+07   1.14e-30
  1.2533e+07   9.29e-31
  1.3048e+07   7.50e-31
  1.3584e+07   5.94e-31
  1.4141e+07   4.69e-31
  1.4722e+07   3.66e-31
  1.5326e+07   2.79e-31
  1.5955e+07   2.12e-31
  1.6610e+07   1.57e-31
  1.7292e+07   1.13e-31
  1.8002e+07   8.13e-32
  1.8741e+07   5.64e-32
  1.9511e+07   3.77e-32
  2.0312e+07   2.47e-32
  2.1145e+07   1.55e-32
  2.2013e+07   9.22e-33
  2.2917e+07   5.28e-33
  2.3858e+07   2.81e-33
  2.4837e+07   1.39e-33
  2.5857e+07   6.38e-34
  2.6919e+07   2.61e-34
  2.8024e+07   9.46e-35
  2.9174e+07   2.96e-35
  3.0372e+07   7.65e-36
  3.1619e+07   1.59e-36
  3.2917e+07   2.53e-37
  3.4268e+07   2.82e-38
  3.5675e+07   2.09e-39
  3.7140e+07   9.06e-41
  3.8664e+07   1.98e-42
  4.0252e+07   1.86e-44
  4.1904e+07   5.74e-47
  4.3624e+07   4.18e-50
  4.5415e+07   4.68e-54
  4.7280e+07   4.32e-59
  4.9221e+07   1.43e-65
  5.1241e+07   3.61e-72
  5.3345e+07   3.27e-72
  5.5535e+07   2.97e-72
  5.7815e+07   2.72e-72
  6.0188e+07   2.48e-72
  6.2659e+07   2.26e-72
  6.5232e+07   2.08e-72
  6.7910e+07   1.90e-72
  7.0698e+07   1.73e-72
  7.3600e+07   1.57e-72
  7.6621e+07   1.43e-72
  7.9767e+07   1.28e-72
  8.3042e+07   1.15e-72
  8.6451e+07   1.02e-72
  9.0000e+07   9.24e-73
