#  E [GeV]   # per interaction  [GeV^{-1}]
  3.0000e+01   5.31e-01
  3.1141e+01   5.10e-01
  3.2326e+01   4.90e-01
  3.3556e+01   4.70e-01
  3.4832e+01   4.51e-01
  3.6157e+01   4.33e-01
  3.7533e+01   4.16e-01
  3.8961e+01   3.99e-01
  4.0443e+01   3.83e-01
  4.1982e+01   3.67e-01
  4.3579e+01   3.53e-01
  4.5237e+01   3.38e-01
  4.6958e+01   3.24e-01
  4.8744e+01   3.11e-01
  5.0598e+01   2.99e-01
  5.2523e+01   2.86e-01
  5.4521e+01   2.75e-01
  5.6596e+01   2.63e-01
  5.8749e+01   2.52e-01
  6.0984e+01   2.42e-01
  6.3304e+01   2.32e-01
  6.5712e+01   2.22e-01
  6.8212e+01   2.13e-01
  7.0807e+01   2.04e-01
  7.3500e+01   1.95e-01
  7.6297e+01   1.87e-01
  7.9199e+01   1.79e-01
  8.2212e+01   1.72e-01
  8.5340e+01   1.64e-01
  8.8586e+01   1.57e-01
  9.1956e+01   1.50e-01
  9.5455e+01   1.44e-01
  9.9086e+01   1.38e-01
  1.0286e+02   1.32e-01
  1.0677e+02   1.26e-01
  1.1083e+02   1.20e-01
  1.1505e+02   1.15e-01
  1.1942e+02   1.10e-01
  1.2397e+02   1.05e-01
  1.2868e+02   1.00e-01
  1.3358e+02   9.54e-02
  1.3866e+02   9.10e-02
  1.4394e+02   8.68e-02
  1.4941e+02   8.28e-02
  1.5509e+02   7.88e-02
  1.6100e+02   7.51e-02
  1.6712e+02   7.15e-02
  1.7348e+02   6.80e-02
  1.8008e+02   6.47e-02
  1.8693e+02   6.15e-02
  1.9404e+02   5.84e-02
  2.0142e+02   5.55e-02
  2.0908e+02   5.27e-02
  2.1704e+02   4.99e-02
  2.2529e+02   4.73e-02
  2.3387e+02   4.49e-02
  2.4276e+02   4.25e-02
  2.5200e+02   4.02e-02
  2.6158e+02   3.80e-02
  2.7154e+02   3.59e-02
  2.8187e+02   3.39e-02
  2.9259e+02   3.20e-02
  3.0372e+02   3.01e-02
  3.1527e+02   2.84e-02
  3.2727e+02   2.67e-02
  3.3972e+02   2.51e-02
  3.5264e+02   2.36e-02
  3.6606e+02   2.21e-02
  3.7998e+02   2.07e-02
  3.9444e+02   1.94e-02
  4.0945e+02   1.82e-02
  4.2502e+02   1.70e-02
  4.4119e+02   1.59e-02
  4.5798e+02   1.48e-02
  4.7540e+02   1.38e-02
  4.9348e+02   1.29e-02
  5.1226e+02   1.20e-02
  5.3175e+02   1.12e-02
  5.5198e+02   1.04e-02
  5.7297e+02   9.63e-03
  5.9477e+02   8.94e-03
  6.1740e+02   8.29e-03
  6.4089e+02   7.68e-03
  6.6527e+02   7.11e-03
  6.9058e+02   6.58e-03
  7.1685e+02   6.09e-03
  7.4412e+02   5.63e-03
  7.7243e+02   5.20e-03
  8.0181e+02   4.81e-03
  8.3232e+02   4.44e-03
  8.6398e+02   4.10e-03
  8.9685e+02   3.78e-03
  9.3097e+02   3.49e-03
  9.6638e+02   3.22e-03
  1.0031e+03   2.97e-03
  1.0413e+03   2.74e-03
  1.0809e+03   2.52e-03
  1.1220e+03   2.33e-03
  1.1647e+03   2.14e-03
  1.2090e+03   1.98e-03
  1.2550e+03   1.82e-03
  1.3028e+03   1.68e-03
  1.3523e+03   1.55e-03
  1.4038e+03   1.42e-03
  1.4572e+03   1.31e-03
  1.5126e+03   1.21e-03
  1.5702e+03   1.11e-03
  1.6299e+03   1.02e-03
  1.6919e+03   9.42e-04
  1.7563e+03   8.68e-04
  1.8231e+03   7.98e-04
  1.8925e+03   7.34e-04
  1.9645e+03   6.75e-04
  2.0392e+03   6.21e-04
  2.1168e+03   5.70e-04
  2.1973e+03   5.24e-04
  2.2809e+03   4.81e-04
  2.3677e+03   4.41e-04
  2.4577e+03   4.04e-04
  2.5512e+03   3.70e-04
  2.6483e+03   3.39e-04
  2.7490e+03   3.10e-04
  2.8536e+03   2.83e-04
  2.9622e+03   2.58e-04
  3.0749e+03   2.35e-04
  3.1918e+03   2.14e-04
  3.3133e+03   1.95e-04
  3.4393e+03   1.77e-04
  3.5702e+03   1.61e-04
  3.7060e+03   1.45e-04
  3.8470e+03   1.32e-04
  3.9933e+03   1.19e-04
  4.1452e+03   1.07e-04
  4.3029e+03   9.62e-05
  4.4666e+03   8.65e-05
  4.6366e+03   7.74e-05
  4.8129e+03   6.91e-05
  4.9960e+03   6.17e-05
  5.1861e+03   5.48e-05
  5.3834e+03   4.85e-05
  5.5882e+03   4.29e-05
  5.8008e+03   3.78e-05
  6.0215e+03   3.32e-05
  6.2506e+03   2.91e-05
  6.4883e+03   2.54e-05
  6.7352e+03   2.20e-05
  6.9914e+03   1.91e-05
  7.2574e+03   1.64e-05
  7.5335e+03   1.40e-05
  7.8201e+03   1.20e-05
  8.1176e+03   1.02e-05
  8.4264e+03   8.55e-06
  8.7470e+03   7.19e-06
  9.0797e+03   5.99e-06
  9.4251e+03   4.93e-06
  9.7837e+03   4.05e-06
  1.0156e+04   3.29e-06
  1.0542e+04   2.63e-06
  1.0943e+04   2.10e-06
  1.1360e+04   1.65e-06
  1.1792e+04   1.28e-06
  1.2240e+04   9.83e-07
  1.2706e+04   7.44e-07
  1.3189e+04   5.50e-07
  1.3691e+04   4.02e-07
  1.4212e+04   2.89e-07
  1.4753e+04   2.01e-07
  1.5314e+04   1.37e-07
  1.5897e+04   9.16e-08
  1.6501e+04   5.88e-08
  1.7129e+04   3.65e-08
  1.7781e+04   2.20e-08
  1.8457e+04   1.25e-08
  1.9159e+04   6.81e-09
  1.9888e+04   3.53e-09
  2.0645e+04   1.69e-09
  2.1430e+04   7.53e-10
  2.2245e+04   3.12e-10
  2.3092e+04   1.16e-10
  2.3970e+04   3.80e-11
  2.4882e+04   1.12e-11
  2.5829e+04   2.77e-12
  2.6811e+04   5.66e-13
  2.7831e+04   9.57e-14
  2.8890e+04   1.24e-14
  2.9989e+04   1.15e-15
  3.1130e+04   7.69e-17
  3.2314e+04   3.25e-18
  3.3544e+04   7.84e-20
  3.4820e+04   1.01e-21
  3.6144e+04   5.71e-24
  3.7519e+04   1.16e-26
  3.8947e+04   7.04e-30
  4.0428e+04   8.89e-34
  4.1966e+04   1.53e-38
  4.3563e+04   2.18e-44
  4.5220e+04   4.26e-48
  4.6941e+04   3.22e-48
  4.8726e+04   2.44e-48
  5.0580e+04   1.78e-48
