#  E [MeV]   Flux [# cm^{-2} s^{-1}  MeV^{-1}]
  3.0000e+04   1.39e-19
  3.0589e+04   1.37e-19
  3.1190e+04   1.36e-19
  3.1803e+04   1.34e-19
  3.2428e+04   1.33e-19
  3.3065e+04   1.31e-19
  3.3714e+04   1.30e-19
  3.4376e+04   1.28e-19
  3.5052e+04   1.27e-19
  3.5740e+04   1.25e-19
  3.6442e+04   1.24e-19
  3.7158e+04   1.23e-19
  3.7888e+04   1.21e-19
  3.8632e+04   1.20e-19
  3.9391e+04   1.19e-19
  4.0165e+04   1.17e-19
  4.0954e+04   1.16e-19
  4.1758e+04   1.15e-19
  4.2579e+04   1.13e-19
  4.3415e+04   1.12e-19
  4.4268e+04   1.11e-19
  4.5138e+04   1.09e-19
  4.6024e+04   1.08e-19
  4.6928e+04   1.07e-19
  4.7850e+04   1.06e-19
  4.8790e+04   1.05e-19
  4.9749e+04   1.03e-19
  5.0726e+04   1.02e-19
  5.1722e+04   1.01e-19
  5.2738e+04   1.00e-19
  5.3774e+04   9.88e-20
  5.4831e+04   9.77e-20
  5.5908e+04   9.66e-20
  5.7006e+04   9.54e-20
  5.8126e+04   9.43e-20
  5.9268e+04   9.33e-20
  6.0432e+04   9.22e-20
  6.1619e+04   9.11e-20
  6.2829e+04   9.00e-20
  6.4064e+04   8.90e-20
  6.5322e+04   8.79e-20
  6.6605e+04   8.69e-20
  6.7913e+04   8.58e-20
  6.9248e+04   8.48e-20
  7.0608e+04   8.38e-20
  7.1995e+04   8.27e-20
  7.3409e+04   8.17e-20
  7.4851e+04   8.07e-20
  7.6321e+04   7.96e-20
  7.7821e+04   7.86e-20
  7.9349e+04   7.76e-20
  8.0908e+04   7.66e-20
  8.2497e+04   7.56e-20
  8.4118e+04   7.46e-20
  8.5770e+04   7.37e-20
  8.7455e+04   7.27e-20
  8.9173e+04   7.17e-20
  9.0925e+04   7.08e-20
  9.2711e+04   6.98e-20
  9.4532e+04   6.89e-20
  9.6389e+04   6.79e-20
  9.8283e+04   6.70e-20
  1.0021e+05   6.61e-20
  1.0218e+05   6.51e-20
  1.0419e+05   6.42e-20
  1.0624e+05   6.33e-20
  1.0832e+05   6.23e-20
  1.1045e+05   6.14e-20
  1.1262e+05   6.06e-20
  1.1483e+05   5.97e-20
  1.1709e+05   5.87e-20
  1.1939e+05   5.79e-20
  1.2173e+05   5.70e-20
  1.2412e+05   5.61e-20
  1.2656e+05   5.53e-20
  1.2905e+05   5.44e-20
  1.3158e+05   5.35e-20
  1.3417e+05   5.27e-20
  1.3680e+05   5.18e-20
  1.3949e+05   5.10e-20
  1.4223e+05   5.02e-20
  1.4503e+05   4.93e-20
  1.4787e+05   4.85e-20
  1.5078e+05   4.76e-20
  1.5374e+05   4.68e-20
  1.5676e+05   4.60e-20
  1.5984e+05   4.52e-20
  1.6298e+05   4.44e-20
  1.6618e+05   4.36e-20
  1.6945e+05   4.28e-20
  1.7278e+05   4.20e-20
  1.7617e+05   4.12e-20
  1.7963e+05   4.04e-20
  1.8316e+05   3.96e-20
  1.8676e+05   3.89e-20
  1.9042e+05   3.81e-20
  1.9417e+05   3.73e-20
  1.9798e+05   3.66e-20
  2.0187e+05   3.59e-20
  2.0583e+05   3.51e-20
  2.0988e+05   3.44e-20
  2.1400e+05   3.36e-20
  2.1820e+05   3.29e-20
  2.2249e+05   3.22e-20
  2.2686e+05   3.15e-20
  2.3132e+05   3.08e-20
  2.3586e+05   3.01e-20
  2.4049e+05   2.94e-20
  2.4522e+05   2.87e-20
  2.5004e+05   2.81e-20
  2.5495e+05   2.74e-20
  2.5996e+05   2.67e-20
  2.6506e+05   2.61e-20
  2.7027e+05   2.54e-20
  2.7558e+05   2.48e-20
  2.8099e+05   2.42e-20
  2.8651e+05   2.36e-20
  2.9214e+05   2.29e-20
  2.9788e+05   2.23e-20
  3.0373e+05   2.17e-20
  3.0970e+05   2.11e-20
  3.1578e+05   2.05e-20
  3.2198e+05   1.99e-20
  3.2831e+05   1.93e-20
  3.3476e+05   1.88e-20
  3.4133e+05   1.82e-20
  3.4804e+05   1.77e-20
  3.5487e+05   1.71e-20
  3.6185e+05   1.66e-20
  3.6895e+05   1.61e-20
  3.7620e+05   1.55e-20
  3.8359e+05   1.50e-20
  3.9113e+05   1.45e-20
  3.9881e+05   1.41e-20
  4.0664e+05   1.36e-20
  4.1463e+05   1.31e-20
  4.2278e+05   1.26e-20
  4.3108e+05   1.22e-20
  4.3955e+05   1.18e-20
  4.4818e+05   1.13e-20
  4.5699e+05   1.09e-20
  4.6596e+05   1.05e-20
  4.7512e+05   1.01e-20
  4.8445e+05   9.69e-21
  4.9397e+05   9.31e-21
  5.0367e+05   8.94e-21
  5.1356e+05   8.57e-21
  5.2365e+05   8.22e-21
  5.3394e+05   7.87e-21
  5.4443e+05   7.53e-21
  5.5512e+05   7.21e-21
  5.6603e+05   6.89e-21
  5.7715e+05   6.57e-21
  5.8848e+05   6.26e-21
  6.0004e+05   5.96e-21
  6.1183e+05   5.67e-21
  6.2385e+05   5.39e-21
  6.3610e+05   5.12e-21
  6.4860e+05   4.86e-21
  6.6134e+05   4.61e-21
  6.7433e+05   4.36e-21
  6.8758e+05   4.13e-21
  7.0108e+05   3.90e-21
  7.1486e+05   3.68e-21
  7.2890e+05   3.47e-21
  7.4322e+05   3.27e-21
  7.5782e+05   3.08e-21
  7.7270e+05   2.89e-21
  7.8788e+05   2.71e-21
  8.0336e+05   2.54e-21
  8.1914e+05   2.38e-21
  8.3523e+05   2.23e-21
  8.5164e+05   2.09e-21
  8.6837e+05   1.95e-21
  8.8542e+05   1.81e-21
  9.0282e+05   1.68e-21
  9.2055e+05   1.57e-21
  9.3863e+05   1.46e-21
  9.5707e+05   1.35e-21
  9.7587e+05   1.25e-21
  9.9504e+05   1.15e-21
  1.0146e+06   1.06e-21
  1.0345e+06   9.79e-22
  1.0548e+06   9.03e-22
  1.0756e+06   8.30e-22
  1.0967e+06   7.60e-22
  1.1182e+06   6.92e-22
  1.1402e+06   6.34e-22
  1.1626e+06   5.85e-22
  1.1854e+06   5.37e-22
  1.2087e+06   4.91e-22
  1.2325e+06   4.46e-22
  1.2567e+06   4.03e-22
  1.2814e+06   3.70e-22
  1.3065e+06   3.43e-22
  1.3322e+06   3.16e-22
  1.3584e+06   2.91e-22
  1.3851e+06   2.66e-22
  1.4123e+06   2.42e-22
  1.4400e+06   2.27e-22
