#  E [GeV]   # per interaction  [GeV^{-1}]
  3.0000e+01   6.16e-02
  3.0411e+01   5.95e-02
  3.0828e+01   5.75e-02
  3.1250e+01   5.56e-02
  3.1678e+01   5.37e-02
  3.2112e+01   5.18e-02
  3.2552e+01   5.00e-02
  3.2998e+01   4.82e-02
  3.3450e+01   4.64e-02
  3.3909e+01   4.48e-02
  3.4373e+01   4.32e-02
  3.4844e+01   4.17e-02
  3.5322e+01   4.02e-02
  3.5806e+01   3.88e-02
  3.6296e+01   3.74e-02
  3.6794e+01   3.60e-02
  3.7298e+01   3.46e-02
  3.7809e+01   3.33e-02
  3.8327e+01   3.21e-02
  3.8852e+01   3.10e-02
  3.9384e+01   2.99e-02
  3.9924e+01   2.88e-02
  4.0471e+01   2.77e-02
  4.1025e+01   2.66e-02
  4.1587e+01   2.56e-02
  4.2157e+01   2.46e-02
  4.2735e+01   2.36e-02
  4.3320e+01   2.28e-02
  4.3914e+01   2.19e-02
  4.4516e+01   2.11e-02
  4.5125e+01   2.02e-02
  4.5744e+01   1.94e-02
  4.6370e+01   1.87e-02
  4.7006e+01   1.79e-02
  4.7650e+01   1.71e-02
  4.8303e+01   1.65e-02
  4.8965e+01   1.59e-02
  4.9635e+01   1.52e-02
  5.0315e+01   1.46e-02
  5.1005e+01   1.40e-02
  5.1704e+01   1.35e-02
  5.2412e+01   1.29e-02
  5.3130e+01   1.23e-02
  5.3858e+01   1.18e-02
  5.4596e+01   1.14e-02
  5.5344e+01   1.09e-02
  5.6102e+01   1.05e-02
  5.6871e+01   1.00e-02
  5.7650e+01   9.61e-03
  5.8440e+01   9.19e-03
  5.9241e+01   8.79e-03
  6.0053e+01   8.40e-03
  6.0875e+01   8.06e-03
  6.1709e+01   7.73e-03
  6.2555e+01   7.41e-03
  6.3412e+01   7.10e-03
  6.4281e+01   6.79e-03
  6.5162e+01   6.49e-03
  6.6054e+01   6.20e-03
  6.6959e+01   5.91e-03
  6.7877e+01   5.66e-03
  6.8807e+01   5.42e-03
  6.9750e+01   5.20e-03
  7.0705e+01   4.97e-03
  7.1674e+01   4.75e-03
  7.2656e+01   4.54e-03
  7.3652e+01   4.33e-03
  7.4661e+01   4.13e-03
  7.5684e+01   3.93e-03
  7.6721e+01   3.77e-03
  7.7772e+01   3.61e-03
  7.8837e+01   3.45e-03
  7.9917e+01   3.29e-03
  8.1012e+01   3.14e-03
  8.2122e+01   3.00e-03
  8.3248e+01   2.85e-03
  8.4388e+01   2.71e-03
  8.5544e+01   2.59e-03
  8.6717e+01   2.48e-03
  8.7905e+01   2.37e-03
  8.9109e+01   2.26e-03
  9.0330e+01   2.15e-03
  9.1568e+01   2.05e-03
  9.2822e+01   1.95e-03
  9.4094e+01   1.85e-03
  9.5383e+01   1.76e-03
  9.6690e+01   1.68e-03
  9.8015e+01   1.61e-03
  9.9358e+01   1.53e-03
  1.0072e+02   1.46e-03
  1.0210e+02   1.39e-03
  1.0350e+02   1.32e-03
  1.0492e+02   1.26e-03
  1.0635e+02   1.19e-03
  1.0781e+02   1.14e-03
  1.0929e+02   1.09e-03
  1.1079e+02   1.04e-03
  1.1230e+02   9.88e-04
  1.1384e+02   9.40e-04
  1.1540e+02   8.94e-04
  1.1698e+02   8.48e-04
  1.1859e+02   8.04e-04
  1.2021e+02   7.64e-04
  1.2186e+02   7.29e-04
  1.2353e+02   6.96e-04
  1.2522e+02   6.64e-04
  1.2694e+02   6.32e-04
  1.2867e+02   6.01e-04
  1.3044e+02   5.70e-04
  1.3222e+02   5.41e-04
  1.3404e+02   5.12e-04
  1.3587e+02   4.88e-04
  1.3773e+02   4.66e-04
  1.3962e+02   4.44e-04
  1.4153e+02   4.23e-04
  1.4347e+02   4.02e-04
  1.4544e+02   3.82e-04
  1.4743e+02   3.62e-04
  1.4945e+02   3.43e-04
  1.5150e+02   3.26e-04
  1.5358e+02   3.11e-04
  1.5568e+02   2.97e-04
  1.5781e+02   2.83e-04
  1.5997e+02   2.69e-04
  1.6217e+02   2.55e-04
  1.6439e+02   2.42e-04
  1.6664e+02   2.30e-04
  1.6892e+02   2.17e-04
  1.7124e+02   2.07e-04
  1.7358e+02   1.98e-04
  1.7596e+02   1.88e-04
  1.7837e+02   1.79e-04
  1.8082e+02   1.71e-04
  1.8330e+02   1.62e-04
  1.8581e+02   1.54e-04
  1.8835e+02   1.45e-04
  1.9093e+02   1.38e-04
  1.9355e+02   1.32e-04
  1.9620e+02   1.25e-04
  1.9889e+02   1.19e-04
  2.0161e+02   1.13e-04
  2.0438e+02   1.08e-04
  2.0718e+02   1.02e-04
  2.1002e+02   9.64e-05
  2.1289e+02   9.10e-05
  2.1581e+02   8.70e-05
  2.1877e+02   8.30e-05
  2.2176e+02   7.92e-05
  2.2480e+02   7.54e-05
  2.2788e+02   7.18e-05
  2.3101e+02   6.82e-05
  2.3417e+02   6.47e-05
  2.3738e+02   6.13e-05
  2.4063e+02   5.84e-05
  2.4393e+02   5.60e-05
  2.4727e+02   5.36e-05
  2.5066e+02   5.13e-05
  2.5409e+02   4.90e-05
  2.5757e+02   4.68e-05
  2.6110e+02   4.47e-05
  2.6468e+02   4.26e-05
  2.6831e+02   4.06e-05
  2.7198e+02   3.92e-05
  2.7571e+02   3.78e-05
  2.7949e+02   3.65e-05
  2.8332e+02   3.52e-05
  2.8720e+02   3.40e-05
  2.9113e+02   3.27e-05
  2.9512e+02   3.15e-05
  2.9917e+02   3.04e-05
  3.0327e+02   2.94e-05
  3.0742e+02   2.86e-05
  3.1163e+02   2.79e-05
  3.1590e+02   2.71e-05
  3.2023e+02   2.64e-05
  3.2462e+02   2.56e-05
  3.2907e+02   2.49e-05
  3.3357e+02   2.42e-05
  3.3814e+02   2.36e-05
  3.4278e+02   2.31e-05
  3.4747e+02   2.26e-05
  3.5223e+02   2.22e-05
  3.5706e+02   2.17e-05
  3.6195e+02   2.12e-05
  3.6691e+02   2.08e-05
  3.7194e+02   2.04e-05
  3.7704e+02   1.99e-05
  3.8220e+02   1.95e-05
  3.8744e+02   1.91e-05
  3.9275e+02   1.87e-05
  3.9813e+02   1.83e-05
  4.0358e+02   1.79e-05
  4.0911e+02   1.75e-05
  4.1472e+02   1.71e-05
  4.2040e+02   1.67e-05
  4.2616e+02   1.64e-05
  4.3200e+02   1.60e-05
  4.3792e+02   1.56e-05
  4.4392e+02   1.52e-05
  4.5000e+02   1.48e-05
