#  E [GeV]   # per interaction  [GeV^{-1}]
  3.0000e+01   2.56e-02
  3.1123e+01   2.46e-02
  3.2288e+01   2.37e-02
  3.3497e+01   2.28e-02
  3.4751e+01   2.19e-02
  3.6051e+01   2.11e-02
  3.7401e+01   2.02e-02
  3.8801e+01   1.94e-02
  4.0253e+01   1.87e-02
  4.1760e+01   1.79e-02
  4.3324e+01   1.72e-02
  4.4945e+01   1.65e-02
  4.6628e+01   1.58e-02
  4.8373e+01   1.52e-02
  5.0184e+01   1.46e-02
  5.2063e+01   1.40e-02
  5.4011e+01   1.34e-02
  5.6033e+01   1.28e-02
  5.8131e+01   1.23e-02
  6.0307e+01   1.18e-02
  6.2564e+01   1.13e-02
  6.4906e+01   1.08e-02
  6.7336e+01   1.03e-02
  6.9857e+01   9.88e-03
  7.2472e+01   9.45e-03
  7.5184e+01   9.04e-03
  7.7999e+01   8.64e-03
  8.0919e+01   8.25e-03
  8.3948e+01   7.89e-03
  8.7090e+01   7.53e-03
  9.0350e+01   7.19e-03
  9.3732e+01   6.86e-03
  9.7241e+01   6.55e-03
  1.0088e+02   6.25e-03
  1.0466e+02   5.96e-03
  1.0858e+02   5.68e-03
  1.1264e+02   5.41e-03
  1.1686e+02   5.15e-03
  1.2123e+02   4.91e-03
  1.2577e+02   4.67e-03
  1.3048e+02   4.44e-03
  1.3536e+02   4.23e-03
  1.4043e+02   4.02e-03
  1.4568e+02   3.82e-03
  1.5114e+02   3.63e-03
  1.5680e+02   3.45e-03
  1.6266e+02   3.27e-03
  1.6875e+02   3.10e-03
  1.7507e+02   2.94e-03
  1.8162e+02   2.79e-03
  1.8842e+02   2.64e-03
  1.9548e+02   2.50e-03
  2.0279e+02   2.37e-03
  2.1039e+02   2.24e-03
  2.1826e+02   2.11e-03
  2.2643e+02   2.00e-03
  2.3491e+02   1.89e-03
  2.4370e+02   1.78e-03
  2.5282e+02   1.68e-03
  2.6229e+02   1.58e-03
  2.7211e+02   1.49e-03
  2.8229e+02   1.40e-03
  2.9286e+02   1.32e-03
  3.0382e+02   1.24e-03
  3.1519e+02   1.16e-03
  3.2699e+02   1.09e-03
  3.3923e+02   1.02e-03
  3.5193e+02   9.56e-04
  3.6511e+02   8.95e-04
  3.7877e+02   8.37e-04
  3.9295e+02   7.82e-04
  4.0766e+02   7.31e-04
  4.2292e+02   6.82e-04
  4.3875e+02   6.36e-04
  4.5518e+02   5.92e-04
  4.7222e+02   5.51e-04
  4.8989e+02   5.13e-04
  5.0823e+02   4.77e-04
  5.2726e+02   4.44e-04
  5.4699e+02   4.12e-04
  5.6747e+02   3.83e-04
  5.8871e+02   3.55e-04
  6.1075e+02   3.29e-04
  6.3361e+02   3.05e-04
  6.5733e+02   2.83e-04
  6.8194e+02   2.62e-04
  7.0746e+02   2.43e-04
  7.3395e+02   2.25e-04
  7.6142e+02   2.08e-04
  7.8992e+02   1.93e-04
  8.1949e+02   1.78e-04
  8.5017e+02   1.65e-04
  8.8199e+02   1.53e-04
  9.1501e+02   1.42e-04
  9.4926e+02   1.31e-04
  9.8479e+02   1.22e-04
  1.0217e+03   1.13e-04
  1.0599e+03   1.05e-04
  1.0996e+03   9.71e-05
  1.1407e+03   9.01e-05
  1.1834e+03   8.36e-05
  1.2277e+03   7.78e-05
  1.2737e+03   7.23e-05
  1.3214e+03   6.72e-05
  1.3708e+03   6.26e-05
  1.4222e+03   5.83e-05
  1.4754e+03   5.43e-05
  1.5306e+03   5.07e-05
  1.5879e+03   4.73e-05
  1.6474e+03   4.41e-05
  1.7090e+03   4.12e-05
  1.7730e+03   3.85e-05
  1.8394e+03   3.60e-05
  1.9082e+03   3.37e-05
  1.9797e+03   3.15e-05
  2.0538e+03   2.95e-05
  2.1306e+03   2.76e-05
  2.2104e+03   2.59e-05
  2.2931e+03   2.43e-05
  2.3790e+03   2.28e-05
  2.4680e+03   2.14e-05
  2.5604e+03   2.00e-05
  2.6563e+03   1.88e-05
  2.7557e+03   1.76e-05
  2.8589e+03   1.66e-05
  2.9659e+03   1.55e-05
  3.0769e+03   1.46e-05
  3.1921e+03   1.37e-05
  3.3116e+03   1.28e-05
  3.4355e+03   1.20e-05
  3.5641e+03   1.13e-05
  3.6976e+03   1.06e-05
  3.8360e+03   9.89e-06
  3.9796e+03   9.26e-06
  4.1285e+03   8.65e-06
  4.2831e+03   8.08e-06
  4.4434e+03   7.54e-06
  4.6097e+03   7.03e-06
  4.7823e+03   6.55e-06
  4.9613e+03   6.09e-06
  5.1470e+03   5.65e-06
  5.3397e+03   5.24e-06
  5.5396e+03   4.85e-06
  5.7470e+03   4.48e-06
  5.9621e+03   4.13e-06
  6.1853e+03   3.80e-06
  6.4168e+03   3.48e-06
  6.6570e+03   3.18e-06
  6.9062e+03   2.90e-06
  7.1647e+03   2.63e-06
  7.4329e+03   2.38e-06
  7.7112e+03   2.14e-06
  7.9998e+03   1.92e-06
  8.2993e+03   1.71e-06
  8.6100e+03   1.52e-06
  8.9323e+03   1.34e-06
  9.2666e+03   1.18e-06
  9.6135e+03   1.02e-06
  9.9734e+03   8.84e-07
  1.0347e+04   7.57e-07
  1.0734e+04   6.42e-07
  1.1136e+04   5.38e-07
  1.1553e+04   4.46e-07
  1.1985e+04   3.65e-07
  1.2434e+04   2.95e-07
  1.2899e+04   2.34e-07
  1.3382e+04   1.83e-07
  1.3883e+04   1.40e-07
  1.4403e+04   1.05e-07
  1.4942e+04   7.70e-08
  1.5501e+04   5.48e-08
  1.6081e+04   3.79e-08
  1.6683e+04   2.53e-08
  1.7308e+04   1.63e-08
  1.7956e+04   1.00e-08
  1.8628e+04   5.88e-09
  1.9325e+04   3.26e-09
  2.0049e+04   1.70e-09
  2.0799e+04   8.20e-10
  2.1578e+04   3.65e-10
  2.2386e+04   1.48e-10
  2.3224e+04   5.34e-11
  2.4093e+04   1.70e-11
  2.4995e+04   4.65e-12
  2.5930e+04   1.07e-12
  2.6901e+04   2.00e-13
  2.7908e+04   2.94e-14
  2.8953e+04   3.24e-15
  3.0037e+04   2.54e-16
  3.1161e+04   1.32e-17
  3.2327e+04   4.23e-19
  3.3537e+04   7.50e-21
  3.4793e+04   6.50e-23
  3.6095e+04   2.35e-25
  3.7446e+04   2.89e-28
  3.8848e+04   9.47e-32
  4.0302e+04   5.96e-36
  4.1811e+04   4.75e-41
  4.3376e+04   1.05e-46
  4.5000e+04   9.96e-47
