#  E [GeV]   # per interaction  [GeV^{-1}]
  3.0000e+01   1.73e-02
  3.0943e+01   1.67e-02
  3.1916e+01   1.61e-02
  3.2920e+01   1.55e-02
  3.3955e+01   1.49e-02
  3.5023e+01   1.43e-02
  3.6124e+01   1.38e-02
  3.7260e+01   1.33e-02
  3.8432e+01   1.27e-02
  3.9640e+01   1.23e-02
  4.0887e+01   1.18e-02
  4.2172e+01   1.13e-02
  4.3499e+01   1.09e-02
  4.4866e+01   1.05e-02
  4.6277e+01   1.00e-02
  4.7732e+01   9.64e-03
  4.9233e+01   9.25e-03
  5.0781e+01   8.88e-03
  5.2378e+01   8.53e-03
  5.4025e+01   8.18e-03
  5.5724e+01   7.85e-03
  5.7476e+01   7.53e-03
  5.9284e+01   7.22e-03
  6.1148e+01   6.92e-03
  6.3071e+01   6.63e-03
  6.5054e+01   6.36e-03
  6.7100e+01   6.09e-03
  6.9210e+01   5.84e-03
  7.1386e+01   5.59e-03
  7.3631e+01   5.35e-03
  7.5946e+01   5.13e-03
  7.8334e+01   4.91e-03
  8.0797e+01   4.70e-03
  8.3338e+01   4.49e-03
  8.5959e+01   4.30e-03
  8.8662e+01   4.11e-03
  9.1450e+01   3.93e-03
  9.4325e+01   3.76e-03
  9.7291e+01   3.59e-03
  1.0035e+02   3.43e-03
  1.0351e+02   3.28e-03
  1.0676e+02   3.13e-03
  1.1012e+02   2.99e-03
  1.1358e+02   2.86e-03
  1.1715e+02   2.73e-03
  1.2084e+02   2.60e-03
  1.2464e+02   2.49e-03
  1.2856e+02   2.37e-03
  1.3260e+02   2.26e-03
  1.3677e+02   2.16e-03
  1.4107e+02   2.06e-03
  1.4550e+02   1.96e-03
  1.5008e+02   1.87e-03
  1.5480e+02   1.78e-03
  1.5967e+02   1.69e-03
  1.6469e+02   1.61e-03
  1.6987e+02   1.53e-03
  1.7521e+02   1.46e-03
  1.8072e+02   1.39e-03
  1.8640e+02   1.32e-03
  1.9226e+02   1.26e-03
  1.9831e+02   1.19e-03
  2.0454e+02   1.13e-03
  2.1097e+02   1.08e-03
  2.1761e+02   1.02e-03
  2.2445e+02   9.72e-04
  2.3151e+02   9.22e-04
  2.3879e+02   8.75e-04
  2.4630e+02   8.30e-04
  2.5404e+02   7.86e-04
  2.6203e+02   7.45e-04
  2.7027e+02   7.06e-04
  2.7877e+02   6.68e-04
  2.8753e+02   6.32e-04
  2.9657e+02   5.98e-04
  3.0590e+02   5.66e-04
  3.1552e+02   5.35e-04
  3.2544e+02   5.05e-04
  3.3567e+02   4.77e-04
  3.4623e+02   4.50e-04
  3.5712e+02   4.25e-04
  3.6835e+02   4.00e-04
  3.7993e+02   3.77e-04
  3.9188e+02   3.56e-04
  4.0420e+02   3.35e-04
  4.1691e+02   3.15e-04
  4.3002e+02   2.97e-04
  4.4354e+02   2.79e-04
  4.5749e+02   2.62e-04
  4.7187e+02   2.47e-04
  4.8671e+02   2.32e-04
  5.0202e+02   2.18e-04
  5.1780e+02   2.04e-04
  5.3409e+02   1.92e-04
  5.5088e+02   1.80e-04
  5.6820e+02   1.69e-04
  5.8607e+02   1.58e-04
  6.0450e+02   1.49e-04
  6.2351e+02   1.39e-04
  6.4311e+02   1.31e-04
  6.6334e+02   1.23e-04
  6.8419e+02   1.15e-04
  7.0571e+02   1.08e-04
  7.2790e+02   1.01e-04
  7.5079e+02   9.50e-05
  7.7440e+02   8.91e-05
  7.9875e+02   8.36e-05
  8.2387e+02   7.84e-05
  8.4977e+02   7.37e-05
  8.7649e+02   6.92e-05
  9.0405e+02   6.50e-05
  9.3248e+02   6.11e-05
  9.6180e+02   5.75e-05
  9.9205e+02   5.40e-05
  1.0232e+03   5.08e-05
  1.0554e+03   4.79e-05
  1.0886e+03   4.51e-05
  1.1228e+03   4.25e-05
  1.1581e+03   4.00e-05
  1.1946e+03   3.78e-05
  1.2321e+03   3.57e-05
  1.2709e+03   3.37e-05
  1.3108e+03   3.18e-05
  1.3521e+03   3.01e-05
  1.3946e+03   2.84e-05
  1.4384e+03   2.69e-05
  1.4837e+03   2.55e-05
  1.5303e+03   2.41e-05
  1.5784e+03   2.29e-05
  1.6281e+03   2.17e-05
  1.6793e+03   2.06e-05
  1.7321e+03   1.95e-05
  1.7865e+03   1.85e-05
  1.8427e+03   1.76e-05
  1.9006e+03   1.67e-05
  1.9604e+03   1.59e-05
  2.0221e+03   1.51e-05
  2.0856e+03   1.44e-05
  2.1512e+03   1.37e-05
  2.2189e+03   1.30e-05
  2.2886e+03   1.24e-05
  2.3606e+03   1.18e-05
  2.4348e+03   1.12e-05
  2.5114e+03   1.07e-05
  2.5904e+03   1.01e-05
  2.6718e+03   9.64e-06
  2.7558e+03   9.17e-06
  2.8425e+03   8.73e-06
  2.9319e+03   8.30e-06
  3.0241e+03   7.88e-06
  3.1192e+03   7.49e-06
  3.2173e+03   7.11e-06
  3.3184e+03   6.75e-06
  3.4228e+03   6.40e-06
  3.5304e+03   6.06e-06
  3.6414e+03   5.74e-06
  3.7559e+03   5.43e-06
  3.8740e+03   5.13e-06
  3.9958e+03   4.84e-06
  4.1215e+03   4.57e-06
  4.2511e+03   4.30e-06
  4.3848e+03   4.05e-06
  4.5227e+03   3.80e-06
  4.6649e+03   3.57e-06
  4.8116e+03   3.34e-06
  4.9629e+03   3.13e-06
  5.1189e+03   2.92e-06
  5.2799e+03   2.72e-06
  5.4459e+03   2.53e-06
  5.6171e+03   2.35e-06
  5.7938e+03   2.17e-06
  5.9760e+03   2.01e-06
  6.1639e+03   1.85e-06
  6.3577e+03   1.70e-06
  6.5576e+03   1.56e-06
  6.7638e+03   1.42e-06
  6.9765e+03   1.30e-06
  7.1959e+03   1.18e-06
  7.4222e+03   1.06e-06
  7.6556e+03   9.59e-07
  7.8963e+03   8.60e-07
  8.1446e+03   7.68e-07
  8.4007e+03   6.82e-07
  8.6649e+03   6.03e-07
  8.9373e+03   5.30e-07
  9.2184e+03   4.63e-07
  9.5082e+03   4.02e-07
  9.8072e+03   3.47e-07
  1.0116e+04   2.97e-07
  1.0434e+04   2.52e-07
  1.0762e+04   2.12e-07
  1.1100e+04   1.76e-07
  1.1449e+04   1.46e-07
  1.1809e+04   1.19e-07
  1.2181e+04   9.54e-08
  1.2564e+04   7.57e-08
  1.2959e+04   5.93e-08
  1.3366e+04   4.58e-08
  1.3786e+04   3.49e-08
  1.4220e+04   2.61e-08
