#  E [GeV]   # per interaction  [GeV^{-1}]
  3.0000e+01   3.28e-01
  3.0782e+01   3.17e-01
  3.1585e+01   3.07e-01
  3.2409e+01   2.97e-01
  3.3255e+01   2.87e-01
  3.4122e+01   2.78e-01
  3.5012e+01   2.69e-01
  3.5925e+01   2.60e-01
  3.6862e+01   2.51e-01
  3.7824e+01   2.43e-01
  3.8810e+01   2.34e-01
  3.9822e+01   2.26e-01
  4.0861e+01   2.19e-01
  4.1927e+01   2.11e-01
  4.3021e+01   2.04e-01
  4.4143e+01   1.97e-01
  4.5294e+01   1.90e-01
  4.6475e+01   1.83e-01
  4.7688e+01   1.77e-01
  4.8931e+01   1.70e-01
  5.0208e+01   1.64e-01
  5.1517e+01   1.58e-01
  5.2861e+01   1.52e-01
  5.4240e+01   1.47e-01
  5.5654e+01   1.41e-01
  5.7106e+01   1.36e-01
  5.8596e+01   1.31e-01
  6.0124e+01   1.26e-01
  6.1692e+01   1.21e-01
  6.3301e+01   1.17e-01
  6.4952e+01   1.12e-01
  6.6647e+01   1.08e-01
  6.8385e+01   1.04e-01
  7.0169e+01   9.97e-02
  7.1999e+01   9.58e-02
  7.3877e+01   9.21e-02
  7.5804e+01   8.84e-02
  7.7781e+01   8.49e-02
  7.9810e+01   8.15e-02
  8.1891e+01   7.82e-02
  8.4027e+01   7.51e-02
  8.6219e+01   7.20e-02
  8.8468e+01   6.91e-02
  9.0775e+01   6.63e-02
  9.3143e+01   6.35e-02
  9.5572e+01   6.09e-02
  9.8065e+01   5.84e-02
  1.0062e+02   5.59e-02
  1.0325e+02   5.36e-02
  1.0594e+02   5.13e-02
  1.0870e+02   4.91e-02
  1.1154e+02   4.70e-02
  1.1445e+02   4.50e-02
  1.1743e+02   4.30e-02
  1.2050e+02   4.12e-02
  1.2364e+02   3.94e-02
  1.2686e+02   3.76e-02
  1.3017e+02   3.60e-02
  1.3357e+02   3.43e-02
  1.3705e+02   3.28e-02
  1.4063e+02   3.13e-02
  1.4429e+02   2.99e-02
  1.4806e+02   2.85e-02
  1.5192e+02   2.72e-02
  1.5588e+02   2.59e-02
  1.5995e+02   2.47e-02
  1.6412e+02   2.36e-02
  1.6840e+02   2.24e-02
  1.7279e+02   2.14e-02
  1.7730e+02   2.03e-02
  1.8193e+02   1.94e-02
  1.8667e+02   1.84e-02
  1.9154e+02   1.75e-02
  1.9654e+02   1.67e-02
  2.0166e+02   1.59e-02
  2.0692e+02   1.51e-02
  2.1232e+02   1.43e-02
  2.1786e+02   1.36e-02
  2.2354e+02   1.29e-02
  2.2937e+02   1.23e-02
  2.3535e+02   1.16e-02
  2.4149e+02   1.10e-02
  2.4779e+02   1.04e-02
  2.5425e+02   9.91e-03
  2.6088e+02   9.38e-03
  2.6769e+02   8.88e-03
  2.7467e+02   8.40e-03
  2.8184e+02   7.95e-03
  2.8919e+02   7.52e-03
  2.9673e+02   7.11e-03
  3.0447e+02   6.72e-03
  3.1241e+02   6.34e-03
  3.2056e+02   5.99e-03
  3.2892e+02   5.66e-03
  3.3750e+02   5.34e-03
  3.4630e+02   5.03e-03
  3.5533e+02   4.74e-03
  3.6460e+02   4.47e-03
  3.7411e+02   4.21e-03
  3.8387e+02   3.96e-03
  3.9388e+02   3.72e-03
  4.0416e+02   3.51e-03
  4.1470e+02   3.30e-03
  4.2551e+02   3.10e-03
  4.3661e+02   2.91e-03
  4.4800e+02   2.73e-03
  4.5969e+02   2.56e-03
  4.7168e+02   2.40e-03
  4.8398e+02   2.25e-03
  4.9660e+02   2.11e-03
  5.0956e+02   1.98e-03
  5.2285e+02   1.85e-03
  5.3648e+02   1.73e-03
  5.5048e+02   1.61e-03
  5.6483e+02   1.51e-03
  5.7957e+02   1.41e-03
  5.9468e+02   1.32e-03
  6.1020e+02   1.23e-03
  6.2611e+02   1.14e-03
  6.4244e+02   1.07e-03
  6.5920e+02   9.92e-04
  6.7639e+02   9.23e-04
  6.9403e+02   8.56e-04
  7.1214e+02   7.97e-04
  7.3071e+02   7.41e-04
  7.4977e+02   6.88e-04
  7.6933e+02   6.37e-04
  7.8939e+02   5.91e-04
  8.0998e+02   5.49e-04
  8.3111e+02   5.08e-04
  8.5279e+02   4.70e-04
  8.7503e+02   4.34e-04
  8.9785e+02   4.02e-04
  9.2127e+02   3.72e-04
  9.4530e+02   3.43e-04
  9.6996e+02   3.16e-04
  9.9526e+02   2.91e-04
  1.0212e+03   2.68e-04
  1.0479e+03   2.47e-04
  1.0752e+03   2.27e-04
  1.1032e+03   2.08e-04
  1.1320e+03   1.91e-04
  1.1615e+03   1.76e-04
  1.1918e+03   1.61e-04
  1.2229e+03   1.47e-04
  1.2548e+03   1.34e-04
  1.2875e+03   1.23e-04
  1.3211e+03   1.13e-04
  1.3556e+03   1.03e-04
  1.3909e+03   9.30e-05
  1.4272e+03   8.52e-05
  1.4644e+03   7.78e-05
  1.5026e+03   7.07e-05
  1.5418e+03   6.39e-05
  1.5820e+03   5.80e-05
  1.6233e+03   5.28e-05
  1.6657e+03   4.79e-05
  1.7091e+03   4.32e-05
  1.7537e+03   3.88e-05
  1.7994e+03   3.53e-05
  1.8464e+03   3.19e-05
  1.8945e+03   2.88e-05
  1.9439e+03   2.57e-05
  1.9946e+03   2.31e-05
  2.0467e+03   2.09e-05
  2.1000e+03   1.87e-05
  2.1548e+03   1.67e-05
  2.2110e+03   1.48e-05
  2.2687e+03   1.33e-05
  2.3279e+03   1.19e-05
  2.3886e+03   1.06e-05
  2.4509e+03   9.31e-06
  2.5148e+03   8.29e-06
  2.5804e+03   7.41e-06
  2.6477e+03   6.57e-06
  2.7168e+03   5.78e-06
  2.7876e+03   5.05e-06
  2.8603e+03   4.51e-06
  2.9349e+03   4.00e-06
  3.0115e+03   3.52e-06
  3.0900e+03   3.05e-06
  3.1706e+03   2.69e-06
  3.2533e+03   2.38e-06
  3.3382e+03   2.09e-06
  3.4253e+03   1.81e-06
  3.5146e+03   1.56e-06
  3.6063e+03   1.38e-06
  3.7003e+03   1.21e-06
  3.7969e+03   1.05e-06
  3.8959e+03   8.92e-07
  3.9975e+03   7.77e-07
  4.1018e+03   6.77e-07
  4.2088e+03   5.82e-07
  4.3185e+03   4.91e-07
  4.4312e+03   4.13e-07
  4.5467e+03   3.55e-07
  4.6653e+03   2.99e-07
  4.7870e+03   2.47e-07
  4.9119e+03   1.97e-07
  5.0400e+03   1.66e-07
