#  E [MeV]   Flux [# cm^{-2} s^{-1}  MeV^{-1}]
  3.0000e+04   5.41e-24
  3.0872e+04   5.20e-24
  3.1770e+04   5.01e-24
  3.2694e+04   4.83e-24
  3.3644e+04   4.65e-24
  3.4623e+04   4.47e-24
  3.5629e+04   4.30e-24
  3.6665e+04   4.14e-24
  3.7731e+04   3.99e-24
  3.8829e+04   3.84e-24
  3.9958e+04   3.69e-24
  4.1119e+04   3.55e-24
  4.2315e+04   3.42e-24
  4.3545e+04   3.29e-24
  4.4812e+04   3.16e-24
  4.6115e+04   3.04e-24
  4.7456e+04   2.92e-24
  4.8835e+04   2.81e-24
  5.0255e+04   2.70e-24
  5.1717e+04   2.60e-24
  5.3220e+04   2.50e-24
  5.4768e+04   2.40e-24
  5.6360e+04   2.30e-24
  5.7999e+04   2.21e-24
  5.9686e+04   2.13e-24
  6.1421e+04   2.04e-24
  6.3207e+04   1.96e-24
  6.5045e+04   1.88e-24
  6.6936e+04   1.81e-24
  6.8882e+04   1.73e-24
  7.0885e+04   1.66e-24
  7.2947e+04   1.60e-24
  7.5068e+04   1.53e-24
  7.7250e+04   1.47e-24
  7.9496e+04   1.41e-24
  8.1808e+04   1.35e-24
  8.4187e+04   1.29e-24
  8.6635e+04   1.24e-24
  8.9154e+04   1.18e-24
  9.1746e+04   1.13e-24
  9.4414e+04   1.08e-24
  9.7159e+04   1.04e-24
  9.9984e+04   9.90e-25
  1.0289e+05   9.46e-25
  1.0588e+05   9.04e-25
  1.0896e+05   8.63e-25
  1.1213e+05   8.23e-25
  1.1539e+05   7.85e-25
  1.1875e+05   7.48e-25
  1.2220e+05   7.13e-25
  1.2575e+05   6.79e-25
  1.2941e+05   6.47e-25
  1.3317e+05   6.15e-25
  1.3704e+05   5.86e-25
  1.4103e+05   5.58e-25
  1.4513e+05   5.31e-25
  1.4935e+05   5.05e-25
  1.5369e+05   4.80e-25
  1.5816e+05   4.57e-25
  1.6276e+05   4.34e-25
  1.6749e+05   4.13e-25
  1.7236e+05   3.92e-25
  1.7737e+05   3.73e-25
  1.8253e+05   3.54e-25
  1.8784e+05   3.36e-25
  1.9330e+05   3.19e-25
  1.9892e+05   3.02e-25
  2.0470e+05   2.86e-25
  2.1066e+05   2.71e-25
  2.1678e+05   2.57e-25
  2.2309e+05   2.43e-25
  2.2957e+05   2.30e-25
  2.3625e+05   2.17e-25
  2.4312e+05   2.05e-25
  2.5019e+05   1.94e-25
  2.5746e+05   1.83e-25
  2.6495e+05   1.72e-25
  2.7265e+05   1.62e-25
  2.8058e+05   1.53e-25
  2.8874e+05   1.44e-25
  2.9713e+05   1.35e-25
  3.0577e+05   1.27e-25
  3.1466e+05   1.20e-25
  3.2381e+05   1.12e-25
  3.3323e+05   1.05e-25
  3.4292e+05   9.86e-26
  3.5289e+05   9.23e-26
  3.6315e+05   8.64e-26
  3.7371e+05   8.08e-26
  3.8457e+05   7.54e-26
  3.9576e+05   7.05e-26
  4.0726e+05   6.57e-26
  4.1911e+05   6.12e-26
  4.3129e+05   5.70e-26
  4.4383e+05   5.30e-26
  4.5674e+05   4.93e-26
  4.7002e+05   4.57e-26
  4.8368e+05   4.24e-26
  4.9775e+05   3.93e-26
  5.1222e+05   3.64e-26
  5.2712e+05   3.37e-26
  5.4244e+05   3.11e-26
  5.5821e+05   2.87e-26
  5.7445e+05   2.65e-26
  5.9115e+05   2.44e-26
  6.0834e+05   2.25e-26
  6.2603e+05   2.07e-26
  6.4423e+05   1.91e-26
  6.6296e+05   1.75e-26
  6.8224e+05   1.60e-26
  7.0208e+05   1.47e-26
  7.2249e+05   1.35e-26
  7.4350e+05   1.23e-26
  7.6512e+05   1.13e-26
  7.8736e+05   1.03e-26
  8.1026e+05   9.42e-27
  8.3382e+05   8.58e-27
  8.5806e+05   7.81e-27
  8.8301e+05   7.12e-27
  9.0869e+05   6.48e-27
  9.3511e+05   5.87e-27
  9.6230e+05   5.32e-27
  9.9028e+05   4.84e-27
  1.0191e+06   4.39e-27
  1.0487e+06   3.96e-27
  1.0792e+06   3.58e-27
  1.1106e+06   3.24e-27
  1.1429e+06   2.93e-27
  1.1761e+06   2.64e-27
  1.2103e+06   2.37e-27
  1.2455e+06   2.15e-27
  1.2817e+06   1.93e-27
  1.3190e+06   1.73e-27
  1.3573e+06   1.55e-27
  1.3968e+06   1.40e-27
  1.4374e+06   1.26e-27
  1.4792e+06   1.13e-27
  1.5222e+06   1.00e-27
  1.5665e+06   9.03e-28
  1.6120e+06   8.08e-28
  1.6589e+06   7.20e-28
  1.7071e+06   6.39e-28
  1.7568e+06   5.73e-28
  1.8079e+06   5.11e-28
  1.8604e+06   4.52e-28
  1.9145e+06   3.99e-28
  1.9702e+06   3.57e-28
  2.0275e+06   3.17e-28
  2.0864e+06   2.80e-28
  2.1471e+06   2.46e-28
  2.2095e+06   2.19e-28
  2.2738e+06   1.94e-28
  2.3399e+06   1.71e-28
  2.4079e+06   1.49e-28
  2.4779e+06   1.33e-28
  2.5500e+06   1.17e-28
  2.6241e+06   1.02e-28
  2.7004e+06   8.90e-29
  2.7790e+06   7.89e-29
  2.8598e+06   6.94e-29
  2.9429e+06   6.04e-29
  3.0285e+06   5.22e-29
  3.1165e+06   4.62e-29
  3.2072e+06   4.06e-29
  3.3004e+06   3.52e-29
  3.3964e+06   3.03e-29
  3.4951e+06   2.68e-29
  3.5968e+06   2.34e-29
  3.7013e+06   2.03e-29
  3.8090e+06   1.74e-29
  3.9197e+06   1.54e-29
  4.0337e+06   1.35e-29
  4.1510e+06   1.17e-29
  4.2717e+06   1.00e-29
  4.3959e+06   8.87e-30
  4.5237e+06   7.80e-30
  4.6552e+06   6.79e-30
  4.7906e+06   5.86e-30
  4.9299e+06   5.21e-30
  5.0732e+06   4.60e-30
  5.2208e+06   4.03e-30
  5.3726e+06   3.50e-30
  5.5288e+06   3.14e-30
  5.6895e+06   2.80e-30
  5.8550e+06   2.49e-30
  6.0252e+06   2.19e-30
  6.2004e+06   1.98e-30
  6.3807e+06   1.78e-30
  6.5662e+06   1.59e-30
  6.7572e+06   1.41e-30
  6.9536e+06   1.27e-30
  7.1558e+06   1.13e-30
  7.3639e+06   1.00e-30
  7.5780e+06   8.85e-31
  7.7984e+06   7.81e-31
  8.0251e+06   6.85e-31
  8.2585e+06   5.96e-31
  8.4986e+06   5.15e-31
  8.7457e+06   4.55e-31
  9.0000e+06   3.99e-31
