#  E [GeV]   # per interaction  [GeV^{-1}]
  3.0000e+01   5.61e-01
  3.0943e+01   5.42e-01
  3.1916e+01   5.25e-01
  3.2920e+01   5.07e-01
  3.3955e+01   4.91e-01
  3.5023e+01   4.74e-01
  3.6124e+01   4.58e-01
  3.7260e+01   4.43e-01
  3.8432e+01   4.28e-01
  3.9640e+01   4.14e-01
  4.0887e+01   3.99e-01
  4.2172e+01   3.86e-01
  4.3499e+01   3.73e-01
  4.4866e+01   3.60e-01
  4.6277e+01   3.47e-01
  4.7732e+01   3.35e-01
  4.9233e+01   3.23e-01
  5.0781e+01   3.11e-01
  5.2378e+01   3.00e-01
  5.4025e+01   2.89e-01
  5.5724e+01   2.79e-01
  5.7476e+01   2.68e-01
  5.9284e+01   2.59e-01
  6.1148e+01   2.49e-01
  6.3071e+01   2.40e-01
  6.5054e+01   2.31e-01
  6.7100e+01   2.22e-01
  6.9210e+01   2.13e-01
  7.1386e+01   2.05e-01
  7.3631e+01   1.97e-01
  7.5946e+01   1.89e-01
  7.8334e+01   1.82e-01
  8.0797e+01   1.75e-01
  8.3338e+01   1.68e-01
  8.5959e+01   1.61e-01
  8.8662e+01   1.55e-01
  9.1450e+01   1.48e-01
  9.4325e+01   1.42e-01
  9.7291e+01   1.36e-01
  1.0035e+02   1.30e-01
  1.0351e+02   1.25e-01
  1.0676e+02   1.20e-01
  1.1012e+02   1.14e-01
  1.1358e+02   1.10e-01
  1.1715e+02   1.05e-01
  1.2084e+02   1.00e-01
  1.2464e+02   9.57e-02
  1.2856e+02   9.14e-02
  1.3260e+02   8.73e-02
  1.3677e+02   8.33e-02
  1.4107e+02   7.95e-02
  1.4550e+02   7.58e-02
  1.5008e+02   7.23e-02
  1.5480e+02   6.89e-02
  1.5967e+02   6.56e-02
  1.6469e+02   6.25e-02
  1.6987e+02   5.95e-02
  1.7521e+02   5.66e-02
  1.8072e+02   5.38e-02
  1.8640e+02   5.11e-02
  1.9226e+02   4.86e-02
  1.9831e+02   4.61e-02
  2.0454e+02   4.38e-02
  2.1097e+02   4.16e-02
  2.1761e+02   3.94e-02
  2.2445e+02   3.74e-02
  2.3151e+02   3.55e-02
  2.3879e+02   3.36e-02
  2.4630e+02   3.18e-02
  2.5404e+02   3.01e-02
  2.6203e+02   2.85e-02
  2.7027e+02   2.70e-02
  2.7877e+02   2.55e-02
  2.8753e+02   2.41e-02
  2.9657e+02   2.28e-02
  3.0590e+02   2.15e-02
  3.1552e+02   2.03e-02
  3.2544e+02   1.92e-02
  3.3567e+02   1.81e-02
  3.4623e+02   1.70e-02
  3.5712e+02   1.60e-02
  3.6835e+02   1.51e-02
  3.7993e+02   1.42e-02
  3.9188e+02   1.34e-02
  4.0420e+02   1.26e-02
  4.1691e+02   1.18e-02
  4.3002e+02   1.11e-02
  4.4354e+02   1.04e-02
  4.5749e+02   9.74e-03
  4.7187e+02   9.13e-03
  4.8671e+02   8.54e-03
  5.0202e+02   8.00e-03
  5.1780e+02   7.48e-03
  5.3409e+02   7.00e-03
  5.5088e+02   6.53e-03
  5.6820e+02   6.10e-03
  5.8607e+02   5.70e-03
  6.0450e+02   5.31e-03
  6.2351e+02   4.95e-03
  6.4311e+02   4.61e-03
  6.6334e+02   4.29e-03
  6.8419e+02   3.99e-03
  7.0571e+02   3.71e-03
  7.2790e+02   3.45e-03
  7.5079e+02   3.20e-03
  7.7440e+02   2.97e-03
  7.9875e+02   2.75e-03
  8.2387e+02   2.55e-03
  8.4977e+02   2.36e-03
  8.7649e+02   2.18e-03
  9.0405e+02   2.02e-03
  9.3248e+02   1.87e-03
  9.6180e+02   1.72e-03
  9.9205e+02   1.59e-03
  1.0232e+03   1.47e-03
  1.0554e+03   1.35e-03
  1.0886e+03   1.24e-03
  1.1228e+03   1.14e-03
  1.1581e+03   1.05e-03
  1.1946e+03   9.68e-04
  1.2321e+03   8.87e-04
  1.2709e+03   8.15e-04
  1.3108e+03   7.48e-04
  1.3521e+03   6.85e-04
  1.3946e+03   6.25e-04
  1.4384e+03   5.74e-04
  1.4837e+03   5.25e-04
  1.5303e+03   4.79e-04
  1.5784e+03   4.36e-04
  1.6281e+03   3.99e-04
  1.6793e+03   3.64e-04
  1.7321e+03   3.30e-04
  1.7865e+03   3.01e-04
  1.8427e+03   2.74e-04
  1.9006e+03   2.49e-04
  1.9604e+03   2.25e-04
  2.0221e+03   2.05e-04
  2.0856e+03   1.86e-04
  2.1512e+03   1.69e-04
  2.2189e+03   1.52e-04
  2.2886e+03   1.38e-04
  2.3606e+03   1.25e-04
  2.4348e+03   1.13e-04
  2.5114e+03   1.02e-04
  2.5904e+03   9.21e-05
  2.6718e+03   8.30e-05
  2.7558e+03   7.44e-05
  2.8425e+03   6.71e-05
  2.9319e+03   6.05e-05
  3.0241e+03   5.43e-05
  3.1192e+03   4.84e-05
  3.2173e+03   4.37e-05
  3.3184e+03   3.93e-05
  3.4228e+03   3.50e-05
  3.5304e+03   3.12e-05
  3.6414e+03   2.81e-05
  3.7559e+03   2.51e-05
  3.8740e+03   2.23e-05
  3.9958e+03   1.99e-05
  4.1215e+03   1.79e-05
  4.2511e+03   1.59e-05
  4.3848e+03   1.41e-05
  4.5227e+03   1.26e-05
  4.6649e+03   1.12e-05
  4.8116e+03   9.98e-06
  4.9629e+03   8.80e-06
  5.1189e+03   7.88e-06
  5.2799e+03   7.02e-06
  5.4459e+03   6.20e-06
  5.6171e+03   5.48e-06
  5.7938e+03   4.90e-06
  5.9760e+03   4.35e-06
  6.1639e+03   3.84e-06
  6.3577e+03   3.40e-06
  6.5576e+03   3.02e-06
  6.7638e+03   2.66e-06
  6.9765e+03   2.32e-06
  7.1959e+03   2.07e-06
  7.4222e+03   1.83e-06
  7.6556e+03   1.61e-06
  7.8963e+03   1.42e-06
  8.1446e+03   1.27e-06
  8.4007e+03   1.13e-06
  8.6649e+03   9.95e-07
  8.9373e+03   8.88e-07
  9.2184e+03   8.02e-07
  9.5082e+03   7.21e-07
  9.8072e+03   6.45e-07
  1.0116e+04   5.88e-07
  1.0434e+04   5.36e-07
  1.0762e+04   4.88e-07
  1.1100e+04   4.43e-07
  1.1449e+04   4.12e-07
  1.1809e+04   3.82e-07
  1.2181e+04   3.54e-07
  1.2564e+04   3.29e-07
  1.2959e+04   3.08e-07
  1.3366e+04   2.87e-07
  1.3786e+04   2.68e-07
  1.4220e+04   2.50e-07
