#  E [MeV]   Flux [# cm^{-2} s^{-1}  MeV^{-1}]
  3.0000e+04   5.54e-19
  3.0943e+04   5.36e-19
  3.1916e+04   5.18e-19
  3.2920e+04   5.01e-19
  3.3955e+04   4.85e-19
  3.5023e+04   4.69e-19
  3.6124e+04   4.53e-19
  3.7260e+04   4.38e-19
  3.8432e+04   4.23e-19
  3.9640e+04   4.09e-19
  4.0887e+04   3.95e-19
  4.2172e+04   3.81e-19
  4.3499e+04   3.68e-19
  4.4866e+04   3.55e-19
  4.6277e+04   3.43e-19
  4.7732e+04   3.31e-19
  4.9233e+04   3.19e-19
  5.0781e+04   3.07e-19
  5.2378e+04   2.96e-19
  5.4025e+04   2.86e-19
  5.5724e+04   2.75e-19
  5.7476e+04   2.65e-19
  5.9284e+04   2.55e-19
  6.1148e+04   2.46e-19
  6.3071e+04   2.37e-19
  6.5054e+04   2.28e-19
  6.7100e+04   2.19e-19
  6.9210e+04   2.11e-19
  7.1386e+04   2.03e-19
  7.3631e+04   1.95e-19
  7.5946e+04   1.87e-19
  7.8334e+04   1.80e-19
  8.0797e+04   1.73e-19
  8.3338e+04   1.66e-19
  8.5959e+04   1.59e-19
  8.8662e+04   1.53e-19
  9.1450e+04   1.46e-19
  9.4325e+04   1.40e-19
  9.7291e+04   1.35e-19
  1.0035e+05   1.29e-19
  1.0351e+05   1.23e-19
  1.0676e+05   1.18e-19
  1.1012e+05   1.13e-19
  1.1358e+05   1.08e-19
  1.1715e+05   1.03e-19
  1.2084e+05   9.89e-20
  1.2464e+05   9.45e-20
  1.2856e+05   9.03e-20
  1.3260e+05   8.62e-20
  1.3677e+05   8.23e-20
  1.4107e+05   7.85e-20
  1.4550e+05   7.49e-20
  1.5008e+05   7.14e-20
  1.5480e+05   6.80e-20
  1.5967e+05   6.48e-20
  1.6469e+05   6.17e-20
  1.6987e+05   5.87e-20
  1.7521e+05   5.59e-20
  1.8072e+05   5.31e-20
  1.8640e+05   5.05e-20
  1.9226e+05   4.80e-20
  1.9831e+05   4.56e-20
  2.0454e+05   4.33e-20
  2.1097e+05   4.11e-20
  2.1761e+05   3.89e-20
  2.2445e+05   3.69e-20
  2.3151e+05   3.50e-20
  2.3879e+05   3.32e-20
  2.4630e+05   3.14e-20
  2.5404e+05   2.98e-20
  2.6203e+05   2.82e-20
  2.7027e+05   2.67e-20
  2.7877e+05   2.52e-20
  2.8753e+05   2.38e-20
  2.9657e+05   2.25e-20
  3.0590e+05   2.13e-20
  3.1552e+05   2.01e-20
  3.2544e+05   1.89e-20
  3.3567e+05   1.79e-20
  3.4623e+05   1.68e-20
  3.5712e+05   1.59e-20
  3.6835e+05   1.49e-20
  3.7993e+05   1.40e-20
  3.9188e+05   1.32e-20
  4.0420e+05   1.24e-20
  4.1691e+05   1.17e-20
  4.3002e+05   1.09e-20
  4.4354e+05   1.03e-20
  4.5749e+05   9.62e-21
  4.7187e+05   9.01e-21
  4.8671e+05   8.44e-21
  5.0202e+05   7.90e-21
  5.1780e+05   7.39e-21
  5.3409e+05   6.91e-21
  5.5088e+05   6.45e-21
  5.6820e+05   6.03e-21
  5.8607e+05   5.63e-21
  6.0450e+05   5.25e-21
  6.2351e+05   4.89e-21
  6.4311e+05   4.56e-21
  6.6334e+05   4.24e-21
  6.8419e+05   3.94e-21
  7.0571e+05   3.66e-21
  7.2790e+05   3.41e-21
  7.5079e+05   3.16e-21
  7.7440e+05   2.93e-21
  7.9875e+05   2.72e-21
  8.2387e+05   2.52e-21
  8.4977e+05   2.33e-21
  8.7649e+05   2.15e-21
  9.0405e+05   1.99e-21
  9.3248e+05   1.84e-21
  9.6180e+05   1.70e-21
  9.9205e+05   1.57e-21
  1.0232e+06   1.45e-21
  1.0554e+06   1.33e-21
  1.0886e+06   1.23e-21
  1.1228e+06   1.13e-21
  1.1581e+06   1.04e-21
  1.1946e+06   9.56e-22
  1.2321e+06   8.76e-22
  1.2709e+06   8.05e-22
  1.3108e+06   7.39e-22
  1.3521e+06   6.77e-22
  1.3946e+06   6.18e-22
  1.4384e+06   5.67e-22
  1.4837e+06   5.18e-22
  1.5303e+06   4.73e-22
  1.5784e+06   4.31e-22
  1.6281e+06   3.94e-22
  1.6793e+06   3.59e-22
  1.7321e+06   3.26e-22
  1.7865e+06   2.97e-22
  1.8427e+06   2.71e-22
  1.9006e+06   2.46e-22
  1.9604e+06   2.23e-22
  2.0221e+06   2.03e-22
  2.0856e+06   1.84e-22
  2.1512e+06   1.67e-22
  2.2189e+06   1.50e-22
  2.2886e+06   1.37e-22
  2.3606e+06   1.24e-22
  2.4348e+06   1.11e-22
  2.5114e+06   1.00e-22
  2.5904e+06   9.10e-23
  2.6718e+06   8.20e-23
  2.7558e+06   7.35e-23
  2.8425e+06   6.63e-23
  2.9319e+06   5.98e-23
  3.0241e+06   5.36e-23
  3.1192e+06   4.78e-23
  3.2173e+06   4.32e-23
  3.3184e+06   3.88e-23
  3.4228e+06   3.46e-23
  3.5304e+06   3.09e-23
  3.6414e+06   2.78e-23
  3.7559e+06   2.48e-23
  3.8740e+06   2.21e-23
  3.9958e+06   1.97e-23
  4.1215e+06   1.76e-23
  4.2511e+06   1.57e-23
  4.3848e+06   1.39e-23
  4.5227e+06   1.24e-23
  4.6649e+06   1.11e-23
  4.8116e+06   9.85e-24
  4.9629e+06   8.69e-24
  5.1189e+06   7.79e-24
  5.2799e+06   6.93e-24
  5.4459e+06   6.12e-24
  5.6171e+06   5.42e-24
  5.7938e+06   4.84e-24
  5.9760e+06   4.30e-24
  6.1639e+06   3.79e-24
  6.3577e+06   3.36e-24
  6.5576e+06   2.98e-24
  6.7638e+06   2.63e-24
  6.9765e+06   2.29e-24
  7.1959e+06   2.04e-24
  7.4222e+06   1.81e-24
  7.6556e+06   1.59e-24
  7.8963e+06   1.40e-24
  8.1446e+06   1.25e-24
  8.4007e+06   1.11e-24
  8.6649e+06   9.83e-25
  8.9373e+06   8.77e-25
  9.2184e+06   7.92e-25
  9.5082e+06   7.12e-25
  9.8072e+06   6.37e-25
  1.0116e+07   5.80e-25
  1.0434e+07   5.30e-25
  1.0762e+07   4.82e-25
  1.1100e+07   4.38e-25
  1.1449e+07   4.07e-25
  1.1809e+07   3.78e-25
  1.2181e+07   3.50e-25
  1.2564e+07   3.25e-25
  1.2959e+07   3.04e-25
  1.3366e+07   2.84e-25
  1.3786e+07   2.65e-25
  1.4220e+07   2.47e-25
