#  E [GeV]   # per interaction  [GeV^{-1}]
  3.0000e+01   1.11e+00
  3.1123e+01   1.06e+00
  3.2288e+01   1.01e+00
  3.3497e+01   9.68e-01
  3.4751e+01   9.25e-01
  3.6051e+01   8.84e-01
  3.7401e+01   8.45e-01
  3.8801e+01   8.07e-01
  4.0253e+01   7.71e-01
  4.1760e+01   7.37e-01
  4.3324e+01   7.04e-01
  4.4945e+01   6.72e-01
  4.6628e+01   6.41e-01
  4.8373e+01   6.12e-01
  5.0184e+01   5.84e-01
  5.2063e+01   5.58e-01
  5.4011e+01   5.32e-01
  5.6033e+01   5.07e-01
  5.8131e+01   4.84e-01
  6.0307e+01   4.62e-01
  6.2564e+01   4.40e-01
  6.4906e+01   4.19e-01
  6.7336e+01   4.00e-01
  6.9857e+01   3.81e-01
  7.2472e+01   3.63e-01
  7.5184e+01   3.46e-01
  7.7999e+01   3.29e-01
  8.0919e+01   3.13e-01
  8.3948e+01   2.98e-01
  8.7090e+01   2.84e-01
  9.0350e+01   2.70e-01
  9.3732e+01   2.57e-01
  9.7241e+01   2.44e-01
  1.0088e+02   2.32e-01
  1.0466e+02   2.21e-01
  1.0858e+02   2.10e-01
  1.1264e+02   1.99e-01
  1.1686e+02   1.89e-01
  1.2123e+02   1.80e-01
  1.2577e+02   1.71e-01
  1.3048e+02   1.62e-01
  1.3536e+02   1.54e-01
  1.4043e+02   1.46e-01
  1.4568e+02   1.38e-01
  1.5114e+02   1.31e-01
  1.5680e+02   1.24e-01
  1.6266e+02   1.18e-01
  1.6875e+02   1.11e-01
  1.7507e+02   1.05e-01
  1.8162e+02   9.96e-02
  1.8842e+02   9.42e-02
  1.9548e+02   8.90e-02
  2.0279e+02   8.41e-02
  2.1039e+02   7.94e-02
  2.1826e+02   7.49e-02
  2.2643e+02   7.06e-02
  2.3491e+02   6.66e-02
  2.4370e+02   6.27e-02
  2.5282e+02   5.91e-02
  2.6229e+02   5.56e-02
  2.7211e+02   5.22e-02
  2.8229e+02   4.91e-02
  2.9286e+02   4.61e-02
  3.0382e+02   4.32e-02
  3.1519e+02   4.05e-02
  3.2699e+02   3.79e-02
  3.3923e+02   3.55e-02
  3.5193e+02   3.32e-02
  3.6511e+02   3.10e-02
  3.7877e+02   2.89e-02
  3.9295e+02   2.70e-02
  4.0766e+02   2.52e-02
  4.2292e+02   2.34e-02
  4.3875e+02   2.18e-02
  4.5518e+02   2.03e-02
  4.7222e+02   1.88e-02
  4.8989e+02   1.75e-02
  5.0823e+02   1.62e-02
  5.2726e+02   1.50e-02
  5.4699e+02   1.39e-02
  5.6747e+02   1.29e-02
  5.8871e+02   1.19e-02
  6.1075e+02   1.10e-02
  6.3361e+02   1.02e-02
  6.5733e+02   9.39e-03
  6.8194e+02   8.66e-03
  7.0746e+02   7.99e-03
  7.3395e+02   7.36e-03
  7.6142e+02   6.78e-03
  7.8992e+02   6.24e-03
  8.1949e+02   5.74e-03
  8.5017e+02   5.28e-03
  8.8199e+02   4.85e-03
  9.1501e+02   4.46e-03
  9.4926e+02   4.09e-03
  9.8479e+02   3.76e-03
  1.0217e+03   3.45e-03
  1.0599e+03   3.16e-03
  1.0996e+03   2.90e-03
  1.1407e+03   2.66e-03
  1.1834e+03   2.44e-03
  1.2277e+03   2.23e-03
  1.2737e+03   2.04e-03
  1.3214e+03   1.87e-03
  1.3708e+03   1.71e-03
  1.4222e+03   1.56e-03
  1.4754e+03   1.43e-03
  1.5306e+03   1.31e-03
  1.5879e+03   1.19e-03
  1.6474e+03   1.09e-03
  1.7090e+03   9.93e-04
  1.7730e+03   9.06e-04
  1.8394e+03   8.26e-04
  1.9082e+03   7.51e-04
  1.9797e+03   6.85e-04
  2.0538e+03   6.23e-04
  2.1306e+03   5.65e-04
  2.2104e+03   5.14e-04
  2.2931e+03   4.66e-04
  2.3790e+03   4.22e-04
  2.4680e+03   3.82e-04
  2.5604e+03   3.46e-04
  2.6563e+03   3.12e-04
  2.7557e+03   2.82e-04
  2.8589e+03   2.54e-04
  2.9659e+03   2.28e-04
  3.0769e+03   2.05e-04
  3.1921e+03   1.84e-04
  3.3116e+03   1.65e-04
  3.4355e+03   1.48e-04
  3.5641e+03   1.32e-04
  3.6976e+03   1.18e-04
  3.8360e+03   1.05e-04
  3.9796e+03   9.32e-05
  4.1285e+03   8.26e-05
  4.2831e+03   7.30e-05
  4.4434e+03   6.46e-05
  4.6097e+03   5.69e-05
  4.7823e+03   4.98e-05
  4.9613e+03   4.39e-05
  5.1470e+03   3.84e-05
  5.3397e+03   3.33e-05
  5.5396e+03   2.91e-05
  5.7470e+03   2.53e-05
  5.9621e+03   2.18e-05
  6.1853e+03   1.88e-05
  6.4168e+03   1.62e-05
  6.6570e+03   1.38e-05
  6.9062e+03   1.18e-05
  7.1647e+03   1.01e-05
  7.4329e+03   8.54e-06
  7.7112e+03   7.22e-06
  7.9998e+03   6.09e-06
  8.2993e+03   5.08e-06
  8.6100e+03   4.22e-06
  8.9323e+03   3.52e-06
  9.2666e+03   2.89e-06
  9.6135e+03   2.36e-06
  9.9734e+03   1.93e-06
  1.0347e+04   1.56e-06
  1.0734e+04   1.24e-06
  1.1136e+04   9.99e-07
  1.1553e+04   7.89e-07
  1.1985e+04   6.12e-07
  1.2434e+04   4.79e-07
  1.2899e+04   3.69e-07
  1.3382e+04   2.77e-07
  1.3883e+04   2.09e-07
  1.4403e+04   1.55e-07
  1.4942e+04   1.11e-07
  1.5501e+04   7.99e-08
  1.6081e+04   5.61e-08
  1.6683e+04   3.81e-08
  1.7308e+04   2.54e-08
  1.7956e+04   1.66e-08
  1.8628e+04   1.03e-08
  1.9325e+04   6.24e-09
  2.0049e+04   3.64e-09
  2.0799e+04   2.00e-09
  2.1578e+04   1.04e-09
  2.2386e+04   5.06e-10
  2.3224e+04   2.27e-10
  2.4093e+04   9.24e-11
  2.4995e+04   3.40e-11
  2.5930e+04   1.10e-11
  2.6901e+04   3.03e-12
  2.7908e+04   7.06e-13
  2.8953e+04   1.32e-13
  3.0037e+04   1.92e-14
  3.1161e+04   2.05e-15
  3.2327e+04   1.52e-16
  3.3537e+04   7.13e-18
  3.4793e+04   1.93e-19
  3.6095e+04   2.67e-21
  3.7446e+04   1.60e-23
  3.8848e+04   3.42e-26
  4.0302e+04   2.00e-29
  4.1811e+04   2.29e-33
  4.3376e+04   3.36e-38
  4.5000e+04   3.55e-44
