#  E [MeV]   Flux [# cm^{-2} s^{-1}  MeV^{-1}]
  3.0000e+04   2.95e-20
  3.1123e+04   2.82e-20
  3.2288e+04   2.70e-20
  3.3497e+04   2.58e-20
  3.4751e+04   2.47e-20
  3.6051e+04   2.36e-20
  3.7401e+04   2.26e-20
  3.8801e+04   2.16e-20
  4.0253e+04   2.06e-20
  4.1760e+04   1.97e-20
  4.3324e+04   1.88e-20
  4.4945e+04   1.79e-20
  4.6628e+04   1.71e-20
  4.8373e+04   1.63e-20
  5.0184e+04   1.56e-20
  5.2063e+04   1.49e-20
  5.4011e+04   1.42e-20
  5.6033e+04   1.35e-20
  5.8131e+04   1.29e-20
  6.0307e+04   1.23e-20
  6.2564e+04   1.17e-20
  6.4906e+04   1.12e-20
  6.7336e+04   1.07e-20
  6.9857e+04   1.02e-20
  7.2472e+04   9.69e-21
  7.5184e+04   9.23e-21
  7.7999e+04   8.79e-21
  8.0919e+04   8.36e-21
  8.3948e+04   7.96e-21
  8.7090e+04   7.58e-21
  9.0350e+04   7.21e-21
  9.3732e+04   6.86e-21
  9.7241e+04   6.52e-21
  1.0088e+05   6.20e-21
  1.0466e+05   5.90e-21
  1.0858e+05   5.60e-21
  1.1264e+05   5.32e-21
  1.1686e+05   5.06e-21
  1.2123e+05   4.80e-21
  1.2577e+05   4.56e-21
  1.3048e+05   4.33e-21
  1.3536e+05   4.10e-21
  1.4043e+05   3.89e-21
  1.4568e+05   3.69e-21
  1.5114e+05   3.50e-21
  1.5680e+05   3.31e-21
  1.6266e+05   3.14e-21
  1.6875e+05   2.97e-21
  1.7507e+05   2.81e-21
  1.8162e+05   2.66e-21
  1.8842e+05   2.51e-21
  1.9548e+05   2.38e-21
  2.0279e+05   2.24e-21
  2.1039e+05   2.12e-21
  2.1826e+05   2.00e-21
  2.2643e+05   1.89e-21
  2.3491e+05   1.78e-21
  2.4370e+05   1.67e-21
  2.5282e+05   1.58e-21
  2.6229e+05   1.48e-21
  2.7211e+05   1.39e-21
  2.8229e+05   1.31e-21
  2.9286e+05   1.23e-21
  3.0382e+05   1.15e-21
  3.1519e+05   1.08e-21
  3.2699e+05   1.01e-21
  3.3923e+05   9.47e-22
  3.5193e+05   8.86e-22
  3.6511e+05   8.28e-22
  3.7877e+05   7.73e-22
  3.9295e+05   7.21e-22
  4.0766e+05   6.72e-22
  4.2292e+05   6.26e-22
  4.3875e+05   5.82e-22
  4.5518e+05   5.41e-22
  4.7222e+05   5.03e-22
  4.8989e+05   4.67e-22
  5.0823e+05   4.33e-22
  5.2726e+05   4.01e-22
  5.4699e+05   3.72e-22
  5.6747e+05   3.44e-22
  5.8871e+05   3.18e-22
  6.1075e+05   2.94e-22
  6.3361e+05   2.72e-22
  6.5733e+05   2.51e-22
  6.8194e+05   2.31e-22
  7.0746e+05   2.13e-22
  7.3395e+05   1.97e-22
  7.6142e+05   1.81e-22
  7.8992e+05   1.67e-22
  8.1949e+05   1.53e-22
  8.5017e+05   1.41e-22
  8.8199e+05   1.30e-22
  9.1501e+05   1.19e-22
  9.4926e+05   1.09e-22
  9.8479e+05   1.00e-22
  1.0217e+06   9.21e-23
  1.0599e+06   8.45e-23
  1.0996e+06   7.75e-23
  1.1407e+06   7.10e-23
  1.1834e+06   6.50e-23
  1.2277e+06   5.96e-23
  1.2737e+06   5.45e-23
  1.3214e+06   4.99e-23
  1.3708e+06   4.56e-23
  1.4222e+06   4.18e-23
  1.4754e+06   3.82e-23
  1.5306e+06   3.48e-23
  1.5879e+06   3.19e-23
  1.6474e+06   2.91e-23
  1.7090e+06   2.65e-23
  1.7730e+06   2.42e-23
  1.8394e+06   2.20e-23
  1.9082e+06   2.01e-23
  1.9797e+06   1.83e-23
  2.0538e+06   1.66e-23
  2.1306e+06   1.51e-23
  2.2104e+06   1.37e-23
  2.2931e+06   1.24e-23
  2.3790e+06   1.13e-23
  2.4680e+06   1.02e-23
  2.5604e+06   9.23e-24
  2.6563e+06   8.32e-24
  2.7557e+06   7.52e-24
  2.8589e+06   6.78e-24
  2.9659e+06   6.09e-24
  3.0769e+06   5.48e-24
  3.1921e+06   4.92e-24
  3.3116e+06   4.40e-24
  3.4355e+06   3.94e-24
  3.5641e+06   3.53e-24
  3.6976e+06   3.14e-24
  3.8360e+06   2.79e-24
  3.9796e+06   2.49e-24
  4.1285e+06   2.21e-24
  4.2831e+06   1.95e-24
  4.4434e+06   1.73e-24
  4.6097e+06   1.52e-24
  4.7823e+06   1.33e-24
  4.9613e+06   1.17e-24
  5.1470e+06   1.02e-24
  5.3397e+06   8.89e-25
  5.5396e+06   7.77e-25
  5.7470e+06   6.75e-25
  5.9621e+06   5.81e-25
  6.1853e+06   5.03e-25
  6.4168e+06   4.33e-25
  6.6570e+06   3.70e-25
  6.9062e+06   3.16e-25
  7.1647e+06   2.70e-25
  7.4329e+06   2.28e-25
  7.7112e+06   1.93e-25
  7.9998e+06   1.63e-25
  8.2993e+06   1.36e-25
  8.6100e+06   1.13e-25
  8.9323e+06   9.39e-26
  9.2666e+06   7.72e-26
  9.6135e+06   6.29e-26
  9.9734e+06   5.15e-26
  1.0347e+07   4.16e-26
  1.0734e+07   3.32e-26
  1.1136e+07   2.67e-26
  1.1553e+07   2.11e-26
  1.1985e+07   1.63e-26
  1.2434e+07   1.28e-26
  1.2899e+07   9.84e-27
  1.3382e+07   7.40e-27
  1.3883e+07   5.58e-27
  1.4403e+07   4.13e-27
  1.4942e+07   2.98e-27
  1.5501e+07   2.13e-27
  1.6081e+07   1.50e-27
  1.6683e+07   1.02e-27
  1.7308e+07   6.79e-28
  1.7956e+07   4.42e-28
  1.8628e+07   2.76e-28
  1.9325e+07   1.67e-28
  2.0049e+07   9.71e-29
  2.0799e+07   5.34e-29
  2.1578e+07   2.77e-29
  2.2386e+07   1.35e-29
  2.3224e+07   6.06e-30
  2.4093e+07   2.47e-30
  2.4995e+07   9.09e-31
  2.5930e+07   2.93e-31
  2.6901e+07   8.09e-32
  2.7908e+07   1.88e-32
  2.8953e+07   3.53e-33
  3.0037e+07   5.11e-34
  3.1161e+07   5.48e-35
  3.2327e+07   4.05e-36
  3.3537e+07   1.90e-37
  3.4793e+07   5.16e-39
  3.6095e+07   7.13e-41
  3.7446e+07   4.28e-43
  3.8848e+07   9.12e-46
  4.0302e+07   5.33e-49
  4.1811e+07   6.11e-53
  4.3376e+07   8.96e-58
  4.5000e+07   9.47e-64
