#  E [MeV]   Flux [# cm^{-2} s^{-1}  MeV^{-1}]
  3.0000e+04   2.23e-19
  3.1033e+04   2.14e-19
  3.2102e+04   2.05e-19
  3.3207e+04   1.97e-19
  3.4350e+04   1.89e-19
  3.5533e+04   1.81e-19
  3.6757e+04   1.73e-19
  3.8022e+04   1.66e-19
  3.9332e+04   1.59e-19
  4.0686e+04   1.52e-19
  4.2087e+04   1.45e-19
  4.3536e+04   1.39e-19
  4.5035e+04   1.33e-19
  4.6586e+04   1.28e-19
  4.8190e+04   1.22e-19
  4.9850e+04   1.17e-19
  5.1566e+04   1.12e-19
  5.3342e+04   1.07e-19
  5.5178e+04   1.02e-19
  5.7078e+04   9.76e-20
  5.9044e+04   9.32e-20
  6.1077e+04   8.91e-20
  6.3180e+04   8.51e-20
  6.5356e+04   8.13e-20
  6.7606e+04   7.77e-20
  6.9934e+04   7.42e-20
  7.2342e+04   7.08e-20
  7.4833e+04   6.76e-20
  7.7410e+04   6.45e-20
  8.0075e+04   6.16e-20
  8.2833e+04   5.87e-20
  8.5685e+04   5.60e-20
  8.8635e+04   5.34e-20
  9.1687e+04   5.09e-20
  9.4844e+04   4.85e-20
  9.8110e+04   4.63e-20
  1.0149e+05   4.41e-20
  1.0498e+05   4.20e-20
  1.0860e+05   4.00e-20
  1.1234e+05   3.80e-20
  1.1621e+05   3.62e-20
  1.2021e+05   3.45e-20
  1.2435e+05   3.28e-20
  1.2863e+05   3.12e-20
  1.3306e+05   2.96e-20
  1.3764e+05   2.82e-20
  1.4238e+05   2.67e-20
  1.4728e+05   2.54e-20
  1.5235e+05   2.41e-20
  1.5760e+05   2.29e-20
  1.6302e+05   2.17e-20
  1.6864e+05   2.06e-20
  1.7445e+05   1.95e-20
  1.8045e+05   1.85e-20
  1.8667e+05   1.75e-20
  1.9309e+05   1.66e-20
  1.9974e+05   1.57e-20
  2.0662e+05   1.48e-20
  2.1373e+05   1.40e-20
  2.2109e+05   1.32e-20
  2.2871e+05   1.25e-20
  2.3658e+05   1.18e-20
  2.4473e+05   1.11e-20
  2.5316e+05   1.05e-20
  2.6187e+05   9.90e-21
  2.7089e+05   9.33e-21
  2.8022e+05   8.78e-21
  2.8987e+05   8.27e-21
  2.9985e+05   7.78e-21
  3.1017e+05   7.31e-21
  3.2085e+05   6.87e-21
  3.3190e+05   6.45e-21
  3.4333e+05   6.06e-21
  3.5515e+05   5.68e-21
  3.6738e+05   5.33e-21
  3.8003e+05   4.99e-21
  3.9312e+05   4.67e-21
  4.0665e+05   4.37e-21
  4.2066e+05   4.09e-21
  4.3514e+05   3.82e-21
  4.5013e+05   3.57e-21
  4.6562e+05   3.34e-21
  4.8166e+05   3.11e-21
  4.9824e+05   2.90e-21
  5.1540e+05   2.70e-21
  5.3315e+05   2.52e-21
  5.5150e+05   2.34e-21
  5.7050e+05   2.18e-21
  5.9014e+05   2.02e-21
  6.1046e+05   1.88e-21
  6.3148e+05   1.74e-21
  6.5322e+05   1.62e-21
  6.7572e+05   1.50e-21
  6.9898e+05   1.39e-21
  7.2305e+05   1.28e-21
  7.4795e+05   1.19e-21
  7.7371e+05   1.09e-21
  8.0035e+05   1.01e-21
  8.2791e+05   9.33e-22
  8.5641e+05   8.60e-22
  8.8590e+05   7.93e-22
  9.1641e+05   7.31e-22
  9.4796e+05   6.73e-22
  9.8061e+05   6.18e-22
  1.0144e+06   5.69e-22
  1.0493e+06   5.23e-22
  1.0854e+06   4.80e-22
  1.1228e+06   4.41e-22
  1.1615e+06   4.05e-22
  1.2015e+06   3.70e-22
  1.2428e+06   3.39e-22
  1.2856e+06   3.11e-22
  1.3299e+06   2.84e-22
  1.3757e+06   2.59e-22
  1.4231e+06   2.37e-22
  1.4721e+06   2.16e-22
  1.5228e+06   1.97e-22
  1.5752e+06   1.80e-22
  1.6294e+06   1.64e-22
  1.6855e+06   1.49e-22
  1.7436e+06   1.35e-22
  1.8036e+06   1.23e-22
  1.8657e+06   1.12e-22
  1.9300e+06   1.01e-22
  1.9964e+06   9.19e-23
  2.0652e+06   8.33e-23
  2.1363e+06   7.52e-23
  2.2098e+06   6.80e-23
  2.2859e+06   6.16e-23
  2.3646e+06   5.55e-23
  2.4461e+06   4.99e-23
  2.5303e+06   4.50e-23
  2.6174e+06   4.05e-23
  2.7075e+06   3.63e-23
  2.8008e+06   3.26e-23
  2.8972e+06   2.93e-23
  2.9970e+06   2.61e-23
  3.1002e+06   2.33e-23
  3.2069e+06   2.09e-23
  3.3173e+06   1.87e-23
  3.4316e+06   1.65e-23
  3.5497e+06   1.48e-23
  3.6720e+06   1.32e-23
  3.7984e+06   1.16e-23
  3.9292e+06   1.03e-23
  4.0645e+06   9.18e-24
  4.2044e+06   8.11e-24
  4.3492e+06   7.12e-24
  4.4990e+06   6.32e-24
  4.6539e+06   5.57e-24
  4.8141e+06   4.88e-24
  4.9799e+06   4.30e-24
  5.1514e+06   3.78e-24
  5.3288e+06   3.30e-24
  5.5123e+06   2.88e-24
  5.7021e+06   2.53e-24
  5.8984e+06   2.21e-24
  6.1015e+06   1.91e-24
  6.3116e+06   1.67e-24
  6.5289e+06   1.46e-24
  6.7538e+06   1.26e-24
  6.9863e+06   1.09e-24
  7.2269e+06   9.54e-25
  7.4757e+06   8.25e-25
  7.7331e+06   7.08e-25
  7.9994e+06   6.18e-25
  8.2749e+06   5.34e-25
  8.5598e+06   4.58e-25
  8.8546e+06   3.96e-25
  9.1594e+06   3.42e-25
  9.4748e+06   2.93e-25
  9.8011e+06   2.51e-25
  1.0139e+07   2.17e-25
  1.0488e+07   1.87e-25
  1.0849e+07   1.59e-25
  1.1222e+07   1.37e-25
  1.1609e+07   1.18e-25
  1.2009e+07   1.00e-25
  1.2422e+07   8.53e-26
  1.2850e+07   7.28e-26
  1.3292e+07   6.15e-26
  1.3750e+07   5.16e-26
  1.4223e+07   4.35e-26
  1.4713e+07   3.63e-26
  1.5220e+07   2.99e-26
  1.5744e+07   2.46e-26
  1.6286e+07   2.01e-26
  1.6847e+07   1.62e-26
  1.7427e+07   1.29e-26
  1.8027e+07   1.01e-26
  1.8648e+07   7.81e-27
  1.9290e+07   5.90e-27
  1.9954e+07   4.35e-27
  2.0641e+07   3.13e-27
  2.1352e+07   2.18e-27
  2.2087e+07   1.46e-27
  2.2848e+07   9.45e-28
  2.3634e+07   5.83e-28
  2.4448e+07   3.42e-28
  2.5290e+07   1.93e-28
