#  E [MeV]   Flux [# cm^{-2} s^{-1}  MeV^{-1}]
  3.0000e+04   3.28e-26
  3.1051e+04   3.16e-26
  3.2139e+04   3.04e-26
  3.3266e+04   2.92e-26
  3.4432e+04   2.81e-26
  3.5638e+04   2.71e-26
  3.6887e+04   2.60e-26
  3.8180e+04   2.50e-26
  3.9518e+04   2.41e-26
  4.0903e+04   2.31e-26
  4.2336e+04   2.22e-26
  4.3820e+04   2.13e-26
  4.5355e+04   2.05e-26
  4.6945e+04   1.97e-26
  4.8590e+04   1.89e-26
  5.0293e+04   1.81e-26
  5.2055e+04   1.74e-26
  5.3879e+04   1.67e-26
  5.5767e+04   1.60e-26
  5.7722e+04   1.53e-26
  5.9745e+04   1.47e-26
  6.1838e+04   1.41e-26
  6.4005e+04   1.35e-26
  6.6248e+04   1.29e-26
  6.8570e+04   1.24e-26
  7.0973e+04   1.19e-26
  7.3460e+04   1.14e-26
  7.6034e+04   1.09e-26
  7.8699e+04   1.04e-26
  8.1457e+04   9.96e-27
  8.4311e+04   9.52e-27
  8.7266e+04   9.11e-27
  9.0324e+04   8.71e-27
  9.3490e+04   8.32e-27
  9.6766e+04   7.95e-27
  1.0016e+05   7.60e-27
  1.0367e+05   7.26e-27
  1.0730e+05   6.93e-27
  1.1106e+05   6.62e-27
  1.1495e+05   6.32e-27
  1.1898e+05   6.03e-27
  1.2315e+05   5.75e-27
  1.2747e+05   5.49e-27
  1.3193e+05   5.23e-27
  1.3656e+05   4.99e-27
  1.4134e+05   4.75e-27
  1.4629e+05   4.53e-27
  1.5142e+05   4.32e-27
  1.5673e+05   4.11e-27
  1.6222e+05   3.92e-27
  1.6790e+05   3.73e-27
  1.7379e+05   3.55e-27
  1.7988e+05   3.38e-27
  1.8618e+05   3.22e-27
  1.9271e+05   3.06e-27
  1.9946e+05   2.91e-27
  2.0645e+05   2.77e-27
  2.1369e+05   2.63e-27
  2.2117e+05   2.50e-27
  2.2892e+05   2.37e-27
  2.3695e+05   2.26e-27
  2.4525e+05   2.14e-27
  2.5385e+05   2.03e-27
  2.6274e+05   1.93e-27
  2.7195e+05   1.83e-27
  2.8148e+05   1.74e-27
  2.9134e+05   1.65e-27
  3.0155e+05   1.57e-27
  3.1212e+05   1.49e-27
  3.2306e+05   1.41e-27
  3.3438e+05   1.34e-27
  3.4610e+05   1.27e-27
  3.5823e+05   1.20e-27
  3.7078e+05   1.14e-27
  3.8377e+05   1.08e-27
  3.9722e+05   1.02e-27
  4.1114e+05   9.68e-28
  4.2555e+05   9.17e-28
  4.4046e+05   8.68e-28
  4.5590e+05   8.22e-28
  4.7188e+05   7.78e-28
  4.8841e+05   7.36e-28
  5.0553e+05   6.97e-28
  5.2324e+05   6.60e-28
  5.4158e+05   6.24e-28
  5.6056e+05   5.91e-28
  5.8020e+05   5.59e-28
  6.0054e+05   5.29e-28
  6.2158e+05   5.00e-28
  6.4337e+05   4.73e-28
  6.6591e+05   4.48e-28
  6.8925e+05   4.23e-28
  7.1340e+05   4.01e-28
  7.3840e+05   3.79e-28
  7.6428e+05   3.59e-28
  7.9106e+05   3.39e-28
  8.1878e+05   3.21e-28
  8.4748e+05   3.04e-28
  8.7718e+05   2.87e-28
  9.0792e+05   2.72e-28
  9.3973e+05   2.58e-28
  9.7267e+05   2.44e-28
  1.0068e+06   2.31e-28
  1.0420e+06   2.19e-28
  1.0785e+06   2.07e-28
  1.1163e+06   1.96e-28
  1.1555e+06   1.86e-28
  1.1960e+06   1.76e-28
  1.2379e+06   1.67e-28
  1.2813e+06   1.58e-28
  1.3262e+06   1.50e-28
  1.3726e+06   1.42e-28
  1.4207e+06   1.35e-28
  1.4705e+06   1.28e-28
  1.5220e+06   1.22e-28
  1.5754e+06   1.16e-28
  1.6306e+06   1.10e-28
  1.6877e+06   1.04e-28
  1.7469e+06   9.90e-29
  1.8081e+06   9.41e-29
  1.8715e+06   8.95e-29
  1.9370e+06   8.51e-29
  2.0049e+06   8.09e-29
  2.0752e+06   7.71e-29
  2.1479e+06   7.33e-29
  2.2232e+06   6.98e-29
  2.3011e+06   6.65e-29
  2.3817e+06   6.34e-29
  2.4652e+06   6.04e-29
  2.5516e+06   5.75e-29
  2.6410e+06   5.48e-29
  2.7336e+06   5.23e-29
  2.8294e+06   4.98e-29
  2.9285e+06   4.75e-29
  3.0311e+06   4.53e-29
  3.1374e+06   4.32e-29
  3.2473e+06   4.12e-29
  3.3611e+06   3.94e-29
  3.4789e+06   3.75e-29
  3.6008e+06   3.58e-29
  3.7270e+06   3.42e-29
  3.8576e+06   3.27e-29
  3.9928e+06   3.12e-29
  4.1327e+06   2.98e-29
  4.2775e+06   2.84e-29
  4.4274e+06   2.72e-29
  4.5826e+06   2.59e-29
  4.7432e+06   2.48e-29
  4.9094e+06   2.37e-29
  5.0815e+06   2.26e-29
  5.2595e+06   2.16e-29
  5.4438e+06   2.06e-29
  5.6346e+06   1.96e-29
  5.8321e+06   1.87e-29
  6.0365e+06   1.78e-29
  6.2480e+06   1.70e-29
  6.4670e+06   1.62e-29
  6.6936e+06   1.54e-29
  6.9282e+06   1.47e-29
  7.1709e+06   1.40e-29
  7.4222e+06   1.33e-29
  7.6823e+06   1.26e-29
  7.9516e+06   1.20e-29
  8.2302e+06   1.14e-29
  8.5186e+06   1.08e-29
  8.8172e+06   1.02e-29
  9.1262e+06   9.70e-30
  9.4460e+06   9.19e-30
  9.7770e+06   8.69e-30
  1.0120e+07   8.22e-30
  1.0474e+07   7.76e-30
  1.0841e+07   7.32e-30
  1.1221e+07   6.89e-30
  1.1614e+07   6.48e-30
  1.2022e+07   6.09e-30
  1.2443e+07   5.71e-30
  1.2879e+07   5.34e-30
  1.3330e+07   4.99e-30
  1.3797e+07   4.65e-30
  1.4281e+07   4.33e-30
  1.4781e+07   4.01e-30
  1.5299e+07   3.72e-30
  1.5835e+07   3.43e-30
  1.6390e+07   3.16e-30
  1.6965e+07   2.90e-30
  1.7559e+07   2.64e-30
  1.8175e+07   2.41e-30
  1.8812e+07   2.18e-30
  1.9471e+07   1.96e-30
  2.0153e+07   1.76e-30
  2.0859e+07   1.56e-30
  2.1590e+07   1.37e-30
  2.2347e+07   1.20e-30
  2.3130e+07   1.04e-30
  2.3941e+07   8.88e-31
  2.4780e+07   7.48e-31
  2.5648e+07   6.20e-31
  2.6547e+07   5.04e-31
  2.7477e+07   4.01e-31
  2.8440e+07   3.13e-31
