#  E [MeV]   Flux [# cm^{-2} s^{-1}  MeV^{-1}]
  3.0000e+04   4.84e-19
  3.0411e+04   4.69e-19
  3.0828e+04   4.56e-19
  3.1250e+04   4.42e-19
  3.1678e+04   4.29e-19
  3.2112e+04   4.16e-19
  3.2552e+04   4.04e-19
  3.2998e+04   3.92e-19
  3.3450e+04   3.80e-19
  3.3909e+04   3.68e-19
  3.4373e+04   3.57e-19
  3.4844e+04   3.46e-19
  3.5322e+04   3.35e-19
  3.5806e+04   3.25e-19
  3.6296e+04   3.15e-19
  3.6794e+04   3.05e-19
  3.7298e+04   2.96e-19
  3.7809e+04   2.86e-19
  3.8327e+04   2.77e-19
  3.8852e+04   2.68e-19
  3.9384e+04   2.60e-19
  3.9924e+04   2.52e-19
  4.0471e+04   2.44e-19
  4.1025e+04   2.36e-19
  4.1587e+04   2.28e-19
  4.2157e+04   2.21e-19
  4.2735e+04   2.14e-19
  4.3320e+04   2.07e-19
  4.3914e+04   2.00e-19
  4.4516e+04   1.94e-19
  4.5125e+04   1.87e-19
  4.5744e+04   1.81e-19
  4.6370e+04   1.75e-19
  4.7006e+04   1.69e-19
  4.7650e+04   1.63e-19
  4.8303e+04   1.57e-19
  4.8965e+04   1.52e-19
  4.9635e+04   1.47e-19
  5.0315e+04   1.42e-19
  5.1005e+04   1.37e-19
  5.1704e+04   1.32e-19
  5.2412e+04   1.28e-19
  5.3130e+04   1.23e-19
  5.3858e+04   1.19e-19
  5.4596e+04   1.15e-19
  5.5344e+04   1.11e-19
  5.6102e+04   1.07e-19
  5.6871e+04   1.03e-19
  5.7650e+04   9.94e-20
  5.8440e+04   9.58e-20
  5.9241e+04   9.23e-20
  6.0053e+04   8.88e-20
  6.0875e+04   8.55e-20
  6.1709e+04   8.25e-20
  6.2555e+04   7.96e-20
  6.3412e+04   7.67e-20
  6.4281e+04   7.39e-20
  6.5162e+04   7.11e-20
  6.6054e+04   6.84e-20
  6.6959e+04   6.58e-20
  6.7877e+04   6.32e-20
  6.8807e+04   6.09e-20
  6.9750e+04   5.86e-20
  7.0705e+04   5.65e-20
  7.1674e+04   5.43e-20
  7.2656e+04   5.22e-20
  7.3652e+04   5.02e-20
  7.4661e+04   4.82e-20
  7.5684e+04   4.62e-20
  7.6721e+04   4.44e-20
  7.7772e+04   4.27e-20
  7.8837e+04   4.11e-20
  7.9917e+04   3.95e-20
  8.1012e+04   3.79e-20
  8.2122e+04   3.64e-20
  8.3248e+04   3.49e-20
  8.4388e+04   3.34e-20
  8.5544e+04   3.20e-20
  8.6717e+04   3.07e-20
  8.7905e+04   2.95e-20
  8.9109e+04   2.83e-20
  9.0330e+04   2.71e-20
  9.1568e+04   2.59e-20
  9.2822e+04   2.48e-20
  9.4094e+04   2.37e-20
  9.5383e+04   2.27e-20
  9.6690e+04   2.17e-20
  9.8015e+04   2.08e-20
  9.9358e+04   1.99e-20
  1.0072e+05   1.91e-20
  1.0210e+05   1.82e-20
  1.0350e+05   1.74e-20
  1.0492e+05   1.66e-20
  1.0635e+05   1.58e-20
  1.0781e+05   1.51e-20
  1.0929e+05   1.44e-20
  1.1079e+05   1.38e-20
  1.1230e+05   1.32e-20
  1.1384e+05   1.26e-20
  1.1540e+05   1.20e-20
  1.1698e+05   1.14e-20
  1.1859e+05   1.09e-20
  1.2021e+05   1.03e-20
  1.2186e+05   9.84e-21
  1.2353e+05   9.39e-21
  1.2522e+05   8.96e-21
  1.2694e+05   8.54e-21
  1.2867e+05   8.13e-21
  1.3044e+05   7.73e-21
  1.3222e+05   7.33e-21
  1.3404e+05   6.95e-21
  1.3587e+05   6.58e-21
  1.3773e+05   6.28e-21
  1.3962e+05   5.98e-21
  1.4153e+05   5.69e-21
  1.4347e+05   5.40e-21
  1.4544e+05   5.13e-21
  1.4743e+05   4.86e-21
  1.4945e+05   4.59e-21
  1.5150e+05   4.33e-21
  1.5358e+05   4.11e-21
  1.5568e+05   3.91e-21
  1.5781e+05   3.71e-21
  1.5997e+05   3.52e-21
  1.6217e+05   3.33e-21
  1.6439e+05   3.15e-21
  1.6664e+05   2.97e-21
  1.6892e+05   2.80e-21
  1.7124e+05   2.63e-21
  1.7358e+05   2.50e-21
  1.7596e+05   2.36e-21
  1.7837e+05   2.24e-21
  1.8082e+05   2.11e-21
  1.8330e+05   1.99e-21
  1.8581e+05   1.87e-21
  1.8835e+05   1.75e-21
  1.9093e+05   1.64e-21
  1.9355e+05   1.54e-21
  1.9620e+05   1.46e-21
  1.9889e+05   1.38e-21
  2.0161e+05   1.30e-21
  2.0438e+05   1.22e-21
  2.0718e+05   1.14e-21
  2.1002e+05   1.07e-21
  2.1289e+05   9.94e-22
  2.1581e+05   9.28e-22
  2.1877e+05   8.76e-22
  2.2176e+05   8.25e-22
  2.2480e+05   7.75e-22
  2.2788e+05   7.27e-22
  2.3101e+05   6.79e-22
  2.3417e+05   6.34e-22
  2.3738e+05   5.89e-22
  2.4063e+05   5.45e-22
  2.4393e+05   5.11e-22
  2.4727e+05   4.81e-22
  2.5066e+05   4.51e-22
  2.5409e+05   4.22e-22
  2.5757e+05   3.94e-22
  2.6110e+05   3.66e-22
  2.6468e+05   3.39e-22
  2.6831e+05   3.13e-22
  2.7198e+05   2.90e-22
  2.7571e+05   2.72e-22
  2.7949e+05   2.54e-22
  2.8332e+05   2.37e-22
  2.8720e+05   2.20e-22
  2.9113e+05   2.04e-22
  2.9512e+05   1.88e-22
  2.9917e+05   1.73e-22
  3.0327e+05   1.58e-22
  3.0742e+05   1.47e-22
  3.1163e+05   1.37e-22
  3.1590e+05   1.28e-22
  3.2023e+05   1.18e-22
  3.2462e+05   1.09e-22
  3.2907e+05   1.00e-22
  3.3357e+05   9.18e-23
  3.3814e+05   8.35e-23
  3.4278e+05   7.65e-23
  3.4747e+05   7.12e-23
  3.5223e+05   6.59e-23
  3.5706e+05   6.09e-23
  3.6195e+05   5.59e-23
  3.6691e+05   5.11e-23
  3.7194e+05   4.65e-23
  3.7704e+05   4.20e-23
  3.8220e+05   3.76e-23
  3.8744e+05   3.47e-23
  3.9275e+05   3.20e-23
  3.9813e+05   2.93e-23
  4.0358e+05   2.68e-23
  4.0911e+05   2.43e-23
  4.1472e+05   2.18e-23
  4.2040e+05   1.95e-23
  4.2616e+05   1.72e-23
  4.3200e+05   1.56e-23
  4.3792e+05   1.46e-23
  4.4392e+05   1.36e-23
  4.5000e+05   1.27e-23
