#  E [MeV]   Flux [# cm^{-2} s^{-1}  MeV^{-1}]
  3.0000e+04   1.02e-25
  3.1232e+04   9.71e-26
  3.2514e+04   9.26e-26
  3.3849e+04   8.82e-26
  3.5238e+04   8.40e-26
  3.6685e+04   8.00e-26
  3.8191e+04   7.62e-26
  3.9759e+04   7.26e-26
  4.1391e+04   6.91e-26
  4.3090e+04   6.58e-26
  4.4859e+04   6.26e-26
  4.6701e+04   5.95e-26
  4.8618e+04   5.66e-26
  5.0614e+04   5.39e-26
  5.2692e+04   5.12e-26
  5.4855e+04   4.87e-26
  5.7107e+04   4.63e-26
  5.9451e+04   4.40e-26
  6.1892e+04   4.18e-26
  6.4433e+04   3.97e-26
  6.7078e+04   3.77e-26
  6.9832e+04   3.58e-26
  7.2699e+04   3.40e-26
  7.5683e+04   3.23e-26
  7.8790e+04   3.06e-26
  8.2025e+04   2.91e-26
  8.5392e+04   2.76e-26
  8.8898e+04   2.62e-26
  9.2547e+04   2.48e-26
  9.6347e+04   2.35e-26
  1.0030e+05   2.23e-26
  1.0442e+05   2.11e-26
  1.0871e+05   2.00e-26
  1.1317e+05   1.90e-26
  1.1782e+05   1.80e-26
  1.2265e+05   1.70e-26
  1.2769e+05   1.61e-26
  1.3293e+05   1.52e-26
  1.3839e+05   1.44e-26
  1.4407e+05   1.36e-26
  1.4998e+05   1.29e-26
  1.5614e+05   1.22e-26
  1.6255e+05   1.15e-26
  1.6922e+05   1.08e-26
  1.7617e+05   1.02e-26
  1.8340e+05   9.66e-27
  1.9093e+05   9.12e-27
  1.9877e+05   8.60e-27
  2.0693e+05   8.10e-27
  2.1543e+05   7.63e-27
  2.2427e+05   7.19e-27
  2.3348e+05   6.77e-27
  2.4306e+05   6.36e-27
  2.5304e+05   5.98e-27
  2.6343e+05   5.62e-27
  2.7424e+05   5.28e-27
  2.8550e+05   4.96e-27
  2.9722e+05   4.65e-27
  3.0942e+05   4.36e-27
  3.2213e+05   4.08e-27
  3.3535e+05   3.82e-27
  3.4912e+05   3.58e-27
  3.6345e+05   3.35e-27
  3.7837e+05   3.13e-27
  3.9390e+05   2.92e-27
  4.1008e+05   2.72e-27
  4.2691e+05   2.54e-27
  4.4444e+05   2.37e-27
  4.6268e+05   2.20e-27
  4.8168e+05   2.05e-27
  5.0145e+05   1.91e-27
  5.2204e+05   1.77e-27
  5.4347e+05   1.64e-27
  5.6578e+05   1.53e-27
  5.8901e+05   1.41e-27
  6.1319e+05   1.31e-27
  6.3836e+05   1.21e-27
  6.6457e+05   1.12e-27
  6.9185e+05   1.04e-27
  7.2025e+05   9.61e-28
  7.4982e+05   8.88e-28
  7.8061e+05   8.21e-28
  8.1265e+05   7.58e-28
  8.4601e+05   6.99e-28
  8.8075e+05   6.45e-28
  9.1690e+05   5.95e-28
  9.5455e+05   5.49e-28
  9.9373e+05   5.06e-28
  1.0345e+06   4.66e-28
  1.0770e+06   4.29e-28
  1.1212e+06   3.95e-28
  1.1672e+06   3.63e-28
  1.2152e+06   3.34e-28
  1.2650e+06   3.08e-28
  1.3170e+06   2.83e-28
  1.3711e+06   2.61e-28
  1.4273e+06   2.40e-28
  1.4859e+06   2.21e-28
  1.5469e+06   2.04e-28
  1.6104e+06   1.87e-28
  1.6766e+06   1.73e-28
  1.7454e+06   1.59e-28
  1.8170e+06   1.46e-28
  1.8916e+06   1.35e-28
  1.9693e+06   1.24e-28
  2.0501e+06   1.14e-28
  2.1343e+06   1.05e-28
  2.2219e+06   9.63e-29
  2.3131e+06   8.84e-29
  2.4081e+06   8.10e-29
  2.5070e+06   7.43e-29
  2.6099e+06   6.80e-29
  2.7170e+06   6.22e-29
  2.8286e+06   5.69e-29
  2.9447e+06   5.19e-29
  3.0656e+06   4.73e-29
  3.1914e+06   4.31e-29
  3.3225e+06   3.92e-29
  3.4589e+06   3.56e-29
  3.6008e+06   3.23e-29
  3.7487e+06   2.92e-29
  3.9026e+06   2.64e-29
  4.0628e+06   2.38e-29
  4.2296e+06   2.14e-29
  4.4032e+06   1.92e-29
  4.5840e+06   1.72e-29
  4.7722e+06   1.53e-29
  4.9681e+06   1.36e-29
  5.1720e+06   1.21e-29
  5.3844e+06   1.07e-29
  5.6054e+06   9.46e-30
  5.8355e+06   8.31e-30
  6.0751e+06   7.27e-30
  6.3245e+06   6.35e-30
  6.5841e+06   5.52e-30
  6.8544e+06   4.77e-30
  7.1358e+06   4.11e-30
  7.4288e+06   3.52e-30
  7.7338e+06   3.00e-30
  8.0513e+06   2.54e-30
  8.3818e+06   2.13e-30
  8.7259e+06   1.78e-30
  9.0841e+06   1.48e-30
  9.4571e+06   1.21e-30
  9.8453e+06   9.93e-31
  1.0249e+07   8.03e-31
  1.0670e+07   6.39e-31
  1.1108e+07   5.08e-31
  1.1564e+07   3.97e-31
  1.2039e+07   3.05e-31
  1.2533e+07   2.33e-31
  1.3048e+07   1.74e-31
  1.3584e+07   1.27e-31
  1.4141e+07   9.22e-32
  1.4722e+07   6.48e-32
  1.5326e+07   4.44e-32
  1.5955e+07   2.99e-32
  1.6610e+07   1.93e-32
  1.7292e+07   1.20e-32
  1.8002e+07   7.25e-33
  1.8741e+07   4.12e-33
  1.9511e+07   2.24e-33
  2.0312e+07   1.15e-33
  2.1145e+07   5.43e-34
  2.2013e+07   2.39e-34
  2.2917e+07   9.57e-35
  2.3858e+07   3.37e-35
  2.4837e+07   1.06e-35
  2.5857e+07   2.82e-36
  2.6919e+07   6.15e-37
  2.8024e+07   1.10e-37
  2.9174e+07   1.47e-38
  3.0372e+07   1.41e-39
  3.1619e+07   9.21e-41
  3.2917e+07   3.62e-42
  3.4268e+07   7.70e-44
  3.5675e+07   7.78e-46
  3.7140e+07   2.97e-48
  3.8664e+07   3.40e-51
  4.0252e+07   8.43e-55
  4.1904e+07   2.82e-59
  4.3624e+07   7.22e-65
  4.5415e+07   6.34e-72
  4.7280e+07   1.44e-72
  4.9221e+07   1.27e-72
  5.1241e+07   1.12e-72
  5.3345e+07   9.74e-73
  5.5535e+07   8.69e-73
  5.7815e+07   7.74e-73
  6.0188e+07   6.86e-73
  6.2659e+07   6.18e-73
  6.5232e+07   5.54e-73
  6.7910e+07   4.95e-73
  7.0698e+07   4.43e-73
  7.3600e+07   3.96e-73
  7.6621e+07   3.50e-73
  7.9767e+07   3.08e-73
  8.3042e+07   2.68e-73
  8.6451e+07   2.32e-73
  9.0000e+07   2.03e-73
