#  E [MeV]   Flux [# cm^{-2} s^{-1}  MeV^{-1}]
  3.0000e+04   2.07e-20
  3.0943e+04   2.00e-20
  3.1916e+04   1.93e-20
  3.2920e+04   1.86e-20
  3.3955e+04   1.79e-20
  3.5023e+04   1.73e-20
  3.6124e+04   1.67e-20
  3.7260e+04   1.61e-20
  3.8432e+04   1.55e-20
  3.9640e+04   1.50e-20
  4.0887e+04   1.44e-20
  4.2172e+04   1.39e-20
  4.3499e+04   1.34e-20
  4.4866e+04   1.29e-20
  4.6277e+04   1.24e-20
  4.7732e+04   1.20e-20
  4.9233e+04   1.15e-20
  5.0781e+04   1.11e-20
  5.2378e+04   1.07e-20
  5.4025e+04   1.03e-20
  5.5724e+04   9.88e-21
  5.7476e+04   9.50e-21
  5.9284e+04   9.13e-21
  6.1148e+04   8.78e-21
  6.3071e+04   8.43e-21
  6.5054e+04   8.10e-21
  6.7100e+04   7.78e-21
  6.9210e+04   7.47e-21
  7.1386e+04   7.17e-21
  7.3631e+04   6.88e-21
  7.5946e+04   6.60e-21
  7.8334e+04   6.33e-21
  8.0797e+04   6.07e-21
  8.3338e+04   5.82e-21
  8.5959e+04   5.58e-21
  8.8662e+04   5.34e-21
  9.1450e+04   5.12e-21
  9.4325e+04   4.90e-21
  9.7291e+04   4.68e-21
  1.0035e+05   4.48e-21
  1.0351e+05   4.28e-21
  1.0676e+05   4.09e-21
  1.1012e+05   3.91e-21
  1.1358e+05   3.74e-21
  1.1715e+05   3.57e-21
  1.2084e+05   3.41e-21
  1.2464e+05   3.25e-21
  1.2856e+05   3.10e-21
  1.3260e+05   2.95e-21
  1.3677e+05   2.81e-21
  1.4107e+05   2.68e-21
  1.4550e+05   2.55e-21
  1.5008e+05   2.43e-21
  1.5480e+05   2.31e-21
  1.5967e+05   2.20e-21
  1.6469e+05   2.09e-21
  1.6987e+05   1.98e-21
  1.7521e+05   1.88e-21
  1.8072e+05   1.78e-21
  1.8640e+05   1.69e-21
  1.9226e+05   1.60e-21
  1.9831e+05   1.52e-21
  2.0454e+05   1.44e-21
  2.1097e+05   1.36e-21
  2.1761e+05   1.28e-21
  2.2445e+05   1.21e-21
  2.3151e+05   1.14e-21
  2.3879e+05   1.08e-21
  2.4630e+05   1.02e-21
  2.5404e+05   9.58e-22
  2.6203e+05   9.02e-22
  2.7027e+05   8.48e-22
  2.7877e+05   7.97e-22
  2.8753e+05   7.48e-22
  2.9657e+05   7.02e-22
  3.0590e+05   6.58e-22
  3.1552e+05   6.16e-22
  3.2544e+05   5.77e-22
  3.3567e+05   5.39e-22
  3.4623e+05   5.04e-22
  3.5712e+05   4.70e-22
  3.6835e+05   4.38e-22
  3.7993e+05   4.08e-22
  3.9188e+05   3.79e-22
  4.0420e+05   3.53e-22
  4.1691e+05   3.28e-22
  4.3002e+05   3.04e-22
  4.4354e+05   2.82e-22
  4.5749e+05   2.61e-22
  4.7187e+05   2.41e-22
  4.8671e+05   2.23e-22
  5.0202e+05   2.06e-22
  5.1780e+05   1.90e-22
  5.3409e+05   1.75e-22
  5.5088e+05   1.62e-22
  5.6820e+05   1.49e-22
  5.8607e+05   1.37e-22
  6.0450e+05   1.26e-22
  6.2351e+05   1.16e-22
  6.4311e+05   1.06e-22
  6.6334e+05   9.73e-23
  6.8419e+05   8.93e-23
  7.0571e+05   8.17e-23
  7.2790e+05   7.48e-23
  7.5079e+05   6.85e-23
  7.7440e+05   6.27e-23
  7.9875e+05   5.73e-23
  8.2387e+05   5.23e-23
  8.4977e+05   4.79e-23
  8.7649e+05   4.38e-23
  9.0405e+05   3.99e-23
  9.3248e+05   3.65e-23
  9.6180e+05   3.33e-23
  9.9205e+05   3.04e-23
  1.0232e+06   2.77e-23
  1.0554e+06   2.53e-23
  1.0886e+06   2.31e-23
  1.1228e+06   2.11e-23
  1.1581e+06   1.92e-23
  1.1946e+06   1.75e-23
  1.2321e+06   1.60e-23
  1.2709e+06   1.46e-23
  1.3108e+06   1.33e-23
  1.3521e+06   1.21e-23
  1.3946e+06   1.11e-23
  1.4384e+06   1.01e-23
  1.4837e+06   9.18e-24
  1.5303e+06   8.38e-24
  1.5784e+06   7.63e-24
  1.6281e+06   6.94e-24
  1.6793e+06   6.34e-24
  1.7321e+06   5.77e-24
  1.7865e+06   5.25e-24
  1.8427e+06   4.78e-24
  1.9006e+06   4.36e-24
  1.9604e+06   3.97e-24
  2.0221e+06   3.60e-24
  2.0856e+06   3.28e-24
  2.1512e+06   2.98e-24
  2.2189e+06   2.71e-24
  2.2886e+06   2.45e-24
  2.3606e+06   2.23e-24
  2.4348e+06   2.03e-24
  2.5114e+06   1.84e-24
  2.5904e+06   1.66e-24
  2.6718e+06   1.51e-24
  2.7558e+06   1.36e-24
  2.8425e+06   1.23e-24
  2.9319e+06   1.11e-24
  3.0241e+06   1.00e-24
  3.1192e+06   9.06e-25
  3.2173e+06   8.13e-25
  3.3184e+06   7.33e-25
  3.4228e+06   6.60e-25
  3.5304e+06   5.93e-25
  3.6414e+06   5.30e-25
  3.7559e+06   4.77e-25
  3.8740e+06   4.29e-25
  3.9958e+06   3.83e-25
  4.1215e+06   3.42e-25
  4.2511e+06   3.07e-25
  4.3848e+06   2.75e-25
  4.5227e+06   2.44e-25
  4.6649e+06   2.18e-25
  4.8116e+06   1.95e-25
  4.9629e+06   1.74e-25
  5.1189e+06   1.54e-25
  5.2799e+06   1.38e-25
  5.4459e+06   1.23e-25
  5.6171e+06   1.10e-25
  5.7938e+06   9.76e-26
  5.9760e+06   8.76e-26
  6.1639e+06   7.83e-26
  6.3577e+06   6.97e-26
  6.5576e+06   6.22e-26
  6.7638e+06   5.58e-26
  6.9765e+06   4.99e-26
  7.1959e+06   4.44e-26
  7.4222e+06   3.97e-26
  7.6556e+06   3.56e-26
  7.8963e+06   3.18e-26
  8.1446e+06   2.82e-26
  8.4007e+06   2.55e-26
  8.6649e+06   2.29e-26
  8.9373e+06   2.05e-26
  9.2184e+06   1.83e-26
  9.5082e+06   1.66e-26
  9.8072e+06   1.49e-26
  1.0116e+07   1.33e-26
  1.0434e+07   1.21e-26
  1.0762e+07   1.12e-26
  1.1100e+07   1.01e-26
  1.1449e+07   8.99e-27
  1.1809e+07   8.87e-27
  1.2181e+07   8.59e-27
  1.2564e+07   7.90e-27
  1.2959e+07   6.94e-27
  1.3366e+07   5.48e-27
  1.3786e+07   4.22e-27
  1.4220e+07   3.17e-27
