#  E [MeV]   Flux [# cm^{-2} s^{-1}  MeV^{-1}]
  3.0000e+04   3.39e-23
  3.0696e+04   3.27e-23
  3.1408e+04   3.15e-23
  3.2137e+04   3.03e-23
  3.2883e+04   2.92e-23
  3.3646e+04   2.81e-23
  3.4426e+04   2.71e-23
  3.5225e+04   2.61e-23
  3.6042e+04   2.51e-23
  3.6878e+04   2.42e-23
  3.7734e+04   2.32e-23
  3.8609e+04   2.24e-23
  3.9505e+04   2.15e-23
  4.0422e+04   2.07e-23
  4.1360e+04   1.99e-23
  4.2319e+04   1.91e-23
  4.3301e+04   1.84e-23
  4.4306e+04   1.77e-23
  4.5334e+04   1.70e-23
  4.6386e+04   1.63e-23
  4.7462e+04   1.57e-23
  4.8563e+04   1.50e-23
  4.9690e+04   1.44e-23
  5.0843e+04   1.39e-23
  5.2022e+04   1.33e-23
  5.3229e+04   1.28e-23
  5.4464e+04   1.22e-23
  5.5728e+04   1.17e-23
  5.7021e+04   1.13e-23
  5.8344e+04   1.08e-23
  5.9697e+04   1.03e-23
  6.1083e+04   9.90e-24
  6.2500e+04   9.48e-24
  6.3950e+04   9.08e-24
  6.5434e+04   8.69e-24
  6.6952e+04   8.31e-24
  6.8505e+04   7.95e-24
  7.0095e+04   7.61e-24
  7.1721e+04   7.27e-24
  7.3385e+04   6.95e-24
  7.5088e+04   6.63e-24
  7.6830e+04   6.34e-24
  7.8612e+04   6.05e-24
  8.0436e+04   5.78e-24
  8.2302e+04   5.51e-24
  8.4212e+04   5.25e-24
  8.6166e+04   5.01e-24
  8.8165e+04   4.78e-24
  9.0210e+04   4.56e-24
  9.2304e+04   4.34e-24
  9.4445e+04   4.13e-24
  9.6636e+04   3.93e-24
  9.8878e+04   3.74e-24
  1.0117e+05   3.56e-24
  1.0352e+05   3.39e-24
  1.0592e+05   3.22e-24
  1.0838e+05   3.06e-24
  1.1089e+05   2.91e-24
  1.1347e+05   2.76e-24
  1.1610e+05   2.62e-24
  1.1879e+05   2.49e-24
  1.2155e+05   2.36e-24
  1.2437e+05   2.24e-24
  1.2725e+05   2.12e-24
  1.3021e+05   2.01e-24
  1.3323e+05   1.90e-24
  1.3632e+05   1.80e-24
  1.3948e+05   1.71e-24
  1.4272e+05   1.61e-24
  1.4603e+05   1.53e-24
  1.4942e+05   1.44e-24
  1.5288e+05   1.36e-24
  1.5643e+05   1.28e-24
  1.6006e+05   1.21e-24
  1.6377e+05   1.14e-24
  1.6757e+05   1.07e-24
  1.7146e+05   1.01e-24
  1.7544e+05   9.54e-25
  1.7951e+05   8.98e-25
  1.8368e+05   8.44e-25
  1.8794e+05   7.93e-25
  1.9230e+05   7.44e-25
  1.9676e+05   7.00e-25
  2.0132e+05   6.57e-25
  2.0600e+05   6.16e-25
  2.1078e+05   5.77e-25
  2.1567e+05   5.40e-25
  2.2067e+05   5.07e-25
  2.2579e+05   4.75e-25
  2.3103e+05   4.44e-25
  2.3639e+05   4.14e-25
  2.4187e+05   3.86e-25
  2.4748e+05   3.62e-25
  2.5323e+05   3.38e-25
  2.5910e+05   3.15e-25
  2.6511e+05   2.93e-25
  2.7126e+05   2.72e-25
  2.7756e+05   2.54e-25
  2.8400e+05   2.36e-25
  2.9059e+05   2.20e-25
  2.9733e+05   2.03e-25
  3.0423e+05   1.88e-25
  3.1129e+05   1.75e-25
  3.1851e+05   1.62e-25
  3.2590e+05   1.50e-25
  3.3346e+05   1.39e-25
  3.4120e+05   1.28e-25
  3.4911e+05   1.19e-25
  3.5721e+05   1.10e-25
  3.6550e+05   1.01e-25
  3.7398e+05   9.31e-26
  3.8266e+05   8.55e-26
  3.9154e+05   7.90e-26
  4.0062e+05   7.28e-26
  4.0991e+05   6.70e-26
  4.1943e+05   6.13e-26
  4.2916e+05   5.61e-26
  4.3911e+05   5.17e-26
  4.4930e+05   4.75e-26
  4.5973e+05   4.35e-26
  4.7039e+05   3.97e-26
  4.8131e+05   3.62e-26
  4.9247e+05   3.33e-26
  5.0390e+05   3.05e-26
  5.1559e+05   2.78e-26
  5.2755e+05   2.53e-26
  5.3979e+05   2.30e-26
  5.5232e+05   2.10e-26
  5.6513e+05   1.92e-26
  5.7824e+05   1.75e-26
  5.9166e+05   1.58e-26
  6.0539e+05   1.43e-26
  6.1943e+05   1.30e-26
  6.3381e+05   1.19e-26
  6.4851e+05   1.08e-26
  6.6356e+05   9.73e-27
  6.7895e+05   8.76e-27
  6.9471e+05   7.99e-27
  7.1082e+05   7.26e-27
  7.2732e+05   6.57e-27
  7.4419e+05   5.91e-27
  7.6146e+05   5.31e-27
  7.7912e+05   4.84e-27
  7.9720e+05   4.39e-27
  8.1570e+05   3.97e-27
  8.3462e+05   3.57e-27
  8.5399e+05   3.19e-27
  8.7380e+05   2.91e-27
  8.9407e+05   2.64e-27
  9.1482e+05   2.38e-27
  9.3604e+05   2.14e-27
  9.5776e+05   1.92e-27
  9.7998e+05   1.75e-27
  1.0027e+06   1.59e-27
  1.0260e+06   1.44e-27
  1.0498e+06   1.29e-27
  1.0741e+06   1.16e-27
  1.0991e+06   1.06e-27
  1.1246e+06   9.64e-28
  1.1507e+06   8.74e-28
  1.1774e+06   7.90e-28
  1.2047e+06   7.11e-28
  1.2326e+06   6.52e-28
  1.2612e+06   5.97e-28
  1.2905e+06   5.45e-28
  1.3204e+06   4.95e-28
  1.3511e+06   4.48e-28
  1.3824e+06   4.14e-28
  1.4145e+06   3.81e-28
  1.4473e+06   3.50e-28
  1.4809e+06   3.20e-28
  1.5152e+06   2.92e-28
  1.5504e+06   2.71e-28
  1.5864e+06   2.51e-28
  1.6232e+06   2.32e-28
  1.6608e+06   2.13e-28
  1.6994e+06   1.96e-28
  1.7388e+06   1.83e-28
  1.7791e+06   1.70e-28
  1.8204e+06   1.58e-28
  1.8626e+06   1.47e-28
  1.9059e+06   1.36e-28
  1.9501e+06   1.27e-28
  1.9953e+06   1.19e-28
  2.0416e+06   1.11e-28
  2.0890e+06   1.03e-28
  2.1375e+06   9.56e-29
  2.1870e+06   8.93e-29
  2.2378e+06   8.33e-29
  2.2897e+06   7.76e-29
  2.3428e+06   7.21e-29
  2.3972e+06   6.69e-29
  2.4528e+06   6.20e-29
  2.5097e+06   5.74e-29
  2.5680e+06   5.30e-29
  2.6275e+06   4.88e-29
  2.6885e+06   4.48e-29
  2.7509e+06   4.19e-29
  2.8147e+06   3.93e-29
  2.8800e+06   3.68e-29
