#  E [GeV]   # per interaction  [GeV^{-1}]
  3.0000e+01   3.66e-01
  3.0696e+01   3.54e-01
  3.1408e+01   3.42e-01
  3.2137e+01   3.31e-01
  3.2883e+01   3.19e-01
  3.3646e+01   3.08e-01
  3.4426e+01   2.98e-01
  3.5225e+01   2.87e-01
  3.6042e+01   2.77e-01
  3.6878e+01   2.67e-01
  3.7734e+01   2.58e-01
  3.8609e+01   2.48e-01
  3.9505e+01   2.39e-01
  4.0422e+01   2.31e-01
  4.1360e+01   2.22e-01
  4.2319e+01   2.14e-01
  4.3301e+01   2.06e-01
  4.4306e+01   1.98e-01
  4.5334e+01   1.91e-01
  4.6386e+01   1.84e-01
  4.7462e+01   1.77e-01
  4.8563e+01   1.70e-01
  4.9690e+01   1.64e-01
  5.0843e+01   1.58e-01
  5.2022e+01   1.52e-01
  5.3229e+01   1.46e-01
  5.4464e+01   1.41e-01
  5.5728e+01   1.36e-01
  5.7021e+01   1.30e-01
  5.8344e+01   1.25e-01
  5.9697e+01   1.21e-01
  6.1083e+01   1.16e-01
  6.2500e+01   1.12e-01
  6.3950e+01   1.07e-01
  6.5434e+01   1.03e-01
  6.6952e+01   9.90e-02
  6.8505e+01   9.51e-02
  7.0095e+01   9.13e-02
  7.1721e+01   8.76e-02
  7.3385e+01   8.41e-02
  7.5088e+01   8.06e-02
  7.6830e+01   7.73e-02
  7.8612e+01   7.41e-02
  8.0436e+01   7.11e-02
  8.2302e+01   6.81e-02
  8.4212e+01   6.52e-02
  8.6166e+01   6.24e-02
  8.8165e+01   5.98e-02
  9.0210e+01   5.72e-02
  9.2304e+01   5.48e-02
  9.4445e+01   5.24e-02
  9.6636e+01   5.01e-02
  9.8878e+01   4.79e-02
  1.0117e+02   4.57e-02
  1.0352e+02   4.37e-02
  1.0592e+02   4.17e-02
  1.0838e+02   3.98e-02
  1.1089e+02   3.80e-02
  1.1347e+02   3.63e-02
  1.1610e+02   3.46e-02
  1.1879e+02   3.30e-02
  1.2155e+02   3.14e-02
  1.2437e+02   2.99e-02
  1.2725e+02   2.85e-02
  1.3021e+02   2.71e-02
  1.3323e+02   2.58e-02
  1.3632e+02   2.45e-02
  1.3948e+02   2.33e-02
  1.4272e+02   2.22e-02
  1.4603e+02   2.11e-02
  1.4942e+02   2.00e-02
  1.5288e+02   1.89e-02
  1.5643e+02   1.80e-02
  1.6006e+02   1.70e-02
  1.6377e+02   1.61e-02
  1.6757e+02   1.53e-02
  1.7146e+02   1.44e-02
  1.7544e+02   1.37e-02
  1.7951e+02   1.29e-02
  1.8368e+02   1.22e-02
  1.8794e+02   1.15e-02
  1.9230e+02   1.09e-02
  1.9676e+02   1.03e-02
  2.0132e+02   9.68e-03
  2.0600e+02   9.12e-03
  2.1078e+02   8.59e-03
  2.1567e+02   8.07e-03
  2.2067e+02   7.60e-03
  2.2579e+02   7.14e-03
  2.3103e+02   6.71e-03
  2.3639e+02   6.29e-03
  2.4187e+02   5.89e-03
  2.4748e+02   5.53e-03
  2.5323e+02   5.19e-03
  2.5910e+02   4.86e-03
  2.6511e+02   4.54e-03
  2.7126e+02   4.23e-03
  2.7756e+02   3.96e-03
  2.8400e+02   3.70e-03
  2.9059e+02   3.45e-03
  2.9733e+02   3.21e-03
  3.0423e+02   2.98e-03
  3.1129e+02   2.77e-03
  3.1851e+02   2.58e-03
  3.2590e+02   2.40e-03
  3.3346e+02   2.22e-03
  3.4120e+02   2.05e-03
  3.4911e+02   1.90e-03
  3.5721e+02   1.77e-03
  3.6550e+02   1.63e-03
  3.7398e+02   1.51e-03
  3.8266e+02   1.39e-03
  3.9154e+02   1.28e-03
  4.0062e+02   1.18e-03
  4.0991e+02   1.09e-03
  4.1943e+02   1.00e-03
  4.2916e+02   9.17e-04
  4.3911e+02   8.44e-04
  4.4930e+02   7.77e-04
  4.5973e+02   7.13e-04
  4.7039e+02   6.52e-04
  4.8131e+02   5.94e-04
  4.9247e+02   5.44e-04
  5.0390e+02   4.99e-04
  5.1559e+02   4.56e-04
  5.2755e+02   4.15e-04
  5.3979e+02   3.76e-04
  5.5232e+02   3.43e-04
  5.6513e+02   3.13e-04
  5.7824e+02   2.85e-04
  5.9166e+02   2.58e-04
  6.0539e+02   2.33e-04
  6.1943e+02   2.11e-04
  6.3381e+02   1.92e-04
  6.4851e+02   1.74e-04
  6.6356e+02   1.57e-04
  6.7895e+02   1.41e-04
  6.9471e+02   1.27e-04
  7.1082e+02   1.16e-04
  7.2732e+02   1.04e-04
  7.4419e+02   9.37e-05
  7.6146e+02   8.37e-05
  7.7912e+02   7.54e-05
  7.9720e+02   6.82e-05
  8.1570e+02   6.14e-05
  8.3462e+02   5.49e-05
  8.5399e+02   4.88e-05
  8.7380e+02   4.38e-05
  8.9407e+02   3.96e-05
  9.1482e+02   3.55e-05
  9.3604e+02   3.17e-05
  9.5776e+02   2.81e-05
  9.7998e+02   2.51e-05
  1.0027e+03   2.26e-05
  1.0260e+03   2.03e-05
  1.0498e+03   1.80e-05
  1.0741e+03   1.59e-05
  1.0991e+03   1.42e-05
  1.1246e+03   1.28e-05
  1.1507e+03   1.14e-05
  1.1774e+03   1.01e-05
  1.2047e+03   8.91e-06
  1.2326e+03   7.93e-06
  1.2612e+03   7.14e-06
  1.2905e+03   6.39e-06
  1.3204e+03   5.68e-06
  1.3511e+03   5.00e-06
  1.3824e+03   4.46e-06
  1.4145e+03   4.02e-06
  1.4473e+03   3.61e-06
  1.4809e+03   3.22e-06
  1.5152e+03   2.85e-06
  1.5504e+03   2.55e-06
  1.5864e+03   2.31e-06
  1.6232e+03   2.08e-06
  1.6608e+03   1.87e-06
  1.6994e+03   1.66e-06
  1.7388e+03   1.50e-06
  1.7791e+03   1.37e-06
  1.8204e+03   1.25e-06
  1.8626e+03   1.14e-06
  1.9059e+03   1.03e-06
  1.9501e+03   9.42e-07
  1.9953e+03   8.72e-07
  2.0416e+03   8.04e-07
  2.0890e+03   7.39e-07
  2.1375e+03   6.78e-07
  2.1870e+03   6.25e-07
  2.2378e+03   5.81e-07
  2.2897e+03   5.39e-07
  2.3428e+03   4.99e-07
  2.3972e+03   4.60e-07
  2.4528e+03   4.25e-07
  2.5097e+03   3.93e-07
  2.5680e+03   3.62e-07
  2.6275e+03   3.32e-07
  2.6885e+03   3.04e-07
  2.7509e+03   2.81e-07
  2.8147e+03   2.64e-07
  2.8800e+03   2.47e-07
