#  E [MeV]   Flux [# cm^{-2} s^{-1}  MeV^{-1}]
  3.0000e+04   1.22e-22
  3.0517e+04   1.18e-22
  3.1043e+04   1.15e-22
  3.1578e+04   1.11e-22
  3.2123e+04   1.08e-22
  3.2676e+04   1.05e-22
  3.3240e+04   1.01e-22
  3.3813e+04   9.81e-23
  3.4396e+04   9.51e-23
  3.4989e+04   9.21e-23
  3.5592e+04   8.92e-23
  3.6205e+04   8.64e-23
  3.6829e+04   8.37e-23
  3.7464e+04   8.10e-23
  3.8110e+04   7.84e-23
  3.8767e+04   7.60e-23
  3.9435e+04   7.35e-23
  4.0115e+04   7.12e-23
  4.0807e+04   6.89e-23
  4.1510e+04   6.66e-23
  4.2226e+04   6.44e-23
  4.2953e+04   6.23e-23
  4.3694e+04   6.03e-23
  4.4447e+04   5.83e-23
  4.5213e+04   5.63e-23
  4.5993e+04   5.44e-23
  4.6786e+04   5.26e-23
  4.7592e+04   5.08e-23
  4.8412e+04   4.91e-23
  4.9247e+04   4.74e-23
  5.0096e+04   4.58e-23
  5.0960e+04   4.43e-23
  5.1838e+04   4.27e-23
  5.2732e+04   4.12e-23
  5.3641e+04   3.98e-23
  5.4565e+04   3.84e-23
  5.5506e+04   3.71e-23
  5.6463e+04   3.58e-23
  5.7436e+04   3.45e-23
  5.8426e+04   3.33e-23
  5.9433e+04   3.21e-23
  6.0458e+04   3.09e-23
  6.1500e+04   2.98e-23
  6.2560e+04   2.88e-23
  6.3639e+04   2.77e-23
  6.4736e+04   2.67e-23
  6.5852e+04   2.57e-23
  6.6987e+04   2.48e-23
  6.8142e+04   2.39e-23
  6.9316e+04   2.30e-23
  7.0511e+04   2.21e-23
  7.1727e+04   2.13e-23
  7.2963e+04   2.05e-23
  7.4221e+04   1.97e-23
  7.5500e+04   1.90e-23
  7.6802e+04   1.83e-23
  7.8126e+04   1.76e-23
  7.9472e+04   1.69e-23
  8.0842e+04   1.63e-23
  8.2236e+04   1.56e-23
  8.3654e+04   1.50e-23
  8.5096e+04   1.44e-23
  8.6563e+04   1.39e-23
  8.8055e+04   1.33e-23
  8.9573e+04   1.28e-23
  9.1117e+04   1.23e-23
  9.2687e+04   1.18e-23
  9.4285e+04   1.13e-23
  9.5911e+04   1.08e-23
  9.7564e+04   1.04e-23
  9.9246e+04   9.97e-24
  1.0096e+05   9.56e-24
  1.0270e+05   9.16e-24
  1.0447e+05   8.77e-24
  1.0627e+05   8.39e-24
  1.0810e+05   8.05e-24
  1.0996e+05   7.71e-24
  1.1186e+05   7.39e-24
  1.1379e+05   7.07e-24
  1.1575e+05   6.76e-24
  1.1774e+05   6.46e-24
  1.1977e+05   6.17e-24
  1.2184e+05   5.91e-24
  1.2394e+05   5.65e-24
  1.2608e+05   5.41e-24
  1.2825e+05   5.16e-24
  1.3046e+05   4.93e-24
  1.3271e+05   4.70e-24
  1.3500e+05   4.49e-24
  1.3732e+05   4.29e-24
  1.3969e+05   4.09e-24
  1.4210e+05   3.91e-24
  1.4455e+05   3.72e-24
  1.4704e+05   3.55e-24
  1.4957e+05   3.37e-24
  1.5215e+05   3.22e-24
  1.5478e+05   3.07e-24
  1.5744e+05   2.93e-24
  1.6016e+05   2.78e-24
  1.6292e+05   2.65e-24
  1.6573e+05   2.52e-24
  1.6858e+05   2.39e-24
  1.7149e+05   2.27e-24
  1.7445e+05   2.16e-24
  1.7745e+05   2.06e-24
  1.8051e+05   1.95e-24
  1.8362e+05   1.85e-24
  1.8679e+05   1.75e-24
  1.9001e+05   1.66e-24
  1.9328e+05   1.58e-24
  1.9662e+05   1.50e-24
  2.0001e+05   1.42e-24
  2.0345e+05   1.35e-24
  2.0696e+05   1.27e-24
  2.1053e+05   1.20e-24
  2.1416e+05   1.14e-24
  2.1785e+05   1.08e-24
  2.2160e+05   1.02e-24
  2.2543e+05   9.68e-25
  2.2931e+05   9.15e-25
  2.3326e+05   8.63e-25
  2.3729e+05   8.12e-25
  2.4138e+05   7.69e-25
  2.4554e+05   7.28e-25
  2.4977e+05   6.88e-25
  2.5407e+05   6.49e-25
  2.5845e+05   6.11e-25
  2.6291e+05   5.75e-25
  2.6744e+05   5.40e-25
  2.7205e+05   5.11e-25
  2.7674e+05   4.83e-25
  2.8151e+05   4.56e-25
  2.8637e+05   4.29e-25
  2.9130e+05   4.03e-25
  2.9632e+05   3.79e-25
  3.0143e+05   3.56e-25
  3.0663e+05   3.36e-25
  3.1191e+05   3.17e-25
  3.1729e+05   2.99e-25
  3.2276e+05   2.81e-25
  3.2832e+05   2.63e-25
  3.3398e+05   2.47e-25
  3.3974e+05   2.32e-25
  3.4560e+05   2.20e-25
  3.5155e+05   2.07e-25
  3.5761e+05   1.95e-25
  3.6378e+05   1.84e-25
  3.7005e+05   1.73e-25
  3.7643e+05   1.62e-25
  3.8292e+05   1.53e-25
  3.8952e+05   1.45e-25
  3.9623e+05   1.37e-25
  4.0306e+05   1.29e-25
  4.1001e+05   1.22e-25
  4.1708e+05   1.15e-25
  4.2427e+05   1.08e-25
  4.3158e+05   1.03e-25
  4.3902e+05   9.82e-26
  4.4659e+05   9.33e-26
  4.5429e+05   8.86e-26
  4.6212e+05   8.40e-26
  4.7009e+05   7.96e-26
  4.7819e+05   7.57e-26
  4.8643e+05   7.25e-26
  4.9482e+05   6.94e-26
  5.0335e+05   6.63e-26
  5.1203e+05   6.34e-26
  5.2085e+05   6.06e-26
  5.2983e+05   5.78e-26
  5.3897e+05   5.57e-26
  5.4826e+05   5.40e-26
  5.5771e+05   5.23e-26
  5.6732e+05   5.06e-26
  5.7710e+05   4.90e-26
  5.8705e+05   4.74e-26
  5.9717e+05   4.59e-26
  6.0746e+05   4.50e-26
  6.1793e+05   4.42e-26
  6.2859e+05   4.33e-26
  6.3942e+05   4.25e-26
  6.5045e+05   4.17e-26
  6.6166e+05   4.09e-26
  6.7306e+05   4.02e-26
  6.8467e+05   3.99e-26
  6.9647e+05   3.96e-26
  7.0847e+05   3.93e-26
  7.2069e+05   3.90e-26
  7.3311e+05   3.87e-26
  7.4575e+05   3.84e-26
  7.5860e+05   3.59e-26
  7.7168e+05   3.14e-26
  7.8498e+05   2.70e-26
  7.9852e+05   2.28e-26
  8.1228e+05   1.88e-26
  8.2628e+05   1.50e-26
  8.4053e+05   1.14e-26
  8.5502e+05   9.24e-27
  8.6976e+05   7.60e-27
  8.8475e+05   6.03e-27
  9.0000e+05   4.54e-27
