#  E [GeV]   # per interaction  [GeV^{-1}]
  3.0000e+01   2.29e-01
  3.0607e+01   2.21e-01
  3.1227e+01   2.13e-01
  3.1859e+01   2.06e-01
  3.2504e+01   1.98e-01
  3.3163e+01   1.91e-01
  3.3834e+01   1.84e-01
  3.4519e+01   1.78e-01
  3.5218e+01   1.71e-01
  3.5931e+01   1.65e-01
  3.6659e+01   1.59e-01
  3.7401e+01   1.53e-01
  3.8158e+01   1.47e-01
  3.8931e+01   1.41e-01
  3.9719e+01   1.36e-01
  4.0523e+01   1.31e-01
  4.1344e+01   1.26e-01
  4.2181e+01   1.21e-01
  4.3035e+01   1.16e-01
  4.3906e+01   1.12e-01
  4.4795e+01   1.07e-01
  4.5702e+01   1.03e-01
  4.6628e+01   9.90e-02
  4.7572e+01   9.50e-02
  4.8535e+01   9.12e-02
  4.9517e+01   8.76e-02
  5.0520e+01   8.40e-02
  5.1543e+01   8.06e-02
  5.2587e+01   7.72e-02
  5.3651e+01   7.40e-02
  5.4738e+01   7.10e-02
  5.5846e+01   6.80e-02
  5.6977e+01   6.52e-02
  5.8130e+01   6.24e-02
  5.9307e+01   5.97e-02
  6.0508e+01   5.71e-02
  6.1733e+01   5.47e-02
  6.2983e+01   5.24e-02
  6.4258e+01   5.01e-02
  6.5559e+01   4.78e-02
  6.6887e+01   4.57e-02
  6.8241e+01   4.37e-02
  6.9623e+01   4.18e-02
  7.1033e+01   3.99e-02
  7.2471e+01   3.81e-02
  7.3938e+01   3.63e-02
  7.5435e+01   3.47e-02
  7.6963e+01   3.31e-02
  7.8521e+01   3.16e-02
  8.0111e+01   3.01e-02
  8.1733e+01   2.86e-02
  8.3388e+01   2.73e-02
  8.5076e+01   2.59e-02
  8.6799e+01   2.47e-02
  8.8556e+01   2.35e-02
  9.0349e+01   2.24e-02
  9.2178e+01   2.13e-02
  9.4045e+01   2.02e-02
  9.5949e+01   1.92e-02
  9.7892e+01   1.82e-02
  9.9874e+01   1.73e-02
  1.0190e+02   1.64e-02
  1.0396e+02   1.56e-02
  1.0606e+02   1.48e-02
  1.0821e+02   1.40e-02
  1.1040e+02   1.33e-02
  1.1264e+02   1.26e-02
  1.1492e+02   1.19e-02
  1.1725e+02   1.13e-02
  1.1962e+02   1.07e-02
  1.2204e+02   1.01e-02
  1.2451e+02   9.57e-03
  1.2703e+02   9.04e-03
  1.2961e+02   8.54e-03
  1.3223e+02   8.05e-03
  1.3491e+02   7.60e-03
  1.3764e+02   7.19e-03
  1.4043e+02   6.78e-03
  1.4327e+02   6.40e-03
  1.4617e+02   6.02e-03
  1.4913e+02   5.66e-03
  1.5215e+02   5.34e-03
  1.5523e+02   5.03e-03
  1.5837e+02   4.73e-03
  1.6158e+02   4.45e-03
  1.6485e+02   4.17e-03
  1.6819e+02   3.91e-03
  1.7159e+02   3.68e-03
  1.7507e+02   3.46e-03
  1.7861e+02   3.25e-03
  1.8223e+02   3.04e-03
  1.8592e+02   2.84e-03
  1.8968e+02   2.66e-03
  1.9352e+02   2.50e-03
  1.9744e+02   2.34e-03
  2.0144e+02   2.19e-03
  2.0552e+02   2.04e-03
  2.0968e+02   1.90e-03
  2.1392e+02   1.78e-03
  2.1826e+02   1.66e-03
  2.2267e+02   1.55e-03
  2.2718e+02   1.45e-03
  2.3178e+02   1.35e-03
  2.3648e+02   1.25e-03
  2.4126e+02   1.17e-03
  2.4615e+02   1.09e-03
  2.5113e+02   1.01e-03
  2.5622e+02   9.41e-04
  2.6141e+02   8.72e-04
  2.6670e+02   8.06e-04
  2.7210e+02   7.51e-04
  2.7761e+02   6.98e-04
  2.8323e+02   6.48e-04
  2.8896e+02   5.99e-04
  2.9481e+02   5.53e-04
  3.0078e+02   5.10e-04
  3.0687e+02   4.74e-04
  3.1309e+02   4.39e-04
  3.1943e+02   4.05e-04
  3.2589e+02   3.73e-04
  3.3249e+02   3.42e-04
  3.3922e+02   3.15e-04
  3.4609e+02   2.91e-04
  3.5310e+02   2.69e-04
  3.6025e+02   2.47e-04
  3.6754e+02   2.27e-04
  3.7498e+02   2.07e-04
  3.8258e+02   1.91e-04
  3.9032e+02   1.76e-04
  3.9823e+02   1.61e-04
  4.0629e+02   1.48e-04
  4.1452e+02   1.35e-04
  4.2291e+02   1.23e-04
  4.3147e+02   1.13e-04
  4.4021e+02   1.04e-04
  4.4912e+02   9.51e-05
  4.5821e+02   8.67e-05
  4.6749e+02   7.87e-05
  4.7696e+02   7.17e-05
  4.8661e+02   6.59e-05
  4.9647e+02   6.03e-05
  5.0652e+02   5.51e-05
  5.1678e+02   5.00e-05
  5.2724e+02   4.53e-05
  5.3791e+02   4.13e-05
  5.4881e+02   3.79e-05
  5.5992e+02   3.46e-05
  5.7125e+02   3.15e-05
  5.8282e+02   2.86e-05
  5.9462e+02   2.58e-05
  6.0666e+02   2.36e-05
  6.1894e+02   2.17e-05
  6.3148e+02   1.98e-05
  6.4426e+02   1.80e-05
  6.5731e+02   1.63e-05
  6.7061e+02   1.48e-05
  6.8419e+02   1.36e-05
  6.9805e+02   1.25e-05
  7.1218e+02   1.14e-05
  7.2660e+02   1.04e-05
  7.4131e+02   9.48e-06
  7.5632e+02   8.65e-06
  7.7163e+02   7.98e-06
  7.8726e+02   7.34e-06
  8.0320e+02   6.74e-06
  8.1946e+02   6.16e-06
  8.3605e+02   5.62e-06
  8.5298e+02   5.17e-06
  8.7025e+02   4.78e-06
  8.8787e+02   4.42e-06
  9.0585e+02   4.06e-06
  9.2419e+02   3.73e-06
  9.4290e+02   3.42e-06
  9.6199e+02   3.18e-06
  9.8147e+02   2.95e-06
  1.0013e+03   2.74e-06
  1.0216e+03   2.54e-06
  1.0423e+03   2.35e-06
  1.0634e+03   2.18e-06
  1.0849e+03   2.03e-06
  1.1069e+03   1.90e-06
  1.1293e+03   1.77e-06
  1.1522e+03   1.64e-06
  1.1755e+03   1.52e-06
  1.1993e+03   1.42e-06
  1.2236e+03   1.32e-06
  1.2484e+03   1.23e-06
  1.2736e+03   1.14e-06
  1.2994e+03   1.06e-06
  1.3257e+03   9.81e-07
  1.3526e+03   9.08e-07
  1.3800e+03   8.40e-07
  1.4079e+03   7.76e-07
  1.4364e+03   7.14e-07
  1.4655e+03   6.56e-07
  1.4952e+03   6.00e-07
  1.5255e+03   5.61e-07
  1.5563e+03   5.25e-07
  1.5879e+03   4.90e-07
  1.6200e+03   4.57e-07
