#  E [MeV]   Flux [# cm^{-2} s^{-1}  MeV^{-1}]
  3.0000e+04   8.75e-24
  3.0872e+04   8.47e-24
  3.1770e+04   8.19e-24
  3.2694e+04   7.92e-24
  3.3644e+04   7.66e-24
  3.4623e+04   7.40e-24
  3.5629e+04   7.15e-24
  3.6665e+04   6.91e-24
  3.7731e+04   6.67e-24
  3.8829e+04   6.44e-24
  3.9958e+04   6.22e-24
  4.1119e+04   6.01e-24
  4.2315e+04   5.80e-24
  4.3545e+04   5.59e-24
  4.4812e+04   5.40e-24
  4.6115e+04   5.20e-24
  4.7456e+04   5.02e-24
  4.8835e+04   4.84e-24
  5.0255e+04   4.66e-24
  5.1717e+04   4.49e-24
  5.3220e+04   4.33e-24
  5.4768e+04   4.16e-24
  5.6360e+04   4.01e-24
  5.7999e+04   3.85e-24
  5.9686e+04   3.71e-24
  6.1421e+04   3.56e-24
  6.3207e+04   3.42e-24
  6.5045e+04   3.29e-24
  6.6936e+04   3.16e-24
  6.8882e+04   3.04e-24
  7.0885e+04   2.91e-24
  7.2947e+04   2.80e-24
  7.5068e+04   2.68e-24
  7.7250e+04   2.57e-24
  7.9496e+04   2.46e-24
  8.1808e+04   2.36e-24
  8.4187e+04   2.26e-24
  8.6635e+04   2.17e-24
  8.9154e+04   2.07e-24
  9.1746e+04   1.98e-24
  9.4414e+04   1.90e-24
  9.7159e+04   1.82e-24
  9.9984e+04   1.74e-24
  1.0289e+05   1.66e-24
  1.0588e+05   1.58e-24
  1.0896e+05   1.51e-24
  1.1213e+05   1.44e-24
  1.1539e+05   1.38e-24
  1.1875e+05   1.31e-24
  1.2220e+05   1.25e-24
  1.2575e+05   1.19e-24
  1.2941e+05   1.14e-24
  1.3317e+05   1.08e-24
  1.3704e+05   1.03e-24
  1.4103e+05   9.79e-25
  1.4513e+05   9.31e-25
  1.4935e+05   8.85e-25
  1.5369e+05   8.42e-25
  1.5816e+05   8.00e-25
  1.6276e+05   7.60e-25
  1.6749e+05   7.21e-25
  1.7236e+05   6.84e-25
  1.7737e+05   6.49e-25
  1.8253e+05   6.15e-25
  1.8784e+05   5.83e-25
  1.9330e+05   5.52e-25
  1.9892e+05   5.23e-25
  2.0470e+05   4.95e-25
  2.1066e+05   4.68e-25
  2.1678e+05   4.42e-25
  2.2309e+05   4.18e-25
  2.2957e+05   3.94e-25
  2.3625e+05   3.72e-25
  2.4312e+05   3.50e-25
  2.5019e+05   3.30e-25
  2.5746e+05   3.11e-25
  2.6495e+05   2.92e-25
  2.7265e+05   2.75e-25
  2.8058e+05   2.58e-25
  2.8874e+05   2.43e-25
  2.9713e+05   2.28e-25
  3.0577e+05   2.14e-25
  3.1466e+05   2.00e-25
  3.2381e+05   1.88e-25
  3.3323e+05   1.75e-25
  3.4292e+05   1.64e-25
  3.5289e+05   1.53e-25
  3.6315e+05   1.43e-25
  3.7371e+05   1.34e-25
  3.8457e+05   1.25e-25
  3.9576e+05   1.16e-25
  4.0726e+05   1.08e-25
  4.1911e+05   1.01e-25
  4.3129e+05   9.35e-26
  4.4383e+05   8.69e-26
  4.5674e+05   8.06e-26
  4.7002e+05   7.47e-26
  4.8368e+05   6.91e-26
  4.9775e+05   6.41e-26
  5.1222e+05   5.93e-26
  5.2712e+05   5.47e-26
  5.4244e+05   5.05e-26
  5.5821e+05   4.66e-26
  5.7445e+05   4.30e-26
  5.9115e+05   3.96e-26
  6.0834e+05   3.64e-26
  6.2603e+05   3.36e-26
  6.4423e+05   3.09e-26
  6.6296e+05   2.84e-26
  6.8224e+05   2.60e-26
  7.0208e+05   2.39e-26
  7.2249e+05   2.20e-26
  7.4350e+05   2.01e-26
  7.6512e+05   1.84e-26
  7.8736e+05   1.68e-26
  8.1026e+05   1.54e-26
  8.3382e+05   1.40e-26
  8.5806e+05   1.28e-26
  8.8301e+05   1.17e-26
  9.0869e+05   1.06e-26
  9.3511e+05   9.68e-27
  9.6230e+05   8.80e-27
  9.9028e+05   8.03e-27
  1.0191e+06   7.31e-27
  1.0487e+06   6.64e-27
  1.0792e+06   6.02e-27
  1.1106e+06   5.48e-27
  1.1429e+06   4.98e-27
  1.1761e+06   4.51e-27
  1.2103e+06   4.08e-27
  1.2455e+06   3.71e-27
  1.2817e+06   3.36e-27
  1.3190e+06   3.04e-27
  1.3573e+06   2.74e-27
  1.3968e+06   2.49e-27
  1.4374e+06   2.26e-27
  1.4792e+06   2.03e-27
  1.5222e+06   1.83e-27
  1.5665e+06   1.66e-27
  1.6120e+06   1.50e-27
  1.6589e+06   1.35e-27
  1.7071e+06   1.21e-27
  1.7568e+06   1.10e-27
  1.8079e+06   9.93e-28
  1.8604e+06   8.92e-28
  1.9145e+06   7.99e-28
  1.9702e+06   7.23e-28
  2.0275e+06   6.51e-28
  2.0864e+06   5.84e-28
  2.1471e+06   5.21e-28
  2.2095e+06   4.71e-28
  2.2738e+06   4.24e-28
  2.3399e+06   3.79e-28
  2.4079e+06   3.38e-28
  2.4779e+06   3.05e-28
  2.5500e+06   2.74e-28
  2.6241e+06   2.45e-28
  2.7004e+06   2.17e-28
  2.7790e+06   1.96e-28
  2.8598e+06   1.76e-28
  2.9429e+06   1.57e-28
  3.0285e+06   1.39e-28
  3.1165e+06   1.25e-28
  3.2072e+06   1.12e-28
  3.3004e+06   9.98e-29
  3.3964e+06   8.82e-29
  3.4951e+06   7.94e-29
  3.5968e+06   7.10e-29
  3.7013e+06   6.30e-29
  3.8090e+06   5.56e-29
  3.9197e+06   4.98e-29
  4.0337e+06   4.44e-29
  4.1510e+06   3.93e-29
  4.2717e+06   3.45e-29
  4.3959e+06   3.10e-29
  4.5237e+06   2.76e-29
  4.6552e+06   2.45e-29
  4.7906e+06   2.15e-29
  4.9299e+06   1.93e-29
  5.0732e+06   1.73e-29
  5.2208e+06   1.54e-29
  5.3726e+06   1.36e-29
  5.5288e+06   1.23e-29
  5.6895e+06   1.11e-29
  5.8550e+06   1.00e-29
  6.0252e+06   9.00e-30
  6.2004e+06   8.25e-30
  6.3807e+06   7.55e-30
  6.5662e+06   6.90e-30
  6.7572e+06   6.28e-30
  6.9536e+06   5.82e-30
  7.1558e+06   5.39e-30
  7.3639e+06   4.98e-30
  7.5780e+06   4.59e-30
  7.7984e+06   4.28e-30
  8.0251e+06   3.99e-30
  8.2585e+06   3.71e-30
  8.4986e+06   3.44e-30
  8.7457e+06   3.20e-30
  9.0000e+06   2.96e-30
