#  E [GeV]   # per interaction  [GeV^{-1}]
  3.0000e+01   4.45e-01
  3.0782e+01   4.30e-01
  3.1585e+01   4.16e-01
  3.2409e+01   4.02e-01
  3.3255e+01   3.88e-01
  3.4122e+01   3.75e-01
  3.5012e+01   3.62e-01
  3.5925e+01   3.50e-01
  3.6862e+01   3.38e-01
  3.7824e+01   3.26e-01
  3.8810e+01   3.14e-01
  3.9822e+01   3.03e-01
  4.0861e+01   2.92e-01
  4.1927e+01   2.82e-01
  4.3021e+01   2.71e-01
  4.4143e+01   2.61e-01
  4.5294e+01   2.52e-01
  4.6475e+01   2.42e-01
  4.7688e+01   2.33e-01
  4.8931e+01   2.25e-01
  5.0208e+01   2.16e-01
  5.1517e+01   2.08e-01
  5.2861e+01   2.00e-01
  5.4240e+01   1.92e-01
  5.5654e+01   1.85e-01
  5.7106e+01   1.77e-01
  5.8596e+01   1.70e-01
  6.0124e+01   1.64e-01
  6.1692e+01   1.57e-01
  6.3301e+01   1.51e-01
  6.4952e+01   1.44e-01
  6.6647e+01   1.38e-01
  6.8385e+01   1.33e-01
  7.0169e+01   1.27e-01
  7.1999e+01   1.22e-01
  7.3877e+01   1.17e-01
  7.5804e+01   1.12e-01
  7.7781e+01   1.07e-01
  7.9810e+01   1.02e-01
  8.1891e+01   9.80e-02
  8.4027e+01   9.37e-02
  8.6219e+01   8.96e-02
  8.8468e+01   8.57e-02
  9.0775e+01   8.19e-02
  9.3143e+01   7.83e-02
  9.5572e+01   7.48e-02
  9.8065e+01   7.14e-02
  1.0062e+02   6.82e-02
  1.0325e+02   6.51e-02
  1.0594e+02   6.21e-02
  1.0870e+02   5.92e-02
  1.1154e+02   5.65e-02
  1.1445e+02   5.38e-02
  1.1743e+02   5.13e-02
  1.2050e+02   4.88e-02
  1.2364e+02   4.65e-02
  1.2686e+02   4.42e-02
  1.3017e+02   4.21e-02
  1.3357e+02   4.00e-02
  1.3705e+02   3.80e-02
  1.4063e+02   3.61e-02
  1.4429e+02   3.43e-02
  1.4806e+02   3.25e-02
  1.5192e+02   3.08e-02
  1.5588e+02   2.93e-02
  1.5995e+02   2.77e-02
  1.6412e+02   2.63e-02
  1.6840e+02   2.49e-02
  1.7279e+02   2.35e-02
  1.7730e+02   2.23e-02
  1.8193e+02   2.11e-02
  1.8667e+02   1.99e-02
  1.9154e+02   1.88e-02
  1.9654e+02   1.78e-02
  2.0166e+02   1.68e-02
  2.0692e+02   1.58e-02
  2.1232e+02   1.49e-02
  2.1786e+02   1.40e-02
  2.2354e+02   1.32e-02
  2.2937e+02   1.25e-02
  2.3535e+02   1.17e-02
  2.4149e+02   1.10e-02
  2.4779e+02   1.03e-02
  2.5425e+02   9.72e-03
  2.6088e+02   9.11e-03
  2.6769e+02   8.53e-03
  2.7467e+02   8.00e-03
  2.8184e+02   7.49e-03
  2.8919e+02   7.01e-03
  2.9673e+02   6.55e-03
  3.0447e+02   6.12e-03
  3.1241e+02   5.72e-03
  3.2056e+02   5.34e-03
  3.2892e+02   4.97e-03
  3.3750e+02   4.63e-03
  3.4630e+02   4.32e-03
  3.5533e+02   4.02e-03
  3.6460e+02   3.74e-03
  3.7411e+02   3.47e-03
  3.8387e+02   3.22e-03
  3.9388e+02   2.99e-03
  4.0416e+02   2.77e-03
  4.1470e+02   2.57e-03
  4.2551e+02   2.37e-03
  4.3661e+02   2.20e-03
  4.4800e+02   2.03e-03
  4.5969e+02   1.88e-03
  4.7168e+02   1.73e-03
  4.8398e+02   1.60e-03
  4.9660e+02   1.47e-03
  5.0956e+02   1.36e-03
  5.2285e+02   1.25e-03
  5.3648e+02   1.14e-03
  5.5048e+02   1.05e-03
  5.6483e+02   9.67e-04
  5.7957e+02   8.86e-04
  5.9468e+02   8.10e-04
  6.1020e+02   7.43e-04
  6.2611e+02   6.81e-04
  6.4244e+02   6.24e-04
  6.5920e+02   5.69e-04
  6.7639e+02   5.18e-04
  6.9403e+02   4.75e-04
  7.1214e+02   4.34e-04
  7.3071e+02   3.96e-04
  7.4977e+02   3.59e-04
  7.6933e+02   3.28e-04
  7.8939e+02   2.99e-04
  8.0998e+02   2.73e-04
  8.3111e+02   2.47e-04
  8.5279e+02   2.24e-04
  8.7503e+02   2.05e-04
  8.9785e+02   1.86e-04
  9.2127e+02   1.69e-04
  9.4530e+02   1.52e-04
  9.6996e+02   1.39e-04
  9.9526e+02   1.26e-04
  1.0212e+03   1.14e-04
  1.0479e+03   1.03e-04
  1.0752e+03   9.31e-05
  1.1032e+03   8.47e-05
  1.1320e+03   7.68e-05
  1.1615e+03   6.94e-05
  1.1918e+03   6.24e-05
  1.2229e+03   5.67e-05
  1.2548e+03   5.14e-05
  1.2875e+03   4.65e-05
  1.3211e+03   4.18e-05
  1.3556e+03   3.77e-05
  1.3909e+03   3.43e-05
  1.4272e+03   3.10e-05
  1.4644e+03   2.80e-05
  1.5026e+03   2.51e-05
  1.5418e+03   2.28e-05
  1.5820e+03   2.07e-05
  1.6233e+03   1.86e-05
  1.6657e+03   1.67e-05
  1.7091e+03   1.51e-05
  1.7537e+03   1.37e-05
  1.7994e+03   1.24e-05
  1.8464e+03   1.12e-05
  1.8945e+03   1.00e-05
  1.9439e+03   9.11e-06
  1.9946e+03   8.27e-06
  2.0467e+03   7.47e-06
  2.1000e+03   6.71e-06
  2.1548e+03   6.05e-06
  2.2110e+03   5.49e-06
  2.2687e+03   4.97e-06
  2.3279e+03   4.46e-06
  2.3886e+03   3.99e-06
  2.4509e+03   3.64e-06
  2.5148e+03   3.30e-06
  2.5804e+03   2.99e-06
  2.6477e+03   2.69e-06
  2.7168e+03   2.44e-06
  2.7876e+03   2.23e-06
  2.8603e+03   2.03e-06
  2.9349e+03   1.84e-06
  3.0115e+03   1.67e-06
  3.0900e+03   1.54e-06
  3.1706e+03   1.43e-06
  3.2533e+03   1.32e-06
  3.3382e+03   1.22e-06
  3.4253e+03   1.13e-06
  3.5146e+03   1.06e-06
  3.6063e+03   9.97e-07
  3.7003e+03   9.34e-07
  3.7969e+03   8.76e-07
  3.8959e+03   8.35e-07
  3.9975e+03   7.95e-07
  4.1018e+03   7.57e-07
  4.2088e+03   7.20e-07
  4.3185e+03   6.90e-07
  4.4312e+03   6.64e-07
  4.5467e+03   6.39e-07
  4.6653e+03   6.14e-07
  4.7870e+03   5.90e-07
  4.9119e+03   5.68e-07
  5.0400e+03   5.46e-07
