#  E [MeV]   Flux [# cm^{-2} s^{-1}  MeV^{-1}]
  3.0000e+04   1.00e-19
  3.0765e+04   9.69e-20
  3.1549e+04   9.36e-20
  3.2354e+04   9.05e-20
  3.3179e+04   8.74e-20
  3.4025e+04   8.44e-20
  3.4892e+04   8.15e-20
  3.5782e+04   7.87e-20
  3.6695e+04   7.59e-20
  3.7630e+04   7.33e-20
  3.8590e+04   7.06e-20
  3.9574e+04   6.81e-20
  4.0583e+04   6.57e-20
  4.1618e+04   6.33e-20
  4.2679e+04   6.10e-20
  4.3767e+04   5.87e-20
  4.4883e+04   5.65e-20
  4.6028e+04   5.44e-20
  4.7201e+04   5.24e-20
  4.8405e+04   5.04e-20
  4.9639e+04   4.85e-20
  5.0905e+04   4.66e-20
  5.2203e+04   4.48e-20
  5.3534e+04   4.31e-20
  5.4899e+04   4.14e-20
  5.6299e+04   3.97e-20
  5.7734e+04   3.81e-20
  5.9207e+04   3.66e-20
  6.0716e+04   3.51e-20
  6.2264e+04   3.37e-20
  6.3852e+04   3.23e-20
  6.5480e+04   3.10e-20
  6.7150e+04   2.97e-20
  6.8862e+04   2.85e-20
  7.0618e+04   2.73e-20
  7.2419e+04   2.61e-20
  7.4265e+04   2.50e-20
  7.6159e+04   2.40e-20
  7.8101e+04   2.30e-20
  8.0092e+04   2.20e-20
  8.2135e+04   2.10e-20
  8.4229e+04   2.01e-20
  8.6377e+04   1.92e-20
  8.8579e+04   1.84e-20
  9.0838e+04   1.76e-20
  9.3154e+04   1.68e-20
  9.5529e+04   1.60e-20
  9.7965e+04   1.53e-20
  1.0046e+05   1.46e-20
  1.0303e+05   1.39e-20
  1.0565e+05   1.33e-20
  1.0835e+05   1.27e-20
  1.1111e+05   1.21e-20
  1.1394e+05   1.15e-20
  1.1685e+05   1.09e-20
  1.1983e+05   1.04e-20
  1.2288e+05   9.92e-21
  1.2602e+05   9.43e-21
  1.2923e+05   8.97e-21
  1.3252e+05   8.52e-21
  1.3590e+05   8.09e-21
  1.3937e+05   7.69e-21
  1.4292e+05   7.30e-21
  1.4657e+05   6.92e-21
  1.5030e+05   6.56e-21
  1.5414e+05   6.22e-21
  1.5807e+05   5.90e-21
  1.6210e+05   5.59e-21
  1.6623e+05   5.29e-21
  1.7047e+05   5.00e-21
  1.7482e+05   4.73e-21
  1.7927e+05   4.48e-21
  1.8384e+05   4.23e-21
  1.8853e+05   3.99e-21
  1.9334e+05   3.77e-21
  1.9827e+05   3.56e-21
  2.0333e+05   3.36e-21
  2.0851e+05   3.16e-21
  2.1383e+05   2.98e-21
  2.1928e+05   2.80e-21
  2.2487e+05   2.64e-21
  2.3060e+05   2.48e-21
  2.3648e+05   2.33e-21
  2.4251e+05   2.19e-21
  2.4870e+05   2.05e-21
  2.5504e+05   1.93e-21
  2.6154e+05   1.80e-21
  2.6821e+05   1.69e-21
  2.7505e+05   1.58e-21
  2.8206e+05   1.48e-21
  2.8926e+05   1.38e-21
  2.9663e+05   1.29e-21
  3.0420e+05   1.21e-21
  3.1195e+05   1.13e-21
  3.1991e+05   1.05e-21
  3.2806e+05   9.78e-22
  3.3643e+05   9.09e-22
  3.4501e+05   8.47e-22
  3.5381e+05   7.88e-22
  3.6283e+05   7.32e-22
  3.7208e+05   6.79e-22
  3.8157e+05   6.29e-22
  3.9130e+05   5.84e-22
  4.0127e+05   5.42e-22
  4.1150e+05   5.01e-22
  4.2200e+05   4.63e-22
  4.3276e+05   4.28e-22
  4.4379e+05   3.96e-22
  4.5511e+05   3.65e-22
  4.6671e+05   3.36e-22
  4.7861e+05   3.09e-22
  4.9082e+05   2.85e-22
  5.0333e+05   2.63e-22
  5.1617e+05   2.41e-22
  5.2933e+05   2.21e-22
  5.4283e+05   2.03e-22
  5.5667e+05   1.87e-22
  5.7086e+05   1.71e-22
  5.8542e+05   1.57e-22
  6.0035e+05   1.43e-22
  6.1565e+05   1.31e-22
  6.3135e+05   1.20e-22
  6.4745e+05   1.10e-22
  6.6396e+05   1.00e-22
  6.8089e+05   9.12e-23
  6.9825e+05   8.35e-23
  7.1606e+05   7.62e-23
  7.3432e+05   6.93e-23
  7.5304e+05   6.28e-23
  7.7224e+05   5.74e-23
  7.9193e+05   5.24e-23
  8.1213e+05   4.76e-23
  8.3283e+05   4.31e-23
  8.5407e+05   3.91e-23
  8.7585e+05   3.57e-23
  8.9818e+05   3.24e-23
  9.2108e+05   2.94e-23
  9.4457e+05   2.65e-23
  9.6866e+05   2.41e-23
  9.9336e+05   2.19e-23
  1.0187e+06   1.99e-23
  1.0447e+06   1.79e-23
  1.0713e+06   1.61e-23
  1.0986e+06   1.47e-23
  1.1266e+06   1.34e-23
  1.1554e+06   1.21e-23
  1.1848e+06   1.09e-23
  1.2150e+06   9.84e-24
  1.2460e+06   8.95e-24
  1.2778e+06   8.10e-24
  1.3104e+06   7.31e-24
  1.3438e+06   6.56e-24
  1.3780e+06   5.98e-24
  1.4132e+06   5.42e-24
  1.4492e+06   4.90e-24
  1.4862e+06   4.41e-24
  1.5241e+06   3.98e-24
  1.5629e+06   3.62e-24
  1.6028e+06   3.28e-24
  1.6436e+06   2.96e-24
  1.6856e+06   2.66e-24
  1.7285e+06   2.42e-24
  1.7726e+06   2.20e-24
  1.8178e+06   1.99e-24
  1.8642e+06   1.79e-24
  1.9117e+06   1.61e-24
  1.9604e+06   1.47e-24
  2.0104e+06   1.33e-24
  2.0617e+06   1.20e-24
  2.1143e+06   1.08e-24
  2.1682e+06   9.77e-25
  2.2235e+06   8.90e-25
  2.2802e+06   8.07e-25
  2.3383e+06   7.29e-25
  2.3979e+06   6.57e-25
  2.4591e+06   6.03e-25
  2.5218e+06   5.51e-25
  2.5861e+06   5.02e-25
  2.6520e+06   4.55e-25
  2.7196e+06   4.19e-25
  2.7890e+06   3.89e-25
  2.8601e+06   3.61e-25
  2.9330e+06   3.34e-25
  3.0078e+06   3.08e-25
  3.0845e+06   2.91e-25
  3.1632e+06   2.74e-25
  3.2438e+06   2.58e-25
  3.3265e+06   2.42e-25
  3.4113e+06   2.29e-25
  3.4983e+06   2.19e-25
  3.5875e+06   2.09e-25
  3.6790e+06   2.00e-25
  3.7728e+06   1.90e-25
  3.8690e+06   1.83e-25
  3.9677e+06   1.77e-25
  4.0689e+06   1.71e-25
  4.1726e+06   1.65e-25
  4.2790e+06   1.59e-25
  4.3881e+06   1.53e-25
  4.5000e+06   1.48e-25
