#  E [MeV]   Flux [# cm^{-2} s^{-1}  MeV^{-1}]
  3.0000e+04   1.24e-23
  3.0696e+04   1.20e-23
  3.1408e+04   1.16e-23
  3.2137e+04   1.12e-23
  3.2883e+04   1.08e-23
  3.3646e+04   1.05e-23
  3.4426e+04   1.01e-23
  3.5225e+04   9.77e-24
  3.6042e+04   9.44e-24
  3.6878e+04   9.12e-24
  3.7734e+04   8.81e-24
  3.8609e+04   8.51e-24
  3.9505e+04   8.22e-24
  4.0422e+04   7.93e-24
  4.1360e+04   7.66e-24
  4.2319e+04   7.39e-24
  4.3301e+04   7.13e-24
  4.4306e+04   6.88e-24
  4.5334e+04   6.64e-24
  4.6386e+04   6.40e-24
  4.7462e+04   6.17e-24
  4.8563e+04   5.95e-24
  4.9690e+04   5.73e-24
  5.0843e+04   5.53e-24
  5.2022e+04   5.32e-24
  5.3229e+04   5.13e-24
  5.4464e+04   4.94e-24
  5.5728e+04   4.76e-24
  5.7021e+04   4.58e-24
  5.8344e+04   4.41e-24
  5.9697e+04   4.24e-24
  6.1083e+04   4.08e-24
  6.2500e+04   3.93e-24
  6.3950e+04   3.78e-24
  6.5434e+04   3.63e-24
  6.6952e+04   3.49e-24
  6.8505e+04   3.36e-24
  7.0095e+04   3.22e-24
  7.1721e+04   3.10e-24
  7.3385e+04   2.97e-24
  7.5088e+04   2.86e-24
  7.6830e+04   2.74e-24
  7.8612e+04   2.63e-24
  8.0436e+04   2.53e-24
  8.2302e+04   2.42e-24
  8.4212e+04   2.32e-24
  8.6166e+04   2.23e-24
  8.8165e+04   2.14e-24
  9.0210e+04   2.05e-24
  9.2304e+04   1.96e-24
  9.4445e+04   1.88e-24
  9.6636e+04   1.80e-24
  9.8878e+04   1.73e-24
  1.0117e+05   1.65e-24
  1.0352e+05   1.58e-24
  1.0592e+05   1.51e-24
  1.0838e+05   1.45e-24
  1.1089e+05   1.38e-24
  1.1347e+05   1.32e-24
  1.1610e+05   1.26e-24
  1.1879e+05   1.21e-24
  1.2155e+05   1.15e-24
  1.2437e+05   1.10e-24
  1.2725e+05   1.05e-24
  1.3021e+05   1.00e-24
  1.3323e+05   9.57e-25
  1.3632e+05   9.13e-25
  1.3948e+05   8.70e-25
  1.4272e+05   8.29e-25
  1.4603e+05   7.89e-25
  1.4942e+05   7.52e-25
  1.5288e+05   7.16e-25
  1.5643e+05   6.81e-25
  1.6006e+05   6.48e-25
  1.6377e+05   6.16e-25
  1.6757e+05   5.85e-25
  1.7146e+05   5.57e-25
  1.7544e+05   5.29e-25
  1.7951e+05   5.02e-25
  1.8368e+05   4.76e-25
  1.8794e+05   4.51e-25
  1.9230e+05   4.28e-25
  1.9676e+05   4.06e-25
  2.0132e+05   3.85e-25
  2.0600e+05   3.64e-25
  2.1078e+05   3.44e-25
  2.1567e+05   3.26e-25
  2.2067e+05   3.08e-25
  2.2579e+05   2.91e-25
  2.3103e+05   2.75e-25
  2.3639e+05   2.60e-25
  2.4187e+05   2.45e-25
  2.4748e+05   2.31e-25
  2.5323e+05   2.18e-25
  2.5910e+05   2.05e-25
  2.6511e+05   1.93e-25
  2.7126e+05   1.82e-25
  2.7756e+05   1.71e-25
  2.8400e+05   1.61e-25
  2.9059e+05   1.51e-25
  2.9733e+05   1.41e-25
  3.0423e+05   1.33e-25
  3.1129e+05   1.25e-25
  3.1851e+05   1.17e-25
  3.2590e+05   1.09e-25
  3.3346e+05   1.02e-25
  3.4120e+05   9.54e-26
  3.4911e+05   8.92e-26
  3.5721e+05   8.32e-26
  3.6550e+05   7.75e-26
  3.7398e+05   7.23e-26
  3.8266e+05   6.74e-26
  3.9154e+05   6.28e-26
  4.0062e+05   5.84e-26
  4.0991e+05   5.42e-26
  4.1943e+05   5.03e-26
  4.2916e+05   4.68e-26
  4.3911e+05   4.35e-26
  4.4930e+05   4.03e-26
  4.5973e+05   3.72e-26
  4.7039e+05   3.45e-26
  4.8131e+05   3.19e-26
  4.9247e+05   2.96e-26
  5.0390e+05   2.73e-26
  5.1559e+05   2.52e-26
  5.2755e+05   2.32e-26
  5.3979e+05   2.14e-26
  5.5232e+05   1.98e-26
  5.6513e+05   1.82e-26
  5.7824e+05   1.67e-26
  5.9166e+05   1.53e-26
  6.0539e+05   1.41e-26
  6.1943e+05   1.30e-26
  6.3381e+05   1.19e-26
  6.4851e+05   1.09e-26
  6.6356e+05   9.99e-27
  6.7895e+05   9.18e-27
  6.9471e+05   8.43e-27
  7.1082e+05   7.72e-27
  7.2732e+05   7.05e-27
  7.4419e+05   6.45e-27
  7.6146e+05   5.92e-27
  7.7912e+05   5.43e-27
  7.9720e+05   4.97e-27
  8.1570e+05   4.53e-27
  8.3462e+05   4.14e-27
  8.5399e+05   3.80e-27
  8.7380e+05   3.48e-27
  8.9407e+05   3.19e-27
  9.1482e+05   2.91e-27
  9.3604e+05   2.66e-27
  9.5776e+05   2.44e-27
  9.7998e+05   2.24e-27
  1.0027e+06   2.06e-27
  1.0260e+06   1.88e-27
  1.0498e+06   1.72e-27
  1.0741e+06   1.59e-27
  1.0991e+06   1.47e-27
  1.1246e+06   1.35e-27
  1.1507e+06   1.24e-27
  1.1774e+06   1.14e-27
  1.2047e+06   1.07e-27
  1.2326e+06   9.91e-28
  1.2612e+06   9.20e-28
  1.2905e+06   8.54e-28
  1.3204e+06   7.94e-28
  1.3511e+06   7.46e-28
  1.3824e+06   7.01e-28
  1.4145e+06   6.59e-28
  1.4473e+06   6.18e-28
  1.4809e+06   5.82e-28
  1.5152e+06   5.53e-28
  1.5504e+06   5.26e-28
  1.5864e+06   5.01e-28
  1.6232e+06   4.76e-28
  1.6608e+06   4.55e-28
  1.6994e+06   4.41e-28
  1.7388e+06   4.28e-28
  1.7791e+06   4.16e-28
  1.8204e+06   4.04e-28
  1.8626e+06   3.94e-28
  1.9059e+06   3.91e-28
  1.9501e+06   3.89e-28
  1.9953e+06   3.86e-28
  2.0416e+06   3.83e-28
  2.0890e+06   3.82e-28
  2.1375e+06   3.95e-28
  2.1870e+06   4.06e-28
  2.2378e+06   4.17e-28
  2.2897e+06   4.26e-28
  2.3428e+06   4.36e-28
  2.3972e+06   4.57e-28
  2.4528e+06   4.77e-28
  2.5097e+06   4.95e-28
  2.5680e+06   5.11e-28
  2.6275e+06   5.12e-28
  2.6885e+06   3.97e-28
  2.7509e+06   2.89e-28
  2.8147e+06   1.88e-28
  2.8800e+06   9.22e-29
