#  E [MeV]   Flux [# cm^{-2} s^{-1}  MeV^{-1}]
  3.0000e+04   6.50e-20
  3.1123e+04   6.24e-20
  3.2288e+04   5.99e-20
  3.3497e+04   5.75e-20
  3.4751e+04   5.52e-20
  3.6051e+04   5.30e-20
  3.7401e+04   5.08e-20
  3.8801e+04   4.88e-20
  4.0253e+04   4.68e-20
  4.1760e+04   4.49e-20
  4.3324e+04   4.31e-20
  4.4945e+04   4.13e-20
  4.6628e+04   3.96e-20
  4.8373e+04   3.80e-20
  5.0184e+04   3.64e-20
  5.2063e+04   3.49e-20
  5.4011e+04   3.35e-20
  5.6033e+04   3.21e-20
  5.8131e+04   3.08e-20
  6.0307e+04   2.95e-20
  6.2564e+04   2.83e-20
  6.4906e+04   2.71e-20
  6.7336e+04   2.59e-20
  6.9857e+04   2.48e-20
  7.2472e+04   2.38e-20
  7.5184e+04   2.28e-20
  7.7999e+04   2.18e-20
  8.0919e+04   2.09e-20
  8.3948e+04   2.00e-20
  8.7090e+04   1.91e-20
  9.0350e+04   1.83e-20
  9.3732e+04   1.75e-20
  9.7241e+04   1.67e-20
  1.0088e+05   1.60e-20
  1.0466e+05   1.53e-20
  1.0858e+05   1.46e-20
  1.1264e+05   1.40e-20
  1.1686e+05   1.33e-20
  1.2123e+05   1.28e-20
  1.2577e+05   1.22e-20
  1.3048e+05   1.16e-20
  1.3536e+05   1.11e-20
  1.4043e+05   1.06e-20
  1.4568e+05   1.01e-20
  1.5114e+05   9.63e-21
  1.5680e+05   9.18e-21
  1.6266e+05   8.74e-21
  1.6875e+05   8.33e-21
  1.7507e+05   7.93e-21
  1.8162e+05   7.55e-21
  1.8842e+05   7.18e-21
  1.9548e+05   6.83e-21
  2.0279e+05   6.50e-21
  2.1039e+05   6.17e-21
  2.1826e+05   5.87e-21
  2.2643e+05   5.57e-21
  2.3491e+05   5.29e-21
  2.4370e+05   5.02e-21
  2.5282e+05   4.76e-21
  2.6229e+05   4.52e-21
  2.7211e+05   4.28e-21
  2.8229e+05   4.06e-21
  2.9286e+05   3.84e-21
  3.0382e+05   3.63e-21
  3.1519e+05   3.43e-21
  3.2699e+05   3.24e-21
  3.3923e+05   3.06e-21
  3.5193e+05   2.89e-21
  3.6511e+05   2.73e-21
  3.7877e+05   2.57e-21
  3.9295e+05   2.42e-21
  4.0766e+05   2.28e-21
  4.2292e+05   2.15e-21
  4.3875e+05   2.02e-21
  4.5518e+05   1.90e-21
  4.7222e+05   1.79e-21
  4.8989e+05   1.68e-21
  5.0823e+05   1.57e-21
  5.2726e+05   1.48e-21
  5.4699e+05   1.38e-21
  5.6747e+05   1.30e-21
  5.8871e+05   1.21e-21
  6.1075e+05   1.14e-21
  6.3361e+05   1.06e-21
  6.5733e+05   9.94e-22
  6.8194e+05   9.29e-22
  7.0746e+05   8.68e-22
  7.3395e+05   8.10e-22
  7.6142e+05   7.56e-22
  7.8992e+05   7.05e-22
  8.1949e+05   6.58e-22
  8.5017e+05   6.13e-22
  8.8199e+05   5.71e-22
  9.1501e+05   5.32e-22
  9.4926e+05   4.95e-22
  9.8479e+05   4.61e-22
  1.0217e+06   4.29e-22
  1.0599e+06   3.99e-22
  1.0996e+06   3.70e-22
  1.1407e+06   3.44e-22
  1.1834e+06   3.20e-22
  1.2277e+06   2.97e-22
  1.2737e+06   2.75e-22
  1.3214e+06   2.56e-22
  1.3708e+06   2.37e-22
  1.4222e+06   2.20e-22
  1.4754e+06   2.04e-22
  1.5306e+06   1.89e-22
  1.5879e+06   1.75e-22
  1.6474e+06   1.62e-22
  1.7090e+06   1.50e-22
  1.7730e+06   1.38e-22
  1.8394e+06   1.28e-22
  1.9082e+06   1.18e-22
  1.9797e+06   1.09e-22
  2.0538e+06   1.01e-22
  2.1306e+06   9.32e-23
  2.2104e+06   8.59e-23
  2.2931e+06   7.93e-23
  2.3790e+06   7.30e-23
  2.4680e+06   6.71e-23
  2.5604e+06   6.18e-23
  2.6563e+06   5.68e-23
  2.7557e+06   5.22e-23
  2.8589e+06   4.80e-23
  2.9659e+06   4.40e-23
  3.0769e+06   4.03e-23
  3.1921e+06   3.69e-23
  3.3116e+06   3.38e-23
  3.4355e+06   3.09e-23
  3.5641e+06   2.82e-23
  3.6976e+06   2.58e-23
  3.8360e+06   2.35e-23
  3.9796e+06   2.14e-23
  4.1285e+06   1.95e-23
  4.2831e+06   1.77e-23
  4.4434e+06   1.61e-23
  4.6097e+06   1.46e-23
  4.7823e+06   1.32e-23
  4.9613e+06   1.19e-23
  5.1470e+06   1.08e-23
  5.3397e+06   9.74e-24
  5.5396e+06   8.76e-24
  5.7470e+06   7.90e-24
  5.9621e+06   7.09e-24
  6.1853e+06   6.35e-24
  6.4168e+06   5.70e-24
  6.6570e+06   5.09e-24
  6.9062e+06   4.53e-24
  7.1647e+06   4.05e-24
  7.4329e+06   3.60e-24
  7.7112e+06   3.18e-24
  7.9998e+06   2.83e-24
  8.2993e+06   2.50e-24
  8.6100e+06   2.20e-24
  8.9323e+06   1.94e-24
  9.2666e+06   1.70e-24
  9.6135e+06   1.48e-24
  9.9734e+06   1.29e-24
  1.0347e+07   1.13e-24
  1.0734e+07   9.76e-25
  1.1136e+07   8.43e-25
  1.1553e+07   7.29e-25
  1.1985e+07   6.24e-25
  1.2434e+07   5.32e-25
  1.2899e+07   4.55e-25
  1.3382e+07   3.85e-25
  1.3883e+07   3.23e-25
  1.4403e+07   2.72e-25
  1.4942e+07   2.26e-25
  1.5501e+07   1.86e-25
  1.6081e+07   1.53e-25
  1.6683e+07   1.25e-25
  1.7308e+07   9.96e-26
  1.7956e+07   7.98e-26
  1.8628e+07   6.28e-26
  1.9325e+07   4.85e-26
  2.0049e+07   3.71e-26
  2.0799e+07   2.78e-26
  2.1578e+07   2.02e-26
  2.2386e+07   1.44e-26
  2.3224e+07   9.91e-27
  2.4093e+07   6.55e-27
  2.4995e+07   4.15e-27
  2.5930e+07   2.50e-27
  2.6901e+07   1.40e-27
  2.7908e+07   7.35e-28
  2.8953e+07   3.55e-28
  3.0037e+07   1.52e-28
  3.1161e+07   5.75e-29
  3.2327e+07   1.88e-29
  3.3537e+07   5.00e-30
  3.4793e+07   1.05e-30
  3.6095e+07   1.73e-31
  3.7446e+07   1.94e-32
  3.8848e+07   1.35e-33
  4.0302e+07   6.57e-35
  4.1811e+07   1.41e-36
  4.3376e+07   1.15e-38
  4.5000e+07   3.06e-41
