#  E [GeV]   # per interaction  [GeV^{-1}]
  3.0000e+01   5.17e-01
  3.1123e+01   4.97e-01
  3.2288e+01   4.78e-01
  3.3497e+01   4.59e-01
  3.4751e+01   4.41e-01
  3.6051e+01   4.23e-01
  3.7401e+01   4.07e-01
  3.8801e+01   3.91e-01
  4.0253e+01   3.75e-01
  4.1760e+01   3.60e-01
  4.3324e+01   3.46e-01
  4.4945e+01   3.32e-01
  4.6628e+01   3.19e-01
  4.8373e+01   3.06e-01
  5.0184e+01   2.94e-01
  5.2063e+01   2.82e-01
  5.4011e+01   2.70e-01
  5.6033e+01   2.59e-01
  5.8131e+01   2.49e-01
  6.0307e+01   2.39e-01
  6.2564e+01   2.29e-01
  6.4906e+01   2.19e-01
  6.7336e+01   2.10e-01
  6.9857e+01   2.02e-01
  7.2472e+01   1.93e-01
  7.5184e+01   1.85e-01
  7.7999e+01   1.77e-01
  8.0919e+01   1.70e-01
  8.3948e+01   1.63e-01
  8.7090e+01   1.56e-01
  9.0350e+01   1.49e-01
  9.3732e+01   1.43e-01
  9.7241e+01   1.37e-01
  1.0088e+02   1.31e-01
  1.0466e+02   1.25e-01
  1.0858e+02   1.20e-01
  1.1264e+02   1.14e-01
  1.1686e+02   1.09e-01
  1.2123e+02   1.04e-01
  1.2577e+02   9.96e-02
  1.3048e+02   9.51e-02
  1.3536e+02   9.08e-02
  1.4043e+02   8.66e-02
  1.4568e+02   8.26e-02
  1.5114e+02   7.87e-02
  1.5680e+02   7.50e-02
  1.6266e+02   7.15e-02
  1.6875e+02   6.80e-02
  1.7507e+02   6.47e-02
  1.8162e+02   6.16e-02
  1.8842e+02   5.85e-02
  1.9548e+02   5.56e-02
  2.0279e+02   5.28e-02
  2.1039e+02   5.01e-02
  2.1826e+02   4.75e-02
  2.2643e+02   4.50e-02
  2.3491e+02   4.27e-02
  2.4370e+02   4.04e-02
  2.5282e+02   3.82e-02
  2.6229e+02   3.61e-02
  2.7211e+02   3.41e-02
  2.8229e+02   3.22e-02
  2.9286e+02   3.04e-02
  3.0382e+02   2.86e-02
  3.1519e+02   2.69e-02
  3.2699e+02   2.54e-02
  3.3923e+02   2.38e-02
  3.5193e+02   2.24e-02
  3.6511e+02   2.10e-02
  3.7877e+02   1.97e-02
  3.9295e+02   1.84e-02
  4.0766e+02   1.73e-02
  4.2292e+02   1.61e-02
  4.3875e+02   1.51e-02
  4.5518e+02   1.41e-02
  4.7222e+02   1.31e-02
  4.8989e+02   1.22e-02
  5.0823e+02   1.14e-02
  5.2726e+02   1.06e-02
  5.4699e+02   9.85e-03
  5.6747e+02   9.15e-03
  5.8871e+02   8.49e-03
  6.1075e+02   7.88e-03
  6.3361e+02   7.30e-03
  6.5733e+02   6.76e-03
  6.8194e+02   6.26e-03
  7.0746e+02   5.79e-03
  7.3395e+02   5.35e-03
  7.6142e+02   4.95e-03
  7.8992e+02   4.57e-03
  8.1949e+02   4.22e-03
  8.5017e+02   3.90e-03
  8.8199e+02   3.60e-03
  9.1501e+02   3.32e-03
  9.4926e+02   3.06e-03
  9.8479e+02   2.82e-03
  1.0217e+03   2.60e-03
  1.0599e+03   2.40e-03
  1.0996e+03   2.21e-03
  1.1407e+03   2.04e-03
  1.1834e+03   1.88e-03
  1.2277e+03   1.73e-03
  1.2737e+03   1.59e-03
  1.3214e+03   1.47e-03
  1.3708e+03   1.35e-03
  1.4222e+03   1.24e-03
  1.4754e+03   1.15e-03
  1.5306e+03   1.05e-03
  1.5879e+03   9.71e-04
  1.6474e+03   8.93e-04
  1.7090e+03   8.22e-04
  1.7730e+03   7.56e-04
  1.8394e+03   6.95e-04
  1.9082e+03   6.39e-04
  1.9797e+03   5.88e-04
  2.0538e+03   5.40e-04
  2.1306e+03   4.95e-04
  2.2104e+03   4.55e-04
  2.2931e+03   4.17e-04
  2.3790e+03   3.82e-04
  2.4680e+03   3.50e-04
  2.5604e+03   3.20e-04
  2.6563e+03   2.92e-04
  2.7557e+03   2.67e-04
  2.8589e+03   2.44e-04
  2.9659e+03   2.22e-04
  3.0769e+03   2.03e-04
  3.1921e+03   1.84e-04
  3.3116e+03   1.67e-04
  3.4355e+03   1.52e-04
  3.5641e+03   1.38e-04
  3.6976e+03   1.25e-04
  3.8360e+03   1.13e-04
  3.9796e+03   1.02e-04
  4.1285e+03   9.14e-05
  4.2831e+03   8.21e-05
  4.4434e+03   7.37e-05
  4.6097e+03   6.59e-05
  4.7823e+03   5.87e-05
  4.9613e+03   5.24e-05
  5.1470e+03   4.65e-05
  5.3397e+03   4.11e-05
  5.5396e+03   3.64e-05
  5.7470e+03   3.20e-05
  5.9621e+03   2.80e-05
  6.1853e+03   2.46e-05
  6.4168e+03   2.15e-05
  6.6570e+03   1.86e-05
  6.9062e+03   1.61e-05
  7.1647e+03   1.39e-05
  7.4329e+03   1.19e-05
  7.7112e+03   1.01e-05
  7.9998e+03   8.61e-06
  8.2993e+03   7.25e-06
  8.6100e+03   6.08e-06
  8.9323e+03   5.07e-06
  9.2666e+03   4.18e-06
  9.6135e+03   3.42e-06
  9.9734e+03   2.79e-06
  1.0347e+04   2.25e-06
  1.0734e+04   1.79e-06
  1.1136e+04   1.42e-06
  1.1553e+04   1.11e-06
  1.1985e+04   8.49e-07
  1.2434e+04   6.49e-07
  1.2899e+04   4.86e-07
  1.3382e+04   3.55e-07
  1.3883e+04   2.59e-07
  1.4403e+04   1.84e-07
  1.4942e+04   1.26e-07
  1.5501e+04   8.59e-08
  1.6081e+04   5.66e-08
  1.6683e+04   3.58e-08
  1.7308e+04   2.21e-08
  1.7956e+04   1.31e-08
  1.8628e+04   7.35e-09
  1.9325e+04   3.96e-09
  2.0049e+04   2.02e-09
  2.0799e+04   9.55e-10
  2.1578e+04   4.22e-10
  2.2386e+04   1.73e-10
  2.3224e+04   6.31e-11
  2.4093e+04   2.06e-11
  2.4995e+04   6.01e-12
  2.5930e+04   1.48e-12
  2.6901e+04   3.01e-13
  2.7908e+04   5.08e-14
  2.8953e+04   6.55e-15
  3.0037e+04   6.16e-16
  3.1161e+04   4.15e-17
  3.2327e+04   1.78e-18
  3.3537e+04   4.41e-20
  3.4793e+04   6.00e-22
  3.6095e+04   3.67e-24
  3.7446e+04   8.35e-27
  3.8848e+04   5.82e-30
  4.0302e+04   8.92e-34
  4.1811e+04   2.00e-38
  4.3376e+04   4.24e-44
  4.5000e+04   1.98e-48
