#  E [MeV]   Flux [# cm^{-2} s^{-1}  MeV^{-1}]
  3.0000e+04   2.44e-25
  3.1232e+04   2.33e-25
  3.2514e+04   2.23e-25
  3.3849e+04   2.13e-25
  3.5238e+04   2.04e-25
  3.6685e+04   1.95e-25
  3.8191e+04   1.87e-25
  3.9759e+04   1.78e-25
  4.1391e+04   1.71e-25
  4.3090e+04   1.63e-25
  4.4859e+04   1.56e-25
  4.6701e+04   1.49e-25
  4.8618e+04   1.42e-25
  5.0614e+04   1.36e-25
  5.2692e+04   1.30e-25
  5.4855e+04   1.24e-25
  5.7107e+04   1.19e-25
  5.9451e+04   1.13e-25
  6.1892e+04   1.08e-25
  6.4433e+04   1.03e-25
  6.7078e+04   9.88e-26
  6.9832e+04   9.44e-26
  7.2699e+04   9.02e-26
  7.5683e+04   8.61e-26
  7.8790e+04   8.22e-26
  8.2025e+04   7.85e-26
  8.5392e+04   7.49e-26
  8.8898e+04   7.15e-26
  9.2547e+04   6.83e-26
  9.6347e+04   6.51e-26
  1.0030e+05   6.22e-26
  1.0442e+05   5.93e-26
  1.0871e+05   5.66e-26
  1.1317e+05   5.40e-26
  1.1782e+05   5.15e-26
  1.2265e+05   4.91e-26
  1.2769e+05   4.68e-26
  1.3293e+05   4.46e-26
  1.3839e+05   4.25e-26
  1.4407e+05   4.05e-26
  1.4998e+05   3.86e-26
  1.5614e+05   3.67e-26
  1.6255e+05   3.50e-26
  1.6922e+05   3.33e-26
  1.7617e+05   3.17e-26
  1.8340e+05   3.02e-26
  1.9093e+05   2.87e-26
  1.9877e+05   2.73e-26
  2.0693e+05   2.59e-26
  2.1543e+05   2.47e-26
  2.2427e+05   2.34e-26
  2.3348e+05   2.23e-26
  2.4306e+05   2.11e-26
  2.5304e+05   2.01e-26
  2.6343e+05   1.90e-26
  2.7424e+05   1.80e-26
  2.8550e+05   1.71e-26
  2.9722e+05   1.62e-26
  3.0942e+05   1.54e-26
  3.2213e+05   1.45e-26
  3.3535e+05   1.38e-26
  3.4912e+05   1.30e-26
  3.6345e+05   1.23e-26
  3.7837e+05   1.16e-26
  3.9390e+05   1.10e-26
  4.1008e+05   1.04e-26
  4.2691e+05   9.77e-27
  4.4444e+05   9.21e-27
  4.6268e+05   8.68e-27
  4.8168e+05   8.18e-27
  5.0145e+05   7.70e-27
  5.2204e+05   7.24e-27
  5.4347e+05   6.81e-27
  5.6578e+05   6.40e-27
  5.8901e+05   6.01e-27
  6.1319e+05   5.64e-27
  6.3836e+05   5.29e-27
  6.6457e+05   4.96e-27
  6.9185e+05   4.65e-27
  7.2025e+05   4.36e-27
  7.4982e+05   4.08e-27
  7.8061e+05   3.82e-27
  8.1265e+05   3.57e-27
  8.4601e+05   3.34e-27
  8.8075e+05   3.13e-27
  9.1690e+05   2.92e-27
  9.5455e+05   2.73e-27
  9.9373e+05   2.55e-27
  1.0345e+06   2.38e-27
  1.0770e+06   2.22e-27
  1.1212e+06   2.07e-27
  1.1672e+06   1.93e-27
  1.2152e+06   1.80e-27
  1.2650e+06   1.67e-27
  1.3170e+06   1.56e-27
  1.3711e+06   1.45e-27
  1.4273e+06   1.35e-27
  1.4859e+06   1.26e-27
  1.5469e+06   1.17e-27
  1.6104e+06   1.09e-27
  1.6766e+06   1.01e-27
  1.7454e+06   9.39e-28
  1.8170e+06   8.73e-28
  1.8916e+06   8.10e-28
  1.9693e+06   7.52e-28
  2.0501e+06   6.98e-28
  2.1343e+06   6.47e-28
  2.2219e+06   5.99e-28
  2.3131e+06   5.55e-28
  2.4081e+06   5.13e-28
  2.5070e+06   4.75e-28
  2.6099e+06   4.39e-28
  2.7170e+06   4.05e-28
  2.8286e+06   3.74e-28
  2.9447e+06   3.45e-28
  3.0656e+06   3.18e-28
  3.1914e+06   2.93e-28
  3.3225e+06   2.70e-28
  3.4589e+06   2.48e-28
  3.6008e+06   2.28e-28
  3.7487e+06   2.09e-28
  3.9026e+06   1.92e-28
  4.0628e+06   1.76e-28
  4.2296e+06   1.61e-28
  4.4032e+06   1.47e-28
  4.5840e+06   1.34e-28
  4.7722e+06   1.23e-28
  4.9681e+06   1.12e-28
  5.1720e+06   1.02e-28
  5.3844e+06   9.21e-29
  5.6054e+06   8.35e-29
  5.8355e+06   7.57e-29
  6.0751e+06   6.84e-29
  6.3245e+06   6.17e-29
  6.5841e+06   5.56e-29
  6.8544e+06   5.00e-29
  7.1358e+06   4.49e-29
  7.4288e+06   4.02e-29
  7.7338e+06   3.59e-29
  8.0513e+06   3.20e-29
  8.3818e+06   2.85e-29
  8.7259e+06   2.52e-29
  9.0841e+06   2.23e-29
  9.4571e+06   1.96e-29
  9.8453e+06   1.72e-29
  1.0249e+07   1.51e-29
  1.0670e+07   1.31e-29
  1.1108e+07   1.14e-29
  1.1564e+07   9.82e-30
  1.2039e+07   8.43e-30
  1.2533e+07   7.19e-30
  1.3048e+07   6.11e-30
  1.3584e+07   5.14e-30
  1.4141e+07   4.30e-30
  1.4722e+07   3.58e-30
  1.5326e+07   2.93e-30
  1.5955e+07   2.39e-30
  1.6610e+07   1.92e-30
  1.7292e+07   1.52e-30
  1.8002e+07   1.19e-30
  1.8741e+07   9.13e-31
  1.9511e+07   6.84e-31
  2.0312e+07   5.06e-31
  2.1145e+07   3.63e-31
  2.2013e+07   2.51e-31
  2.2917e+07   1.70e-31
  2.3858e+07   1.10e-31
  2.4837e+07   6.73e-32
  2.5857e+07   3.95e-32
  2.6919e+07   2.15e-32
  2.8024e+07   1.08e-32
  2.9174e+07   4.97e-33
  3.0372e+07   2.02e-33
  3.1619e+07   7.15e-34
  3.2917e+07   2.15e-34
  3.4268e+07   5.17e-35
  3.5675e+07   9.62e-36
  3.7140e+07   1.29e-36
  3.8664e+07   1.13e-37
  4.0252e+07   5.92e-39
  4.1904e+07   1.58e-40
  4.3624e+07   1.73e-42
  4.5415e+07   6.21e-45
  4.7280e+07   4.95e-48
  4.9221e+07   5.28e-52
  5.1241e+07   4.00e-57
  5.3345e+07   7.83e-64
  5.5535e+07   7.37e-72
  5.7815e+07   6.22e-72
  6.0188e+07   5.15e-72
  6.2659e+07   4.22e-72
  6.5232e+07   3.53e-72
  6.7910e+07   2.88e-72
  7.0698e+07   2.34e-72
  7.3600e+07   1.93e-72
  7.6621e+07   1.55e-72
  7.9767e+07   1.24e-72
  8.3042e+07   9.75e-73
  8.6451e+07   7.31e-73
  9.0000e+07   5.41e-73
