#  E [GeV]   # per interaction  [GeV^{-1}]
  3.0000e+01   1.79e-02
  3.0943e+01   1.73e-02
  3.1916e+01   1.66e-02
  3.2920e+01   1.60e-02
  3.3955e+01   1.54e-02
  3.5023e+01   1.48e-02
  3.6124e+01   1.43e-02
  3.7260e+01   1.37e-02
  3.8432e+01   1.32e-02
  3.9640e+01   1.27e-02
  4.0887e+01   1.22e-02
  4.2172e+01   1.17e-02
  4.3499e+01   1.13e-02
  4.4866e+01   1.08e-02
  4.6277e+01   1.04e-02
  4.7732e+01   1.00e-02
  4.9233e+01   9.61e-03
  5.0781e+01   9.22e-03
  5.2378e+01   8.85e-03
  5.4025e+01   8.50e-03
  5.5724e+01   8.15e-03
  5.7476e+01   7.82e-03
  5.9284e+01   7.50e-03
  6.1148e+01   7.20e-03
  6.3071e+01   6.90e-03
  6.5054e+01   6.61e-03
  6.7100e+01   6.34e-03
  6.9210e+01   6.08e-03
  7.1386e+01   5.82e-03
  7.3631e+01   5.58e-03
  7.5946e+01   5.34e-03
  7.8334e+01   5.12e-03
  8.0797e+01   4.90e-03
  8.3338e+01   4.69e-03
  8.5959e+01   4.49e-03
  8.8662e+01   4.30e-03
  9.1450e+01   4.11e-03
  9.4325e+01   3.93e-03
  9.7291e+01   3.76e-03
  1.0035e+02   3.60e-03
  1.0351e+02   3.44e-03
  1.0676e+02   3.29e-03
  1.1012e+02   3.14e-03
  1.1358e+02   3.00e-03
  1.1715e+02   2.87e-03
  1.2084e+02   2.74e-03
  1.2464e+02   2.61e-03
  1.2856e+02   2.50e-03
  1.3260e+02   2.38e-03
  1.3677e+02   2.27e-03
  1.4107e+02   2.17e-03
  1.4550e+02   2.07e-03
  1.5008e+02   1.98e-03
  1.5480e+02   1.88e-03
  1.5967e+02   1.80e-03
  1.6469e+02   1.71e-03
  1.6987e+02   1.63e-03
  1.7521e+02   1.56e-03
  1.8072e+02   1.48e-03
  1.8640e+02   1.41e-03
  1.9226e+02   1.34e-03
  1.9831e+02   1.28e-03
  2.0454e+02   1.22e-03
  2.1097e+02   1.16e-03
  2.1761e+02   1.10e-03
  2.2445e+02   1.05e-03
  2.3151e+02   1.00e-03
  2.3879e+02   9.50e-04
  2.4630e+02   9.04e-04
  2.5404e+02   8.59e-04
  2.6203e+02   8.17e-04
  2.7027e+02   7.76e-04
  2.7877e+02   7.37e-04
  2.8753e+02   7.00e-04
  2.9657e+02   6.64e-04
  3.0590e+02   6.31e-04
  3.1552e+02   5.98e-04
  3.2544e+02   5.68e-04
  3.3567e+02   5.38e-04
  3.4623e+02   5.10e-04
  3.5712e+02   4.84e-04
  3.6835e+02   4.59e-04
  3.7993e+02   4.34e-04
  3.9188e+02   4.12e-04
  4.0420e+02   3.90e-04
  4.1691e+02   3.69e-04
  4.3002e+02   3.49e-04
  4.4354e+02   3.30e-04
  4.5749e+02   3.13e-04
  4.7187e+02   2.96e-04
  4.8671e+02   2.80e-04
  5.0202e+02   2.64e-04
  5.1780e+02   2.50e-04
  5.3409e+02   2.36e-04
  5.5088e+02   2.23e-04
  5.6820e+02   2.11e-04
  5.8607e+02   2.00e-04
  6.0450e+02   1.89e-04
  6.2351e+02   1.78e-04
  6.4311e+02   1.68e-04
  6.6334e+02   1.59e-04
  6.8419e+02   1.50e-04
  7.0571e+02   1.42e-04
  7.2790e+02   1.34e-04
  7.5079e+02   1.27e-04
  7.7440e+02   1.20e-04
  7.9875e+02   1.14e-04
  8.2387e+02   1.07e-04
  8.4977e+02   1.02e-04
  8.7649e+02   9.62e-05
  9.0405e+02   9.11e-05
  9.3248e+02   8.63e-05
  9.6180e+02   8.17e-05
  9.9205e+02   7.74e-05
  1.0232e+03   7.34e-05
  1.0554e+03   6.95e-05
  1.0886e+03   6.59e-05
  1.1228e+03   6.25e-05
  1.1581e+03   5.93e-05
  1.1946e+03   5.63e-05
  1.2321e+03   5.35e-05
  1.2709e+03   5.08e-05
  1.3108e+03   4.83e-05
  1.3521e+03   4.59e-05
  1.3946e+03   4.37e-05
  1.4384e+03   4.16e-05
  1.4837e+03   3.95e-05
  1.5303e+03   3.76e-05
  1.5784e+03   3.59e-05
  1.6281e+03   3.42e-05
  1.6793e+03   3.26e-05
  1.7321e+03   3.10e-05
  1.7865e+03   2.96e-05
  1.8427e+03   2.82e-05
  1.9006e+03   2.69e-05
  1.9604e+03   2.57e-05
  2.0221e+03   2.45e-05
  2.0856e+03   2.34e-05
  2.1512e+03   2.23e-05
  2.2189e+03   2.13e-05
  2.2886e+03   2.04e-05
  2.3606e+03   1.95e-05
  2.4348e+03   1.86e-05
  2.5114e+03   1.78e-05
  2.5904e+03   1.70e-05
  2.6718e+03   1.62e-05
  2.7558e+03   1.55e-05
  2.8425e+03   1.48e-05
  2.9319e+03   1.41e-05
  3.0241e+03   1.35e-05
  3.1192e+03   1.29e-05
  3.2173e+03   1.23e-05
  3.3184e+03   1.17e-05
  3.4228e+03   1.12e-05
  3.5304e+03   1.06e-05
  3.6414e+03   1.01e-05
  3.7559e+03   9.65e-06
  3.8740e+03   9.18e-06
  3.9958e+03   8.73e-06
  4.1215e+03   8.29e-06
  4.2511e+03   7.88e-06
  4.3848e+03   7.47e-06
  4.5227e+03   7.08e-06
  4.6649e+03   6.71e-06
  4.8116e+03   6.35e-06
  4.9629e+03   6.00e-06
  5.1189e+03   5.67e-06
  5.2799e+03   5.35e-06
  5.4459e+03   5.04e-06
  5.6171e+03   4.74e-06
  5.7938e+03   4.46e-06
  5.9760e+03   4.18e-06
  6.1639e+03   3.92e-06
  6.3577e+03   3.67e-06
  6.5576e+03   3.43e-06
  6.7638e+03   3.19e-06
  6.9765e+03   2.97e-06
  7.1959e+03   2.76e-06
  7.4222e+03   2.56e-06
  7.6556e+03   2.37e-06
  7.8963e+03   2.18e-06
  8.1446e+03   2.01e-06
  8.4007e+03   1.84e-06
  8.6649e+03   1.69e-06
  8.9373e+03   1.54e-06
  9.2184e+03   1.40e-06
  9.5082e+03   1.27e-06
  9.8072e+03   1.14e-06
  1.0116e+04   1.03e-06
  1.0434e+04   9.17e-07
  1.0762e+04   8.16e-07
  1.1100e+04   7.22e-07
  1.1449e+04   6.36e-07
  1.1809e+04   5.56e-07
  1.2181e+04   4.83e-07
  1.2564e+04   4.15e-07
  1.2959e+04   3.55e-07
  1.3366e+04   3.00e-07
  1.3786e+04   2.53e-07
  1.4220e+04   2.11e-07
