#  E [GeV]   # per interaction  [GeV^{-1}]
  3.0000e+01   5.80e-01
  3.1033e+01   5.60e-01
  3.2102e+01   5.41e-01
  3.3207e+01   5.22e-01
  3.4350e+01   5.03e-01
  3.5533e+01   4.86e-01
  3.6757e+01   4.69e-01
  3.8022e+01   4.52e-01
  3.9332e+01   4.36e-01
  4.0686e+01   4.20e-01
  4.2087e+01   4.05e-01
  4.3536e+01   3.91e-01
  4.5035e+01   3.76e-01
  4.6586e+01   3.63e-01
  4.8190e+01   3.50e-01
  4.9850e+01   3.37e-01
  5.1566e+01   3.24e-01
  5.3342e+01   3.12e-01
  5.5178e+01   3.01e-01
  5.7078e+01   2.89e-01
  5.9044e+01   2.78e-01
  6.1077e+01   2.68e-01
  6.3180e+01   2.58e-01
  6.5356e+01   2.48e-01
  6.7606e+01   2.38e-01
  6.9934e+01   2.29e-01
  7.2342e+01   2.20e-01
  7.4833e+01   2.12e-01
  7.7410e+01   2.03e-01
  8.0075e+01   1.95e-01
  8.2833e+01   1.87e-01
  8.5685e+01   1.80e-01
  8.8635e+01   1.72e-01
  9.1687e+01   1.65e-01
  9.4844e+01   1.59e-01
  9.8110e+01   1.52e-01
  1.0149e+02   1.46e-01
  1.0498e+02   1.40e-01
  1.0860e+02   1.34e-01
  1.1234e+02   1.28e-01
  1.1621e+02   1.22e-01
  1.2021e+02   1.17e-01
  1.2435e+02   1.12e-01
  1.2863e+02   1.07e-01
  1.3306e+02   1.02e-01
  1.3764e+02   9.76e-02
  1.4238e+02   9.31e-02
  1.4728e+02   8.89e-02
  1.5235e+02   8.47e-02
  1.5760e+02   8.08e-02
  1.6302e+02   7.69e-02
  1.6864e+02   7.32e-02
  1.7445e+02   6.97e-02
  1.8045e+02   6.63e-02
  1.8667e+02   6.30e-02
  1.9309e+02   5.99e-02
  1.9974e+02   5.68e-02
  2.0662e+02   5.39e-02
  2.1373e+02   5.11e-02
  2.2109e+02   4.85e-02
  2.2871e+02   4.59e-02
  2.3658e+02   4.35e-02
  2.4473e+02   4.11e-02
  2.5316e+02   3.89e-02
  2.6187e+02   3.67e-02
  2.7089e+02   3.47e-02
  2.8022e+02   3.27e-02
  2.8987e+02   3.08e-02
  2.9985e+02   2.90e-02
  3.1017e+02   2.73e-02
  3.2085e+02   2.57e-02
  3.3190e+02   2.41e-02
  3.4333e+02   2.27e-02
  3.5515e+02   2.13e-02
  3.6738e+02   1.99e-02
  3.8003e+02   1.87e-02
  3.9312e+02   1.75e-02
  4.0665e+02   1.63e-02
  4.2066e+02   1.53e-02
  4.3514e+02   1.43e-02
  4.5013e+02   1.33e-02
  4.6562e+02   1.24e-02
  4.8166e+02   1.16e-02
  4.9824e+02   1.08e-02
  5.1540e+02   1.00e-02
  5.3315e+02   9.33e-03
  5.5150e+02   8.67e-03
  5.7050e+02   8.05e-03
  5.9014e+02   7.47e-03
  6.1046e+02   6.92e-03
  6.3148e+02   6.41e-03
  6.5322e+02   5.93e-03
  6.7572e+02   5.48e-03
  6.9898e+02   5.07e-03
  7.2305e+02   4.68e-03
  7.4795e+02   4.32e-03
  7.7371e+02   3.98e-03
  8.0035e+02   3.67e-03
  8.2791e+02   3.38e-03
  8.5641e+02   3.11e-03
  8.8590e+02   2.87e-03
  9.1641e+02   2.64e-03
  9.4796e+02   2.42e-03
  9.8061e+02   2.23e-03
  1.0144e+03   2.05e-03
  1.0493e+03   1.88e-03
  1.0854e+03   1.72e-03
  1.1228e+03   1.58e-03
  1.1615e+03   1.45e-03
  1.2015e+03   1.33e-03
  1.2428e+03   1.22e-03
  1.2856e+03   1.12e-03
  1.3299e+03   1.02e-03
  1.3757e+03   9.32e-04
  1.4231e+03   8.53e-04
  1.4721e+03   7.79e-04
  1.5228e+03   7.10e-04
  1.5752e+03   6.50e-04
  1.6294e+03   5.93e-04
  1.6855e+03   5.40e-04
  1.7436e+03   4.92e-04
  1.8036e+03   4.49e-04
  1.8657e+03   4.08e-04
  1.9300e+03   3.71e-04
  1.9964e+03   3.38e-04
  2.0652e+03   3.07e-04
  2.1363e+03   2.77e-04
  2.2098e+03   2.52e-04
  2.2859e+03   2.29e-04
  2.3646e+03   2.07e-04
  2.4461e+03   1.87e-04
  2.5303e+03   1.69e-04
  2.6174e+03   1.53e-04
  2.7075e+03   1.37e-04
  2.8008e+03   1.24e-04
  2.8972e+03   1.12e-04
  2.9970e+03   1.00e-04
  3.1002e+03   9.02e-05
  3.2069e+03   8.10e-05
  3.3173e+03   7.24e-05
  3.4316e+03   6.47e-05
  3.5497e+03   5.80e-05
  3.6720e+03   5.17e-05
  3.7984e+03   4.58e-05
  3.9292e+03   4.10e-05
  4.0645e+03   3.65e-05
  4.2044e+03   3.22e-05
  4.3492e+03   2.86e-05
  4.4990e+03   2.53e-05
  4.6539e+03   2.23e-05
  4.8141e+03   1.96e-05
  4.9799e+03   1.73e-05
  5.1514e+03   1.52e-05
  5.3288e+03   1.32e-05
  5.5123e+03   1.16e-05
  5.7021e+03   1.01e-05
  5.8984e+03   8.80e-06
  6.1015e+03   7.62e-06
  6.3116e+03   6.63e-06
  6.5289e+03   5.72e-06
  6.7538e+03   4.89e-06
  6.9863e+03   4.23e-06
  7.2269e+03   3.63e-06
  7.4757e+03   3.09e-06
  7.7331e+03   2.63e-06
  7.9994e+03   2.24e-06
  8.2749e+03   1.89e-06
  8.5598e+03   1.58e-06
  8.8546e+03   1.34e-06
  9.1594e+03   1.12e-06
  9.4748e+03   9.25e-07
  9.8011e+03   7.70e-07
  1.0139e+04   6.37e-07
  1.0488e+04   5.19e-07
  1.0849e+04   4.21e-07
  1.1222e+04   3.43e-07
  1.1609e+04   2.74e-07
  1.2009e+04   2.16e-07
  1.2422e+04   1.72e-07
  1.2850e+04   1.35e-07
  1.3292e+04   1.04e-07
  1.3750e+04   8.04e-08
  1.4223e+04   6.17e-08
  1.4713e+04   4.64e-08
  1.5220e+04   3.43e-08
  1.5744e+04   2.55e-08
  1.6286e+04   1.86e-08
  1.6847e+04   1.32e-08
  1.7427e+04   9.35e-09
  1.8027e+04   6.48e-09
  1.8648e+04   4.35e-09
  1.9290e+04   2.85e-09
  1.9954e+04   1.82e-09
  2.0641e+04   1.12e-09
  2.1352e+04   6.54e-10
  2.2087e+04   3.68e-10
  2.2848e+04   1.95e-10
  2.3634e+04   9.58e-11
  2.4448e+04   4.37e-11
  2.5290e+04   1.82e-11
