#  E [MeV]   Flux [# cm^{-2} s^{-1}  MeV^{-1}]
  3.0000e+04   7.83e-22
  3.0517e+04   7.58e-22
  3.1043e+04   7.34e-22
  3.1578e+04   7.11e-22
  3.2123e+04   6.88e-22
  3.2676e+04   6.66e-22
  3.3240e+04   6.44e-22
  3.3813e+04   6.23e-22
  3.4396e+04   6.02e-22
  3.4989e+04   5.83e-22
  3.5592e+04   5.64e-22
  3.6205e+04   5.45e-22
  3.6829e+04   5.27e-22
  3.7464e+04   5.09e-22
  3.8110e+04   4.92e-22
  3.8767e+04   4.75e-22
  3.9435e+04   4.59e-22
  4.0115e+04   4.43e-22
  4.0807e+04   4.28e-22
  4.1510e+04   4.13e-22
  4.2226e+04   3.98e-22
  4.2953e+04   3.84e-22
  4.3694e+04   3.70e-22
  4.4447e+04   3.57e-22
  4.5213e+04   3.45e-22
  4.5993e+04   3.32e-22
  4.6786e+04   3.20e-22
  4.7592e+04   3.08e-22
  4.8412e+04   2.97e-22
  4.9247e+04   2.86e-22
  5.0096e+04   2.75e-22
  5.0960e+04   2.65e-22
  5.1838e+04   2.55e-22
  5.2732e+04   2.45e-22
  5.3641e+04   2.36e-22
  5.4565e+04   2.26e-22
  5.5506e+04   2.18e-22
  5.6463e+04   2.09e-22
  5.7436e+04   2.01e-22
  5.8426e+04   1.93e-22
  5.9433e+04   1.85e-22
  6.0458e+04   1.78e-22
  6.1500e+04   1.71e-22
  6.2560e+04   1.64e-22
  6.3639e+04   1.57e-22
  6.4736e+04   1.51e-22
  6.5852e+04   1.45e-22
  6.6987e+04   1.39e-22
  6.8142e+04   1.33e-22
  6.9316e+04   1.27e-22
  7.0511e+04   1.22e-22
  7.1727e+04   1.17e-22
  7.2963e+04   1.12e-22
  7.4221e+04   1.07e-22
  7.5500e+04   1.02e-22
  7.6802e+04   9.74e-23
  7.8126e+04   9.31e-23
  7.9472e+04   8.90e-23
  8.0842e+04   8.51e-23
  8.2236e+04   8.13e-23
  8.3654e+04   7.75e-23
  8.5096e+04   7.39e-23
  8.6563e+04   7.04e-23
  8.8055e+04   6.72e-23
  8.9573e+04   6.41e-23
  9.1117e+04   6.10e-23
  9.2687e+04   5.81e-23
  9.4285e+04   5.53e-23
  9.5911e+04   5.25e-23
  9.7564e+04   4.98e-23
  9.9246e+04   4.75e-23
  1.0096e+05   4.52e-23
  1.0270e+05   4.29e-23
  1.0447e+05   4.08e-23
  1.0627e+05   3.87e-23
  1.0810e+05   3.66e-23
  1.0996e+05   3.47e-23
  1.1186e+05   3.30e-23
  1.1379e+05   3.13e-23
  1.1575e+05   2.97e-23
  1.1774e+05   2.81e-23
  1.1977e+05   2.66e-23
  1.2184e+05   2.51e-23
  1.2394e+05   2.37e-23
  1.2608e+05   2.25e-23
  1.2825e+05   2.13e-23
  1.3046e+05   2.01e-23
  1.3271e+05   1.90e-23
  1.3500e+05   1.79e-23
  1.3732e+05   1.68e-23
  1.3969e+05   1.59e-23
  1.4210e+05   1.50e-23
  1.4455e+05   1.42e-23
  1.4704e+05   1.34e-23
  1.4957e+05   1.26e-23
  1.5215e+05   1.18e-23
  1.5478e+05   1.11e-23
  1.5744e+05   1.05e-23
  1.6016e+05   9.86e-24
  1.6292e+05   9.28e-24
  1.6573e+05   8.71e-24
  1.6858e+05   8.16e-24
  1.7149e+05   7.63e-24
  1.7445e+05   7.16e-24
  1.7745e+05   6.73e-24
  1.8051e+05   6.32e-24
  1.8362e+05   5.93e-24
  1.8679e+05   5.54e-24
  1.9001e+05   5.17e-24
  1.9328e+05   4.80e-24
  1.9662e+05   4.50e-24
  2.0001e+05   4.22e-24
  2.0345e+05   3.95e-24
  2.0696e+05   3.69e-24
  2.1053e+05   3.44e-24
  2.1416e+05   3.19e-24
  2.1785e+05   2.96e-24
  2.2160e+05   2.77e-24
  2.2543e+05   2.59e-24
  2.2931e+05   2.42e-24
  2.3326e+05   2.25e-24
  2.3729e+05   2.09e-24
  2.4138e+05   1.93e-24
  2.4554e+05   1.78e-24
  2.4977e+05   1.67e-24
  2.5407e+05   1.55e-24
  2.5845e+05   1.44e-24
  2.6291e+05   1.34e-24
  2.6744e+05   1.23e-24
  2.7205e+05   1.13e-24
  2.7674e+05   1.05e-24
  2.8151e+05   9.78e-25
  2.8637e+05   9.08e-25
  2.9130e+05   8.41e-25
  2.9632e+05   7.76e-25
  3.0143e+05   7.12e-25
  3.0663e+05   6.51e-25
  3.1191e+05   6.04e-25
  3.1729e+05   5.61e-25
  3.2276e+05   5.19e-25
  3.2832e+05   4.78e-25
  3.3398e+05   4.39e-25
  3.3974e+05   4.01e-25
  3.4560e+05   3.65e-25
  3.5155e+05   3.39e-25
  3.5761e+05   3.14e-25
  3.6378e+05   2.89e-25
  3.7005e+05   2.66e-25
  3.7643e+05   2.43e-25
  3.8292e+05   2.21e-25
  3.8952e+05   2.01e-25
  3.9623e+05   1.87e-25
  4.0306e+05   1.72e-25
  4.1001e+05   1.59e-25
  4.1708e+05   1.45e-25
  4.2427e+05   1.32e-25
  4.3158e+05   1.20e-25
  4.3902e+05   1.10e-25
  4.4659e+05   1.02e-25
  4.5429e+05   9.38e-26
  4.6212e+05   8.61e-26
  4.7009e+05   7.87e-26
  4.7819e+05   7.15e-26
  4.8643e+05   6.46e-26
  4.9482e+05   5.97e-26
  5.0335e+05   5.52e-26
  5.1203e+05   5.09e-26
  5.2085e+05   4.67e-26
  5.2983e+05   4.27e-26
  5.3897e+05   3.88e-26
  5.4826e+05   3.52e-26
  5.5771e+05   3.29e-26
  5.6732e+05   3.05e-26
  5.7710e+05   2.83e-26
  5.8705e+05   2.62e-26
  5.9717e+05   2.41e-26
  6.0746e+05   2.21e-26
  6.1793e+05   2.04e-26
  6.2859e+05   1.91e-26
  6.3942e+05   1.79e-26
  6.5045e+05   1.68e-26
  6.6166e+05   1.56e-26
  6.7306e+05   1.45e-26
  6.8467e+05   1.35e-26
  6.9647e+05   1.27e-26
  7.0847e+05   1.20e-26
  7.2069e+05   1.13e-26
  7.3311e+05   1.06e-26
  7.4575e+05   9.98e-27
  7.5860e+05   9.37e-27
  7.7168e+05   8.78e-27
  7.8498e+05   8.30e-27
  7.9852e+05   7.84e-27
  8.1228e+05   7.40e-27
  8.2628e+05   6.97e-27
  8.4053e+05   6.56e-27
  8.5502e+05   6.16e-27
  8.6976e+05   5.80e-27
  8.8475e+05   5.55e-27
  9.0000e+05   5.31e-27
