#  E [MeV]   Flux [# cm^{-2} s^{-1}  MeV^{-1}]
  3.0000e+04   8.97e-22
  3.1033e+04   8.64e-22
  3.2102e+04   8.32e-22
  3.3207e+04   8.01e-22
  3.4350e+04   7.72e-22
  3.5533e+04   7.43e-22
  3.6757e+04   7.15e-22
  3.8022e+04   6.88e-22
  3.9332e+04   6.62e-22
  4.0686e+04   6.37e-22
  4.2087e+04   6.12e-22
  4.3536e+04   5.89e-22
  4.5035e+04   5.66e-22
  4.6586e+04   5.44e-22
  4.8190e+04   5.23e-22
  4.9850e+04   5.03e-22
  5.1566e+04   4.83e-22
  5.3342e+04   4.64e-22
  5.5178e+04   4.46e-22
  5.7078e+04   4.28e-22
  5.9044e+04   4.11e-22
  6.1077e+04   3.95e-22
  6.3180e+04   3.79e-22
  6.5356e+04   3.64e-22
  6.7606e+04   3.49e-22
  6.9934e+04   3.35e-22
  7.2342e+04   3.22e-22
  7.4833e+04   3.09e-22
  7.7410e+04   2.96e-22
  8.0075e+04   2.84e-22
  8.2833e+04   2.73e-22
  8.5685e+04   2.62e-22
  8.8635e+04   2.51e-22
  9.1687e+04   2.41e-22
  9.4844e+04   2.31e-22
  9.8110e+04   2.21e-22
  1.0149e+05   2.12e-22
  1.0498e+05   2.03e-22
  1.0860e+05   1.95e-22
  1.1234e+05   1.87e-22
  1.1621e+05   1.79e-22
  1.2021e+05   1.72e-22
  1.2435e+05   1.65e-22
  1.2863e+05   1.58e-22
  1.3306e+05   1.51e-22
  1.3764e+05   1.45e-22
  1.4238e+05   1.39e-22
  1.4728e+05   1.33e-22
  1.5235e+05   1.28e-22
  1.5760e+05   1.22e-22
  1.6302e+05   1.17e-22
  1.6864e+05   1.12e-22
  1.7445e+05   1.08e-22
  1.8045e+05   1.03e-22
  1.8667e+05   9.87e-23
  1.9309e+05   9.46e-23
  1.9974e+05   9.06e-23
  2.0662e+05   8.67e-23
  2.1373e+05   8.31e-23
  2.2109e+05   7.96e-23
  2.2871e+05   7.61e-23
  2.3658e+05   7.29e-23
  2.4473e+05   6.98e-23
  2.5316e+05   6.67e-23
  2.6187e+05   6.39e-23
  2.7089e+05   6.11e-23
  2.8022e+05   5.84e-23
  2.8987e+05   5.58e-23
  2.9985e+05   5.34e-23
  3.1017e+05   5.10e-23
  3.2085e+05   4.87e-23
  3.3190e+05   4.65e-23
  3.4333e+05   4.45e-23
  3.5515e+05   4.24e-23
  3.6738e+05   4.05e-23
  3.8003e+05   3.86e-23
  3.9312e+05   3.68e-23
  4.0665e+05   3.51e-23
  4.2066e+05   3.35e-23
  4.3514e+05   3.19e-23
  4.5013e+05   3.03e-23
  4.6562e+05   2.89e-23
  4.8166e+05   2.75e-23
  4.9824e+05   2.62e-23
  5.1540e+05   2.49e-23
  5.3315e+05   2.37e-23
  5.5150e+05   2.25e-23
  5.7050e+05   2.14e-23
  5.9014e+05   2.03e-23
  6.1046e+05   1.93e-23
  6.3148e+05   1.83e-23
  6.5322e+05   1.74e-23
  6.7572e+05   1.65e-23
  6.9898e+05   1.57e-23
  7.2305e+05   1.49e-23
  7.4795e+05   1.42e-23
  7.7371e+05   1.35e-23
  8.0035e+05   1.28e-23
  8.2791e+05   1.22e-23
  8.5641e+05   1.16e-23
  8.8590e+05   1.10e-23
  9.1641e+05   1.05e-23
  9.4796e+05   9.95e-24
  9.8061e+05   9.47e-24
  1.0144e+06   9.02e-24
  1.0493e+06   8.60e-24
  1.0854e+06   8.20e-24
  1.1228e+06   7.82e-24
  1.1615e+06   7.46e-24
  1.2015e+06   7.12e-24
  1.2428e+06   6.80e-24
  1.2856e+06   6.50e-24
  1.3299e+06   6.21e-24
  1.3757e+06   5.94e-24
  1.4231e+06   5.69e-24
  1.4721e+06   5.44e-24
  1.5228e+06   5.21e-24
  1.5752e+06   4.99e-24
  1.6294e+06   4.78e-24
  1.6855e+06   4.58e-24
  1.7436e+06   4.39e-24
  1.8036e+06   4.21e-24
  1.8657e+06   4.04e-24
  1.9300e+06   3.87e-24
  1.9964e+06   3.71e-24
  2.0652e+06   3.56e-24
  2.1363e+06   3.41e-24
  2.2098e+06   3.27e-24
  2.2859e+06   3.13e-24
  2.3646e+06   2.99e-24
  2.4461e+06   2.86e-24
  2.5303e+06   2.74e-24
  2.6174e+06   2.62e-24
  2.7075e+06   2.50e-24
  2.8008e+06   2.38e-24
  2.8972e+06   2.27e-24
  2.9970e+06   2.16e-24
  3.1002e+06   2.06e-24
  3.2069e+06   1.95e-24
  3.3173e+06   1.85e-24
  3.4316e+06   1.75e-24
  3.5497e+06   1.66e-24
  3.6720e+06   1.56e-24
  3.7984e+06   1.47e-24
  3.9292e+06   1.38e-24
  4.0645e+06   1.30e-24
  4.2044e+06   1.21e-24
  4.3492e+06   1.13e-24
  4.4990e+06   1.05e-24
  4.6539e+06   9.76e-25
  4.8141e+06   9.01e-25
  4.9799e+06   8.30e-25
  5.1514e+06   7.63e-25
  5.3288e+06   6.97e-25
  5.5123e+06   6.35e-25
  5.7021e+06   5.76e-25
  5.8984e+06   5.20e-25
  6.1015e+06   4.67e-25
  6.3116e+06   4.18e-25
  6.5289e+06   3.72e-25
  6.7538e+06   3.28e-25
  6.9863e+06   2.88e-25
  7.2269e+06   2.52e-25
  7.4757e+06   2.18e-25
  7.7331e+06   1.88e-25
  7.9994e+06   1.60e-25
  8.2749e+06   1.36e-25
  8.5598e+06   1.14e-25
  8.8546e+06   9.45e-26
  9.1594e+06   7.76e-26
  9.4748e+06   6.29e-26
  9.8011e+06   5.03e-26
  1.0139e+07   3.97e-26
  1.0488e+07   3.08e-26
  1.0849e+07   2.36e-26
  1.1222e+07   1.78e-26
  1.1609e+07   1.31e-26
  1.2009e+07   9.49e-27
  1.2422e+07   6.71e-27
  1.2850e+07   4.63e-27
  1.3292e+07   3.12e-27
  1.3750e+07   2.05e-27
  1.4223e+07   1.29e-27
  1.4713e+07   7.93e-28
  1.5220e+07   4.68e-28
  1.5744e+07   2.64e-28
  1.6286e+07   1.42e-28
  1.6847e+07   7.32e-29
  1.7427e+07   3.56e-29
  1.8027e+07   1.61e-29
  1.8648e+07   6.89e-30
  1.9290e+07   2.74e-30
  1.9954e+07   9.93e-31
  2.0641e+07   3.27e-31
  2.1352e+07   9.90e-32
  2.2087e+07   2.63e-32
  2.2848e+07   6.04e-33
  2.3634e+07   1.24e-33
  2.4448e+07   2.13e-34
  2.5290e+07   2.96e-35
