#  E [MeV]   Flux [# cm^{-2} s^{-1}  MeV^{-1}]
  3.0000e+04   1.30e-19
  3.0675e+04   1.25e-19
  3.1366e+04   1.21e-19
  3.2072e+04   1.17e-19
  3.2794e+04   1.13e-19
  3.3533e+04   1.09e-19
  3.4288e+04   1.05e-19
  3.5060e+04   1.01e-19
  3.5849e+04   9.73e-20
  3.6656e+04   9.37e-20
  3.7482e+04   9.03e-20
  3.8326e+04   8.70e-20
  3.9188e+04   8.38e-20
  4.0071e+04   8.07e-20
  4.0973e+04   7.77e-20
  4.1896e+04   7.48e-20
  4.2839e+04   7.19e-20
  4.3803e+04   6.92e-20
  4.4790e+04   6.66e-20
  4.5798e+04   6.40e-20
  4.6829e+04   6.16e-20
  4.7884e+04   5.92e-20
  4.8962e+04   5.69e-20
  5.0064e+04   5.47e-20
  5.1191e+04   5.25e-20
  5.2344e+04   5.04e-20
  5.3522e+04   4.84e-20
  5.4727e+04   4.65e-20
  5.5960e+04   4.46e-20
  5.7219e+04   4.28e-20
  5.8508e+04   4.10e-20
  5.9825e+04   3.93e-20
  6.1172e+04   3.77e-20
  6.2549e+04   3.61e-20
  6.3958e+04   3.46e-20
  6.5398e+04   3.31e-20
  6.6870e+04   3.17e-20
  6.8376e+04   3.03e-20
  6.9915e+04   2.90e-20
  7.1489e+04   2.77e-20
  7.3099e+04   2.65e-20
  7.4745e+04   2.54e-20
  7.6428e+04   2.42e-20
  7.8148e+04   2.31e-20
  7.9908e+04   2.21e-20
  8.1707e+04   2.11e-20
  8.3547e+04   2.01e-20
  8.5428e+04   1.92e-20
  8.7351e+04   1.83e-20
  8.9318e+04   1.75e-20
  9.1329e+04   1.66e-20
  9.3385e+04   1.59e-20
  9.5488e+04   1.51e-20
  9.7638e+04   1.44e-20
  9.9836e+04   1.37e-20
  1.0208e+05   1.30e-20
  1.0438e+05   1.24e-20
  1.0673e+05   1.18e-20
  1.0914e+05   1.12e-20
  1.1159e+05   1.06e-20
  1.1411e+05   1.01e-20
  1.1667e+05   9.58e-21
  1.1930e+05   9.09e-21
  1.2199e+05   8.62e-21
  1.2473e+05   8.17e-21
  1.2754e+05   7.73e-21
  1.3041e+05   7.32e-21
  1.3335e+05   6.94e-21
  1.3635e+05   6.56e-21
  1.3942e+05   6.21e-21
  1.4256e+05   5.86e-21
  1.4577e+05   5.54e-21
  1.4905e+05   5.23e-21
  1.5241e+05   4.94e-21
  1.5584e+05   4.66e-21
  1.5935e+05   4.39e-21
  1.6294e+05   4.14e-21
  1.6661e+05   3.90e-21
  1.7036e+05   3.68e-21
  1.7419e+05   3.46e-21
  1.7812e+05   3.25e-21
  1.8213e+05   3.05e-21
  1.8623e+05   2.87e-21
  1.9042e+05   2.70e-21
  1.9471e+05   2.53e-21
  1.9909e+05   2.37e-21
  2.0357e+05   2.22e-21
  2.0816e+05   2.08e-21
  2.1284e+05   1.95e-21
  2.1763e+05   1.83e-21
  2.2253e+05   1.71e-21
  2.2755e+05   1.59e-21
  2.3267e+05   1.49e-21
  2.3791e+05   1.39e-21
  2.4326e+05   1.30e-21
  2.4874e+05   1.21e-21
  2.5434e+05   1.12e-21
  2.6007e+05   1.05e-21
  2.6592e+05   9.75e-22
  2.7191e+05   9.07e-22
  2.7803e+05   8.41e-22
  2.8429e+05   7.79e-22
  2.9069e+05   7.22e-22
  2.9724e+05   6.71e-22
  3.0393e+05   6.22e-22
  3.1077e+05   5.76e-22
  3.1777e+05   5.31e-22
  3.2493e+05   4.90e-22
  3.3224e+05   4.54e-22
  3.3972e+05   4.19e-22
  3.4737e+05   3.87e-22
  3.5519e+05   3.56e-22
  3.6319e+05   3.26e-22
  3.7137e+05   3.01e-22
  3.7973e+05   2.78e-22
  3.8828e+05   2.55e-22
  3.9702e+05   2.34e-22
  4.0596e+05   2.14e-22
  4.1510e+05   1.97e-22
  4.2444e+05   1.81e-22
  4.3400e+05   1.66e-22
  4.4377e+05   1.51e-22
  4.5376e+05   1.38e-22
  4.6398e+05   1.26e-22
  4.7443e+05   1.16e-22
  4.8511e+05   1.06e-22
  4.9603e+05   9.62e-23
  5.0720e+05   8.73e-23
  5.1862e+05   7.96e-23
  5.3030e+05   7.28e-23
  5.4224e+05   6.63e-23
  5.5444e+05   6.03e-23
  5.6693e+05   5.46e-23
  5.7969e+05   4.95e-23
  5.9274e+05   4.52e-23
  6.0609e+05   4.11e-23
  6.1974e+05   3.73e-23
  6.3369e+05   3.37e-23
  6.4796e+05   3.04e-23
  6.6255e+05   2.77e-23
  6.7746e+05   2.52e-23
  6.9272e+05   2.29e-23
  7.0831e+05   2.06e-23
  7.2426e+05   1.86e-23
  7.4057e+05   1.69e-23
  7.5724e+05   1.54e-23
  7.7429e+05   1.39e-23
  7.9172e+05   1.26e-23
  8.0955e+05   1.13e-23
  8.2778e+05   1.03e-23
  8.4641e+05   9.35e-24
  8.6547e+05   8.48e-24
  8.8496e+05   7.67e-24
  9.0488e+05   6.90e-24
  9.2526e+05   6.27e-24
  9.4609e+05   5.71e-24
  9.6739e+05   5.18e-24
  9.8917e+05   4.68e-24
  1.0114e+06   4.22e-24
  1.0342e+06   3.82e-24
  1.0575e+06   3.48e-24
  1.0813e+06   3.16e-24
  1.1057e+06   2.85e-24
  1.1305e+06   2.57e-24
  1.1560e+06   2.32e-24
  1.1820e+06   2.12e-24
  1.2086e+06   1.93e-24
  1.2359e+06   1.76e-24
  1.2637e+06   1.59e-24
  1.2921e+06   1.44e-24
  1.3212e+06   1.33e-24
  1.3510e+06   1.22e-24
  1.3814e+06   1.12e-24
  1.4125e+06   1.02e-24
  1.4443e+06   9.29e-25
  1.4768e+06   8.67e-25
  1.5101e+06   8.09e-25
  1.5441e+06   7.53e-25
  1.5788e+06   7.00e-25
  1.6144e+06   6.50e-25
  1.6507e+06   6.13e-25
  1.6879e+06   5.80e-25
  1.7259e+06   5.49e-25
  1.7648e+06   5.19e-25
  1.8045e+06   4.90e-25
  1.8451e+06   4.68e-25
  1.8867e+06   4.49e-25
  1.9291e+06   4.32e-25
  1.9726e+06   4.15e-25
  2.0170e+06   3.99e-25
  2.0624e+06   3.84e-25
  2.1088e+06   3.72e-25
  2.1563e+06   3.61e-25
  2.2049e+06   3.49e-25
  2.2545e+06   3.38e-25
  2.3053e+06   3.28e-25
  2.3572e+06   3.18e-25
  2.4102e+06   3.08e-25
  2.4645e+06   2.99e-25
  2.5200e+06   2.90e-25
