#  E [MeV]   Flux [# cm^{-2} s^{-1}  MeV^{-1}]
  3.0000e+04   5.70e-25
  3.1051e+04   5.49e-25
  3.2139e+04   5.29e-25
  3.3266e+04   5.09e-25
  3.4432e+04   4.91e-25
  3.5638e+04   4.73e-25
  3.6887e+04   4.55e-25
  3.8180e+04   4.39e-25
  3.9518e+04   4.22e-25
  4.0903e+04   4.07e-25
  4.2336e+04   3.92e-25
  4.3820e+04   3.77e-25
  4.5355e+04   3.63e-25
  4.6945e+04   3.49e-25
  4.8590e+04   3.36e-25
  5.0293e+04   3.23e-25
  5.2055e+04   3.11e-25
  5.3879e+04   2.99e-25
  5.5767e+04   2.87e-25
  5.7722e+04   2.76e-25
  5.9745e+04   2.66e-25
  6.1838e+04   2.55e-25
  6.4005e+04   2.45e-25
  6.6248e+04   2.36e-25
  6.8570e+04   2.27e-25
  7.0973e+04   2.18e-25
  7.3460e+04   2.09e-25
  7.6034e+04   2.01e-25
  7.8699e+04   1.93e-25
  8.1457e+04   1.85e-25
  8.4311e+04   1.77e-25
  8.7266e+04   1.70e-25
  9.0324e+04   1.63e-25
  9.3490e+04   1.56e-25
  9.6766e+04   1.50e-25
  1.0016e+05   1.44e-25
  1.0367e+05   1.37e-25
  1.0730e+05   1.32e-25
  1.1106e+05   1.26e-25
  1.1495e+05   1.21e-25
  1.1898e+05   1.15e-25
  1.2315e+05   1.10e-25
  1.2747e+05   1.06e-25
  1.3193e+05   1.01e-25
  1.3656e+05   9.64e-26
  1.4134e+05   9.21e-26
  1.4629e+05   8.79e-26
  1.5142e+05   8.39e-26
  1.5673e+05   8.01e-26
  1.6222e+05   7.64e-26
  1.6790e+05   7.28e-26
  1.7379e+05   6.94e-26
  1.7988e+05   6.61e-26
  1.8618e+05   6.29e-26
  1.9271e+05   5.99e-26
  1.9946e+05   5.70e-26
  2.0645e+05   5.41e-26
  2.1369e+05   5.15e-26
  2.2117e+05   4.89e-26
  2.2892e+05   4.64e-26
  2.3695e+05   4.40e-26
  2.4525e+05   4.17e-26
  2.5385e+05   3.96e-26
  2.6274e+05   3.75e-26
  2.7195e+05   3.55e-26
  2.8148e+05   3.36e-26
  2.9134e+05   3.17e-26
  3.0155e+05   3.00e-26
  3.1212e+05   2.83e-26
  3.2306e+05   2.67e-26
  3.3438e+05   2.52e-26
  3.4610e+05   2.38e-26
  3.5823e+05   2.24e-26
  3.7078e+05   2.11e-26
  3.8377e+05   1.98e-26
  3.9722e+05   1.86e-26
  4.1114e+05   1.75e-26
  4.2555e+05   1.64e-26
  4.4046e+05   1.54e-26
  4.5590e+05   1.45e-26
  4.7188e+05   1.36e-26
  4.8841e+05   1.27e-26
  5.0553e+05   1.19e-26
  5.2324e+05   1.11e-26
  5.4158e+05   1.04e-26
  5.6056e+05   9.72e-27
  5.8020e+05   9.07e-27
  6.0054e+05   8.47e-27
  6.2158e+05   7.90e-27
  6.4337e+05   7.36e-27
  6.6591e+05   6.86e-27
  6.8925e+05   6.39e-27
  7.1340e+05   5.94e-27
  7.3840e+05   5.53e-27
  7.6428e+05   5.13e-27
  7.9106e+05   4.77e-27
  8.1878e+05   4.43e-27
  8.4748e+05   4.11e-27
  8.7718e+05   3.82e-27
  9.0792e+05   3.54e-27
  9.3973e+05   3.28e-27
  9.7267e+05   3.04e-27
  1.0068e+06   2.82e-27
  1.0420e+06   2.61e-27
  1.0785e+06   2.42e-27
  1.1163e+06   2.24e-27
  1.1555e+06   2.07e-27
  1.1960e+06   1.91e-27
  1.2379e+06   1.77e-27
  1.2813e+06   1.64e-27
  1.3262e+06   1.51e-27
  1.3726e+06   1.40e-27
  1.4207e+06   1.29e-27
  1.4705e+06   1.19e-27
  1.5220e+06   1.10e-27
  1.5754e+06   1.01e-27
  1.6306e+06   9.34e-28
  1.6877e+06   8.60e-28
  1.7469e+06   7.92e-28
  1.8081e+06   7.30e-28
  1.8715e+06   6.72e-28
  1.9370e+06   6.17e-28
  2.0049e+06   5.68e-28
  2.0752e+06   5.22e-28
  2.1479e+06   4.79e-28
  2.2232e+06   4.40e-28
  2.3011e+06   4.04e-28
  2.3817e+06   3.69e-28
  2.4652e+06   3.38e-28
  2.5516e+06   3.10e-28
  2.6410e+06   2.83e-28
  2.7336e+06   2.58e-28
  2.8294e+06   2.36e-28
  2.9285e+06   2.15e-28
  3.0311e+06   1.96e-28
  3.1374e+06   1.78e-28
  3.2473e+06   1.62e-28
  3.3611e+06   1.47e-28
  3.4789e+06   1.33e-28
  3.6008e+06   1.21e-28
  3.7270e+06   1.09e-28
  3.8576e+06   9.83e-29
  3.9928e+06   8.88e-29
  4.1327e+06   8.00e-29
  4.2775e+06   7.17e-29
  4.4274e+06   6.45e-29
  4.5826e+06   5.79e-29
  4.7432e+06   5.16e-29
  4.9094e+06   4.61e-29
  5.0815e+06   4.11e-29
  5.2595e+06   3.65e-29
  5.4438e+06   3.23e-29
  5.6346e+06   2.87e-29
  5.8321e+06   2.53e-29
  6.0365e+06   2.22e-29
  6.2480e+06   1.95e-29
  6.4670e+06   1.71e-29
  6.6936e+06   1.49e-29
  6.9282e+06   1.29e-29
  7.1709e+06   1.13e-29
  7.4222e+06   9.74e-30
  7.6823e+06   8.34e-30
  7.9516e+06   7.21e-30
  8.2302e+06   6.17e-30
  8.5186e+06   5.22e-30
  8.8172e+06   4.44e-30
  9.1262e+06   3.76e-30
  9.4460e+06   3.15e-30
  9.7770e+06   2.62e-30
  1.0120e+07   2.19e-30
  1.0474e+07   1.81e-30
  1.0841e+07   1.47e-30
  1.1221e+07   1.21e-30
  1.1614e+07   9.80e-31
  1.2022e+07   7.80e-31
  1.2443e+07   6.22e-31
  1.2879e+07   4.93e-31
  1.3330e+07   3.82e-31
  1.3797e+07   2.94e-31
  1.4281e+07   2.26e-31
  1.4781e+07   1.70e-31
  1.5299e+07   1.25e-31
  1.5835e+07   9.29e-32
  1.6390e+07   6.72e-32
  1.6965e+07   4.71e-32
  1.7559e+07   3.28e-32
  1.8175e+07   2.25e-32
  1.8812e+07   1.48e-32
  1.9471e+07   9.44e-33
  2.0153e+07   5.97e-33
  2.0859e+07   3.58e-33
  2.1590e+07   2.02e-33
  2.2347e+07   1.12e-33
  2.3130e+07   5.84e-34
  2.3941e+07   2.78e-34
  2.4780e+07   1.25e-34
  2.5648e+07   5.13e-35
  2.6547e+07   1.85e-35
  2.7477e+07   5.85e-36
  2.8440e+07   1.65e-36
