#  E [MeV]   Flux [# cm^{-2} s^{-1}  MeV^{-1}]
  3.0000e+04   1.23e-21
  3.1123e+04   1.18e-21
  3.2288e+04   1.14e-21
  3.3497e+04   1.09e-21
  3.4751e+04   1.05e-21
  3.6051e+04   1.01e-21
  3.7401e+04   9.72e-22
  3.8801e+04   9.35e-22
  4.0253e+04   8.98e-22
  4.1760e+04   8.63e-22
  4.3324e+04   8.30e-22
  4.4945e+04   7.97e-22
  4.6628e+04   7.66e-22
  4.8373e+04   7.35e-22
  5.0184e+04   7.06e-22
  5.2063e+04   6.78e-22
  5.4011e+04   6.50e-22
  5.6033e+04   6.24e-22
  5.8131e+04   5.99e-22
  6.0307e+04   5.74e-22
  6.2564e+04   5.51e-22
  6.4906e+04   5.28e-22
  6.7336e+04   5.07e-22
  6.9857e+04   4.85e-22
  7.2472e+04   4.65e-22
  7.5184e+04   4.46e-22
  7.7999e+04   4.27e-22
  8.0919e+04   4.09e-22
  8.3948e+04   3.92e-22
  8.7090e+04   3.75e-22
  9.0350e+04   3.59e-22
  9.3732e+04   3.43e-22
  9.7241e+04   3.29e-22
  1.0088e+05   3.14e-22
  1.0466e+05   3.01e-22
  1.0858e+05   2.88e-22
  1.1264e+05   2.75e-22
  1.1686e+05   2.63e-22
  1.2123e+05   2.51e-22
  1.2577e+05   2.40e-22
  1.3048e+05   2.29e-22
  1.3536e+05   2.19e-22
  1.4043e+05   2.09e-22
  1.4568e+05   2.00e-22
  1.5114e+05   1.91e-22
  1.5680e+05   1.82e-22
  1.6266e+05   1.74e-22
  1.6875e+05   1.66e-22
  1.7507e+05   1.59e-22
  1.8162e+05   1.51e-22
  1.8842e+05   1.44e-22
  1.9548e+05   1.38e-22
  2.0279e+05   1.31e-22
  2.1039e+05   1.25e-22
  2.1826e+05   1.20e-22
  2.2643e+05   1.14e-22
  2.3491e+05   1.09e-22
  2.4370e+05   1.04e-22
  2.5282e+05   9.88e-23
  2.6229e+05   9.42e-23
  2.7211e+05   8.98e-23
  2.8229e+05   8.56e-23
  2.9286e+05   8.16e-23
  3.0382e+05   7.78e-23
  3.1519e+05   7.42e-23
  3.2699e+05   7.07e-23
  3.3923e+05   6.74e-23
  3.5193e+05   6.43e-23
  3.6511e+05   6.13e-23
  3.7877e+05   5.84e-23
  3.9295e+05   5.57e-23
  4.0766e+05   5.31e-23
  4.2292e+05   5.06e-23
  4.3875e+05   4.82e-23
  4.5518e+05   4.60e-23
  4.7222e+05   4.38e-23
  4.8989e+05   4.18e-23
  5.0823e+05   3.99e-23
  5.2726e+05   3.80e-23
  5.4699e+05   3.63e-23
  5.6747e+05   3.47e-23
  5.8871e+05   3.31e-23
  6.1075e+05   3.16e-23
  6.3361e+05   3.02e-23
  6.5733e+05   2.89e-23
  6.8194e+05   2.76e-23
  7.0746e+05   2.64e-23
  7.3395e+05   2.52e-23
  7.6142e+05   2.41e-23
  7.8992e+05   2.31e-23
  8.1949e+05   2.21e-23
  8.5017e+05   2.12e-23
  8.8199e+05   2.03e-23
  9.1501e+05   1.95e-23
  9.4926e+05   1.87e-23
  9.8479e+05   1.80e-23
  1.0217e+06   1.73e-23
  1.0599e+06   1.66e-23
  1.0996e+06   1.59e-23
  1.1407e+06   1.53e-23
  1.1834e+06   1.48e-23
  1.2277e+06   1.42e-23
  1.2737e+06   1.37e-23
  1.3214e+06   1.32e-23
  1.3708e+06   1.27e-23
  1.4222e+06   1.23e-23
  1.4754e+06   1.19e-23
  1.5306e+06   1.14e-23
  1.5879e+06   1.11e-23
  1.6474e+06   1.07e-23
  1.7090e+06   1.03e-23
  1.7730e+06   9.98e-24
  1.8394e+06   9.65e-24
  1.9082e+06   9.33e-24
  1.9797e+06   9.03e-24
  2.0538e+06   8.74e-24
  2.1306e+06   8.46e-24
  2.2104e+06   8.18e-24
  2.2931e+06   7.92e-24
  2.3790e+06   7.66e-24
  2.4680e+06   7.42e-24
  2.5604e+06   7.17e-24
  2.6563e+06   6.94e-24
  2.7557e+06   6.71e-24
  2.8589e+06   6.48e-24
  2.9659e+06   6.26e-24
  3.0769e+06   6.05e-24
  3.1921e+06   5.83e-24
  3.3116e+06   5.63e-24
  3.4355e+06   5.43e-24
  3.5641e+06   5.22e-24
  3.6976e+06   5.03e-24
  3.8360e+06   4.84e-24
  3.9796e+06   4.65e-24
  4.1285e+06   4.46e-24
  4.2831e+06   4.28e-24
  4.4434e+06   4.10e-24
  4.6097e+06   3.92e-24
  4.7823e+06   3.75e-24
  4.9613e+06   3.57e-24
  5.1470e+06   3.40e-24
  5.3397e+06   3.24e-24
  5.5396e+06   3.08e-24
  5.7470e+06   2.91e-24
  5.9621e+06   2.76e-24
  6.1853e+06   2.60e-24
  6.4168e+06   2.45e-24
  6.6570e+06   2.30e-24
  6.9062e+06   2.16e-24
  7.1647e+06   2.02e-24
  7.4329e+06   1.88e-24
  7.7112e+06   1.75e-24
  7.9998e+06   1.62e-24
  8.2993e+06   1.49e-24
  8.6100e+06   1.38e-24
  8.9323e+06   1.26e-24
  9.2666e+06   1.15e-24
  9.6135e+06   1.04e-24
  9.9734e+06   9.38e-25
  1.0347e+07   8.42e-25
  1.0734e+07   7.52e-25
  1.1136e+07   6.66e-25
  1.1553e+07   5.86e-25
  1.1985e+07   5.12e-25
  1.2434e+07   4.43e-25
  1.2899e+07   3.80e-25
  1.3382e+07   3.23e-25
  1.3883e+07   2.71e-25
  1.4403e+07   2.25e-25
  1.4942e+07   1.84e-25
  1.5501e+07   1.49e-25
  1.6081e+07   1.18e-25
  1.6683e+07   9.19e-26
  1.7308e+07   7.01e-26
  1.7956e+07   5.21e-26
  1.8628e+07   3.78e-26
  1.9325e+07   2.66e-26
  2.0049e+07   1.81e-26
  2.0799e+07   1.18e-26
  2.1578e+07   7.39e-27
  2.2386e+07   4.40e-27
  2.3224e+07   2.47e-27
  2.4093e+07   1.30e-27
  2.4995e+07   6.34e-28
  2.5930e+07   2.82e-28
  2.6901e+07   1.13e-28
  2.7908e+07   4.00e-29
  2.8953e+07   1.22e-29
  3.0037e+07   3.12e-30
  3.1161e+07   6.48e-31
  3.2327e+07   1.05e-31
  3.3537e+07   1.25e-32
  3.4793e+07   1.03e-33
  3.6095e+07   5.50e-35
  3.7446e+07   1.66e-36
  3.8848e+07   2.52e-38
  4.0302e+07   1.65e-40
  4.1811e+07   3.60e-43
  4.3376e+07   1.98e-46
  4.5000e+07   1.94e-50
