#  E [GeV]   # per interaction  [GeV^{-1}]
  3.0000e+01   3.07e-01
  3.0782e+01   2.97e-01
  3.1585e+01   2.87e-01
  3.2409e+01   2.78e-01
  3.3255e+01   2.68e-01
  3.4122e+01   2.60e-01
  3.5012e+01   2.51e-01
  3.5925e+01   2.42e-01
  3.6862e+01   2.34e-01
  3.7824e+01   2.26e-01
  3.8810e+01   2.19e-01
  3.9822e+01   2.11e-01
  4.0861e+01   2.04e-01
  4.1927e+01   1.97e-01
  4.3021e+01   1.90e-01
  4.4143e+01   1.83e-01
  4.5294e+01   1.77e-01
  4.6475e+01   1.70e-01
  4.7688e+01   1.64e-01
  4.8931e+01   1.58e-01
  5.0208e+01   1.53e-01
  5.1517e+01   1.47e-01
  5.2861e+01   1.42e-01
  5.4240e+01   1.37e-01
  5.5654e+01   1.32e-01
  5.7106e+01   1.27e-01
  5.8596e+01   1.22e-01
  6.0124e+01   1.17e-01
  6.1692e+01   1.13e-01
  6.3301e+01   1.09e-01
  6.4952e+01   1.05e-01
  6.6647e+01   1.01e-01
  6.8385e+01   9.67e-02
  7.0169e+01   9.29e-02
  7.1999e+01   8.93e-02
  7.3877e+01   8.58e-02
  7.5804e+01   8.24e-02
  7.7781e+01   7.92e-02
  7.9810e+01   7.60e-02
  8.1891e+01   7.30e-02
  8.4027e+01   7.00e-02
  8.6219e+01   6.72e-02
  8.8468e+01   6.45e-02
  9.0775e+01   6.19e-02
  9.3143e+01   5.93e-02
  9.5572e+01   5.69e-02
  9.8065e+01   5.45e-02
  1.0062e+02   5.22e-02
  1.0325e+02   5.01e-02
  1.0594e+02   4.79e-02
  1.0870e+02   4.59e-02
  1.1154e+02   4.40e-02
  1.1445e+02   4.21e-02
  1.1743e+02   4.03e-02
  1.2050e+02   3.85e-02
  1.2364e+02   3.68e-02
  1.2686e+02   3.52e-02
  1.3017e+02   3.37e-02
  1.3357e+02   3.22e-02
  1.3705e+02   3.07e-02
  1.4063e+02   2.93e-02
  1.4429e+02   2.80e-02
  1.4806e+02   2.67e-02
  1.5192e+02   2.55e-02
  1.5588e+02   2.43e-02
  1.5995e+02   2.32e-02
  1.6412e+02   2.21e-02
  1.6840e+02   2.11e-02
  1.7279e+02   2.01e-02
  1.7730e+02   1.91e-02
  1.8193e+02   1.82e-02
  1.8667e+02   1.73e-02
  1.9154e+02   1.65e-02
  1.9654e+02   1.57e-02
  2.0166e+02   1.49e-02
  2.0692e+02   1.42e-02
  2.1232e+02   1.35e-02
  2.1786e+02   1.28e-02
  2.2354e+02   1.22e-02
  2.2937e+02   1.16e-02
  2.3535e+02   1.10e-02
  2.4149e+02   1.04e-02
  2.4779e+02   9.86e-03
  2.5425e+02   9.35e-03
  2.6088e+02   8.86e-03
  2.6769e+02   8.39e-03
  2.7467e+02   7.93e-03
  2.8184e+02   7.51e-03
  2.8919e+02   7.11e-03
  2.9673e+02   6.72e-03
  3.0447e+02   6.35e-03
  3.1241e+02   6.00e-03
  3.2056e+02   5.67e-03
  3.2892e+02   5.35e-03
  3.3750e+02   5.05e-03
  3.4630e+02   4.76e-03
  3.5533e+02   4.49e-03
  3.6460e+02   4.24e-03
  3.7411e+02   3.99e-03
  3.8387e+02   3.75e-03
  3.9388e+02   3.53e-03
  4.0416e+02   3.33e-03
  4.1470e+02   3.13e-03
  4.2551e+02   2.94e-03
  4.3661e+02   2.76e-03
  4.4800e+02   2.59e-03
  4.5969e+02   2.43e-03
  4.7168e+02   2.28e-03
  4.8398e+02   2.14e-03
  4.9660e+02   2.00e-03
  5.0956e+02   1.88e-03
  5.2285e+02   1.76e-03
  5.3648e+02   1.64e-03
  5.5048e+02   1.54e-03
  5.6483e+02   1.44e-03
  5.7957e+02   1.34e-03
  5.9468e+02   1.25e-03
  6.1020e+02   1.17e-03
  6.2611e+02   1.09e-03
  6.4244e+02   1.02e-03
  6.5920e+02   9.48e-04
  6.7639e+02   8.82e-04
  6.9403e+02   8.21e-04
  7.1214e+02   7.65e-04
  7.3071e+02   7.12e-04
  7.4977e+02   6.62e-04
  7.6933e+02   6.13e-04
  7.8939e+02   5.70e-04
  8.0998e+02   5.30e-04
  8.3111e+02   4.92e-04
  8.5279e+02   4.56e-04
  8.7503e+02   4.22e-04
  8.9785e+02   3.92e-04
  9.2127e+02   3.63e-04
  9.4530e+02   3.36e-04
  9.6996e+02   3.10e-04
  9.9526e+02   2.87e-04
  1.0212e+03   2.66e-04
  1.0479e+03   2.46e-04
  1.0752e+03   2.26e-04
  1.1032e+03   2.09e-04
  1.1320e+03   1.93e-04
  1.1615e+03   1.78e-04
  1.1918e+03   1.64e-04
  1.2229e+03   1.51e-04
  1.2548e+03   1.40e-04
  1.2875e+03   1.29e-04
  1.3211e+03   1.19e-04
  1.3556e+03   1.09e-04
  1.3909e+03   1.00e-04
  1.4272e+03   9.29e-05
  1.4644e+03   8.56e-05
  1.5026e+03   7.88e-05
  1.5418e+03   7.22e-05
  1.5820e+03   6.68e-05
  1.6233e+03   6.18e-05
  1.6657e+03   5.69e-05
  1.7091e+03   5.23e-05
  1.7537e+03   4.82e-05
  1.7994e+03   4.47e-05
  1.8464e+03   4.13e-05
  1.8945e+03   3.81e-05
  1.9439e+03   3.50e-05
  1.9946e+03   3.26e-05
  2.0467e+03   3.04e-05
  2.1000e+03   2.82e-05
  2.1548e+03   2.61e-05
  2.2110e+03   2.44e-05
  2.2687e+03   2.29e-05
  2.3279e+03   2.14e-05
  2.3886e+03   2.01e-05
  2.4509e+03   1.88e-05
  2.5148e+03   1.78e-05
  2.5804e+03   1.69e-05
  2.6477e+03   1.60e-05
  2.7168e+03   1.51e-05
  2.7876e+03   1.44e-05
  2.8603e+03   1.39e-05
  2.9349e+03   1.33e-05
  3.0115e+03   1.28e-05
  3.0900e+03   1.23e-05
  3.1706e+03   1.21e-05
  3.2533e+03   1.18e-05
  3.3382e+03   1.16e-05
  3.4253e+03   1.14e-05
  3.5146e+03   1.13e-05
  3.6063e+03   1.14e-05
  3.7003e+03   1.15e-05
  3.7969e+03   1.15e-05
  3.8959e+03   1.16e-05
  3.9975e+03   1.23e-05
  4.1018e+03   1.28e-05
  4.2088e+03   1.34e-05
  4.3185e+03   1.39e-05
  4.4312e+03   1.52e-05
  4.5467e+03   1.68e-05
  4.6653e+03   1.83e-05
  4.7870e+03   1.96e-05
  4.9119e+03   1.96e-05
  5.0400e+03   1.61e-05
