#  E [MeV]   Flux [# cm^{-2} s^{-1}  MeV^{-1}]
  3.0000e+04   3.06e-25
  3.1232e+04   2.93e-25
  3.2514e+04   2.80e-25
  3.3849e+04   2.68e-25
  3.5238e+04   2.56e-25
  3.6685e+04   2.45e-25
  3.8191e+04   2.35e-25
  3.9759e+04   2.24e-25
  4.1391e+04   2.15e-25
  4.3090e+04   2.05e-25
  4.4859e+04   1.96e-25
  4.6701e+04   1.88e-25
  4.8618e+04   1.79e-25
  5.0614e+04   1.71e-25
  5.2692e+04   1.64e-25
  5.4855e+04   1.57e-25
  5.7107e+04   1.50e-25
  5.9451e+04   1.43e-25
  6.1892e+04   1.37e-25
  6.4433e+04   1.31e-25
  6.7078e+04   1.25e-25
  6.9832e+04   1.19e-25
  7.2699e+04   1.14e-25
  7.5683e+04   1.09e-25
  7.8790e+04   1.04e-25
  8.2025e+04   9.94e-26
  8.5392e+04   9.50e-26
  8.8898e+04   9.07e-26
  9.2547e+04   8.66e-26
  9.6347e+04   8.27e-26
  1.0030e+05   7.89e-26
  1.0442e+05   7.53e-26
  1.0871e+05   7.19e-26
  1.1317e+05   6.86e-26
  1.1782e+05   6.55e-26
  1.2265e+05   6.25e-26
  1.2769e+05   5.96e-26
  1.3293e+05   5.68e-26
  1.3839e+05   5.42e-26
  1.4407e+05   5.16e-26
  1.4998e+05   4.92e-26
  1.5614e+05   4.69e-26
  1.6255e+05   4.46e-26
  1.6922e+05   4.25e-26
  1.7617e+05   4.05e-26
  1.8340e+05   3.85e-26
  1.9093e+05   3.66e-26
  1.9877e+05   3.49e-26
  2.0693e+05   3.31e-26
  2.1543e+05   3.15e-26
  2.2427e+05   2.99e-26
  2.3348e+05   2.84e-26
  2.4306e+05   2.70e-26
  2.5304e+05   2.56e-26
  2.6343e+05   2.43e-26
  2.7424e+05   2.30e-26
  2.8550e+05   2.18e-26
  2.9722e+05   2.07e-26
  3.0942e+05   1.96e-26
  3.2213e+05   1.85e-26
  3.3535e+05   1.75e-26
  3.4912e+05   1.65e-26
  3.6345e+05   1.56e-26
  3.7837e+05   1.47e-26
  3.9390e+05   1.39e-26
  4.1008e+05   1.31e-26
  4.2691e+05   1.24e-26
  4.4444e+05   1.16e-26
  4.6268e+05   1.10e-26
  4.8168e+05   1.03e-26
  5.0145e+05   9.68e-27
  5.2204e+05   9.09e-27
  5.4347e+05   8.54e-27
  5.6578e+05   8.01e-27
  5.8901e+05   7.50e-27
  6.1319e+05   7.03e-27
  6.3836e+05   6.58e-27
  6.6457e+05   6.15e-27
  6.9185e+05   5.75e-27
  7.2025e+05   5.38e-27
  7.4982e+05   5.02e-27
  7.8061e+05   4.69e-27
  8.1265e+05   4.37e-27
  8.4601e+05   4.08e-27
  8.8075e+05   3.80e-27
  9.1690e+05   3.54e-27
  9.5455e+05   3.30e-27
  9.9373e+05   3.07e-27
  1.0345e+06   2.85e-27
  1.0770e+06   2.65e-27
  1.1212e+06   2.47e-27
  1.1672e+06   2.29e-27
  1.2152e+06   2.13e-27
  1.2650e+06   1.98e-27
  1.3170e+06   1.83e-27
  1.3711e+06   1.70e-27
  1.4273e+06   1.58e-27
  1.4859e+06   1.46e-27
  1.5469e+06   1.35e-27
  1.6104e+06   1.25e-27
  1.6766e+06   1.16e-27
  1.7454e+06   1.08e-27
  1.8170e+06   9.95e-28
  1.8916e+06   9.21e-28
  1.9693e+06   8.51e-28
  2.0501e+06   7.86e-28
  2.1343e+06   7.26e-28
  2.2219e+06   6.70e-28
  2.3131e+06   6.18e-28
  2.4081e+06   5.69e-28
  2.5070e+06   5.23e-28
  2.6099e+06   4.82e-28
  2.7170e+06   4.42e-28
  2.8286e+06   4.06e-28
  2.9447e+06   3.73e-28
  3.0656e+06   3.42e-28
  3.1914e+06   3.13e-28
  3.3225e+06   2.87e-28
  3.4589e+06   2.62e-28
  3.6008e+06   2.39e-28
  3.7487e+06   2.18e-28
  3.9026e+06   1.99e-28
  4.0628e+06   1.81e-28
  4.2296e+06   1.64e-28
  4.4032e+06   1.49e-28
  4.5840e+06   1.35e-28
  4.7722e+06   1.22e-28
  4.9681e+06   1.10e-28
  5.1720e+06   9.94e-29
  5.3844e+06   8.94e-29
  5.6054e+06   8.03e-29
  5.8355e+06   7.21e-29
  6.0751e+06   6.44e-29
  6.3245e+06   5.75e-29
  6.5841e+06   5.13e-29
  6.8544e+06   4.55e-29
  7.1358e+06   4.04e-29
  7.4288e+06   3.58e-29
  7.7338e+06   3.15e-29
  8.0513e+06   2.78e-29
  8.3818e+06   2.43e-29
  8.7259e+06   2.12e-29
  9.0841e+06   1.85e-29
  9.4571e+06   1.61e-29
  9.8453e+06   1.38e-29
  1.0249e+07   1.19e-29
  1.0670e+07   1.02e-29
  1.1108e+07   8.66e-30
  1.1564e+07   7.35e-30
  1.2039e+07   6.17e-30
  1.2533e+07   5.15e-30
  1.3048e+07   4.28e-30
  1.3584e+07   3.51e-30
  1.4141e+07   2.87e-30
  1.4722e+07   2.32e-30
  1.5326e+07   1.84e-30
  1.5955e+07   1.45e-30
  1.6610e+07   1.13e-30
  1.7292e+07   8.58e-31
  1.8002e+07   6.46e-31
  1.8741e+07   4.74e-31
  1.9511e+07   3.37e-31
  2.0312e+07   2.37e-31
  2.1145e+07   1.60e-31
  2.2013e+07   1.03e-31
  2.2917e+07   6.47e-32
  2.3858e+07   3.83e-32
  2.4837e+07   2.13e-32
  2.5857e+07   1.11e-32
  2.6919e+07   5.29e-33
  2.8024e+07   2.28e-33
  2.9174e+07   8.79e-34
  3.0372e+07   2.90e-34
  3.1619e+07   8.02e-35
  3.2917e+07   1.79e-35
  3.4268e+07   3.02e-36
  3.5675e+07   3.67e-37
  3.7140e+07   2.92e-38
  3.8664e+07   1.35e-39
  4.0252e+07   3.21e-41
  4.1904e+07   3.19e-43
  4.3624e+07   1.01e-45
  4.5415e+07   7.63e-49
  4.7280e+07   8.17e-53
  4.9221e+07   6.58e-58
  5.1241e+07   1.69e-64
  5.3345e+07   8.79e-72
  5.5535e+07   7.48e-72
  5.7815e+07   6.50e-72
  6.0188e+07   5.59e-72
  6.2659e+07   4.82e-72
  6.5232e+07   4.22e-72
  6.7910e+07   3.66e-72
  7.0698e+07   3.21e-72
  7.3600e+07   2.85e-72
  7.6621e+07   2.52e-72
  7.9767e+07   2.26e-72
  8.3042e+07   2.03e-72
  8.6451e+07   1.82e-72
  9.0000e+07   1.66e-72
