#  E [MeV]   Flux [# cm^{-2} s^{-1}  MeV^{-1}]
  3.0000e+04   3.40e-23
  3.0782e+04   3.29e-23
  3.1585e+04   3.18e-23
  3.2409e+04   3.07e-23
  3.3255e+04   2.96e-23
  3.4122e+04   2.86e-23
  3.5012e+04   2.76e-23
  3.5925e+04   2.66e-23
  3.6862e+04   2.57e-23
  3.7824e+04   2.48e-23
  3.8810e+04   2.39e-23
  3.9822e+04   2.31e-23
  4.0861e+04   2.22e-23
  4.1927e+04   2.14e-23
  4.3021e+04   2.07e-23
  4.4143e+04   1.99e-23
  4.5294e+04   1.92e-23
  4.6475e+04   1.85e-23
  4.7688e+04   1.78e-23
  4.8931e+04   1.72e-23
  5.0208e+04   1.65e-23
  5.1517e+04   1.59e-23
  5.2861e+04   1.53e-23
  5.4240e+04   1.47e-23
  5.5654e+04   1.41e-23
  5.7106e+04   1.36e-23
  5.8596e+04   1.31e-23
  6.0124e+04   1.26e-23
  6.1692e+04   1.21e-23
  6.3301e+04   1.16e-23
  6.4952e+04   1.11e-23
  6.6647e+04   1.06e-23
  6.8385e+04   1.02e-23
  7.0169e+04   9.79e-24
  7.1999e+04   9.38e-24
  7.3877e+04   8.99e-24
  7.5804e+04   8.61e-24
  7.7781e+04   8.25e-24
  7.9810e+04   7.90e-24
  8.1891e+04   7.57e-24
  8.4027e+04   7.25e-24
  8.6219e+04   6.94e-24
  8.8468e+04   6.65e-24
  9.0775e+04   6.37e-24
  9.3143e+04   6.09e-24
  9.5572e+04   5.83e-24
  9.8065e+04   5.58e-24
  1.0062e+05   5.34e-24
  1.0325e+05   5.11e-24
  1.0594e+05   4.89e-24
  1.0870e+05   4.67e-24
  1.1154e+05   4.47e-24
  1.1445e+05   4.27e-24
  1.1743e+05   4.08e-24
  1.2050e+05   3.89e-24
  1.2364e+05   3.72e-24
  1.2686e+05   3.55e-24
  1.3017e+05   3.38e-24
  1.3357e+05   3.22e-24
  1.3705e+05   3.07e-24
  1.4063e+05   2.93e-24
  1.4429e+05   2.79e-24
  1.4806e+05   2.66e-24
  1.5192e+05   2.53e-24
  1.5588e+05   2.40e-24
  1.5995e+05   2.29e-24
  1.6412e+05   2.17e-24
  1.6840e+05   2.07e-24
  1.7279e+05   1.96e-24
  1.7730e+05   1.86e-24
  1.8193e+05   1.77e-24
  1.8667e+05   1.68e-24
  1.9154e+05   1.59e-24
  1.9654e+05   1.51e-24
  2.0166e+05   1.43e-24
  2.0692e+05   1.35e-24
  2.1232e+05   1.28e-24
  2.1786e+05   1.21e-24
  2.2354e+05   1.14e-24
  2.2937e+05   1.08e-24
  2.3535e+05   1.02e-24
  2.4149e+05   9.63e-25
  2.4779e+05   9.09e-25
  2.5425e+05   8.57e-25
  2.6088e+05   8.07e-25
  2.6769e+05   7.59e-25
  2.7467e+05   7.14e-25
  2.8184e+05   6.72e-25
  2.8919e+05   6.31e-25
  2.9673e+05   5.92e-25
  3.0447e+05   5.55e-25
  3.1241e+05   5.21e-25
  3.2056e+05   4.88e-25
  3.2892e+05   4.57e-25
  3.3750e+05   4.28e-25
  3.4630e+05   4.00e-25
  3.5533e+05   3.74e-25
  3.6460e+05   3.49e-25
  3.7411e+05   3.25e-25
  3.8387e+05   3.03e-25
  3.9388e+05   2.82e-25
  4.0416e+05   2.63e-25
  4.1470e+05   2.45e-25
  4.2551e+05   2.27e-25
  4.3661e+05   2.11e-25
  4.4800e+05   1.96e-25
  4.5969e+05   1.81e-25
  4.7168e+05   1.68e-25
  4.8398e+05   1.55e-25
  4.9660e+05   1.43e-25
  5.0956e+05   1.33e-25
  5.2285e+05   1.22e-25
  5.3648e+05   1.12e-25
  5.5048e+05   1.03e-25
  5.6483e+05   9.53e-26
  5.7957e+05   8.76e-26
  5.9468e+05   8.03e-26
  6.1020e+05   7.34e-26
  6.2611e+05   6.75e-26
  6.4244e+05   6.19e-26
  6.5920e+05   5.66e-26
  6.7639e+05   5.15e-26
  6.9403e+05   4.71e-26
  7.1214e+05   4.31e-26
  7.3071e+05   3.93e-26
  7.4977e+05   3.57e-26
  7.6933e+05   3.23e-26
  7.8939e+05   2.96e-26
  8.0998e+05   2.69e-26
  8.3111e+05   2.44e-26
  8.5279e+05   2.20e-26
  8.7503e+05   2.00e-26
  8.9785e+05   1.82e-26
  9.2127e+05   1.64e-26
  9.4530e+05   1.48e-26
  9.6996e+05   1.33e-26
  9.9526e+05   1.21e-26
  1.0212e+06   1.09e-26
  1.0479e+06   9.80e-27
  1.0752e+06   8.75e-27
  1.1032e+06   7.88e-27
  1.1320e+06   7.11e-27
  1.1615e+06   6.38e-27
  1.1918e+06   5.70e-27
  1.2229e+06   5.07e-27
  1.2548e+06   4.57e-27
  1.2875e+06   4.10e-27
  1.3211e+06   3.66e-27
  1.3556e+06   3.24e-27
  1.3909e+06   2.90e-27
  1.4272e+06   2.60e-27
  1.4644e+06   2.32e-27
  1.5026e+06   2.05e-27
  1.5418e+06   1.81e-27
  1.5820e+06   1.63e-27
  1.6233e+06   1.45e-27
  1.6657e+06   1.29e-27
  1.7091e+06   1.13e-27
  1.7537e+06   1.01e-27
  1.7994e+06   8.99e-28
  1.8464e+06   7.97e-28
  1.8945e+06   7.00e-28
  1.9439e+06   6.15e-28
  1.9946e+06   5.50e-28
  2.0467e+06   4.89e-28
  2.1000e+06   4.31e-28
  2.1548e+06   3.75e-28
  2.2110e+06   3.35e-28
  2.2687e+06   2.99e-28
  2.3279e+06   2.65e-28
  2.3886e+06   2.32e-28
  2.4509e+06   2.05e-28
  2.5148e+06   1.84e-28
  2.5804e+06   1.64e-28
  2.6477e+06   1.45e-28
  2.7168e+06   1.27e-28
  2.7876e+06   1.15e-28
  2.8603e+06   1.03e-28
  2.9349e+06   9.24e-29
  3.0115e+06   8.20e-29
  3.0900e+06   7.35e-29
  3.1706e+06   6.71e-29
  3.2533e+06   6.11e-29
  3.3382e+06   5.53e-29
  3.4253e+06   4.98e-29
  3.5146e+06   4.59e-29
  3.6063e+06   4.23e-29
  3.7003e+06   3.88e-29
  3.7969e+06   3.55e-29
  3.8959e+06   3.25e-29
  3.9975e+06   2.99e-29
  4.1018e+06   2.75e-29
  4.2088e+06   2.51e-29
  4.3185e+06   2.29e-29
  4.4312e+06   2.10e-29
  4.5467e+06   1.91e-29
  4.6653e+06   1.74e-29
  4.7870e+06   1.57e-29
  4.9119e+06   1.44e-29
  5.0400e+06   1.33e-29
