#  E [MeV]   Flux [# cm^{-2} s^{-1}  MeV^{-1}]
  3.0000e+04   4.24e-26
  3.1051e+04   4.08e-26
  3.2139e+04   3.92e-26
  3.3266e+04   3.77e-26
  3.4432e+04   3.63e-26
  3.5638e+04   3.49e-26
  3.6887e+04   3.35e-26
  3.8180e+04   3.22e-26
  3.9518e+04   3.10e-26
  4.0903e+04   2.97e-26
  4.2336e+04   2.86e-26
  4.3820e+04   2.74e-26
  4.5355e+04   2.63e-26
  4.6945e+04   2.53e-26
  4.8590e+04   2.42e-26
  5.0293e+04   2.32e-26
  5.2055e+04   2.23e-26
  5.3879e+04   2.14e-26
  5.5767e+04   2.05e-26
  5.7722e+04   1.96e-26
  5.9745e+04   1.88e-26
  6.1838e+04   1.80e-26
  6.4005e+04   1.73e-26
  6.6248e+04   1.65e-26
  6.8570e+04   1.58e-26
  7.0973e+04   1.51e-26
  7.3460e+04   1.45e-26
  7.6034e+04   1.38e-26
  7.8699e+04   1.32e-26
  8.1457e+04   1.27e-26
  8.4311e+04   1.21e-26
  8.7266e+04   1.16e-26
  9.0324e+04   1.10e-26
  9.3490e+04   1.05e-26
  9.6766e+04   1.01e-26
  1.0016e+05   9.60e-27
  1.0367e+05   9.16e-27
  1.0730e+05   8.74e-27
  1.1106e+05   8.33e-27
  1.1495e+05   7.94e-27
  1.1898e+05   7.57e-27
  1.2315e+05   7.21e-27
  1.2747e+05   6.86e-27
  1.3193e+05   6.53e-27
  1.3656e+05   6.22e-27
  1.4134e+05   5.92e-27
  1.4629e+05   5.63e-27
  1.5142e+05   5.35e-27
  1.5673e+05   5.09e-27
  1.6222e+05   4.83e-27
  1.6790e+05   4.59e-27
  1.7379e+05   4.36e-27
  1.7988e+05   4.13e-27
  1.8618e+05   3.92e-27
  1.9271e+05   3.72e-27
  1.9946e+05   3.52e-27
  2.0645e+05   3.34e-27
  2.1369e+05   3.16e-27
  2.2117e+05   2.99e-27
  2.2892e+05   2.83e-27
  2.3695e+05   2.67e-27
  2.4525e+05   2.53e-27
  2.5385e+05   2.39e-27
  2.6274e+05   2.25e-27
  2.7195e+05   2.13e-27
  2.8148e+05   2.00e-27
  2.9134e+05   1.89e-27
  3.0155e+05   1.78e-27
  3.1212e+05   1.68e-27
  3.2306e+05   1.58e-27
  3.3438e+05   1.48e-27
  3.4610e+05   1.39e-27
  3.5823e+05   1.31e-27
  3.7078e+05   1.23e-27
  3.8377e+05   1.15e-27
  3.9722e+05   1.08e-27
  4.1114e+05   1.01e-27
  4.2555e+05   9.49e-28
  4.4046e+05   8.88e-28
  4.5590e+05   8.31e-28
  4.7188e+05   7.77e-28
  4.8841e+05   7.26e-28
  5.0553e+05   6.79e-28
  5.2324e+05   6.34e-28
  5.4158e+05   5.92e-28
  5.6056e+05   5.52e-28
  5.8020e+05   5.15e-28
  6.0054e+05   4.80e-28
  6.2158e+05   4.48e-28
  6.4337e+05   4.17e-28
  6.6591e+05   3.89e-28
  6.8925e+05   3.62e-28
  7.1340e+05   3.38e-28
  7.3840e+05   3.14e-28
  7.6428e+05   2.93e-28
  7.9106e+05   2.73e-28
  8.1878e+05   2.54e-28
  8.4748e+05   2.37e-28
  8.7718e+05   2.21e-28
  9.0792e+05   2.06e-28
  9.3973e+05   1.92e-28
  9.7267e+05   1.79e-28
  1.0068e+06   1.68e-28
  1.0420e+06   1.56e-28
  1.0785e+06   1.46e-28
  1.1163e+06   1.37e-28
  1.1555e+06   1.28e-28
  1.1960e+06   1.20e-28
  1.2379e+06   1.12e-28
  1.2813e+06   1.05e-28
  1.3262e+06   9.84e-29
  1.3726e+06   9.24e-29
  1.4207e+06   8.67e-29
  1.4705e+06   8.14e-29
  1.5220e+06   7.65e-29
  1.5754e+06   7.19e-29
  1.6306e+06   6.77e-29
  1.6877e+06   6.37e-29
  1.7469e+06   6.00e-29
  1.8081e+06   5.65e-29
  1.8715e+06   5.33e-29
  1.9370e+06   5.03e-29
  2.0049e+06   4.75e-29
  2.0752e+06   4.48e-29
  2.1479e+06   4.24e-29
  2.2232e+06   4.01e-29
  2.3011e+06   3.79e-29
  2.3817e+06   3.58e-29
  2.4652e+06   3.39e-29
  2.5516e+06   3.20e-29
  2.6410e+06   3.03e-29
  2.7336e+06   2.87e-29
  2.8294e+06   2.71e-29
  2.9285e+06   2.56e-29
  3.0311e+06   2.43e-29
  3.1374e+06   2.29e-29
  3.2473e+06   2.17e-29
  3.3611e+06   2.05e-29
  3.4789e+06   1.94e-29
  3.6008e+06   1.83e-29
  3.7270e+06   1.73e-29
  3.8576e+06   1.63e-29
  3.9928e+06   1.54e-29
  4.1327e+06   1.45e-29
  4.2775e+06   1.36e-29
  4.4274e+06   1.28e-29
  4.5826e+06   1.20e-29
  4.7432e+06   1.13e-29
  4.9094e+06   1.06e-29
  5.0815e+06   9.90e-30
  5.2595e+06   9.25e-30
  5.4438e+06   8.62e-30
  5.6346e+06   8.02e-30
  5.8321e+06   7.44e-30
  6.0365e+06   6.89e-30
  6.2480e+06   6.37e-30
  6.4670e+06   5.88e-30
  6.6936e+06   5.40e-30
  6.9282e+06   4.95e-30
  7.1709e+06   4.53e-30
  7.4222e+06   4.12e-30
  7.6823e+06   3.74e-30
  7.9516e+06   3.38e-30
  8.2302e+06   3.04e-30
  8.5186e+06   2.73e-30
  8.8172e+06   2.43e-30
  9.1262e+06   2.15e-30
  9.4460e+06   1.90e-30
  9.7770e+06   1.66e-30
  1.0120e+07   1.44e-30
  1.0474e+07   1.25e-30
  1.0841e+07   1.07e-30
  1.1221e+07   9.02e-31
  1.1614e+07   7.56e-31
  1.2022e+07   6.27e-31
  1.2443e+07   5.14e-31
  1.2879e+07   4.15e-31
  1.3330e+07   3.31e-31
  1.3797e+07   2.59e-31
  1.4281e+07   2.00e-31
  1.4781e+07   1.51e-31
  1.5299e+07   1.11e-31
  1.5835e+07   8.01e-32
  1.6390e+07   5.62e-32
  1.6965e+07   3.82e-32
  1.7559e+07   2.51e-32
  1.8175e+07   1.59e-32
  1.8812e+07   9.63e-33
  1.9471e+07   5.56e-33
  2.0153e+07   3.04e-33
  2.0859e+07   1.56e-33
  2.1590e+07   7.43e-34
  2.2347e+07   3.27e-34
  2.3130e+07   1.31e-34
  2.3941e+07   4.73e-35
  2.4780e+07   1.50e-35
  2.5648e+07   4.14e-36
  2.6547e+07   9.66e-37
  2.7477e+07   1.87e-37
  2.8440e+07   2.89e-38
