#  E [MeV]   Flux [# cm^{-2} s^{-1}  MeV^{-1}]
  3.0000e+04   7.90e-21
  3.1123e+04   7.61e-21
  3.2288e+04   7.32e-21
  3.3497e+04   7.05e-21
  3.4751e+04   6.78e-21
  3.6051e+04   6.52e-21
  3.7401e+04   6.27e-21
  3.8801e+04   6.03e-21
  4.0253e+04   5.80e-21
  4.1760e+04   5.57e-21
  4.3324e+04   5.36e-21
  4.4945e+04   5.15e-21
  4.6628e+04   4.94e-21
  4.8373e+04   4.75e-21
  5.0184e+04   4.56e-21
  5.2063e+04   4.38e-21
  5.4011e+04   4.20e-21
  5.6033e+04   4.03e-21
  5.8131e+04   3.87e-21
  6.0307e+04   3.71e-21
  6.2564e+04   3.56e-21
  6.4906e+04   3.42e-21
  6.7336e+04   3.28e-21
  6.9857e+04   3.14e-21
  7.2472e+04   3.01e-21
  7.5184e+04   2.89e-21
  7.7999e+04   2.77e-21
  8.0919e+04   2.65e-21
  8.3948e+04   2.54e-21
  8.7090e+04   2.43e-21
  9.0350e+04   2.33e-21
  9.3732e+04   2.23e-21
  9.7241e+04   2.13e-21
  1.0088e+05   2.04e-21
  1.0466e+05   1.95e-21
  1.0858e+05   1.87e-21
  1.1264e+05   1.79e-21
  1.1686e+05   1.71e-21
  1.2123e+05   1.64e-21
  1.2577e+05   1.56e-21
  1.3048e+05   1.50e-21
  1.3536e+05   1.43e-21
  1.4043e+05   1.37e-21
  1.4568e+05   1.31e-21
  1.5114e+05   1.25e-21
  1.5680e+05   1.19e-21
  1.6266e+05   1.14e-21
  1.6875e+05   1.09e-21
  1.7507e+05   1.04e-21
  1.8162e+05   9.95e-22
  1.8842e+05   9.50e-22
  1.9548e+05   9.08e-22
  2.0279e+05   8.67e-22
  2.1039e+05   8.28e-22
  2.1826e+05   7.91e-22
  2.2643e+05   7.56e-22
  2.3491e+05   7.22e-22
  2.4370e+05   6.90e-22
  2.5282e+05   6.59e-22
  2.6229e+05   6.29e-22
  2.7211e+05   6.01e-22
  2.8229e+05   5.75e-22
  2.9286e+05   5.49e-22
  3.0382e+05   5.25e-22
  3.1519e+05   5.02e-22
  3.2699e+05   4.80e-22
  3.3923e+05   4.59e-22
  3.5193e+05   4.39e-22
  3.6511e+05   4.20e-22
  3.7877e+05   4.02e-22
  3.9295e+05   3.85e-22
  4.0766e+05   3.68e-22
  4.2292e+05   3.53e-22
  4.3875e+05   3.38e-22
  4.5518e+05   3.24e-22
  4.7222e+05   3.10e-22
  4.8989e+05   2.97e-22
  5.0823e+05   2.85e-22
  5.2726e+05   2.73e-22
  5.4699e+05   2.62e-22
  5.6747e+05   2.52e-22
  5.8871e+05   2.42e-22
  6.1075e+05   2.32e-22
  6.3361e+05   2.23e-22
  6.5733e+05   2.15e-22
  6.8194e+05   2.07e-22
  7.0746e+05   1.99e-22
  7.3395e+05   1.91e-22
  7.6142e+05   1.84e-22
  7.8992e+05   1.77e-22
  8.1949e+05   1.71e-22
  8.5017e+05   1.65e-22
  8.8199e+05   1.59e-22
  9.1501e+05   1.54e-22
  9.4926e+05   1.48e-22
  9.8479e+05   1.43e-22
  1.0217e+06   1.39e-22
  1.0599e+06   1.34e-22
  1.0996e+06   1.29e-22
  1.1407e+06   1.25e-22
  1.1834e+06   1.21e-22
  1.2277e+06   1.17e-22
  1.2737e+06   1.14e-22
  1.3214e+06   1.10e-22
  1.3708e+06   1.07e-22
  1.4222e+06   1.03e-22
  1.4754e+06   1.00e-22
  1.5306e+06   9.71e-23
  1.5879e+06   9.42e-23
  1.6474e+06   9.14e-23
  1.7090e+06   8.87e-23
  1.7730e+06   8.61e-23
  1.8394e+06   8.36e-23
  1.9082e+06   8.11e-23
  1.9797e+06   7.88e-23
  2.0538e+06   7.65e-23
  2.1306e+06   7.43e-23
  2.2104e+06   7.22e-23
  2.2931e+06   7.01e-23
  2.3790e+06   6.80e-23
  2.4680e+06   6.60e-23
  2.5604e+06   6.41e-23
  2.6563e+06   6.22e-23
  2.7557e+06   6.04e-23
  2.8589e+06   5.85e-23
  2.9659e+06   5.68e-23
  3.0769e+06   5.50e-23
  3.1921e+06   5.33e-23
  3.3116e+06   5.16e-23
  3.4355e+06   5.00e-23
  3.5641e+06   4.84e-23
  3.6976e+06   4.68e-23
  3.8360e+06   4.53e-23
  3.9796e+06   4.37e-23
  4.1285e+06   4.22e-23
  4.2831e+06   4.08e-23
  4.4434e+06   3.93e-23
  4.6097e+06   3.79e-23
  4.7823e+06   3.65e-23
  4.9613e+06   3.51e-23
  5.1470e+06   3.37e-23
  5.3397e+06   3.24e-23
  5.5396e+06   3.11e-23
  5.7470e+06   2.98e-23
  5.9621e+06   2.85e-23
  6.1853e+06   2.72e-23
  6.4168e+06   2.60e-23
  6.6570e+06   2.48e-23
  6.9062e+06   2.36e-23
  7.1647e+06   2.24e-23
  7.4329e+06   2.13e-23
  7.7112e+06   2.02e-23
  7.9998e+06   1.91e-23
  8.2993e+06   1.80e-23
  8.6100e+06   1.70e-23
  8.9323e+06   1.60e-23
  9.2666e+06   1.50e-23
  9.6135e+06   1.40e-23
  9.9734e+06   1.31e-23
  1.0347e+07   1.21e-23
  1.0734e+07   1.13e-23
  1.1136e+07   1.04e-23
  1.1553e+07   9.60e-24
  1.1985e+07   8.82e-24
  1.2434e+07   8.08e-24
  1.2899e+07   7.35e-24
  1.3382e+07   6.67e-24
  1.3883e+07   6.02e-24
  1.4403e+07   5.40e-24
  1.4942e+07   4.82e-24
  1.5501e+07   4.28e-24
  1.6081e+07   3.77e-24
  1.6683e+07   3.30e-24
  1.7308e+07   2.86e-24
  1.7956e+07   2.45e-24
  1.8628e+07   2.08e-24
  1.9325e+07   1.75e-24
  2.0049e+07   1.45e-24
  2.0799e+07   1.18e-24
  2.1578e+07   9.47e-25
  2.2386e+07   7.46e-25
  2.3224e+07   5.76e-25
  2.4093e+07   4.33e-25
  2.4995e+07   3.17e-25
  2.5930e+07   2.26e-25
  2.6901e+07   1.55e-25
  2.7908e+07   1.01e-25
  2.8953e+07   6.36e-26
  3.0037e+07   3.74e-26
  3.1161e+07   2.04e-26
  3.2327e+07   1.04e-26
  3.3537e+07   4.76e-27
  3.4793e+07   1.92e-27
  3.6095e+07   6.81e-28
  3.7446e+07   2.02e-28
  3.8848e+07   4.78e-29
  4.0302e+07   8.79e-30
  4.1811e+07   1.16e-30
  4.3376e+07   9.85e-32
  4.5000e+07   4.99e-33
