#  E [MeV]   Flux [# cm^{-2} s^{-1}  MeV^{-1}]
  3.0000e+04   5.54e-22
  3.1123e+04   5.34e-22
  3.2288e+04   5.14e-22
  3.3497e+04   4.94e-22
  3.4751e+04   4.75e-22
  3.6051e+04   4.57e-22
  3.7401e+04   4.40e-22
  3.8801e+04   4.23e-22
  4.0253e+04   4.06e-22
  4.1760e+04   3.90e-22
  4.3324e+04   3.75e-22
  4.4945e+04   3.60e-22
  4.6628e+04   3.46e-22
  4.8373e+04   3.32e-22
  5.0184e+04   3.19e-22
  5.2063e+04   3.06e-22
  5.4011e+04   2.94e-22
  5.6033e+04   2.82e-22
  5.8131e+04   2.70e-22
  6.0307e+04   2.59e-22
  6.2564e+04   2.49e-22
  6.4906e+04   2.38e-22
  6.7336e+04   2.29e-22
  6.9857e+04   2.19e-22
  7.2472e+04   2.10e-22
  7.5184e+04   2.01e-22
  7.7999e+04   1.93e-22
  8.0919e+04   1.84e-22
  8.3948e+04   1.77e-22
  8.7090e+04   1.69e-22
  9.0350e+04   1.62e-22
  9.3732e+04   1.55e-22
  9.7241e+04   1.48e-22
  1.0088e+05   1.42e-22
  1.0466e+05   1.35e-22
  1.0858e+05   1.29e-22
  1.1264e+05   1.24e-22
  1.1686e+05   1.18e-22
  1.2123e+05   1.13e-22
  1.2577e+05   1.08e-22
  1.3048e+05   1.03e-22
  1.3536e+05   9.85e-23
  1.4043e+05   9.40e-23
  1.4568e+05   8.98e-23
  1.5114e+05   8.57e-23
  1.5680e+05   8.18e-23
  1.6266e+05   7.80e-23
  1.6875e+05   7.44e-23
  1.7507e+05   7.10e-23
  1.8162e+05   6.77e-23
  1.8842e+05   6.45e-23
  1.9548e+05   6.15e-23
  2.0279e+05   5.86e-23
  2.1039e+05   5.59e-23
  2.1826e+05   5.32e-23
  2.2643e+05   5.07e-23
  2.3491e+05   4.83e-23
  2.4370e+05   4.60e-23
  2.5282e+05   4.38e-23
  2.6229e+05   4.17e-23
  2.7211e+05   3.97e-23
  2.8229e+05   3.78e-23
  2.9286e+05   3.60e-23
  3.0382e+05   3.42e-23
  3.1519e+05   3.26e-23
  3.2699e+05   3.10e-23
  3.3923e+05   2.95e-23
  3.5193e+05   2.80e-23
  3.6511e+05   2.67e-23
  3.7877e+05   2.54e-23
  3.9295e+05   2.41e-23
  4.0766e+05   2.29e-23
  4.2292e+05   2.18e-23
  4.3875e+05   2.07e-23
  4.5518e+05   1.97e-23
  4.7222e+05   1.87e-23
  4.8989e+05   1.78e-23
  5.0823e+05   1.69e-23
  5.2726e+05   1.61e-23
  5.4699e+05   1.53e-23
  5.6747e+05   1.46e-23
  5.8871e+05   1.39e-23
  6.1075e+05   1.32e-23
  6.3361e+05   1.26e-23
  6.5733e+05   1.20e-23
  6.8194e+05   1.14e-23
  7.0746e+05   1.08e-23
  7.3395e+05   1.03e-23
  7.6142e+05   9.85e-24
  7.8992e+05   9.40e-24
  8.1949e+05   8.97e-24
  8.5017e+05   8.56e-24
  8.8199e+05   8.18e-24
  9.1501e+05   7.82e-24
  9.4926e+05   7.47e-24
  9.8479e+05   7.15e-24
  1.0217e+06   6.84e-24
  1.0599e+06   6.55e-24
  1.0996e+06   6.28e-24
  1.1407e+06   6.02e-24
  1.1834e+06   5.78e-24
  1.2277e+06   5.54e-24
  1.2737e+06   5.33e-24
  1.3214e+06   5.12e-24
  1.3708e+06   4.92e-24
  1.4222e+06   4.73e-24
  1.4754e+06   4.56e-24
  1.5306e+06   4.39e-24
  1.5879e+06   4.23e-24
  1.6474e+06   4.08e-24
  1.7090e+06   3.93e-24
  1.7730e+06   3.79e-24
  1.8394e+06   3.66e-24
  1.9082e+06   3.53e-24
  1.9797e+06   3.41e-24
  2.0538e+06   3.29e-24
  2.1306e+06   3.18e-24
  2.2104e+06   3.07e-24
  2.2931e+06   2.97e-24
  2.3790e+06   2.87e-24
  2.4680e+06   2.77e-24
  2.5604e+06   2.67e-24
  2.6563e+06   2.58e-24
  2.7557e+06   2.49e-24
  2.8589e+06   2.40e-24
  2.9659e+06   2.31e-24
  3.0769e+06   2.23e-24
  3.1921e+06   2.14e-24
  3.3116e+06   2.06e-24
  3.4355e+06   1.98e-24
  3.5641e+06   1.90e-24
  3.6976e+06   1.83e-24
  3.8360e+06   1.75e-24
  3.9796e+06   1.68e-24
  4.1285e+06   1.60e-24
  4.2831e+06   1.53e-24
  4.4434e+06   1.46e-24
  4.6097e+06   1.39e-24
  4.7823e+06   1.32e-24
  4.9613e+06   1.26e-24
  5.1470e+06   1.19e-24
  5.3397e+06   1.13e-24
  5.5396e+06   1.06e-24
  5.7470e+06   9.98e-25
  5.9621e+06   9.38e-25
  6.1853e+06   8.78e-25
  6.4168e+06   8.20e-25
  6.6570e+06   7.63e-25
  6.9062e+06   7.08e-25
  7.1647e+06   6.55e-25
  7.4329e+06   6.03e-25
  7.7112e+06   5.54e-25
  7.9998e+06   5.06e-25
  8.2993e+06   4.61e-25
  8.6100e+06   4.17e-25
  8.9323e+06   3.75e-25
  9.2666e+06   3.36e-25
  9.6135e+06   2.99e-25
  9.9734e+06   2.64e-25
  1.0347e+07   2.31e-25
  1.0734e+07   2.01e-25
  1.1136e+07   1.73e-25
  1.1553e+07   1.48e-25
  1.1985e+07   1.25e-25
  1.2434e+07   1.05e-25
  1.2899e+07   8.64e-26
  1.3382e+07   7.04e-26
  1.3883e+07   5.65e-26
  1.4403e+07   4.45e-26
  1.4942e+07   3.45e-26
  1.5501e+07   2.62e-26
  1.6081e+07   1.94e-26
  1.6683e+07   1.41e-26
  1.7308e+07   9.87e-27
  1.7956e+07   6.70e-27
  1.8628e+07   4.39e-27
  1.9325e+07   2.76e-27
  2.0049e+07   1.65e-27
  2.0799e+07   9.37e-28
  2.1578e+07   5.01e-28
  2.2386e+07   2.50e-28
  2.3224e+07   1.15e-28
  2.4093e+07   4.78e-29
  2.4995e+07   1.80e-29
  2.5930e+07   5.96e-30
  2.6901e+07   1.69e-30
  2.7908e+07   4.06e-31
  2.8953e+07   7.88e-32
  3.0037e+07   1.19e-32
  3.1161e+07   1.35e-33
  3.2327e+07   1.06e-34
  3.3537e+07   5.42e-36
  3.4793e+07   1.66e-37
  3.6095e+07   2.67e-39
  3.7446e+07   1.93e-41
  3.8848e+07   5.28e-44
  4.0302e+07   4.26e-47
  4.1811e+07   7.19e-51
  4.3376e+07   1.72e-55
  4.5000e+07   3.39e-61
