#  E [MeV]   Flux [# cm^{-2} s^{-1}  MeV^{-1}]
  3.0000e+04   1.59e-25
  3.1232e+04   1.53e-25
  3.2514e+04   1.46e-25
  3.3849e+04   1.40e-25
  3.5238e+04   1.34e-25
  3.6685e+04   1.28e-25
  3.8191e+04   1.22e-25
  3.9759e+04   1.17e-25
  4.1391e+04   1.12e-25
  4.3090e+04   1.07e-25
  4.4859e+04   1.02e-25
  4.6701e+04   9.78e-26
  4.8618e+04   9.35e-26
  5.0614e+04   8.94e-26
  5.2692e+04   8.55e-26
  5.4855e+04   8.17e-26
  5.7107e+04   7.81e-26
  5.9451e+04   7.47e-26
  6.1892e+04   7.14e-26
  6.4433e+04   6.82e-26
  6.7078e+04   6.52e-26
  6.9832e+04   6.23e-26
  7.2699e+04   5.95e-26
  7.5683e+04   5.69e-26
  7.8790e+04   5.44e-26
  8.2025e+04   5.19e-26
  8.5392e+04   4.96e-26
  8.8898e+04   4.74e-26
  9.2547e+04   4.53e-26
  9.6347e+04   4.32e-26
  1.0030e+05   4.13e-26
  1.0442e+05   3.94e-26
  1.0871e+05   3.76e-26
  1.1317e+05   3.59e-26
  1.1782e+05   3.43e-26
  1.2265e+05   3.27e-26
  1.2769e+05   3.12e-26
  1.3293e+05   2.98e-26
  1.3839e+05   2.84e-26
  1.4407e+05   2.71e-26
  1.4998e+05   2.58e-26
  1.5614e+05   2.46e-26
  1.6255e+05   2.35e-26
  1.6922e+05   2.24e-26
  1.7617e+05   2.13e-26
  1.8340e+05   2.03e-26
  1.9093e+05   1.94e-26
  1.9877e+05   1.84e-26
  2.0693e+05   1.75e-26
  2.1543e+05   1.67e-26
  2.2427e+05   1.59e-26
  2.3348e+05   1.51e-26
  2.4306e+05   1.44e-26
  2.5304e+05   1.37e-26
  2.6343e+05   1.30e-26
  2.7424e+05   1.23e-26
  2.8550e+05   1.17e-26
  2.9722e+05   1.11e-26
  3.0942e+05   1.06e-26
  3.2213e+05   1.00e-26
  3.3535e+05   9.50e-27
  3.4912e+05   9.00e-27
  3.6345e+05   8.53e-27
  3.7837e+05   8.08e-27
  3.9390e+05   7.65e-27
  4.1008e+05   7.23e-27
  4.2691e+05   6.84e-27
  4.4444e+05   6.47e-27
  4.6268e+05   6.11e-27
  4.8168e+05   5.77e-27
  5.0145e+05   5.45e-27
  5.2204e+05   5.14e-27
  5.4347e+05   4.85e-27
  5.6578e+05   4.57e-27
  5.8901e+05   4.31e-27
  6.1319e+05   4.06e-27
  6.3836e+05   3.82e-27
  6.6457e+05   3.59e-27
  6.9185e+05   3.38e-27
  7.2025e+05   3.17e-27
  7.4982e+05   2.98e-27
  7.8061e+05   2.80e-27
  8.1265e+05   2.62e-27
  8.4601e+05   2.46e-27
  8.8075e+05   2.30e-27
  9.1690e+05   2.16e-27
  9.5455e+05   2.02e-27
  9.9373e+05   1.89e-27
  1.0345e+06   1.77e-27
  1.0770e+06   1.65e-27
  1.1212e+06   1.54e-27
  1.1672e+06   1.44e-27
  1.2152e+06   1.34e-27
  1.2650e+06   1.25e-27
  1.3170e+06   1.17e-27
  1.3711e+06   1.09e-27
  1.4273e+06   1.01e-27
  1.4859e+06   9.44e-28
  1.5469e+06   8.78e-28
  1.6104e+06   8.16e-28
  1.6766e+06   7.59e-28
  1.7454e+06   7.05e-28
  1.8170e+06   6.55e-28
  1.8916e+06   6.07e-28
  1.9693e+06   5.63e-28
  2.0501e+06   5.22e-28
  2.1343e+06   4.84e-28
  2.2219e+06   4.47e-28
  2.3131e+06   4.14e-28
  2.4081e+06   3.82e-28
  2.5070e+06   3.53e-28
  2.6099e+06   3.26e-28
  2.7170e+06   3.00e-28
  2.8286e+06   2.77e-28
  2.9447e+06   2.55e-28
  3.0656e+06   2.34e-28
  3.1914e+06   2.15e-28
  3.3225e+06   1.98e-28
  3.4589e+06   1.81e-28
  3.6008e+06   1.66e-28
  3.7487e+06   1.52e-28
  3.9026e+06   1.39e-28
  4.0628e+06   1.27e-28
  4.2296e+06   1.16e-28
  4.4032e+06   1.06e-28
  4.5840e+06   9.67e-29
  4.7722e+06   8.80e-29
  4.9681e+06   7.98e-29
  5.1720e+06   7.26e-29
  5.3844e+06   6.58e-29
  5.6054e+06   5.95e-29
  5.8355e+06   5.39e-29
  6.0751e+06   4.87e-29
  6.3245e+06   4.39e-29
  6.5841e+06   3.96e-29
  6.8544e+06   3.56e-29
  7.1358e+06   3.19e-29
  7.4288e+06   2.87e-29
  7.7338e+06   2.57e-29
  8.0513e+06   2.30e-29
  8.3818e+06   2.05e-29
  8.7259e+06   1.83e-29
  9.0841e+06   1.62e-29
  9.4571e+06   1.44e-29
  9.8453e+06   1.27e-29
  1.0249e+07   1.13e-29
  1.0670e+07   9.94e-30
  1.1108e+07   8.71e-30
  1.1564e+07   7.67e-30
  1.2039e+07   6.71e-30
  1.2533e+07   5.83e-30
  1.3048e+07   5.09e-30
  1.3584e+07   4.41e-30
  1.4141e+07   3.79e-30
  1.4722e+07   3.28e-30
  1.5326e+07   2.80e-30
  1.5955e+07   2.38e-30
  1.6610e+07   2.03e-30
  1.7292e+07   1.71e-30
  1.8002e+07   1.43e-30
  1.8741e+07   1.19e-30
  1.9511e+07   9.78e-31
  2.0312e+07   8.00e-31
  2.1145e+07   6.48e-31
  2.2013e+07   5.15e-31
  2.2917e+07   4.06e-31
  2.3858e+07   3.16e-31
  2.4837e+07   2.38e-31
  2.5857e+07   1.78e-31
  2.6919e+07   1.29e-31
  2.8024e+07   8.99e-32
  2.9174e+07   6.14e-32
  3.0372e+07   3.98e-32
  3.1619e+07   2.42e-32
  3.2917e+07   1.40e-32
  3.4268e+07   7.42e-33
  3.5675e+07   3.54e-33
  3.7140e+07   1.50e-33
  3.8664e+07   5.40e-34
  4.0252e+07   1.59e-34
  4.1904e+07   3.64e-35
  4.3624e+07   5.93e-36
  4.5415e+07   6.32e-37
  4.7280e+07   3.85e-38
  4.9221e+07   1.09e-39
  5.1241e+07   1.15e-41
  5.3345e+07   3.11e-44
  5.5535e+07   1.27e-47
  5.7815e+07   4.00e-52
  6.0188e+07   3.28e-58
  6.2659e+07   1.49e-66
  6.5232e+07   2.28e-72
  6.7910e+07   1.99e-72
  7.0698e+07   1.72e-72
  7.3600e+07   1.53e-72
  7.6621e+07   1.36e-72
  7.9767e+07   1.20e-72
  8.3042e+07   1.09e-72
  8.6451e+07   9.77e-73
  9.0000e+07   8.82e-73
