#  E [MeV]   Flux [# cm^{-2} s^{-1}  MeV^{-1}]
  3.0000e+04   9.52e-20
  3.1033e+04   9.18e-20
  3.2102e+04   8.85e-20
  3.3207e+04   8.53e-20
  3.4350e+04   8.23e-20
  3.5533e+04   7.93e-20
  3.6757e+04   7.64e-20
  3.8022e+04   7.37e-20
  3.9332e+04   7.10e-20
  4.0686e+04   6.84e-20
  4.2087e+04   6.59e-20
  4.3536e+04   6.34e-20
  4.5035e+04   6.11e-20
  4.6586e+04   5.88e-20
  4.8190e+04   5.66e-20
  4.9850e+04   5.45e-20
  5.1566e+04   5.25e-20
  5.3342e+04   5.05e-20
  5.5178e+04   4.86e-20
  5.7078e+04   4.67e-20
  5.9044e+04   4.50e-20
  6.1077e+04   4.32e-20
  6.3180e+04   4.16e-20
  6.5356e+04   4.00e-20
  6.7606e+04   3.84e-20
  6.9934e+04   3.69e-20
  7.2342e+04   3.55e-20
  7.4833e+04   3.41e-20
  7.7410e+04   3.27e-20
  8.0075e+04   3.14e-20
  8.2833e+04   3.02e-20
  8.5685e+04   2.89e-20
  8.8635e+04   2.78e-20
  9.1687e+04   2.66e-20
  9.4844e+04   2.55e-20
  9.8110e+04   2.45e-20
  1.0149e+05   2.35e-20
  1.0498e+05   2.25e-20
  1.0860e+05   2.15e-20
  1.1234e+05   2.06e-20
  1.1621e+05   1.97e-20
  1.2021e+05   1.89e-20
  1.2435e+05   1.81e-20
  1.2863e+05   1.73e-20
  1.3306e+05   1.65e-20
  1.3764e+05   1.58e-20
  1.4238e+05   1.51e-20
  1.4728e+05   1.44e-20
  1.5235e+05   1.38e-20
  1.5760e+05   1.32e-20
  1.6302e+05   1.26e-20
  1.6864e+05   1.20e-20
  1.7445e+05   1.14e-20
  1.8045e+05   1.09e-20
  1.8667e+05   1.04e-20
  1.9309e+05   9.87e-21
  1.9974e+05   9.39e-21
  2.0662e+05   8.94e-21
  2.1373e+05   8.50e-21
  2.2109e+05   8.08e-21
  2.2871e+05   7.68e-21
  2.3658e+05   7.29e-21
  2.4473e+05   6.93e-21
  2.5316e+05   6.57e-21
  2.6187e+05   6.23e-21
  2.7089e+05   5.91e-21
  2.8022e+05   5.60e-21
  2.8987e+05   5.30e-21
  2.9985e+05   5.02e-21
  3.1017e+05   4.75e-21
  3.2085e+05   4.49e-21
  3.3190e+05   4.24e-21
  3.4333e+05   4.01e-21
  3.5515e+05   3.78e-21
  3.6738e+05   3.57e-21
  3.8003e+05   3.37e-21
  3.9312e+05   3.17e-21
  4.0665e+05   2.99e-21
  4.2066e+05   2.81e-21
  4.3514e+05   2.65e-21
  4.5013e+05   2.49e-21
  4.6562e+05   2.34e-21
  4.8166e+05   2.20e-21
  4.9824e+05   2.07e-21
  5.1540e+05   1.94e-21
  5.3315e+05   1.82e-21
  5.5150e+05   1.71e-21
  5.7050e+05   1.60e-21
  5.9014e+05   1.50e-21
  6.1046e+05   1.40e-21
  6.3148e+05   1.31e-21
  6.5322e+05   1.23e-21
  6.7572e+05   1.15e-21
  6.9898e+05   1.07e-21
  7.2305e+05   9.99e-22
  7.4795e+05   9.32e-22
  7.7371e+05   8.68e-22
  8.0035e+05   8.10e-22
  8.2791e+05   7.55e-22
  8.5641e+05   7.03e-22
  8.8590e+05   6.54e-22
  9.1641e+05   6.09e-22
  9.4796e+05   5.66e-22
  9.8061e+05   5.26e-22
  1.0144e+06   4.89e-22
  1.0493e+06   4.54e-22
  1.0854e+06   4.22e-22
  1.1228e+06   3.92e-22
  1.1615e+06   3.64e-22
  1.2015e+06   3.37e-22
  1.2428e+06   3.12e-22
  1.2856e+06   2.90e-22
  1.3299e+06   2.68e-22
  1.3757e+06   2.48e-22
  1.4231e+06   2.30e-22
  1.4721e+06   2.12e-22
  1.5228e+06   1.96e-22
  1.5752e+06   1.81e-22
  1.6294e+06   1.68e-22
  1.6855e+06   1.55e-22
  1.7436e+06   1.43e-22
  1.8036e+06   1.32e-22
  1.8657e+06   1.21e-22
  1.9300e+06   1.12e-22
  1.9964e+06   1.03e-22
  2.0652e+06   9.46e-23
  2.1363e+06   8.69e-23
  2.2098e+06   7.98e-23
  2.2859e+06   7.34e-23
  2.3646e+06   6.73e-23
  2.4461e+06   6.16e-23
  2.5303e+06   5.65e-23
  2.6174e+06   5.17e-23
  2.7075e+06   4.72e-23
  2.8008e+06   4.32e-23
  2.8972e+06   3.94e-23
  2.9970e+06   3.59e-23
  3.1002e+06   3.27e-23
  3.2069e+06   2.98e-23
  3.3173e+06   2.71e-23
  3.4316e+06   2.45e-23
  3.5497e+06   2.23e-23
  3.6720e+06   2.02e-23
  3.7984e+06   1.83e-23
  3.9292e+06   1.65e-23
  4.0645e+06   1.49e-23
  4.2044e+06   1.34e-23
  4.3492e+06   1.20e-23
  4.4990e+06   1.09e-23
  4.6539e+06   9.76e-24
  4.8141e+06   8.72e-24
  4.9799e+06   7.80e-24
  5.1514e+06   6.97e-24
  5.3288e+06   6.20e-24
  5.5123e+06   5.49e-24
  5.7021e+06   4.89e-24
  5.8984e+06   4.33e-24
  6.1015e+06   3.80e-24
  6.3116e+06   3.36e-24
  6.5289e+06   2.96e-24
  6.7538e+06   2.59e-24
  6.9863e+06   2.26e-24
  7.2269e+06   1.98e-24
  7.4757e+06   1.73e-24
  7.7331e+06   1.49e-24
  7.9994e+06   1.30e-24
  8.2749e+06   1.12e-24
  8.5598e+06   9.58e-25
  8.8546e+06   8.22e-25
  9.1594e+06   7.06e-25
  9.4748e+06   5.99e-25
  9.8011e+06   5.04e-25
  1.0139e+07   4.29e-25
  1.0488e+07   3.60e-25
  1.0849e+07   2.98e-25
  1.1222e+07   2.49e-25
  1.1609e+07   2.07e-25
  1.2009e+07   1.69e-25
  1.2422e+07   1.38e-25
  1.2850e+07   1.13e-25
  1.3292e+07   9.13e-26
  1.3750e+07   7.20e-26
  1.4223e+07   5.82e-26
  1.4713e+07   4.62e-26
  1.5220e+07   3.58e-26
  1.5744e+07   2.78e-26
  1.6286e+07   2.15e-26
  1.6847e+07   1.63e-26
  1.7427e+07   1.20e-26
  1.8027e+07   9.03e-27
  1.8648e+07   6.58e-27
  1.9290e+07   4.62e-27
  1.9954e+07   3.25e-27
  2.0641e+07   2.23e-27
  2.1352e+07   1.46e-27
  2.2087e+07   9.20e-28
  2.2848e+07   5.70e-28
  2.3634e+07   3.31e-28
  2.4448e+07   1.76e-28
  2.5290e+07   9.30e-29
