#  E [MeV]   Flux [# cm^{-2} s^{-1}  MeV^{-1}]
  3.0000e+04   2.47e-21
  3.0765e+04   2.39e-21
  3.1549e+04   2.31e-21
  3.2354e+04   2.23e-21
  3.3179e+04   2.15e-21
  3.4025e+04   2.08e-21
  3.4892e+04   2.01e-21
  3.5782e+04   1.94e-21
  3.6695e+04   1.87e-21
  3.7630e+04   1.80e-21
  3.8590e+04   1.74e-21
  3.9574e+04   1.68e-21
  4.0583e+04   1.62e-21
  4.1618e+04   1.56e-21
  4.2679e+04   1.51e-21
  4.3767e+04   1.45e-21
  4.4883e+04   1.40e-21
  4.6028e+04   1.35e-21
  4.7201e+04   1.30e-21
  4.8405e+04   1.26e-21
  4.9639e+04   1.21e-21
  5.0905e+04   1.17e-21
  5.2203e+04   1.13e-21
  5.3534e+04   1.09e-21
  5.4899e+04   1.05e-21
  5.6299e+04   1.01e-21
  5.7734e+04   9.72e-22
  5.9207e+04   9.36e-22
  6.0716e+04   9.02e-22
  6.2264e+04   8.69e-22
  6.3852e+04   8.37e-22
  6.5480e+04   8.06e-22
  6.7150e+04   7.77e-22
  6.8862e+04   7.49e-22
  7.0618e+04   7.21e-22
  7.2419e+04   6.94e-22
  7.4265e+04   6.69e-22
  7.6159e+04   6.44e-22
  7.8101e+04   6.21e-22
  8.0092e+04   5.98e-22
  8.2135e+04   5.75e-22
  8.4229e+04   5.54e-22
  8.6377e+04   5.34e-22
  8.8579e+04   5.14e-22
  9.0838e+04   4.95e-22
  9.3154e+04   4.77e-22
  9.5529e+04   4.59e-22
  9.7965e+04   4.42e-22
  1.0046e+05   4.25e-22
  1.0303e+05   4.09e-22
  1.0565e+05   3.94e-22
  1.0835e+05   3.80e-22
  1.1111e+05   3.65e-22
  1.1394e+05   3.52e-22
  1.1685e+05   3.39e-22
  1.1983e+05   3.26e-22
  1.2288e+05   3.14e-22
  1.2602e+05   3.02e-22
  1.2923e+05   2.91e-22
  1.3252e+05   2.80e-22
  1.3590e+05   2.69e-22
  1.3937e+05   2.59e-22
  1.4292e+05   2.49e-22
  1.4657e+05   2.40e-22
  1.5030e+05   2.31e-22
  1.5414e+05   2.22e-22
  1.5807e+05   2.13e-22
  1.6210e+05   2.05e-22
  1.6623e+05   1.97e-22
  1.7047e+05   1.90e-22
  1.7482e+05   1.83e-22
  1.7927e+05   1.76e-22
  1.8384e+05   1.69e-22
  1.8853e+05   1.63e-22
  1.9334e+05   1.56e-22
  1.9827e+05   1.50e-22
  2.0333e+05   1.45e-22
  2.0851e+05   1.39e-22
  2.1383e+05   1.34e-22
  2.1928e+05   1.29e-22
  2.2487e+05   1.24e-22
  2.3060e+05   1.19e-22
  2.3648e+05   1.14e-22
  2.4251e+05   1.10e-22
  2.4870e+05   1.06e-22
  2.5504e+05   1.01e-22
  2.6154e+05   9.74e-23
  2.6821e+05   9.35e-23
  2.7505e+05   8.98e-23
  2.8206e+05   8.62e-23
  2.8926e+05   8.27e-23
  2.9663e+05   7.94e-23
  3.0420e+05   7.61e-23
  3.1195e+05   7.30e-23
  3.1991e+05   7.00e-23
  3.2806e+05   6.71e-23
  3.3643e+05   6.43e-23
  3.4501e+05   6.16e-23
  3.5381e+05   5.90e-23
  3.6283e+05   5.65e-23
  3.7208e+05   5.41e-23
  3.8157e+05   5.18e-23
  3.9130e+05   4.96e-23
  4.0127e+05   4.75e-23
  4.1150e+05   4.54e-23
  4.2200e+05   4.34e-23
  4.3276e+05   4.16e-23
  4.4379e+05   3.97e-23
  4.5511e+05   3.80e-23
  4.6671e+05   3.63e-23
  4.7861e+05   3.47e-23
  4.9082e+05   3.32e-23
  5.0333e+05   3.17e-23
  5.1617e+05   3.03e-23
  5.2933e+05   2.89e-23
  5.4283e+05   2.76e-23
  5.5667e+05   2.63e-23
  5.7086e+05   2.51e-23
  5.8542e+05   2.39e-23
  6.0035e+05   2.28e-23
  6.1565e+05   2.18e-23
  6.3135e+05   2.08e-23
  6.4745e+05   1.98e-23
  6.6396e+05   1.89e-23
  6.8089e+05   1.80e-23
  6.9825e+05   1.72e-23
  7.1606e+05   1.64e-23
  7.3432e+05   1.56e-23
  7.5304e+05   1.49e-23
  7.7224e+05   1.42e-23
  7.9193e+05   1.35e-23
  8.1213e+05   1.29e-23
  8.3283e+05   1.23e-23
  8.5407e+05   1.17e-23
  8.7585e+05   1.12e-23
  8.9818e+05   1.07e-23
  9.2108e+05   1.02e-23
  9.4457e+05   9.69e-24
  9.6866e+05   9.24e-24
  9.9336e+05   8.81e-24
  1.0187e+06   8.40e-24
  1.0447e+06   8.01e-24
  1.0713e+06   7.65e-24
  1.0986e+06   7.30e-24
  1.1266e+06   6.96e-24
  1.1554e+06   6.65e-24
  1.1848e+06   6.34e-24
  1.2150e+06   6.06e-24
  1.2460e+06   5.79e-24
  1.2778e+06   5.53e-24
  1.3104e+06   5.28e-24
  1.3438e+06   5.04e-24
  1.3780e+06   4.82e-24
  1.4132e+06   4.61e-24
  1.4492e+06   4.40e-24
  1.4862e+06   4.21e-24
  1.5241e+06   4.03e-24
  1.5629e+06   3.85e-24
  1.6028e+06   3.69e-24
  1.6436e+06   3.53e-24
  1.6856e+06   3.38e-24
  1.7285e+06   3.23e-24
  1.7726e+06   3.09e-24
  1.8178e+06   2.96e-24
  1.8642e+06   2.83e-24
  1.9117e+06   2.71e-24
  1.9604e+06   2.59e-24
  2.0104e+06   2.48e-24
  2.0617e+06   2.37e-24
  2.1143e+06   2.27e-24
  2.1682e+06   2.17e-24
  2.2235e+06   2.08e-24
  2.2802e+06   1.99e-24
  2.3383e+06   1.90e-24
  2.3979e+06   1.82e-24
  2.4591e+06   1.74e-24
  2.5218e+06   1.66e-24
  2.5861e+06   1.58e-24
  2.6520e+06   1.51e-24
  2.7196e+06   1.44e-24
  2.7890e+06   1.38e-24
  2.8601e+06   1.32e-24
  2.9330e+06   1.26e-24
  3.0078e+06   1.20e-24
  3.0845e+06   1.14e-24
  3.1632e+06   1.09e-24
  3.2438e+06   1.04e-24
  3.3265e+06   9.88e-25
  3.4113e+06   9.40e-25
  3.4983e+06   8.94e-25
  3.5875e+06   8.49e-25
  3.6790e+06   8.07e-25
  3.7728e+06   7.65e-25
  3.8690e+06   7.25e-25
  3.9677e+06   6.86e-25
  4.0689e+06   6.49e-25
  4.1726e+06   6.14e-25
  4.2790e+06   5.83e-25
  4.3881e+06   5.54e-25
  4.5000e+06   5.25e-25
