#  E [MeV]   Flux [# cm^{-2} s^{-1}  MeV^{-1}]
  3.0000e+04   5.33e-20
  3.1033e+04   5.15e-20
  3.2102e+04   4.97e-20
  3.3207e+04   4.80e-20
  3.4350e+04   4.63e-20
  3.5533e+04   4.46e-20
  3.6757e+04   4.31e-20
  3.8022e+04   4.16e-20
  3.9332e+04   4.01e-20
  4.0686e+04   3.86e-20
  4.2087e+04   3.73e-20
  4.3536e+04   3.59e-20
  4.5035e+04   3.46e-20
  4.6586e+04   3.34e-20
  4.8190e+04   3.22e-20
  4.9850e+04   3.10e-20
  5.1566e+04   2.98e-20
  5.3342e+04   2.87e-20
  5.5178e+04   2.77e-20
  5.7078e+04   2.66e-20
  5.9044e+04   2.56e-20
  6.1077e+04   2.47e-20
  6.3180e+04   2.37e-20
  6.5356e+04   2.28e-20
  6.7606e+04   2.20e-20
  6.9934e+04   2.11e-20
  7.2342e+04   2.03e-20
  7.4833e+04   1.95e-20
  7.7410e+04   1.87e-20
  8.0075e+04   1.80e-20
  8.2833e+04   1.73e-20
  8.5685e+04   1.66e-20
  8.8635e+04   1.59e-20
  9.1687e+04   1.53e-20
  9.4844e+04   1.46e-20
  9.8110e+04   1.40e-20
  1.0149e+05   1.35e-20
  1.0498e+05   1.29e-20
  1.0860e+05   1.24e-20
  1.1234e+05   1.18e-20
  1.1621e+05   1.13e-20
  1.2021e+05   1.08e-20
  1.2435e+05   1.04e-20
  1.2863e+05   9.91e-21
  1.3306e+05   9.47e-21
  1.3764e+05   9.05e-21
  1.4238e+05   8.65e-21
  1.4728e+05   8.25e-21
  1.5235e+05   7.88e-21
  1.5760e+05   7.51e-21
  1.6302e+05   7.16e-21
  1.6864e+05   6.83e-21
  1.7445e+05   6.50e-21
  1.8045e+05   6.19e-21
  1.8667e+05   5.89e-21
  1.9309e+05   5.60e-21
  1.9974e+05   5.32e-21
  2.0662e+05   5.05e-21
  2.1373e+05   4.80e-21
  2.2109e+05   4.55e-21
  2.2871e+05   4.32e-21
  2.3658e+05   4.09e-21
  2.4473e+05   3.88e-21
  2.5316e+05   3.67e-21
  2.6187e+05   3.47e-21
  2.7089e+05   3.29e-21
  2.8022e+05   3.11e-21
  2.8987e+05   2.93e-21
  2.9985e+05   2.77e-21
  3.1017e+05   2.61e-21
  3.2085e+05   2.46e-21
  3.3190e+05   2.32e-21
  3.4333e+05   2.18e-21
  3.5515e+05   2.05e-21
  3.6738e+05   1.93e-21
  3.8003e+05   1.81e-21
  3.9312e+05   1.70e-21
  4.0665e+05   1.60e-21
  4.2066e+05   1.50e-21
  4.3514e+05   1.40e-21
  4.5013e+05   1.31e-21
  4.6562e+05   1.23e-21
  4.8166e+05   1.15e-21
  4.9824e+05   1.07e-21
  5.1540e+05   1.00e-21
  5.3315e+05   9.37e-22
  5.5150e+05   8.74e-22
  5.7050e+05   8.15e-22
  5.9014e+05   7.59e-22
  6.1046e+05   7.06e-22
  6.3148e+05   6.57e-22
  6.5322e+05   6.11e-22
  6.7572e+05   5.67e-22
  6.9898e+05   5.26e-22
  7.2305e+05   4.88e-22
  7.4795e+05   4.52e-22
  7.7371e+05   4.19e-22
  8.0035e+05   3.88e-22
  8.2791e+05   3.59e-22
  8.5641e+05   3.32e-22
  8.8590e+05   3.07e-22
  9.1641e+05   2.84e-22
  9.4796e+05   2.62e-22
  9.8061e+05   2.42e-22
  1.0144e+06   2.23e-22
  1.0493e+06   2.05e-22
  1.0854e+06   1.89e-22
  1.1228e+06   1.74e-22
  1.1615e+06   1.61e-22
  1.2015e+06   1.48e-22
  1.2428e+06   1.36e-22
  1.2856e+06   1.25e-22
  1.3299e+06   1.14e-22
  1.3757e+06   1.05e-22
  1.4231e+06   9.63e-23
  1.4721e+06   8.83e-23
  1.5228e+06   8.07e-23
  1.5752e+06   7.40e-23
  1.6294e+06   6.78e-23
  1.6855e+06   6.19e-23
  1.7436e+06   5.65e-23
  1.8036e+06   5.17e-23
  1.8657e+06   4.72e-23
  1.9300e+06   4.29e-23
  1.9964e+06   3.92e-23
  2.0652e+06   3.57e-23
  2.1363e+06   3.24e-23
  2.2098e+06   2.95e-23
  2.2859e+06   2.68e-23
  2.3646e+06   2.43e-23
  2.4461e+06   2.20e-23
  2.5303e+06   2.00e-23
  2.6174e+06   1.81e-23
  2.7075e+06   1.63e-23
  2.8008e+06   1.48e-23
  2.8972e+06   1.33e-23
  2.9970e+06   1.20e-23
  3.1002e+06   1.08e-23
  3.2069e+06   9.74e-24
  3.3173e+06   8.75e-24
  3.4316e+06   7.82e-24
  3.5497e+06   7.04e-24
  3.6720e+06   6.31e-24
  3.7984e+06   5.62e-24
  3.9292e+06   5.02e-24
  4.0645e+06   4.49e-24
  4.2044e+06   4.00e-24
  4.3492e+06   3.54e-24
  4.4990e+06   3.16e-24
  4.6539e+06   2.81e-24
  4.8141e+06   2.48e-24
  4.9799e+06   2.20e-24
  5.1514e+06   1.94e-24
  5.3288e+06   1.71e-24
  5.5123e+06   1.50e-24
  5.7021e+06   1.32e-24
  5.8984e+06   1.16e-24
  6.1015e+06   1.01e-24
  6.3116e+06   8.86e-25
  6.5289e+06   7.74e-25
  6.7538e+06   6.70e-25
  6.9863e+06   5.83e-25
  7.2269e+06   5.07e-25
  7.4757e+06   4.38e-25
  7.7331e+06   3.75e-25
  7.9994e+06   3.25e-25
  8.2749e+06   2.80e-25
  8.5598e+06   2.37e-25
  8.8546e+06   2.04e-25
  9.1594e+06   1.74e-25
  9.4748e+06   1.47e-25
  9.8011e+06   1.24e-25
  1.0139e+07   1.05e-25
  1.0488e+07   8.85e-26
  1.0849e+07   7.32e-26
  1.1222e+07   6.15e-26
  1.1609e+07   5.10e-26
  1.2009e+07   4.17e-26
  1.2422e+07   3.42e-26
  1.2850e+07   2.80e-26
  1.3292e+07   2.26e-26
  1.3750e+07   1.81e-26
  1.4223e+07   1.47e-26
  1.4713e+07   1.17e-26
  1.5220e+07   9.14e-27
  1.5744e+07   7.23e-27
  1.6286e+07   5.68e-27
  1.6847e+07   4.37e-27
  1.7427e+07   3.34e-27
  1.8027e+07   2.55e-27
  1.8648e+07   1.91e-27
  1.9290e+07   1.39e-27
  1.9954e+07   1.02e-27
  2.0641e+07   7.21e-28
  2.1352e+07   4.96e-28
  2.2087e+07   3.31e-28
  2.2848e+07   2.14e-28
  2.3634e+07   1.32e-28
  2.4448e+07   7.74e-29
  2.5290e+07   4.29e-29
