#  E [MeV]   Flux [# cm^{-2} s^{-1}  MeV^{-1}]
  3.0000e+04   1.90e-18
  3.0411e+04   1.85e-18
  3.0828e+04   1.79e-18
  3.1250e+04   1.74e-18
  3.1678e+04   1.69e-18
  3.2112e+04   1.65e-18
  3.2552e+04   1.60e-18
  3.2998e+04   1.56e-18
  3.3450e+04   1.51e-18
  3.3909e+04   1.47e-18
  3.4373e+04   1.42e-18
  3.4844e+04   1.38e-18
  3.5322e+04   1.34e-18
  3.5806e+04   1.30e-18
  3.6296e+04   1.27e-18
  3.6794e+04   1.23e-18
  3.7298e+04   1.19e-18
  3.7809e+04   1.16e-18
  3.8327e+04   1.12e-18
  3.8852e+04   1.09e-18
  3.9384e+04   1.05e-18
  3.9924e+04   1.02e-18
  4.0471e+04   9.93e-19
  4.1025e+04   9.63e-19
  4.1587e+04   9.34e-19
  4.2157e+04   9.05e-19
  4.2735e+04   8.77e-19
  4.3320e+04   8.50e-19
  4.3914e+04   8.23e-19
  4.4516e+04   7.97e-19
  4.5125e+04   7.73e-19
  4.5744e+04   7.49e-19
  4.6370e+04   7.25e-19
  4.7006e+04   7.02e-19
  4.7650e+04   6.79e-19
  4.8303e+04   6.57e-19
  4.8965e+04   6.36e-19
  4.9635e+04   6.15e-19
  5.0315e+04   5.95e-19
  5.1005e+04   5.76e-19
  5.1704e+04   5.58e-19
  5.2412e+04   5.39e-19
  5.3130e+04   5.22e-19
  5.3858e+04   5.04e-19
  5.4596e+04   4.87e-19
  5.5344e+04   4.70e-19
  5.6102e+04   4.55e-19
  5.6871e+04   4.40e-19
  5.7650e+04   4.25e-19
  5.8440e+04   4.11e-19
  5.9241e+04   3.97e-19
  6.0053e+04   3.83e-19
  6.0875e+04   3.70e-19
  6.1709e+04   3.56e-19
  6.2555e+04   3.44e-19
  6.3412e+04   3.32e-19
  6.4281e+04   3.21e-19
  6.5162e+04   3.10e-19
  6.6054e+04   2.99e-19
  6.6959e+04   2.88e-19
  6.7877e+04   2.78e-19
  6.8807e+04   2.68e-19
  6.9750e+04   2.58e-19
  7.0705e+04   2.49e-19
  7.1674e+04   2.40e-19
  7.2656e+04   2.31e-19
  7.3652e+04   2.23e-19
  7.4661e+04   2.15e-19
  7.5684e+04   2.07e-19
  7.6721e+04   1.99e-19
  7.7772e+04   1.91e-19
  7.8837e+04   1.84e-19
  7.9917e+04   1.78e-19
  8.1012e+04   1.71e-19
  8.2122e+04   1.65e-19
  8.3248e+04   1.59e-19
  8.4388e+04   1.53e-19
  8.5544e+04   1.47e-19
  8.6717e+04   1.41e-19
  8.7905e+04   1.36e-19
  8.9109e+04   1.31e-19
  9.0330e+04   1.26e-19
  9.1568e+04   1.21e-19
  9.2822e+04   1.16e-19
  9.4094e+04   1.12e-19
  9.5383e+04   1.07e-19
  9.6690e+04   1.03e-19
  9.8015e+04   9.83e-20
  9.9358e+04   9.43e-20
  1.0072e+05   9.07e-20
  1.0210e+05   8.71e-20
  1.0350e+05   8.36e-20
  1.0492e+05   8.02e-20
  1.0635e+05   7.68e-20
  1.0781e+05   7.35e-20
  1.0929e+05   7.03e-20
  1.1079e+05   6.72e-20
  1.1230e+05   6.46e-20
  1.1384e+05   6.19e-20
  1.1540e+05   5.94e-20
  1.1698e+05   5.69e-20
  1.1859e+05   5.44e-20
  1.2021e+05   5.20e-20
  1.2186e+05   4.97e-20
  1.2353e+05   4.74e-20
  1.2522e+05   4.54e-20
  1.2694e+05   4.35e-20
  1.2867e+05   4.17e-20
  1.3044e+05   3.99e-20
  1.3222e+05   3.81e-20
  1.3404e+05   3.64e-20
  1.3587e+05   3.47e-20
  1.3773e+05   3.31e-20
  1.3962e+05   3.15e-20
  1.4153e+05   3.02e-20
  1.4347e+05   2.89e-20
  1.4544e+05   2.76e-20
  1.4743e+05   2.64e-20
  1.4945e+05   2.52e-20
  1.5150e+05   2.40e-20
  1.5358e+05   2.29e-20
  1.5568e+05   2.17e-20
  1.5781e+05   2.08e-20
  1.5997e+05   1.99e-20
  1.6217e+05   1.90e-20
  1.6439e+05   1.81e-20
  1.6664e+05   1.73e-20
  1.6892e+05   1.65e-20
  1.7124e+05   1.57e-20
  1.7358e+05   1.49e-20
  1.7596e+05   1.42e-20
  1.7837e+05   1.36e-20
  1.8082e+05   1.30e-20
  1.8330e+05   1.24e-20
  1.8581e+05   1.18e-20
  1.8835e+05   1.13e-20
  1.9093e+05   1.07e-20
  1.9355e+05   1.02e-20
  1.9620e+05   9.70e-21
  1.9889e+05   9.28e-21
  2.0161e+05   8.89e-21
  2.0438e+05   8.51e-21
  2.0718e+05   8.14e-21
  2.1002e+05   7.78e-21
  2.1289e+05   7.43e-21
  2.1581e+05   7.08e-21
  2.1877e+05   6.75e-21
  2.2176e+05   6.44e-21
  2.2480e+05   6.19e-21
  2.2788e+05   5.95e-21
  2.3101e+05   5.71e-21
  2.3417e+05   5.48e-21
  2.3738e+05   5.25e-21
  2.4063e+05   5.03e-21
  2.4393e+05   4.82e-21
  2.4727e+05   4.61e-21
  2.5066e+05   4.44e-21
  2.5409e+05   4.28e-21
  2.5757e+05   4.13e-21
  2.6110e+05   3.98e-21
  2.6468e+05   3.84e-21
  2.6831e+05   3.70e-21
  2.7198e+05   3.56e-21
  2.7571e+05   3.42e-21
  2.7949e+05   3.31e-21
  2.8332e+05   3.21e-21
  2.8720e+05   3.12e-21
  2.9113e+05   3.04e-21
  2.9512e+05   2.95e-21
  2.9917e+05   2.87e-21
  3.0327e+05   2.78e-21
  3.0742e+05   2.70e-21
  3.1163e+05   2.63e-21
  3.1590e+05   2.56e-21
  3.2023e+05   2.51e-21
  3.2462e+05   2.45e-21
  3.2907e+05   2.39e-21
  3.3357e+05   2.34e-21
  3.3814e+05   2.28e-21
  3.4278e+05   2.23e-21
  3.4747e+05   2.18e-21
  3.5223e+05   2.09e-21
  3.5706e+05   1.97e-21
  3.6195e+05   1.85e-21
  3.6691e+05   1.74e-21
  3.7194e+05   1.62e-21
  3.7704e+05   1.52e-21
  3.8220e+05   1.41e-21
  3.8744e+05   1.30e-21
  3.9275e+05   1.20e-21
  3.9813e+05   1.07e-21
  4.0358e+05   9.38e-22
  4.0911e+05   8.11e-22
  4.1472e+05   6.87e-22
  4.2040e+05   5.67e-22
  4.2616e+05   4.50e-22
  4.3200e+05   3.36e-22
  4.3792e+05   2.26e-22
  4.4392e+05   1.68e-22
  4.5000e+05   1.51e-22
