#  E [MeV]   Flux [# cm^{-2} s^{-1}  MeV^{-1}]
  3.0000e+04   1.47e-21
  3.1033e+04   1.42e-21
  3.2102e+04   1.37e-21
  3.3207e+04   1.32e-21
  3.4350e+04   1.27e-21
  3.5533e+04   1.22e-21
  3.6757e+04   1.18e-21
  3.8022e+04   1.13e-21
  3.9332e+04   1.09e-21
  4.0686e+04   1.05e-21
  4.2087e+04   1.01e-21
  4.3536e+04   9.71e-22
  4.5035e+04   9.33e-22
  4.6586e+04   8.98e-22
  4.8190e+04   8.63e-22
  4.9850e+04   8.30e-22
  5.1566e+04   7.98e-22
  5.3342e+04   7.67e-22
  5.5178e+04   7.37e-22
  5.7078e+04   7.08e-22
  5.9044e+04   6.81e-22
  6.1077e+04   6.54e-22
  6.3180e+04   6.28e-22
  6.5356e+04   6.03e-22
  6.7606e+04   5.80e-22
  6.9934e+04   5.57e-22
  7.2342e+04   5.34e-22
  7.4833e+04   5.13e-22
  7.7410e+04   4.93e-22
  8.0075e+04   4.73e-22
  8.2833e+04   4.54e-22
  8.5685e+04   4.36e-22
  8.8635e+04   4.18e-22
  9.1687e+04   4.02e-22
  9.4844e+04   3.86e-22
  9.8110e+04   3.70e-22
  1.0149e+05   3.55e-22
  1.0498e+05   3.41e-22
  1.0860e+05   3.27e-22
  1.1234e+05   3.14e-22
  1.1621e+05   3.01e-22
  1.2021e+05   2.89e-22
  1.2435e+05   2.78e-22
  1.2863e+05   2.67e-22
  1.3306e+05   2.56e-22
  1.3764e+05   2.46e-22
  1.4238e+05   2.36e-22
  1.4728e+05   2.26e-22
  1.5235e+05   2.17e-22
  1.5760e+05   2.09e-22
  1.6302e+05   2.01e-22
  1.6864e+05   1.93e-22
  1.7445e+05   1.85e-22
  1.8045e+05   1.78e-22
  1.8667e+05   1.71e-22
  1.9309e+05   1.64e-22
  1.9974e+05   1.58e-22
  2.0662e+05   1.52e-22
  2.1373e+05   1.46e-22
  2.2109e+05   1.40e-22
  2.2871e+05   1.35e-22
  2.3658e+05   1.30e-22
  2.4473e+05   1.25e-22
  2.5316e+05   1.20e-22
  2.6187e+05   1.16e-22
  2.7089e+05   1.12e-22
  2.8022e+05   1.07e-22
  2.8987e+05   1.03e-22
  2.9985e+05   9.97e-23
  3.1017e+05   9.60e-23
  3.2085e+05   9.26e-23
  3.3190e+05   8.92e-23
  3.4333e+05   8.60e-23
  3.5515e+05   8.29e-23
  3.6738e+05   8.00e-23
  3.8003e+05   7.71e-23
  3.9312e+05   7.44e-23
  4.0665e+05   7.18e-23
  4.2066e+05   6.93e-23
  4.3514e+05   6.69e-23
  4.5013e+05   6.46e-23
  4.6562e+05   6.23e-23
  4.8166e+05   6.02e-23
  4.9824e+05   5.81e-23
  5.1540e+05   5.61e-23
  5.3315e+05   5.42e-23
  5.5150e+05   5.24e-23
  5.7050e+05   5.06e-23
  5.9014e+05   4.89e-23
  6.1046e+05   4.72e-23
  6.3148e+05   4.57e-23
  6.5322e+05   4.42e-23
  6.7572e+05   4.27e-23
  6.9898e+05   4.13e-23
  7.2305e+05   3.99e-23
  7.4795e+05   3.86e-23
  7.7371e+05   3.73e-23
  8.0035e+05   3.61e-23
  8.2791e+05   3.49e-23
  8.5641e+05   3.38e-23
  8.8590e+05   3.27e-23
  9.1641e+05   3.16e-23
  9.4796e+05   3.06e-23
  9.8061e+05   2.97e-23
  1.0144e+06   2.87e-23
  1.0493e+06   2.78e-23
  1.0854e+06   2.69e-23
  1.1228e+06   2.61e-23
  1.1615e+06   2.53e-23
  1.2015e+06   2.45e-23
  1.2428e+06   2.37e-23
  1.2856e+06   2.30e-23
  1.3299e+06   2.23e-23
  1.3757e+06   2.16e-23
  1.4231e+06   2.10e-23
  1.4721e+06   2.03e-23
  1.5228e+06   1.97e-23
  1.5752e+06   1.91e-23
  1.6294e+06   1.85e-23
  1.6855e+06   1.79e-23
  1.7436e+06   1.74e-23
  1.8036e+06   1.68e-23
  1.8657e+06   1.63e-23
  1.9300e+06   1.58e-23
  1.9964e+06   1.53e-23
  2.0652e+06   1.48e-23
  2.1363e+06   1.43e-23
  2.2098e+06   1.38e-23
  2.2859e+06   1.34e-23
  2.3646e+06   1.29e-23
  2.4461e+06   1.25e-23
  2.5303e+06   1.21e-23
  2.6174e+06   1.16e-23
  2.7075e+06   1.12e-23
  2.8008e+06   1.08e-23
  2.8972e+06   1.04e-23
  2.9970e+06   1.00e-23
  3.1002e+06   9.66e-24
  3.2069e+06   9.28e-24
  3.3173e+06   8.92e-24
  3.4316e+06   8.57e-24
  3.5497e+06   8.21e-24
  3.6720e+06   7.86e-24
  3.7984e+06   7.53e-24
  3.9292e+06   7.19e-24
  4.0645e+06   6.86e-24
  4.2044e+06   6.54e-24
  4.3492e+06   6.24e-24
  4.4990e+06   5.92e-24
  4.6539e+06   5.62e-24
  4.8141e+06   5.34e-24
  4.9799e+06   5.05e-24
  5.1514e+06   4.76e-24
  5.3288e+06   4.49e-24
  5.5123e+06   4.23e-24
  5.7021e+06   3.97e-24
  5.8984e+06   3.72e-24
  6.1015e+06   3.48e-24
  6.3116e+06   3.24e-24
  6.5289e+06   3.02e-24
  6.7538e+06   2.80e-24
  6.9863e+06   2.60e-24
  7.2269e+06   2.39e-24
  7.4757e+06   2.20e-24
  7.7331e+06   2.02e-24
  7.9994e+06   1.85e-24
  8.2749e+06   1.69e-24
  8.5598e+06   1.53e-24
  8.8546e+06   1.39e-24
  9.1594e+06   1.25e-24
  9.4748e+06   1.12e-24
  9.8011e+06   9.99e-25
  1.0139e+07   8.85e-25
  1.0488e+07   7.80e-25
  1.0849e+07   6.83e-25
  1.1222e+07   5.94e-25
  1.1609e+07   5.14e-25
  1.2009e+07   4.41e-25
  1.2422e+07   3.75e-25
  1.2850e+07   3.17e-25
  1.3292e+07   2.65e-25
  1.3750e+07   2.20e-25
  1.4223e+07   1.81e-25
  1.4713e+07   1.47e-25
  1.5220e+07   1.17e-25
  1.5744e+07   9.30e-26
  1.6286e+07   7.26e-26
  1.6847e+07   5.55e-26
  1.7427e+07   4.17e-26
  1.8027e+07   3.10e-26
  1.8648e+07   2.25e-26
  1.9290e+07   1.58e-26
  1.9954e+07   1.11e-26
  2.0641e+07   7.50e-27
  2.1352e+07   4.89e-27
  2.2087e+07   3.12e-27
  2.2848e+07   1.94e-27
  2.3634e+07   1.15e-27
  2.4448e+07   6.47e-28
  2.5290e+07   3.60e-28
