#  E [MeV]   Flux [# cm^{-2} s^{-1}  MeV^{-1}]
  3.0000e+04   1.32e-20
  3.1033e+04   1.27e-20
  3.2102e+04   1.22e-20
  3.3207e+04   1.18e-20
  3.4350e+04   1.14e-20
  3.5533e+04   1.10e-20
  3.6757e+04   1.06e-20
  3.8022e+04   1.02e-20
  3.9332e+04   9.80e-21
  4.0686e+04   9.44e-21
  4.2087e+04   9.09e-21
  4.3536e+04   8.75e-21
  4.5035e+04   8.42e-21
  4.6586e+04   8.11e-21
  4.8190e+04   7.80e-21
  4.9850e+04   7.51e-21
  5.1566e+04   7.22e-21
  5.3342e+04   6.94e-21
  5.5178e+04   6.68e-21
  5.7078e+04   6.42e-21
  5.9044e+04   6.17e-21
  6.1077e+04   5.93e-21
  6.3180e+04   5.70e-21
  6.5356e+04   5.48e-21
  6.7606e+04   5.26e-21
  6.9934e+04   5.05e-21
  7.2342e+04   4.85e-21
  7.4833e+04   4.65e-21
  7.7410e+04   4.46e-21
  8.0075e+04   4.28e-21
  8.2833e+04   4.10e-21
  8.5685e+04   3.93e-21
  8.8635e+04   3.77e-21
  9.1687e+04   3.61e-21
  9.4844e+04   3.46e-21
  9.8110e+04   3.31e-21
  1.0149e+05   3.17e-21
  1.0498e+05   3.03e-21
  1.0860e+05   2.90e-21
  1.1234e+05   2.77e-21
  1.1621e+05   2.65e-21
  1.2021e+05   2.53e-21
  1.2435e+05   2.41e-21
  1.2863e+05   2.30e-21
  1.3306e+05   2.20e-21
  1.3764e+05   2.10e-21
  1.4238e+05   2.00e-21
  1.4728e+05   1.90e-21
  1.5235e+05   1.81e-21
  1.5760e+05   1.72e-21
  1.6302e+05   1.64e-21
  1.6864e+05   1.56e-21
  1.7445e+05   1.48e-21
  1.8045e+05   1.40e-21
  1.8667e+05   1.33e-21
  1.9309e+05   1.26e-21
  1.9974e+05   1.20e-21
  2.0662e+05   1.13e-21
  2.1373e+05   1.07e-21
  2.2109e+05   1.01e-21
  2.2871e+05   9.55e-22
  2.3658e+05   9.01e-22
  2.4473e+05   8.50e-22
  2.5316e+05   8.01e-22
  2.6187e+05   7.54e-22
  2.7089e+05   7.09e-22
  2.8022e+05   6.66e-22
  2.8987e+05   6.25e-22
  2.9985e+05   5.86e-22
  3.1017e+05   5.49e-22
  3.2085e+05   5.13e-22
  3.3190e+05   4.80e-22
  3.4333e+05   4.48e-22
  3.5515e+05   4.18e-22
  3.6738e+05   3.90e-22
  3.8003e+05   3.63e-22
  3.9312e+05   3.37e-22
  4.0665e+05   3.13e-22
  4.2066e+05   2.91e-22
  4.3514e+05   2.70e-22
  4.5013e+05   2.50e-22
  4.6562e+05   2.31e-22
  4.8166e+05   2.14e-22
  4.9824e+05   1.97e-22
  5.1540e+05   1.82e-22
  5.3315e+05   1.68e-22
  5.5150e+05   1.54e-22
  5.7050e+05   1.42e-22
  5.9014e+05   1.31e-22
  6.1046e+05   1.20e-22
  6.3148e+05   1.10e-22
  6.5322e+05   1.01e-22
  6.7572e+05   9.24e-23
  6.9898e+05   8.46e-23
  7.2305e+05   7.74e-23
  7.4795e+05   7.08e-23
  7.7371e+05   6.48e-23
  8.0035e+05   5.92e-23
  8.2791e+05   5.40e-23
  8.5641e+05   4.94e-23
  8.8590e+05   4.51e-23
  9.1641e+05   4.11e-23
  9.4796e+05   3.75e-23
  9.8061e+05   3.43e-23
  1.0144e+06   3.13e-23
  1.0493e+06   2.85e-23
  1.0854e+06   2.60e-23
  1.1228e+06   2.37e-23
  1.1615e+06   2.16e-23
  1.2015e+06   1.98e-23
  1.2428e+06   1.80e-23
  1.2856e+06   1.64e-23
  1.3299e+06   1.50e-23
  1.3757e+06   1.37e-23
  1.4231e+06   1.25e-23
  1.4721e+06   1.14e-23
  1.5228e+06   1.04e-23
  1.5752e+06   9.46e-24
  1.6294e+06   8.62e-24
  1.6855e+06   7.87e-24
  1.7436e+06   7.17e-24
  1.8036e+06   6.53e-24
  1.8657e+06   5.95e-24
  1.9300e+06   5.43e-24
  1.9964e+06   4.94e-24
  2.0652e+06   4.49e-24
  2.1363e+06   4.09e-24
  2.2098e+06   3.72e-24
  2.2859e+06   3.37e-24
  2.3646e+06   3.06e-24
  2.4461e+06   2.78e-24
  2.5303e+06   2.51e-24
  2.6174e+06   2.27e-24
  2.7075e+06   2.06e-24
  2.8008e+06   1.86e-24
  2.8972e+06   1.67e-24
  2.9970e+06   1.51e-24
  3.1002e+06   1.36e-24
  3.2069e+06   1.22e-24
  3.3173e+06   1.09e-24
  3.4316e+06   9.78e-25
  3.5497e+06   8.72e-25
  3.6720e+06   7.76e-25
  3.7984e+06   6.92e-25
  3.9292e+06   6.14e-25
  4.0645e+06   5.42e-25
  4.2044e+06   4.80e-25
  4.3492e+06   4.23e-25
  4.4990e+06   3.71e-25
  4.6539e+06   3.24e-25
  4.8141e+06   2.83e-25
  4.9799e+06   2.46e-25
  5.1514e+06   2.12e-25
  5.3288e+06   1.84e-25
  5.5123e+06   1.58e-25
  5.7021e+06   1.35e-25
  5.8984e+06   1.15e-25
  6.1015e+06   9.75e-26
  6.3116e+06   8.20e-26
  6.5289e+06   6.85e-26
  6.7538e+06   5.75e-26
  6.9863e+06   4.76e-26
  7.2269e+06   3.90e-26
  7.4757e+06   3.20e-26
  7.7331e+06   2.61e-26
  7.9994e+06   2.09e-26
  8.2749e+06   1.67e-26
  8.5598e+06   1.33e-26
  8.8546e+06   1.04e-26
  9.1594e+06   8.02e-27
  9.4748e+06   6.22e-27
  9.8011e+06   4.73e-27
  1.0139e+07   3.52e-27
  1.0488e+07   2.60e-27
  1.0849e+07   1.91e-27
  1.1222e+07   1.36e-27
  1.1609e+07   9.47e-28
  1.2009e+07   6.62e-28
  1.2422e+07   4.49e-28
  1.2850e+07   2.94e-28
  1.3292e+07   1.92e-28
  1.3750e+07   1.22e-28
  1.4223e+07   7.39e-29
  1.4713e+07   4.36e-29
  1.5220e+07   2.53e-29
  1.5744e+07   1.39e-29
  1.6286e+07   7.20e-30
  1.6847e+07   3.69e-30
  1.7427e+07   1.77e-30
  1.8027e+07   7.85e-31
  1.8648e+07   3.29e-31
  1.9290e+07   1.29e-31
  1.9954e+07   4.56e-32
  2.0641e+07   1.44e-32
  2.1352e+07   4.19e-33
  2.2087e+07   1.05e-33
  2.2848e+07   2.20e-34
  2.3634e+07   4.03e-35
  2.4448e+07   6.04e-36
  2.5290e+07   6.85e-37
