#  E [GeV]   # per interaction  [GeV^{-1}]
  3.0000e+01   1.68e-01
  3.0517e+01   1.63e-01
  3.1043e+01   1.58e-01
  3.1578e+01   1.53e-01
  3.2123e+01   1.48e-01
  3.2676e+01   1.43e-01
  3.3240e+01   1.38e-01
  3.3813e+01   1.34e-01
  3.4396e+01   1.29e-01
  3.4989e+01   1.25e-01
  3.5592e+01   1.21e-01
  3.6205e+01   1.17e-01
  3.6829e+01   1.13e-01
  3.7464e+01   1.09e-01
  3.8110e+01   1.05e-01
  3.8767e+01   1.02e-01
  3.9435e+01   9.81e-02
  4.0115e+01   9.47e-02
  4.0807e+01   9.14e-02
  4.1510e+01   8.82e-02
  4.2226e+01   8.50e-02
  4.2953e+01   8.20e-02
  4.3694e+01   7.91e-02
  4.4447e+01   7.63e-02
  4.5213e+01   7.35e-02
  4.5993e+01   7.08e-02
  4.6786e+01   6.82e-02
  4.7592e+01   6.56e-02
  4.8412e+01   6.32e-02
  4.9247e+01   6.08e-02
  5.0096e+01   5.86e-02
  5.0960e+01   5.63e-02
  5.1838e+01   5.42e-02
  5.2732e+01   5.21e-02
  5.3641e+01   5.00e-02
  5.4565e+01   4.81e-02
  5.5506e+01   4.63e-02
  5.6463e+01   4.44e-02
  5.7436e+01   4.27e-02
  5.8426e+01   4.10e-02
  5.9433e+01   3.93e-02
  6.0458e+01   3.77e-02
  6.1500e+01   3.62e-02
  6.2560e+01   3.47e-02
  6.3639e+01   3.33e-02
  6.4736e+01   3.19e-02
  6.5852e+01   3.05e-02
  6.6987e+01   2.92e-02
  6.8142e+01   2.80e-02
  6.9316e+01   2.68e-02
  7.0511e+01   2.57e-02
  7.1727e+01   2.46e-02
  7.2963e+01   2.35e-02
  7.4221e+01   2.24e-02
  7.5500e+01   2.14e-02
  7.6802e+01   2.05e-02
  7.8126e+01   1.96e-02
  7.9472e+01   1.87e-02
  8.0842e+01   1.79e-02
  8.2236e+01   1.70e-02
  8.3654e+01   1.62e-02
  8.5096e+01   1.55e-02
  8.6563e+01   1.48e-02
  8.8055e+01   1.41e-02
  8.9573e+01   1.34e-02
  9.1117e+01   1.28e-02
  9.2687e+01   1.21e-02
  9.4285e+01   1.15e-02
  9.5911e+01   1.09e-02
  9.7564e+01   1.04e-02
  9.9246e+01   9.90e-03
  1.0096e+02   9.41e-03
  1.0270e+02   8.93e-03
  1.0447e+02   8.46e-03
  1.0627e+02   8.00e-03
  1.0810e+02   7.60e-03
  1.0996e+02   7.22e-03
  1.1186e+02   6.85e-03
  1.1379e+02   6.48e-03
  1.1575e+02   6.13e-03
  1.1774e+02   5.79e-03
  1.1977e+02   5.47e-03
  1.2184e+02   5.18e-03
  1.2394e+02   4.91e-03
  1.2608e+02   4.64e-03
  1.2825e+02   4.38e-03
  1.3046e+02   4.13e-03
  1.3271e+02   3.89e-03
  1.3500e+02   3.66e-03
  1.3732e+02   3.46e-03
  1.3969e+02   3.27e-03
  1.4210e+02   3.08e-03
  1.4455e+02   2.90e-03
  1.4704e+02   2.73e-03
  1.4957e+02   2.55e-03
  1.5215e+02   2.40e-03
  1.5478e+02   2.27e-03
  1.5744e+02   2.14e-03
  1.6016e+02   2.01e-03
  1.6292e+02   1.88e-03
  1.6573e+02   1.76e-03
  1.6858e+02   1.64e-03
  1.7149e+02   1.55e-03
  1.7445e+02   1.45e-03
  1.7745e+02   1.36e-03
  1.8051e+02   1.27e-03
  1.8362e+02   1.19e-03
  1.8679e+02   1.11e-03
  1.9001e+02   1.03e-03
  1.9328e+02   9.67e-04
  1.9662e+02   9.06e-04
  2.0001e+02   8.47e-04
  2.0345e+02   7.89e-04
  2.0696e+02   7.34e-04
  2.1053e+02   6.80e-04
  2.1416e+02   6.32e-04
  2.1785e+02   5.91e-04
  2.2160e+02   5.52e-04
  2.2543e+02   5.14e-04
  2.2931e+02   4.77e-04
  2.3326e+02   4.41e-04
  2.3729e+02   4.07e-04
  2.4138e+02   3.78e-04
  2.4554e+02   3.52e-04
  2.4977e+02   3.28e-04
  2.5407e+02   3.04e-04
  2.5845e+02   2.81e-04
  2.6291e+02   2.58e-04
  2.6744e+02   2.37e-04
  2.7205e+02   2.20e-04
  2.7674e+02   2.05e-04
  2.8151e+02   1.90e-04
  2.8637e+02   1.75e-04
  2.9130e+02   1.61e-04
  2.9632e+02   1.47e-04
  3.0143e+02   1.35e-04
  3.0663e+02   1.25e-04
  3.1191e+02   1.16e-04
  3.1729e+02   1.07e-04
  3.2276e+02   9.83e-05
  3.2832e+02   8.99e-05
  3.3398e+02   8.18e-05
  3.3974e+02   7.50e-05
  3.4560e+02   6.94e-05
  3.5155e+02   6.40e-05
  3.5761e+02   5.88e-05
  3.6378e+02   5.38e-05
  3.7005e+02   4.89e-05
  3.7643e+02   4.43e-05
  3.8292e+02   4.07e-05
  3.8952e+02   3.76e-05
  3.9623e+02   3.46e-05
  4.0306e+02   3.17e-05
  4.1001e+02   2.89e-05
  4.1708e+02   2.62e-05
  4.2427e+02   2.36e-05
  4.3158e+02   2.18e-05
  4.3902e+02   2.01e-05
  4.4659e+02   1.85e-05
  4.5429e+02   1.69e-05
  4.6212e+02   1.53e-05
  4.7009e+02   1.39e-05
  4.7819e+02   1.26e-05
  4.8643e+02   1.16e-05
  4.9482e+02   1.07e-05
  5.0335e+02   9.82e-06
  5.1203e+02   8.97e-06
  5.2085e+02   8.16e-06
  5.2983e+02   7.37e-06
  5.3897e+02   6.75e-06
  5.4826e+02   6.27e-06
  5.5771e+02   5.80e-06
  5.6732e+02   5.35e-06
  5.7710e+02   4.92e-06
  5.8705e+02   4.51e-06
  5.9717e+02   4.11e-06
  6.0746e+02   3.83e-06
  6.1793e+02   3.58e-06
  6.2859e+02   3.33e-06
  6.3942e+02   3.10e-06
  6.5045e+02   2.88e-06
  6.6166e+02   2.67e-06
  6.7306e+02   2.47e-06
  6.8467e+02   2.32e-06
  6.9647e+02   2.19e-06
  7.0847e+02   2.05e-06
  7.2069e+02   1.92e-06
  7.3311e+02   1.80e-06
  7.4575e+02   1.68e-06
  7.5860e+02   1.58e-06
  7.7168e+02   1.49e-06
  7.8498e+02   1.40e-06
  7.9852e+02   1.31e-06
  8.1228e+02   1.23e-06
  8.2628e+02   1.15e-06
  8.4053e+02   1.08e-06
  8.5502e+02   1.02e-06
  8.6976e+02   9.74e-07
  8.8475e+02   9.29e-07
  9.0000e+02   8.85e-07
