#  E [MeV]   Flux [# cm^{-2} s^{-1}  MeV^{-1}]
  3.0000e+04   4.49e-22
  3.0517e+04   4.34e-22
  3.1043e+04   4.21e-22
  3.1578e+04   4.07e-22
  3.2123e+04   3.94e-22
  3.2676e+04   3.81e-22
  3.3240e+04   3.69e-22
  3.3813e+04   3.56e-22
  3.4396e+04   3.45e-22
  3.4989e+04   3.33e-22
  3.5592e+04   3.22e-22
  3.6205e+04   3.11e-22
  3.6829e+04   3.01e-22
  3.7464e+04   2.91e-22
  3.8110e+04   2.81e-22
  3.8767e+04   2.71e-22
  3.9435e+04   2.62e-22
  4.0115e+04   2.53e-22
  4.0807e+04   2.44e-22
  4.1510e+04   2.35e-22
  4.2226e+04   2.27e-22
  4.2953e+04   2.19e-22
  4.3694e+04   2.11e-22
  4.4447e+04   2.04e-22
  4.5213e+04   1.96e-22
  4.5993e+04   1.89e-22
  4.6786e+04   1.82e-22
  4.7592e+04   1.75e-22
  4.8412e+04   1.69e-22
  4.9247e+04   1.62e-22
  5.0096e+04   1.56e-22
  5.0960e+04   1.50e-22
  5.1838e+04   1.45e-22
  5.2732e+04   1.39e-22
  5.3641e+04   1.34e-22
  5.4565e+04   1.28e-22
  5.5506e+04   1.23e-22
  5.6463e+04   1.19e-22
  5.7436e+04   1.14e-22
  5.8426e+04   1.09e-22
  5.9433e+04   1.05e-22
  6.0458e+04   1.01e-22
  6.1500e+04   9.66e-23
  6.2560e+04   9.27e-23
  6.3639e+04   8.88e-23
  6.4736e+04   8.51e-23
  6.5852e+04   8.15e-23
  6.6987e+04   7.80e-23
  6.8142e+04   7.48e-23
  6.9316e+04   7.16e-23
  7.0511e+04   6.86e-23
  7.1727e+04   6.56e-23
  7.2963e+04   6.27e-23
  7.4221e+04   5.99e-23
  7.5500e+04   5.72e-23
  7.6802e+04   5.47e-23
  7.8126e+04   5.23e-23
  7.9472e+04   5.00e-23
  8.0842e+04   4.77e-23
  8.2236e+04   4.55e-23
  8.3654e+04   4.33e-23
  8.5096e+04   4.13e-23
  8.6563e+04   3.94e-23
  8.8055e+04   3.76e-23
  8.9573e+04   3.58e-23
  9.1117e+04   3.40e-23
  9.2687e+04   3.23e-23
  9.4285e+04   3.07e-23
  9.5911e+04   2.92e-23
  9.7564e+04   2.78e-23
  9.9246e+04   2.64e-23
  1.0096e+05   2.51e-23
  1.0270e+05   2.38e-23
  1.0447e+05   2.26e-23
  1.0627e+05   2.14e-23
  1.0810e+05   2.03e-23
  1.0996e+05   1.93e-23
  1.1186e+05   1.83e-23
  1.1379e+05   1.73e-23
  1.1575e+05   1.64e-23
  1.1774e+05   1.55e-23
  1.1977e+05   1.46e-23
  1.2184e+05   1.38e-23
  1.2394e+05   1.31e-23
  1.2608e+05   1.24e-23
  1.2825e+05   1.17e-23
  1.3046e+05   1.10e-23
  1.3271e+05   1.04e-23
  1.3500e+05   9.77e-24
  1.3732e+05   9.24e-24
  1.3969e+05   8.73e-24
  1.4210e+05   8.23e-24
  1.4455e+05   7.75e-24
  1.4704e+05   7.27e-24
  1.4957e+05   6.82e-24
  1.5215e+05   6.42e-24
  1.5478e+05   6.05e-24
  1.5744e+05   5.70e-24
  1.6016e+05   5.36e-24
  1.6292e+05   5.02e-24
  1.6573e+05   4.70e-24
  1.6858e+05   4.39e-24
  1.7149e+05   4.13e-24
  1.7445e+05   3.88e-24
  1.7745e+05   3.64e-24
  1.8051e+05   3.40e-24
  1.8362e+05   3.18e-24
  1.8679e+05   2.96e-24
  1.9001e+05   2.75e-24
  1.9328e+05   2.58e-24
  1.9662e+05   2.42e-24
  2.0001e+05   2.26e-24
  2.0345e+05   2.11e-24
  2.0696e+05   1.96e-24
  2.1053e+05   1.81e-24
  2.1416e+05   1.69e-24
  2.1785e+05   1.58e-24
  2.2160e+05   1.47e-24
  2.2543e+05   1.37e-24
  2.2931e+05   1.27e-24
  2.3326e+05   1.18e-24
  2.3729e+05   1.09e-24
  2.4138e+05   1.01e-24
  2.4554e+05   9.41e-25
  2.4977e+05   8.75e-25
  2.5407e+05   8.11e-25
  2.5845e+05   7.50e-25
  2.6291e+05   6.90e-25
  2.6744e+05   6.32e-25
  2.7205e+05   5.88e-25
  2.7674e+05   5.47e-25
  2.8151e+05   5.06e-25
  2.8637e+05   4.67e-25
  2.9130e+05   4.30e-25
  2.9632e+05   3.93e-25
  3.0143e+05   3.60e-25
  3.0663e+05   3.34e-25
  3.1191e+05   3.09e-25
  3.1729e+05   2.85e-25
  3.2276e+05   2.62e-25
  3.2832e+05   2.40e-25
  3.3398e+05   2.18e-25
  3.3974e+05   2.00e-25
  3.4560e+05   1.85e-25
  3.5155e+05   1.71e-25
  3.5761e+05   1.57e-25
  3.6378e+05   1.44e-25
  3.7005e+05   1.31e-25
  3.7643e+05   1.18e-25
  3.8292e+05   1.09e-25
  3.8952e+05   1.00e-25
  3.9623e+05   9.22e-26
  4.0306e+05   8.45e-26
  4.1001e+05   7.70e-26
  4.1708e+05   6.99e-26
  4.2427e+05   6.30e-26
  4.3158e+05   5.82e-26
  4.3902e+05   5.37e-26
  4.4659e+05   4.93e-26
  4.5429e+05   4.50e-26
  4.6212e+05   4.10e-26
  4.7009e+05   3.70e-26
  4.7819e+05   3.36e-26
  4.8643e+05   3.10e-26
  4.9482e+05   2.86e-26
  5.0335e+05   2.62e-26
  5.1203e+05   2.39e-26
  5.2085e+05   2.18e-26
  5.2983e+05   1.97e-26
  5.3897e+05   1.80e-26
  5.4826e+05   1.67e-26
  5.5771e+05   1.55e-26
  5.6732e+05   1.43e-26
  5.7710e+05   1.31e-26
  5.8705e+05   1.20e-26
  5.9717e+05   1.10e-26
  6.0746e+05   1.02e-26
  6.1793e+05   9.54e-27
  6.2859e+05   8.90e-27
  6.3942e+05   8.28e-27
  6.5045e+05   7.69e-27
  6.6166e+05   7.12e-27
  6.7306e+05   6.58e-27
  6.8467e+05   6.20e-27
  6.9647e+05   5.83e-27
  7.0847e+05   5.48e-27
  7.2069e+05   5.14e-27
  7.3311e+05   4.81e-27
  7.4575e+05   4.50e-27
  7.5860e+05   4.21e-27
  7.7168e+05   3.96e-27
  7.8498e+05   3.73e-27
  7.9852e+05   3.51e-27
  8.1228e+05   3.29e-27
  8.2628e+05   3.08e-27
  8.4053e+05   2.88e-27
  8.5502e+05   2.73e-27
  8.6976e+05   2.60e-27
  8.8475e+05   2.48e-27
  9.0000e+05   2.36e-27
