#  E [MeV]   Flux [# cm^{-2} s^{-1}  MeV^{-1}]
  3.0000e+04   1.77e-23
  3.0782e+04   1.71e-23
  3.1585e+04   1.65e-23
  3.2409e+04   1.60e-23
  3.3255e+04   1.54e-23
  3.4122e+04   1.49e-23
  3.5012e+04   1.44e-23
  3.5925e+04   1.39e-23
  3.6862e+04   1.34e-23
  3.7824e+04   1.30e-23
  3.8810e+04   1.25e-23
  3.9822e+04   1.21e-23
  4.0861e+04   1.16e-23
  4.1927e+04   1.12e-23
  4.3021e+04   1.08e-23
  4.4143e+04   1.04e-23
  4.5294e+04   1.00e-23
  4.6475e+04   9.66e-24
  4.7688e+04   9.30e-24
  4.8931e+04   8.95e-24
  5.0208e+04   8.61e-24
  5.1517e+04   8.29e-24
  5.2861e+04   7.97e-24
  5.4240e+04   7.66e-24
  5.5654e+04   7.36e-24
  5.7106e+04   7.07e-24
  5.8596e+04   6.80e-24
  6.0124e+04   6.53e-24
  6.1692e+04   6.26e-24
  6.3301e+04   6.01e-24
  6.4952e+04   5.76e-24
  6.6647e+04   5.53e-24
  6.8385e+04   5.30e-24
  7.0169e+04   5.08e-24
  7.1999e+04   4.87e-24
  7.3877e+04   4.66e-24
  7.5804e+04   4.47e-24
  7.7781e+04   4.28e-24
  7.9810e+04   4.10e-24
  8.1891e+04   3.92e-24
  8.4027e+04   3.75e-24
  8.6219e+04   3.59e-24
  8.8468e+04   3.43e-24
  9.0775e+04   3.28e-24
  9.3143e+04   3.14e-24
  9.5572e+04   3.00e-24
  9.8065e+04   2.86e-24
  1.0062e+05   2.73e-24
  1.0325e+05   2.61e-24
  1.0594e+05   2.49e-24
  1.0870e+05   2.38e-24
  1.1154e+05   2.27e-24
  1.1445e+05   2.16e-24
  1.1743e+05   2.06e-24
  1.2050e+05   1.96e-24
  1.2364e+05   1.87e-24
  1.2686e+05   1.78e-24
  1.3017e+05   1.69e-24
  1.3357e+05   1.61e-24
  1.3705e+05   1.53e-24
  1.4063e+05   1.45e-24
  1.4429e+05   1.38e-24
  1.4806e+05   1.31e-24
  1.5192e+05   1.24e-24
  1.5588e+05   1.18e-24
  1.5995e+05   1.12e-24
  1.6412e+05   1.06e-24
  1.6840e+05   1.01e-24
  1.7279e+05   9.53e-25
  1.7730e+05   9.03e-25
  1.8193e+05   8.54e-25
  1.8667e+05   8.08e-25
  1.9154e+05   7.63e-25
  1.9654e+05   7.22e-25
  2.0166e+05   6.82e-25
  2.0692e+05   6.44e-25
  2.1232e+05   6.07e-25
  2.1786e+05   5.73e-25
  2.2354e+05   5.40e-25
  2.2937e+05   5.09e-25
  2.3535e+05   4.79e-25
  2.4149e+05   4.51e-25
  2.4779e+05   4.24e-25
  2.5425e+05   3.99e-25
  2.6088e+05   3.75e-25
  2.6769e+05   3.51e-25
  2.7467e+05   3.30e-25
  2.8184e+05   3.09e-25
  2.8919e+05   2.90e-25
  2.9673e+05   2.71e-25
  3.0447e+05   2.54e-25
  3.1241e+05   2.38e-25
  3.2056e+05   2.22e-25
  3.2892e+05   2.08e-25
  3.3750e+05   1.93e-25
  3.4630e+05   1.81e-25
  3.5533e+05   1.69e-25
  3.6460e+05   1.57e-25
  3.7411e+05   1.46e-25
  3.8387e+05   1.36e-25
  3.9388e+05   1.26e-25
  4.0416e+05   1.18e-25
  4.1470e+05   1.09e-25
  4.2551e+05   1.01e-25
  4.3661e+05   9.38e-26
  4.4800e+05   8.71e-26
  4.5969e+05   8.07e-26
  4.7168e+05   7.45e-26
  4.8398e+05   6.88e-26
  4.9660e+05   6.37e-26
  5.0956e+05   5.89e-26
  5.2285e+05   5.43e-26
  5.3648e+05   4.99e-26
  5.5048e+05   4.60e-26
  5.6483e+05   4.24e-26
  5.7957e+05   3.91e-26
  5.9468e+05   3.58e-26
  6.1020e+05   3.28e-26
  6.2611e+05   3.03e-26
  6.4244e+05   2.78e-26
  6.5920e+05   2.55e-26
  6.7639e+05   2.33e-26
  6.9403e+05   2.13e-26
  7.1214e+05   1.96e-26
  7.3071e+05   1.79e-26
  7.4977e+05   1.64e-26
  7.6933e+05   1.49e-26
  7.8939e+05   1.37e-26
  8.0998e+05   1.25e-26
  8.3111e+05   1.14e-26
  8.5279e+05   1.04e-26
  8.7503e+05   9.46e-27
  8.9785e+05   8.65e-27
  9.2127e+05   7.87e-27
  9.4530e+05   7.15e-27
  9.6996e+05   6.48e-27
  9.9526e+05   5.92e-27
  1.0212e+06   5.39e-27
  1.0479e+06   4.89e-27
  1.0752e+06   4.42e-27
  1.1032e+06   4.02e-27
  1.1320e+06   3.66e-27
  1.1615e+06   3.32e-27
  1.1918e+06   3.00e-27
  1.2229e+06   2.72e-27
  1.2548e+06   2.47e-27
  1.2875e+06   2.25e-27
  1.3211e+06   2.03e-27
  1.3556e+06   1.83e-27
  1.3909e+06   1.66e-27
  1.4272e+06   1.51e-27
  1.4644e+06   1.37e-27
  1.5026e+06   1.23e-27
  1.5418e+06   1.11e-27
  1.5820e+06   1.01e-27
  1.6233e+06   9.19e-28
  1.6657e+06   8.29e-28
  1.7091e+06   7.44e-28
  1.7537e+06   6.77e-28
  1.7994e+06   6.15e-28
  1.8464e+06   5.57e-28
  1.8945e+06   5.01e-28
  1.9439e+06   4.52e-28
  1.9946e+06   4.12e-28
  2.0467e+06   3.73e-28
  2.1000e+06   3.37e-28
  2.1548e+06   3.02e-28
  2.2110e+06   2.75e-28
  2.2687e+06   2.50e-28
  2.3279e+06   2.25e-28
  2.3886e+06   2.02e-28
  2.4509e+06   1.83e-28
  2.5148e+06   1.67e-28
  2.5804e+06   1.51e-28
  2.6477e+06   1.37e-28
  2.7168e+06   1.23e-28
  2.7876e+06   1.13e-28
  2.8603e+06   1.03e-28
  2.9349e+06   9.38e-29
  3.0115e+06   8.50e-29
  3.0900e+06   7.80e-29
  3.1706e+06   7.24e-29
  3.2533e+06   6.71e-29
  3.3382e+06   6.20e-29
  3.4253e+06   5.72e-29
  3.5146e+06   5.39e-29
  3.6063e+06   5.07e-29
  3.7003e+06   4.76e-29
  3.7969e+06   4.46e-29
  3.8959e+06   4.23e-29
  3.9975e+06   4.04e-29
  4.1018e+06   3.86e-29
  4.2088e+06   3.68e-29
  4.3185e+06   3.52e-29
  4.4312e+06   3.40e-29
  4.5467e+06   3.28e-29
  4.6653e+06   3.16e-29
  4.7870e+06   3.05e-29
  4.9119e+06   2.94e-29
  5.0400e+06   2.84e-29
