#  E [MeV]   Flux [# cm^{-2} s^{-1}  MeV^{-1}]
  3.0000e+04   2.37e-19
  3.0943e+04   2.28e-19
  3.1916e+04   2.19e-19
  3.2920e+04   2.11e-19
  3.3955e+04   2.02e-19
  3.5023e+04   1.94e-19
  3.6124e+04   1.87e-19
  3.7260e+04   1.79e-19
  3.8432e+04   1.72e-19
  3.9640e+04   1.65e-19
  4.0887e+04   1.58e-19
  4.2172e+04   1.52e-19
  4.3499e+04   1.46e-19
  4.4866e+04   1.40e-19
  4.6277e+04   1.34e-19
  4.7732e+04   1.29e-19
  4.9233e+04   1.24e-19
  5.0781e+04   1.19e-19
  5.2378e+04   1.14e-19
  5.4025e+04   1.09e-19
  5.5724e+04   1.05e-19
  5.7476e+04   1.00e-19
  5.9284e+04   9.63e-20
  6.1148e+04   9.23e-20
  6.3071e+04   8.85e-20
  6.5054e+04   8.48e-20
  6.7100e+04   8.13e-20
  6.9210e+04   7.79e-20
  7.1386e+04   7.46e-20
  7.3631e+04   7.15e-20
  7.5946e+04   6.85e-20
  7.8334e+04   6.56e-20
  8.0797e+04   6.28e-20
  8.3338e+04   6.02e-20
  8.5959e+04   5.76e-20
  8.8662e+04   5.51e-20
  9.1450e+04   5.28e-20
  9.4325e+04   5.05e-20
  9.7291e+04   4.83e-20
  1.0035e+05   4.62e-20
  1.0351e+05   4.42e-20
  1.0676e+05   4.23e-20
  1.1012e+05   4.04e-20
  1.1358e+05   3.86e-20
  1.1715e+05   3.69e-20
  1.2084e+05   3.52e-20
  1.2464e+05   3.36e-20
  1.2856e+05   3.21e-20
  1.3260e+05   3.06e-20
  1.3677e+05   2.92e-20
  1.4107e+05   2.79e-20
  1.4550e+05   2.66e-20
  1.5008e+05   2.53e-20
  1.5480e+05   2.41e-20
  1.5967e+05   2.30e-20
  1.6469e+05   2.19e-20
  1.6987e+05   2.08e-20
  1.7521e+05   1.98e-20
  1.8072e+05   1.88e-20
  1.8640e+05   1.78e-20
  1.9226e+05   1.69e-20
  1.9831e+05   1.61e-20
  2.0454e+05   1.52e-20
  2.1097e+05   1.44e-20
  2.1761e+05   1.37e-20
  2.2445e+05   1.30e-20
  2.3151e+05   1.23e-20
  2.3879e+05   1.16e-20
  2.4630e+05   1.10e-20
  2.5404e+05   1.04e-20
  2.6203e+05   9.88e-21
  2.7027e+05   9.35e-21
  2.7877e+05   8.84e-21
  2.8753e+05   8.37e-21
  2.9657e+05   7.91e-21
  3.0590e+05   7.47e-21
  3.1552e+05   7.06e-21
  3.2544e+05   6.66e-21
  3.3567e+05   6.29e-21
  3.4623e+05   5.93e-21
  3.5712e+05   5.59e-21
  3.6835e+05   5.26e-21
  3.7993e+05   4.95e-21
  3.9188e+05   4.66e-21
  4.0420e+05   4.38e-21
  4.1691e+05   4.12e-21
  4.3002e+05   3.87e-21
  4.4354e+05   3.63e-21
  4.5749e+05   3.40e-21
  4.7187e+05   3.19e-21
  4.8671e+05   2.99e-21
  5.0202e+05   2.80e-21
  5.1780e+05   2.62e-21
  5.3409e+05   2.45e-21
  5.5088e+05   2.29e-21
  5.6820e+05   2.14e-21
  5.8607e+05   1.99e-21
  6.0450e+05   1.86e-21
  6.2351e+05   1.73e-21
  6.4311e+05   1.61e-21
  6.6334e+05   1.50e-21
  6.8419e+05   1.40e-21
  7.0571e+05   1.30e-21
  7.2790e+05   1.20e-21
  7.5079e+05   1.12e-21
  7.7440e+05   1.03e-21
  7.9875e+05   9.58e-22
  8.2387e+05   8.87e-22
  8.4977e+05   8.20e-22
  8.7649e+05   7.56e-22
  9.0405e+05   6.99e-22
  9.3248e+05   6.45e-22
  9.6180e+05   5.94e-22
  9.9205e+05   5.47e-22
  1.0232e+06   5.04e-22
  1.0554e+06   4.63e-22
  1.0886e+06   4.25e-22
  1.1228e+06   3.90e-22
  1.1581e+06   3.58e-22
  1.1946e+06   3.28e-22
  1.2321e+06   3.00e-22
  1.2709e+06   2.75e-22
  1.3108e+06   2.51e-22
  1.3521e+06   2.29e-22
  1.3946e+06   2.09e-22
  1.4384e+06   1.90e-22
  1.4837e+06   1.73e-22
  1.5303e+06   1.57e-22
  1.5784e+06   1.42e-22
  1.6281e+06   1.29e-22
  1.6793e+06   1.17e-22
  1.7321e+06   1.06e-22
  1.7865e+06   9.57e-23
  1.8427e+06   8.66e-23
  1.9006e+06   7.80e-23
  1.9604e+06   6.99e-23
  2.0221e+06   6.32e-23
  2.0856e+06   5.69e-23
  2.1512e+06   5.09e-23
  2.2189e+06   4.56e-23
  2.2886e+06   4.10e-23
  2.3606e+06   3.67e-23
  2.4348e+06   3.26e-23
  2.5114e+06   2.92e-23
  2.5904e+06   2.61e-23
  2.6718e+06   2.32e-23
  2.7558e+06   2.05e-23
  2.8425e+06   1.83e-23
  2.9319e+06   1.62e-23
  3.0241e+06   1.43e-23
  3.1192e+06   1.26e-23
  3.2173e+06   1.12e-23
  3.3184e+06   9.88e-24
  3.4228e+06   8.64e-24
  3.5304e+06   7.59e-24
  3.6414e+06   6.71e-24
  3.7559e+06   5.88e-24
  3.8740e+06   5.10e-24
  3.9958e+06   4.49e-24
  4.1215e+06   3.94e-24
  4.2511e+06   3.43e-24
  4.3848e+06   2.95e-24
  4.5227e+06   2.60e-24
  4.6649e+06   2.27e-24
  4.8116e+06   1.96e-24
  4.9629e+06   1.69e-24
  5.1189e+06   1.48e-24
  5.2799e+06   1.28e-24
  5.4459e+06   1.10e-24
  5.6171e+06   9.54e-25
  5.7938e+06   8.32e-25
  5.9760e+06   7.18e-25
  6.1639e+06   6.10e-25
  6.3577e+06   5.35e-25
  6.5576e+06   4.66e-25
  6.7638e+06   4.02e-25
  6.9765e+06   3.45e-25
  7.1959e+06   3.03e-25
  7.4222e+06   2.65e-25
  7.6556e+06   2.28e-25
  7.8963e+06   1.99e-25
  8.1446e+06   1.75e-25
  8.4007e+06   1.53e-25
  8.6649e+06   1.33e-25
  8.9373e+06   1.17e-25
  9.2184e+06   1.04e-25
  9.5082e+06   9.21e-26
  9.8072e+06   8.08e-26
  1.0116e+07   7.25e-26
  1.0434e+07   6.48e-26
  1.0762e+07   5.76e-26
  1.1100e+07   5.11e-26
  1.1449e+07   4.54e-26
  1.1809e+07   4.02e-26
  1.2181e+07   3.53e-26
  1.2564e+07   3.10e-26
  1.2959e+07   2.70e-26
  1.3366e+07   2.33e-26
  1.3786e+07   2.00e-26
  1.4220e+07   1.74e-26
