#  E [GeV]   # per interaction  [GeV^{-1}]
  3.0000e+01   7.09e-01
  3.0943e+01   6.81e-01
  3.1916e+01   6.54e-01
  3.2920e+01   6.28e-01
  3.3955e+01   6.03e-01
  3.5023e+01   5.80e-01
  3.6124e+01   5.57e-01
  3.7260e+01   5.34e-01
  3.8432e+01   5.13e-01
  3.9640e+01   4.93e-01
  4.0887e+01   4.73e-01
  4.2172e+01   4.54e-01
  4.3499e+01   4.35e-01
  4.4866e+01   4.18e-01
  4.6277e+01   4.01e-01
  4.7732e+01   3.85e-01
  4.9233e+01   3.69e-01
  5.0781e+01   3.54e-01
  5.2378e+01   3.39e-01
  5.4025e+01   3.25e-01
  5.5724e+01   3.12e-01
  5.7476e+01   2.99e-01
  5.9284e+01   2.87e-01
  6.1148e+01   2.75e-01
  6.3071e+01   2.64e-01
  6.5054e+01   2.53e-01
  6.7100e+01   2.42e-01
  6.9210e+01   2.32e-01
  7.1386e+01   2.22e-01
  7.3631e+01   2.13e-01
  7.5946e+01   2.04e-01
  7.8334e+01   1.95e-01
  8.0797e+01   1.87e-01
  8.3338e+01   1.79e-01
  8.5959e+01   1.71e-01
  8.8662e+01   1.64e-01
  9.1450e+01   1.57e-01
  9.4325e+01   1.50e-01
  9.7291e+01   1.44e-01
  1.0035e+02   1.37e-01
  1.0351e+02   1.31e-01
  1.0676e+02   1.25e-01
  1.1012e+02   1.20e-01
  1.1358e+02   1.15e-01
  1.1715e+02   1.09e-01
  1.2084e+02   1.04e-01
  1.2464e+02   9.97e-02
  1.2856e+02   9.51e-02
  1.3260e+02   9.07e-02
  1.3677e+02   8.65e-02
  1.4107e+02   8.24e-02
  1.4550e+02   7.85e-02
  1.5008e+02   7.48e-02
  1.5480e+02   7.12e-02
  1.5967e+02   6.77e-02
  1.6469e+02   6.44e-02
  1.6987e+02   6.12e-02
  1.7521e+02   5.82e-02
  1.8072e+02   5.52e-02
  1.8640e+02   5.24e-02
  1.9226e+02   4.97e-02
  1.9831e+02   4.71e-02
  2.0454e+02   4.46e-02
  2.1097e+02   4.22e-02
  2.1761e+02   4.00e-02
  2.2445e+02   3.79e-02
  2.3151e+02   3.59e-02
  2.3879e+02   3.39e-02
  2.4630e+02   3.21e-02
  2.5404e+02   3.03e-02
  2.6203e+02   2.87e-02
  2.7027e+02   2.71e-02
  2.7877e+02   2.56e-02
  2.8753e+02   2.42e-02
  2.9657e+02   2.28e-02
  3.0590e+02   2.15e-02
  3.1552e+02   2.03e-02
  3.2544e+02   1.91e-02
  3.3567e+02   1.80e-02
  3.4623e+02   1.69e-02
  3.5712e+02   1.59e-02
  3.6835e+02   1.49e-02
  3.7993e+02   1.40e-02
  3.9188e+02   1.32e-02
  4.0420e+02   1.23e-02
  4.1691e+02   1.16e-02
  4.3002e+02   1.08e-02
  4.4354e+02   1.01e-02
  4.5749e+02   9.48e-03
  4.7187e+02   8.86e-03
  4.8671e+02   8.27e-03
  5.0202e+02   7.72e-03
  5.1780e+02   7.20e-03
  5.3409e+02   6.70e-03
  5.5088e+02   6.24e-03
  5.6820e+02   5.81e-03
  5.8607e+02   5.40e-03
  6.0450e+02   5.01e-03
  6.2351e+02   4.65e-03
  6.4311e+02   4.32e-03
  6.6334e+02   4.00e-03
  6.8419e+02   3.70e-03
  7.0571e+02   3.43e-03
  7.2790e+02   3.17e-03
  7.5079e+02   2.93e-03
  7.7440e+02   2.70e-03
  7.9875e+02   2.49e-03
  8.2387e+02   2.30e-03
  8.4977e+02   2.11e-03
  8.7649e+02   1.94e-03
  9.0405e+02   1.79e-03
  9.3248e+02   1.64e-03
  9.6180e+02   1.51e-03
  9.9205e+02   1.38e-03
  1.0232e+03   1.27e-03
  1.0554e+03   1.16e-03
  1.0886e+03   1.06e-03
  1.1228e+03   9.72e-04
  1.1581e+03   8.89e-04
  1.1946e+03   8.10e-04
  1.2321e+03   7.39e-04
  1.2709e+03   6.75e-04
  1.3108e+03   6.14e-04
  1.3521e+03   5.58e-04
  1.3946e+03   5.07e-04
  1.4384e+03   4.61e-04
  1.4837e+03   4.18e-04
  1.5303e+03   3.77e-04
  1.5784e+03   3.42e-04
  1.6281e+03   3.10e-04
  1.6793e+03   2.79e-04
  1.7321e+03   2.51e-04
  1.7865e+03   2.27e-04
  1.8427e+03   2.05e-04
  1.9006e+03   1.84e-04
  1.9604e+03   1.65e-04
  2.0221e+03   1.49e-04
  2.0856e+03   1.33e-04
  2.1512e+03   1.19e-04
  2.2189e+03   1.06e-04
  2.2886e+03   9.54e-05
  2.3606e+03   8.49e-05
  2.4348e+03   7.53e-05
  2.5114e+03   6.75e-05
  2.5904e+03   6.01e-05
  2.6718e+03   5.31e-05
  2.7558e+03   4.70e-05
  2.8425e+03   4.18e-05
  2.9319e+03   3.70e-05
  3.0241e+03   3.24e-05
  3.1192e+03   2.86e-05
  3.2173e+03   2.53e-05
  3.3184e+03   2.22e-05
  3.4228e+03   1.93e-05
  3.5304e+03   1.71e-05
  3.6414e+03   1.50e-05
  3.7559e+03   1.30e-05
  3.8740e+03   1.13e-05
  3.9958e+03   9.95e-06
  4.1215e+03   8.67e-06
  4.2511e+03   7.47e-06
  4.3848e+03   6.49e-06
  4.5227e+03   5.67e-06
  4.6649e+03   4.90e-06
  4.8116e+03   4.19e-06
  4.9629e+03   3.64e-06
  5.1189e+03   3.16e-06
  5.2799e+03   2.71e-06
  5.4459e+03   2.30e-06
  5.6171e+03   2.01e-06
  5.7938e+03   1.73e-06
  5.9760e+03   1.48e-06
  6.1639e+03   1.26e-06
  6.3577e+03   1.10e-06
  6.5576e+03   9.44e-07
  6.7638e+03   8.02e-07
  6.9765e+03   6.92e-07
  7.1959e+03   6.01e-07
  7.4222e+03   5.17e-07
  7.6556e+03   4.39e-07
  7.8963e+03   3.83e-07
  8.1446e+03   3.33e-07
  8.4007e+03   2.86e-07
  8.6649e+03   2.46e-07
  8.9373e+03   2.16e-07
  9.2184e+03   1.88e-07
  9.5082e+03   1.63e-07
  9.8072e+03   1.42e-07
  1.0116e+04   1.25e-07
  1.0434e+04   1.09e-07
  1.0762e+04   9.45e-08
  1.1100e+04   8.21e-08
  1.1449e+04   7.11e-08
  1.1809e+04   6.11e-08
  1.2181e+04   5.20e-08
  1.2564e+04   4.41e-08
  1.2959e+04   3.71e-08
  1.3366e+04   3.08e-08
  1.3786e+04   2.55e-08
  1.4220e+04   2.12e-08
