#  E [GeV]   # per interaction  [GeV^{-1}]
  3.0000e+01   7.74e-01
  3.0943e+01   7.43e-01
  3.1916e+01   7.14e-01
  3.2920e+01   6.86e-01
  3.3955e+01   6.58e-01
  3.5023e+01   6.32e-01
  3.6124e+01   6.07e-01
  3.7260e+01   5.83e-01
  3.8432e+01   5.59e-01
  3.9640e+01   5.37e-01
  4.0887e+01   5.15e-01
  4.2172e+01   4.94e-01
  4.3499e+01   4.74e-01
  4.4866e+01   4.54e-01
  4.6277e+01   4.35e-01
  4.7732e+01   4.17e-01
  4.9233e+01   4.00e-01
  5.0781e+01   3.83e-01
  5.2378e+01   3.67e-01
  5.4025e+01   3.52e-01
  5.5724e+01   3.37e-01
  5.7476e+01   3.23e-01
  5.9284e+01   3.09e-01
  6.1148e+01   2.96e-01
  6.3071e+01   2.83e-01
  6.5054e+01   2.71e-01
  6.7100e+01   2.59e-01
  6.9210e+01   2.48e-01
  7.1386e+01   2.37e-01
  7.3631e+01   2.26e-01
  7.5946e+01   2.16e-01
  7.8334e+01   2.07e-01
  8.0797e+01   1.98e-01
  8.3338e+01   1.89e-01
  8.5959e+01   1.80e-01
  8.8662e+01   1.72e-01
  9.1450e+01   1.64e-01
  9.4325e+01   1.57e-01
  9.7291e+01   1.49e-01
  1.0035e+02   1.42e-01
  1.0351e+02   1.36e-01
  1.0676e+02   1.29e-01
  1.1012e+02   1.23e-01
  1.1358e+02   1.17e-01
  1.1715e+02   1.12e-01
  1.2084e+02   1.06e-01
  1.2464e+02   1.01e-01
  1.2856e+02   9.60e-02
  1.3260e+02   9.13e-02
  1.3677e+02   8.68e-02
  1.4107e+02   8.24e-02
  1.4550e+02   7.83e-02
  1.5008e+02   7.43e-02
  1.5480e+02   7.05e-02
  1.5967e+02   6.69e-02
  1.6469e+02   6.35e-02
  1.6987e+02   6.02e-02
  1.7521e+02   5.71e-02
  1.8072e+02   5.41e-02
  1.8640e+02   5.12e-02
  1.9226e+02   4.85e-02
  1.9831e+02   4.59e-02
  2.0454e+02   4.34e-02
  2.1097e+02   4.11e-02
  2.1761e+02   3.88e-02
  2.2445e+02   3.67e-02
  2.3151e+02   3.47e-02
  2.3879e+02   3.27e-02
  2.4630e+02   3.09e-02
  2.5404e+02   2.91e-02
  2.6203e+02   2.75e-02
  2.7027e+02   2.59e-02
  2.7877e+02   2.44e-02
  2.8753e+02   2.30e-02
  2.9657e+02   2.16e-02
  3.0590e+02   2.03e-02
  3.1552e+02   1.91e-02
  3.2544e+02   1.80e-02
  3.3567e+02   1.69e-02
  3.4623e+02   1.58e-02
  3.5712e+02   1.48e-02
  3.6835e+02   1.39e-02
  3.7993e+02   1.30e-02
  3.9188e+02   1.22e-02
  4.0420e+02   1.14e-02
  4.1691e+02   1.06e-02
  4.3002e+02   9.93e-03
  4.4354e+02   9.27e-03
  4.5749e+02   8.65e-03
  4.7187e+02   8.07e-03
  4.8671e+02   7.51e-03
  5.0202e+02   6.99e-03
  5.1780e+02   6.51e-03
  5.3409e+02   6.05e-03
  5.5088e+02   5.61e-03
  5.6820e+02   5.22e-03
  5.8607e+02   4.84e-03
  6.0450e+02   4.49e-03
  6.2351e+02   4.15e-03
  6.4311e+02   3.85e-03
  6.6334e+02   3.56e-03
  6.8419e+02   3.29e-03
  7.0571e+02   3.04e-03
  7.2790e+02   2.80e-03
  7.5079e+02   2.58e-03
  7.7440e+02   2.38e-03
  7.9875e+02   2.19e-03
  8.2387e+02   2.02e-03
  8.4977e+02   1.85e-03
  8.7649e+02   1.70e-03
  9.0405e+02   1.56e-03
  9.3248e+02   1.44e-03
  9.6180e+02   1.31e-03
  9.9205e+02   1.20e-03
  1.0232e+03   1.10e-03
  1.0554e+03   1.01e-03
  1.0886e+03   9.20e-04
  1.1228e+03   8.42e-04
  1.1581e+03   7.69e-04
  1.1946e+03   7.01e-04
  1.2321e+03   6.37e-04
  1.2709e+03   5.82e-04
  1.3108e+03   5.31e-04
  1.3521e+03   4.82e-04
  1.3946e+03   4.37e-04
  1.4384e+03   3.98e-04
  1.4837e+03   3.61e-04
  1.5303e+03   3.26e-04
  1.5784e+03   2.96e-04
  1.6281e+03   2.68e-04
  1.6793e+03   2.42e-04
  1.7321e+03   2.18e-04
  1.7865e+03   1.98e-04
  1.8427e+03   1.79e-04
  1.9006e+03   1.61e-04
  1.9604e+03   1.44e-04
  2.0221e+03   1.31e-04
  2.0856e+03   1.18e-04
  2.1512e+03   1.05e-04
  2.2189e+03   9.45e-05
  2.2886e+03   8.52e-05
  2.3606e+03   7.64e-05
  2.4348e+03   6.80e-05
  2.5114e+03   6.11e-05
  2.5904e+03   5.49e-05
  2.6718e+03   4.89e-05
  2.7558e+03   4.34e-05
  2.8425e+03   3.90e-05
  2.9319e+03   3.48e-05
  3.0241e+03   3.09e-05
  3.1192e+03   2.74e-05
  3.2173e+03   2.46e-05
  3.3184e+03   2.18e-05
  3.4228e+03   1.93e-05
  3.5304e+03   1.72e-05
  3.6414e+03   1.53e-05
  3.7559e+03   1.36e-05
  3.8740e+03   1.19e-05
  3.9958e+03   1.07e-05
  4.1215e+03   9.49e-06
  4.2511e+03   8.39e-06
  4.3848e+03   7.39e-06
  4.5227e+03   6.61e-06
  4.6649e+03   5.87e-06
  4.8116e+03   5.18e-06
  4.9629e+03   4.59e-06
  5.1189e+03   4.10e-06
  5.2799e+03   3.64e-06
  5.4459e+03   3.21e-06
  5.6171e+03   2.87e-06
  5.7938e+03   2.58e-06
  5.9760e+03   2.30e-06
  6.1639e+03   2.04e-06
  6.3577e+03   1.84e-06
  6.5576e+03   1.66e-06
  6.7638e+03   1.48e-06
  6.9765e+03   1.33e-06
  7.1959e+03   1.21e-06
  7.4222e+03   1.09e-06
  7.6556e+03   9.77e-07
  7.8963e+03   8.83e-07
  8.1446e+03   8.01e-07
  8.4007e+03   7.23e-07
  8.6649e+03   6.51e-07
  8.9373e+03   5.91e-07
  9.2184e+03   5.36e-07
  9.5082e+03   4.85e-07
  9.8072e+03   4.37e-07
  1.0116e+04   3.96e-07
  1.0434e+04   3.58e-07
  1.0762e+04   3.22e-07
  1.1100e+04   2.89e-07
  1.1449e+04   2.59e-07
  1.1809e+04   2.31e-07
  1.2181e+04   2.04e-07
  1.2564e+04   1.80e-07
  1.2959e+04   1.58e-07
  1.3366e+04   1.37e-07
  1.3786e+04   1.18e-07
  1.4220e+04   1.04e-07
