#  E [GeV]   # per interaction  [GeV^{-1}]
  3.0000e+01   1.16e+00
  3.1123e+01   1.11e+00
  3.2288e+01   1.06e+00
  3.3497e+01   1.01e+00
  3.4751e+01   9.67e-01
  3.6051e+01   9.24e-01
  3.7401e+01   8.84e-01
  3.8801e+01   8.44e-01
  4.0253e+01   8.07e-01
  4.1760e+01   7.71e-01
  4.3324e+01   7.36e-01
  4.4945e+01   7.03e-01
  4.6628e+01   6.72e-01
  4.8373e+01   6.41e-01
  5.0184e+01   6.12e-01
  5.2063e+01   5.84e-01
  5.4011e+01   5.58e-01
  5.6033e+01   5.32e-01
  5.8131e+01   5.08e-01
  6.0307e+01   4.84e-01
  6.2564e+01   4.62e-01
  6.4906e+01   4.41e-01
  6.7336e+01   4.20e-01
  6.9857e+01   4.00e-01
  7.2472e+01   3.82e-01
  7.5184e+01   3.64e-01
  7.7999e+01   3.46e-01
  8.0919e+01   3.30e-01
  8.3948e+01   3.14e-01
  8.7090e+01   2.99e-01
  9.0350e+01   2.85e-01
  9.3732e+01   2.71e-01
  9.7241e+01   2.58e-01
  1.0088e+02   2.46e-01
  1.0466e+02   2.34e-01
  1.0858e+02   2.22e-01
  1.1264e+02   2.11e-01
  1.1686e+02   2.01e-01
  1.2123e+02   1.91e-01
  1.2577e+02   1.82e-01
  1.3048e+02   1.73e-01
  1.3536e+02   1.64e-01
  1.4043e+02   1.56e-01
  1.4568e+02   1.48e-01
  1.5114e+02   1.40e-01
  1.5680e+02   1.33e-01
  1.6266e+02   1.26e-01
  1.6875e+02   1.20e-01
  1.7507e+02   1.14e-01
  1.8162e+02   1.08e-01
  1.8842e+02   1.02e-01
  1.9548e+02   9.67e-02
  2.0279e+02   9.16e-02
  2.1039e+02   8.68e-02
  2.1826e+02   8.21e-02
  2.2643e+02   7.77e-02
  2.3491e+02   7.35e-02
  2.4370e+02   6.95e-02
  2.5282e+02   6.57e-02
  2.6229e+02   6.21e-02
  2.7211e+02   5.87e-02
  2.8229e+02   5.54e-02
  2.9286e+02   5.23e-02
  3.0382e+02   4.93e-02
  3.1519e+02   4.65e-02
  3.2699e+02   4.38e-02
  3.3923e+02   4.13e-02
  3.5193e+02   3.88e-02
  3.6511e+02   3.66e-02
  3.7877e+02   3.44e-02
  3.9295e+02   3.23e-02
  4.0766e+02   3.04e-02
  4.2292e+02   2.85e-02
  4.3875e+02   2.68e-02
  4.5518e+02   2.51e-02
  4.7222e+02   2.36e-02
  4.8989e+02   2.21e-02
  5.0823e+02   2.07e-02
  5.2726e+02   1.94e-02
  5.4699e+02   1.82e-02
  5.6747e+02   1.70e-02
  5.8871e+02   1.59e-02
  6.1075e+02   1.48e-02
  6.3361e+02   1.39e-02
  6.5733e+02   1.30e-02
  6.8194e+02   1.21e-02
  7.0746e+02   1.13e-02
  7.3395e+02   1.05e-02
  7.6142e+02   9.81e-03
  7.8992e+02   9.13e-03
  8.1949e+02   8.51e-03
  8.5017e+02   7.92e-03
  8.8199e+02   7.36e-03
  9.1501e+02   6.85e-03
  9.4926e+02   6.36e-03
  9.8479e+02   5.91e-03
  1.0217e+03   5.48e-03
  1.0599e+03   5.09e-03
  1.0996e+03   4.72e-03
  1.1407e+03   4.37e-03
  1.1834e+03   4.05e-03
  1.2277e+03   3.74e-03
  1.2737e+03   3.46e-03
  1.3214e+03   3.20e-03
  1.3708e+03   2.95e-03
  1.4222e+03   2.72e-03
  1.4754e+03   2.51e-03
  1.5306e+03   2.31e-03
  1.5879e+03   2.13e-03
  1.6474e+03   1.96e-03
  1.7090e+03   1.80e-03
  1.7730e+03   1.66e-03
  1.8394e+03   1.52e-03
  1.9082e+03   1.40e-03
  1.9797e+03   1.28e-03
  2.0538e+03   1.17e-03
  2.1306e+03   1.07e-03
  2.2104e+03   9.79e-04
  2.2931e+03   8.96e-04
  2.3790e+03   8.17e-04
  2.4680e+03   7.43e-04
  2.5604e+03   6.78e-04
  2.6563e+03   6.17e-04
  2.7557e+03   5.59e-04
  2.8589e+03   5.08e-04
  2.9659e+03   4.61e-04
  3.0769e+03   4.17e-04
  3.1921e+03   3.77e-04
  3.3116e+03   3.41e-04
  3.4355e+03   3.08e-04
  3.5641e+03   2.77e-04
  3.6976e+03   2.50e-04
  3.8360e+03   2.25e-04
  3.9796e+03   2.01e-04
  4.1285e+03   1.81e-04
  4.2831e+03   1.62e-04
  4.4434e+03   1.45e-04
  4.6097e+03   1.30e-04
  4.7823e+03   1.16e-04
  4.9613e+03   1.02e-04
  5.1470e+03   9.16e-05
  5.3397e+03   8.13e-05
  5.5396e+03   7.17e-05
  5.7470e+03   6.38e-05
  5.9621e+03   5.64e-05
  6.1853e+03   4.95e-05
  6.4168e+03   4.38e-05
  6.6570e+03   3.86e-05
  6.9062e+03   3.38e-05
  7.1647e+03   2.97e-05
  7.4329e+03   2.61e-05
  7.7112e+03   2.27e-05
  7.9998e+03   1.99e-05
  8.2993e+03   1.74e-05
  8.6100e+03   1.51e-05
  8.9323e+03   1.31e-05
  9.2666e+03   1.14e-05
  9.6135e+03   9.83e-06
  9.9734e+03   8.45e-06
  1.0347e+04   7.34e-06
  1.0734e+04   6.31e-06
  1.1136e+04   5.38e-06
  1.1553e+04   4.66e-06
  1.1985e+04   3.99e-06
  1.2434e+04   3.38e-06
  1.2899e+04   2.91e-06
  1.3382e+04   2.48e-06
  1.3883e+04   2.09e-06
  1.4403e+04   1.79e-06
  1.4942e+04   1.52e-06
  1.5501e+04   1.27e-06
  1.6081e+04   1.08e-06
  1.6683e+04   9.06e-07
  1.7308e+04   7.54e-07
  1.7956e+04   6.29e-07
  1.8628e+04   5.25e-07
  1.9325e+04   4.32e-07
  2.0049e+04   3.54e-07
  2.0799e+04   2.91e-07
  2.1578e+04   2.35e-07
  2.2386e+04   1.87e-07
  2.3224e+04   1.49e-07
  2.4093e+04   1.16e-07
  2.4995e+04   8.78e-08
  2.5930e+04   6.56e-08
  2.6901e+04   4.75e-08
  2.7908e+04   3.31e-08
  2.8953e+04   2.24e-08
  3.0037e+04   1.44e-08
  3.1161e+04   8.70e-09
  3.2327e+04   4.93e-09
  3.3537e+04   2.56e-09
  3.4793e+04   1.20e-09
  3.6095e+04   4.90e-10
  3.7446e+04   1.71e-10
  3.8848e+04   4.89e-11
  4.0302e+04   1.10e-11
  4.1811e+04   1.80e-12
  4.3376e+04   2.01e-13
  4.5000e+04   1.39e-14
