#  E [MeV]   Flux [# cm^{-2} s^{-1}  MeV^{-1}]
  3.0000e+04   1.11e-25
  3.1141e+04   1.07e-25
  3.2326e+04   1.03e-25
  3.3556e+04   9.87e-26
  3.4832e+04   9.48e-26
  3.6157e+04   9.11e-26
  3.7533e+04   8.75e-26
  3.8961e+04   8.40e-26
  4.0443e+04   8.07e-26
  4.1982e+04   7.75e-26
  4.3579e+04   7.44e-26
  4.5237e+04   7.15e-26
  4.6958e+04   6.86e-26
  4.8744e+04   6.58e-26
  5.0598e+04   6.32e-26
  5.2523e+04   6.06e-26
  5.4521e+04   5.82e-26
  5.6596e+04   5.58e-26
  5.8749e+04   5.36e-26
  6.0984e+04   5.14e-26
  6.3304e+04   4.93e-26
  6.5712e+04   4.72e-26
  6.8212e+04   4.53e-26
  7.0807e+04   4.34e-26
  7.3500e+04   4.16e-26
  7.6297e+04   3.98e-26
  7.9199e+04   3.82e-26
  8.2212e+04   3.65e-26
  8.5340e+04   3.50e-26
  8.8586e+04   3.35e-26
  9.1956e+04   3.21e-26
  9.5455e+04   3.07e-26
  9.9086e+04   2.93e-26
  1.0286e+05   2.80e-26
  1.0677e+05   2.68e-26
  1.1083e+05   2.56e-26
  1.1505e+05   2.45e-26
  1.1942e+05   2.33e-26
  1.2397e+05   2.23e-26
  1.2868e+05   2.13e-26
  1.3358e+05   2.03e-26
  1.3866e+05   1.93e-26
  1.4394e+05   1.84e-26
  1.4941e+05   1.75e-26
  1.5509e+05   1.67e-26
  1.6100e+05   1.59e-26
  1.6712e+05   1.51e-26
  1.7348e+05   1.43e-26
  1.8008e+05   1.36e-26
  1.8693e+05   1.29e-26
  1.9404e+05   1.22e-26
  2.0142e+05   1.16e-26
  2.0908e+05   1.10e-26
  2.1704e+05   1.04e-26
  2.2529e+05   9.78e-27
  2.3387e+05   9.24e-27
  2.4276e+05   8.71e-27
  2.5200e+05   8.21e-27
  2.6158e+05   7.72e-27
  2.7154e+05   7.26e-27
  2.8187e+05   6.82e-27
  2.9259e+05   6.40e-27
  3.0372e+05   5.99e-27
  3.1527e+05   5.61e-27
  3.2727e+05   5.24e-27
  3.3972e+05   4.89e-27
  3.5264e+05   4.56e-27
  3.6606e+05   4.24e-27
  3.7998e+05   3.94e-27
  3.9444e+05   3.66e-27
  4.0945e+05   3.40e-27
  4.2502e+05   3.15e-27
  4.4119e+05   2.91e-27
  4.5798e+05   2.69e-27
  4.7540e+05   2.48e-27
  4.9348e+05   2.29e-27
  5.1226e+05   2.10e-27
  5.3175e+05   1.93e-27
  5.5198e+05   1.78e-27
  5.7297e+05   1.63e-27
  5.9477e+05   1.49e-27
  6.1740e+05   1.37e-27
  6.4089e+05   1.25e-27
  6.6527e+05   1.14e-27
  6.9058e+05   1.04e-27
  7.1685e+05   9.51e-28
  7.4412e+05   8.67e-28
  7.7243e+05   7.91e-28
  8.0181e+05   7.20e-28
  8.3232e+05   6.56e-28
  8.6398e+05   5.98e-28
  8.9685e+05   5.44e-28
  9.3097e+05   4.95e-28
  9.6638e+05   4.51e-28
  1.0031e+06   4.10e-28
  1.0413e+06   3.73e-28
  1.0809e+06   3.40e-28
  1.1220e+06   3.09e-28
  1.1647e+06   2.81e-28
  1.2090e+06   2.56e-28
  1.2550e+06   2.33e-28
  1.3028e+06   2.12e-28
  1.3523e+06   1.93e-28
  1.4038e+06   1.75e-28
  1.4572e+06   1.59e-28
  1.5126e+06   1.45e-28
  1.5702e+06   1.32e-28
  1.6299e+06   1.20e-28
  1.6919e+06   1.09e-28
  1.7563e+06   9.95e-29
  1.8231e+06   9.04e-29
  1.8925e+06   8.23e-29
  1.9645e+06   7.48e-29
  2.0392e+06   6.79e-29
  2.1168e+06   6.17e-29
  2.1973e+06   5.60e-29
  2.2809e+06   5.08e-29
  2.3677e+06   4.60e-29
  2.4577e+06   4.17e-29
  2.5512e+06   3.76e-29
  2.6483e+06   3.40e-29
  2.7490e+06   3.07e-29
  2.8536e+06   2.76e-29
  2.9622e+06   2.49e-29
  3.0749e+06   2.24e-29
  3.1918e+06   2.00e-29
  3.3133e+06   1.79e-29
  3.4393e+06   1.60e-29
  3.5702e+06   1.43e-29
  3.7060e+06   1.27e-29
  3.8470e+06   1.13e-29
  3.9933e+06   1.00e-29
  4.1452e+06   8.82e-30
  4.3029e+06   7.79e-30
  4.4666e+06   6.83e-30
  4.6366e+06   5.97e-30
  4.8129e+06   5.22e-30
  4.9960e+06   4.53e-30
  5.1861e+06   3.91e-30
  5.3834e+06   3.38e-30
  5.5882e+06   2.90e-30
  5.8008e+06   2.47e-30
  6.0215e+06   2.10e-30
  6.2506e+06   1.78e-30
  6.4883e+06   1.49e-30
  6.7352e+06   1.25e-30
  6.9914e+06   1.04e-30
  7.2574e+06   8.52e-31
  7.5335e+06   7.00e-31
  7.8201e+06   5.69e-31
  8.1176e+06   4.56e-31
  8.4264e+06   3.65e-31
  8.7470e+06   2.88e-31
  9.0797e+06   2.24e-31
  9.4251e+06   1.73e-31
  9.7837e+06   1.32e-31
  1.0156e+07   9.88e-32
  1.0542e+07   7.31e-32
  1.0943e+07   5.33e-32
  1.1360e+07   3.79e-32
  1.1792e+07   2.65e-32
  1.2240e+07   1.82e-32
  1.2706e+07   1.21e-32
  1.3189e+07   7.81e-33
  1.3691e+07   4.93e-33
  1.4212e+07   2.99e-33
  1.4753e+07   1.75e-33
  1.5314e+07   9.87e-34
  1.5897e+07   5.28e-34
  1.6501e+07   2.67e-34
  1.7129e+07   1.29e-34
  1.7781e+07   5.77e-35
  1.8457e+07   2.38e-35
  1.9159e+07   9.15e-36
  1.9888e+07   3.16e-36
  2.0645e+07   9.68e-37
  2.1430e+07   2.66e-37
  2.2245e+07   6.23e-38
  2.3092e+07   1.22e-38
  2.3970e+07   2.01e-39
  2.4882e+07   2.62e-40
  2.5829e+07   2.59e-41
  2.6811e+07   1.92e-42
  2.7831e+07   9.88e-44
  2.8890e+07   3.27e-45
  2.9989e+07   6.69e-47
  3.1130e+07   7.48e-49
  3.2314e+07   4.03e-51
  3.3544e+07   9.32e-54
  3.4820e+07   7.61e-57
  3.6144e+07   1.74e-60
  3.7519e+07   8.62e-65
  3.8947e+07   6.46e-70
  4.0428e+07   2.28e-72
  4.1966e+07   2.09e-72
  4.3563e+07   1.94e-72
  4.5220e+07   1.79e-72
  4.6941e+07   1.66e-72
  4.8726e+07   1.55e-72
  5.0580e+07   1.45e-72
