#  E [MeV]   Flux [# cm^{-2} s^{-1}  MeV^{-1}]
  3.0000e+04   3.67e-20
  3.1123e+04   3.50e-20
  3.2288e+04   3.35e-20
  3.3497e+04   3.20e-20
  3.4751e+04   3.06e-20
  3.6051e+04   2.92e-20
  3.7401e+04   2.79e-20
  3.8801e+04   2.66e-20
  4.0253e+04   2.54e-20
  4.1760e+04   2.43e-20
  4.3324e+04   2.32e-20
  4.4945e+04   2.21e-20
  4.6628e+04   2.11e-20
  4.8373e+04   2.01e-20
  5.0184e+04   1.92e-20
  5.2063e+04   1.83e-20
  5.4011e+04   1.75e-20
  5.6033e+04   1.66e-20
  5.8131e+04   1.59e-20
  6.0307e+04   1.51e-20
  6.2564e+04   1.44e-20
  6.4906e+04   1.37e-20
  6.7336e+04   1.31e-20
  6.9857e+04   1.25e-20
  7.2472e+04   1.19e-20
  7.5184e+04   1.13e-20
  7.7999e+04   1.08e-20
  8.0919e+04   1.03e-20
  8.3948e+04   9.76e-21
  8.7090e+04   9.28e-21
  9.0350e+04   8.83e-21
  9.3732e+04   8.41e-21
  9.7241e+04   7.99e-21
  1.0088e+05   7.60e-21
  1.0466e+05   7.23e-21
  1.0858e+05   6.87e-21
  1.1264e+05   6.54e-21
  1.1686e+05   6.21e-21
  1.2123e+05   5.90e-21
  1.2577e+05   5.61e-21
  1.3048e+05   5.33e-21
  1.3536e+05   5.06e-21
  1.4043e+05   4.80e-21
  1.4568e+05   4.56e-21
  1.5114e+05   4.33e-21
  1.5680e+05   4.11e-21
  1.6266e+05   3.90e-21
  1.6875e+05   3.69e-21
  1.7507e+05   3.50e-21
  1.8162e+05   3.32e-21
  1.8842e+05   3.15e-21
  1.9548e+05   2.98e-21
  2.0279e+05   2.82e-21
  2.1039e+05   2.67e-21
  2.1826e+05   2.53e-21
  2.2643e+05   2.39e-21
  2.3491e+05   2.26e-21
  2.4370e+05   2.14e-21
  2.5282e+05   2.02e-21
  2.6229e+05   1.91e-21
  2.7211e+05   1.80e-21
  2.8229e+05   1.70e-21
  2.9286e+05   1.61e-21
  3.0382e+05   1.51e-21
  3.1519e+05   1.43e-21
  3.2699e+05   1.34e-21
  3.3923e+05   1.26e-21
  3.5193e+05   1.19e-21
  3.6511e+05   1.12e-21
  3.7877e+05   1.05e-21
  3.9295e+05   9.86e-22
  4.0766e+05   9.25e-22
  4.2292e+05   8.67e-22
  4.3875e+05   8.12e-22
  4.5518e+05   7.60e-22
  4.7222e+05   7.11e-22
  4.8989e+05   6.64e-22
  5.0823e+05   6.20e-22
  5.2726e+05   5.79e-22
  5.4699e+05   5.39e-22
  5.6747e+05   5.02e-22
  5.8871e+05   4.67e-22
  6.1075e+05   4.34e-22
  6.3361e+05   4.04e-22
  6.5733e+05   3.75e-22
  6.8194e+05   3.48e-22
  7.0746e+05   3.23e-22
  7.3395e+05   3.00e-22
  7.6142e+05   2.78e-22
  7.8992e+05   2.58e-22
  8.1949e+05   2.39e-22
  8.5017e+05   2.22e-22
  8.8199e+05   2.06e-22
  9.1501e+05   1.91e-22
  9.4926e+05   1.76e-22
  9.8479e+05   1.63e-22
  1.0217e+06   1.51e-22
  1.0599e+06   1.40e-22
  1.0996e+06   1.29e-22
  1.1407e+06   1.20e-22
  1.1834e+06   1.10e-22
  1.2277e+06   1.02e-22
  1.2737e+06   9.41e-23
  1.3214e+06   8.68e-23
  1.3708e+06   8.00e-23
  1.4222e+06   7.38e-23
  1.4754e+06   6.80e-23
  1.5306e+06   6.26e-23
  1.5879e+06   5.77e-23
  1.6474e+06   5.31e-23
  1.7090e+06   4.88e-23
  1.7730e+06   4.48e-23
  1.8394e+06   4.12e-23
  1.9082e+06   3.78e-23
  1.9797e+06   3.47e-23
  2.0538e+06   3.18e-23
  2.1306e+06   2.91e-23
  2.2104e+06   2.66e-23
  2.2931e+06   2.43e-23
  2.3790e+06   2.22e-23
  2.4680e+06   2.02e-23
  2.5604e+06   1.85e-23
  2.6563e+06   1.68e-23
  2.7557e+06   1.52e-23
  2.8589e+06   1.38e-23
  2.9659e+06   1.25e-23
  3.0769e+06   1.13e-23
  3.1921e+06   1.03e-23
  3.3116e+06   9.26e-24
  3.4355e+06   8.33e-24
  3.5641e+06   7.51e-24
  3.6976e+06   6.74e-24
  3.8360e+06   6.02e-24
  3.9796e+06   5.40e-24
  4.1285e+06   4.83e-24
  4.2831e+06   4.29e-24
  4.4434e+06   3.82e-24
  4.6097e+06   3.39e-24
  4.7823e+06   2.99e-24
  4.9613e+06   2.64e-24
  5.1470e+06   2.33e-24
  5.3397e+06   2.04e-24
  5.5396e+06   1.78e-24
  5.7470e+06   1.56e-24
  5.9621e+06   1.36e-24
  6.1853e+06   1.18e-24
  6.4168e+06   1.02e-24
  6.6570e+06   8.79e-25
  6.9062e+06   7.54e-25
  7.1647e+06   6.49e-25
  7.4329e+06   5.53e-25
  7.7112e+06   4.68e-25
  7.9998e+06   3.99e-25
  8.2993e+06   3.36e-25
  8.6100e+06   2.80e-25
  8.9323e+06   2.36e-25
  9.2666e+06   1.96e-25
  9.6135e+06   1.60e-25
  9.9734e+06   1.33e-25
  1.0347e+07   1.09e-25
  1.0734e+07   8.73e-26
  1.1136e+07   7.08e-26
  1.1553e+07   5.69e-26
  1.1985e+07   4.47e-26
  1.2434e+07   3.53e-26
  1.2899e+07   2.77e-26
  1.3382e+07   2.12e-26
  1.3883e+07   1.62e-26
  1.4403e+07   1.23e-26
  1.4942e+07   9.13e-27
  1.5501e+07   6.67e-27
  1.6081e+07   4.87e-27
  1.6683e+07   3.45e-27
  1.7308e+07   2.38e-27
  1.7956e+07   1.64e-27
  1.8628e+07   1.09e-27
  1.9325e+07   6.94e-28
  2.0049e+07   4.41e-28
  2.0799e+07   2.66e-28
  2.1578e+07   1.52e-28
  2.2386e+07   8.54e-29
  2.3224e+07   4.48e-29
  2.4093e+07   2.17e-29
  2.4995e+07   9.94e-30
  2.5930e+07   4.14e-30
  2.6901e+07   1.53e-30
  2.7908e+07   5.04e-31
  2.8953e+07   1.43e-31
  3.0037e+07   3.35e-32
  3.1161e+07   6.32e-33
  3.2327e+07   9.14e-34
  3.3537e+07   9.48e-35
  3.4793e+07   6.58e-36
  3.6095e+07   2.80e-37
  3.7446e+07   6.45e-39
  3.8848e+07   6.94e-41
  4.0302e+07   2.87e-43
  4.1811e+07   3.58e-46
  4.3376e+07   9.71e-50
  4.5000e+07   3.82e-54
