#  E [MeV]   Flux [# cm^{-2} s^{-1}  MeV^{-1}]
  3.0000e+04   5.79e-21
  3.0589e+04   5.64e-21
  3.1190e+04   5.49e-21
  3.1803e+04   5.34e-21
  3.2428e+04   5.20e-21
  3.3065e+04   5.06e-21
  3.3714e+04   4.92e-21
  3.4376e+04   4.79e-21
  3.5052e+04   4.66e-21
  3.5740e+04   4.54e-21
  3.6442e+04   4.42e-21
  3.7158e+04   4.30e-21
  3.7888e+04   4.18e-21
  3.8632e+04   4.07e-21
  3.9391e+04   3.96e-21
  4.0165e+04   3.85e-21
  4.0954e+04   3.75e-21
  4.1758e+04   3.65e-21
  4.2579e+04   3.55e-21
  4.3415e+04   3.46e-21
  4.4268e+04   3.36e-21
  4.5138e+04   3.28e-21
  4.6024e+04   3.19e-21
  4.6928e+04   3.10e-21
  4.7850e+04   3.02e-21
  4.8790e+04   2.94e-21
  4.9749e+04   2.86e-21
  5.0726e+04   2.79e-21
  5.1722e+04   2.71e-21
  5.2738e+04   2.64e-21
  5.3774e+04   2.57e-21
  5.4831e+04   2.50e-21
  5.5908e+04   2.44e-21
  5.7006e+04   2.37e-21
  5.8126e+04   2.31e-21
  5.9268e+04   2.25e-21
  6.0432e+04   2.19e-21
  6.1619e+04   2.13e-21
  6.2829e+04   2.08e-21
  6.4064e+04   2.02e-21
  6.5322e+04   1.97e-21
  6.6605e+04   1.92e-21
  6.7913e+04   1.87e-21
  6.9248e+04   1.82e-21
  7.0608e+04   1.78e-21
  7.1995e+04   1.73e-21
  7.3409e+04   1.68e-21
  7.4851e+04   1.64e-21
  7.6321e+04   1.60e-21
  7.7821e+04   1.56e-21
  7.9349e+04   1.52e-21
  8.0908e+04   1.48e-21
  8.2497e+04   1.44e-21
  8.4118e+04   1.40e-21
  8.5770e+04   1.37e-21
  8.7455e+04   1.33e-21
  8.9173e+04   1.30e-21
  9.0925e+04   1.27e-21
  9.2711e+04   1.23e-21
  9.4532e+04   1.20e-21
  9.6389e+04   1.17e-21
  9.8283e+04   1.14e-21
  1.0021e+05   1.11e-21
  1.0218e+05   1.09e-21
  1.0419e+05   1.06e-21
  1.0624e+05   1.03e-21
  1.0832e+05   1.01e-21
  1.1045e+05   9.80e-22
  1.1262e+05   9.55e-22
  1.1483e+05   9.31e-22
  1.1709e+05   9.08e-22
  1.1939e+05   8.85e-22
  1.2173e+05   8.62e-22
  1.2412e+05   8.41e-22
  1.2656e+05   8.20e-22
  1.2905e+05   7.99e-22
  1.3158e+05   7.79e-22
  1.3417e+05   7.59e-22
  1.3680e+05   7.40e-22
  1.3949e+05   7.22e-22
  1.4223e+05   7.04e-22
  1.4503e+05   6.86e-22
  1.4787e+05   6.69e-22
  1.5078e+05   6.52e-22
  1.5374e+05   6.36e-22
  1.5676e+05   6.20e-22
  1.5984e+05   6.04e-22
  1.6298e+05   5.89e-22
  1.6618e+05   5.74e-22
  1.6945e+05   5.59e-22
  1.7278e+05   5.45e-22
  1.7617e+05   5.31e-22
  1.7963e+05   5.18e-22
  1.8316e+05   5.05e-22
  1.8676e+05   4.92e-22
  1.9042e+05   4.79e-22
  1.9417e+05   4.67e-22
  1.9798e+05   4.55e-22
  2.0187e+05   4.43e-22
  2.0583e+05   4.32e-22
  2.0988e+05   4.21e-22
  2.1400e+05   4.10e-22
  2.1820e+05   3.99e-22
  2.2249e+05   3.89e-22
  2.2686e+05   3.79e-22
  2.3132e+05   3.69e-22
  2.3586e+05   3.60e-22
  2.4049e+05   3.50e-22
  2.4522e+05   3.41e-22
  2.5004e+05   3.32e-22
  2.5495e+05   3.24e-22
  2.5996e+05   3.15e-22
  2.6506e+05   3.07e-22
  2.7027e+05   2.98e-22
  2.7558e+05   2.90e-22
  2.8099e+05   2.83e-22
  2.8651e+05   2.75e-22
  2.9214e+05   2.68e-22
  2.9788e+05   2.60e-22
  3.0373e+05   2.53e-22
  3.0970e+05   2.46e-22
  3.1578e+05   2.39e-22
  3.2198e+05   2.33e-22
  3.2831e+05   2.26e-22
  3.3476e+05   2.20e-22
  3.4133e+05   2.14e-22
  3.4804e+05   2.07e-22
  3.5487e+05   2.01e-22
  3.6185e+05   1.96e-22
  3.6895e+05   1.90e-22
  3.7620e+05   1.84e-22
  3.8359e+05   1.79e-22
  3.9113e+05   1.74e-22
  3.9881e+05   1.68e-22
  4.0664e+05   1.63e-22
  4.1463e+05   1.58e-22
  4.2278e+05   1.54e-22
  4.3108e+05   1.49e-22
  4.3955e+05   1.44e-22
  4.4818e+05   1.40e-22
  4.5699e+05   1.36e-22
  4.6596e+05   1.31e-22
  4.7512e+05   1.27e-22
  4.8445e+05   1.23e-22
  4.9397e+05   1.19e-22
  5.0367e+05   1.16e-22
  5.1356e+05   1.12e-22
  5.2365e+05   1.08e-22
  5.3394e+05   1.05e-22
  5.4443e+05   1.01e-22
  5.5512e+05   9.81e-23
  5.6603e+05   9.49e-23
  5.7715e+05   9.18e-23
  5.8848e+05   8.87e-23
  6.0004e+05   8.58e-23
  6.1183e+05   8.29e-23
  6.2385e+05   8.01e-23
  6.3610e+05   7.74e-23
  6.4860e+05   7.47e-23
  6.6134e+05   7.22e-23
  6.7433e+05   6.97e-23
  6.8758e+05   6.73e-23
  7.0108e+05   6.50e-23
  7.1486e+05   6.27e-23
  7.2890e+05   6.05e-23
  7.4322e+05   5.84e-23
  7.5782e+05   5.63e-23
  7.7270e+05   5.43e-23
  7.8788e+05   5.24e-23
  8.0336e+05   5.05e-23
  8.1914e+05   4.87e-23
  8.3523e+05   4.70e-23
  8.5164e+05   4.53e-23
  8.6837e+05   4.37e-23
  8.8542e+05   4.22e-23
  9.0282e+05   4.07e-23
  9.2055e+05   3.92e-23
  9.3863e+05   3.78e-23
  9.5707e+05   3.65e-23
  9.7587e+05   3.52e-23
  9.9504e+05   3.39e-23
  1.0146e+06   3.27e-23
  1.0345e+06   3.15e-23
  1.0548e+06   3.04e-23
  1.0756e+06   2.93e-23
  1.0967e+06   2.83e-23
  1.1182e+06   2.72e-23
  1.1402e+06   2.62e-23
  1.1626e+06   2.53e-23
  1.1854e+06   2.43e-23
  1.2087e+06   2.34e-23
  1.2325e+06   2.26e-23
  1.2567e+06   2.17e-23
  1.2814e+06   2.09e-23
  1.3065e+06   2.01e-23
  1.3322e+06   1.94e-23
  1.3584e+06   1.87e-23
  1.3851e+06   1.80e-23
  1.4123e+06   1.74e-23
  1.4400e+06   1.69e-23
