#  E [GeV]   # per interaction  [GeV^{-1}]
  3.0000e+01   1.08e+00
  3.1141e+01   1.03e+00
  3.2326e+01   9.88e-01
  3.3556e+01   9.44e-01
  3.4832e+01   9.01e-01
  3.6157e+01   8.61e-01
  3.7533e+01   8.21e-01
  3.8961e+01   7.84e-01
  4.0443e+01   7.48e-01
  4.1982e+01   7.14e-01
  4.3579e+01   6.81e-01
  4.5237e+01   6.49e-01
  4.6958e+01   6.19e-01
  4.8744e+01   5.90e-01
  5.0598e+01   5.63e-01
  5.2523e+01   5.36e-01
  5.4521e+01   5.11e-01
  5.6596e+01   4.87e-01
  5.8749e+01   4.64e-01
  6.0984e+01   4.42e-01
  6.3304e+01   4.21e-01
  6.5712e+01   4.00e-01
  6.8212e+01   3.81e-01
  7.0807e+01   3.63e-01
  7.3500e+01   3.45e-01
  7.6297e+01   3.29e-01
  7.9199e+01   3.13e-01
  8.2212e+01   2.97e-01
  8.5340e+01   2.83e-01
  8.8586e+01   2.69e-01
  9.1956e+01   2.55e-01
  9.5455e+01   2.43e-01
  9.9086e+01   2.31e-01
  1.0286e+02   2.19e-01
  1.0677e+02   2.08e-01
  1.1083e+02   1.98e-01
  1.1505e+02   1.88e-01
  1.1942e+02   1.78e-01
  1.2397e+02   1.69e-01
  1.2868e+02   1.60e-01
  1.3358e+02   1.52e-01
  1.3866e+02   1.44e-01
  1.4394e+02   1.37e-01
  1.4941e+02   1.29e-01
  1.5509e+02   1.23e-01
  1.6100e+02   1.16e-01
  1.6712e+02   1.10e-01
  1.7348e+02   1.04e-01
  1.8008e+02   9.83e-02
  1.8693e+02   9.30e-02
  1.9404e+02   8.79e-02
  2.0142e+02   8.30e-02
  2.0908e+02   7.84e-02
  2.1704e+02   7.40e-02
  2.2529e+02   6.98e-02
  2.3387e+02   6.58e-02
  2.4276e+02   6.20e-02
  2.5200e+02   5.84e-02
  2.6158e+02   5.50e-02
  2.7154e+02   5.17e-02
  2.8187e+02   4.86e-02
  2.9259e+02   4.57e-02
  3.0372e+02   4.28e-02
  3.1527e+02   4.02e-02
  3.2727e+02   3.77e-02
  3.3972e+02   3.53e-02
  3.5264e+02   3.30e-02
  3.6606e+02   3.08e-02
  3.7998e+02   2.88e-02
  3.9444e+02   2.69e-02
  4.0945e+02   2.50e-02
  4.2502e+02   2.33e-02
  4.4119e+02   2.17e-02
  4.5798e+02   2.02e-02
  4.7540e+02   1.87e-02
  4.9348e+02   1.74e-02
  5.1226e+02   1.61e-02
  5.3175e+02   1.49e-02
  5.5198e+02   1.38e-02
  5.7297e+02   1.27e-02
  5.9477e+02   1.18e-02
  6.1740e+02   1.09e-02
  6.4089e+02   1.00e-02
  6.6527e+02   9.20e-03
  6.9058e+02   8.47e-03
  7.1685e+02   7.79e-03
  7.4412e+02   7.16e-03
  7.7243e+02   6.58e-03
  8.0181e+02   6.05e-03
  8.3232e+02   5.55e-03
  8.6398e+02   5.10e-03
  8.9685e+02   4.69e-03
  9.3097e+02   4.30e-03
  9.6638e+02   3.95e-03
  1.0031e+03   3.63e-03
  1.0413e+03   3.33e-03
  1.0809e+03   3.06e-03
  1.1220e+03   2.81e-03
  1.1647e+03   2.58e-03
  1.2090e+03   2.36e-03
  1.2550e+03   2.17e-03
  1.3028e+03   1.99e-03
  1.3523e+03   1.82e-03
  1.4038e+03   1.67e-03
  1.4572e+03   1.53e-03
  1.5126e+03   1.40e-03
  1.5702e+03   1.29e-03
  1.6299e+03   1.18e-03
  1.6919e+03   1.08e-03
  1.7563e+03   9.86e-04
  1.8231e+03   9.02e-04
  1.8925e+03   8.24e-04
  1.9645e+03   7.54e-04
  2.0392e+03   6.88e-04
  2.1168e+03   6.28e-04
  2.1973e+03   5.73e-04
  2.2809e+03   5.22e-04
  2.3677e+03   4.75e-04
  2.4577e+03   4.32e-04
  2.5512e+03   3.93e-04
  2.6483e+03   3.56e-04
  2.7490e+03   3.23e-04
  2.8536e+03   2.92e-04
  2.9622e+03   2.63e-04
  3.0749e+03   2.38e-04
  3.1918e+03   2.14e-04
  3.3133e+03   1.92e-04
  3.4393e+03   1.73e-04
  3.5702e+03   1.55e-04
  3.7060e+03   1.38e-04
  3.8470e+03   1.23e-04
  3.9933e+03   1.09e-04
  4.1452e+03   9.69e-05
  4.3029e+03   8.58e-05
  4.4666e+03   7.58e-05
  4.6366e+03   6.66e-05
  4.8129e+03   5.84e-05
  4.9960e+03   5.11e-05
  5.1861e+03   4.44e-05
  5.3834e+03   3.85e-05
  5.5882e+03   3.33e-05
  5.8008e+03   2.86e-05
  6.0215e+03   2.45e-05
  6.2506e+03   2.10e-05
  6.4883e+03   1.78e-05
  6.7352e+03   1.50e-05
  6.9914e+03   1.27e-05
  7.2574e+03   1.06e-05
  7.5335e+03   8.77e-06
  7.8201e+03   7.29e-06
  8.1176e+03   5.98e-06
  8.4264e+03   4.84e-06
  8.7470e+03   3.95e-06
  9.0797e+03   3.17e-06
  9.4251e+03   2.50e-06
  9.7837e+03   1.98e-06
  1.0156e+04   1.55e-06
  1.0542e+04   1.18e-06
  1.0943e+04   9.10e-07
  1.1360e+04   6.86e-07
  1.1792e+04   5.04e-07
  1.2240e+04   3.71e-07
  1.2706e+04   2.68e-07
  1.3189e+04   1.87e-07
  1.3691e+04   1.30e-07
  1.4212e+04   8.85e-08
  1.4753e+04   5.79e-08
  1.5314e+04   3.74e-08
  1.5897e+04   2.34e-08
  1.6501e+04   1.40e-08
  1.7129e+04   8.12e-09
  1.7781e+04   4.54e-09
  1.8457e+04   2.38e-09
  1.9159e+04   1.19e-09
  1.9888e+04   5.66e-10
  2.0645e+04   2.46e-10
  2.1430e+04   9.92e-11
  2.2245e+04   3.68e-11
  2.3092e+04   1.21e-11
  2.3970e+04   3.49e-12
  2.4882e+04   8.85e-13
  2.5829e+04   1.86e-13
  2.6811e+04   3.18e-14
  2.7831e+04   4.34e-15
  2.8890e+04   4.38e-16
  2.9989e+04   3.12e-17
  3.1130e+04   1.50e-18
  3.2314e+04   4.35e-20
  3.3544e+04   6.84e-22
  3.4820e+04   5.21e-24
  3.6144e+04   1.60e-26
  3.7519e+04   1.60e-29
  3.8947e+04   4.03e-33
  4.0428e+04   1.79e-37
  4.1966e+04   9.05e-43
  4.3563e+04   6.97e-48
  4.5220e+04   6.15e-48
  4.6941e+04   5.39e-48
  4.8726e+04   4.78e-48
  5.0580e+04   4.22e-48
