#  E [MeV]   Flux [# cm^{-2} s^{-1}  MeV^{-1}]
  3.0000e+04   4.04e-25
  3.1141e+04   3.86e-25
  3.2326e+04   3.68e-25
  3.3556e+04   3.52e-25
  3.4832e+04   3.36e-25
  3.6157e+04   3.21e-25
  3.7533e+04   3.06e-25
  3.8961e+04   2.92e-25
  4.0443e+04   2.79e-25
  4.1982e+04   2.66e-25
  4.3579e+04   2.54e-25
  4.5237e+04   2.42e-25
  4.6958e+04   2.31e-25
  4.8744e+04   2.20e-25
  5.0598e+04   2.10e-25
  5.2523e+04   2.00e-25
  5.4521e+04   1.90e-25
  5.6596e+04   1.81e-25
  5.8749e+04   1.73e-25
  6.0984e+04   1.65e-25
  6.3304e+04   1.57e-25
  6.5712e+04   1.49e-25
  6.8212e+04   1.42e-25
  7.0807e+04   1.35e-25
  7.3500e+04   1.29e-25
  7.6297e+04   1.22e-25
  7.9199e+04   1.16e-25
  8.2212e+04   1.11e-25
  8.5340e+04   1.05e-25
  8.8586e+04   1.00e-25
  9.1956e+04   9.51e-26
  9.5455e+04   9.04e-26
  9.9086e+04   8.59e-26
  1.0286e+05   8.16e-26
  1.0677e+05   7.75e-26
  1.1083e+05   7.36e-26
  1.1505e+05   6.99e-26
  1.1942e+05   6.63e-26
  1.2397e+05   6.29e-26
  1.2868e+05   5.97e-26
  1.3358e+05   5.66e-26
  1.3866e+05   5.37e-26
  1.4394e+05   5.09e-26
  1.4941e+05   4.82e-26
  1.5509e+05   4.57e-26
  1.6100e+05   4.32e-26
  1.6712e+05   4.09e-26
  1.7348e+05   3.87e-26
  1.8008e+05   3.66e-26
  1.8693e+05   3.46e-26
  1.9404e+05   3.27e-26
  2.0142e+05   3.09e-26
  2.0908e+05   2.92e-26
  2.1704e+05   2.76e-26
  2.2529e+05   2.60e-26
  2.3387e+05   2.45e-26
  2.4276e+05   2.31e-26
  2.5200e+05   2.18e-26
  2.6158e+05   2.05e-26
  2.7154e+05   1.93e-26
  2.8187e+05   1.81e-26
  2.9259e+05   1.70e-26
  3.0372e+05   1.60e-26
  3.1527e+05   1.50e-26
  3.2727e+05   1.40e-26
  3.3972e+05   1.31e-26
  3.5264e+05   1.23e-26
  3.6606e+05   1.15e-26
  3.7998e+05   1.07e-26
  3.9444e+05   1.00e-26
  4.0945e+05   9.33e-27
  4.2502e+05   8.69e-27
  4.4119e+05   8.09e-27
  4.5798e+05   7.52e-27
  4.7540e+05   6.98e-27
  4.9348e+05   6.48e-27
  5.1226e+05   6.00e-27
  5.3175e+05   5.56e-27
  5.5198e+05   5.14e-27
  5.7297e+05   4.75e-27
  5.9477e+05   4.38e-27
  6.1740e+05   4.04e-27
  6.4089e+05   3.72e-27
  6.6527e+05   3.43e-27
  6.9058e+05   3.16e-27
  7.1685e+05   2.90e-27
  7.4412e+05   2.67e-27
  7.7243e+05   2.45e-27
  8.0181e+05   2.25e-27
  8.3232e+05   2.07e-27
  8.6398e+05   1.90e-27
  8.9685e+05   1.75e-27
  9.3097e+05   1.60e-27
  9.6638e+05   1.47e-27
  1.0031e+06   1.35e-27
  1.0413e+06   1.24e-27
  1.0809e+06   1.14e-27
  1.1220e+06   1.05e-27
  1.1647e+06   9.60e-28
  1.2090e+06   8.80e-28
  1.2550e+06   8.08e-28
  1.3028e+06   7.40e-28
  1.3523e+06   6.79e-28
  1.4038e+06   6.22e-28
  1.4572e+06   5.70e-28
  1.5126e+06   5.22e-28
  1.5702e+06   4.79e-28
  1.6299e+06   4.38e-28
  1.6919e+06   4.01e-28
  1.7563e+06   3.67e-28
  1.8231e+06   3.36e-28
  1.8925e+06   3.07e-28
  1.9645e+06   2.81e-28
  2.0392e+06   2.57e-28
  2.1168e+06   2.34e-28
  2.1973e+06   2.14e-28
  2.2809e+06   1.95e-28
  2.3677e+06   1.77e-28
  2.4577e+06   1.61e-28
  2.5512e+06   1.46e-28
  2.6483e+06   1.33e-28
  2.7490e+06   1.20e-28
  2.8536e+06   1.09e-28
  2.9622e+06   9.81e-29
  3.0749e+06   8.86e-29
  3.1918e+06   7.98e-29
  3.3133e+06   7.16e-29
  3.4393e+06   6.43e-29
  3.5702e+06   5.76e-29
  3.7060e+06   5.13e-29
  3.8470e+06   4.58e-29
  3.9933e+06   4.08e-29
  4.1452e+06   3.61e-29
  4.3029e+06   3.20e-29
  4.4666e+06   2.82e-29
  4.6366e+06   2.48e-29
  4.8129e+06   2.18e-29
  4.9960e+06   1.90e-29
  5.1861e+06   1.65e-29
  5.3834e+06   1.43e-29
  5.5882e+06   1.24e-29
  5.8008e+06   1.07e-29
  6.0215e+06   9.13e-30
  6.2506e+06   7.82e-30
  6.4883e+06   6.63e-30
  6.7352e+06   5.59e-30
  6.9914e+06   4.72e-30
  7.2574e+06   3.94e-30
  7.5335e+06   3.27e-30
  7.8201e+06   2.71e-30
  8.1176e+06   2.23e-30
  8.4264e+06   1.80e-30
  8.7470e+06   1.47e-30
  9.0797e+06   1.18e-30
  9.4251e+06   9.31e-31
  9.7837e+06   7.39e-31
  1.0156e+07   5.77e-31
  1.0542e+07   4.40e-31
  1.0943e+07   3.39e-31
  1.1360e+07   2.55e-31
  1.1792e+07   1.88e-31
  1.2240e+07   1.38e-31
  1.2706e+07   9.98e-32
  1.3189e+07   6.97e-32
  1.3691e+07   4.86e-32
  1.4212e+07   3.30e-32
  1.4753e+07   2.16e-32
  1.5314e+07   1.39e-32
  1.5897e+07   8.72e-33
  1.6501e+07   5.20e-33
  1.7129e+07   3.03e-33
  1.7781e+07   1.69e-33
  1.8457e+07   8.88e-34
  1.9159e+07   4.45e-34
  1.9888e+07   2.11e-34
  2.0645e+07   9.18e-35
  2.1430e+07   3.69e-35
  2.2245e+07   1.37e-35
  2.3092e+07   4.50e-36
  2.3970e+07   1.30e-36
  2.4882e+07   3.30e-37
  2.5829e+07   6.94e-38
  2.6811e+07   1.19e-38
  2.7831e+07   1.62e-39
  2.8890e+07   1.63e-40
  2.9989e+07   1.16e-41
  3.1130e+07   5.60e-43
  3.2314e+07   1.62e-44
  3.3544e+07   2.55e-46
  3.4820e+07   1.94e-48
  3.6144e+07   5.96e-51
  3.7519e+07   5.96e-54
  3.8947e+07   1.50e-57
  4.0428e+07   6.68e-62
  4.1966e+07   3.37e-67
  4.3563e+07   2.60e-72
  4.5220e+07   2.29e-72
  4.6941e+07   2.01e-72
  4.8726e+07   1.78e-72
  5.0580e+07   1.57e-72
