#  E [MeV]   Flux [# cm^{-2} s^{-1}  MeV^{-1}]
  3.0000e+04   1.04e-25
  3.1051e+04   1.00e-25
  3.2139e+04   9.65e-26
  3.3266e+04   9.29e-26
  3.4432e+04   8.94e-26
  3.5638e+04   8.59e-26
  3.6887e+04   8.26e-26
  3.8180e+04   7.94e-26
  3.9518e+04   7.63e-26
  4.0903e+04   7.33e-26
  4.2336e+04   7.05e-26
  4.3820e+04   6.77e-26
  4.5355e+04   6.50e-26
  4.6945e+04   6.24e-26
  4.8590e+04   5.99e-26
  5.0293e+04   5.74e-26
  5.2055e+04   5.51e-26
  5.3879e+04   5.28e-26
  5.5767e+04   5.07e-26
  5.7722e+04   4.86e-26
  5.9745e+04   4.66e-26
  6.1838e+04   4.46e-26
  6.4005e+04   4.27e-26
  6.6248e+04   4.09e-26
  6.8570e+04   3.92e-26
  7.0973e+04   3.75e-26
  7.3460e+04   3.59e-26
  7.6034e+04   3.44e-26
  7.8699e+04   3.29e-26
  8.1457e+04   3.14e-26
  8.4311e+04   3.01e-26
  8.7266e+04   2.88e-26
  9.0324e+04   2.75e-26
  9.3490e+04   2.62e-26
  9.6766e+04   2.51e-26
  1.0016e+05   2.39e-26
  1.0367e+05   2.29e-26
  1.0730e+05   2.18e-26
  1.1106e+05   2.08e-26
  1.1495e+05   1.99e-26
  1.1898e+05   1.89e-26
  1.2315e+05   1.81e-26
  1.2747e+05   1.72e-26
  1.3193e+05   1.64e-26
  1.3656e+05   1.56e-26
  1.4134e+05   1.49e-26
  1.4629e+05   1.42e-26
  1.5142e+05   1.35e-26
  1.5673e+05   1.29e-26
  1.6222e+05   1.22e-26
  1.6790e+05   1.16e-26
  1.7379e+05   1.11e-26
  1.7988e+05   1.05e-26
  1.8618e+05   1.00e-26
  1.9271e+05   9.50e-27
  1.9946e+05   9.02e-27
  2.0645e+05   8.57e-27
  2.1369e+05   8.13e-27
  2.2117e+05   7.72e-27
  2.2892e+05   7.32e-27
  2.3695e+05   6.94e-27
  2.4525e+05   6.58e-27
  2.5385e+05   6.24e-27
  2.6274e+05   5.91e-27
  2.7195e+05   5.59e-27
  2.8148e+05   5.30e-27
  2.9134e+05   5.01e-27
  3.0155e+05   4.74e-27
  3.1212e+05   4.49e-27
  3.2306e+05   4.25e-27
  3.3438e+05   4.01e-27
  3.4610e+05   3.79e-27
  3.5823e+05   3.58e-27
  3.7078e+05   3.38e-27
  3.8377e+05   3.19e-27
  3.9722e+05   3.02e-27
  4.1114e+05   2.84e-27
  4.2555e+05   2.68e-27
  4.4046e+05   2.53e-27
  4.5590e+05   2.38e-27
  4.7188e+05   2.25e-27
  4.8841e+05   2.12e-27
  5.0553e+05   1.99e-27
  5.2324e+05   1.88e-27
  5.4158e+05   1.77e-27
  5.6056e+05   1.66e-27
  5.8020e+05   1.57e-27
  6.0054e+05   1.47e-27
  6.2158e+05   1.39e-27
  6.4337e+05   1.30e-27
  6.6591e+05   1.23e-27
  6.8925e+05   1.15e-27
  7.1340e+05   1.09e-27
  7.3840e+05   1.02e-27
  7.6428e+05   9.60e-28
  7.9106e+05   9.03e-28
  8.1878e+05   8.50e-28
  8.4748e+05   7.99e-28
  8.7718e+05   7.52e-28
  9.0792e+05   7.08e-28
  9.3973e+05   6.66e-28
  9.7267e+05   6.27e-28
  1.0068e+06   5.90e-28
  1.0420e+06   5.56e-28
  1.0785e+06   5.24e-28
  1.1163e+06   4.94e-28
  1.1555e+06   4.66e-28
  1.1960e+06   4.39e-28
  1.2379e+06   4.14e-28
  1.2813e+06   3.91e-28
  1.3262e+06   3.69e-28
  1.3726e+06   3.48e-28
  1.4207e+06   3.29e-28
  1.4705e+06   3.11e-28
  1.5220e+06   2.94e-28
  1.5754e+06   2.78e-28
  1.6306e+06   2.63e-28
  1.6877e+06   2.49e-28
  1.7469e+06   2.36e-28
  1.8081e+06   2.23e-28
  1.8715e+06   2.12e-28
  1.9370e+06   2.01e-28
  2.0049e+06   1.90e-28
  2.0752e+06   1.81e-28
  2.1479e+06   1.71e-28
  2.2232e+06   1.63e-28
  2.3011e+06   1.55e-28
  2.3817e+06   1.47e-28
  2.4652e+06   1.39e-28
  2.5516e+06   1.33e-28
  2.6410e+06   1.26e-28
  2.7336e+06   1.20e-28
  2.8294e+06   1.14e-28
  2.9285e+06   1.08e-28
  3.0311e+06   1.03e-28
  3.1374e+06   9.78e-29
  3.2473e+06   9.30e-29
  3.3611e+06   8.84e-29
  3.4789e+06   8.40e-29
  3.6008e+06   7.99e-29
  3.7270e+06   7.60e-29
  3.8576e+06   7.22e-29
  3.9928e+06   6.86e-29
  4.1327e+06   6.52e-29
  4.2775e+06   6.20e-29
  4.4274e+06   5.89e-29
  4.5826e+06   5.59e-29
  4.7432e+06   5.30e-29
  4.9094e+06   5.03e-29
  5.0815e+06   4.77e-29
  5.2595e+06   4.52e-29
  5.4438e+06   4.28e-29
  5.6346e+06   4.04e-29
  5.8321e+06   3.82e-29
  6.0365e+06   3.60e-29
  6.2480e+06   3.39e-29
  6.4670e+06   3.19e-29
  6.6936e+06   3.00e-29
  6.9282e+06   2.82e-29
  7.1709e+06   2.65e-29
  7.4222e+06   2.48e-29
  7.6823e+06   2.32e-29
  7.9516e+06   2.16e-29
  8.2302e+06   2.02e-29
  8.5186e+06   1.87e-29
  8.8172e+06   1.74e-29
  9.1262e+06   1.61e-29
  9.4460e+06   1.49e-29
  9.7770e+06   1.37e-29
  1.0120e+07   1.26e-29
  1.0474e+07   1.15e-29
  1.0841e+07   1.05e-29
  1.1221e+07   9.50e-30
  1.1614e+07   8.57e-30
  1.2022e+07   7.71e-30
  1.2443e+07   6.89e-30
  1.2879e+07   6.12e-30
  1.3330e+07   5.41e-30
  1.3797e+07   4.75e-30
  1.4281e+07   4.13e-30
  1.4781e+07   3.56e-30
  1.5299e+07   3.05e-30
  1.5835e+07   2.58e-30
  1.6390e+07   2.16e-30
  1.6965e+07   1.78e-30
  1.7559e+07   1.45e-30
  1.8175e+07   1.16e-30
  1.8812e+07   9.12e-31
  1.9471e+07   7.02e-31
  2.0153e+07   5.27e-31
  2.0859e+07   3.86e-31
  2.1590e+07   2.74e-31
  2.2347e+07   1.88e-31
  2.3130e+07   1.24e-31
  2.3941e+07   7.77e-32
  2.4780e+07   4.63e-32
  2.5648e+07   2.59e-32
  2.6547e+07   1.35e-32
  2.7477e+07   6.46e-33
  2.8440e+07   2.82e-33
