#  E [GeV]   # per interaction  [GeV^{-1}]
  3.0000e+01   3.08e-01
  3.0782e+01   2.98e-01
  3.1585e+01   2.88e-01
  3.2409e+01   2.79e-01
  3.3255e+01   2.70e-01
  3.4122e+01   2.61e-01
  3.5012e+01   2.52e-01
  3.5925e+01   2.43e-01
  3.6862e+01   2.35e-01
  3.7824e+01   2.27e-01
  3.8810e+01   2.19e-01
  3.9822e+01   2.12e-01
  4.0861e+01   2.04e-01
  4.1927e+01   1.97e-01
  4.3021e+01   1.90e-01
  4.4143e+01   1.84e-01
  4.5294e+01   1.77e-01
  4.6475e+01   1.71e-01
  4.7688e+01   1.65e-01
  4.8931e+01   1.59e-01
  5.0208e+01   1.53e-01
  5.1517e+01   1.47e-01
  5.2861e+01   1.42e-01
  5.4240e+01   1.36e-01
  5.5654e+01   1.31e-01
  5.7106e+01   1.26e-01
  5.8596e+01   1.22e-01
  6.0124e+01   1.17e-01
  6.1692e+01   1.12e-01
  6.3301e+01   1.08e-01
  6.4952e+01   1.04e-01
  6.6647e+01   9.98e-02
  6.8385e+01   9.59e-02
  7.0169e+01   9.21e-02
  7.1999e+01   8.84e-02
  7.3877e+01   8.49e-02
  7.5804e+01   8.15e-02
  7.7781e+01   7.82e-02
  7.9810e+01   7.50e-02
  8.1891e+01   7.19e-02
  8.4027e+01   6.89e-02
  8.6219e+01   6.61e-02
  8.8468e+01   6.34e-02
  9.0775e+01   6.07e-02
  9.3143e+01   5.81e-02
  9.5572e+01   5.57e-02
  9.8065e+01   5.33e-02
  1.0062e+02   5.10e-02
  1.0325e+02   4.88e-02
  1.0594e+02   4.67e-02
  1.0870e+02   4.47e-02
  1.1154e+02   4.27e-02
  1.1445e+02   4.08e-02
  1.1743e+02   3.90e-02
  1.2050e+02   3.72e-02
  1.2364e+02   3.56e-02
  1.2686e+02   3.39e-02
  1.3017e+02   3.24e-02
  1.3357e+02   3.09e-02
  1.3705e+02   2.94e-02
  1.4063e+02   2.81e-02
  1.4429e+02   2.67e-02
  1.4806e+02   2.54e-02
  1.5192e+02   2.42e-02
  1.5588e+02   2.31e-02
  1.5995e+02   2.19e-02
  1.6412e+02   2.09e-02
  1.6840e+02   1.98e-02
  1.7279e+02   1.88e-02
  1.7730e+02   1.79e-02
  1.8193e+02   1.70e-02
  1.8667e+02   1.61e-02
  1.9154e+02   1.53e-02
  1.9654e+02   1.45e-02
  2.0166e+02   1.38e-02
  2.0692e+02   1.30e-02
  2.1232e+02   1.23e-02
  2.1786e+02   1.17e-02
  2.2354e+02   1.11e-02
  2.2937e+02   1.04e-02
  2.3535e+02   9.87e-03
  2.4149e+02   9.32e-03
  2.4779e+02   8.80e-03
  2.5425e+02   8.30e-03
  2.6088e+02   7.82e-03
  2.6769e+02   7.37e-03
  2.7467e+02   6.95e-03
  2.8184e+02   6.54e-03
  2.8919e+02   6.15e-03
  2.9673e+02   5.77e-03
  3.0447e+02   5.43e-03
  3.1241e+02   5.10e-03
  3.2056e+02   4.78e-03
  3.2892e+02   4.48e-03
  3.3750e+02   4.20e-03
  3.4630e+02   3.94e-03
  3.5533e+02   3.68e-03
  3.6460e+02   3.44e-03
  3.7411e+02   3.22e-03
  3.8387e+02   3.01e-03
  3.9388e+02   2.81e-03
  4.0416e+02   2.62e-03
  4.1470e+02   2.44e-03
  4.2551e+02   2.27e-03
  4.3661e+02   2.12e-03
  4.4800e+02   1.97e-03
  4.5969e+02   1.83e-03
  4.7168e+02   1.70e-03
  4.8398e+02   1.58e-03
  4.9660e+02   1.46e-03
  5.0956e+02   1.35e-03
  5.2285e+02   1.25e-03
  5.3648e+02   1.16e-03
  5.5048e+02   1.07e-03
  5.6483e+02   9.90e-04
  5.7957e+02   9.13e-04
  5.9468e+02   8.41e-04
  6.1020e+02   7.77e-04
  6.2611e+02   7.16e-04
  6.4244e+02   6.59e-04
  6.5920e+02   6.05e-04
  6.7639e+02   5.57e-04
  6.9403e+02   5.13e-04
  7.1214e+02   4.71e-04
  7.3071e+02   4.31e-04
  7.4977e+02   3.95e-04
  7.6933e+02   3.63e-04
  7.8939e+02   3.33e-04
  8.0998e+02   3.04e-04
  8.3111e+02   2.78e-04
  8.5279e+02   2.54e-04
  8.7503e+02   2.33e-04
  8.9785e+02   2.13e-04
  9.2127e+02   1.94e-04
  9.4530e+02   1.76e-04
  9.6996e+02   1.61e-04
  9.9526e+02   1.47e-04
  1.0212e+03   1.33e-04
  1.0479e+03   1.21e-04
  1.0752e+03   1.10e-04
  1.1032e+03   1.00e-04
  1.1320e+03   9.10e-05
  1.1615e+03   8.22e-05
  1.1918e+03   7.44e-05
  1.2229e+03   6.77e-05
  1.2548e+03   6.14e-05
  1.2875e+03   5.54e-05
  1.3211e+03   4.98e-05
  1.3556e+03   4.52e-05
  1.3909e+03   4.10e-05
  1.4272e+03   3.70e-05
  1.4644e+03   3.32e-05
  1.5026e+03   2.99e-05
  1.5418e+03   2.70e-05
  1.5820e+03   2.43e-05
  1.6233e+03   2.18e-05
  1.6657e+03   1.94e-05
  1.7091e+03   1.75e-05
  1.7537e+03   1.58e-05
  1.7994e+03   1.41e-05
  1.8464e+03   1.26e-05
  1.8945e+03   1.12e-05
  1.9439e+03   1.01e-05
  1.9946e+03   8.98e-06
  2.0467e+03   7.95e-06
  2.1000e+03   6.99e-06
  2.1548e+03   6.27e-06
  2.2110e+03   5.58e-06
  2.2687e+03   4.94e-06
  2.3279e+03   4.33e-06
  2.3886e+03   3.82e-06
  2.4509e+03   3.40e-06
  2.5148e+03   3.00e-06
  2.5804e+03   2.63e-06
  2.6477e+03   2.28e-06
  2.7168e+03   2.03e-06
  2.7876e+03   1.79e-06
  2.8603e+03   1.56e-06
  2.9349e+03   1.35e-06
  3.0115e+03   1.18e-06
  3.0900e+03   1.04e-06
  3.1706e+03   9.06e-07
  3.2533e+03   7.80e-07
  3.3382e+03   6.66e-07
  3.4253e+03   5.86e-07
  3.5146e+03   5.10e-07
  3.6063e+03   4.38e-07
  3.7003e+03   3.71e-07
  3.7969e+03   3.19e-07
  3.8959e+03   2.76e-07
  3.9975e+03   2.35e-07
  4.1018e+03   1.97e-07
  4.2088e+03   1.63e-07
  4.3185e+03   1.39e-07
  4.4312e+03   1.16e-07
  4.5467e+03   9.51e-08
  4.6653e+03   7.53e-08
  4.7870e+03   6.19e-08
  4.9119e+03   5.13e-08
  5.0400e+03   4.14e-08
