#  E [GeV]   # per interaction  [GeV^{-1}]
  3.0000e+01   6.33e-01
  3.1141e+01   6.08e-01
  3.2326e+01   5.85e-01
  3.3556e+01   5.62e-01
  3.4832e+01   5.40e-01
  3.6157e+01   5.18e-01
  3.7533e+01   4.98e-01
  3.8961e+01   4.78e-01
  4.0443e+01   4.59e-01
  4.1982e+01   4.41e-01
  4.3579e+01   4.24e-01
  4.5237e+01   4.07e-01
  4.6958e+01   3.91e-01
  4.8744e+01   3.75e-01
  5.0598e+01   3.60e-01
  5.2523e+01   3.45e-01
  5.4521e+01   3.31e-01
  5.6596e+01   3.18e-01
  5.8749e+01   3.05e-01
  6.0984e+01   2.93e-01
  6.3304e+01   2.81e-01
  6.5712e+01   2.69e-01
  6.8212e+01   2.58e-01
  7.0807e+01   2.47e-01
  7.3500e+01   2.37e-01
  7.6297e+01   2.27e-01
  7.9199e+01   2.18e-01
  8.2212e+01   2.09e-01
  8.5340e+01   2.00e-01
  8.8586e+01   1.91e-01
  9.1956e+01   1.83e-01
  9.5455e+01   1.75e-01
  9.9086e+01   1.68e-01
  1.0286e+02   1.60e-01
  1.0677e+02   1.53e-01
  1.1083e+02   1.46e-01
  1.1505e+02   1.40e-01
  1.1942e+02   1.34e-01
  1.2397e+02   1.28e-01
  1.2868e+02   1.22e-01
  1.3358e+02   1.16e-01
  1.3866e+02   1.11e-01
  1.4394e+02   1.06e-01
  1.4941e+02   1.01e-01
  1.5509e+02   9.59e-02
  1.6100e+02   9.13e-02
  1.6712e+02   8.68e-02
  1.7348e+02   8.25e-02
  1.8008e+02   7.84e-02
  1.8693e+02   7.45e-02
  1.9404e+02   7.07e-02
  2.0142e+02   6.70e-02
  2.0908e+02   6.35e-02
  2.1704e+02   6.01e-02
  2.2529e+02   5.69e-02
  2.3387e+02   5.38e-02
  2.4276e+02   5.08e-02
  2.5200e+02   4.80e-02
  2.6158e+02   4.52e-02
  2.7154e+02   4.26e-02
  2.8187e+02   4.01e-02
  2.9259e+02   3.77e-02
  3.0372e+02   3.54e-02
  3.1527e+02   3.32e-02
  3.2727e+02   3.11e-02
  3.3972e+02   2.91e-02
  3.5264e+02   2.72e-02
  3.6606e+02   2.54e-02
  3.7998e+02   2.37e-02
  3.9444e+02   2.21e-02
  4.0945e+02   2.06e-02
  4.2502e+02   1.91e-02
  4.4119e+02   1.77e-02
  4.5798e+02   1.64e-02
  4.7540e+02   1.52e-02
  4.9348e+02   1.41e-02
  5.1226e+02   1.30e-02
  5.3175e+02   1.20e-02
  5.5198e+02   1.11e-02
  5.7297e+02   1.02e-02
  5.9477e+02   9.41e-03
  6.1740e+02   8.66e-03
  6.4089e+02   7.95e-03
  6.6527e+02   7.30e-03
  6.9058e+02   6.70e-03
  7.1685e+02   6.14e-03
  7.4412e+02   5.63e-03
  7.7243e+02   5.15e-03
  8.0181e+02   4.72e-03
  8.3232e+02   4.32e-03
  8.6398e+02   3.95e-03
  8.9685e+02   3.61e-03
  9.3097e+02   3.30e-03
  9.6638e+02   3.02e-03
  1.0031e+03   2.76e-03
  1.0413e+03   2.52e-03
  1.0809e+03   2.30e-03
  1.1220e+03   2.11e-03
  1.1647e+03   1.92e-03
  1.2090e+03   1.76e-03
  1.2550e+03   1.60e-03
  1.3028e+03   1.46e-03
  1.3523e+03   1.34e-03
  1.4038e+03   1.22e-03
  1.4572e+03   1.11e-03
  1.5126e+03   1.02e-03
  1.5702e+03   9.29e-04
  1.6299e+03   8.47e-04
  1.6919e+03   7.73e-04
  1.7563e+03   7.05e-04
  1.8231e+03   6.43e-04
  1.8925e+03   5.86e-04
  1.9645e+03   5.34e-04
  2.0392e+03   4.87e-04
  2.1168e+03   4.43e-04
  2.1973e+03   4.03e-04
  2.2809e+03   3.67e-04
  2.3677e+03   3.33e-04
  2.4577e+03   3.02e-04
  2.5512e+03   2.74e-04
  2.6483e+03   2.48e-04
  2.7490e+03   2.24e-04
  2.8536e+03   2.03e-04
  2.9622e+03   1.83e-04
  3.0749e+03   1.65e-04
  3.1918e+03   1.48e-04
  3.3133e+03   1.33e-04
  3.4393e+03   1.19e-04
  3.5702e+03   1.07e-04
  3.7060e+03   9.53e-05
  3.8470e+03   8.52e-05
  3.9933e+03   7.58e-05
  4.1452e+03   6.71e-05
  4.3029e+03   5.95e-05
  4.4666e+03   5.26e-05
  4.6366e+03   4.62e-05
  4.8129e+03   4.06e-05
  4.9960e+03   3.56e-05
  5.1861e+03   3.09e-05
  5.3834e+03   2.69e-05
  5.5882e+03   2.33e-05
  5.8008e+03   2.01e-05
  6.0215e+03   1.72e-05
  6.2506e+03   1.48e-05
  6.4883e+03   1.25e-05
  6.7352e+03   1.06e-05
  6.9914e+03   8.95e-06
  7.2574e+03   7.47e-06
  7.5335e+03   6.22e-06
  7.8201e+03   5.15e-06
  8.1176e+03   4.22e-06
  8.4264e+03   3.43e-06
  8.7470e+03   2.78e-06
  9.0797e+03   2.22e-06
  9.4251e+03   1.75e-06
  9.7837e+03   1.38e-06
  1.0156e+04   1.07e-06
  1.0542e+04   8.12e-07
  1.0943e+04   6.16e-07
  1.1360e+04   4.57e-07
  1.1792e+04   3.32e-07
  1.2240e+04   2.40e-07
  1.2706e+04   1.68e-07
  1.3189e+04   1.15e-07
  1.3691e+04   7.77e-08
  1.4212e+04   5.07e-08
  1.4753e+04   3.18e-08
  1.5314e+04   1.96e-08
  1.5897e+04   1.16e-08
  1.6501e+04   6.47e-09
  1.7129e+04   3.51e-09
  1.7781e+04   1.80e-09
  1.8457e+04   8.53e-10
  1.9159e+04   3.84e-10
  1.9888e+04   1.59e-10
  2.0645e+04   5.96e-11
  2.1430e+04   2.04e-11
  2.2245e+04   6.16e-12
  2.3092e+04   1.60e-12
  2.3970e+04   3.61e-13
  2.4882e+04   6.76e-14
  2.5829e+04   1.01e-14
  2.6811e+04   1.18e-15
  2.7831e+04   1.03e-16
  2.8890e+04   6.23e-18
  2.9989e+04   2.50e-19
  3.1130e+04   6.18e-21
  3.2314e+04   8.28e-23
  3.3544e+04   5.42e-25
  3.4820e+04   1.50e-27
  3.6144e+04   1.41e-30
  3.7519e+04   3.60e-34
  3.8947e+04   1.86e-38
  4.0428e+04   1.29e-43
  4.1966e+04   1.21e-47
  4.3563e+04   1.12e-47
  4.5220e+04   1.03e-47
  4.6941e+04   9.53e-48
  4.8726e+04   8.92e-48
  5.0580e+04   8.34e-48
