#  E [MeV]   Flux [# cm^{-2} s^{-1}  MeV^{-1}]
  3.0000e+04   1.34e-25
  3.1141e+04   1.29e-25
  3.2326e+04   1.23e-25
  3.3556e+04   1.18e-25
  3.4832e+04   1.14e-25
  3.6157e+04   1.09e-25
  3.7533e+04   1.04e-25
  3.8961e+04   1.00e-25
  4.0443e+04   9.60e-26
  4.1982e+04   9.20e-26
  4.3579e+04   8.82e-26
  4.5237e+04   8.46e-26
  4.6958e+04   8.11e-26
  4.8744e+04   7.77e-26
  5.0598e+04   7.44e-26
  5.2523e+04   7.13e-26
  5.4521e+04   6.83e-26
  5.6596e+04   6.54e-26
  5.8749e+04   6.27e-26
  6.0984e+04   6.00e-26
  6.3304e+04   5.75e-26
  6.5712e+04   5.50e-26
  6.8212e+04   5.27e-26
  7.0807e+04   5.04e-26
  7.3500e+04   4.82e-26
  7.6297e+04   4.61e-26
  7.9199e+04   4.41e-26
  8.2212e+04   4.22e-26
  8.5340e+04   4.04e-26
  8.8586e+04   3.86e-26
  9.1956e+04   3.69e-26
  9.5455e+04   3.53e-26
  9.9086e+04   3.37e-26
  1.0286e+05   3.22e-26
  1.0677e+05   3.07e-26
  1.1083e+05   2.93e-26
  1.1505e+05   2.80e-26
  1.1942e+05   2.67e-26
  1.2397e+05   2.55e-26
  1.2868e+05   2.43e-26
  1.3358e+05   2.32e-26
  1.3866e+05   2.21e-26
  1.4394e+05   2.11e-26
  1.4941e+05   2.01e-26
  1.5509e+05   1.91e-26
  1.6100e+05   1.82e-26
  1.6712e+05   1.73e-26
  1.7348e+05   1.65e-26
  1.8008e+05   1.56e-26
  1.8693e+05   1.49e-26
  1.9404e+05   1.41e-26
  2.0142e+05   1.34e-26
  2.0908e+05   1.27e-26
  2.1704e+05   1.21e-26
  2.2529e+05   1.14e-26
  2.3387e+05   1.08e-26
  2.4276e+05   1.02e-26
  2.5200e+05   9.70e-27
  2.6158e+05   9.17e-27
  2.7154e+05   8.67e-27
  2.8187e+05   8.19e-27
  2.9259e+05   7.73e-27
  3.0372e+05   7.29e-27
  3.1527e+05   6.87e-27
  3.2727e+05   6.47e-27
  3.3972e+05   6.08e-27
  3.5264e+05   5.72e-27
  3.6606e+05   5.37e-27
  3.7998e+05   5.04e-27
  3.9444e+05   4.73e-27
  4.0945e+05   4.43e-27
  4.2502e+05   4.15e-27
  4.4119e+05   3.88e-27
  4.5798e+05   3.63e-27
  4.7540e+05   3.39e-27
  4.9348e+05   3.16e-27
  5.1226e+05   2.95e-27
  5.3175e+05   2.75e-27
  5.5198e+05   2.56e-27
  5.7297e+05   2.38e-27
  5.9477e+05   2.22e-27
  6.1740e+05   2.06e-27
  6.4089e+05   1.91e-27
  6.6527e+05   1.78e-27
  6.9058e+05   1.65e-27
  7.1685e+05   1.53e-27
  7.4412e+05   1.42e-27
  7.7243e+05   1.31e-27
  8.0181e+05   1.21e-27
  8.3232e+05   1.12e-27
  8.6398e+05   1.04e-27
  8.9685e+05   9.62e-28
  9.3097e+05   8.90e-28
  9.6638e+05   8.22e-28
  1.0031e+06   7.60e-28
  1.0413e+06   7.03e-28
  1.0809e+06   6.49e-28
  1.1220e+06   6.00e-28
  1.1647e+06   5.54e-28
  1.2090e+06   5.11e-28
  1.2550e+06   4.72e-28
  1.3028e+06   4.36e-28
  1.3523e+06   4.02e-28
  1.4038e+06   3.71e-28
  1.4572e+06   3.42e-28
  1.5126e+06   3.15e-28
  1.5702e+06   2.91e-28
  1.6299e+06   2.68e-28
  1.6919e+06   2.47e-28
  1.7563e+06   2.28e-28
  1.8231e+06   2.10e-28
  1.8925e+06   1.93e-28
  1.9645e+06   1.78e-28
  2.0392e+06   1.64e-28
  2.1168e+06   1.50e-28
  2.1973e+06   1.38e-28
  2.2809e+06   1.27e-28
  2.3677e+06   1.17e-28
  2.4577e+06   1.07e-28
  2.5512e+06   9.84e-29
  2.6483e+06   9.01e-29
  2.7490e+06   8.25e-29
  2.8536e+06   7.55e-29
  2.9622e+06   6.90e-29
  3.0749e+06   6.30e-29
  3.1918e+06   5.75e-29
  3.3133e+06   5.24e-29
  3.4393e+06   4.77e-29
  3.5702e+06   4.34e-29
  3.7060e+06   3.94e-29
  3.8470e+06   3.57e-29
  3.9933e+06   3.24e-29
  4.1452e+06   2.93e-29
  4.3029e+06   2.64e-29
  4.4666e+06   2.38e-29
  4.6366e+06   2.14e-29
  4.8129e+06   1.92e-29
  4.9960e+06   1.73e-29
  5.1861e+06   1.54e-29
  5.3834e+06   1.38e-29
  5.5882e+06   1.23e-29
  5.8008e+06   1.09e-29
  6.0215e+06   9.65e-30
  6.2506e+06   8.55e-30
  6.4883e+06   7.54e-30
  6.7352e+06   6.61e-30
  6.9914e+06   5.81e-30
  7.2574e+06   5.07e-30
  7.5335e+06   4.40e-30
  7.8201e+06   3.83e-30
  8.1176e+06   3.31e-30
  8.4264e+06   2.84e-30
  8.7470e+06   2.43e-30
  9.0797e+06   2.07e-30
  9.4251e+06   1.75e-30
  9.7837e+06   1.48e-30
  1.0156e+07   1.24e-30
  1.0542e+07   1.03e-30
  1.0943e+07   8.50e-31
  1.1360e+07   6.98e-31
  1.1792e+07   5.66e-31
  1.2240e+07   4.55e-31
  1.2706e+07   3.64e-31
  1.3189e+07   2.86e-31
  1.3691e+07   2.22e-31
  1.4212e+07   1.71e-31
  1.4753e+07   1.29e-31
  1.5314e+07   9.59e-32
  1.5897e+07   7.03e-32
  1.6501e+07   5.01e-32
  1.7129e+07   3.48e-32
  1.7781e+07   2.37e-32
  1.8457e+07   1.56e-32
  1.9159e+07   9.83e-33
  1.9888e+07   6.03e-33
  2.0645e+07   3.51e-33
  2.1430e+07   1.92e-33
  2.2245e+07   1.00e-33
  2.3092e+07   4.82e-34
  2.3970e+07   2.12e-34
  2.4882e+07   8.50e-35
  2.5829e+07   3.02e-35
  2.6811e+07   9.23e-36
  2.7831e+07   2.41e-36
  2.8890e+07   5.12e-37
  2.9989e+07   8.48e-38
  3.1130e+07   1.07e-38
  3.2314e+07   9.38e-40
  3.3544e+07   5.30e-41
  3.4820e+07   1.80e-42
  3.6144e+07   3.16e-44
  3.7519e+07   2.43e-46
  3.8947e+07   7.04e-49
  4.0428e+07   5.71e-52
  4.1966e+07   8.87e-56
  4.3563e+07   1.95e-60
  4.5220e+07   3.03e-66
  4.6941e+07   1.58e-70
  4.8726e+07   1.95e-70
  5.0580e+07   2.44e-70
