#  E [GeV]   # per interaction  [GeV^{-1}]
  3.0000e+01   4.21e-01
  3.0962e+01   4.06e-01
  3.1955e+01   3.93e-01
  3.2979e+01   3.79e-01
  3.4037e+01   3.66e-01
  3.5128e+01   3.54e-01
  3.6254e+01   3.42e-01
  3.7417e+01   3.30e-01
  3.8616e+01   3.18e-01
  3.9855e+01   3.07e-01
  4.1132e+01   2.96e-01
  4.2451e+01   2.86e-01
  4.3812e+01   2.76e-01
  4.5217e+01   2.66e-01
  4.6667e+01   2.57e-01
  4.8163e+01   2.47e-01
  4.9707e+01   2.38e-01
  5.1301e+01   2.30e-01
  5.2946e+01   2.21e-01
  5.4644e+01   2.13e-01
  5.6396e+01   2.05e-01
  5.8204e+01   1.98e-01
  6.0070e+01   1.90e-01
  6.1996e+01   1.83e-01
  6.3984e+01   1.76e-01
  6.6035e+01   1.69e-01
  6.8153e+01   1.63e-01
  7.0338e+01   1.57e-01
  7.2593e+01   1.51e-01
  7.4921e+01   1.45e-01
  7.7323e+01   1.39e-01
  7.9802e+01   1.34e-01
  8.2361e+01   1.28e-01
  8.5002e+01   1.23e-01
  8.7727e+01   1.18e-01
  9.0540e+01   1.13e-01
  9.3443e+01   1.09e-01
  9.6439e+01   1.04e-01
  9.9531e+01   1.00e-01
  1.0272e+02   9.58e-02
  1.0602e+02   9.17e-02
  1.0942e+02   8.79e-02
  1.1292e+02   8.41e-02
  1.1654e+02   8.05e-02
  1.2028e+02   7.70e-02
  1.2414e+02   7.36e-02
  1.2812e+02   7.04e-02
  1.3223e+02   6.73e-02
  1.3646e+02   6.43e-02
  1.4084e+02   6.14e-02
  1.4536e+02   5.86e-02
  1.5002e+02   5.59e-02
  1.5483e+02   5.34e-02
  1.5979e+02   5.09e-02
  1.6491e+02   4.85e-02
  1.7020e+02   4.62e-02
  1.7566e+02   4.40e-02
  1.8129e+02   4.19e-02
  1.8710e+02   3.99e-02
  1.9310e+02   3.80e-02
  1.9929e+02   3.61e-02
  2.0568e+02   3.43e-02
  2.1228e+02   3.26e-02
  2.1909e+02   3.10e-02
  2.2611e+02   2.94e-02
  2.3336e+02   2.79e-02
  2.4084e+02   2.65e-02
  2.4856e+02   2.51e-02
  2.5653e+02   2.38e-02
  2.6476e+02   2.25e-02
  2.7325e+02   2.13e-02
  2.8201e+02   2.02e-02
  2.9105e+02   1.91e-02
  3.0038e+02   1.81e-02
  3.1002e+02   1.71e-02
  3.1996e+02   1.61e-02
  3.3021e+02   1.52e-02
  3.4080e+02   1.43e-02
  3.5173e+02   1.35e-02
  3.6301e+02   1.28e-02
  3.7465e+02   1.20e-02
  3.8666e+02   1.13e-02
  3.9905e+02   1.06e-02
  4.1185e+02   1.00e-02
  4.2506e+02   9.40e-03
  4.3868e+02   8.83e-03
  4.5275e+02   8.29e-03
  4.6727e+02   7.78e-03
  4.8225e+02   7.29e-03
  4.9771e+02   6.83e-03
  5.1367e+02   6.40e-03
  5.3014e+02   5.99e-03
  5.4714e+02   5.60e-03
  5.6468e+02   5.23e-03
  5.8278e+02   4.89e-03
  6.0147e+02   4.57e-03
  6.2075e+02   4.26e-03
  6.4066e+02   3.98e-03
  6.6120e+02   3.71e-03
  6.8240e+02   3.45e-03
  7.0428e+02   3.22e-03
  7.2686e+02   3.00e-03
  7.5017e+02   2.79e-03
  7.7422e+02   2.59e-03
  7.9904e+02   2.41e-03
  8.2466e+02   2.24e-03
  8.5110e+02   2.08e-03
  8.7839e+02   1.93e-03
  9.0656e+02   1.79e-03
  9.3562e+02   1.66e-03
  9.6562e+02   1.53e-03
  9.9658e+02   1.42e-03
  1.0285e+03   1.32e-03
  1.0615e+03   1.22e-03
  1.0956e+03   1.13e-03
  1.1307e+03   1.04e-03
  1.1669e+03   9.66e-04
  1.2043e+03   8.92e-04
  1.2430e+03   8.23e-04
  1.2828e+03   7.60e-04
  1.3239e+03   7.01e-04
  1.3664e+03   6.45e-04
  1.4102e+03   5.95e-04
  1.4554e+03   5.48e-04
  1.5021e+03   5.05e-04
  1.5502e+03   4.64e-04
  1.6000e+03   4.27e-04
  1.6513e+03   3.93e-04
  1.7042e+03   3.60e-04
  1.7588e+03   3.30e-04
  1.8152e+03   3.04e-04
  1.8734e+03   2.78e-04
  1.9335e+03   2.54e-04
  1.9955e+03   2.33e-04
  2.0595e+03   2.14e-04
  2.1255e+03   1.95e-04
  2.1937e+03   1.78e-04
  2.2640e+03   1.63e-04
  2.3366e+03   1.48e-04
  2.4115e+03   1.35e-04
  2.4888e+03   1.23e-04
  2.5686e+03   1.12e-04
  2.6510e+03   1.02e-04
  2.7360e+03   9.20e-05
  2.8237e+03   8.37e-05
  2.9142e+03   7.60e-05
  3.0077e+03   6.87e-05
  3.1041e+03   6.19e-05
  3.2036e+03   5.61e-05
  3.3064e+03   5.05e-05
  3.4124e+03   4.53e-05
  3.5218e+03   4.07e-05
  3.6347e+03   3.66e-05
  3.7512e+03   3.28e-05
  3.8715e+03   2.91e-05
  3.9957e+03   2.62e-05
  4.1238e+03   2.34e-05
  4.2560e+03   2.07e-05
  4.3924e+03   1.84e-05
  4.5333e+03   1.64e-05
  4.6786e+03   1.45e-05
  4.8286e+03   1.27e-05
  4.9835e+03   1.13e-05
  5.1433e+03   9.96e-06
  5.3082e+03   8.73e-06
  5.4784e+03   7.59e-06
  5.6540e+03   6.69e-06
  5.8353e+03   5.85e-06
  6.0224e+03   5.07e-06
  6.2155e+03   4.39e-06
  6.4148e+03   3.83e-06
  6.6205e+03   3.30e-06
  6.8327e+03   2.81e-06
  7.0518e+03   2.43e-06
  7.2779e+03   2.09e-06
  7.5113e+03   1.77e-06
  7.7521e+03   1.49e-06
  8.0007e+03   1.28e-06
  8.2572e+03   1.09e-06
  8.5219e+03   9.08e-07
  8.7952e+03   7.60e-07
  9.0772e+03   6.43e-07
  9.3682e+03   5.36e-07
  9.6686e+03   4.39e-07
  9.9786e+03   3.66e-07
  1.0299e+04   3.04e-07
  1.0629e+04   2.48e-07
  1.0970e+04   1.99e-07
  1.1321e+04   1.64e-07
  1.1684e+04   1.33e-07
  1.2059e+04   1.06e-07
  1.2446e+04   8.40e-08
  1.2845e+04   6.71e-08
  1.3256e+04   5.23e-08
  1.3681e+04   3.95e-08
  1.4120e+04   3.04e-08
  1.4573e+04   2.28e-08
  1.5040e+04   1.64e-08
  1.5522e+04   1.14e-08
  1.6020e+04   8.18e-09
