#  E [MeV]   Flux [# cm^{-2} s^{-1}  MeV^{-1}]
  3.0000e+04   1.69e-25
  3.1232e+04   1.62e-25
  3.2514e+04   1.55e-25
  3.3849e+04   1.48e-25
  3.5238e+04   1.42e-25
  3.6685e+04   1.35e-25
  3.8191e+04   1.29e-25
  3.9759e+04   1.24e-25
  4.1391e+04   1.18e-25
  4.3090e+04   1.13e-25
  4.4859e+04   1.08e-25
  4.6701e+04   1.03e-25
  4.8618e+04   9.86e-26
  5.0614e+04   9.42e-26
  5.2692e+04   9.00e-26
  5.4855e+04   8.60e-26
  5.7107e+04   8.22e-26
  5.9451e+04   7.85e-26
  6.1892e+04   7.50e-26
  6.4433e+04   7.16e-26
  6.7078e+04   6.84e-26
  6.9832e+04   6.53e-26
  7.2699e+04   6.23e-26
  7.5683e+04   5.95e-26
  7.8790e+04   5.68e-26
  8.2025e+04   5.42e-26
  8.5392e+04   5.17e-26
  8.8898e+04   4.93e-26
  9.2547e+04   4.70e-26
  9.6347e+04   4.49e-26
  1.0030e+05   4.28e-26
  1.0442e+05   4.08e-26
  1.0871e+05   3.89e-26
  1.1317e+05   3.70e-26
  1.1782e+05   3.53e-26
  1.2265e+05   3.36e-26
  1.2769e+05   3.20e-26
  1.3293e+05   3.05e-26
  1.3839e+05   2.90e-26
  1.4407e+05   2.76e-26
  1.4998e+05   2.63e-26
  1.5614e+05   2.50e-26
  1.6255e+05   2.37e-26
  1.6922e+05   2.26e-26
  1.7617e+05   2.14e-26
  1.8340e+05   2.03e-26
  1.9093e+05   1.93e-26
  1.9877e+05   1.83e-26
  2.0693e+05   1.74e-26
  2.1543e+05   1.64e-26
  2.2427e+05   1.56e-26
  2.3348e+05   1.47e-26
  2.4306e+05   1.39e-26
  2.5304e+05   1.32e-26
  2.6343e+05   1.24e-26
  2.7424e+05   1.17e-26
  2.8550e+05   1.11e-26
  2.9722e+05   1.04e-26
  3.0942e+05   9.83e-27
  3.2213e+05   9.25e-27
  3.3535e+05   8.70e-27
  3.4912e+05   8.17e-27
  3.6345e+05   7.67e-27
  3.7837e+05   7.19e-27
  3.9390e+05   6.74e-27
  4.1008e+05   6.31e-27
  4.2691e+05   5.90e-27
  4.4444e+05   5.51e-27
  4.6268e+05   5.14e-27
  4.8168e+05   4.80e-27
  5.0145e+05   4.47e-27
  5.2204e+05   4.16e-27
  5.4347e+05   3.87e-27
  5.6578e+05   3.60e-27
  5.8901e+05   3.34e-27
  6.1319e+05   3.10e-27
  6.3836e+05   2.87e-27
  6.6457e+05   2.66e-27
  6.9185e+05   2.47e-27
  7.2025e+05   2.28e-27
  7.4982e+05   2.11e-27
  7.8061e+05   1.95e-27
  8.1265e+05   1.81e-27
  8.4601e+05   1.67e-27
  8.8075e+05   1.54e-27
  9.1690e+05   1.42e-27
  9.5455e+05   1.31e-27
  9.9373e+05   1.21e-27
  1.0345e+06   1.12e-27
  1.0770e+06   1.03e-27
  1.1212e+06   9.53e-28
  1.1672e+06   8.80e-28
  1.2152e+06   8.11e-28
  1.2650e+06   7.49e-28
  1.3170e+06   6.91e-28
  1.3711e+06   6.37e-28
  1.4273e+06   5.88e-28
  1.4859e+06   5.42e-28
  1.5469e+06   5.01e-28
  1.6104e+06   4.62e-28
  1.6766e+06   4.26e-28
  1.7454e+06   3.93e-28
  1.8170e+06   3.62e-28
  1.8916e+06   3.34e-28
  1.9693e+06   3.08e-28
  2.0501e+06   2.84e-28
  2.1343e+06   2.61e-28
  2.2219e+06   2.41e-28
  2.3131e+06   2.21e-28
  2.4081e+06   2.04e-28
  2.5070e+06   1.87e-28
  2.6099e+06   1.72e-28
  2.7170e+06   1.58e-28
  2.8286e+06   1.45e-28
  2.9447e+06   1.33e-28
  3.0656e+06   1.21e-28
  3.1914e+06   1.11e-28
  3.3225e+06   1.01e-28
  3.4589e+06   9.23e-29
  3.6008e+06   8.41e-29
  3.7487e+06   7.64e-29
  3.9026e+06   6.94e-29
  4.0628e+06   6.29e-29
  4.2296e+06   5.69e-29
  4.4032e+06   5.14e-29
  4.5840e+06   4.63e-29
  4.7722e+06   4.16e-29
  4.9681e+06   3.73e-29
  5.1720e+06   3.34e-29
  5.3844e+06   2.97e-29
  5.6054e+06   2.65e-29
  5.8355e+06   2.34e-29
  6.0751e+06   2.07e-29
  6.3245e+06   1.83e-29
  6.5841e+06   1.60e-29
  6.8544e+06   1.40e-29
  7.1358e+06   1.22e-29
  7.4288e+06   1.05e-29
  7.7338e+06   9.06e-30
  8.0513e+06   7.77e-30
  8.3818e+06   6.60e-30
  8.7259e+06   5.59e-30
  9.0841e+06   4.69e-30
  9.4571e+06   3.90e-30
  9.8453e+06   3.22e-30
  1.0249e+07   2.64e-30
  1.0670e+07   2.13e-30
  1.1108e+07   1.71e-30
  1.1564e+07   1.35e-30
  1.2039e+07   1.05e-30
  1.2533e+07   8.10e-31
  1.3048e+07   6.12e-31
  1.3584e+07   4.53e-31
  1.4141e+07   3.29e-31
  1.4722e+07   2.33e-31
  1.5326e+07   1.61e-31
  1.5955e+07   1.08e-31
  1.6610e+07   6.99e-32
  1.7292e+07   4.35e-32
  1.8002e+07   2.60e-32
  1.8741e+07   1.47e-32
  1.9511e+07   7.86e-33
  2.0312e+07   3.94e-33
  2.1145e+07   1.81e-33
  2.2013e+07   7.71e-34
  2.2917e+07   2.94e-34
  2.3858e+07   9.82e-35
  2.4837e+07   2.88e-35
  2.5857e+07   7.07e-36
  2.6919e+07   1.40e-36
  2.8024e+07   2.21e-37
  2.9174e+07   2.56e-38
  3.0372e+07   2.06e-39
  3.1619e+07   1.09e-40
  3.2917e+07   3.32e-42
  3.4268e+07   5.20e-44
  3.5675e+07   3.60e-46
  3.7140e+07   8.73e-49
  3.8664e+07   5.75e-52
  4.0252e+07   7.18e-56
  4.1904e+07   1.04e-60
  4.3624e+07   9.47e-67
  4.5415e+07   1.15e-71
  4.7280e+07   9.46e-72
  4.9221e+07   7.98e-72
  5.1241e+07   6.67e-72
  5.3345e+07   5.46e-72
  5.5535e+07   4.62e-72
  5.7815e+07   3.84e-72
  6.0188e+07   3.13e-72
  6.2659e+07   2.62e-72
  6.5232e+07   2.15e-72
  6.7910e+07   1.74e-72
  7.0698e+07   1.44e-72
  7.3600e+07   1.16e-72
  7.6621e+07   9.25e-73
  7.9767e+07   7.33e-73
  8.3042e+07   5.56e-73
  8.6451e+07   4.10e-73
  9.0000e+07   2.93e-73
