#  E [MeV]   Flux [# cm^{-2} s^{-1}  MeV^{-1}]
  3.0000e+04   5.02e-19
  3.1033e+04   4.81e-19
  3.2102e+04   4.61e-19
  3.3207e+04   4.41e-19
  3.4350e+04   4.23e-19
  3.5533e+04   4.05e-19
  3.6757e+04   3.88e-19
  3.8022e+04   3.71e-19
  3.9332e+04   3.55e-19
  4.0686e+04   3.40e-19
  4.2087e+04   3.26e-19
  4.3536e+04   3.12e-19
  4.5035e+04   2.98e-19
  4.6586e+04   2.85e-19
  4.8190e+04   2.73e-19
  4.9850e+04   2.61e-19
  5.1566e+04   2.50e-19
  5.3342e+04   2.39e-19
  5.5178e+04   2.28e-19
  5.7078e+04   2.18e-19
  5.9044e+04   2.09e-19
  6.1077e+04   2.00e-19
  6.3180e+04   1.91e-19
  6.5356e+04   1.82e-19
  6.7606e+04   1.74e-19
  6.9934e+04   1.66e-19
  7.2342e+04   1.59e-19
  7.4833e+04   1.52e-19
  7.7410e+04   1.45e-19
  8.0075e+04   1.39e-19
  8.2833e+04   1.32e-19
  8.5685e+04   1.26e-19
  8.8635e+04   1.21e-19
  9.1687e+04   1.15e-19
  9.4844e+04   1.10e-19
  9.8110e+04   1.05e-19
  1.0149e+05   1.00e-19
  1.0498e+05   9.55e-20
  1.0860e+05   9.11e-20
  1.1234e+05   8.69e-20
  1.1621e+05   8.29e-20
  1.2021e+05   7.91e-20
  1.2435e+05   7.54e-20
  1.2863e+05   7.19e-20
  1.3306e+05   6.85e-20
  1.3764e+05   6.53e-20
  1.4238e+05   6.23e-20
  1.4728e+05   5.93e-20
  1.5235e+05   5.65e-20
  1.5760e+05   5.38e-20
  1.6302e+05   5.12e-20
  1.6864e+05   4.88e-20
  1.7445e+05   4.64e-20
  1.8045e+05   4.42e-20
  1.8667e+05   4.20e-20
  1.9309e+05   4.00e-20
  1.9974e+05   3.80e-20
  2.0662e+05   3.61e-20
  2.1373e+05   3.43e-20
  2.2109e+05   3.26e-20
  2.2871e+05   3.09e-20
  2.3658e+05   2.93e-20
  2.4473e+05   2.78e-20
  2.5316e+05   2.64e-20
  2.6187e+05   2.50e-20
  2.7089e+05   2.37e-20
  2.8022e+05   2.24e-20
  2.8987e+05   2.12e-20
  2.9985e+05   2.01e-20
  3.1017e+05   1.90e-20
  3.2085e+05   1.79e-20
  3.3190e+05   1.69e-20
  3.4333e+05   1.60e-20
  3.5515e+05   1.51e-20
  3.6738e+05   1.42e-20
  3.8003e+05   1.34e-20
  3.9312e+05   1.26e-20
  4.0665e+05   1.19e-20
  4.2066e+05   1.12e-20
  4.3514e+05   1.05e-20
  4.5013e+05   9.91e-21
  4.6562e+05   9.32e-21
  4.8166e+05   8.77e-21
  4.9824e+05   8.24e-21
  5.1540e+05   7.75e-21
  5.3315e+05   7.28e-21
  5.5150e+05   6.83e-21
  5.7050e+05   6.41e-21
  5.9014e+05   6.02e-21
  6.1046e+05   5.64e-21
  6.3148e+05   5.28e-21
  6.5322e+05   4.95e-21
  6.7572e+05   4.63e-21
  6.9898e+05   4.33e-21
  7.2305e+05   4.05e-21
  7.4795e+05   3.78e-21
  7.7371e+05   3.53e-21
  8.0035e+05   3.29e-21
  8.2791e+05   3.07e-21
  8.5641e+05   2.86e-21
  8.8590e+05   2.66e-21
  9.1641e+05   2.48e-21
  9.4796e+05   2.31e-21
  9.8061e+05   2.14e-21
  1.0144e+06   1.99e-21
  1.0493e+06   1.85e-21
  1.0854e+06   1.71e-21
  1.1228e+06   1.59e-21
  1.1615e+06   1.47e-21
  1.2015e+06   1.36e-21
  1.2428e+06   1.26e-21
  1.2856e+06   1.17e-21
  1.3299e+06   1.08e-21
  1.3757e+06   9.92e-22
  1.4231e+06   9.15e-22
  1.4721e+06   8.43e-22
  1.5228e+06   7.75e-22
  1.5752e+06   7.12e-22
  1.6294e+06   6.55e-22
  1.6855e+06   6.01e-22
  1.7436e+06   5.50e-22
  1.8036e+06   5.04e-22
  1.8657e+06   4.62e-22
  1.9300e+06   4.22e-22
  1.9964e+06   3.85e-22
  2.0652e+06   3.51e-22
  2.1363e+06   3.20e-22
  2.2098e+06   2.90e-22
  2.2859e+06   2.65e-22
  2.3646e+06   2.41e-22
  2.4461e+06   2.18e-22
  2.5303e+06   1.97e-22
  2.6174e+06   1.79e-22
  2.7075e+06   1.61e-22
  2.8008e+06   1.45e-22
  2.8972e+06   1.31e-22
  2.9970e+06   1.17e-22
  3.1002e+06   1.05e-22
  3.2069e+06   9.44e-23
  3.3173e+06   8.46e-23
  3.4316e+06   7.54e-23
  3.5497e+06   6.72e-23
  3.6720e+06   6.01e-23
  3.7984e+06   5.35e-23
  3.9292e+06   4.72e-23
  4.0645e+06   4.21e-23
  4.2044e+06   3.74e-23
  4.3492e+06   3.29e-23
  4.4990e+06   2.91e-23
  4.6539e+06   2.57e-23
  4.8141e+06   2.26e-23
  4.9799e+06   1.97e-23
  5.1514e+06   1.74e-23
  5.3288e+06   1.52e-23
  5.5123e+06   1.32e-23
  5.7021e+06   1.16e-23
  5.8984e+06   1.01e-23
  6.1015e+06   8.73e-24
  6.3116e+06   7.55e-24
  6.5289e+06   6.59e-24
  6.7538e+06   5.69e-24
  6.9863e+06   4.85e-24
  7.2269e+06   4.23e-24
  7.4757e+06   3.66e-24
  7.7331e+06   3.11e-24
  7.9994e+06   2.68e-24
  8.2749e+06   2.31e-24
  8.5598e+06   1.97e-24
  8.8546e+06   1.67e-24
  9.1594e+06   1.44e-24
  9.4748e+06   1.23e-24
  9.8011e+06   1.03e-24
  1.0139e+07   8.86e-25
  1.0488e+07   7.58e-25
  1.0849e+07   6.40e-25
  1.1222e+07   5.41e-25
  1.1609e+07   4.66e-25
  1.2009e+07   3.96e-25
  1.2422e+07   3.31e-25
  1.2850e+07   2.87e-25
  1.3292e+07   2.45e-25
  1.3750e+07   2.07e-25
  1.4223e+07   1.77e-25
  1.4713e+07   1.52e-25
  1.5220e+07   1.30e-25
  1.5744e+07   1.10e-25
  1.6286e+07   9.50e-26
  1.6847e+07   8.15e-26
  1.7427e+07   6.91e-26
  1.8027e+07   5.91e-26
  1.8648e+07   5.03e-26
  1.9290e+07   4.24e-26
  1.9954e+07   3.55e-26
  2.0641e+07   2.95e-26
  2.1352e+07   2.42e-26
  2.2087e+07   1.96e-26
  2.2848e+07   1.56e-26
  2.3634e+07   1.22e-26
  2.4448e+07   9.31e-27
  2.5290e+07   7.04e-27
