#  E [MeV]   Flux [# cm^{-2} s^{-1}  MeV^{-1}]
  3.0000e+04   2.17e-26
  3.1051e+04   2.09e-26
  3.2139e+04   2.01e-26
  3.3266e+04   1.93e-26
  3.4432e+04   1.86e-26
  3.5638e+04   1.79e-26
  3.6887e+04   1.72e-26
  3.8180e+04   1.65e-26
  3.9518e+04   1.59e-26
  4.0903e+04   1.53e-26
  4.2336e+04   1.47e-26
  4.3820e+04   1.41e-26
  4.5355e+04   1.35e-26
  4.6945e+04   1.30e-26
  4.8590e+04   1.24e-26
  5.0293e+04   1.19e-26
  5.2055e+04   1.14e-26
  5.3879e+04   1.10e-26
  5.5767e+04   1.05e-26
  5.7722e+04   1.01e-26
  5.9745e+04   9.67e-27
  6.1838e+04   9.26e-27
  6.4005e+04   8.87e-27
  6.6248e+04   8.50e-27
  6.8570e+04   8.13e-27
  7.0973e+04   7.79e-27
  7.3460e+04   7.45e-27
  7.6034e+04   7.13e-27
  7.8699e+04   6.82e-27
  8.1457e+04   6.52e-27
  8.4311e+04   6.23e-27
  8.7266e+04   5.96e-27
  9.0324e+04   5.69e-27
  9.3490e+04   5.44e-27
  9.6766e+04   5.19e-27
  1.0016e+05   4.96e-27
  1.0367e+05   4.73e-27
  1.0730e+05   4.52e-27
  1.1106e+05   4.31e-27
  1.1495e+05   4.11e-27
  1.1898e+05   3.92e-27
  1.2315e+05   3.73e-27
  1.2747e+05   3.56e-27
  1.3193e+05   3.39e-27
  1.3656e+05   3.23e-27
  1.4134e+05   3.07e-27
  1.4629e+05   2.92e-27
  1.5142e+05   2.78e-27
  1.5673e+05   2.65e-27
  1.6222e+05   2.52e-27
  1.6790e+05   2.39e-27
  1.7379e+05   2.27e-27
  1.7988e+05   2.16e-27
  1.8618e+05   2.05e-27
  1.9271e+05   1.95e-27
  1.9946e+05   1.85e-27
  2.0645e+05   1.75e-27
  2.1369e+05   1.66e-27
  2.2117e+05   1.58e-27
  2.2892e+05   1.49e-27
  2.3695e+05   1.41e-27
  2.4525e+05   1.34e-27
  2.5385e+05   1.27e-27
  2.6274e+05   1.20e-27
  2.7195e+05   1.13e-27
  2.8148e+05   1.07e-27
  2.9134e+05   1.01e-27
  3.0155e+05   9.57e-28
  3.1212e+05   9.03e-28
  3.2306e+05   8.53e-28
  3.3438e+05   8.05e-28
  3.4610e+05   7.59e-28
  3.5823e+05   7.15e-28
  3.7078e+05   6.74e-28
  3.8377e+05   6.34e-28
  3.9722e+05   5.97e-28
  4.1114e+05   5.62e-28
  4.2555e+05   5.28e-28
  4.4046e+05   4.97e-28
  4.5590e+05   4.67e-28
  4.7188e+05   4.39e-28
  4.8841e+05   4.12e-28
  5.0553e+05   3.87e-28
  5.2324e+05   3.63e-28
  5.4158e+05   3.40e-28
  5.6056e+05   3.19e-28
  5.8020e+05   3.00e-28
  6.0054e+05   2.81e-28
  6.2158e+05   2.63e-28
  6.4337e+05   2.47e-28
  6.6591e+05   2.31e-28
  6.8925e+05   2.17e-28
  7.1340e+05   2.03e-28
  7.3840e+05   1.90e-28
  7.6428e+05   1.78e-28
  7.9106e+05   1.67e-28
  8.1878e+05   1.57e-28
  8.4748e+05   1.47e-28
  8.7718e+05   1.37e-28
  9.0792e+05   1.29e-28
  9.3973e+05   1.21e-28
  9.7267e+05   1.13e-28
  1.0068e+06   1.06e-28
  1.0420e+06   9.99e-29
  1.0785e+06   9.38e-29
  1.1163e+06   8.82e-29
  1.1555e+06   8.29e-29
  1.1960e+06   7.79e-29
  1.2379e+06   7.33e-29
  1.2813e+06   6.89e-29
  1.3262e+06   6.49e-29
  1.3726e+06   6.11e-29
  1.4207e+06   5.76e-29
  1.4705e+06   5.43e-29
  1.5220e+06   5.12e-29
  1.5754e+06   4.83e-29
  1.6306e+06   4.56e-29
  1.6877e+06   4.30e-29
  1.7469e+06   4.07e-29
  1.8081e+06   3.85e-29
  1.8715e+06   3.64e-29
  1.9370e+06   3.44e-29
  2.0049e+06   3.26e-29
  2.0752e+06   3.09e-29
  2.1479e+06   2.92e-29
  2.2232e+06   2.77e-29
  2.3011e+06   2.63e-29
  2.3817e+06   2.49e-29
  2.4652e+06   2.36e-29
  2.5516e+06   2.24e-29
  2.6410e+06   2.12e-29
  2.7336e+06   2.01e-29
  2.8294e+06   1.91e-29
  2.9285e+06   1.81e-29
  3.0311e+06   1.72e-29
  3.1374e+06   1.63e-29
  3.2473e+06   1.55e-29
  3.3611e+06   1.47e-29
  3.4789e+06   1.39e-29
  3.6008e+06   1.32e-29
  3.7270e+06   1.25e-29
  3.8576e+06   1.19e-29
  3.9928e+06   1.12e-29
  4.1327e+06   1.06e-29
  4.2775e+06   1.01e-29
  4.4274e+06   9.54e-30
  4.5826e+06   9.02e-30
  4.7432e+06   8.52e-30
  4.9094e+06   8.04e-30
  5.0815e+06   7.58e-30
  5.2595e+06   7.14e-30
  5.4438e+06   6.72e-30
  5.6346e+06   6.31e-30
  5.8321e+06   5.92e-30
  6.0365e+06   5.54e-30
  6.2480e+06   5.19e-30
  6.4670e+06   4.84e-30
  6.6936e+06   4.52e-30
  6.9282e+06   4.20e-30
  7.1709e+06   3.90e-30
  7.4222e+06   3.61e-30
  7.6823e+06   3.34e-30
  7.9516e+06   3.08e-30
  8.2302e+06   2.83e-30
  8.5186e+06   2.59e-30
  8.8172e+06   2.37e-30
  9.1262e+06   2.16e-30
  9.4460e+06   1.96e-30
  9.7770e+06   1.77e-30
  1.0120e+07   1.59e-30
  1.0474e+07   1.42e-30
  1.0841e+07   1.26e-30
  1.1221e+07   1.12e-30
  1.1614e+07   9.80e-31
  1.2022e+07   8.54e-31
  1.2443e+07   7.38e-31
  1.2879e+07   6.33e-31
  1.3330e+07   5.38e-31
  1.3797e+07   4.52e-31
  1.4281e+07   3.75e-31
  1.4781e+07   3.08e-31
  1.5299e+07   2.49e-31
  1.5835e+07   1.98e-31
  1.6390e+07   1.55e-31
  1.6965e+07   1.19e-31
  1.7559e+07   8.93e-32
  1.8175e+07   6.54e-32
  1.8812e+07   4.65e-32
  1.9471e+07   3.21e-32
  2.0153e+07   2.14e-32
  2.0859e+07   1.37e-32
  2.1590e+07   8.34e-33
  2.2347e+07   4.82e-33
  2.3130e+07   2.63e-33
  2.3941e+07   1.33e-33
  2.4780e+07   6.23e-34
  2.5648e+07   2.65e-34
  2.6547e+07   1.01e-34
  2.7477e+07   3.40e-35
  2.8440e+07   9.88e-36
