#  E [MeV]   Flux [# cm^{-2} s^{-1}  MeV^{-1}]
  3.0000e+04   9.26e-23
  3.0782e+04   8.96e-23
  3.1585e+04   8.68e-23
  3.2409e+04   8.39e-23
  3.3255e+04   8.12e-23
  3.4122e+04   7.85e-23
  3.5012e+04   7.59e-23
  3.5925e+04   7.34e-23
  3.6862e+04   7.09e-23
  3.7824e+04   6.86e-23
  3.8810e+04   6.62e-23
  3.9822e+04   6.40e-23
  4.0861e+04   6.18e-23
  4.1927e+04   5.97e-23
  4.3021e+04   5.76e-23
  4.4143e+04   5.56e-23
  4.5294e+04   5.36e-23
  4.6475e+04   5.17e-23
  4.7688e+04   4.99e-23
  4.8931e+04   4.81e-23
  5.0208e+04   4.64e-23
  5.1517e+04   4.47e-23
  5.2861e+04   4.31e-23
  5.4240e+04   4.15e-23
  5.5654e+04   4.00e-23
  5.7106e+04   3.85e-23
  5.8596e+04   3.71e-23
  6.0124e+04   3.57e-23
  6.1692e+04   3.43e-23
  6.3301e+04   3.30e-23
  6.4952e+04   3.18e-23
  6.6647e+04   3.06e-23
  6.8385e+04   2.94e-23
  7.0169e+04   2.82e-23
  7.1999e+04   2.71e-23
  7.3877e+04   2.61e-23
  7.5804e+04   2.50e-23
  7.7781e+04   2.40e-23
  7.9810e+04   2.31e-23
  8.1891e+04   2.22e-23
  8.4027e+04   2.13e-23
  8.6219e+04   2.04e-23
  8.8468e+04   1.96e-23
  9.0775e+04   1.88e-23
  9.3143e+04   1.80e-23
  9.5572e+04   1.73e-23
  9.8065e+04   1.65e-23
  1.0062e+05   1.58e-23
  1.0325e+05   1.52e-23
  1.0594e+05   1.45e-23
  1.0870e+05   1.39e-23
  1.1154e+05   1.33e-23
  1.1445e+05   1.28e-23
  1.1743e+05   1.22e-23
  1.2050e+05   1.17e-23
  1.2364e+05   1.12e-23
  1.2686e+05   1.07e-23
  1.3017e+05   1.02e-23
  1.3357e+05   9.75e-24
  1.3705e+05   9.31e-24
  1.4063e+05   8.89e-24
  1.4429e+05   8.49e-24
  1.4806e+05   8.10e-24
  1.5192e+05   7.73e-24
  1.5588e+05   7.37e-24
  1.5995e+05   7.03e-24
  1.6412e+05   6.70e-24
  1.6840e+05   6.38e-24
  1.7279e+05   6.08e-24
  1.7730e+05   5.79e-24
  1.8193e+05   5.51e-24
  1.8667e+05   5.25e-24
  1.9154e+05   4.99e-24
  1.9654e+05   4.75e-24
  2.0166e+05   4.52e-24
  2.0692e+05   4.30e-24
  2.1232e+05   4.08e-24
  2.1786e+05   3.88e-24
  2.2354e+05   3.68e-24
  2.2937e+05   3.50e-24
  2.3535e+05   3.32e-24
  2.4149e+05   3.15e-24
  2.4779e+05   2.99e-24
  2.5425e+05   2.83e-24
  2.6088e+05   2.68e-24
  2.6769e+05   2.54e-24
  2.7467e+05   2.41e-24
  2.8184e+05   2.28e-24
  2.8919e+05   2.16e-24
  2.9673e+05   2.04e-24
  3.0447e+05   1.93e-24
  3.1241e+05   1.82e-24
  3.2056e+05   1.72e-24
  3.2892e+05   1.63e-24
  3.3750e+05   1.54e-24
  3.4630e+05   1.45e-24
  3.5533e+05   1.37e-24
  3.6460e+05   1.29e-24
  3.7411e+05   1.21e-24
  3.8387e+05   1.14e-24
  3.9388e+05   1.08e-24
  4.0416e+05   1.01e-24
  4.1470e+05   9.54e-25
  4.2551e+05   8.97e-25
  4.3661e+05   8.43e-25
  4.4800e+05   7.92e-25
  4.5969e+05   7.45e-25
  4.7168e+05   6.99e-25
  4.8398e+05   6.56e-25
  4.9660e+05   6.14e-25
  5.0956e+05   5.76e-25
  5.2285e+05   5.40e-25
  5.3648e+05   5.05e-25
  5.5048e+05   4.72e-25
  5.6483e+05   4.42e-25
  5.7957e+05   4.13e-25
  5.9468e+05   3.86e-25
  6.1020e+05   3.60e-25
  6.2611e+05   3.36e-25
  6.4244e+05   3.14e-25
  6.5920e+05   2.93e-25
  6.7639e+05   2.73e-25
  6.9403e+05   2.54e-25
  7.1214e+05   2.36e-25
  7.3071e+05   2.20e-25
  7.4977e+05   2.04e-25
  7.6933e+05   1.90e-25
  7.8939e+05   1.76e-25
  8.0998e+05   1.63e-25
  8.3111e+05   1.52e-25
  8.5279e+05   1.41e-25
  8.7503e+05   1.30e-25
  8.9785e+05   1.20e-25
  9.2127e+05   1.12e-25
  9.4530e+05   1.03e-25
  9.6996e+05   9.51e-26
  9.9526e+05   8.75e-26
  1.0212e+06   8.09e-26
  1.0479e+06   7.47e-26
  1.0752e+06   6.87e-26
  1.1032e+06   6.29e-26
  1.1320e+06   5.79e-26
  1.1615e+06   5.33e-26
  1.1918e+06   4.89e-26
  1.2229e+06   4.47e-26
  1.2548e+06   4.08e-26
  1.2875e+06   3.75e-26
  1.3211e+06   3.44e-26
  1.3556e+06   3.14e-26
  1.3909e+06   2.85e-26
  1.4272e+06   2.61e-26
  1.4644e+06   2.38e-26
  1.5026e+06   2.17e-26
  1.5418e+06   1.97e-26
  1.5820e+06   1.78e-26
  1.6233e+06   1.63e-26
  1.6657e+06   1.48e-26
  1.7091e+06   1.34e-26
  1.7537e+06   1.20e-26
  1.7994e+06   1.09e-26
  1.8464e+06   9.88e-27
  1.8945e+06   8.91e-27
  1.9439e+06   7.99e-27
  1.9946e+06   7.16e-27
  2.0467e+06   6.48e-27
  2.1000e+06   5.82e-27
  2.1548e+06   5.20e-27
  2.2110e+06   4.60e-27
  2.2687e+06   4.14e-27
  2.3279e+06   3.71e-27
  2.3886e+06   3.31e-27
  2.4509e+06   2.92e-27
  2.5148e+06   2.59e-27
  2.5804e+06   2.32e-27
  2.6477e+06   2.06e-27
  2.7168e+06   1.82e-27
  2.7876e+06   1.58e-27
  2.8603e+06   1.42e-27
  2.9349e+06   1.26e-27
  3.0115e+06   1.11e-27
  3.0900e+06   9.67e-28
  3.1706e+06   8.47e-28
  3.2533e+06   7.52e-28
  3.3382e+06   6.62e-28
  3.4253e+06   5.75e-28
  3.5146e+06   4.93e-28
  3.6063e+06   4.37e-28
  3.7003e+06   3.84e-28
  3.7969e+06   3.34e-28
  3.8959e+06   2.86e-28
  3.9975e+06   2.47e-28
  4.1018e+06   2.16e-28
  4.2088e+06   1.87e-28
  4.3185e+06   1.58e-28
  4.4312e+06   1.32e-28
  4.5467e+06   1.14e-28
  4.6653e+06   9.69e-29
  4.7870e+06   8.06e-29
  4.9119e+06   6.51e-29
  5.0400e+06   5.36e-29
