#  E [MeV]   Flux [# cm^{-2} s^{-1}  MeV^{-1}]
  3.0000e+04   1.29e-20
  3.1123e+04   1.24e-20
  3.2288e+04   1.19e-20
  3.3497e+04   1.14e-20
  3.4751e+04   1.09e-20
  3.6051e+04   1.05e-20
  3.7401e+04   1.01e-20
  3.8801e+04   9.65e-21
  4.0253e+04   9.26e-21
  4.1760e+04   8.88e-21
  4.3324e+04   8.52e-21
  4.4945e+04   8.17e-21
  4.6628e+04   7.83e-21
  4.8373e+04   7.51e-21
  5.0184e+04   7.20e-21
  5.2063e+04   6.90e-21
  5.4011e+04   6.62e-21
  5.6033e+04   6.34e-21
  5.8131e+04   6.08e-21
  6.0307e+04   5.82e-21
  6.2564e+04   5.58e-21
  6.4906e+04   5.34e-21
  6.7336e+04   5.12e-21
  6.9857e+04   4.90e-21
  7.2472e+04   4.69e-21
  7.5184e+04   4.49e-21
  7.7999e+04   4.30e-21
  8.0919e+04   4.11e-21
  8.3948e+04   3.93e-21
  8.7090e+04   3.76e-21
  9.0350e+04   3.60e-21
  9.3732e+04   3.44e-21
  9.7241e+04   3.29e-21
  1.0088e+05   3.14e-21
  1.0466e+05   3.00e-21
  1.0858e+05   2.87e-21
  1.1264e+05   2.74e-21
  1.1686e+05   2.61e-21
  1.2123e+05   2.50e-21
  1.2577e+05   2.38e-21
  1.3048e+05   2.27e-21
  1.3536e+05   2.17e-21
  1.4043e+05   2.06e-21
  1.4568e+05   1.97e-21
  1.5114e+05   1.87e-21
  1.5680e+05   1.78e-21
  1.6266e+05   1.70e-21
  1.6875e+05   1.61e-21
  1.7507e+05   1.53e-21
  1.8162e+05   1.46e-21
  1.8842e+05   1.39e-21
  1.9548e+05   1.32e-21
  2.0279e+05   1.25e-21
  2.1039e+05   1.18e-21
  2.1826e+05   1.12e-21
  2.2643e+05   1.06e-21
  2.3491e+05   1.01e-21
  2.4370e+05   9.54e-22
  2.5282e+05   9.02e-22
  2.6229e+05   8.53e-22
  2.7211e+05   8.06e-22
  2.8229e+05   7.60e-22
  2.9286e+05   7.17e-22
  3.0382e+05   6.75e-22
  3.1519e+05   6.36e-22
  3.2699e+05   5.98e-22
  3.3923e+05   5.62e-22
  3.5193e+05   5.28e-22
  3.6511e+05   4.96e-22
  3.7877e+05   4.65e-22
  3.9295e+05   4.36e-22
  4.0766e+05   4.08e-22
  4.2292e+05   3.82e-22
  4.3875e+05   3.57e-22
  4.5518e+05   3.34e-22
  4.7222e+05   3.11e-22
  4.8989e+05   2.90e-22
  5.0823e+05   2.71e-22
  5.2726e+05   2.52e-22
  5.4699e+05   2.34e-22
  5.6747e+05   2.18e-22
  5.8871e+05   2.02e-22
  6.1075e+05   1.88e-22
  6.3361e+05   1.74e-22
  6.5733e+05   1.62e-22
  6.8194e+05   1.50e-22
  7.0746e+05   1.39e-22
  7.3395e+05   1.29e-22
  7.6142e+05   1.19e-22
  7.8992e+05   1.10e-22
  8.1949e+05   1.02e-22
  8.5017e+05   9.40e-23
  8.8199e+05   8.69e-23
  9.1501e+05   8.03e-23
  9.4926e+05   7.41e-23
  9.8479e+05   6.84e-23
  1.0217e+06   6.32e-23
  1.0599e+06   5.83e-23
  1.0996e+06   5.38e-23
  1.1407e+06   4.96e-23
  1.1834e+06   4.57e-23
  1.2277e+06   4.22e-23
  1.2737e+06   3.89e-23
  1.3214e+06   3.58e-23
  1.3708e+06   3.30e-23
  1.4222e+06   3.04e-23
  1.4754e+06   2.80e-23
  1.5306e+06   2.58e-23
  1.5879e+06   2.38e-23
  1.6474e+06   2.19e-23
  1.7090e+06   2.02e-23
  1.7730e+06   1.86e-23
  1.8394e+06   1.71e-23
  1.9082e+06   1.57e-23
  1.9797e+06   1.45e-23
  2.0538e+06   1.33e-23
  2.1306e+06   1.22e-23
  2.2104e+06   1.12e-23
  2.2931e+06   1.03e-23
  2.3790e+06   9.42e-24
  2.4680e+06   8.65e-24
  2.5604e+06   7.92e-24
  2.6563e+06   7.24e-24
  2.7557e+06   6.63e-24
  2.8589e+06   6.06e-24
  2.9659e+06   5.53e-24
  3.0769e+06   5.04e-24
  3.1921e+06   4.60e-24
  3.3116e+06   4.18e-24
  3.4355e+06   3.80e-24
  3.5641e+06   3.45e-24
  3.6976e+06   3.13e-24
  3.8360e+06   2.83e-24
  3.9796e+06   2.57e-24
  4.1285e+06   2.32e-24
  4.2831e+06   2.09e-24
  4.4434e+06   1.88e-24
  4.6097e+06   1.69e-24
  4.7823e+06   1.51e-24
  4.9613e+06   1.35e-24
  5.1470e+06   1.21e-24
  5.3397e+06   1.08e-24
  5.5396e+06   9.58e-25
  5.7470e+06   8.50e-25
  5.9621e+06   7.50e-25
  6.1853e+06   6.63e-25
  6.4168e+06   5.84e-25
  6.6570e+06   5.11e-25
  6.9062e+06   4.48e-25
  7.1647e+06   3.91e-25
  7.4329e+06   3.38e-25
  7.7112e+06   2.93e-25
  7.9998e+06   2.53e-25
  8.2993e+06   2.17e-25
  8.6100e+06   1.85e-25
  8.9323e+06   1.58e-25
  9.2666e+06   1.33e-25
  9.6135e+06   1.12e-25
  9.9734e+06   9.36e-26
  1.0347e+07   7.76e-26
  1.0734e+07   6.38e-26
  1.1136e+07   5.24e-26
  1.1553e+07   4.25e-26
  1.1985e+07   3.40e-26
  1.2434e+07   2.72e-26
  1.2899e+07   2.15e-26
  1.3382e+07   1.66e-26
  1.3883e+07   1.28e-26
  1.4403e+07   9.74e-27
  1.4942e+07   7.22e-27
  1.5501e+07   5.30e-27
  1.6081e+07   3.80e-27
  1.6683e+07   2.66e-27
  1.7308e+07   1.82e-27
  1.7956e+07   1.21e-27
  1.8628e+07   7.75e-28
  1.9325e+07   4.79e-28
  2.0049e+07   2.85e-28
  2.0799e+07   1.60e-28
  2.1578e+07   8.47e-29
  2.2386e+07   4.22e-29
  2.3224e+07   1.93e-29
  2.4093e+07   8.04e-30
  2.4995e+07   3.02e-30
  2.5930e+07   9.94e-31
  2.6901e+07   2.80e-31
  2.7908e+07   6.70e-32
  2.8953e+07   1.28e-32
  3.0037e+07   1.88e-33
  3.1161e+07   2.09e-34
  3.2327e+07   1.57e-35
  3.3537e+07   7.42e-37
  3.4793e+07   2.13e-38
  3.6095e+07   3.05e-40
  3.7446e+07   1.82e-42
  3.8848e+07   4.44e-45
  4.0302e+07   2.83e-48
  4.1811e+07   3.16e-52
  4.3376e+07   4.35e-57
  4.5000e+07   3.89e-63
