#  E [MeV]   Flux [# cm^{-2} s^{-1}  MeV^{-1}]
  3.0000e+04   2.13e-22
  3.0607e+04   2.06e-22
  3.1227e+04   1.99e-22
  3.1859e+04   1.93e-22
  3.2504e+04   1.86e-22
  3.3163e+04   1.80e-22
  3.3834e+04   1.74e-22
  3.4519e+04   1.69e-22
  3.5218e+04   1.63e-22
  3.5931e+04   1.57e-22
  3.6659e+04   1.52e-22
  3.7401e+04   1.47e-22
  3.8158e+04   1.42e-22
  3.8931e+04   1.37e-22
  3.9719e+04   1.32e-22
  4.0523e+04   1.28e-22
  4.1344e+04   1.23e-22
  4.2181e+04   1.19e-22
  4.3035e+04   1.15e-22
  4.3906e+04   1.11e-22
  4.4795e+04   1.07e-22
  4.5702e+04   1.03e-22
  4.6628e+04   9.93e-23
  4.7572e+04   9.57e-23
  4.8535e+04   9.22e-23
  4.9517e+04   8.88e-23
  5.0520e+04   8.55e-23
  5.1543e+04   8.24e-23
  5.2587e+04   7.93e-23
  5.3651e+04   7.63e-23
  5.4738e+04   7.34e-23
  5.5846e+04   7.06e-23
  5.6977e+04   6.79e-23
  5.8130e+04   6.53e-23
  5.9307e+04   6.28e-23
  6.0508e+04   6.03e-23
  6.1733e+04   5.80e-23
  6.2983e+04   5.57e-23
  6.4258e+04   5.35e-23
  6.5559e+04   5.13e-23
  6.6887e+04   4.93e-23
  6.8241e+04   4.73e-23
  6.9623e+04   4.53e-23
  7.1033e+04   4.35e-23
  7.2471e+04   4.17e-23
  7.3938e+04   4.00e-23
  7.5435e+04   3.83e-23
  7.6963e+04   3.67e-23
  7.8521e+04   3.51e-23
  8.0111e+04   3.36e-23
  8.1733e+04   3.21e-23
  8.3388e+04   3.07e-23
  8.5076e+04   2.94e-23
  8.6799e+04   2.81e-23
  8.8556e+04   2.68e-23
  9.0349e+04   2.56e-23
  9.2178e+04   2.45e-23
  9.4045e+04   2.34e-23
  9.5949e+04   2.23e-23
  9.7892e+04   2.13e-23
  9.9874e+04   2.03e-23
  1.0190e+05   1.93e-23
  1.0396e+05   1.84e-23
  1.0606e+05   1.75e-23
  1.0821e+05   1.67e-23
  1.1040e+05   1.59e-23
  1.1264e+05   1.51e-23
  1.1492e+05   1.44e-23
  1.1725e+05   1.37e-23
  1.1962e+05   1.30e-23
  1.2204e+05   1.23e-23
  1.2451e+05   1.17e-23
  1.2703e+05   1.11e-23
  1.2961e+05   1.05e-23
  1.3223e+05   9.97e-24
  1.3491e+05   9.44e-24
  1.3764e+05   8.94e-24
  1.4043e+05   8.47e-24
  1.4327e+05   8.02e-24
  1.4617e+05   7.59e-24
  1.4913e+05   7.16e-24
  1.5215e+05   6.75e-24
  1.5523e+05   6.39e-24
  1.5837e+05   6.03e-24
  1.6158e+05   5.69e-24
  1.6485e+05   5.36e-24
  1.6819e+05   5.04e-24
  1.7159e+05   4.73e-24
  1.7507e+05   4.46e-24
  1.7861e+05   4.20e-24
  1.8223e+05   3.95e-24
  1.8592e+05   3.71e-24
  1.8968e+05   3.47e-24
  1.9352e+05   3.25e-24
  1.9744e+05   3.06e-24
  2.0144e+05   2.87e-24
  2.0552e+05   2.69e-24
  2.0968e+05   2.51e-24
  2.1392e+05   2.34e-24
  2.1826e+05   2.19e-24
  2.2267e+05   2.05e-24
  2.2718e+05   1.92e-24
  2.3178e+05   1.79e-24
  2.3648e+05   1.66e-24
  2.4126e+05   1.54e-24
  2.4615e+05   1.44e-24
  2.5113e+05   1.35e-24
  2.5622e+05   1.25e-24
  2.6141e+05   1.16e-24
  2.6670e+05   1.08e-24
  2.7210e+05   9.98e-25
  2.7761e+05   9.29e-25
  2.8323e+05   8.64e-25
  2.8896e+05   8.01e-25
  2.9481e+05   7.40e-25
  3.0078e+05   6.81e-25
  3.0687e+05   6.29e-25
  3.1309e+05   5.84e-25
  3.1943e+05   5.40e-25
  3.2589e+05   4.98e-25
  3.3249e+05   4.57e-25
  3.3922e+05   4.18e-25
  3.4609e+05   3.86e-25
  3.5310e+05   3.56e-25
  3.6025e+05   3.28e-25
  3.6754e+05   3.01e-25
  3.7498e+05   2.75e-25
  3.8258e+05   2.50e-25
  3.9032e+05   2.30e-25
  3.9823e+05   2.12e-25
  4.0629e+05   1.94e-25
  4.1452e+05   1.77e-25
  4.2291e+05   1.61e-25
  4.3147e+05   1.46e-25
  4.4021e+05   1.34e-25
  4.4912e+05   1.23e-25
  4.5821e+05   1.12e-25
  4.6749e+05   1.01e-25
  4.7696e+05   9.16e-26
  4.8661e+05   8.31e-26
  4.9647e+05   7.61e-26
  5.0652e+05   6.93e-26
  5.1678e+05   6.29e-26
  5.2724e+05   5.68e-26
  5.3791e+05   5.09e-26
  5.4881e+05   4.63e-26
  5.5992e+05   4.22e-26
  5.7125e+05   3.83e-26
  5.8282e+05   3.45e-26
  5.9462e+05   3.10e-26
  6.0666e+05   2.76e-26
  6.1894e+05   2.52e-26
  6.3148e+05   2.28e-26
  6.4426e+05   2.06e-26
  6.5731e+05   1.85e-26
  6.7061e+05   1.65e-26
  6.8419e+05   1.47e-26
  6.9805e+05   1.34e-26
  7.1218e+05   1.21e-26
  7.2660e+05   1.09e-26
  7.4131e+05   9.78e-27
  7.5632e+05   8.69e-27
  7.7163e+05   7.80e-27
  7.8726e+05   7.10e-27
  8.0320e+05   6.43e-27
  8.1946e+05   5.79e-27
  8.3605e+05   5.19e-27
  8.5298e+05   4.61e-27
  8.7025e+05   4.19e-27
  8.8787e+05   3.82e-27
  9.0585e+05   3.47e-27
  9.2419e+05   3.13e-27
  9.4290e+05   2.81e-27
  9.6199e+05   2.51e-27
  9.8147e+05   2.31e-27
  1.0013e+06   2.13e-27
  1.0216e+06   1.95e-27
  1.0423e+06   1.78e-27
  1.0634e+06   1.62e-27
  1.0849e+06   1.48e-27
  1.1069e+06   1.37e-27
  1.1293e+06   1.27e-27
  1.1522e+06   1.18e-27
  1.1755e+06   1.09e-27
  1.1993e+06   1.00e-27
  1.2236e+06   9.31e-28
  1.2484e+06   8.70e-28
  1.2736e+06   8.11e-28
  1.2994e+06   7.55e-28
  1.3257e+06   7.02e-28
  1.3526e+06   6.50e-28
  1.3800e+06   6.07e-28
  1.4079e+06   5.66e-28
  1.4364e+06   5.27e-28
  1.4655e+06   4.90e-28
  1.4952e+06   4.54e-28
  1.5255e+06   4.21e-28
  1.5563e+06   3.98e-28
  1.5879e+06   3.77e-28
  1.6200e+06   3.56e-28
