#  E [GeV]   # per interaction  [GeV^{-1}]
  3.0000e+01   1.64e-01
  3.0589e+01   1.59e-01
  3.1190e+01   1.54e-01
  3.1803e+01   1.49e-01
  3.2428e+01   1.44e-01
  3.3065e+01   1.39e-01
  3.3714e+01   1.35e-01
  3.4376e+01   1.30e-01
  3.5052e+01   1.26e-01
  3.5740e+01   1.22e-01
  3.6442e+01   1.18e-01
  3.7158e+01   1.14e-01
  3.7888e+01   1.10e-01
  3.8632e+01   1.06e-01
  3.9391e+01   1.03e-01
  4.0165e+01   9.91e-02
  4.0954e+01   9.57e-02
  4.1758e+01   9.24e-02
  4.2579e+01   8.92e-02
  4.3415e+01   8.61e-02
  4.4268e+01   8.31e-02
  4.5138e+01   8.01e-02
  4.6024e+01   7.73e-02
  4.6928e+01   7.45e-02
  4.7850e+01   7.19e-02
  4.8790e+01   6.93e-02
  4.9749e+01   6.68e-02
  5.0726e+01   6.44e-02
  5.1722e+01   6.20e-02
  5.2738e+01   5.97e-02
  5.3774e+01   5.76e-02
  5.4831e+01   5.55e-02
  5.5908e+01   5.34e-02
  5.7006e+01   5.14e-02
  5.8126e+01   4.95e-02
  5.9268e+01   4.76e-02
  6.0432e+01   4.58e-02
  6.1619e+01   4.41e-02
  6.2829e+01   4.24e-02
  6.4064e+01   4.08e-02
  6.5322e+01   3.92e-02
  6.6605e+01   3.76e-02
  6.7913e+01   3.62e-02
  6.9248e+01   3.48e-02
  7.0608e+01   3.34e-02
  7.1995e+01   3.21e-02
  7.3409e+01   3.08e-02
  7.4851e+01   2.95e-02
  7.6321e+01   2.84e-02
  7.7821e+01   2.72e-02
  7.9349e+01   2.61e-02
  8.0908e+01   2.50e-02
  8.2497e+01   2.40e-02
  8.4118e+01   2.30e-02
  8.5770e+01   2.20e-02
  8.7455e+01   2.11e-02
  8.9173e+01   2.02e-02
  9.0925e+01   1.94e-02
  9.2711e+01   1.85e-02
  9.4532e+01   1.77e-02
  9.6389e+01   1.70e-02
  9.8283e+01   1.63e-02
  1.0021e+02   1.56e-02
  1.0218e+02   1.49e-02
  1.0419e+02   1.42e-02
  1.0624e+02   1.36e-02
  1.0832e+02   1.30e-02
  1.1045e+02   1.24e-02
  1.1262e+02   1.18e-02
  1.1483e+02   1.13e-02
  1.1709e+02   1.08e-02
  1.1939e+02   1.03e-02
  1.2173e+02   9.82e-03
  1.2412e+02   9.37e-03
  1.2656e+02   8.93e-03
  1.2905e+02   8.51e-03
  1.3158e+02   8.09e-03
  1.3417e+02   7.71e-03
  1.3680e+02   7.35e-03
  1.3949e+02   6.99e-03
  1.4223e+02   6.65e-03
  1.4503e+02   6.32e-03
  1.4787e+02   6.00e-03
  1.5078e+02   5.70e-03
  1.5374e+02   5.42e-03
  1.5676e+02   5.15e-03
  1.5984e+02   4.89e-03
  1.6298e+02   4.64e-03
  1.6618e+02   4.39e-03
  1.6945e+02   4.17e-03
  1.7278e+02   3.95e-03
  1.7617e+02   3.75e-03
  1.7963e+02   3.55e-03
  1.8316e+02   3.36e-03
  1.8676e+02   3.17e-03
  1.9042e+02   3.00e-03
  1.9417e+02   2.84e-03
  1.9798e+02   2.69e-03
  2.0187e+02   2.54e-03
  2.0583e+02   2.40e-03
  2.0988e+02   2.26e-03
  2.1400e+02   2.13e-03
  2.1820e+02   2.01e-03
  2.2249e+02   1.90e-03
  2.2686e+02   1.79e-03
  2.3132e+02   1.68e-03
  2.3586e+02   1.58e-03
  2.4049e+02   1.49e-03
  2.4522e+02   1.40e-03
  2.5004e+02   1.32e-03
  2.5495e+02   1.24e-03
  2.5996e+02   1.16e-03
  2.6506e+02   1.08e-03
  2.7027e+02   1.02e-03
  2.7558e+02   9.56e-04
  2.8099e+02   8.95e-04
  2.8651e+02   8.37e-04
  2.9214e+02   7.81e-04
  2.9788e+02   7.27e-04
  3.0373e+02   6.81e-04
  3.0970e+02   6.37e-04
  3.1578e+02   5.94e-04
  3.2198e+02   5.53e-04
  3.2831e+02   5.14e-04
  3.3476e+02   4.77e-04
  3.4133e+02   4.45e-04
  3.4804e+02   4.14e-04
  3.5487e+02   3.85e-04
  3.6185e+02   3.57e-04
  3.6895e+02   3.30e-04
  3.7620e+02   3.05e-04
  3.8359e+02   2.84e-04
  3.9113e+02   2.63e-04
  3.9881e+02   2.43e-04
  4.0664e+02   2.24e-04
  4.1463e+02   2.06e-04
  4.2278e+02   1.90e-04
  4.3108e+02   1.76e-04
  4.3955e+02   1.62e-04
  4.4818e+02   1.49e-04
  4.5699e+02   1.37e-04
  4.6596e+02   1.25e-04
  4.7512e+02   1.15e-04
  4.8445e+02   1.06e-04
  4.9397e+02   9.74e-05
  5.0367e+02   8.92e-05
  5.1356e+02   8.14e-05
  5.2365e+02   7.40e-05
  5.3394e+02   6.76e-05
  5.4443e+02   6.20e-05
  5.5512e+02   5.66e-05
  5.6603e+02   5.15e-05
  5.7715e+02   4.67e-05
  5.8848e+02   4.21e-05
  6.0004e+02   3.83e-05
  6.1183e+02   3.49e-05
  6.2385e+02   3.18e-05
  6.3610e+02   2.87e-05
  6.4860e+02   2.59e-05
  6.6134e+02   2.32e-05
  6.7433e+02   2.10e-05
  6.8758e+02   1.91e-05
  7.0108e+02   1.73e-05
  7.1486e+02   1.55e-05
  7.2890e+02   1.39e-05
  7.4322e+02   1.23e-05
  7.5782e+02   1.12e-05
  7.7270e+02   1.01e-05
  7.8788e+02   9.10e-06
  8.0336e+02   8.15e-06
  8.1914e+02   7.25e-06
  8.3523e+02   6.40e-06
  8.5164e+02   5.77e-06
  8.6837e+02   5.20e-06
  8.8542e+02   4.66e-06
  9.0282e+02   4.15e-06
  9.2055e+02   3.67e-06
  9.3863e+02   3.21e-06
  9.5707e+02   2.89e-06
  9.7587e+02   2.60e-06
  9.9504e+02   2.32e-06
  1.0146e+03   2.05e-06
  1.0345e+03   1.80e-06
  1.0548e+03   1.56e-06
  1.0756e+03   1.40e-06
  1.0967e+03   1.25e-06
  1.1182e+03   1.11e-06
  1.1402e+03   9.68e-07
  1.1626e+03   8.38e-07
  1.1854e+03   7.19e-07
  1.2087e+03   6.38e-07
  1.2325e+03   5.61e-07
  1.2567e+03   4.88e-07
  1.2814e+03   4.18e-07
  1.3065e+03   3.53e-07
  1.3322e+03   2.96e-07
  1.3584e+03   2.65e-07
  1.3851e+03   2.35e-07
  1.4123e+03   2.07e-07
  1.4400e+03   1.80e-07
