#  E [MeV]   Flux [# cm^{-2} s^{-1}  MeV^{-1}]
  3.0000e+04   3.76e-22
  3.0696e+04   3.63e-22
  3.1408e+04   3.51e-22
  3.2137e+04   3.40e-22
  3.2883e+04   3.28e-22
  3.3646e+04   3.17e-22
  3.4426e+04   3.06e-22
  3.5225e+04   2.96e-22
  3.6042e+04   2.86e-22
  3.6878e+04   2.75e-22
  3.7734e+04   2.66e-22
  3.8609e+04   2.56e-22
  3.9505e+04   2.47e-22
  4.0422e+04   2.38e-22
  4.1360e+04   2.29e-22
  4.2319e+04   2.21e-22
  4.3301e+04   2.13e-22
  4.4306e+04   2.05e-22
  4.5334e+04   1.98e-22
  4.6386e+04   1.90e-22
  4.7462e+04   1.83e-22
  4.8563e+04   1.77e-22
  4.9690e+04   1.70e-22
  5.0843e+04   1.64e-22
  5.2022e+04   1.58e-22
  5.3229e+04   1.52e-22
  5.4464e+04   1.46e-22
  5.5728e+04   1.41e-22
  5.7021e+04   1.35e-22
  5.8344e+04   1.30e-22
  5.9697e+04   1.25e-22
  6.1083e+04   1.20e-22
  6.2500e+04   1.16e-22
  6.3950e+04   1.11e-22
  6.5434e+04   1.07e-22
  6.6952e+04   1.03e-22
  6.8505e+04   9.90e-23
  7.0095e+04   9.51e-23
  7.1721e+04   9.14e-23
  7.3385e+04   8.77e-23
  7.5088e+04   8.42e-23
  7.6830e+04   8.08e-23
  7.8612e+04   7.75e-23
  8.0436e+04   7.44e-23
  8.2302e+04   7.13e-23
  8.4212e+04   6.84e-23
  8.6166e+04   6.55e-23
  8.8165e+04   6.28e-23
  9.0210e+04   6.01e-23
  9.2304e+04   5.76e-23
  9.4445e+04   5.51e-23
  9.6636e+04   5.28e-23
  9.8878e+04   5.05e-23
  1.0117e+05   4.83e-23
  1.0352e+05   4.62e-23
  1.0592e+05   4.41e-23
  1.0838e+05   4.22e-23
  1.1089e+05   4.03e-23
  1.1347e+05   3.85e-23
  1.1610e+05   3.67e-23
  1.1879e+05   3.51e-23
  1.2155e+05   3.35e-23
  1.2437e+05   3.19e-23
  1.2725e+05   3.04e-23
  1.3021e+05   2.90e-23
  1.3323e+05   2.76e-23
  1.3632e+05   2.63e-23
  1.3948e+05   2.51e-23
  1.4272e+05   2.38e-23
  1.4603e+05   2.27e-23
  1.4942e+05   2.16e-23
  1.5288e+05   2.05e-23
  1.5643e+05   1.95e-23
  1.6006e+05   1.85e-23
  1.6377e+05   1.75e-23
  1.6757e+05   1.67e-23
  1.7146e+05   1.58e-23
  1.7544e+05   1.50e-23
  1.7951e+05   1.42e-23
  1.8368e+05   1.34e-23
  1.8794e+05   1.27e-23
  1.9230e+05   1.20e-23
  1.9676e+05   1.14e-23
  2.0132e+05   1.07e-23
  2.0600e+05   1.02e-23
  2.1078e+05   9.59e-24
  2.1567e+05   9.05e-24
  2.2067e+05   8.53e-24
  2.2579e+05   8.03e-24
  2.3103e+05   7.58e-24
  2.3639e+05   7.14e-24
  2.4187e+05   6.72e-24
  2.4748e+05   6.32e-24
  2.5323e+05   5.93e-24
  2.5910e+05   5.58e-24
  2.6511e+05   5.25e-24
  2.7126e+05   4.92e-24
  2.7756e+05   4.61e-24
  2.8400e+05   4.31e-24
  2.9059e+05   4.05e-24
  2.9733e+05   3.79e-24
  3.0423e+05   3.55e-24
  3.1129e+05   3.31e-24
  3.1851e+05   3.08e-24
  3.2590e+05   2.88e-24
  3.3346e+05   2.69e-24
  3.4120e+05   2.51e-24
  3.4911e+05   2.34e-24
  3.5721e+05   2.17e-24
  3.6550e+05   2.02e-24
  3.7398e+05   1.88e-24
  3.8266e+05   1.75e-24
  3.9154e+05   1.62e-24
  4.0062e+05   1.50e-24
  4.0991e+05   1.39e-24
  4.1943e+05   1.29e-24
  4.2916e+05   1.20e-24
  4.3911e+05   1.11e-24
  4.4930e+05   1.02e-24
  4.5973e+05   9.43e-25
  4.7039e+05   8.73e-25
  4.8131e+05   8.06e-25
  4.9247e+05   7.41e-25
  5.0390e+05   6.79e-25
  5.1559e+05   6.27e-25
  5.2755e+05   5.79e-25
  5.3979e+05   5.32e-25
  5.5232e+05   4.88e-25
  5.6513e+05   4.45e-25
  5.7824e+05   4.09e-25
  5.9166e+05   3.76e-25
  6.0539e+05   3.45e-25
  6.1943e+05   3.14e-25
  6.3381e+05   2.85e-25
  6.4851e+05   2.62e-25
  6.6356e+05   2.40e-25
  6.7895e+05   2.19e-25
  6.9471e+05   1.99e-25
  7.1082e+05   1.79e-25
  7.2732e+05   1.64e-25
  7.4419e+05   1.50e-25
  7.6146e+05   1.36e-25
  7.7912e+05   1.23e-25
  7.9720e+05   1.11e-25
  8.1570e+05   1.01e-25
  8.3462e+05   9.19e-26
  8.5399e+05   8.33e-26
  8.7380e+05   7.51e-26
  8.9407e+05   6.72e-26
  9.1482e+05   6.10e-26
  9.3604e+05   5.55e-26
  9.5776e+05   5.01e-26
  9.7998e+05   4.50e-26
  1.0027e+06   4.01e-26
  1.0260e+06   3.63e-26
  1.0498e+06   3.29e-26
  1.0741e+06   2.97e-26
  1.0991e+06   2.66e-26
  1.1246e+06   2.36e-26
  1.1507e+06   2.13e-26
  1.1774e+06   1.93e-26
  1.2047e+06   1.73e-26
  1.2326e+06   1.55e-26
  1.2612e+06   1.37e-26
  1.2905e+06   1.23e-26
  1.3204e+06   1.11e-26
  1.3511e+06   1.00e-26
  1.3824e+06   8.95e-27
  1.4145e+06   7.92e-27
  1.4473e+06   7.14e-27
  1.4809e+06   6.48e-27
  1.5152e+06   5.84e-27
  1.5504e+06   5.23e-27
  1.5864e+06   4.64e-27
  1.6232e+06   4.20e-27
  1.6608e+06   3.82e-27
  1.6994e+06   3.46e-27
  1.7388e+06   3.12e-27
  1.7791e+06   2.79e-27
  1.8204e+06   2.54e-27
  1.8626e+06   2.34e-27
  1.9059e+06   2.14e-27
  1.9501e+06   1.95e-27
  1.9953e+06   1.77e-27
  2.0416e+06   1.63e-27
  2.0890e+06   1.52e-27
  2.1375e+06   1.41e-27
  2.1870e+06   1.30e-27
  2.2378e+06   1.19e-27
  2.2897e+06   1.11e-27
  2.3428e+06   1.03e-27
  2.3972e+06   9.62e-28
  2.4528e+06   8.93e-28
  2.5097e+06   8.28e-28
  2.5680e+06   7.67e-28
  2.6275e+06   7.12e-28
  2.6885e+06   6.59e-28
  2.7509e+06   6.07e-28
  2.8147e+06   5.58e-28
  2.8800e+06   5.20e-28
