#  E [MeV]   Flux [# cm^{-2} s^{-1}  MeV^{-1}]
  3.0000e+04   4.14e-25
  3.1051e+04   3.99e-25
  3.2139e+04   3.84e-25
  3.3266e+04   3.70e-25
  3.4432e+04   3.57e-25
  3.5638e+04   3.43e-25
  3.6887e+04   3.31e-25
  3.8180e+04   3.18e-25
  3.9518e+04   3.07e-25
  4.0903e+04   2.95e-25
  4.2336e+04   2.84e-25
  4.3820e+04   2.73e-25
  4.5355e+04   2.63e-25
  4.6945e+04   2.53e-25
  4.8590e+04   2.43e-25
  5.0293e+04   2.34e-25
  5.2055e+04   2.25e-25
  5.3879e+04   2.16e-25
  5.5767e+04   2.08e-25
  5.7722e+04   2.00e-25
  5.9745e+04   1.92e-25
  6.1838e+04   1.85e-25
  6.4005e+04   1.77e-25
  6.6248e+04   1.70e-25
  6.8570e+04   1.64e-25
  7.0973e+04   1.57e-25
  7.3460e+04   1.51e-25
  7.6034e+04   1.45e-25
  7.8699e+04   1.39e-25
  8.1457e+04   1.33e-25
  8.4311e+04   1.27e-25
  8.7266e+04   1.22e-25
  9.0324e+04   1.17e-25
  9.3490e+04   1.12e-25
  9.6766e+04   1.07e-25
  1.0016e+05   1.03e-25
  1.0367e+05   9.83e-26
  1.0730e+05   9.40e-26
  1.1106e+05   8.99e-26
  1.1495e+05   8.60e-26
  1.1898e+05   8.21e-26
  1.2315e+05   7.85e-26
  1.2747e+05   7.49e-26
  1.3193e+05   7.15e-26
  1.3656e+05   6.82e-26
  1.4134e+05   6.50e-26
  1.4629e+05   6.20e-26
  1.5142e+05   5.90e-26
  1.5673e+05   5.62e-26
  1.6222e+05   5.35e-26
  1.6790e+05   5.09e-26
  1.7379e+05   4.84e-26
  1.7988e+05   4.59e-26
  1.8618e+05   4.36e-26
  1.9271e+05   4.14e-26
  1.9946e+05   3.92e-26
  2.0645e+05   3.72e-26
  2.1369e+05   3.52e-26
  2.2117e+05   3.33e-26
  2.2892e+05   3.15e-26
  2.3695e+05   2.97e-26
  2.4525e+05   2.81e-26
  2.5385e+05   2.65e-26
  2.6274e+05   2.50e-26
  2.7195e+05   2.35e-26
  2.8148e+05   2.21e-26
  2.9134e+05   2.08e-26
  3.0155e+05   1.95e-26
  3.1212e+05   1.83e-26
  3.2306e+05   1.72e-26
  3.3438e+05   1.61e-26
  3.4610e+05   1.50e-26
  3.5823e+05   1.40e-26
  3.7078e+05   1.31e-26
  3.8377e+05   1.22e-26
  3.9722e+05   1.14e-26
  4.1114e+05   1.06e-26
  4.2555e+05   9.86e-27
  4.4046e+05   9.16e-27
  4.5590e+05   8.50e-27
  4.7188e+05   7.88e-27
  4.8841e+05   7.30e-27
  5.0553e+05   6.75e-27
  5.2324e+05   6.24e-27
  5.4158e+05   5.77e-27
  5.6056e+05   5.33e-27
  5.8020e+05   4.91e-27
  6.0054e+05   4.53e-27
  6.2158e+05   4.17e-27
  6.4337e+05   3.84e-27
  6.6591e+05   3.53e-27
  6.8925e+05   3.24e-27
  7.1340e+05   2.98e-27
  7.3840e+05   2.73e-27
  7.6428e+05   2.51e-27
  7.9106e+05   2.30e-27
  8.1878e+05   2.11e-27
  8.4748e+05   1.93e-27
  8.7718e+05   1.77e-27
  9.0792e+05   1.62e-27
  9.3973e+05   1.48e-27
  9.7267e+05   1.36e-27
  1.0068e+06   1.24e-27
  1.0420e+06   1.14e-27
  1.0785e+06   1.04e-27
  1.1163e+06   9.51e-28
  1.1555e+06   8.70e-28
  1.1960e+06   7.96e-28
  1.2379e+06   7.29e-28
  1.2813e+06   6.66e-28
  1.3262e+06   6.09e-28
  1.3726e+06   5.58e-28
  1.4207e+06   5.10e-28
  1.4705e+06   4.66e-28
  1.5220e+06   4.26e-28
  1.5754e+06   3.90e-28
  1.6306e+06   3.56e-28
  1.6877e+06   3.26e-28
  1.7469e+06   2.98e-28
  1.8081e+06   2.72e-28
  1.8715e+06   2.48e-28
  1.9370e+06   2.27e-28
  2.0049e+06   2.07e-28
  2.0752e+06   1.88e-28
  2.1479e+06   1.72e-28
  2.2232e+06   1.57e-28
  2.3011e+06   1.43e-28
  2.3817e+06   1.30e-28
  2.4652e+06   1.18e-28
  2.5516e+06   1.07e-28
  2.6410e+06   9.74e-29
  2.7336e+06   8.84e-29
  2.8294e+06   8.00e-29
  2.9285e+06   7.22e-29
  3.0311e+06   6.53e-29
  3.1374e+06   5.89e-29
  3.2473e+06   5.30e-29
  3.3611e+06   4.77e-29
  3.4789e+06   4.28e-29
  3.6008e+06   3.83e-29
  3.7270e+06   3.42e-29
  3.8576e+06   3.06e-29
  3.9928e+06   2.73e-29
  4.1327e+06   2.42e-29
  4.2775e+06   2.15e-29
  4.4274e+06   1.90e-29
  4.5826e+06   1.67e-29
  4.7432e+06   1.47e-29
  4.9094e+06   1.29e-29
  5.0815e+06   1.13e-29
  5.2595e+06   9.81e-30
  5.4438e+06   8.53e-30
  5.6346e+06   7.37e-30
  5.8321e+06   6.31e-30
  6.0365e+06   5.43e-30
  6.2480e+06   4.64e-30
  6.4670e+06   3.92e-30
  6.6936e+06   3.31e-30
  6.9282e+06   2.79e-30
  7.1709e+06   2.33e-30
  7.4222e+06   1.92e-30
  7.6823e+06   1.60e-30
  7.9516e+06   1.31e-30
  8.2302e+06   1.06e-30
  8.5186e+06   8.57e-31
  8.8172e+06   6.87e-31
  9.1262e+06   5.42e-31
  9.4460e+06   4.26e-31
  9.7770e+06   3.32e-31
  1.0120e+07   2.55e-31
  1.0474e+07   1.92e-31
  1.0841e+07   1.45e-31
  1.1221e+07   1.07e-31
  1.1614e+07   7.68e-32
  1.2022e+07   5.53e-32
  1.2443e+07   3.89e-32
  1.2879e+07   2.65e-32
  1.3330e+07   1.78e-32
  1.3797e+07   1.18e-32
  1.4281e+07   7.50e-33
  1.4781e+07   4.60e-33
  1.5299e+07   2.81e-33
  1.5835e+07   1.64e-33
  1.6390e+07   9.02e-34
  1.6965e+07   4.89e-34
  1.7559e+07   2.51e-34
  1.8175e+07   1.20e-34
  1.8812e+07   5.47e-35
  1.9471e+07   2.35e-35
  2.0153e+07   9.23e-36
  2.0859e+07   3.27e-36
  2.1590e+07   1.08e-36
  2.2347e+07   3.14e-37
  2.3130e+07   7.81e-38
  2.3941e+07   1.71e-38
  2.4780e+07   3.13e-39
  2.5648e+07   4.54e-40
  2.6547e+07   5.22e-41
  2.7477e+07   4.65e-42
  2.8440e+07   2.87e-43
