#  E [MeV]   Flux [# cm^{-2} s^{-1}  MeV^{-1}]
  3.0000e+04   1.57e-25
  3.1232e+04   1.50e-25
  3.2514e+04   1.43e-25
  3.3849e+04   1.37e-25
  3.5238e+04   1.31e-25
  3.6685e+04   1.25e-25
  3.8191e+04   1.20e-25
  3.9759e+04   1.14e-25
  4.1391e+04   1.09e-25
  4.3090e+04   1.04e-25
  4.4859e+04   9.96e-26
  4.6701e+04   9.51e-26
  4.8618e+04   9.08e-26
  5.0614e+04   8.67e-26
  5.2692e+04   8.28e-26
  5.4855e+04   7.91e-26
  5.7107e+04   7.55e-26
  5.9451e+04   7.20e-26
  6.1892e+04   6.88e-26
  6.4433e+04   6.56e-26
  6.7078e+04   6.26e-26
  6.9832e+04   5.97e-26
  7.2699e+04   5.70e-26
  7.5683e+04   5.44e-26
  7.8790e+04   5.19e-26
  8.2025e+04   4.95e-26
  8.5392e+04   4.72e-26
  8.8898e+04   4.50e-26
  9.2547e+04   4.29e-26
  9.6347e+04   4.09e-26
  1.0030e+05   3.89e-26
  1.0442e+05   3.71e-26
  1.0871e+05   3.54e-26
  1.1317e+05   3.37e-26
  1.1782e+05   3.21e-26
  1.2265e+05   3.05e-26
  1.2769e+05   2.91e-26
  1.3293e+05   2.77e-26
  1.3839e+05   2.63e-26
  1.4407e+05   2.51e-26
  1.4998e+05   2.38e-26
  1.5614e+05   2.27e-26
  1.6255e+05   2.15e-26
  1.6922e+05   2.05e-26
  1.7617e+05   1.94e-26
  1.8340e+05   1.85e-26
  1.9093e+05   1.75e-26
  1.9877e+05   1.66e-26
  2.0693e+05   1.58e-26
  2.1543e+05   1.50e-26
  2.2427e+05   1.42e-26
  2.3348e+05   1.34e-26
  2.4306e+05   1.27e-26
  2.5304e+05   1.21e-26
  2.6343e+05   1.14e-26
  2.7424e+05   1.08e-26
  2.8550e+05   1.02e-26
  2.9722e+05   9.63e-27
  3.0942e+05   9.09e-27
  3.2213e+05   8.58e-27
  3.3535e+05   8.09e-27
  3.4912e+05   7.63e-27
  3.6345e+05   7.18e-27
  3.7837e+05   6.76e-27
  3.9390e+05   6.36e-27
  4.1008e+05   5.98e-27
  4.2691e+05   5.62e-27
  4.4444e+05   5.27e-27
  4.6268e+05   4.95e-27
  4.8168e+05   4.64e-27
  5.0145e+05   4.35e-27
  5.2204e+05   4.07e-27
  5.4347e+05   3.81e-27
  5.6578e+05   3.56e-27
  5.8901e+05   3.33e-27
  6.1319e+05   3.11e-27
  6.3836e+05   2.90e-27
  6.6457e+05   2.71e-27
  6.9185e+05   2.52e-27
  7.2025e+05   2.35e-27
  7.4982e+05   2.19e-27
  7.8061e+05   2.04e-27
  8.1265e+05   1.90e-27
  8.4601e+05   1.76e-27
  8.8075e+05   1.64e-27
  9.1690e+05   1.52e-27
  9.5455e+05   1.42e-27
  9.9373e+05   1.31e-27
  1.0345e+06   1.22e-27
  1.0770e+06   1.13e-27
  1.1212e+06   1.05e-27
  1.1672e+06   9.75e-28
  1.2152e+06   9.04e-28
  1.2650e+06   8.38e-28
  1.3170e+06   7.77e-28
  1.3711e+06   7.20e-28
  1.4273e+06   6.67e-28
  1.4859e+06   6.18e-28
  1.5469e+06   5.72e-28
  1.6104e+06   5.30e-28
  1.6766e+06   4.91e-28
  1.7454e+06   4.54e-28
  1.8170e+06   4.20e-28
  1.8916e+06   3.89e-28
  1.9693e+06   3.59e-28
  2.0501e+06   3.32e-28
  2.1343e+06   3.07e-28
  2.2219e+06   2.83e-28
  2.3131e+06   2.61e-28
  2.4081e+06   2.41e-28
  2.5070e+06   2.22e-28
  2.6099e+06   2.05e-28
  2.7170e+06   1.88e-28
  2.8286e+06   1.73e-28
  2.9447e+06   1.59e-28
  3.0656e+06   1.46e-28
  3.1914e+06   1.34e-28
  3.3225e+06   1.23e-28
  3.4589e+06   1.12e-28
  3.6008e+06   1.03e-28
  3.7487e+06   9.40e-29
  3.9026e+06   8.57e-29
  4.0628e+06   7.82e-29
  4.2296e+06   7.12e-29
  4.4032e+06   6.47e-29
  4.5840e+06   5.87e-29
  4.7722e+06   5.32e-29
  4.9681e+06   4.81e-29
  5.1720e+06   4.35e-29
  5.3844e+06   3.91e-29
  5.6054e+06   3.52e-29
  5.8355e+06   3.17e-29
  6.0751e+06   2.83e-29
  6.3245e+06   2.54e-29
  6.5841e+06   2.26e-29
  6.8544e+06   2.01e-29
  7.1358e+06   1.79e-29
  7.4288e+06   1.58e-29
  7.7338e+06   1.39e-29
  8.0513e+06   1.23e-29
  8.3818e+06   1.08e-29
  8.7259e+06   9.38e-30
  9.0841e+06   8.17e-30
  9.4571e+06   7.06e-30
  9.8453e+06   6.08e-30
  1.0249e+07   5.22e-30
  1.0670e+07   4.44e-30
  1.1108e+07   3.76e-30
  1.1564e+07   3.17e-30
  1.2039e+07   2.64e-30
  1.2533e+07   2.19e-30
  1.3048e+07   1.80e-30
  1.3584e+07   1.46e-30
  1.4141e+07   1.17e-30
  1.4722e+07   9.31e-31
  1.5326e+07   7.26e-31
  1.5955e+07   5.61e-31
  1.6610e+07   4.25e-31
  1.7292e+07   3.14e-31
  1.8002e+07   2.28e-31
  1.8741e+07   1.61e-31
  1.9511e+07   1.10e-31
  2.0312e+07   7.29e-32
  2.1145e+07   4.62e-32
  2.2013e+07   2.79e-32
  2.2917e+07   1.61e-32
  2.3858e+07   8.60e-33
  2.4837e+07   4.27e-33
  2.5857e+07   1.94e-33
  2.6919e+07   7.88e-34
  2.8024e+07   2.81e-34
  2.9174e+07   8.57e-35
  3.0372e+07   2.14e-35
  3.1619e+07   4.25e-36
  3.2917e+07   6.29e-37
  3.4268e+07   6.45e-38
  3.5675e+07   4.27e-39
  3.7140e+07   1.60e-40
  3.8664e+07   2.90e-42
  4.0252e+07   2.13e-44
  4.1904e+07   4.79e-47
  4.3624e+07   2.32e-50
  4.5415e+07   1.52e-54
  4.7280e+07   6.98e-60
  4.9221e+07   9.16e-67
  5.1241e+07   3.46e-71
  5.3345e+07   3.36e-71
  5.5535e+07   3.31e-71
  5.7815e+07   3.31e-71
  6.0188e+07   3.30e-71
  6.2659e+07   3.38e-71
  6.5232e+07   3.51e-71
  6.7910e+07   3.63e-71
  7.0698e+07   4.02e-71
  7.3600e+07   4.49e-71
  7.6621e+07   4.91e-71
  7.9767e+07   6.81e-71
  8.3042e+07   8.82e-71
  8.6451e+07   1.07e-70
  9.0000e+07   1.53e-70
