#  E [GeV]   # per interaction  [GeV^{-1}]
  3.0000e+01   6.46e-01
  3.1141e+01   6.20e-01
  3.2326e+01   5.96e-01
  3.3556e+01   5.73e-01
  3.4832e+01   5.50e-01
  3.6157e+01   5.29e-01
  3.7533e+01   5.08e-01
  3.8961e+01   4.88e-01
  4.0443e+01   4.69e-01
  4.1982e+01   4.50e-01
  4.3579e+01   4.32e-01
  4.5237e+01   4.15e-01
  4.6958e+01   3.99e-01
  4.8744e+01   3.83e-01
  5.0598e+01   3.67e-01
  5.2523e+01   3.53e-01
  5.4521e+01   3.38e-01
  5.6596e+01   3.25e-01
  5.8749e+01   3.12e-01
  6.0984e+01   2.99e-01
  6.3304e+01   2.87e-01
  6.5712e+01   2.75e-01
  6.8212e+01   2.64e-01
  7.0807e+01   2.53e-01
  7.3500e+01   2.43e-01
  7.6297e+01   2.32e-01
  7.9199e+01   2.23e-01
  8.2212e+01   2.13e-01
  8.5340e+01   2.04e-01
  8.8586e+01   1.96e-01
  9.1956e+01   1.88e-01
  9.5455e+01   1.80e-01
  9.9086e+01   1.72e-01
  1.0286e+02   1.64e-01
  1.0677e+02   1.57e-01
  1.1083e+02   1.50e-01
  1.1505e+02   1.44e-01
  1.1942e+02   1.37e-01
  1.2397e+02   1.31e-01
  1.2868e+02   1.25e-01
  1.3358e+02   1.20e-01
  1.3866e+02   1.14e-01
  1.4394e+02   1.09e-01
  1.4941e+02   1.04e-01
  1.5509e+02   9.92e-02
  1.6100e+02   9.45e-02
  1.6712e+02   9.00e-02
  1.7348e+02   8.57e-02
  1.8008e+02   8.15e-02
  1.8693e+02   7.75e-02
  1.9404e+02   7.37e-02
  2.0142e+02   7.00e-02
  2.0908e+02   6.64e-02
  2.1704e+02   6.30e-02
  2.2529e+02   5.97e-02
  2.3387e+02   5.66e-02
  2.4276e+02   5.36e-02
  2.5200e+02   5.07e-02
  2.6158e+02   4.79e-02
  2.7154e+02   4.53e-02
  2.8187e+02   4.27e-02
  2.9259e+02   4.03e-02
  3.0372e+02   3.80e-02
  3.1527e+02   3.57e-02
  3.2727e+02   3.36e-02
  3.3972e+02   3.16e-02
  3.5264e+02   2.96e-02
  3.6606e+02   2.78e-02
  3.7998e+02   2.60e-02
  3.9444e+02   2.44e-02
  4.0945e+02   2.28e-02
  4.2502e+02   2.13e-02
  4.4119e+02   1.98e-02
  4.5798e+02   1.85e-02
  4.7540e+02   1.72e-02
  4.9348e+02   1.60e-02
  5.1226e+02   1.49e-02
  5.3175e+02   1.38e-02
  5.5198e+02   1.28e-02
  5.7297e+02   1.19e-02
  5.9477e+02   1.10e-02
  6.1740e+02   1.02e-02
  6.4089e+02   9.44e-03
  6.6527e+02   8.72e-03
  6.9058e+02   8.05e-03
  7.1685e+02   7.43e-03
  7.4412e+02   6.85e-03
  7.7243e+02   6.32e-03
  8.0181e+02   5.82e-03
  8.3232e+02   5.36e-03
  8.6398e+02   4.94e-03
  8.9685e+02   4.55e-03
  9.3097e+02   4.18e-03
  9.6638e+02   3.85e-03
  1.0031e+03   3.54e-03
  1.0413e+03   3.25e-03
  1.0809e+03   2.99e-03
  1.1220e+03   2.75e-03
  1.1647e+03   2.52e-03
  1.2090e+03   2.32e-03
  1.2550e+03   2.13e-03
  1.3028e+03   1.95e-03
  1.3523e+03   1.79e-03
  1.4038e+03   1.64e-03
  1.4572e+03   1.51e-03
  1.5126e+03   1.38e-03
  1.5702e+03   1.27e-03
  1.6299e+03   1.16e-03
  1.6919e+03   1.06e-03
  1.7563e+03   9.75e-04
  1.8231e+03   8.92e-04
  1.8925e+03   8.16e-04
  1.9645e+03   7.47e-04
  2.0392e+03   6.83e-04
  2.1168e+03   6.23e-04
  2.1973e+03   5.69e-04
  2.2809e+03   5.20e-04
  2.3677e+03   4.73e-04
  2.4577e+03   4.31e-04
  2.5512e+03   3.93e-04
  2.6483e+03   3.56e-04
  2.7490e+03   3.24e-04
  2.8536e+03   2.94e-04
  2.9622e+03   2.66e-04
  3.0749e+03   2.41e-04
  3.1918e+03   2.18e-04
  3.3133e+03   1.96e-04
  3.4393e+03   1.77e-04
  3.5702e+03   1.59e-04
  3.7060e+03   1.43e-04
  3.8470e+03   1.28e-04
  3.9933e+03   1.15e-04
  4.1452e+03   1.02e-04
  4.3029e+03   9.12e-05
  4.4666e+03   8.13e-05
  4.6366e+03   7.21e-05
  4.8129e+03   6.37e-05
  4.9960e+03   5.64e-05
  5.1861e+03   4.96e-05
  5.3834e+03   4.35e-05
  5.5882e+03   3.82e-05
  5.8008e+03   3.33e-05
  6.0215e+03   2.89e-05
  6.2506e+03   2.51e-05
  6.4883e+03   2.17e-05
  6.7352e+03   1.86e-05
  6.9914e+03   1.60e-05
  7.2574e+03   1.37e-05
  7.5335e+03   1.16e-05
  7.8201e+03   9.81e-06
  8.1176e+03   8.25e-06
  8.4264e+03   6.86e-06
  8.7470e+03   5.73e-06
  9.0797e+03   4.73e-06
  9.4251e+03   3.86e-06
  9.7837e+03   3.15e-06
  1.0156e+04   2.54e-06
  1.0542e+04   2.02e-06
  1.0943e+04   1.60e-06
  1.1360e+04   1.26e-06
  1.1792e+04   9.68e-07
  1.2240e+04   7.41e-07
  1.2706e+04   5.60e-07
  1.3189e+04   4.13e-07
  1.3691e+04   3.01e-07
  1.4212e+04   2.16e-07
  1.4753e+04   1.50e-07
  1.5314e+04   1.03e-07
  1.5897e+04   6.86e-08
  1.6501e+04   4.41e-08
  1.7129e+04   2.75e-08
  1.7781e+04   1.67e-08
  1.8457e+04   9.57e-09
  1.9159e+04   5.24e-09
  1.9888e+04   2.74e-09
  2.0645e+04   1.33e-09
  2.1430e+04   6.00e-10
  2.2245e+04   2.52e-10
  2.3092e+04   9.50e-11
  2.3970e+04   3.18e-11
  2.4882e+04   9.51e-12
  2.5829e+04   2.41e-12
  2.6811e+04   5.06e-13
  2.7831e+04   8.78e-14
  2.8890e+04   1.17e-14
  2.9989e+04   1.13e-15
  3.1130e+04   7.85e-17
  3.2314e+04   3.47e-18
  3.3544e+04   8.86e-20
  3.4820e+04   1.21e-21
  3.6144e+04   7.32e-24
  3.7519e+04   1.63e-26
  3.8947e+04   1.07e-29
  4.0428e+04   1.49e-33
  4.1966e+04   2.90e-38
  4.3563e+04   4.71e-44
  4.5220e+04   1.07e-47
  4.6941e+04   9.89e-48
  4.8726e+04   9.21e-48
  5.0580e+04   8.62e-48
