#  E [GeV]   # per interaction  [GeV^{-1}]
  3.0000e+01   2.29e-02
  3.1051e+01   2.21e-02
  3.2139e+01   2.12e-02
  3.3266e+01   2.04e-02
  3.4432e+01   1.97e-02
  3.5638e+01   1.89e-02
  3.6887e+01   1.82e-02
  3.8180e+01   1.75e-02
  3.9518e+01   1.68e-02
  4.0903e+01   1.61e-02
  4.2336e+01   1.55e-02
  4.3820e+01   1.49e-02
  4.5355e+01   1.43e-02
  4.6945e+01   1.37e-02
  4.8590e+01   1.32e-02
  5.0293e+01   1.26e-02
  5.2055e+01   1.21e-02
  5.3879e+01   1.16e-02
  5.5767e+01   1.11e-02
  5.7722e+01   1.07e-02
  5.9745e+01   1.02e-02
  6.1838e+01   9.79e-03
  6.4005e+01   9.38e-03
  6.6248e+01   8.98e-03
  6.8570e+01   8.60e-03
  7.0973e+01   8.23e-03
  7.3460e+01   7.87e-03
  7.6034e+01   7.53e-03
  7.8699e+01   7.20e-03
  8.1457e+01   6.89e-03
  8.4311e+01   6.58e-03
  8.7266e+01   6.29e-03
  9.0324e+01   6.01e-03
  9.3490e+01   5.74e-03
  9.6766e+01   5.48e-03
  1.0016e+02   5.23e-03
  1.0367e+02   4.99e-03
  1.0730e+02   4.77e-03
  1.1106e+02   4.55e-03
  1.1495e+02   4.33e-03
  1.1898e+02   4.13e-03
  1.2315e+02   3.94e-03
  1.2747e+02   3.75e-03
  1.3193e+02   3.57e-03
  1.3656e+02   3.40e-03
  1.4134e+02   3.24e-03
  1.4629e+02   3.08e-03
  1.5142e+02   2.93e-03
  1.5673e+02   2.79e-03
  1.6222e+02   2.65e-03
  1.6790e+02   2.52e-03
  1.7379e+02   2.40e-03
  1.7988e+02   2.27e-03
  1.8618e+02   2.16e-03
  1.9271e+02   2.05e-03
  1.9946e+02   1.94e-03
  2.0645e+02   1.84e-03
  2.1369e+02   1.75e-03
  2.2117e+02   1.66e-03
  2.2892e+02   1.57e-03
  2.3695e+02   1.49e-03
  2.4525e+02   1.41e-03
  2.5385e+02   1.33e-03
  2.6274e+02   1.26e-03
  2.7195e+02   1.19e-03
  2.8148e+02   1.12e-03
  2.9134e+02   1.06e-03
  3.0155e+02   1.00e-03
  3.1212e+02   9.45e-04
  3.2306e+02   8.91e-04
  3.3438e+02   8.40e-04
  3.4610e+02   7.92e-04
  3.5823e+02   7.46e-04
  3.7078e+02   7.02e-04
  3.8377e+02   6.60e-04
  3.9722e+02   6.21e-04
  4.1114e+02   5.84e-04
  4.2555e+02   5.48e-04
  4.4046e+02   5.15e-04
  4.5590e+02   4.84e-04
  4.7188e+02   4.54e-04
  4.8841e+02   4.26e-04
  5.0553e+02   3.99e-04
  5.2324e+02   3.74e-04
  5.4158e+02   3.51e-04
  5.6056e+02   3.29e-04
  5.8020e+02   3.08e-04
  6.0054e+02   2.88e-04
  6.2158e+02   2.70e-04
  6.4337e+02   2.53e-04
  6.6591e+02   2.36e-04
  6.8925e+02   2.21e-04
  7.1340e+02   2.07e-04
  7.3840e+02   1.94e-04
  7.6428e+02   1.81e-04
  7.9106e+02   1.70e-04
  8.1878e+02   1.59e-04
  8.4748e+02   1.49e-04
  8.7718e+02   1.39e-04
  9.0792e+02   1.30e-04
  9.3973e+02   1.22e-04
  9.7267e+02   1.14e-04
  1.0068e+03   1.07e-04
  1.0420e+03   1.00e-04
  1.0785e+03   9.42e-05
  1.1163e+03   8.85e-05
  1.1555e+03   8.31e-05
  1.1960e+03   7.80e-05
  1.2379e+03   7.33e-05
  1.2813e+03   6.89e-05
  1.3262e+03   6.48e-05
  1.3726e+03   6.10e-05
  1.4207e+03   5.74e-05
  1.4705e+03   5.41e-05
  1.5220e+03   5.09e-05
  1.5754e+03   4.80e-05
  1.6306e+03   4.53e-05
  1.6877e+03   4.27e-05
  1.7469e+03   4.03e-05
  1.8081e+03   3.81e-05
  1.8715e+03   3.60e-05
  1.9370e+03   3.41e-05
  2.0049e+03   3.22e-05
  2.0752e+03   3.05e-05
  2.1479e+03   2.89e-05
  2.2232e+03   2.74e-05
  2.3011e+03   2.59e-05
  2.3817e+03   2.46e-05
  2.4652e+03   2.33e-05
  2.5516e+03   2.21e-05
  2.6410e+03   2.09e-05
  2.7336e+03   1.98e-05
  2.8294e+03   1.88e-05
  2.9285e+03   1.78e-05
  3.0311e+03   1.69e-05
  3.1374e+03   1.60e-05
  3.2473e+03   1.52e-05
  3.3611e+03   1.44e-05
  3.4789e+03   1.36e-05
  3.6008e+03   1.29e-05
  3.7270e+03   1.22e-05
  3.8576e+03   1.16e-05
  3.9928e+03   1.10e-05
  4.1327e+03   1.04e-05
  4.2775e+03   9.80e-06
  4.4274e+03   9.26e-06
  4.5826e+03   8.74e-06
  4.7432e+03   8.25e-06
  4.9094e+03   7.77e-06
  5.0815e+03   7.32e-06
  5.2595e+03   6.88e-06
  5.4438e+03   6.46e-06
  5.6346e+03   6.05e-06
  5.8321e+03   5.66e-06
  6.0365e+03   5.29e-06
  6.2480e+03   4.94e-06
  6.4670e+03   4.60e-06
  6.6936e+03   4.27e-06
  6.9282e+03   3.96e-06
  7.1709e+03   3.67e-06
  7.4222e+03   3.38e-06
  7.6823e+03   3.11e-06
  7.9516e+03   2.86e-06
  8.2302e+03   2.61e-06
  8.5186e+03   2.38e-06
  8.8172e+03   2.17e-06
  9.1262e+03   1.96e-06
  9.4460e+03   1.77e-06
  9.7770e+03   1.58e-06
  1.0120e+04   1.41e-06
  1.0474e+04   1.25e-06
  1.0841e+04   1.11e-06
  1.1221e+04   9.67e-07
  1.1614e+04   8.40e-07
  1.2022e+04   7.24e-07
  1.2443e+04   6.19e-07
  1.2879e+04   5.24e-07
  1.3330e+04   4.38e-07
  1.3797e+04   3.63e-07
  1.4281e+04   2.96e-07
  1.4781e+04   2.39e-07
  1.5299e+04   1.89e-07
  1.5835e+04   1.47e-07
  1.6390e+04   1.12e-07
  1.6965e+04   8.40e-08
  1.7559e+04   6.12e-08
  1.8175e+04   4.34e-08
  1.8812e+04   2.98e-08
  1.9471e+04   1.98e-08
  2.0153e+04   1.26e-08
  2.0859e+04   7.66e-09
  2.1590e+04   4.43e-09
  2.2347e+04   2.41e-09
  2.3130e+04   1.23e-09
  2.3941e+04   5.77e-10
  2.4780e+04   2.47e-10
  2.5648e+04   9.55e-11
  2.6547e+04   3.26e-11
  2.7477e+04   9.69e-12
  2.8440e+04   2.44e-12
