#  E [MeV]   Flux [# cm^{-2} s^{-1}  MeV^{-1}]
  3.0000e+04   6.31e-27
  3.1232e+04   6.07e-27
  3.2514e+04   5.84e-27
  3.3849e+04   5.61e-27
  3.5238e+04   5.40e-27
  3.6685e+04   5.18e-27
  3.8191e+04   4.98e-27
  3.9759e+04   4.79e-27
  4.1391e+04   4.60e-27
  4.3090e+04   4.41e-27
  4.4859e+04   4.24e-27
  4.6701e+04   4.07e-27
  4.8618e+04   3.90e-27
  5.0614e+04   3.75e-27
  5.2692e+04   3.59e-27
  5.4855e+04   3.45e-27
  5.7107e+04   3.30e-27
  5.9451e+04   3.17e-27
  6.1892e+04   3.04e-27
  6.4433e+04   2.91e-27
  6.7078e+04   2.79e-27
  6.9832e+04   2.67e-27
  7.2699e+04   2.56e-27
  7.5683e+04   2.45e-27
  7.8790e+04   2.34e-27
  8.2025e+04   2.24e-27
  8.5392e+04   2.15e-27
  8.8898e+04   2.05e-27
  9.2547e+04   1.96e-27
  9.6347e+04   1.88e-27
  1.0030e+05   1.79e-27
  1.0442e+05   1.71e-27
  1.0871e+05   1.64e-27
  1.1317e+05   1.57e-27
  1.1782e+05   1.49e-27
  1.2265e+05   1.43e-27
  1.2769e+05   1.36e-27
  1.3293e+05   1.30e-27
  1.3839e+05   1.24e-27
  1.4407e+05   1.18e-27
  1.4998e+05   1.13e-27
  1.5614e+05   1.08e-27
  1.6255e+05   1.03e-27
  1.6922e+05   9.78e-28
  1.7617e+05   9.32e-28
  1.8340e+05   8.87e-28
  1.9093e+05   8.45e-28
  1.9877e+05   8.05e-28
  2.0693e+05   7.66e-28
  2.1543e+05   7.29e-28
  2.2427e+05   6.94e-28
  2.3348e+05   6.60e-28
  2.4306e+05   6.28e-28
  2.5304e+05   5.97e-28
  2.6343e+05   5.68e-28
  2.7424e+05   5.40e-28
  2.8550e+05   5.13e-28
  2.9722e+05   4.88e-28
  3.0942e+05   4.64e-28
  3.2213e+05   4.40e-28
  3.3535e+05   4.18e-28
  3.4912e+05   3.97e-28
  3.6345e+05   3.77e-28
  3.7837e+05   3.58e-28
  3.9390e+05   3.40e-28
  4.1008e+05   3.23e-28
  4.2691e+05   3.07e-28
  4.4444e+05   2.91e-28
  4.6268e+05   2.77e-28
  4.8168e+05   2.63e-28
  5.0145e+05   2.49e-28
  5.2204e+05   2.37e-28
  5.4347e+05   2.25e-28
  5.6578e+05   2.13e-28
  5.8901e+05   2.03e-28
  6.1319e+05   1.92e-28
  6.3836e+05   1.83e-28
  6.6457e+05   1.74e-28
  6.9185e+05   1.65e-28
  7.2025e+05   1.57e-28
  7.4982e+05   1.49e-28
  7.8061e+05   1.42e-28
  8.1265e+05   1.35e-28
  8.4601e+05   1.29e-28
  8.8075e+05   1.23e-28
  9.1690e+05   1.17e-28
  9.5455e+05   1.11e-28
  9.9373e+05   1.06e-28
  1.0345e+06   1.01e-28
  1.0770e+06   9.68e-29
  1.1212e+06   9.25e-29
  1.1672e+06   8.84e-29
  1.2152e+06   8.46e-29
  1.2650e+06   8.09e-29
  1.3170e+06   7.75e-29
  1.3711e+06   7.42e-29
  1.4273e+06   7.12e-29
  1.4859e+06   6.83e-29
  1.5469e+06   6.55e-29
  1.6104e+06   6.29e-29
  1.6766e+06   6.04e-29
  1.7454e+06   5.81e-29
  1.8170e+06   5.59e-29
  1.8916e+06   5.38e-29
  1.9693e+06   5.18e-29
  2.0501e+06   4.99e-29
  2.1343e+06   4.81e-29
  2.2219e+06   4.64e-29
  2.3131e+06   4.47e-29
  2.4081e+06   4.32e-29
  2.5070e+06   4.17e-29
  2.6099e+06   4.03e-29
  2.7170e+06   3.89e-29
  2.8286e+06   3.76e-29
  2.9447e+06   3.64e-29
  3.0656e+06   3.52e-29
  3.1914e+06   3.40e-29
  3.3225e+06   3.29e-29
  3.4589e+06   3.18e-29
  3.6008e+06   3.08e-29
  3.7487e+06   2.98e-29
  3.9026e+06   2.88e-29
  4.0628e+06   2.79e-29
  4.2296e+06   2.70e-29
  4.4032e+06   2.61e-29
  4.5840e+06   2.52e-29
  4.7722e+06   2.44e-29
  4.9681e+06   2.36e-29
  5.1720e+06   2.28e-29
  5.3844e+06   2.20e-29
  5.6054e+06   2.12e-29
  5.8355e+06   2.05e-29
  6.0751e+06   1.97e-29
  6.3245e+06   1.90e-29
  6.5841e+06   1.83e-29
  6.8544e+06   1.76e-29
  7.1358e+06   1.70e-29
  7.4288e+06   1.63e-29
  7.7338e+06   1.56e-29
  8.0513e+06   1.50e-29
  8.3818e+06   1.44e-29
  8.7259e+06   1.37e-29
  9.0841e+06   1.31e-29
  9.4571e+06   1.25e-29
  9.8453e+06   1.19e-29
  1.0249e+07   1.13e-29
  1.0670e+07   1.08e-29
  1.1108e+07   1.02e-29
  1.1564e+07   9.62e-30
  1.2039e+07   9.07e-30
  1.2533e+07   8.53e-30
  1.3048e+07   7.99e-30
  1.3584e+07   7.47e-30
  1.4141e+07   6.96e-30
  1.4722e+07   6.46e-30
  1.5326e+07   5.97e-30
  1.5955e+07   5.49e-30
  1.6610e+07   5.02e-30
  1.7292e+07   4.57e-30
  1.8002e+07   4.13e-30
  1.8741e+07   3.70e-30
  1.9511e+07   3.29e-30
  2.0312e+07   2.90e-30
  2.1145e+07   2.52e-30
  2.2013e+07   2.17e-30
  2.2917e+07   1.84e-30
  2.3858e+07   1.53e-30
  2.4837e+07   1.26e-30
  2.5857e+07   1.00e-30
  2.6919e+07   7.81e-31
  2.8024e+07   5.89e-31
  2.9174e+07   4.27e-31
  3.0372e+07   2.96e-31
  3.1619e+07   1.94e-31
  3.2917e+07   1.19e-31
  3.4268e+07   6.73e-32
  3.5675e+07   3.43e-32
  3.7140e+07   1.53e-32
  3.8664e+07   5.85e-33
  4.0252e+07   1.82e-33
  4.1904e+07   4.37e-34
  4.3624e+07   7.53e-35
  4.5415e+07   8.40e-36
  4.7280e+07   5.31e-37
  4.9221e+07   1.58e-38
  5.1241e+07   1.71e-40
  5.3345e+07   4.73e-43
  5.5535e+07   2.00e-46
  5.7815e+07   6.33e-51
  6.0188e+07   5.20e-57
  6.2659e+07   2.37e-65
  6.5232e+07   3.59e-71
  6.7910e+07   3.07e-71
  7.0698e+07   2.61e-71
  7.3600e+07   2.26e-71
  7.6621e+07   1.93e-71
  7.9767e+07   1.65e-71
  8.3042e+07   1.45e-71
  8.6451e+07   1.26e-71
  9.0000e+07   1.11e-71
