#  E [GeV]   # per interaction  [GeV^{-1}]
  3.0000e+01   3.70e-01
  3.0696e+01   3.58e-01
  3.1408e+01   3.46e-01
  3.2137e+01   3.34e-01
  3.2883e+01   3.22e-01
  3.3646e+01   3.11e-01
  3.4426e+01   3.00e-01
  3.5225e+01   2.89e-01
  3.6042e+01   2.79e-01
  3.6878e+01   2.69e-01
  3.7734e+01   2.59e-01
  3.8609e+01   2.50e-01
  3.9505e+01   2.41e-01
  4.0422e+01   2.32e-01
  4.1360e+01   2.23e-01
  4.2319e+01   2.15e-01
  4.3301e+01   2.07e-01
  4.4306e+01   1.99e-01
  4.5334e+01   1.92e-01
  4.6386e+01   1.85e-01
  4.7462e+01   1.78e-01
  4.8563e+01   1.71e-01
  4.9690e+01   1.64e-01
  5.0843e+01   1.58e-01
  5.2022e+01   1.52e-01
  5.3229e+01   1.46e-01
  5.4464e+01   1.40e-01
  5.5728e+01   1.35e-01
  5.7021e+01   1.29e-01
  5.8344e+01   1.24e-01
  5.9697e+01   1.19e-01
  6.1083e+01   1.15e-01
  6.2500e+01   1.10e-01
  6.3950e+01   1.05e-01
  6.5434e+01   1.01e-01
  6.6952e+01   9.69e-02
  6.8505e+01   9.29e-02
  7.0095e+01   8.90e-02
  7.1721e+01   8.53e-02
  7.3385e+01   8.17e-02
  7.5088e+01   7.82e-02
  7.6830e+01   7.48e-02
  7.8612e+01   7.15e-02
  8.0436e+01   6.84e-02
  8.2302e+01   6.54e-02
  8.4212e+01   6.25e-02
  8.6166e+01   5.97e-02
  8.8165e+01   5.70e-02
  9.0210e+01   5.45e-02
  9.2304e+01   5.20e-02
  9.4445e+01   4.97e-02
  9.6636e+01   4.74e-02
  9.8878e+01   4.52e-02
  1.0117e+02   4.31e-02
  1.0352e+02   4.11e-02
  1.0592e+02   3.91e-02
  1.0838e+02   3.73e-02
  1.1089e+02   3.55e-02
  1.1347e+02   3.38e-02
  1.1610e+02   3.22e-02
  1.1879e+02   3.06e-02
  1.2155e+02   2.91e-02
  1.2437e+02   2.76e-02
  1.2725e+02   2.63e-02
  1.3021e+02   2.50e-02
  1.3323e+02   2.37e-02
  1.3632e+02   2.25e-02
  1.3948e+02   2.13e-02
  1.4272e+02   2.03e-02
  1.4603e+02   1.92e-02
  1.4942e+02   1.82e-02
  1.5288e+02   1.72e-02
  1.5643e+02   1.63e-02
  1.6006e+02   1.54e-02
  1.6377e+02   1.46e-02
  1.6757e+02   1.38e-02
  1.7146e+02   1.31e-02
  1.7544e+02   1.23e-02
  1.7951e+02   1.16e-02
  1.8368e+02   1.10e-02
  1.8794e+02   1.04e-02
  1.9230e+02   9.79e-03
  1.9676e+02   9.21e-03
  2.0132e+02   8.69e-03
  2.0600e+02   8.20e-03
  2.1078e+02   7.72e-03
  2.1567e+02   7.26e-03
  2.2067e+02   6.81e-03
  2.2579e+02   6.41e-03
  2.3103e+02   6.03e-03
  2.3639e+02   5.67e-03
  2.4187e+02   5.32e-03
  2.4748e+02   4.98e-03
  2.5323e+02   4.68e-03
  2.5910e+02   4.39e-03
  2.6511e+02   4.11e-03
  2.7126e+02   3.85e-03
  2.7756e+02   3.60e-03
  2.8400e+02   3.37e-03
  2.9059e+02   3.15e-03
  2.9733e+02   2.95e-03
  3.0423e+02   2.75e-03
  3.1129e+02   2.56e-03
  3.1851e+02   2.39e-03
  3.2590e+02   2.23e-03
  3.3346e+02   2.08e-03
  3.4120e+02   1.93e-03
  3.4911e+02   1.79e-03
  3.5721e+02   1.67e-03
  3.6550e+02   1.56e-03
  3.7398e+02   1.45e-03
  3.8266e+02   1.34e-03
  3.9154e+02   1.24e-03
  4.0062e+02   1.16e-03
  4.0991e+02   1.08e-03
  4.1943e+02   9.97e-04
  4.2916e+02   9.23e-04
  4.3911e+02   8.51e-04
  4.4930e+02   7.89e-04
  4.5973e+02   7.32e-04
  4.7039e+02   6.78e-04
  4.8131e+02   6.25e-04
  4.9247e+02   5.75e-04
  5.0390e+02   5.32e-04
  5.1559e+02   4.92e-04
  5.2755e+02   4.55e-04
  5.3979e+02   4.19e-04
  5.5232e+02   3.84e-04
  5.6513e+02   3.54e-04
  5.7824e+02   3.27e-04
  5.9166e+02   3.02e-04
  6.0539e+02   2.77e-04
  6.1943e+02   2.54e-04
  6.3381e+02   2.33e-04
  6.4851e+02   2.15e-04
  6.6356e+02   1.98e-04
  6.7895e+02   1.81e-04
  6.9471e+02   1.66e-04
  7.1082e+02   1.52e-04
  7.2732e+02   1.40e-04
  7.4419e+02   1.29e-04
  7.6146e+02   1.18e-04
  7.7912e+02   1.07e-04
  7.9720e+02   9.84e-05
  8.1570e+02   9.06e-05
  8.3462e+02   8.31e-05
  8.5399e+02   7.60e-05
  8.7380e+02   6.92e-05
  8.9407e+02   6.33e-05
  9.1482e+02   5.83e-05
  9.3604e+02   5.34e-05
  9.5776e+02   4.88e-05
  9.7998e+02   4.44e-05
  1.0027e+03   4.06e-05
  1.0260e+03   3.74e-05
  1.0498e+03   3.43e-05
  1.0741e+03   3.14e-05
  1.0991e+03   2.85e-05
  1.1246e+03   2.61e-05
  1.1507e+03   2.40e-05
  1.1774e+03   2.21e-05
  1.2047e+03   2.02e-05
  1.2326e+03   1.84e-05
  1.2612e+03   1.68e-05
  1.2905e+03   1.54e-05
  1.3204e+03   1.41e-05
  1.3511e+03   1.29e-05
  1.3824e+03   1.17e-05
  1.4145e+03   1.07e-05
  1.4473e+03   9.86e-06
  1.4809e+03   9.06e-06
  1.5152e+03   8.29e-06
  1.5504e+03   7.56e-06
  1.5864e+03   6.94e-06
  1.6232e+03   6.43e-06
  1.6608e+03   5.95e-06
  1.6994e+03   5.48e-06
  1.7388e+03   5.04e-06
  1.7791e+03   4.67e-06
  1.8204e+03   4.39e-06
  1.8626e+03   4.12e-06
  1.9059e+03   3.86e-06
  1.9501e+03   3.61e-06
  1.9953e+03   3.40e-06
  2.0416e+03   3.24e-06
  2.0890e+03   3.08e-06
  2.1375e+03   2.93e-06
  2.1870e+03   2.79e-06
  2.2378e+03   2.66e-06
  2.2897e+03   2.57e-06
  2.3428e+03   2.48e-06
  2.3972e+03   2.39e-06
  2.4528e+03   2.31e-06
  2.5097e+03   2.24e-06
  2.5680e+03   2.18e-06
  2.6275e+03   2.12e-06
  2.6885e+03   2.06e-06
  2.7509e+03   2.01e-06
  2.8147e+03   1.96e-06
  2.8800e+03   1.91e-06
