#  E [MeV]   Flux [# cm^{-2} s^{-1}  MeV^{-1}]
  3.0000e+04   5.89e-19
  3.0765e+04   5.70e-19
  3.1549e+04   5.50e-19
  3.2354e+04   5.32e-19
  3.3179e+04   5.14e-19
  3.4025e+04   4.97e-19
  3.4892e+04   4.80e-19
  3.5782e+04   4.63e-19
  3.6695e+04   4.47e-19
  3.7630e+04   4.31e-19
  3.8590e+04   4.16e-19
  3.9574e+04   4.01e-19
  4.0583e+04   3.87e-19
  4.1618e+04   3.73e-19
  4.2679e+04   3.59e-19
  4.3767e+04   3.46e-19
  4.4883e+04   3.33e-19
  4.6028e+04   3.21e-19
  4.7201e+04   3.09e-19
  4.8405e+04   2.97e-19
  4.9639e+04   2.86e-19
  5.0905e+04   2.75e-19
  5.2203e+04   2.65e-19
  5.3534e+04   2.54e-19
  5.4899e+04   2.45e-19
  5.6299e+04   2.35e-19
  5.7734e+04   2.26e-19
  5.9207e+04   2.17e-19
  6.0716e+04   2.08e-19
  6.2264e+04   1.99e-19
  6.3852e+04   1.91e-19
  6.5480e+04   1.84e-19
  6.7150e+04   1.76e-19
  6.8862e+04   1.69e-19
  7.0618e+04   1.62e-19
  7.2419e+04   1.55e-19
  7.4265e+04   1.48e-19
  7.6159e+04   1.42e-19
  7.8101e+04   1.36e-19
  8.0092e+04   1.30e-19
  8.2135e+04   1.25e-19
  8.4229e+04   1.19e-19
  8.6377e+04   1.14e-19
  8.8579e+04   1.09e-19
  9.0838e+04   1.04e-19
  9.3154e+04   9.99e-20
  9.5529e+04   9.54e-20
  9.7965e+04   9.11e-20
  1.0046e+05   8.70e-20
  1.0303e+05   8.31e-20
  1.0565e+05   7.93e-20
  1.0835e+05   7.56e-20
  1.1111e+05   7.21e-20
  1.1394e+05   6.87e-20
  1.1685e+05   6.55e-20
  1.1983e+05   6.24e-20
  1.2288e+05   5.93e-20
  1.2602e+05   5.65e-20
  1.2923e+05   5.38e-20
  1.3252e+05   5.11e-20
  1.3590e+05   4.86e-20
  1.3937e+05   4.62e-20
  1.4292e+05   4.39e-20
  1.4657e+05   4.17e-20
  1.5030e+05   3.95e-20
  1.5414e+05   3.75e-20
  1.5807e+05   3.56e-20
  1.6210e+05   3.37e-20
  1.6623e+05   3.20e-20
  1.7047e+05   3.03e-20
  1.7482e+05   2.87e-20
  1.7927e+05   2.71e-20
  1.8384e+05   2.57e-20
  1.8853e+05   2.43e-20
  1.9334e+05   2.29e-20
  1.9827e+05   2.17e-20
  2.0333e+05   2.05e-20
  2.0851e+05   1.93e-20
  2.1383e+05   1.82e-20
  2.1928e+05   1.72e-20
  2.2487e+05   1.62e-20
  2.3060e+05   1.53e-20
  2.3648e+05   1.44e-20
  2.4251e+05   1.35e-20
  2.4870e+05   1.27e-20
  2.5504e+05   1.19e-20
  2.6154e+05   1.12e-20
  2.6821e+05   1.05e-20
  2.7505e+05   9.85e-21
  2.8206e+05   9.24e-21
  2.8926e+05   8.67e-21
  2.9663e+05   8.11e-21
  3.0420e+05   7.58e-21
  3.1195e+05   7.10e-21
  3.1991e+05   6.64e-21
  3.2806e+05   6.21e-21
  3.3643e+05   5.79e-21
  3.4501e+05   5.39e-21
  3.5381e+05   5.04e-21
  3.6283e+05   4.70e-21
  3.7208e+05   4.38e-21
  3.8157e+05   4.07e-21
  3.9130e+05   3.78e-21
  4.0127e+05   3.52e-21
  4.1150e+05   3.28e-21
  4.2200e+05   3.04e-21
  4.3276e+05   2.81e-21
  4.4379e+05   2.61e-21
  4.5511e+05   2.42e-21
  4.6671e+05   2.24e-21
  4.7861e+05   2.07e-21
  4.9082e+05   1.91e-21
  5.0333e+05   1.77e-21
  5.1617e+05   1.64e-21
  5.2933e+05   1.51e-21
  5.4283e+05   1.39e-21
  5.5667e+05   1.28e-21
  5.7086e+05   1.18e-21
  5.8542e+05   1.09e-21
  6.0035e+05   9.99e-22
  6.1565e+05   9.16e-22
  6.3135e+05   8.44e-22
  6.4745e+05   7.76e-22
  6.6396e+05   7.12e-22
  6.8089e+05   6.50e-22
  6.9825e+05   5.97e-22
  7.1606e+05   5.49e-22
  7.3432e+05   5.03e-22
  7.5304e+05   4.59e-22
  7.7224e+05   4.18e-22
  7.9193e+05   3.84e-22
  8.1213e+05   3.52e-22
  8.3283e+05   3.21e-22
  8.5407e+05   2.92e-22
  8.7585e+05   2.66e-22
  8.9818e+05   2.44e-22
  9.2108e+05   2.23e-22
  9.4457e+05   2.02e-22
  9.6866e+05   1.83e-22
  9.9336e+05   1.68e-22
  1.0187e+06   1.53e-22
  1.0447e+06   1.39e-22
  1.0713e+06   1.26e-22
  1.0986e+06   1.14e-22
  1.1266e+06   1.04e-22
  1.1554e+06   9.52e-23
  1.1848e+06   8.63e-23
  1.2150e+06   7.79e-23
  1.2460e+06   7.10e-23
  1.2778e+06   6.47e-23
  1.3104e+06   5.88e-23
  1.3438e+06   5.32e-23
  1.3780e+06   4.80e-23
  1.4132e+06   4.39e-23
  1.4492e+06   3.99e-23
  1.4862e+06   3.62e-23
  1.5241e+06   3.26e-23
  1.5629e+06   2.96e-23
  1.6028e+06   2.70e-23
  1.6436e+06   2.45e-23
  1.6856e+06   2.22e-23
  1.7285e+06   1.99e-23
  1.7726e+06   1.82e-23
  1.8178e+06   1.66e-23
  1.8642e+06   1.50e-23
  1.9117e+06   1.36e-23
  1.9604e+06   1.23e-23
  2.0104e+06   1.12e-23
  2.0617e+06   1.02e-23
  2.1143e+06   9.18e-24
  2.1682e+06   8.24e-24
  2.2235e+06   7.53e-24
  2.2802e+06   6.87e-24
  2.3383e+06   6.24e-24
  2.3979e+06   5.64e-24
  2.4591e+06   5.11e-24
  2.5218e+06   4.70e-24
  2.5861e+06   4.30e-24
  2.6520e+06   3.93e-24
  2.7196e+06   3.57e-24
  2.7890e+06   3.31e-24
  2.8601e+06   3.08e-24
  2.9330e+06   2.86e-24
  3.0078e+06   2.65e-24
  3.0845e+06   2.46e-24
  3.1632e+06   2.33e-24
  3.2438e+06   2.20e-24
  3.3265e+06   2.08e-24
  3.4113e+06   1.96e-24
  3.4983e+06   1.86e-24
  3.5875e+06   1.79e-24
  3.6790e+06   1.71e-24
  3.7728e+06   1.64e-24
  3.8690e+06   1.57e-24
  3.9677e+06   1.52e-24
  4.0689e+06   1.47e-24
  4.1726e+06   1.42e-24
  4.2790e+06   1.38e-24
  4.3881e+06   1.33e-24
  4.5000e+06   1.29e-24
