#  E [MeV]   Flux [# cm^{-2} s^{-1}  MeV^{-1}]
  3.0000e+04   1.88e-18
  3.0501e+04   1.83e-18
  3.1010e+04   1.77e-18
  3.1528e+04   1.72e-18
  3.2055e+04   1.67e-18
  3.2590e+04   1.62e-18
  3.3134e+04   1.57e-18
  3.3688e+04   1.52e-18
  3.4250e+04   1.47e-18
  3.4822e+04   1.43e-18
  3.5404e+04   1.39e-18
  3.5995e+04   1.34e-18
  3.6596e+04   1.30e-18
  3.7207e+04   1.26e-18
  3.7829e+04   1.22e-18
  3.8460e+04   1.18e-18
  3.9103e+04   1.15e-18
  3.9756e+04   1.11e-18
  4.0420e+04   1.08e-18
  4.1095e+04   1.04e-18
  4.1781e+04   1.01e-18
  4.2479e+04   9.75e-19
  4.3188e+04   9.44e-19
  4.3909e+04   9.13e-19
  4.4642e+04   8.83e-19
  4.5388e+04   8.54e-19
  4.6146e+04   8.27e-19
  4.6917e+04   8.00e-19
  4.7700e+04   7.73e-19
  4.8497e+04   7.47e-19
  4.9307e+04   7.22e-19
  5.0130e+04   6.98e-19
  5.0967e+04   6.75e-19
  5.1818e+04   6.52e-19
  5.2684e+04   6.30e-19
  5.3563e+04   6.09e-19
  5.4458e+04   5.88e-19
  5.5367e+04   5.68e-19
  5.6292e+04   5.48e-19
  5.7232e+04   5.29e-19
  5.8188e+04   5.11e-19
  5.9160e+04   4.93e-19
  6.0148e+04   4.76e-19
  6.1152e+04   4.59e-19
  6.2173e+04   4.43e-19
  6.3212e+04   4.27e-19
  6.4267e+04   4.12e-19
  6.5340e+04   3.97e-19
  6.6432e+04   3.83e-19
  6.7541e+04   3.69e-19
  6.8669e+04   3.56e-19
  6.9816e+04   3.43e-19
  7.0982e+04   3.30e-19
  7.2167e+04   3.18e-19
  7.3372e+04   3.06e-19
  7.4598e+04   2.95e-19
  7.5843e+04   2.84e-19
  7.7110e+04   2.74e-19
  7.8398e+04   2.63e-19
  7.9707e+04   2.53e-19
  8.1038e+04   2.44e-19
  8.2391e+04   2.35e-19
  8.3767e+04   2.26e-19
  8.5166e+04   2.17e-19
  8.6588e+04   2.09e-19
  8.8034e+04   2.01e-19
  8.9505e+04   1.93e-19
  9.0999e+04   1.85e-19
  9.2519e+04   1.78e-19
  9.4064e+04   1.71e-19
  9.5635e+04   1.64e-19
  9.7232e+04   1.58e-19
  9.8856e+04   1.51e-19
  1.0051e+05   1.45e-19
  1.0219e+05   1.39e-19
  1.0389e+05   1.34e-19
  1.0563e+05   1.28e-19
  1.0739e+05   1.23e-19
  1.0918e+05   1.18e-19
  1.1101e+05   1.13e-19
  1.1286e+05   1.08e-19
  1.1475e+05   1.04e-19
  1.1666e+05   9.93e-20
  1.1861e+05   9.52e-20
  1.2059e+05   9.11e-20
  1.2260e+05   8.72e-20
  1.2465e+05   8.33e-20
  1.2673e+05   7.96e-20
  1.2885e+05   7.62e-20
  1.3100e+05   7.30e-20
  1.3319e+05   6.98e-20
  1.3541e+05   6.67e-20
  1.3768e+05   6.37e-20
  1.3997e+05   6.08e-20
  1.4231e+05   5.80e-20
  1.4469e+05   5.55e-20
  1.4711e+05   5.30e-20
  1.4956e+05   5.07e-20
  1.5206e+05   4.83e-20
  1.5460e+05   4.61e-20
  1.5718e+05   4.39e-20
  1.5981e+05   4.18e-20
  1.6247e+05   3.99e-20
  1.6519e+05   3.81e-20
  1.6795e+05   3.63e-20
  1.7075e+05   3.45e-20
  1.7360e+05   3.28e-20
  1.7650e+05   3.12e-20
  1.7945e+05   2.96e-20
  1.8245e+05   2.83e-20
  1.8549e+05   2.69e-20
  1.8859e+05   2.56e-20
  1.9174e+05   2.43e-20
  1.9494e+05   2.31e-20
  1.9820e+05   2.19e-20
  2.0151e+05   2.08e-20
  2.0487e+05   1.98e-20
  2.0829e+05   1.88e-20
  2.1177e+05   1.78e-20
  2.1531e+05   1.69e-20
  2.1890e+05   1.60e-20
  2.2256e+05   1.52e-20
  2.2628e+05   1.44e-20
  2.3006e+05   1.36e-20
  2.3390e+05   1.30e-20
  2.3780e+05   1.23e-20
  2.4178e+05   1.16e-20
  2.4581e+05   1.10e-20
  2.4992e+05   1.04e-20
  2.5409e+05   9.82e-21
  2.5833e+05   9.32e-21
  2.6265e+05   8.84e-21
  2.6704e+05   8.38e-21
  2.7149e+05   7.92e-21
  2.7603e+05   7.48e-21
  2.8064e+05   7.06e-21
  2.8532e+05   6.67e-21
  2.9009e+05   6.33e-21
  2.9493e+05   6.00e-21
  2.9986e+05   5.68e-21
  3.0487e+05   5.37e-21
  3.0996e+05   5.07e-21
  3.1513e+05   4.78e-21
  3.2040e+05   4.52e-21
  3.2575e+05   4.29e-21
  3.3119e+05   4.08e-21
  3.3672e+05   3.86e-21
  3.4234e+05   3.65e-21
  3.4806e+05   3.45e-21
  3.5387e+05   3.26e-21
  3.5978e+05   3.09e-21
  3.6579e+05   2.94e-21
  3.7190e+05   2.80e-21
  3.7811e+05   2.66e-21
  3.8442e+05   2.52e-21
  3.9084e+05   2.39e-21
  3.9737e+05   2.27e-21
  4.0401e+05   2.16e-21
  4.1075e+05   2.07e-21
  4.1761e+05   1.98e-21
  4.2459e+05   1.89e-21
  4.3168e+05   1.80e-21
  4.3889e+05   1.72e-21
  4.4622e+05   1.64e-21
  4.5367e+05   1.57e-21
  4.6124e+05   1.51e-21
  4.6895e+05   1.46e-21
  4.7678e+05   1.40e-21
  4.8474e+05   1.35e-21
  4.9283e+05   1.29e-21
  5.0107e+05   1.24e-21
  5.0943e+05   1.21e-21
  5.1794e+05   1.18e-21
  5.2659e+05   1.15e-21
  5.3538e+05   1.12e-21
  5.4432e+05   1.09e-21
  5.5342e+05   1.06e-21
  5.6266e+05   1.03e-21
  5.7205e+05   1.01e-21
  5.8161e+05   1.00e-21
  5.9132e+05   9.88e-22
  6.0119e+05   9.75e-22
  6.1123e+05   9.63e-22
  6.2144e+05   9.50e-22
  6.3182e+05   9.38e-22
  6.4237e+05   9.31e-22
  6.5310e+05   9.26e-22
  6.6401e+05   9.21e-22
  6.7509e+05   9.16e-22
  6.8637e+05   9.10e-22
  6.9783e+05   9.05e-22
  7.0948e+05   8.99e-22
  7.2133e+05   8.13e-22
  7.3338e+05   7.11e-22
  7.4563e+05   6.12e-22
  7.5808e+05   5.17e-22
  7.7074e+05   4.24e-22
  7.8361e+05   3.34e-22
  7.9670e+05   2.48e-22
  8.1000e+05   2.05e-22
