#  E [MeV]   Flux [# cm^{-2} s^{-1}  MeV^{-1}]
  3.0000e+04   2.66e-21
  3.0854e+04   2.57e-21
  3.1733e+04   2.49e-21
  3.2636e+04   2.41e-21
  3.3566e+04   2.34e-21
  3.4521e+04   2.26e-21
  3.5504e+04   2.19e-21
  3.6515e+04   2.13e-21
  3.7555e+04   2.06e-21
  3.8625e+04   2.00e-21
  3.9724e+04   1.93e-21
  4.0855e+04   1.87e-21
  4.2019e+04   1.82e-21
  4.3215e+04   1.76e-21
  4.4446e+04   1.71e-21
  4.5711e+04   1.66e-21
  4.7013e+04   1.61e-21
  4.8352e+04   1.56e-21
  4.9728e+04   1.51e-21
  5.1144e+04   1.47e-21
  5.2601e+04   1.42e-21
  5.4099e+04   1.38e-21
  5.5639e+04   1.34e-21
  5.7223e+04   1.30e-21
  5.8853e+04   1.26e-21
  6.0528e+04   1.23e-21
  6.2252e+04   1.19e-21
  6.4025e+04   1.16e-21
  6.5848e+04   1.13e-21
  6.7723e+04   1.09e-21
  6.9651e+04   1.06e-21
  7.1634e+04   1.03e-21
  7.3674e+04   1.01e-21
  7.5772e+04   9.78e-22
  7.7929e+04   9.51e-22
  8.0148e+04   9.26e-22
  8.2431e+04   9.01e-22
  8.4778e+04   8.78e-22
  8.7192e+04   8.54e-22
  8.9674e+04   8.32e-22
  9.2228e+04   8.11e-22
  9.4854e+04   7.91e-22
  9.7555e+04   7.71e-22
  1.0033e+05   7.51e-22
  1.0319e+05   7.33e-22
  1.0613e+05   7.15e-22
  1.0915e+05   6.98e-22
  1.1226e+05   6.81e-22
  1.1545e+05   6.65e-22
  1.1874e+05   6.50e-22
  1.2212e+05   6.35e-22
  1.2560e+05   6.20e-22
  1.2918e+05   6.06e-22
  1.3286e+05   5.93e-22
  1.3664e+05   5.80e-22
  1.4053e+05   5.67e-22
  1.4453e+05   5.54e-22
  1.4865e+05   5.43e-22
  1.5288e+05   5.31e-22
  1.5723e+05   5.19e-22
  1.6171e+05   5.09e-22
  1.6631e+05   4.98e-22
  1.7105e+05   4.88e-22
  1.7592e+05   4.77e-22
  1.8093e+05   4.68e-22
  1.8608e+05   4.58e-22
  1.9138e+05   4.49e-22
  1.9683e+05   4.40e-22
  2.0243e+05   4.31e-22
  2.0820e+05   4.22e-22
  2.1413e+05   4.14e-22
  2.2022e+05   4.06e-22
  2.2649e+05   3.98e-22
  2.3294e+05   3.90e-22
  2.3958e+05   3.82e-22
  2.4640e+05   3.75e-22
  2.5341e+05   3.68e-22
  2.6063e+05   3.60e-22
  2.6805e+05   3.53e-22
  2.7568e+05   3.47e-22
  2.8353e+05   3.40e-22
  2.9161e+05   3.33e-22
  2.9991e+05   3.27e-22
  3.0845e+05   3.20e-22
  3.1723e+05   3.14e-22
  3.2627e+05   3.08e-22
  3.3556e+05   3.02e-22
  3.4511e+05   2.96e-22
  3.5494e+05   2.90e-22
  3.6504e+05   2.84e-22
  3.7544e+05   2.78e-22
  3.8613e+05   2.73e-22
  3.9712e+05   2.67e-22
  4.0843e+05   2.62e-22
  4.2006e+05   2.56e-22
  4.3202e+05   2.51e-22
  4.4432e+05   2.46e-22
  4.5698e+05   2.41e-22
  4.6999e+05   2.36e-22
  4.8337e+05   2.31e-22
  4.9713e+05   2.26e-22
  5.1129e+05   2.21e-22
  5.2585e+05   2.16e-22
  5.4082e+05   2.11e-22
  5.5622e+05   2.06e-22
  5.7206e+05   2.02e-22
  5.8835e+05   1.97e-22
  6.0510e+05   1.92e-22
  6.2233e+05   1.88e-22
  6.4005e+05   1.83e-22
  6.5828e+05   1.79e-22
  6.7702e+05   1.75e-22
  6.9630e+05   1.70e-22
  7.1613e+05   1.66e-22
  7.3652e+05   1.62e-22
  7.5749e+05   1.58e-22
  7.7906e+05   1.54e-22
  8.0124e+05   1.50e-22
  8.2406e+05   1.46e-22
  8.4752e+05   1.42e-22
  8.7165e+05   1.38e-22
  8.9647e+05   1.34e-22
  9.2200e+05   1.30e-22
  9.4825e+05   1.27e-22
  9.7526e+05   1.23e-22
  1.0030e+06   1.20e-22
  1.0316e+06   1.16e-22
  1.0610e+06   1.12e-22
  1.0912e+06   1.09e-22
  1.1222e+06   1.06e-22
  1.1542e+06   1.02e-22
  1.1871e+06   9.91e-23
  1.2209e+06   9.59e-23
  1.2556e+06   9.28e-23
  1.2914e+06   8.96e-23
  1.3281e+06   8.66e-23
  1.3660e+06   8.36e-23
  1.4049e+06   8.07e-23
  1.4449e+06   7.78e-23
  1.4860e+06   7.49e-23
  1.5283e+06   7.22e-23
  1.5718e+06   6.96e-23
  1.6166e+06   6.68e-23
  1.6626e+06   6.42e-23
  1.7100e+06   6.16e-23
  1.7587e+06   5.92e-23
  1.8087e+06   5.67e-23
  1.8602e+06   5.42e-23
  1.9132e+06   5.19e-23
  1.9677e+06   4.97e-23
  2.0237e+06   4.74e-23
  2.0813e+06   4.52e-23
  2.1406e+06   4.31e-23
  2.2016e+06   4.11e-23
  2.2642e+06   3.91e-23
  2.3287e+06   3.71e-23
  2.3950e+06   3.52e-23
  2.4632e+06   3.34e-23
  2.5334e+06   3.16e-23
  2.6055e+06   2.99e-23
  2.6797e+06   2.83e-23
  2.7560e+06   2.67e-23
  2.8345e+06   2.51e-23
  2.9152e+06   2.37e-23
  2.9982e+06   2.22e-23
  3.0836e+06   2.09e-23
  3.1714e+06   1.96e-23
  3.2617e+06   1.83e-23
  3.3545e+06   1.70e-23
  3.4501e+06   1.59e-23
  3.5483e+06   1.47e-23
  3.6493e+06   1.37e-23
  3.7532e+06   1.26e-23
  3.8601e+06   1.17e-23
  3.9700e+06   1.08e-23
  4.0831e+06   9.90e-24
  4.1993e+06   9.09e-24
  4.3189e+06   8.31e-24
  4.4419e+06   7.58e-24
  4.5684e+06   6.93e-24
  4.6985e+06   6.31e-24
  4.8322e+06   5.72e-24
  4.9698e+06   5.16e-24
  5.1114e+06   4.67e-24
  5.2569e+06   4.21e-24
  5.4066e+06   3.77e-24
  5.5605e+06   3.35e-24
  5.7189e+06   3.01e-24
  5.8817e+06   2.69e-24
  6.0492e+06   2.38e-24
  6.2214e+06   2.10e-24
  6.3986e+06   1.87e-24
  6.5808e+06   1.67e-24
  6.7682e+06   1.47e-24
  6.9609e+06   1.29e-24
  7.1591e+06   1.15e-24
  7.3630e+06   1.03e-24
  7.5726e+06   9.24e-25
  7.7882e+06   8.19e-25
  8.0100e+06   7.44e-25
