#  E [MeV]   Flux [# cm^{-2} s^{-1}  MeV^{-1}]
  3.0000e+04   4.99e-24
  3.1051e+04   4.80e-24
  3.2139e+04   4.62e-24
  3.3266e+04   4.45e-24
  3.4432e+04   4.28e-24
  3.5638e+04   4.12e-24
  3.6887e+04   3.96e-24
  3.8180e+04   3.81e-24
  3.9518e+04   3.67e-24
  4.0903e+04   3.53e-24
  4.2336e+04   3.39e-24
  4.3820e+04   3.27e-24
  4.5355e+04   3.14e-24
  4.6945e+04   3.02e-24
  4.8590e+04   2.90e-24
  5.0293e+04   2.79e-24
  5.2055e+04   2.68e-24
  5.3879e+04   2.58e-24
  5.5767e+04   2.48e-24
  5.7722e+04   2.38e-24
  5.9745e+04   2.28e-24
  6.1838e+04   2.19e-24
  6.4005e+04   2.11e-24
  6.6248e+04   2.02e-24
  6.8570e+04   1.94e-24
  7.0973e+04   1.86e-24
  7.3460e+04   1.79e-24
  7.6034e+04   1.71e-24
  7.8699e+04   1.65e-24
  8.1457e+04   1.58e-24
  8.4311e+04   1.51e-24
  8.7266e+04   1.45e-24
  9.0324e+04   1.39e-24
  9.3490e+04   1.33e-24
  9.6766e+04   1.28e-24
  1.0016e+05   1.22e-24
  1.0367e+05   1.17e-24
  1.0730e+05   1.12e-24
  1.1106e+05   1.07e-24
  1.1495e+05   1.03e-24
  1.1898e+05   9.81e-25
  1.2315e+05   9.39e-25
  1.2747e+05   8.98e-25
  1.3193e+05   8.58e-25
  1.3656e+05   8.20e-25
  1.4134e+05   7.83e-25
  1.4629e+05   7.48e-25
  1.5142e+05   7.14e-25
  1.5673e+05   6.82e-25
  1.6222e+05   6.51e-25
  1.6790e+05   6.21e-25
  1.7379e+05   5.92e-25
  1.7988e+05   5.65e-25
  1.8618e+05   5.38e-25
  1.9271e+05   5.13e-25
  1.9946e+05   4.88e-25
  2.0645e+05   4.65e-25
  2.1369e+05   4.43e-25
  2.2117e+05   4.21e-25
  2.2892e+05   4.00e-25
  2.3695e+05   3.81e-25
  2.4525e+05   3.62e-25
  2.5385e+05   3.44e-25
  2.6274e+05   3.26e-25
  2.7195e+05   3.10e-25
  2.8148e+05   2.94e-25
  2.9134e+05   2.79e-25
  3.0155e+05   2.65e-25
  3.1212e+05   2.51e-25
  3.2306e+05   2.38e-25
  3.3438e+05   2.25e-25
  3.4610e+05   2.13e-25
  3.5823e+05   2.02e-25
  3.7078e+05   1.91e-25
  3.8377e+05   1.81e-25
  3.9722e+05   1.71e-25
  4.1114e+05   1.61e-25
  4.2555e+05   1.52e-25
  4.4046e+05   1.44e-25
  4.5590e+05   1.36e-25
  4.7188e+05   1.28e-25
  4.8841e+05   1.21e-25
  5.0553e+05   1.14e-25
  5.2324e+05   1.07e-25
  5.4158e+05   1.01e-25
  5.6056e+05   9.52e-26
  5.8020e+05   8.96e-26
  6.0054e+05   8.43e-26
  6.2158e+05   7.92e-26
  6.4337e+05   7.45e-26
  6.6591e+05   7.00e-26
  6.8925e+05   6.57e-26
  7.1340e+05   6.17e-26
  7.3840e+05   5.79e-26
  7.6428e+05   5.43e-26
  7.9106e+05   5.09e-26
  8.1878e+05   4.77e-26
  8.4748e+05   4.47e-26
  8.7718e+05   4.18e-26
  9.0792e+05   3.91e-26
  9.3973e+05   3.66e-26
  9.7267e+05   3.42e-26
  1.0068e+06   3.19e-26
  1.0420e+06   2.98e-26
  1.0785e+06   2.79e-26
  1.1163e+06   2.60e-26
  1.1555e+06   2.42e-26
  1.1960e+06   2.26e-26
  1.2379e+06   2.11e-26
  1.2813e+06   1.96e-26
  1.3262e+06   1.83e-26
  1.3726e+06   1.70e-26
  1.4207e+06   1.58e-26
  1.4705e+06   1.47e-26
  1.5220e+06   1.36e-26
  1.5754e+06   1.27e-26
  1.6306e+06   1.18e-26
  1.6877e+06   1.09e-26
  1.7469e+06   1.01e-26
  1.8081e+06   9.36e-27
  1.8715e+06   8.68e-27
  1.9370e+06   8.03e-27
  2.0049e+06   7.42e-27
  2.0752e+06   6.87e-27
  2.1479e+06   6.34e-27
  2.2232e+06   5.85e-27
  2.3011e+06   5.40e-27
  2.3817e+06   4.99e-27
  2.4652e+06   4.59e-27
  2.5516e+06   4.23e-27
  2.6410e+06   3.90e-27
  2.7336e+06   3.58e-27
  2.8294e+06   3.29e-27
  2.9285e+06   3.03e-27
  3.0311e+06   2.78e-27
  3.1374e+06   2.54e-27
  3.2473e+06   2.33e-27
  3.3611e+06   2.14e-27
  3.4789e+06   1.95e-27
  3.6008e+06   1.79e-27
  3.7270e+06   1.64e-27
  3.8576e+06   1.49e-27
  3.9928e+06   1.36e-27
  4.1327e+06   1.24e-27
  4.2775e+06   1.13e-27
  4.4274e+06   1.03e-27
  4.5826e+06   9.40e-28
  4.7432e+06   8.55e-28
  4.9094e+06   7.76e-28
  5.0815e+06   7.05e-28
  5.2595e+06   6.41e-28
  5.4438e+06   5.81e-28
  5.6346e+06   5.25e-28
  5.8321e+06   4.77e-28
  6.0365e+06   4.32e-28
  6.2480e+06   3.89e-28
  6.4670e+06   3.53e-28
  6.6936e+06   3.19e-28
  6.9282e+06   2.88e-28
  7.1709e+06   2.60e-28
  7.4222e+06   2.35e-28
  7.6823e+06   2.12e-28
  7.9516e+06   1.91e-28
  8.2302e+06   1.73e-28
  8.5186e+06   1.56e-28
  8.8172e+06   1.41e-28
  9.1262e+06   1.27e-28
  9.4460e+06   1.15e-28
  9.7770e+06   1.04e-28
  1.0120e+07   9.43e-29
  1.0474e+07   8.58e-29
  1.0841e+07   7.78e-29
  1.1221e+07   7.05e-29
  1.1614e+07   6.46e-29
  1.2022e+07   5.92e-29
  1.2443e+07   5.40e-29
  1.2879e+07   4.98e-29
  1.3330e+07   4.60e-29
  1.3797e+07   4.24e-29
  1.4281e+07   3.92e-29
  1.4781e+07   3.66e-29
  1.5299e+07   3.42e-29
  1.5835e+07   3.18e-29
  1.6390e+07   3.01e-29
  1.6965e+07   2.83e-29
  1.7559e+07   2.66e-29
  1.8175e+07   2.55e-29
  1.8812e+07   2.45e-29
  1.9471e+07   2.34e-29
  2.0153e+07   2.26e-29
  2.0859e+07   2.22e-29
  2.1590e+07   2.16e-29
  2.2347e+07   2.09e-29
  2.3130e+07   2.17e-29
  2.3941e+07   2.19e-29
  2.4780e+07   2.17e-29
  2.5648e+07   2.47e-29
  2.6547e+07   2.75e-29
  2.7477e+07   2.87e-29
  2.8440e+07   2.90e-29
