#  E [MeV]   Flux [# cm^{-2} s^{-1}  MeV^{-1}]
  3.0000e+04   5.11e-19
  3.0589e+04   4.93e-19
  3.1190e+04   4.76e-19
  3.1803e+04   4.59e-19
  3.2428e+04   4.43e-19
  3.3065e+04   4.27e-19
  3.3714e+04   4.12e-19
  3.4376e+04   3.97e-19
  3.5052e+04   3.83e-19
  3.5740e+04   3.69e-19
  3.6442e+04   3.56e-19
  3.7158e+04   3.43e-19
  3.7888e+04   3.30e-19
  3.8632e+04   3.18e-19
  3.9391e+04   3.06e-19
  4.0165e+04   2.94e-19
  4.0954e+04   2.83e-19
  4.1758e+04   2.73e-19
  4.2579e+04   2.62e-19
  4.3415e+04   2.52e-19
  4.4268e+04   2.42e-19
  4.5138e+04   2.33e-19
  4.6024e+04   2.24e-19
  4.6928e+04   2.15e-19
  4.7850e+04   2.07e-19
  4.8790e+04   1.99e-19
  4.9749e+04   1.91e-19
  5.0726e+04   1.83e-19
  5.1722e+04   1.76e-19
  5.2738e+04   1.69e-19
  5.3774e+04   1.62e-19
  5.4831e+04   1.55e-19
  5.5908e+04   1.49e-19
  5.7006e+04   1.43e-19
  5.8126e+04   1.37e-19
  5.9268e+04   1.31e-19
  6.0432e+04   1.26e-19
  6.1619e+04   1.20e-19
  6.2829e+04   1.15e-19
  6.4064e+04   1.10e-19
  6.5322e+04   1.06e-19
  6.6605e+04   1.01e-19
  6.7913e+04   9.66e-20
  6.9248e+04   9.23e-20
  7.0608e+04   8.82e-20
  7.1995e+04   8.43e-20
  7.3409e+04   8.06e-20
  7.4851e+04   7.70e-20
  7.6321e+04   7.35e-20
  7.7821e+04   7.01e-20
  7.9349e+04   6.68e-20
  8.0908e+04   6.38e-20
  8.2497e+04   6.08e-20
  8.4118e+04   5.80e-20
  8.5770e+04   5.53e-20
  8.7455e+04   5.26e-20
  8.9173e+04   5.00e-20
  9.0925e+04   4.77e-20
  9.2711e+04   4.54e-20
  9.4532e+04   4.33e-20
  9.6389e+04   4.11e-20
  9.8283e+04   3.91e-20
  1.0021e+05   3.71e-20
  1.0218e+05   3.53e-20
  1.0419e+05   3.36e-20
  1.0624e+05   3.19e-20
  1.0832e+05   3.03e-20
  1.1045e+05   2.87e-20
  1.1262e+05   2.72e-20
  1.1483e+05   2.58e-20
  1.1709e+05   2.45e-20
  1.1939e+05   2.32e-20
  1.2173e+05   2.20e-20
  1.2412e+05   2.08e-20
  1.2656e+05   1.97e-20
  1.2905e+05   1.87e-20
  1.3158e+05   1.77e-20
  1.3417e+05   1.67e-20
  1.3680e+05   1.58e-20
  1.3949e+05   1.49e-20
  1.4223e+05   1.41e-20
  1.4503e+05   1.33e-20
  1.4787e+05   1.26e-20
  1.5078e+05   1.19e-20
  1.5374e+05   1.12e-20
  1.5676e+05   1.05e-20
  1.5984e+05   9.91e-21
  1.6298e+05   9.36e-21
  1.6618e+05   8.83e-21
  1.6945e+05   8.31e-21
  1.7278e+05   7.81e-21
  1.7617e+05   7.33e-21
  1.7963e+05   6.89e-21
  1.8316e+05   6.49e-21
  1.8676e+05   6.11e-21
  1.9042e+05   5.74e-21
  1.9417e+05   5.38e-21
  1.9798e+05   5.03e-21
  2.0187e+05   4.72e-21
  2.0583e+05   4.44e-21
  2.0988e+05   4.17e-21
  2.1400e+05   3.91e-21
  2.1820e+05   3.65e-21
  2.2249e+05   3.41e-21
  2.2686e+05   3.19e-21
  2.3132e+05   3.00e-21
  2.3586e+05   2.81e-21
  2.4049e+05   2.63e-21
  2.4522e+05   2.45e-21
  2.5004e+05   2.28e-21
  2.5495e+05   2.13e-21
  2.5996e+05   1.99e-21
  2.6506e+05   1.86e-21
  2.7027e+05   1.74e-21
  2.7558e+05   1.62e-21
  2.8099e+05   1.50e-21
  2.8651e+05   1.40e-21
  2.9214e+05   1.31e-21
  2.9788e+05   1.22e-21
  3.0373e+05   1.13e-21
  3.0970e+05   1.05e-21
  3.1578e+05   9.68e-22
  3.2198e+05   9.03e-22
  3.2831e+05   8.41e-22
  3.3476e+05   7.82e-22
  3.4133e+05   7.25e-22
  3.4804e+05   6.69e-22
  3.5487e+05   6.16e-22
  3.6185e+05   5.74e-22
  3.6895e+05   5.34e-22
  3.7620e+05   4.95e-22
  3.8359e+05   4.58e-22
  3.9113e+05   4.22e-22
  3.9881e+05   3.87e-22
  4.0664e+05   3.60e-22
  4.1463e+05   3.35e-22
  4.2278e+05   3.10e-22
  4.3108e+05   2.86e-22
  4.3955e+05   2.62e-22
  4.4818e+05   2.41e-22
  4.5699e+05   2.24e-22
  4.6596e+05   2.07e-22
  4.7512e+05   1.91e-22
  4.8445e+05   1.76e-22
  4.9397e+05   1.62e-22
  5.0367e+05   1.48e-22
  5.1356e+05   1.38e-22
  5.2365e+05   1.27e-22
  5.3394e+05   1.18e-22
  5.4443e+05   1.08e-22
  5.5512e+05   9.90e-23
  5.6603e+05   9.08e-23
  5.7715e+05   8.43e-23
  5.8848e+05   7.81e-23
  6.0004e+05   7.21e-23
  6.1183e+05   6.63e-23
  6.2385e+05   6.07e-23
  6.3610e+05   5.59e-23
  6.4860e+05   5.20e-23
  6.6134e+05   4.83e-23
  6.7433e+05   4.47e-23
  6.8758e+05   4.12e-23
  7.0108e+05   3.79e-23
  7.1486e+05   3.50e-23
  7.2890e+05   3.27e-23
  7.4322e+05   3.04e-23
  7.5782e+05   2.82e-23
  7.7270e+05   2.61e-23
  7.8788e+05   2.41e-23
  8.0336e+05   2.24e-23
  8.1914e+05   2.10e-23
  8.3523e+05   1.96e-23
  8.5164e+05   1.82e-23
  8.6837e+05   1.69e-23
  8.8542e+05   1.57e-23
  9.0282e+05   1.46e-23
  9.2055e+05   1.38e-23
  9.3863e+05   1.29e-23
  9.5707e+05   1.21e-23
  9.7587e+05   1.13e-23
  9.9504e+05   1.05e-23
  1.0146e+06   9.91e-24
  1.0345e+06   9.33e-24
  1.0548e+06   8.78e-24
  1.0756e+06   8.24e-24
  1.0967e+06   7.72e-24
  1.1182e+06   7.22e-24
  1.1402e+06   6.79e-24
  1.1626e+06   6.38e-24
  1.1854e+06   5.98e-24
  1.2087e+06   5.60e-24
  1.2325e+06   5.23e-24
  1.2567e+06   4.88e-24
  1.2814e+06   4.55e-24
  1.3065e+06   4.23e-24
  1.3322e+06   3.92e-24
  1.3584e+06   3.63e-24
  1.3851e+06   3.35e-24
  1.4123e+06   3.07e-24
  1.4400e+06   2.89e-24
