#  E [MeV]   Flux [# cm^{-2} s^{-1}  MeV^{-1}]
  3.0000e+04   1.07e-18
  3.0765e+04   1.03e-18
  3.1549e+04   9.98e-19
  3.2354e+04   9.64e-19
  3.3179e+04   9.32e-19
  3.4025e+04   9.00e-19
  3.4892e+04   8.69e-19
  3.5782e+04   8.39e-19
  3.6695e+04   8.10e-19
  3.7630e+04   7.82e-19
  3.8590e+04   7.55e-19
  3.9574e+04   7.28e-19
  4.0583e+04   7.02e-19
  4.1618e+04   6.77e-19
  4.2679e+04   6.53e-19
  4.3767e+04   6.30e-19
  4.4883e+04   6.07e-19
  4.6028e+04   5.85e-19
  4.7201e+04   5.64e-19
  4.8405e+04   5.43e-19
  4.9639e+04   5.23e-19
  5.0905e+04   5.03e-19
  5.2203e+04   4.84e-19
  5.3534e+04   4.66e-19
  5.4899e+04   4.48e-19
  5.6299e+04   4.31e-19
  5.7734e+04   4.14e-19
  5.9207e+04   3.98e-19
  6.0716e+04   3.82e-19
  6.2264e+04   3.67e-19
  6.3852e+04   3.52e-19
  6.5480e+04   3.38e-19
  6.7150e+04   3.24e-19
  6.8862e+04   3.11e-19
  7.0618e+04   2.98e-19
  7.2419e+04   2.86e-19
  7.4265e+04   2.75e-19
  7.6159e+04   2.63e-19
  7.8101e+04   2.52e-19
  8.0092e+04   2.42e-19
  8.2135e+04   2.32e-19
  8.4229e+04   2.22e-19
  8.6377e+04   2.13e-19
  8.8579e+04   2.04e-19
  9.0838e+04   1.96e-19
  9.3154e+04   1.88e-19
  9.5529e+04   1.80e-19
  9.7965e+04   1.72e-19
  1.0046e+05   1.65e-19
  1.0303e+05   1.58e-19
  1.0565e+05   1.51e-19
  1.0835e+05   1.44e-19
  1.1111e+05   1.38e-19
  1.1394e+05   1.32e-19
  1.1685e+05   1.26e-19
  1.1983e+05   1.20e-19
  1.2288e+05   1.15e-19
  1.2602e+05   1.10e-19
  1.2923e+05   1.05e-19
  1.3252e+05   1.00e-19
  1.3590e+05   9.54e-20
  1.3937e+05   9.10e-20
  1.4292e+05   8.67e-20
  1.4657e+05   8.26e-20
  1.5030e+05   7.87e-20
  1.5414e+05   7.49e-20
  1.5807e+05   7.13e-20
  1.6210e+05   6.79e-20
  1.6623e+05   6.46e-20
  1.7047e+05   6.14e-20
  1.7482e+05   5.83e-20
  1.7927e+05   5.54e-20
  1.8384e+05   5.27e-20
  1.8853e+05   5.00e-20
  1.9334e+05   4.74e-20
  1.9827e+05   4.50e-20
  2.0333e+05   4.27e-20
  2.0851e+05   4.04e-20
  2.1383e+05   3.83e-20
  2.1928e+05   3.63e-20
  2.2487e+05   3.43e-20
  2.3060e+05   3.25e-20
  2.3648e+05   3.07e-20
  2.4251e+05   2.90e-20
  2.4870e+05   2.73e-20
  2.5504e+05   2.58e-20
  2.6154e+05   2.44e-20
  2.6821e+05   2.30e-20
  2.7505e+05   2.16e-20
  2.8206e+05   2.03e-20
  2.8926e+05   1.92e-20
  2.9663e+05   1.80e-20
  3.0420e+05   1.70e-20
  3.1195e+05   1.59e-20
  3.1991e+05   1.49e-20
  3.2806e+05   1.40e-20
  3.3643e+05   1.32e-20
  3.4501e+05   1.23e-20
  3.5381e+05   1.15e-20
  3.6283e+05   1.08e-20
  3.7208e+05   1.01e-20
  3.8157e+05   9.46e-21
  3.9130e+05   8.82e-21
  4.0127e+05   8.24e-21
  4.1150e+05   7.70e-21
  4.2200e+05   7.18e-21
  4.3276e+05   6.68e-21
  4.4379e+05   6.20e-21
  4.5511e+05   5.78e-21
  4.6671e+05   5.37e-21
  4.7861e+05   4.99e-21
  4.9082e+05   4.62e-21
  5.0333e+05   4.27e-21
  5.1617e+05   3.97e-21
  5.2933e+05   3.67e-21
  5.4283e+05   3.39e-21
  5.5667e+05   3.12e-21
  5.7086e+05   2.89e-21
  5.8542e+05   2.67e-21
  6.0035e+05   2.46e-21
  6.1565e+05   2.26e-21
  6.3135e+05   2.08e-21
  6.4745e+05   1.92e-21
  6.6396e+05   1.76e-21
  6.8089e+05   1.62e-21
  6.9825e+05   1.47e-21
  7.1606e+05   1.35e-21
  7.3432e+05   1.24e-21
  7.5304e+05   1.14e-21
  7.7224e+05   1.04e-21
  7.9193e+05   9.42e-22
  8.1213e+05   8.65e-22
  8.3283e+05   7.90e-22
  8.5407e+05   7.19e-22
  8.7585e+05   6.51e-22
  8.9818e+05   5.92e-22
  9.2108e+05   5.40e-22
  9.4457e+05   4.91e-22
  9.6866e+05   4.43e-22
  9.9336e+05   3.98e-22
  1.0187e+06   3.63e-22
  1.0447e+06   3.29e-22
  1.0713e+06   2.97e-22
  1.0986e+06   2.66e-22
  1.1266e+06   2.39e-22
  1.1554e+06   2.17e-22
  1.1848e+06   1.96e-22
  1.2150e+06   1.76e-22
  1.2460e+06   1.57e-22
  1.2778e+06   1.41e-22
  1.3104e+06   1.28e-22
  1.3438e+06   1.14e-22
  1.3780e+06   1.02e-22
  1.4132e+06   9.06e-23
  1.4492e+06   8.18e-23
  1.4862e+06   7.33e-23
  1.5241e+06   6.53e-23
  1.5629e+06   5.77e-23
  1.6028e+06   5.16e-23
  1.6436e+06   4.63e-23
  1.6856e+06   4.13e-23
  1.7285e+06   3.65e-23
  1.7726e+06   3.21e-23
  1.8178e+06   2.89e-23
  1.8642e+06   2.58e-23
  1.9117e+06   2.29e-23
  1.9604e+06   2.01e-23
  2.0104e+06   1.79e-23
  2.0617e+06   1.61e-23
  2.1143e+06   1.43e-23
  2.1682e+06   1.27e-23
  2.2235e+06   1.11e-23
  2.2802e+06   1.01e-23
  2.3383e+06   9.04e-24
  2.3979e+06   8.08e-24
  2.4591e+06   7.15e-24
  2.5218e+06   6.37e-24
  2.5861e+06   5.78e-24
  2.6520e+06   5.21e-24
  2.7196e+06   4.66e-24
  2.7890e+06   4.14e-24
  2.8601e+06   3.78e-24
  2.9330e+06   3.47e-24
  3.0078e+06   3.16e-24
  3.0845e+06   2.87e-24
  3.1632e+06   2.61e-24
  3.2438e+06   2.42e-24
  3.3265e+06   2.23e-24
  3.4113e+06   2.05e-24
  3.4983e+06   1.88e-24
  3.5875e+06   1.74e-24
  3.6790e+06   1.61e-24
  3.7728e+06   1.48e-24
  3.8690e+06   1.36e-24
  3.9677e+06   1.25e-24
  4.0689e+06   1.15e-24
  4.1726e+06   1.06e-24
  4.2790e+06   9.68e-25
  4.3881e+06   8.81e-25
  4.5000e+06   8.11e-25
