#  E [MeV]   Flux [# cm^{-2} s^{-1}  MeV^{-1}]
  3.0000e+04   4.51e-24
  3.1232e+04   4.32e-24
  3.2514e+04   4.13e-24
  3.3849e+04   3.95e-24
  3.5238e+04   3.78e-24
  3.6685e+04   3.61e-24
  3.8191e+04   3.45e-24
  3.9759e+04   3.30e-24
  4.1391e+04   3.16e-24
  4.3090e+04   3.02e-24
  4.4859e+04   2.88e-24
  4.6701e+04   2.76e-24
  4.8618e+04   2.64e-24
  5.0614e+04   2.52e-24
  5.2692e+04   2.41e-24
  5.4855e+04   2.30e-24
  5.7107e+04   2.20e-24
  5.9451e+04   2.10e-24
  6.1892e+04   2.01e-24
  6.4433e+04   1.92e-24
  6.7078e+04   1.83e-24
  6.9832e+04   1.75e-24
  7.2699e+04   1.67e-24
  7.5683e+04   1.60e-24
  7.8790e+04   1.52e-24
  8.2025e+04   1.46e-24
  8.5392e+04   1.39e-24
  8.8898e+04   1.33e-24
  9.2547e+04   1.27e-24
  9.6347e+04   1.21e-24
  1.0030e+05   1.15e-24
  1.0442e+05   1.10e-24
  1.0871e+05   1.05e-24
  1.1317e+05   1.00e-24
  1.1782e+05   9.56e-25
  1.2265e+05   9.12e-25
  1.2769e+05   8.70e-25
  1.3293e+05   8.30e-25
  1.3839e+05   7.91e-25
  1.4407e+05   7.54e-25
  1.4998e+05   7.19e-25
  1.5614e+05   6.85e-25
  1.6255e+05   6.53e-25
  1.6922e+05   6.22e-25
  1.7617e+05   5.92e-25
  1.8340e+05   5.64e-25
  1.9093e+05   5.37e-25
  1.9877e+05   5.11e-25
  2.0693e+05   4.86e-25
  2.1543e+05   4.63e-25
  2.2427e+05   4.40e-25
  2.3348e+05   4.19e-25
  2.4306e+05   3.98e-25
  2.5304e+05   3.78e-25
  2.6343e+05   3.60e-25
  2.7424e+05   3.42e-25
  2.8550e+05   3.24e-25
  2.9722e+05   3.08e-25
  3.0942e+05   2.92e-25
  3.2213e+05   2.77e-25
  3.3535e+05   2.63e-25
  3.4912e+05   2.49e-25
  3.6345e+05   2.36e-25
  3.7837e+05   2.24e-25
  3.9390e+05   2.12e-25
  4.1008e+05   2.01e-25
  4.2691e+05   1.90e-25
  4.4444e+05   1.80e-25
  4.6268e+05   1.70e-25
  4.8168e+05   1.61e-25
  5.0145e+05   1.52e-25
  5.2204e+05   1.43e-25
  5.4347e+05   1.35e-25
  5.6578e+05   1.28e-25
  5.8901e+05   1.20e-25
  6.1319e+05   1.14e-25
  6.3836e+05   1.07e-25
  6.6457e+05   1.01e-25
  6.9185e+05   9.48e-26
  7.2025e+05   8.93e-26
  7.4982e+05   8.40e-26
  7.8061e+05   7.89e-26
  8.1265e+05   7.42e-26
  8.4601e+05   6.97e-26
  8.8075e+05   6.54e-26
  9.1690e+05   6.14e-26
  9.5455e+05   5.76e-26
  9.9373e+05   5.40e-26
  1.0345e+06   5.07e-26
  1.0770e+06   4.75e-26
  1.1212e+06   4.45e-26
  1.1672e+06   4.16e-26
  1.2152e+06   3.89e-26
  1.2650e+06   3.64e-26
  1.3170e+06   3.40e-26
  1.3711e+06   3.18e-26
  1.4273e+06   2.97e-26
  1.4859e+06   2.77e-26
  1.5469e+06   2.59e-26
  1.6104e+06   2.41e-26
  1.6766e+06   2.25e-26
  1.7454e+06   2.10e-26
  1.8170e+06   1.95e-26
  1.8916e+06   1.82e-26
  1.9693e+06   1.69e-26
  2.0501e+06   1.57e-26
  2.1343e+06   1.46e-26
  2.2219e+06   1.36e-26
  2.3131e+06   1.26e-26
  2.4081e+06   1.17e-26
  2.5070e+06   1.08e-26
  2.6099e+06   1.01e-26
  2.7170e+06   9.31e-27
  2.8286e+06   8.61e-27
  2.9447e+06   7.97e-27
  3.0656e+06   7.37e-27
  3.1914e+06   6.80e-27
  3.3225e+06   6.28e-27
  3.4589e+06   5.79e-27
  3.6008e+06   5.34e-27
  3.7487e+06   4.92e-27
  3.9026e+06   4.53e-27
  4.0628e+06   4.16e-27
  4.2296e+06   3.83e-27
  4.4032e+06   3.51e-27
  4.5840e+06   3.22e-27
  4.7722e+06   2.95e-27
  4.9681e+06   2.70e-27
  5.1720e+06   2.47e-27
  5.3844e+06   2.26e-27
  5.6054e+06   2.06e-27
  5.8355e+06   1.88e-27
  6.0751e+06   1.71e-27
  6.3245e+06   1.56e-27
  6.5841e+06   1.42e-27
  6.8544e+06   1.29e-27
  7.1358e+06   1.16e-27
  7.4288e+06   1.06e-27
  7.7338e+06   9.54e-28
  8.0513e+06   8.62e-28
  8.3818e+06   7.78e-28
  8.7259e+06   7.00e-28
  9.0841e+06   6.29e-28
  9.4571e+06   5.65e-28
  9.8453e+06   5.05e-28
  1.0249e+07   4.52e-28
  1.0670e+07   4.04e-28
  1.1108e+07   3.58e-28
  1.1564e+07   3.19e-28
  1.2039e+07   2.83e-28
  1.2533e+07   2.49e-28
  1.3048e+07   2.21e-28
  1.3584e+07   1.94e-28
  1.4141e+07   1.70e-28
  1.4722e+07   1.49e-28
  1.5326e+07   1.29e-28
  1.5955e+07   1.12e-28
  1.6610e+07   9.69e-29
  1.7292e+07   8.32e-29
  1.8002e+07   7.10e-29
  1.8741e+07   6.04e-29
  1.9511e+07   5.08e-29
  2.0312e+07   4.25e-29
  2.1145e+07   3.54e-29
  2.2013e+07   2.90e-29
  2.2917e+07   2.36e-29
  2.3858e+07   1.90e-29
  2.4837e+07   1.50e-29
  2.5857e+07   1.17e-29
  2.6919e+07   8.93e-30
  2.8024e+07   6.61e-30
  2.9174e+07   4.83e-30
  3.0372e+07   3.39e-30
  3.1619e+07   2.27e-30
  3.2917e+07   1.47e-30
  3.4268e+07   8.89e-31
  3.5675e+07   4.97e-31
  3.7140e+07   2.57e-31
  3.8664e+07   1.17e-31
  4.0252e+07   4.63e-32
  4.1904e+07   1.54e-32
  4.3624e+07   3.97e-33
  4.5415e+07   7.57e-34
  4.7280e+07   9.73e-35
  4.9221e+07   7.18e-36
  5.1241e+07   2.62e-37
  5.3345e+07   3.63e-39
  5.5535e+07   1.30e-41
  5.7815e+07   7.50e-45
  6.0188e+07   3.21e-49
  6.2659e+07   3.35e-55
  6.5232e+07   1.74e-63
  6.7910e+07   5.66e-71
  7.0698e+07   4.54e-71
  7.3600e+07   3.78e-71
  7.6621e+07   3.07e-71
  7.9767e+07   2.43e-71
  8.3042e+07   1.94e-71
  8.6451e+07   1.49e-71
  9.0000e+07   1.10e-71
