#  E [MeV]   Flux [# cm^{-2} s^{-1}  MeV^{-1}]
  3.0000e+04   1.82e-27
  3.1232e+04   1.75e-27
  3.2514e+04   1.68e-27
  3.3849e+04   1.62e-27
  3.5238e+04   1.55e-27
  3.6685e+04   1.49e-27
  3.8191e+04   1.43e-27
  3.9759e+04   1.38e-27
  4.1391e+04   1.32e-27
  4.3090e+04   1.27e-27
  4.4859e+04   1.21e-27
  4.6701e+04   1.17e-27
  4.8618e+04   1.12e-27
  5.0614e+04   1.07e-27
  5.2692e+04   1.03e-27
  5.4855e+04   9.83e-28
  5.7107e+04   9.42e-28
  5.9451e+04   9.02e-28
  6.1892e+04   8.64e-28
  6.4433e+04   8.27e-28
  6.7078e+04   7.91e-28
  6.9832e+04   7.57e-28
  7.2699e+04   7.24e-28
  7.5683e+04   6.92e-28
  7.8790e+04   6.61e-28
  8.2025e+04   6.32e-28
  8.5392e+04   6.04e-28
  8.8898e+04   5.76e-28
  9.2547e+04   5.50e-28
  9.6347e+04   5.25e-28
  1.0030e+05   5.01e-28
  1.0442e+05   4.78e-28
  1.0871e+05   4.55e-28
  1.1317e+05   4.34e-28
  1.1782e+05   4.14e-28
  1.2265e+05   3.94e-28
  1.2769e+05   3.75e-28
  1.3293e+05   3.57e-28
  1.3839e+05   3.39e-28
  1.4407e+05   3.22e-28
  1.4998e+05   3.06e-28
  1.5614e+05   2.91e-28
  1.6255e+05   2.76e-28
  1.6922e+05   2.62e-28
  1.7617e+05   2.48e-28
  1.8340e+05   2.35e-28
  1.9093e+05   2.23e-28
  1.9877e+05   2.11e-28
  2.0693e+05   2.00e-28
  2.1543e+05   1.89e-28
  2.2427e+05   1.78e-28
  2.3348e+05   1.68e-28
  2.4306e+05   1.59e-28
  2.5304e+05   1.50e-28
  2.6343e+05   1.41e-28
  2.7424e+05   1.33e-28
  2.8550e+05   1.25e-28
  2.9722e+05   1.17e-28
  3.0942e+05   1.10e-28
  3.2213e+05   1.03e-28
  3.3535e+05   9.68e-29
  3.4912e+05   9.07e-29
  3.6345e+05   8.48e-29
  3.7837e+05   7.93e-29
  3.9390e+05   7.41e-29
  4.1008e+05   6.91e-29
  4.2691e+05   6.45e-29
  4.4444e+05   6.00e-29
  4.6268e+05   5.59e-29
  4.8168e+05   5.20e-29
  5.0145e+05   4.83e-29
  5.2204e+05   4.48e-29
  5.4347e+05   4.16e-29
  5.6578e+05   3.85e-29
  5.8901e+05   3.57e-29
  6.1319e+05   3.30e-29
  6.3836e+05   3.06e-29
  6.6457e+05   2.83e-29
  6.9185e+05   2.61e-29
  7.2025e+05   2.41e-29
  7.4982e+05   2.23e-29
  7.8061e+05   2.06e-29
  8.1265e+05   1.90e-29
  8.4601e+05   1.75e-29
  8.8075e+05   1.62e-29
  9.1690e+05   1.50e-29
  9.5455e+05   1.38e-29
  9.9373e+05   1.27e-29
  1.0345e+06   1.18e-29
  1.0770e+06   1.09e-29
  1.1212e+06   1.00e-29
  1.1672e+06   9.27e-30
  1.2152e+06   8.56e-30
  1.2650e+06   7.92e-30
  1.3170e+06   7.32e-30
  1.3711e+06   6.77e-30
  1.4273e+06   6.27e-30
  1.4859e+06   5.80e-30
  1.5469e+06   5.37e-30
  1.6104e+06   4.98e-30
  1.6766e+06   4.61e-30
  1.7454e+06   4.28e-30
  1.8170e+06   3.97e-30
  1.8916e+06   3.68e-30
  1.9693e+06   3.42e-30
  2.0501e+06   3.17e-30
  2.1343e+06   2.94e-30
  2.2219e+06   2.73e-30
  2.3131e+06   2.54e-30
  2.4081e+06   2.36e-30
  2.5070e+06   2.19e-30
  2.6099e+06   2.03e-30
  2.7170e+06   1.89e-30
  2.8286e+06   1.75e-30
  2.9447e+06   1.63e-30
  3.0656e+06   1.51e-30
  3.1914e+06   1.40e-30
  3.3225e+06   1.30e-30
  3.4589e+06   1.21e-30
  3.6008e+06   1.12e-30
  3.7487e+06   1.03e-30
  3.9026e+06   9.57e-31
  4.0628e+06   8.85e-31
  4.2296e+06   8.17e-31
  4.4032e+06   7.55e-31
  4.5840e+06   6.96e-31
  4.7722e+06   6.40e-31
  4.9681e+06   5.89e-31
  5.1720e+06   5.41e-31
  5.3844e+06   4.96e-31
  5.6054e+06   4.54e-31
  5.8355e+06   4.15e-31
  6.0751e+06   3.78e-31
  6.3245e+06   3.44e-31
  6.5841e+06   3.12e-31
  6.8544e+06   2.82e-31
  7.1358e+06   2.54e-31
  7.4288e+06   2.28e-31
  7.7338e+06   2.04e-31
  8.0513e+06   1.82e-31
  8.3818e+06   1.61e-31
  8.7259e+06   1.42e-31
  9.0841e+06   1.24e-31
  9.4571e+06   1.08e-31
  9.8453e+06   9.37e-32
  1.0249e+07   8.03e-32
  1.0670e+07   6.82e-32
  1.1108e+07   5.74e-32
  1.1564e+07   4.77e-32
  1.2039e+07   3.91e-32
  1.2533e+07   3.17e-32
  1.3048e+07   2.52e-32
  1.3584e+07   1.97e-32
  1.4141e+07   1.51e-32
  1.4722e+07   1.13e-32
  1.5326e+07   8.26e-33
  1.5955e+07   5.85e-33
  1.6610e+07   4.01e-33
  1.7292e+07   2.64e-33
  1.8002e+07   1.67e-33
  1.8741e+07   9.99e-34
  1.9511e+07   5.65e-34
  2.0312e+07   2.98e-34
  2.1145e+07   1.46e-34
  2.2013e+07   6.49e-35
  2.2917e+07   2.59e-35
  2.3858e+07   9.14e-36
  2.4837e+07   2.77e-36
  2.5857e+07   7.03e-37
  2.6919e+07   1.44e-37
  2.8024e+07   2.30e-38
  2.9174e+07   2.70e-39
  3.0372e+07   2.18e-40
  3.1619e+07   1.12e-41
  3.2917e+07   3.29e-43
  3.4268e+07   4.85e-45
  3.5675e+07   3.03e-47
  3.7140e+07   6.47e-50
  3.8664e+07   3.55e-53
  4.0252e+07   3.45e-57
  4.1904e+07   3.64e-62
  4.3624e+07   2.16e-68
  4.5415e+07   8.78e-72
  4.7280e+07   8.30e-72
  4.9221e+07   7.84e-72
  5.1241e+07   7.40e-72
  5.3345e+07   6.99e-72
  5.5535e+07   6.60e-72
  5.7815e+07   6.22e-72
  6.0188e+07   5.87e-72
  6.2659e+07   5.53e-72
  6.5232e+07   5.21e-72
  6.7910e+07   4.90e-72
  7.0698e+07   4.61e-72
  7.3600e+07   4.34e-72
  7.6621e+07   4.07e-72
  7.9767e+07   3.81e-72
  8.3042e+07   3.57e-72
  8.6451e+07   3.35e-72
  9.0000e+07   3.15e-72
