#  E [GeV]   # per interaction  [GeV^{-1}]
  3.0000e+01   1.28e-02
  3.0696e+01   1.25e-02
  3.1408e+01   1.23e-02
  3.2137e+01   1.21e-02
  3.2883e+01   1.19e-02
  3.3646e+01   1.17e-02
  3.4426e+01   1.14e-02
  3.5225e+01   1.12e-02
  3.6042e+01   1.10e-02
  3.6878e+01   1.09e-02
  3.7734e+01   1.07e-02
  3.8609e+01   1.05e-02
  3.9505e+01   1.03e-02
  4.0422e+01   1.01e-02
  4.1360e+01   9.96e-03
  4.2319e+01   9.80e-03
  4.3301e+01   9.63e-03
  4.4306e+01   9.48e-03
  4.5334e+01   9.33e-03
  4.6386e+01   9.18e-03
  4.7462e+01   9.03e-03
  4.8563e+01   8.88e-03
  4.9690e+01   8.74e-03
  5.0843e+01   8.61e-03
  5.2022e+01   8.47e-03
  5.3229e+01   8.34e-03
  5.4464e+01   8.21e-03
  5.5728e+01   8.08e-03
  5.7021e+01   7.96e-03
  5.8344e+01   7.84e-03
  5.9697e+01   7.72e-03
  6.1083e+01   7.60e-03
  6.2500e+01   7.49e-03
  6.3950e+01   7.38e-03
  6.5434e+01   7.28e-03
  6.6952e+01   7.17e-03
  6.8505e+01   7.06e-03
  7.0095e+01   6.96e-03
  7.1721e+01   6.86e-03
  7.3385e+01   6.75e-03
  7.5088e+01   6.65e-03
  7.6830e+01   6.56e-03
  7.8612e+01   6.46e-03
  8.0436e+01   6.37e-03
  8.2302e+01   6.27e-03
  8.4212e+01   6.18e-03
  8.6166e+01   6.09e-03
  8.8165e+01   6.00e-03
  9.0210e+01   5.92e-03
  9.2304e+01   5.83e-03
  9.4445e+01   5.74e-03
  9.6636e+01   5.66e-03
  9.8878e+01   5.58e-03
  1.0117e+02   5.49e-03
  1.0352e+02   5.41e-03
  1.0592e+02   5.33e-03
  1.0838e+02   5.25e-03
  1.1089e+02   5.17e-03
  1.1347e+02   5.10e-03
  1.1610e+02   5.02e-03
  1.1879e+02   4.94e-03
  1.2155e+02   4.87e-03
  1.2437e+02   4.80e-03
  1.2725e+02   4.72e-03
  1.3021e+02   4.65e-03
  1.3323e+02   4.58e-03
  1.3632e+02   4.51e-03
  1.3948e+02   4.43e-03
  1.4272e+02   4.36e-03
  1.4603e+02   4.29e-03
  1.4942e+02   4.22e-03
  1.5288e+02   4.15e-03
  1.5643e+02   4.08e-03
  1.6006e+02   4.01e-03
  1.6377e+02   3.94e-03
  1.6757e+02   3.88e-03
  1.7146e+02   3.81e-03
  1.7544e+02   3.74e-03
  1.7951e+02   3.67e-03
  1.8368e+02   3.61e-03
  1.8794e+02   3.54e-03
  1.9230e+02   3.48e-03
  1.9676e+02   3.41e-03
  2.0132e+02   3.35e-03
  2.0600e+02   3.28e-03
  2.1078e+02   3.22e-03
  2.1567e+02   3.16e-03
  2.2067e+02   3.09e-03
  2.2579e+02   3.03e-03
  2.3103e+02   2.97e-03
  2.3639e+02   2.91e-03
  2.4187e+02   2.85e-03
  2.4748e+02   2.79e-03
  2.5323e+02   2.73e-03
  2.5910e+02   2.67e-03
  2.6511e+02   2.61e-03
  2.7126e+02   2.55e-03
  2.7756e+02   2.49e-03
  2.8400e+02   2.43e-03
  2.9059e+02   2.37e-03
  2.9733e+02   2.31e-03
  3.0423e+02   2.26e-03
  3.1129e+02   2.20e-03
  3.1851e+02   2.14e-03
  3.2590e+02   2.09e-03
  3.3346e+02   2.03e-03
  3.4120e+02   1.98e-03
  3.4911e+02   1.92e-03
  3.5721e+02   1.87e-03
  3.6550e+02   1.81e-03
  3.7398e+02   1.76e-03
  3.8266e+02   1.71e-03
  3.9154e+02   1.66e-03
  4.0062e+02   1.61e-03
  4.0991e+02   1.56e-03
  4.1943e+02   1.51e-03
  4.2916e+02   1.46e-03
  4.3911e+02   1.42e-03
  4.4930e+02   1.37e-03
  4.5973e+02   1.32e-03
  4.7039e+02   1.28e-03
  4.8131e+02   1.24e-03
  4.9247e+02   1.19e-03
  5.0390e+02   1.15e-03
  5.1559e+02   1.11e-03
  5.2755e+02   1.07e-03
  5.3979e+02   1.03e-03
  5.5232e+02   9.88e-04
  5.6513e+02   9.49e-04
  5.7824e+02   9.12e-04
  5.9166e+02   8.75e-04
  6.0539e+02   8.40e-04
  6.1943e+02   8.05e-04
  6.3381e+02   7.71e-04
  6.4851e+02   7.38e-04
  6.6356e+02   7.06e-04
  6.7895e+02   6.76e-04
  6.9471e+02   6.45e-04
  7.1082e+02   6.16e-04
  7.2732e+02   5.88e-04
  7.4419e+02   5.60e-04
  7.6146e+02   5.34e-04
  7.7912e+02   5.09e-04
  7.9720e+02   4.84e-04
  8.1570e+02   4.60e-04
  8.3462e+02   4.37e-04
  8.5399e+02   4.15e-04
  8.7380e+02   3.94e-04
  8.9407e+02   3.73e-04
  9.1482e+02   3.53e-04
  9.3604e+02   3.35e-04
  9.5776e+02   3.17e-04
  9.7998e+02   2.99e-04
  1.0027e+03   2.82e-04
  1.0260e+03   2.66e-04
  1.0498e+03   2.51e-04
  1.0741e+03   2.36e-04
  1.0991e+03   2.22e-04
  1.1246e+03   2.09e-04
  1.1507e+03   1.96e-04
  1.1774e+03   1.83e-04
  1.2047e+03   1.71e-04
  1.2326e+03   1.60e-04
  1.2612e+03   1.50e-04
  1.2905e+03   1.40e-04
  1.3204e+03   1.30e-04
  1.3511e+03   1.21e-04
  1.3824e+03   1.12e-04
  1.4145e+03   1.04e-04
  1.4473e+03   9.65e-05
  1.4809e+03   8.92e-05
  1.5152e+03   8.23e-05
  1.5504e+03   7.60e-05
  1.5864e+03   7.02e-05
  1.6232e+03   6.46e-05
  1.6608e+03   5.94e-05
  1.6994e+03   5.43e-05
  1.7388e+03   4.98e-05
  1.7791e+03   4.56e-05
  1.8204e+03   4.16e-05
  1.8626e+03   3.78e-05
  1.9059e+03   3.42e-05
  1.9501e+03   3.10e-05
  1.9953e+03   2.82e-05
  2.0416e+03   2.55e-05
  2.0890e+03   2.30e-05
  2.1375e+03   2.06e-05
  2.1870e+03   1.85e-05
  2.2378e+03   1.68e-05
  2.2897e+03   1.51e-05
  2.3428e+03   1.36e-05
  2.3972e+03   1.21e-05
  2.4528e+03   1.09e-05
  2.5097e+03   9.91e-06
  2.5680e+03   9.00e-06
  2.6275e+03   8.14e-06
  2.6885e+03   7.31e-06
  2.7509e+03   6.68e-06
  2.8147e+03   6.26e-06
  2.8800e+03   5.87e-06
