#  E [MeV]   Flux [# cm^{-2} s^{-1}  MeV^{-1}]
  3.0000e+04   2.54e-19
  3.0411e+04   2.46e-19
  3.0828e+04   2.38e-19
  3.1250e+04   2.31e-19
  3.1678e+04   2.23e-19
  3.2112e+04   2.16e-19
  3.2552e+04   2.09e-19
  3.2998e+04   2.02e-19
  3.3450e+04   1.95e-19
  3.3909e+04   1.88e-19
  3.4373e+04   1.82e-19
  3.4844e+04   1.76e-19
  3.5322e+04   1.70e-19
  3.5806e+04   1.64e-19
  3.6296e+04   1.59e-19
  3.6794e+04   1.53e-19
  3.7298e+04   1.48e-19
  3.7809e+04   1.43e-19
  3.8327e+04   1.38e-19
  3.8852e+04   1.33e-19
  3.9384e+04   1.28e-19
  3.9924e+04   1.24e-19
  4.0471e+04   1.19e-19
  4.1025e+04   1.15e-19
  4.1587e+04   1.11e-19
  4.2157e+04   1.06e-19
  4.2735e+04   1.03e-19
  4.3320e+04   9.88e-20
  4.3914e+04   9.52e-20
  4.4516e+04   9.16e-20
  4.5125e+04   8.82e-20
  4.5744e+04   8.48e-20
  4.6370e+04   8.14e-20
  4.7006e+04   7.82e-20
  4.7650e+04   7.51e-20
  4.8303e+04   7.23e-20
  4.8965e+04   6.95e-20
  4.9635e+04   6.68e-20
  5.0315e+04   6.42e-20
  5.1005e+04   6.16e-20
  5.1704e+04   5.91e-20
  5.2412e+04   5.66e-20
  5.3130e+04   5.42e-20
  5.3858e+04   5.21e-20
  5.4596e+04   5.00e-20
  5.5344e+04   4.80e-20
  5.6102e+04   4.60e-20
  5.6871e+04   4.41e-20
  5.7650e+04   4.22e-20
  5.8440e+04   4.04e-20
  5.9241e+04   3.86e-20
  6.0053e+04   3.69e-20
  6.0875e+04   3.54e-20
  6.1709e+04   3.39e-20
  6.2555e+04   3.25e-20
  6.3412e+04   3.11e-20
  6.4281e+04   2.97e-20
  6.5162e+04   2.84e-20
  6.6054e+04   2.70e-20
  6.6959e+04   2.58e-20
  6.7877e+04   2.47e-20
  6.8807e+04   2.36e-20
  6.9750e+04   2.26e-20
  7.0705e+04   2.15e-20
  7.1674e+04   2.05e-20
  7.2656e+04   1.96e-20
  7.3652e+04   1.86e-20
  7.4661e+04   1.77e-20
  7.5684e+04   1.69e-20
  7.6721e+04   1.61e-20
  7.7772e+04   1.54e-20
  7.8837e+04   1.47e-20
  7.9917e+04   1.40e-20
  8.1012e+04   1.33e-20
  8.2122e+04   1.26e-20
  8.3248e+04   1.20e-20
  8.4388e+04   1.13e-20
  8.5544e+04   1.08e-20
  8.6717e+04   1.03e-20
  8.7905e+04   9.81e-21
  8.9109e+04   9.32e-21
  9.0330e+04   8.84e-21
  9.1568e+04   8.38e-21
  9.2822e+04   7.92e-21
  9.4094e+04   7.48e-21
  9.5383e+04   7.10e-21
  9.6690e+04   6.76e-21
  9.8015e+04   6.42e-21
  9.9358e+04   6.10e-21
  1.0072e+05   5.78e-21
  1.0210e+05   5.46e-21
  1.0350e+05   5.16e-21
  1.0492e+05   4.86e-21
  1.0635e+05   4.58e-21
  1.0781e+05   4.35e-21
  1.0929e+05   4.13e-21
  1.1079e+05   3.91e-21
  1.1230e+05   3.70e-21
  1.1384e+05   3.50e-21
  1.1540e+05   3.29e-21
  1.1698e+05   3.10e-21
  1.1859e+05   2.90e-21
  1.2021e+05   2.75e-21
  1.2186e+05   2.60e-21
  1.2353e+05   2.46e-21
  1.2522e+05   2.33e-21
  1.2694e+05   2.19e-21
  1.2867e+05   2.06e-21
  1.3044e+05   1.94e-21
  1.3222e+05   1.81e-21
  1.3404e+05   1.70e-21
  1.3587e+05   1.61e-21
  1.3773e+05   1.52e-21
  1.3962e+05   1.43e-21
  1.4153e+05   1.35e-21
  1.4347e+05   1.27e-21
  1.4544e+05   1.19e-21
  1.4743e+05   1.11e-21
  1.4945e+05   1.03e-21
  1.5150e+05   9.72e-22
  1.5358e+05   9.18e-22
  1.5568e+05   8.64e-22
  1.5781e+05   8.12e-22
  1.5997e+05   7.61e-22
  1.6217e+05   7.12e-22
  1.6439e+05   6.63e-22
  1.6664e+05   6.16e-22
  1.6892e+05   5.75e-22
  1.7124e+05   5.42e-22
  1.7358e+05   5.09e-22
  1.7596e+05   4.78e-22
  1.7837e+05   4.47e-22
  1.8082e+05   4.17e-22
  1.8330e+05   3.88e-22
  1.8581e+05   3.59e-22
  1.8835e+05   3.31e-22
  1.9093e+05   3.11e-22
  1.9355e+05   2.93e-22
  1.9620e+05   2.74e-22
  1.9889e+05   2.57e-22
  2.0161e+05   2.39e-22
  2.0438e+05   2.22e-22
  2.0718e+05   2.06e-22
  2.1002e+05   1.90e-22
  2.1289e+05   1.76e-22
  2.1581e+05   1.66e-22
  2.1877e+05   1.55e-22
  2.2176e+05   1.45e-22
  2.2480e+05   1.36e-22
  2.2788e+05   1.26e-22
  2.3101e+05   1.17e-22
  2.3417e+05   1.08e-22
  2.3738e+05   9.91e-23
  2.4063e+05   9.32e-23
  2.4393e+05   8.76e-23
  2.4727e+05   8.20e-23
  2.5066e+05   7.67e-23
  2.5409e+05   7.14e-23
  2.5757e+05   6.63e-23
  2.6110e+05   6.14e-23
  2.6468e+05   5.66e-23
  2.6831e+05   5.27e-23
  2.7198e+05   4.97e-23
  2.7571e+05   4.68e-23
  2.7949e+05   4.39e-23
  2.8332e+05   4.11e-23
  2.8720e+05   3.84e-23
  2.9113e+05   3.58e-23
  2.9512e+05   3.32e-23
  2.9917e+05   3.08e-23
  3.0327e+05   2.92e-23
  3.0742e+05   2.76e-23
  3.1163e+05   2.61e-23
  3.1590e+05   2.46e-23
  3.2023e+05   2.32e-23
  3.2462e+05   2.18e-23
  3.2907e+05   2.05e-23
  3.3357e+05   1.91e-23
  3.3814e+05   1.81e-23
  3.4278e+05   1.72e-23
  3.4747e+05   1.64e-23
  3.5223e+05   1.56e-23
  3.5706e+05   1.48e-23
  3.6195e+05   1.41e-23
  3.6691e+05   1.33e-23
  3.7194e+05   1.26e-23
  3.7704e+05   1.19e-23
  3.8220e+05   1.13e-23
  3.8744e+05   1.08e-23
  3.9275e+05   1.03e-23
  3.9813e+05   9.76e-24
  4.0358e+05   9.27e-24
  4.0911e+05   8.78e-24
  4.1472e+05   8.31e-24
  4.2040e+05   7.85e-24
  4.2616e+05   7.51e-24
  4.3200e+05   7.21e-24
  4.3792e+05   6.93e-24
  4.4392e+05   6.65e-24
  4.5000e+05   6.38e-24
