#  E [MeV]   Flux [# cm^{-2} s^{-1}  MeV^{-1}]
  3.0000e+04   9.84e-20
  3.0943e+04   9.51e-20
  3.1916e+04   9.20e-20
  3.2920e+04   8.89e-20
  3.3955e+04   8.60e-20
  3.5023e+04   8.31e-20
  3.6124e+04   8.03e-20
  3.7260e+04   7.76e-20
  3.8432e+04   7.49e-20
  3.9640e+04   7.24e-20
  4.0887e+04   6.99e-20
  4.2172e+04   6.75e-20
  4.3499e+04   6.51e-20
  4.4866e+04   6.28e-20
  4.6277e+04   6.06e-20
  4.7732e+04   5.84e-20
  4.9233e+04   5.63e-20
  5.0781e+04   5.43e-20
  5.2378e+04   5.23e-20
  5.4025e+04   5.04e-20
  5.5724e+04   4.85e-20
  5.7476e+04   4.67e-20
  5.9284e+04   4.49e-20
  6.1148e+04   4.32e-20
  6.3071e+04   4.16e-20
  6.5054e+04   4.00e-20
  6.7100e+04   3.85e-20
  6.9210e+04   3.70e-20
  7.1386e+04   3.55e-20
  7.3631e+04   3.41e-20
  7.5946e+04   3.28e-20
  7.8334e+04   3.14e-20
  8.0797e+04   3.02e-20
  8.3338e+04   2.89e-20
  8.5959e+04   2.77e-20
  8.8662e+04   2.66e-20
  9.1450e+04   2.55e-20
  9.4325e+04   2.44e-20
  9.7291e+04   2.33e-20
  1.0035e+05   2.23e-20
  1.0351e+05   2.14e-20
  1.0676e+05   2.04e-20
  1.1012e+05   1.95e-20
  1.1358e+05   1.87e-20
  1.1715e+05   1.78e-20
  1.2084e+05   1.70e-20
  1.2464e+05   1.62e-20
  1.2856e+05   1.55e-20
  1.3260e+05   1.48e-20
  1.3677e+05   1.41e-20
  1.4107e+05   1.34e-20
  1.4550e+05   1.27e-20
  1.5008e+05   1.21e-20
  1.5480e+05   1.15e-20
  1.5967e+05   1.10e-20
  1.6469e+05   1.04e-20
  1.6987e+05   9.88e-21
  1.7521e+05   9.38e-21
  1.8072e+05   8.89e-21
  1.8640e+05   8.43e-21
  1.9226e+05   7.98e-21
  1.9831e+05   7.56e-21
  2.0454e+05   7.15e-21
  2.1097e+05   6.76e-21
  2.1761e+05   6.39e-21
  2.2445e+05   6.04e-21
  2.3151e+05   5.70e-21
  2.3879e+05   5.38e-21
  2.4630e+05   5.07e-21
  2.5404e+05   4.78e-21
  2.6203e+05   4.50e-21
  2.7027e+05   4.24e-21
  2.7877e+05   3.98e-21
  2.8753e+05   3.74e-21
  2.9657e+05   3.52e-21
  3.0590e+05   3.30e-21
  3.1552e+05   3.09e-21
  3.2544e+05   2.90e-21
  3.3567e+05   2.71e-21
  3.4623e+05   2.54e-21
  3.5712e+05   2.37e-21
  3.6835e+05   2.21e-21
  3.7993e+05   2.06e-21
  3.9188e+05   1.92e-21
  4.0420e+05   1.79e-21
  4.1691e+05   1.67e-21
  4.3002e+05   1.55e-21
  4.4354e+05   1.44e-21
  4.5749e+05   1.33e-21
  4.7187e+05   1.24e-21
  4.8671e+05   1.15e-21
  5.0202e+05   1.06e-21
  5.1780e+05   9.80e-22
  5.3409e+05   9.05e-22
  5.5088e+05   8.36e-22
  5.6820e+05   7.71e-22
  5.8607e+05   7.10e-22
  6.0450e+05   6.54e-22
  6.2351e+05   6.02e-22
  6.4311e+05   5.54e-22
  6.6334e+05   5.08e-22
  6.8419e+05   4.67e-22
  7.0571e+05   4.28e-22
  7.2790e+05   3.92e-22
  7.5079e+05   3.59e-22
  7.7440e+05   3.29e-22
  7.9875e+05   3.01e-22
  8.2387e+05   2.75e-22
  8.4977e+05   2.51e-22
  8.7649e+05   2.29e-22
  9.0405e+05   2.09e-22
  9.3248e+05   1.90e-22
  9.6180e+05   1.74e-22
  9.9205e+05   1.58e-22
  1.0232e+06   1.44e-22
  1.0554e+06   1.31e-22
  1.0886e+06   1.19e-22
  1.1228e+06   1.09e-22
  1.1581e+06   9.85e-23
  1.1946e+06   8.94e-23
  1.2321e+06   8.13e-23
  1.2709e+06   7.39e-23
  1.3108e+06   6.69e-23
  1.3521e+06   6.06e-23
  1.3946e+06   5.50e-23
  1.4384e+06   4.98e-23
  1.4837e+06   4.50e-23
  1.5303e+06   4.08e-23
  1.5784e+06   3.69e-23
  1.6281e+06   3.33e-23
  1.6793e+06   3.00e-23
  1.7321e+06   2.72e-23
  1.7865e+06   2.46e-23
  1.8427e+06   2.21e-23
  1.9006e+06   1.99e-23
  1.9604e+06   1.80e-23
  2.0221e+06   1.62e-23
  2.0856e+06   1.46e-23
  2.1512e+06   1.31e-23
  2.2189e+06   1.18e-23
  2.2886e+06   1.06e-23
  2.3606e+06   9.46e-24
  2.4348e+06   8.52e-24
  2.5114e+06   7.65e-24
  2.5904e+06   6.84e-24
  2.6718e+06   6.09e-24
  2.7558e+06   5.47e-24
  2.8425e+06   4.89e-24
  2.9319e+06   4.35e-24
  3.0241e+06   3.87e-24
  3.1192e+06   3.46e-24
  3.2173e+06   3.08e-24
  3.3184e+06   2.72e-24
  3.4228e+06   2.42e-24
  3.5304e+06   2.15e-24
  3.6414e+06   1.90e-24
  3.7559e+06   1.67e-24
  3.8740e+06   1.48e-24
  3.9958e+06   1.31e-24
  4.1215e+06   1.15e-24
  4.2511e+06   1.01e-24
  4.3848e+06   8.94e-25
  4.5227e+06   7.86e-25
  4.6649e+06   6.85e-25
  4.8116e+06   6.01e-25
  4.9629e+06   5.28e-25
  5.1189e+06   4.61e-25
  5.2799e+06   3.98e-25
  5.4459e+06   3.49e-25
  5.6171e+06   3.05e-25
  5.7938e+06   2.64e-25
  5.9760e+06   2.28e-25
  6.1639e+06   1.98e-25
  6.3577e+06   1.71e-25
  6.5576e+06   1.46e-25
  6.7638e+06   1.25e-25
  6.9765e+06   1.08e-25
  7.1959e+06   9.20e-26
  7.4222e+06   7.78e-26
  7.6556e+06   6.67e-26
  7.8963e+06   5.72e-26
  8.1446e+06   4.86e-26
  8.4007e+06   4.09e-26
  8.6649e+06   3.53e-26
  8.9373e+06   3.02e-26
  9.2184e+06   2.56e-26
  9.5082e+06   2.18e-26
  9.8072e+06   1.87e-26
  1.0116e+07   1.59e-26
  1.0434e+07   1.35e-26
  1.0762e+07   1.15e-26
  1.1100e+07   9.80e-27
  1.1449e+07   8.31e-27
  1.1809e+07   6.99e-27
  1.2181e+07   5.90e-27
  1.2564e+07   4.94e-27
  1.2959e+07   4.09e-27
  1.3366e+07   3.35e-27
  1.3786e+07   2.73e-27
  1.4220e+07   2.19e-27
