#  E [MeV]   Flux [# cm^{-2} s^{-1}  MeV^{-1}]
  3.0000e+04   3.98e-24
  3.0517e+04   3.89e-24
  3.1043e+04   3.80e-24
  3.1578e+04   3.71e-24
  3.2123e+04   3.63e-24
  3.2676e+04   3.55e-24
  3.3240e+04   3.47e-24
  3.3813e+04   3.39e-24
  3.4396e+04   3.31e-24
  3.4989e+04   3.24e-24
  3.5592e+04   3.17e-24
  3.6205e+04   3.10e-24
  3.6829e+04   3.03e-24
  3.7464e+04   2.96e-24
  3.8110e+04   2.89e-24
  3.8767e+04   2.83e-24
  3.9435e+04   2.77e-24
  4.0115e+04   2.71e-24
  4.0807e+04   2.65e-24
  4.1510e+04   2.59e-24
  4.2226e+04   2.53e-24
  4.2953e+04   2.47e-24
  4.3694e+04   2.42e-24
  4.4447e+04   2.37e-24
  4.5213e+04   2.32e-24
  4.5993e+04   2.27e-24
  4.6786e+04   2.22e-24
  4.7592e+04   2.17e-24
  4.8412e+04   2.12e-24
  4.9247e+04   2.07e-24
  5.0096e+04   2.03e-24
  5.0960e+04   1.98e-24
  5.1838e+04   1.94e-24
  5.2732e+04   1.90e-24
  5.3641e+04   1.86e-24
  5.4565e+04   1.81e-24
  5.5506e+04   1.78e-24
  5.6463e+04   1.74e-24
  5.7436e+04   1.70e-24
  5.8426e+04   1.66e-24
  5.9433e+04   1.62e-24
  6.0458e+04   1.59e-24
  6.1500e+04   1.55e-24
  6.2560e+04   1.52e-24
  6.3639e+04   1.49e-24
  6.4736e+04   1.46e-24
  6.5852e+04   1.42e-24
  6.6987e+04   1.39e-24
  6.8142e+04   1.36e-24
  6.9316e+04   1.33e-24
  7.0511e+04   1.30e-24
  7.1727e+04   1.28e-24
  7.2963e+04   1.25e-24
  7.4221e+04   1.22e-24
  7.5500e+04   1.19e-24
  7.6802e+04   1.17e-24
  7.8126e+04   1.14e-24
  7.9472e+04   1.12e-24
  8.0842e+04   1.10e-24
  8.2236e+04   1.07e-24
  8.3654e+04   1.05e-24
  8.5096e+04   1.03e-24
  8.6563e+04   1.01e-24
  8.8055e+04   9.84e-25
  8.9573e+04   9.63e-25
  9.1117e+04   9.42e-25
  9.2687e+04   9.22e-25
  9.4285e+04   9.03e-25
  9.5911e+04   8.83e-25
  9.7564e+04   8.65e-25
  9.9246e+04   8.46e-25
  1.0096e+05   8.28e-25
  1.0270e+05   8.11e-25
  1.0447e+05   7.93e-25
  1.0627e+05   7.76e-25
  1.0810e+05   7.60e-25
  1.0996e+05   7.44e-25
  1.1186e+05   7.28e-25
  1.1379e+05   7.12e-25
  1.1575e+05   6.97e-25
  1.1774e+05   6.82e-25
  1.1977e+05   6.67e-25
  1.2184e+05   6.53e-25
  1.2394e+05   6.39e-25
  1.2608e+05   6.25e-25
  1.2825e+05   6.12e-25
  1.3046e+05   5.99e-25
  1.3271e+05   5.86e-25
  1.3500e+05   5.73e-25
  1.3732e+05   5.61e-25
  1.3969e+05   5.48e-25
  1.4210e+05   5.36e-25
  1.4455e+05   5.25e-25
  1.4704e+05   5.13e-25
  1.4957e+05   5.02e-25
  1.5215e+05   4.91e-25
  1.5478e+05   4.80e-25
  1.5744e+05   4.70e-25
  1.6016e+05   4.59e-25
  1.6292e+05   4.49e-25
  1.6573e+05   4.39e-25
  1.6858e+05   4.30e-25
  1.7149e+05   4.20e-25
  1.7445e+05   4.11e-25
  1.7745e+05   4.01e-25
  1.8051e+05   3.92e-25
  1.8362e+05   3.83e-25
  1.8679e+05   3.75e-25
  1.9001e+05   3.66e-25
  1.9328e+05   3.58e-25
  1.9662e+05   3.49e-25
  2.0001e+05   3.41e-25
  2.0345e+05   3.33e-25
  2.0696e+05   3.26e-25
  2.1053e+05   3.18e-25
  2.1416e+05   3.10e-25
  2.1785e+05   3.03e-25
  2.2160e+05   2.96e-25
  2.2543e+05   2.89e-25
  2.2931e+05   2.82e-25
  2.3326e+05   2.75e-25
  2.3729e+05   2.69e-25
  2.4138e+05   2.62e-25
  2.4554e+05   2.56e-25
  2.4977e+05   2.50e-25
  2.5407e+05   2.43e-25
  2.5845e+05   2.38e-25
  2.6291e+05   2.32e-25
  2.6744e+05   2.26e-25
  2.7205e+05   2.20e-25
  2.7674e+05   2.15e-25
  2.8151e+05   2.09e-25
  2.8637e+05   2.04e-25
  2.9130e+05   1.99e-25
  2.9632e+05   1.94e-25
  3.0143e+05   1.89e-25
  3.0663e+05   1.84e-25
  3.1191e+05   1.79e-25
  3.1729e+05   1.74e-25
  3.2276e+05   1.69e-25
  3.2832e+05   1.65e-25
  3.3398e+05   1.60e-25
  3.3974e+05   1.56e-25
  3.4560e+05   1.51e-25
  3.5155e+05   1.47e-25
  3.5761e+05   1.43e-25
  3.6378e+05   1.39e-25
  3.7005e+05   1.35e-25
  3.7643e+05   1.31e-25
  3.8292e+05   1.27e-25
  3.8952e+05   1.24e-25
  3.9623e+05   1.20e-25
  4.0306e+05   1.16e-25
  4.1001e+05   1.13e-25
  4.1708e+05   1.10e-25
  4.2427e+05   1.06e-25
  4.3158e+05   1.03e-25
  4.3902e+05   9.99e-26
  4.4659e+05   9.69e-26
  4.5429e+05   9.40e-26
  4.6212e+05   9.11e-26
  4.7009e+05   8.83e-26
  4.7819e+05   8.56e-26
  4.8643e+05   8.29e-26
  4.9482e+05   8.03e-26
  5.0335e+05   7.78e-26
  5.1203e+05   7.53e-26
  5.2085e+05   7.30e-26
  5.2983e+05   7.06e-26
  5.3897e+05   6.83e-26
  5.4826e+05   6.61e-26
  5.5771e+05   6.39e-26
  5.6732e+05   6.18e-26
  5.7710e+05   5.98e-26
  5.8705e+05   5.78e-26
  5.9717e+05   5.58e-26
  6.0746e+05   5.40e-26
  6.1793e+05   5.22e-26
  6.2859e+05   5.04e-26
  6.3942e+05   4.87e-26
  6.5045e+05   4.71e-26
  6.6166e+05   4.55e-26
  6.7306e+05   4.40e-26
  6.8467e+05   4.25e-26
  6.9647e+05   4.10e-26
  7.0847e+05   3.96e-26
  7.2069e+05   3.82e-26
  7.3311e+05   3.69e-26
  7.4575e+05   3.56e-26
  7.5860e+05   3.44e-26
  7.7168e+05   3.32e-26
  7.8498e+05   3.20e-26
  7.9852e+05   3.08e-26
  8.1228e+05   2.97e-26
  8.2628e+05   2.86e-26
  8.4053e+05   2.76e-26
  8.5502e+05   2.67e-26
  8.6976e+05   2.58e-26
  8.8475e+05   2.50e-26
  9.0000e+05   2.42e-26
