#  E [MeV]   Flux [# cm^{-2} s^{-1}  MeV^{-1}]
  3.0000e+04   3.82e-25
  3.0782e+04   3.72e-25
  3.1585e+04   3.62e-25
  3.2409e+04   3.53e-25
  3.3255e+04   3.44e-25
  3.4122e+04   3.35e-25
  3.5012e+04   3.27e-25
  3.5925e+04   3.18e-25
  3.6862e+04   3.10e-25
  3.7824e+04   3.03e-25
  3.8810e+04   2.95e-25
  3.9822e+04   2.88e-25
  4.0861e+04   2.81e-25
  4.1927e+04   2.74e-25
  4.3021e+04   2.67e-25
  4.4143e+04   2.61e-25
  4.5294e+04   2.55e-25
  4.6475e+04   2.49e-25
  4.7688e+04   2.43e-25
  4.8931e+04   2.37e-25
  5.0208e+04   2.32e-25
  5.1517e+04   2.26e-25
  5.2861e+04   2.21e-25
  5.4240e+04   2.16e-25
  5.5654e+04   2.11e-25
  5.7106e+04   2.07e-25
  5.8596e+04   2.02e-25
  6.0124e+04   1.98e-25
  6.1692e+04   1.94e-25
  6.3301e+04   1.89e-25
  6.4952e+04   1.85e-25
  6.6647e+04   1.82e-25
  6.8385e+04   1.78e-25
  7.0169e+04   1.74e-25
  7.1999e+04   1.71e-25
  7.3877e+04   1.67e-25
  7.5804e+04   1.64e-25
  7.7781e+04   1.61e-25
  7.9810e+04   1.57e-25
  8.1891e+04   1.54e-25
  8.4027e+04   1.51e-25
  8.6219e+04   1.48e-25
  8.8468e+04   1.45e-25
  9.0775e+04   1.43e-25
  9.3143e+04   1.40e-25
  9.5572e+04   1.37e-25
  9.8065e+04   1.35e-25
  1.0062e+05   1.32e-25
  1.0325e+05   1.30e-25
  1.0594e+05   1.27e-25
  1.0870e+05   1.25e-25
  1.1154e+05   1.22e-25
  1.1445e+05   1.20e-25
  1.1743e+05   1.18e-25
  1.2050e+05   1.16e-25
  1.2364e+05   1.14e-25
  1.2686e+05   1.12e-25
  1.3017e+05   1.09e-25
  1.3357e+05   1.07e-25
  1.3705e+05   1.05e-25
  1.4063e+05   1.04e-25
  1.4429e+05   1.02e-25
  1.4806e+05   9.97e-26
  1.5192e+05   9.78e-26
  1.5588e+05   9.60e-26
  1.5995e+05   9.41e-26
  1.6412e+05   9.23e-26
  1.6840e+05   9.05e-26
  1.7279e+05   8.88e-26
  1.7730e+05   8.70e-26
  1.8193e+05   8.53e-26
  1.8667e+05   8.36e-26
  1.9154e+05   8.19e-26
  1.9654e+05   8.02e-26
  2.0166e+05   7.86e-26
  2.0692e+05   7.69e-26
  2.1232e+05   7.53e-26
  2.1786e+05   7.37e-26
  2.2354e+05   7.21e-26
  2.2937e+05   7.05e-26
  2.3535e+05   6.89e-26
  2.4149e+05   6.74e-26
  2.4779e+05   6.58e-26
  2.5425e+05   6.43e-26
  2.6088e+05   6.28e-26
  2.6769e+05   6.13e-26
  2.7467e+05   5.98e-26
  2.8184e+05   5.83e-26
  2.8919e+05   5.68e-26
  2.9673e+05   5.53e-26
  3.0447e+05   5.39e-26
  3.1241e+05   5.24e-26
  3.2056e+05   5.10e-26
  3.2892e+05   4.96e-26
  3.3750e+05   4.82e-26
  3.4630e+05   4.68e-26
  3.5533e+05   4.54e-26
  3.6460e+05   4.41e-26
  3.7411e+05   4.27e-26
  3.8387e+05   4.14e-26
  3.9388e+05   4.01e-26
  4.0416e+05   3.88e-26
  4.1470e+05   3.76e-26
  4.2551e+05   3.63e-26
  4.3661e+05   3.51e-26
  4.4800e+05   3.39e-26
  4.5969e+05   3.27e-26
  4.7168e+05   3.15e-26
  4.8398e+05   3.04e-26
  4.9660e+05   2.93e-26
  5.0956e+05   2.82e-26
  5.2285e+05   2.71e-26
  5.3648e+05   2.61e-26
  5.5048e+05   2.50e-26
  5.6483e+05   2.40e-26
  5.7957e+05   2.31e-26
  5.9468e+05   2.21e-26
  6.1020e+05   2.12e-26
  6.2611e+05   2.03e-26
  6.4244e+05   1.95e-26
  6.5920e+05   1.86e-26
  6.7639e+05   1.78e-26
  6.9403e+05   1.70e-26
  7.1214e+05   1.63e-26
  7.3071e+05   1.56e-26
  7.4977e+05   1.48e-26
  7.6933e+05   1.42e-26
  7.8939e+05   1.35e-26
  8.0998e+05   1.29e-26
  8.3111e+05   1.23e-26
  8.5279e+05   1.17e-26
  8.7503e+05   1.11e-26
  8.9785e+05   1.06e-26
  9.2127e+05   1.01e-26
  9.4530e+05   9.56e-27
  9.6996e+05   9.07e-27
  9.9526e+05   8.61e-27
  1.0212e+06   8.17e-27
  1.0479e+06   7.75e-27
  1.0752e+06   7.33e-27
  1.1032e+06   6.95e-27
  1.1320e+06   6.58e-27
  1.1615e+06   6.23e-27
  1.1918e+06   5.89e-27
  1.2229e+06   5.57e-27
  1.2548e+06   5.26e-27
  1.2875e+06   4.97e-27
  1.3211e+06   4.69e-27
  1.3556e+06   4.42e-27
  1.3909e+06   4.17e-27
  1.4272e+06   3.93e-27
  1.4644e+06   3.70e-27
  1.5026e+06   3.48e-27
  1.5418e+06   3.27e-27
  1.5820e+06   3.08e-27
  1.6233e+06   2.89e-27
  1.6657e+06   2.71e-27
  1.7091e+06   2.54e-27
  1.7537e+06   2.38e-27
  1.7994e+06   2.22e-27
  1.8464e+06   2.08e-27
  1.8945e+06   1.93e-27
  1.9439e+06   1.80e-27
  1.9946e+06   1.67e-27
  2.0467e+06   1.55e-27
  2.1000e+06   1.44e-27
  2.1548e+06   1.33e-27
  2.2110e+06   1.23e-27
  2.2687e+06   1.14e-27
  2.3279e+06   1.05e-27
  2.3886e+06   9.62e-28
  2.4509e+06   8.83e-28
  2.5148e+06   8.08e-28
  2.5804e+06   7.37e-28
  2.6477e+06   6.73e-28
  2.7168e+06   6.14e-28
  2.7876e+06   5.58e-28
  2.8603e+06   5.05e-28
  2.9349e+06   4.56e-28
  3.0115e+06   4.12e-28
  3.0900e+06   3.71e-28
  3.1706e+06   3.33e-28
  3.2533e+06   2.96e-28
  3.3382e+06   2.65e-28
  3.4253e+06   2.37e-28
  3.5146e+06   2.10e-28
  3.6063e+06   1.86e-28
  3.7003e+06   1.63e-28
  3.7969e+06   1.46e-28
  3.8959e+06   1.29e-28
  3.9975e+06   1.14e-28
  4.1018e+06   9.89e-29
  4.2088e+06   8.80e-29
  4.3185e+06   7.86e-29
  4.4312e+06   6.98e-29
  4.5467e+06   6.15e-29
  4.6653e+06   5.46e-29
  4.7870e+06   5.02e-29
  4.9119e+06   4.60e-29
  5.0400e+06   4.21e-29
