#  E [GeV]   # per interaction  [GeV^{-1}]
  3.0000e+01   7.85e-01
  3.1232e+01   7.52e-01
  3.2514e+01   7.19e-01
  3.3849e+01   6.88e-01
  3.5238e+01   6.58e-01
  3.6685e+01   6.29e-01
  3.8191e+01   6.02e-01
  3.9759e+01   5.76e-01
  4.1391e+01   5.51e-01
  4.3090e+01   5.27e-01
  4.4859e+01   5.04e-01
  4.6701e+01   4.82e-01
  4.8618e+01   4.61e-01
  5.0614e+01   4.40e-01
  5.2692e+01   4.21e-01
  5.4855e+01   4.02e-01
  5.7107e+01   3.85e-01
  5.9451e+01   3.68e-01
  6.1892e+01   3.52e-01
  6.4433e+01   3.36e-01
  6.7078e+01   3.21e-01
  6.9832e+01   3.07e-01
  7.2699e+01   2.93e-01
  7.5683e+01   2.80e-01
  7.8790e+01   2.68e-01
  8.2025e+01   2.56e-01
  8.5392e+01   2.44e-01
  8.8898e+01   2.33e-01
  9.2547e+01   2.23e-01
  9.6347e+01   2.13e-01
  1.0030e+02   2.03e-01
  1.0442e+02   1.94e-01
  1.0871e+02   1.85e-01
  1.1317e+02   1.77e-01
  1.1782e+02   1.69e-01
  1.2265e+02   1.61e-01
  1.2769e+02   1.54e-01
  1.3293e+02   1.47e-01
  1.3839e+02   1.40e-01
  1.4407e+02   1.33e-01
  1.4998e+02   1.27e-01
  1.5614e+02   1.21e-01
  1.6255e+02   1.15e-01
  1.6922e+02   1.10e-01
  1.7617e+02   1.05e-01
  1.8340e+02   9.98e-02
  1.9093e+02   9.50e-02
  1.9877e+02   9.05e-02
  2.0693e+02   8.61e-02
  2.1543e+02   8.19e-02
  2.2427e+02   7.79e-02
  2.3348e+02   7.41e-02
  2.4306e+02   7.04e-02
  2.5304e+02   6.69e-02
  2.6343e+02   6.36e-02
  2.7424e+02   6.04e-02
  2.8550e+02   5.73e-02
  2.9722e+02   5.44e-02
  3.0942e+02   5.15e-02
  3.2213e+02   4.89e-02
  3.3535e+02   4.63e-02
  3.4912e+02   4.39e-02
  3.6345e+02   4.15e-02
  3.7837e+02   3.93e-02
  3.9390e+02   3.72e-02
  4.1008e+02   3.51e-02
  4.2691e+02   3.32e-02
  4.4444e+02   3.13e-02
  4.6268e+02   2.96e-02
  4.8168e+02   2.79e-02
  5.0145e+02   2.63e-02
  5.2204e+02   2.48e-02
  5.4347e+02   2.34e-02
  5.6578e+02   2.20e-02
  5.8901e+02   2.07e-02
  6.1319e+02   1.95e-02
  6.3836e+02   1.83e-02
  6.6457e+02   1.72e-02
  6.9185e+02   1.61e-02
  7.2025e+02   1.51e-02
  7.4982e+02   1.42e-02
  7.8061e+02   1.33e-02
  8.1265e+02   1.25e-02
  8.4601e+02   1.17e-02
  8.8075e+02   1.09e-02
  9.1690e+02   1.02e-02
  9.5455e+02   9.54e-03
  9.9373e+02   8.92e-03
  1.0345e+03   8.33e-03
  1.0770e+03   7.78e-03
  1.1212e+03   7.25e-03
  1.1672e+03   6.76e-03
  1.2152e+03   6.30e-03
  1.2650e+03   5.87e-03
  1.3170e+03   5.46e-03
  1.3711e+03   5.08e-03
  1.4273e+03   4.73e-03
  1.4859e+03   4.40e-03
  1.5469e+03   4.09e-03
  1.6104e+03   3.80e-03
  1.6766e+03   3.53e-03
  1.7454e+03   3.27e-03
  1.8170e+03   3.04e-03
  1.8916e+03   2.82e-03
  1.9693e+03   2.61e-03
  2.0501e+03   2.42e-03
  2.1343e+03   2.24e-03
  2.2219e+03   2.07e-03
  2.3131e+03   1.91e-03
  2.4081e+03   1.76e-03
  2.5070e+03   1.63e-03
  2.6099e+03   1.50e-03
  2.7170e+03   1.38e-03
  2.8286e+03   1.27e-03
  2.9447e+03   1.17e-03
  3.0656e+03   1.07e-03
  3.1914e+03   9.87e-04
  3.3225e+03   9.06e-04
  3.4589e+03   8.30e-04
  3.6008e+03   7.60e-04
  3.7487e+03   6.96e-04
  3.9026e+03   6.35e-04
  4.0628e+03   5.80e-04
  4.2296e+03   5.30e-04
  4.4032e+03   4.82e-04
  4.5840e+03   4.39e-04
  4.7722e+03   3.99e-04
  4.9681e+03   3.61e-04
  5.1720e+03   3.28e-04
  5.3844e+03   2.96e-04
  5.6054e+03   2.68e-04
  5.8355e+03   2.42e-04
  6.0751e+03   2.18e-04
  6.3245e+03   1.96e-04
  6.5841e+03   1.76e-04
  6.8544e+03   1.58e-04
  7.1358e+03   1.41e-04
  7.4288e+03   1.27e-04
  7.7338e+03   1.13e-04
  8.0513e+03   1.00e-04
  8.3818e+03   8.94e-05
  8.7259e+03   7.91e-05
  9.0841e+03   7.00e-05
  9.4571e+03   6.18e-05
  9.8453e+03   5.42e-05
  1.0249e+04   4.77e-05
  1.0670e+04   4.18e-05
  1.1108e+04   3.63e-05
  1.1564e+04   3.17e-05
  1.2039e+04   2.74e-05
  1.2533e+04   2.36e-05
  1.3048e+04   2.03e-05
  1.3584e+04   1.74e-05
  1.4141e+04   1.48e-05
  1.4722e+04   1.25e-05
  1.5326e+04   1.05e-05
  1.5955e+04   8.80e-06
  1.6610e+04   7.32e-06
  1.7292e+04   6.01e-06
  1.8002e+04   4.90e-06
  1.8741e+04   3.96e-06
  1.9511e+04   3.13e-06
  2.0312e+04   2.47e-06
  2.1145e+04   1.91e-06
  2.2013e+04   1.44e-06
  2.2917e+04   1.08e-06
  2.3858e+04   7.80e-07
  2.4837e+04   5.45e-07
  2.5857e+04   3.74e-07
  2.6919e+04   2.44e-07
  2.8024e+04   1.51e-07
  2.9174e+04   8.96e-08
  3.0372e+04   4.91e-08
  3.1619e+04   2.46e-08
  3.2917e+04   1.13e-08
  3.4268e+04   4.50e-09
  3.5675e+04   1.53e-09
  3.7140e+04   4.32e-10
  3.8664e+04   9.36e-11
  4.0252e+04   1.49e-11
  4.1904e+04   1.58e-12
  4.3624e+04   9.87e-14
  4.5415e+04   3.15e-15
  4.7280e+04   4.11e-17
  4.9221e+04   1.61e-19
  5.1241e+04   1.30e-22
  5.3345e+04   1.21e-26
  5.5535e+04   5.68e-32
  5.7815e+04   4.46e-39
  6.0188e+04   1.48e-47
  6.2659e+04   1.27e-47
  6.5232e+04   1.11e-47
  6.7910e+04   9.66e-48
  7.0698e+04   8.40e-48
  7.3600e+04   7.48e-48
  7.6621e+04   6.62e-48
  7.9767e+04   5.89e-48
  8.3042e+04   5.31e-48
  8.6451e+04   4.77e-48
  9.0000e+04   4.32e-48
