#  E [GeV]   # per interaction  [GeV^{-1}]
  3.0000e+01   4.01e-01
  3.0962e+01   3.88e-01
  3.1955e+01   3.74e-01
  3.2979e+01   3.62e-01
  3.4037e+01   3.49e-01
  3.5128e+01   3.37e-01
  3.6254e+01   3.25e-01
  3.7417e+01   3.14e-01
  3.8616e+01   3.03e-01
  3.9855e+01   2.92e-01
  4.1132e+01   2.82e-01
  4.2451e+01   2.72e-01
  4.3812e+01   2.62e-01
  4.5217e+01   2.53e-01
  4.6667e+01   2.44e-01
  4.8163e+01   2.35e-01
  4.9707e+01   2.26e-01
  5.1301e+01   2.18e-01
  5.2946e+01   2.10e-01
  5.4644e+01   2.02e-01
  5.6396e+01   1.95e-01
  5.8204e+01   1.87e-01
  6.0070e+01   1.80e-01
  6.1996e+01   1.73e-01
  6.3984e+01   1.67e-01
  6.6035e+01   1.60e-01
  6.8153e+01   1.54e-01
  7.0338e+01   1.48e-01
  7.2593e+01   1.42e-01
  7.4921e+01   1.36e-01
  7.7323e+01   1.31e-01
  7.9802e+01   1.26e-01
  8.2361e+01   1.21e-01
  8.5002e+01   1.16e-01
  8.7727e+01   1.11e-01
  9.0540e+01   1.06e-01
  9.3443e+01   1.02e-01
  9.6439e+01   9.76e-02
  9.9531e+01   9.34e-02
  1.0272e+02   8.95e-02
  1.0602e+02   8.56e-02
  1.0942e+02   8.18e-02
  1.1292e+02   7.83e-02
  1.1654e+02   7.48e-02
  1.2028e+02   7.15e-02
  1.2414e+02   6.82e-02
  1.2812e+02   6.51e-02
  1.3223e+02   6.22e-02
  1.3646e+02   5.93e-02
  1.4084e+02   5.65e-02
  1.4536e+02   5.39e-02
  1.5002e+02   5.13e-02
  1.5483e+02   4.88e-02
  1.5979e+02   4.65e-02
  1.6491e+02   4.42e-02
  1.7020e+02   4.20e-02
  1.7566e+02   3.99e-02
  1.8129e+02   3.79e-02
  1.8710e+02   3.60e-02
  1.9310e+02   3.41e-02
  1.9929e+02   3.24e-02
  2.0568e+02   3.06e-02
  2.1228e+02   2.90e-02
  2.1909e+02   2.75e-02
  2.2611e+02   2.60e-02
  2.3336e+02   2.45e-02
  2.4084e+02   2.32e-02
  2.4856e+02   2.19e-02
  2.5653e+02   2.06e-02
  2.6476e+02   1.94e-02
  2.7325e+02   1.83e-02
  2.8201e+02   1.72e-02
  2.9105e+02   1.62e-02
  3.0038e+02   1.52e-02
  3.1002e+02   1.43e-02
  3.1996e+02   1.34e-02
  3.3021e+02   1.26e-02
  3.4080e+02   1.18e-02
  3.5173e+02   1.10e-02
  3.6301e+02   1.03e-02
  3.7465e+02   9.62e-03
  3.8666e+02   8.98e-03
  3.9905e+02   8.37e-03
  4.1185e+02   7.80e-03
  4.2506e+02   7.26e-03
  4.3868e+02   6.75e-03
  4.5275e+02   6.27e-03
  4.6727e+02   5.82e-03
  4.8225e+02   5.40e-03
  4.9771e+02   5.00e-03
  5.1367e+02   4.63e-03
  5.3014e+02   4.28e-03
  5.4714e+02   3.96e-03
  5.6468e+02   3.66e-03
  5.8278e+02   3.38e-03
  6.0147e+02   3.11e-03
  6.2075e+02   2.87e-03
  6.4066e+02   2.64e-03
  6.6120e+02   2.43e-03
  6.8240e+02   2.24e-03
  7.0428e+02   2.06e-03
  7.2686e+02   1.89e-03
  7.5017e+02   1.74e-03
  7.7422e+02   1.59e-03
  7.9904e+02   1.46e-03
  8.2466e+02   1.34e-03
  8.5110e+02   1.23e-03
  8.7839e+02   1.13e-03
  9.0656e+02   1.03e-03
  9.3562e+02   9.43e-04
  9.6562e+02   8.64e-04
  9.9658e+02   7.91e-04
  1.0285e+03   7.24e-04
  1.0615e+03   6.62e-04
  1.0956e+03   6.06e-04
  1.1307e+03   5.54e-04
  1.1669e+03   5.06e-04
  1.2043e+03   4.62e-04
  1.2430e+03   4.22e-04
  1.2828e+03   3.85e-04
  1.3239e+03   3.51e-04
  1.3664e+03   3.21e-04
  1.4102e+03   2.93e-04
  1.4554e+03   2.67e-04
  1.5021e+03   2.44e-04
  1.5502e+03   2.23e-04
  1.6000e+03   2.03e-04
  1.6513e+03   1.85e-04
  1.7042e+03   1.68e-04
  1.7588e+03   1.53e-04
  1.8152e+03   1.39e-04
  1.8734e+03   1.27e-04
  1.9335e+03   1.15e-04
  1.9955e+03   1.05e-04
  2.0595e+03   9.51e-05
  2.1255e+03   8.63e-05
  2.1937e+03   7.84e-05
  2.2640e+03   7.10e-05
  2.3366e+03   6.41e-05
  2.4115e+03   5.82e-05
  2.4888e+03   5.26e-05
  2.5686e+03   4.74e-05
  2.6510e+03   4.27e-05
  2.7360e+03   3.86e-05
  2.8237e+03   3.47e-05
  2.9142e+03   3.11e-05
  3.0077e+03   2.80e-05
  3.1041e+03   2.51e-05
  3.2036e+03   2.24e-05
  3.3064e+03   1.99e-05
  3.4124e+03   1.78e-05
  3.5218e+03   1.58e-05
  3.6347e+03   1.40e-05
  3.7512e+03   1.24e-05
  3.8715e+03   1.10e-05
  3.9957e+03   9.69e-06
  4.1238e+03   8.48e-06
  4.2560e+03   7.46e-06
  4.3924e+03   6.56e-06
  4.5333e+03   5.71e-06
  4.6786e+03   4.94e-06
  4.8286e+03   4.32e-06
  4.9835e+03   3.75e-06
  5.1433e+03   3.22e-06
  5.3082e+03   2.77e-06
  5.4784e+03   2.39e-06
  5.6540e+03   2.04e-06
  5.8353e+03   1.72e-06
  6.0224e+03   1.46e-06
  6.2155e+03   1.24e-06
  6.4148e+03   1.04e-06
  6.6205e+03   8.60e-07
  6.8327e+03   7.23e-07
  7.0518e+03   6.00e-07
  7.2779e+03   4.90e-07
  7.5113e+03   4.01e-07
  7.7521e+03   3.29e-07
  8.0007e+03   2.67e-07
  8.2572e+03   2.12e-07
  8.5219e+03   1.71e-07
  8.7952e+03   1.37e-07
  9.0772e+03   1.07e-07
  9.3682e+03   8.29e-08
  9.6686e+03   6.52e-08
  9.9786e+03   5.03e-08
  1.0299e+04   3.78e-08
  1.0629e+04   2.85e-08
  1.0970e+04   2.15e-08
  1.1321e+04   1.58e-08
  1.1684e+04   1.13e-08
  1.2059e+04   8.17e-09
  1.2446e+04   5.79e-09
  1.2845e+04   3.96e-09
  1.3256e+04   2.62e-09
  1.3681e+04   1.75e-09
  1.4120e+04   1.11e-09
  1.4573e+04   6.65e-10
  1.5040e+04   3.93e-10
  1.5522e+04   2.27e-10
  1.6020e+04   1.21e-10
