#  E [GeV]   # per interaction  [GeV^{-1}]
  3.0000e+01   7.54e-03
  3.0696e+01   7.30e-03
  3.1408e+01   7.06e-03
  3.2137e+01   6.84e-03
  3.2883e+01   6.62e-03
  3.3646e+01   6.41e-03
  3.4426e+01   6.20e-03
  3.5225e+01   6.00e-03
  3.6042e+01   5.81e-03
  3.6878e+01   5.62e-03
  3.7734e+01   5.44e-03
  3.8609e+01   5.26e-03
  3.9505e+01   5.09e-03
  4.0422e+01   4.93e-03
  4.1360e+01   4.77e-03
  4.2319e+01   4.61e-03
  4.3301e+01   4.46e-03
  4.4306e+01   4.31e-03
  4.5334e+01   4.17e-03
  4.6386e+01   4.04e-03
  4.7462e+01   3.90e-03
  4.8563e+01   3.78e-03
  4.9690e+01   3.65e-03
  5.0843e+01   3.53e-03
  5.2022e+01   3.42e-03
  5.3229e+01   3.30e-03
  5.4464e+01   3.20e-03
  5.5728e+01   3.09e-03
  5.7021e+01   2.99e-03
  5.8344e+01   2.89e-03
  5.9697e+01   2.80e-03
  6.1083e+01   2.71e-03
  6.2500e+01   2.62e-03
  6.3950e+01   2.53e-03
  6.5434e+01   2.45e-03
  6.6952e+01   2.37e-03
  6.8505e+01   2.29e-03
  7.0095e+01   2.21e-03
  7.1721e+01   2.14e-03
  7.3385e+01   2.07e-03
  7.5088e+01   2.00e-03
  7.6830e+01   1.94e-03
  7.8612e+01   1.87e-03
  8.0436e+01   1.81e-03
  8.2302e+01   1.75e-03
  8.4212e+01   1.70e-03
  8.6166e+01   1.64e-03
  8.8165e+01   1.59e-03
  9.0210e+01   1.54e-03
  9.2304e+01   1.49e-03
  9.4445e+01   1.44e-03
  9.6636e+01   1.39e-03
  9.8878e+01   1.35e-03
  1.0117e+02   1.30e-03
  1.0352e+02   1.26e-03
  1.0592e+02   1.22e-03
  1.0838e+02   1.18e-03
  1.1089e+02   1.14e-03
  1.1347e+02   1.10e-03
  1.1610e+02   1.07e-03
  1.1879e+02   1.03e-03
  1.2155e+02   9.98e-04
  1.2437e+02   9.66e-04
  1.2725e+02   9.35e-04
  1.3021e+02   9.05e-04
  1.3323e+02   8.75e-04
  1.3632e+02   8.47e-04
  1.3948e+02   8.20e-04
  1.4272e+02   7.93e-04
  1.4603e+02   7.68e-04
  1.4942e+02   7.43e-04
  1.5288e+02   7.19e-04
  1.5643e+02   6.96e-04
  1.6006e+02   6.74e-04
  1.6377e+02   6.52e-04
  1.6757e+02   6.31e-04
  1.7146e+02   6.10e-04
  1.7544e+02   5.91e-04
  1.7951e+02   5.72e-04
  1.8368e+02   5.54e-04
  1.8794e+02   5.36e-04
  1.9230e+02   5.18e-04
  1.9676e+02   5.02e-04
  2.0132e+02   4.86e-04
  2.0600e+02   4.70e-04
  2.1078e+02   4.55e-04
  2.1567e+02   4.40e-04
  2.2067e+02   4.26e-04
  2.2579e+02   4.12e-04
  2.3103e+02   3.99e-04
  2.3639e+02   3.86e-04
  2.4187e+02   3.73e-04
  2.4748e+02   3.61e-04
  2.5323e+02   3.49e-04
  2.5910e+02   3.38e-04
  2.6511e+02   3.27e-04
  2.7126e+02   3.16e-04
  2.7756e+02   3.05e-04
  2.8400e+02   2.95e-04
  2.9059e+02   2.85e-04
  2.9733e+02   2.76e-04
  3.0423e+02   2.67e-04
  3.1129e+02   2.58e-04
  3.1851e+02   2.49e-04
  3.2590e+02   2.41e-04
  3.3346e+02   2.32e-04
  3.4120e+02   2.25e-04
  3.4911e+02   2.17e-04
  3.5721e+02   2.09e-04
  3.6550e+02   2.02e-04
  3.7398e+02   1.95e-04
  3.8266e+02   1.88e-04
  3.9154e+02   1.82e-04
  4.0062e+02   1.75e-04
  4.0991e+02   1.69e-04
  4.1943e+02   1.63e-04
  4.2916e+02   1.57e-04
  4.3911e+02   1.52e-04
  4.4930e+02   1.46e-04
  4.5973e+02   1.41e-04
  4.7039e+02   1.36e-04
  4.8131e+02   1.31e-04
  4.9247e+02   1.26e-04
  5.0390e+02   1.21e-04
  5.1559e+02   1.17e-04
  5.2755e+02   1.13e-04
  5.3979e+02   1.08e-04
  5.5232e+02   1.04e-04
  5.6513e+02   1.00e-04
  5.7824e+02   9.67e-05
  5.9166e+02   9.30e-05
  6.0539e+02   8.95e-05
  6.1943e+02   8.60e-05
  6.3381e+02   8.27e-05
  6.4851e+02   7.95e-05
  6.6356e+02   7.64e-05
  6.7895e+02   7.34e-05
  6.9471e+02   7.06e-05
  7.1082e+02   6.78e-05
  7.2732e+02   6.51e-05
  7.4419e+02   6.26e-05
  7.6146e+02   6.01e-05
  7.7912e+02   5.77e-05
  7.9720e+02   5.55e-05
  8.1570e+02   5.33e-05
  8.3462e+02   5.12e-05
  8.5399e+02   4.92e-05
  8.7380e+02   4.72e-05
  8.9407e+02   4.53e-05
  9.1482e+02   4.35e-05
  9.3604e+02   4.18e-05
  9.5776e+02   4.01e-05
  9.7998e+02   3.85e-05
  1.0027e+03   3.70e-05
  1.0260e+03   3.55e-05
  1.0498e+03   3.41e-05
  1.0741e+03   3.28e-05
  1.0991e+03   3.14e-05
  1.1246e+03   3.02e-05
  1.1507e+03   2.90e-05
  1.1774e+03   2.78e-05
  1.2047e+03   2.67e-05
  1.2326e+03   2.56e-05
  1.2612e+03   2.46e-05
  1.2905e+03   2.36e-05
  1.3204e+03   2.27e-05
  1.3511e+03   2.18e-05
  1.3824e+03   2.09e-05
  1.4145e+03   2.01e-05
  1.4473e+03   1.93e-05
  1.4809e+03   1.85e-05
  1.5152e+03   1.78e-05
  1.5504e+03   1.71e-05
  1.5864e+03   1.64e-05
  1.6232e+03   1.58e-05
  1.6608e+03   1.51e-05
  1.6994e+03   1.46e-05
  1.7388e+03   1.40e-05
  1.7791e+03   1.34e-05
  1.8204e+03   1.29e-05
  1.8626e+03   1.24e-05
  1.9059e+03   1.19e-05
  1.9501e+03   1.14e-05
  1.9953e+03   1.10e-05
  2.0416e+03   1.05e-05
  2.0890e+03   1.01e-05
  2.1375e+03   9.70e-06
  2.1870e+03   9.30e-06
  2.2378e+03   8.93e-06
  2.2897e+03   8.56e-06
  2.3428e+03   8.21e-06
  2.3972e+03   7.88e-06
  2.4528e+03   7.55e-06
  2.5097e+03   7.24e-06
  2.5680e+03   6.93e-06
  2.6275e+03   6.64e-06
  2.6885e+03   6.36e-06
  2.7509e+03   6.11e-06
  2.8147e+03   5.88e-06
  2.8800e+03   5.67e-06
