#  E [GeV]   # per interaction  [GeV^{-1}]
  3.0000e+01   3.82e-03
  3.0517e+01   3.73e-03
  3.1043e+01   3.64e-03
  3.1578e+01   3.56e-03
  3.2123e+01   3.48e-03
  3.2676e+01   3.40e-03
  3.3240e+01   3.33e-03
  3.3813e+01   3.25e-03
  3.4396e+01   3.18e-03
  3.4989e+01   3.11e-03
  3.5592e+01   3.04e-03
  3.6205e+01   2.97e-03
  3.6829e+01   2.90e-03
  3.7464e+01   2.84e-03
  3.8110e+01   2.77e-03
  3.8767e+01   2.71e-03
  3.9435e+01   2.65e-03
  4.0115e+01   2.59e-03
  4.0807e+01   2.54e-03
  4.1510e+01   2.48e-03
  4.2226e+01   2.43e-03
  4.2953e+01   2.37e-03
  4.3694e+01   2.32e-03
  4.4447e+01   2.27e-03
  4.5213e+01   2.22e-03
  4.5993e+01   2.17e-03
  4.6786e+01   2.12e-03
  4.7592e+01   2.08e-03
  4.8412e+01   2.03e-03
  4.9247e+01   1.99e-03
  5.0096e+01   1.94e-03
  5.0960e+01   1.90e-03
  5.1838e+01   1.86e-03
  5.2732e+01   1.82e-03
  5.3641e+01   1.78e-03
  5.4565e+01   1.74e-03
  5.5506e+01   1.70e-03
  5.6463e+01   1.67e-03
  5.7436e+01   1.63e-03
  5.8426e+01   1.59e-03
  5.9433e+01   1.56e-03
  6.0458e+01   1.52e-03
  6.1500e+01   1.49e-03
  6.2560e+01   1.46e-03
  6.3639e+01   1.43e-03
  6.4736e+01   1.40e-03
  6.5852e+01   1.37e-03
  6.6987e+01   1.34e-03
  6.8142e+01   1.31e-03
  6.9316e+01   1.28e-03
  7.0511e+01   1.25e-03
  7.1727e+01   1.22e-03
  7.2963e+01   1.20e-03
  7.4221e+01   1.17e-03
  7.5500e+01   1.15e-03
  7.6802e+01   1.12e-03
  7.8126e+01   1.10e-03
  7.9472e+01   1.07e-03
  8.0842e+01   1.05e-03
  8.2236e+01   1.03e-03
  8.3654e+01   1.01e-03
  8.5096e+01   9.87e-04
  8.6563e+01   9.66e-04
  8.8055e+01   9.45e-04
  8.9573e+01   9.25e-04
  9.1117e+01   9.06e-04
  9.2687e+01   8.87e-04
  9.4285e+01   8.68e-04
  9.5911e+01   8.50e-04
  9.7564e+01   8.32e-04
  9.9246e+01   8.14e-04
  1.0096e+02   7.97e-04
  1.0270e+02   7.80e-04
  1.0447e+02   7.64e-04
  1.0627e+02   7.48e-04
  1.0810e+02   7.32e-04
  1.0996e+02   7.17e-04
  1.1186e+02   7.02e-04
  1.1379e+02   6.87e-04
  1.1575e+02   6.72e-04
  1.1774e+02   6.58e-04
  1.1977e+02   6.44e-04
  1.2184e+02   6.31e-04
  1.2394e+02   6.17e-04
  1.2608e+02   6.04e-04
  1.2825e+02   5.92e-04
  1.3046e+02   5.79e-04
  1.3271e+02   5.67e-04
  1.3500e+02   5.55e-04
  1.3732e+02   5.43e-04
  1.3969e+02   5.31e-04
  1.4210e+02   5.20e-04
  1.4455e+02   5.09e-04
  1.4704e+02   4.98e-04
  1.4957e+02   4.88e-04
  1.5215e+02   4.77e-04
  1.5478e+02   4.67e-04
  1.5744e+02   4.57e-04
  1.6016e+02   4.47e-04
  1.6292e+02   4.38e-04
  1.6573e+02   4.28e-04
  1.6858e+02   4.19e-04
  1.7149e+02   4.10e-04
  1.7445e+02   4.01e-04
  1.7745e+02   3.93e-04
  1.8051e+02   3.84e-04
  1.8362e+02   3.76e-04
  1.8679e+02   3.68e-04
  1.9001e+02   3.60e-04
  1.9328e+02   3.52e-04
  1.9662e+02   3.44e-04
  2.0001e+02   3.36e-04
  2.0345e+02   3.29e-04
  2.0696e+02   3.22e-04
  2.1053e+02   3.14e-04
  2.1416e+02   3.07e-04
  2.1785e+02   3.01e-04
  2.2160e+02   2.94e-04
  2.2543e+02   2.87e-04
  2.2931e+02   2.81e-04
  2.3326e+02   2.74e-04
  2.3729e+02   2.68e-04
  2.4138e+02   2.62e-04
  2.4554e+02   2.56e-04
  2.4977e+02   2.50e-04
  2.5407e+02   2.45e-04
  2.5845e+02   2.39e-04
  2.6291e+02   2.34e-04
  2.6744e+02   2.28e-04
  2.7205e+02   2.23e-04
  2.7674e+02   2.18e-04
  2.8151e+02   2.13e-04
  2.8637e+02   2.08e-04
  2.9130e+02   2.03e-04
  2.9632e+02   1.98e-04
  3.0143e+02   1.93e-04
  3.0663e+02   1.89e-04
  3.1191e+02   1.84e-04
  3.1729e+02   1.80e-04
  3.2276e+02   1.75e-04
  3.2832e+02   1.71e-04
  3.3398e+02   1.67e-04
  3.3974e+02   1.63e-04
  3.4560e+02   1.59e-04
  3.5155e+02   1.55e-04
  3.5761e+02   1.51e-04
  3.6378e+02   1.47e-04
  3.7005e+02   1.43e-04
  3.7643e+02   1.39e-04
  3.8292e+02   1.36e-04
  3.8952e+02   1.32e-04
  3.9623e+02   1.29e-04
  4.0306e+02   1.25e-04
  4.1001e+02   1.22e-04
  4.1708e+02   1.19e-04
  4.2427e+02   1.16e-04
  4.3158e+02   1.13e-04
  4.3902e+02   1.10e-04
  4.4659e+02   1.07e-04
  4.5429e+02   1.04e-04
  4.6212e+02   1.01e-04
  4.7009e+02   9.83e-05
  4.7819e+02   9.57e-05
  4.8643e+02   9.31e-05
  4.9482e+02   9.06e-05
  5.0335e+02   8.81e-05
  5.1203e+02   8.57e-05
  5.2085e+02   8.33e-05
  5.2983e+02   8.10e-05
  5.3897e+02   7.88e-05
  5.4826e+02   7.66e-05
  5.5771e+02   7.44e-05
  5.6732e+02   7.23e-05
  5.7710e+02   7.02e-05
  5.8705e+02   6.82e-05
  5.9717e+02   6.62e-05
  6.0746e+02   6.43e-05
  6.1793e+02   6.24e-05
  6.2859e+02   6.06e-05
  6.3942e+02   5.88e-05
  6.5045e+02   5.71e-05
  6.6166e+02   5.54e-05
  6.7306e+02   5.38e-05
  6.8467e+02   5.22e-05
  6.9647e+02   5.07e-05
  7.0847e+02   4.92e-05
  7.2069e+02   4.77e-05
  7.3311e+02   4.63e-05
  7.4575e+02   4.49e-05
  7.5860e+02   4.36e-05
  7.7168e+02   4.23e-05
  7.8498e+02   4.10e-05
  7.9852e+02   3.97e-05
  8.1228e+02   3.85e-05
  8.2628e+02   3.73e-05
  8.4053e+02   3.61e-05
  8.5502e+02   3.49e-05
  8.6976e+02   3.38e-05
  8.8475e+02   3.29e-05
  9.0000e+02   3.20e-05
