#  E [GeV]   # per interaction  [GeV^{-1}]
  3.0000e+01   1.72e-01
  3.0517e+01   1.67e-01
  3.1043e+01   1.62e-01
  3.1578e+01   1.57e-01
  3.2123e+01   1.51e-01
  3.2676e+01   1.47e-01
  3.3240e+01   1.42e-01
  3.3813e+01   1.37e-01
  3.4396e+01   1.33e-01
  3.4989e+01   1.28e-01
  3.5592e+01   1.24e-01
  3.6205e+01   1.20e-01
  3.6829e+01   1.16e-01
  3.7464e+01   1.12e-01
  3.8110e+01   1.08e-01
  3.8767e+01   1.04e-01
  3.9435e+01   1.01e-01
  4.0115e+01   9.74e-02
  4.0807e+01   9.40e-02
  4.1510e+01   9.07e-02
  4.2226e+01   8.75e-02
  4.2953e+01   8.44e-02
  4.3694e+01   8.14e-02
  4.4447e+01   7.85e-02
  4.5213e+01   7.57e-02
  4.5993e+01   7.29e-02
  4.6786e+01   7.03e-02
  4.7592e+01   6.76e-02
  4.8412e+01   6.51e-02
  4.9247e+01   6.27e-02
  5.0096e+01   6.04e-02
  5.0960e+01   5.81e-02
  5.1838e+01   5.59e-02
  5.2732e+01   5.38e-02
  5.3641e+01   5.17e-02
  5.4565e+01   4.97e-02
  5.5506e+01   4.78e-02
  5.6463e+01   4.59e-02
  5.7436e+01   4.41e-02
  5.8426e+01   4.23e-02
  5.9433e+01   4.06e-02
  6.0458e+01   3.90e-02
  6.1500e+01   3.74e-02
  6.2560e+01   3.59e-02
  6.3639e+01   3.44e-02
  6.4736e+01   3.30e-02
  6.5852e+01   3.16e-02
  6.6987e+01   3.03e-02
  6.8142e+01   2.90e-02
  6.9316e+01   2.78e-02
  7.0511e+01   2.66e-02
  7.1727e+01   2.55e-02
  7.2963e+01   2.44e-02
  7.4221e+01   2.33e-02
  7.5500e+01   2.23e-02
  7.6802e+01   2.13e-02
  7.8126e+01   2.03e-02
  7.9472e+01   1.94e-02
  8.0842e+01   1.86e-02
  8.2236e+01   1.77e-02
  8.3654e+01   1.69e-02
  8.5096e+01   1.61e-02
  8.6563e+01   1.53e-02
  8.8055e+01   1.46e-02
  8.9573e+01   1.40e-02
  9.1117e+01   1.33e-02
  9.2687e+01   1.26e-02
  9.4285e+01   1.20e-02
  9.5911e+01   1.14e-02
  9.7564e+01   1.09e-02
  9.9246e+01   1.03e-02
  1.0096e+02   9.83e-03
  1.0270e+02   9.33e-03
  1.0447e+02   8.85e-03
  1.0627e+02   8.39e-03
  1.0810e+02   7.94e-03
  1.0996e+02   7.55e-03
  1.1186e+02   7.16e-03
  1.1379e+02   6.79e-03
  1.1575e+02   6.43e-03
  1.1774e+02   6.08e-03
  1.1977e+02   5.75e-03
  1.2184e+02   5.43e-03
  1.2394e+02   5.15e-03
  1.2608e+02   4.87e-03
  1.2825e+02   4.61e-03
  1.3046e+02   4.35e-03
  1.3271e+02   4.10e-03
  1.3500e+02   3.86e-03
  1.3732e+02   3.64e-03
  1.3969e+02   3.44e-03
  1.4210e+02   3.25e-03
  1.4455e+02   3.06e-03
  1.4704e+02   2.88e-03
  1.4957e+02   2.71e-03
  1.5215e+02   2.54e-03
  1.5478e+02   2.39e-03
  1.5744e+02   2.26e-03
  1.6016e+02   2.12e-03
  1.6292e+02   2.00e-03
  1.6573e+02   1.87e-03
  1.6858e+02   1.75e-03
  1.7149e+02   1.64e-03
  1.7445e+02   1.54e-03
  1.7745e+02   1.45e-03
  1.8051e+02   1.36e-03
  1.8362e+02   1.27e-03
  1.8679e+02   1.18e-03
  1.9001e+02   1.10e-03
  1.9328e+02   1.03e-03
  1.9662e+02   9.65e-04
  2.0001e+02   9.04e-04
  2.0345e+02   8.45e-04
  2.0696e+02   7.88e-04
  2.1053e+02   7.32e-04
  2.1416e+02   6.78e-04
  2.1785e+02   6.32e-04
  2.2160e+02   5.91e-04
  2.2543e+02   5.52e-04
  2.2931e+02   5.14e-04
  2.3326e+02   4.77e-04
  2.3729e+02   4.41e-04
  2.4138e+02   4.07e-04
  2.4554e+02   3.79e-04
  2.4977e+02   3.54e-04
  2.5407e+02   3.29e-04
  2.5845e+02   3.05e-04
  2.6291e+02   2.82e-04
  2.6744e+02   2.59e-04
  2.7205e+02   2.38e-04
  2.7674e+02   2.22e-04
  2.8151e+02   2.07e-04
  2.8637e+02   1.91e-04
  2.9130e+02   1.77e-04
  2.9632e+02   1.62e-04
  3.0143e+02   1.49e-04
  3.0663e+02   1.37e-04
  3.1191e+02   1.27e-04
  3.1729e+02   1.18e-04
  3.2276e+02   1.08e-04
  3.2832e+02   9.97e-05
  3.3398e+02   9.12e-05
  3.3974e+02   8.30e-05
  3.4560e+02   7.65e-05
  3.5155e+02   7.08e-05
  3.5761e+02   6.53e-05
  3.6378e+02   6.00e-05
  3.7005e+02   5.49e-05
  3.7643e+02   5.00e-05
  3.8292e+02   4.52e-05
  3.8952e+02   4.18e-05
  3.9623e+02   3.87e-05
  4.0306e+02   3.56e-05
  4.1001e+02   3.26e-05
  4.1708e+02   2.97e-05
  4.2427e+02   2.70e-05
  4.3158e+02   2.45e-05
  4.3902e+02   2.26e-05
  4.4659e+02   2.09e-05
  4.5429e+02   1.92e-05
  4.6212e+02   1.75e-05
  4.7009e+02   1.60e-05
  4.7819e+02   1.44e-05
  4.8643e+02   1.32e-05
  4.9482e+02   1.22e-05
  5.0335e+02   1.12e-05
  5.1203e+02   1.03e-05
  5.2085e+02   9.44e-06
  5.2983e+02   8.59e-06
  5.3897e+02   7.77e-06
  5.4826e+02   7.17e-06
  5.5771e+02   6.67e-06
  5.6732e+02   6.18e-06
  5.7710e+02   5.71e-06
  5.8705e+02   5.26e-06
  5.9717e+02   4.82e-06
  6.0746e+02   4.40e-06
  6.1793e+02   4.13e-06
  6.2859e+02   3.86e-06
  6.3942e+02   3.61e-06
  6.5045e+02   3.36e-06
  6.6166e+02   3.13e-06
  6.7306e+02   2.90e-06
  6.8467e+02   2.70e-06
  6.9647e+02   2.54e-06
  7.0847e+02   2.40e-06
  7.2069e+02   2.26e-06
  7.3311e+02   2.12e-06
  7.4575e+02   1.99e-06
  7.5860e+02   1.86e-06
  7.7168e+02   1.75e-06
  7.8498e+02   1.65e-06
  7.9852e+02   1.56e-06
  8.1228e+02   1.46e-06
  8.2628e+02   1.38e-06
  8.4053e+02   1.29e-06
  8.5502e+02   1.21e-06
  8.6976e+02   1.15e-06
  8.8475e+02   1.10e-06
  9.0000e+02   1.05e-06
