#  E [MeV]   Flux [# cm^{-2} s^{-1}  MeV^{-1}]
  3.0000e+04   6.95e-27
  3.1141e+04   6.69e-27
  3.2326e+04   6.44e-27
  3.3556e+04   6.19e-27
  3.4832e+04   5.95e-27
  3.6157e+04   5.73e-27
  3.7533e+04   5.50e-27
  3.8961e+04   5.29e-27
  4.0443e+04   5.08e-27
  4.1982e+04   4.88e-27
  4.3579e+04   4.69e-27
  4.5237e+04   4.50e-27
  4.6958e+04   4.32e-27
  4.8744e+04   4.15e-27
  5.0598e+04   3.98e-27
  5.2523e+04   3.82e-27
  5.4521e+04   3.66e-27
  5.6596e+04   3.51e-27
  5.8749e+04   3.37e-27
  6.0984e+04   3.23e-27
  6.3304e+04   3.09e-27
  6.5712e+04   2.96e-27
  6.8212e+04   2.84e-27
  7.0807e+04   2.72e-27
  7.3500e+04   2.60e-27
  7.6297e+04   2.49e-27
  7.9199e+04   2.39e-27
  8.2212e+04   2.28e-27
  8.5340e+04   2.18e-27
  8.8586e+04   2.09e-27
  9.1956e+04   2.00e-27
  9.5455e+04   1.91e-27
  9.9086e+04   1.82e-27
  1.0286e+05   1.74e-27
  1.0677e+05   1.66e-27
  1.1083e+05   1.59e-27
  1.1505e+05   1.52e-27
  1.1942e+05   1.45e-27
  1.2397e+05   1.38e-27
  1.2868e+05   1.32e-27
  1.3358e+05   1.26e-27
  1.3866e+05   1.20e-27
  1.4394e+05   1.14e-27
  1.4941e+05   1.09e-27
  1.5509e+05   1.04e-27
  1.6100e+05   9.87e-28
  1.6712e+05   9.39e-28
  1.7348e+05   8.94e-28
  1.8008e+05   8.50e-28
  1.8693e+05   8.08e-28
  1.9404e+05   7.68e-28
  2.0142e+05   7.30e-28
  2.0908e+05   6.93e-28
  2.1704e+05   6.58e-28
  2.2529e+05   6.25e-28
  2.3387e+05   5.93e-28
  2.4276e+05   5.62e-28
  2.5200e+05   5.33e-28
  2.6158e+05   5.05e-28
  2.7154e+05   4.78e-28
  2.8187e+05   4.53e-28
  2.9259e+05   4.28e-28
  3.0372e+05   4.05e-28
  3.1527e+05   3.83e-28
  3.2727e+05   3.62e-28
  3.3972e+05   3.42e-28
  3.5264e+05   3.23e-28
  3.6606e+05   3.05e-28
  3.7998e+05   2.88e-28
  3.9444e+05   2.72e-28
  4.0945e+05   2.56e-28
  4.2502e+05   2.41e-28
  4.4119e+05   2.27e-28
  4.5798e+05   2.14e-28
  4.7540e+05   2.02e-28
  4.9348e+05   1.90e-28
  5.1226e+05   1.79e-28
  5.3175e+05   1.68e-28
  5.5198e+05   1.58e-28
  5.7297e+05   1.49e-28
  5.9477e+05   1.40e-28
  6.1740e+05   1.32e-28
  6.4089e+05   1.24e-28
  6.6527e+05   1.17e-28
  6.9058e+05   1.10e-28
  7.1685e+05   1.04e-28
  7.4412e+05   9.75e-29
  7.7243e+05   9.20e-29
  8.0181e+05   8.67e-29
  8.3232e+05   8.18e-29
  8.6398e+05   7.73e-29
  8.9685e+05   7.30e-29
  9.3097e+05   6.90e-29
  9.6638e+05   6.53e-29
  1.0031e+06   6.19e-29
  1.0413e+06   5.86e-29
  1.0809e+06   5.56e-29
  1.1220e+06   5.28e-29
  1.1647e+06   5.01e-29
  1.2090e+06   4.77e-29
  1.2550e+06   4.54e-29
  1.3028e+06   4.32e-29
  1.3523e+06   4.12e-29
  1.4038e+06   3.93e-29
  1.4572e+06   3.76e-29
  1.5126e+06   3.59e-29
  1.5702e+06   3.43e-29
  1.6299e+06   3.29e-29
  1.6919e+06   3.15e-29
  1.7563e+06   3.02e-29
  1.8231e+06   2.89e-29
  1.8925e+06   2.78e-29
  1.9645e+06   2.67e-29
  2.0392e+06   2.56e-29
  2.1168e+06   2.46e-29
  2.1973e+06   2.36e-29
  2.2809e+06   2.27e-29
  2.3677e+06   2.18e-29
  2.4577e+06   2.10e-29
  2.5512e+06   2.01e-29
  2.6483e+06   1.93e-29
  2.7490e+06   1.86e-29
  2.8536e+06   1.78e-29
  2.9622e+06   1.71e-29
  3.0749e+06   1.64e-29
  3.1918e+06   1.57e-29
  3.3133e+06   1.50e-29
  3.4393e+06   1.43e-29
  3.5702e+06   1.37e-29
  3.7060e+06   1.30e-29
  3.8470e+06   1.24e-29
  3.9933e+06   1.18e-29
  4.1452e+06   1.12e-29
  4.3029e+06   1.06e-29
  4.4666e+06   9.97e-30
  4.6366e+06   9.40e-30
  4.8129e+06   8.83e-30
  4.9960e+06   8.27e-30
  5.1861e+06   7.74e-30
  5.3834e+06   7.21e-30
  5.5882e+06   6.69e-30
  5.8008e+06   6.19e-30
  6.0215e+06   5.71e-30
  6.2506e+06   5.24e-30
  6.4883e+06   4.79e-30
  6.7352e+06   4.35e-30
  6.9914e+06   3.94e-30
  7.2574e+06   3.54e-30
  7.5335e+06   3.17e-30
  7.8201e+06   2.81e-30
  8.1176e+06   2.48e-30
  8.4264e+06   2.17e-30
  8.7470e+06   1.88e-30
  9.0797e+06   1.62e-30
  9.4251e+06   1.38e-30
  9.7837e+06   1.16e-30
  1.0156e+07   9.66e-31
  1.0542e+07   7.93e-31
  1.0943e+07   6.42e-31
  1.1360e+07   5.12e-31
  1.1792e+07   4.01e-31
  1.2240e+07   3.08e-31
  1.2706e+07   2.32e-31
  1.3189e+07   1.71e-31
  1.3691e+07   1.23e-31
  1.4212e+07   8.57e-32
  1.4753e+07   5.81e-32
  1.5314e+07   3.79e-32
  1.5897e+07   2.38e-32
  1.6501e+07   1.43e-32
  1.7129e+07   8.18e-33
  1.7781e+07   4.43e-33
  1.8457e+07   2.25e-33
  1.9159e+07   1.06e-33
  1.9888e+07   4.63e-34
  2.0645e+07   1.84e-34
  2.1430e+07   6.55e-35
  2.2245e+07   2.07e-35
  2.3092e+07   5.67e-36
  2.3970e+07   1.32e-36
  2.4882e+07   2.56e-37
  2.5829e+07   3.95e-38
  2.6811e+07   4.74e-39
  2.7831e+07   4.21e-40
  2.8890e+07   2.61e-41
  2.9989e+07   1.06e-42
  3.1130e+07   2.59e-44
  3.2314e+07   3.45e-46
  3.3544e+07   2.23e-48
  3.4820e+07   5.98e-51
  3.6144e+07   5.45e-54
  3.7519e+07   1.34e-57
  3.8947e+07   6.59e-62
  4.0428e+07   4.32e-67
  4.1966e+07   3.82e-71
  4.3563e+07   3.37e-71
  4.5220e+07   2.95e-71
  4.6941e+07   2.59e-71
  4.8726e+07   2.38e-71
  5.0580e+07   2.18e-71
