#  E [GeV]   # per interaction  [GeV^{-1}]
  3.0000e+01   5.92e-01
  3.1051e+01   5.71e-01
  3.2139e+01   5.51e-01
  3.3266e+01   5.31e-01
  3.4432e+01   5.12e-01
  3.5638e+01   4.94e-01
  3.6887e+01   4.76e-01
  3.8180e+01   4.59e-01
  3.9518e+01   4.43e-01
  4.0903e+01   4.27e-01
  4.2336e+01   4.11e-01
  4.3820e+01   3.96e-01
  4.5355e+01   3.82e-01
  4.6945e+01   3.68e-01
  4.8590e+01   3.54e-01
  5.0293e+01   3.41e-01
  5.2055e+01   3.28e-01
  5.3879e+01   3.16e-01
  5.5767e+01   3.04e-01
  5.7722e+01   2.93e-01
  5.9745e+01   2.81e-01
  6.1838e+01   2.71e-01
  6.4005e+01   2.60e-01
  6.6248e+01   2.50e-01
  6.8570e+01   2.41e-01
  7.0973e+01   2.31e-01
  7.3460e+01   2.22e-01
  7.6034e+01   2.13e-01
  7.8699e+01   2.05e-01
  8.1457e+01   1.97e-01
  8.4311e+01   1.89e-01
  8.7266e+01   1.81e-01
  9.0324e+01   1.74e-01
  9.3490e+01   1.67e-01
  9.6766e+01   1.60e-01
  1.0016e+02   1.53e-01
  1.0367e+02   1.47e-01
  1.0730e+02   1.41e-01
  1.1106e+02   1.35e-01
  1.1495e+02   1.29e-01
  1.1898e+02   1.23e-01
  1.2315e+02   1.18e-01
  1.2747e+02   1.13e-01
  1.3193e+02   1.08e-01
  1.3656e+02   1.03e-01
  1.4134e+02   9.82e-02
  1.4629e+02   9.38e-02
  1.5142e+02   8.95e-02
  1.5673e+02   8.53e-02
  1.6222e+02   8.13e-02
  1.6790e+02   7.75e-02
  1.7379e+02   7.38e-02
  1.7988e+02   7.02e-02
  1.8618e+02   6.68e-02
  1.9271e+02   6.35e-02
  1.9946e+02   6.03e-02
  2.0645e+02   5.73e-02
  2.1369e+02   5.44e-02
  2.2117e+02   5.16e-02
  2.2892e+02   4.89e-02
  2.3695e+02   4.63e-02
  2.4525e+02   4.38e-02
  2.5385e+02   4.15e-02
  2.6274e+02   3.92e-02
  2.7195e+02   3.70e-02
  2.8148e+02   3.50e-02
  2.9134e+02   3.30e-02
  3.0155e+02   3.11e-02
  3.1212e+02   2.93e-02
  3.2306e+02   2.76e-02
  3.3438e+02   2.59e-02
  3.4610e+02   2.44e-02
  3.5823e+02   2.29e-02
  3.7078e+02   2.15e-02
  3.8377e+02   2.01e-02
  3.9722e+02   1.89e-02
  4.1114e+02   1.77e-02
  4.2555e+02   1.65e-02
  4.4046e+02   1.54e-02
  4.5590e+02   1.44e-02
  4.7188e+02   1.35e-02
  4.8841e+02   1.26e-02
  5.0553e+02   1.17e-02
  5.2324e+02   1.09e-02
  5.4158e+02   1.01e-02
  5.6056e+02   9.44e-03
  5.8020e+02   8.77e-03
  6.0054e+02   8.15e-03
  6.2158e+02   7.56e-03
  6.4337e+02   7.02e-03
  6.6591e+02   6.50e-03
  6.8925e+02   6.02e-03
  7.1340e+02   5.57e-03
  7.3840e+02   5.15e-03
  7.6428e+02   4.76e-03
  7.9106e+02   4.40e-03
  8.1878e+02   4.06e-03
  8.4748e+02   3.74e-03
  8.7718e+02   3.45e-03
  9.0792e+02   3.18e-03
  9.3973e+02   2.93e-03
  9.7267e+02   2.70e-03
  1.0068e+03   2.49e-03
  1.0420e+03   2.29e-03
  1.0785e+03   2.10e-03
  1.1163e+03   1.93e-03
  1.1555e+03   1.78e-03
  1.1960e+03   1.63e-03
  1.2379e+03   1.50e-03
  1.2813e+03   1.37e-03
  1.3262e+03   1.26e-03
  1.3726e+03   1.15e-03
  1.4207e+03   1.06e-03
  1.4705e+03   9.69e-04
  1.5220e+03   8.85e-04
  1.5754e+03   8.11e-04
  1.6306e+03   7.41e-04
  1.6877e+03   6.76e-04
  1.7469e+03   6.18e-04
  1.8081e+03   5.64e-04
  1.8715e+03   5.14e-04
  1.9370e+03   4.68e-04
  2.0049e+03   4.27e-04
  2.0752e+03   3.89e-04
  2.1479e+03   3.53e-04
  2.2232e+03   3.21e-04
  2.3011e+03   2.92e-04
  2.3817e+03   2.64e-04
  2.4652e+03   2.40e-04
  2.5516e+03   2.18e-04
  2.6410e+03   1.97e-04
  2.7336e+03   1.78e-04
  2.8294e+03   1.61e-04
  2.9285e+03   1.45e-04
  3.0311e+03   1.30e-04
  3.1374e+03   1.17e-04
  3.2473e+03   1.05e-04
  3.3611e+03   9.43e-05
  3.4789e+03   8.46e-05
  3.6008e+03   7.59e-05
  3.7270e+03   6.78e-05
  3.8576e+03   6.03e-05
  3.9928e+03   5.40e-05
  4.1327e+03   4.80e-05
  4.2775e+03   4.25e-05
  4.4274e+03   3.78e-05
  4.5826e+03   3.36e-05
  4.7432e+03   2.96e-05
  4.9094e+03   2.61e-05
  5.0815e+03   2.31e-05
  5.2595e+03   2.03e-05
  5.4438e+03   1.77e-05
  5.6346e+03   1.56e-05
  5.8321e+03   1.36e-05
  6.0365e+03   1.18e-05
  6.2480e+03   1.03e-05
  6.4670e+03   8.95e-06
  6.6936e+03   7.70e-06
  6.9282e+03   6.65e-06
  7.1709e+03   5.74e-06
  7.4222e+03   4.91e-06
  7.6823e+03   4.18e-06
  7.9516e+03   3.59e-06
  8.2302e+03   3.05e-06
  8.5186e+03   2.56e-06
  8.8172e+03   2.17e-06
  9.1262e+03   1.83e-06
  9.4460e+03   1.52e-06
  9.7770e+03   1.26e-06
  1.0120e+04   1.05e-06
  1.0474e+04   8.64e-07
  1.0841e+04   7.02e-07
  1.1221e+04   5.76e-07
  1.1614e+04   4.66e-07
  1.2022e+04   3.71e-07
  1.2443e+04   2.97e-07
  1.2879e+04   2.34e-07
  1.3330e+04   1.82e-07
  1.3797e+04   1.40e-07
  1.4281e+04   1.08e-07
  1.4781e+04   8.13e-08
  1.5299e+04   6.01e-08
  1.5835e+04   4.47e-08
  1.6390e+04   3.24e-08
  1.6965e+04   2.28e-08
  1.7559e+04   1.61e-08
  1.8175e+04   1.12e-08
  1.8812e+04   7.45e-09
  1.9471e+04   4.87e-09
  2.0153e+04   3.12e-09
  2.0859e+04   1.91e-09
  2.1590e+04   1.12e-09
  2.2347e+04   6.33e-10
  2.3130e+04   3.38e-10
  2.3941e+04   1.67e-10
  2.4780e+04   7.76e-11
  2.5648e+04   3.28e-11
  2.6547e+04   1.24e-11
  2.7477e+04   4.16e-12
  2.8440e+04   1.21e-12
