#  E [MeV]   Flux [# cm^{-2} s^{-1}  MeV^{-1}]
  3.0000e+04   5.58e-25
  3.1051e+04   5.37e-25
  3.2139e+04   5.17e-25
  3.3266e+04   4.98e-25
  3.4432e+04   4.79e-25
  3.5638e+04   4.61e-25
  3.6887e+04   4.43e-25
  3.8180e+04   4.26e-25
  3.9518e+04   4.10e-25
  4.0903e+04   3.94e-25
  4.2336e+04   3.79e-25
  4.3820e+04   3.64e-25
  4.5355e+04   3.50e-25
  4.6945e+04   3.37e-25
  4.8590e+04   3.24e-25
  5.0293e+04   3.11e-25
  5.2055e+04   2.99e-25
  5.3879e+04   2.87e-25
  5.5767e+04   2.75e-25
  5.7722e+04   2.64e-25
  5.9745e+04   2.54e-25
  6.1838e+04   2.44e-25
  6.4005e+04   2.34e-25
  6.6248e+04   2.24e-25
  6.8570e+04   2.15e-25
  7.0973e+04   2.06e-25
  7.3460e+04   1.98e-25
  7.6034e+04   1.90e-25
  7.8699e+04   1.82e-25
  8.1457e+04   1.74e-25
  8.4311e+04   1.67e-25
  8.7266e+04   1.60e-25
  9.0324e+04   1.53e-25
  9.3490e+04   1.47e-25
  9.6766e+04   1.40e-25
  1.0016e+05   1.34e-25
  1.0367e+05   1.28e-25
  1.0730e+05   1.23e-25
  1.1106e+05   1.17e-25
  1.1495e+05   1.12e-25
  1.1898e+05   1.07e-25
  1.2315e+05   1.02e-25
  1.2747e+05   9.74e-26
  1.3193e+05   9.30e-26
  1.3656e+05   8.87e-26
  1.4134e+05   8.45e-26
  1.4629e+05   8.05e-26
  1.5142e+05   7.67e-26
  1.5673e+05   7.30e-26
  1.6222e+05   6.95e-26
  1.6790e+05   6.61e-26
  1.7379e+05   6.29e-26
  1.7988e+05   5.97e-26
  1.8618e+05   5.67e-26
  1.9271e+05   5.38e-26
  1.9946e+05   5.11e-26
  2.0645e+05   4.84e-26
  2.1369e+05   4.59e-26
  2.2117e+05   4.34e-26
  2.2892e+05   4.11e-26
  2.3695e+05   3.89e-26
  2.4525e+05   3.67e-26
  2.5385e+05   3.47e-26
  2.6274e+05   3.27e-26
  2.7195e+05   3.09e-26
  2.8148e+05   2.91e-26
  2.9134e+05   2.74e-26
  3.0155e+05   2.58e-26
  3.1212e+05   2.42e-26
  3.2306e+05   2.27e-26
  3.3438e+05   2.13e-26
  3.4610e+05   2.00e-26
  3.5823e+05   1.87e-26
  3.7078e+05   1.75e-26
  3.8377e+05   1.64e-26
  3.9722e+05   1.53e-26
  4.1114e+05   1.43e-26
  4.2555e+05   1.34e-26
  4.4046e+05   1.24e-26
  4.5590e+05   1.16e-26
  4.7188e+05   1.08e-26
  4.8841e+05   1.00e-26
  5.0553e+05   9.32e-27
  5.2324e+05   8.65e-27
  5.4158e+05   8.02e-27
  5.6056e+05   7.44e-27
  5.8020e+05   6.89e-27
  6.0054e+05   6.38e-27
  6.2158e+05   5.90e-27
  6.4337e+05   5.45e-27
  6.6591e+05   5.04e-27
  6.8925e+05   4.65e-27
  7.1340e+05   4.29e-27
  7.3840e+05   3.95e-27
  7.6428e+05   3.65e-27
  7.9106e+05   3.36e-27
  8.1878e+05   3.09e-27
  8.4748e+05   2.85e-27
  8.7718e+05   2.62e-27
  9.0792e+05   2.41e-27
  9.3973e+05   2.21e-27
  9.7267e+05   2.04e-27
  1.0068e+06   1.87e-27
  1.0420e+06   1.72e-27
  1.0785e+06   1.58e-27
  1.1163e+06   1.45e-27
  1.1555e+06   1.34e-27
  1.1960e+06   1.23e-27
  1.2379e+06   1.13e-27
  1.2813e+06   1.04e-27
  1.3262e+06   9.51e-28
  1.3726e+06   8.73e-28
  1.4207e+06   8.02e-28
  1.4705e+06   7.35e-28
  1.5220e+06   6.75e-28
  1.5754e+06   6.20e-28
  1.6306e+06   5.69e-28
  1.6877e+06   5.21e-28
  1.7469e+06   4.78e-28
  1.8081e+06   4.39e-28
  1.8715e+06   4.02e-28
  1.9370e+06   3.68e-28
  2.0049e+06   3.38e-28
  2.0752e+06   3.09e-28
  2.1479e+06   2.83e-28
  2.2232e+06   2.59e-28
  2.3011e+06   2.36e-28
  2.3817e+06   2.16e-28
  2.4652e+06   1.97e-28
  2.5516e+06   1.80e-28
  2.6410e+06   1.64e-28
  2.7336e+06   1.50e-28
  2.8294e+06   1.36e-28
  2.9285e+06   1.24e-28
  3.0311e+06   1.12e-28
  3.1374e+06   1.02e-28
  3.2473e+06   9.24e-29
  3.3611e+06   8.35e-29
  3.4789e+06   7.57e-29
  3.6008e+06   6.83e-29
  3.7270e+06   6.15e-29
  3.8576e+06   5.55e-29
  3.9928e+06   4.99e-29
  4.1327e+06   4.47e-29
  4.2775e+06   4.01e-29
  4.4274e+06   3.59e-29
  4.5826e+06   3.21e-29
  4.7432e+06   2.85e-29
  4.9094e+06   2.55e-29
  5.0815e+06   2.26e-29
  5.2595e+06   2.00e-29
  5.4438e+06   1.77e-29
  5.6346e+06   1.56e-29
  5.8321e+06   1.37e-29
  6.0365e+06   1.20e-29
  6.2480e+06   1.05e-29
  6.4670e+06   9.19e-30
  6.6936e+06   7.97e-30
  6.9282e+06   6.94e-30
  7.1709e+06   6.01e-30
  7.4222e+06   5.16e-30
  7.6823e+06   4.44e-30
  7.9516e+06   3.81e-30
  8.2302e+06   3.24e-30
  8.5186e+06   2.76e-30
  8.8172e+06   2.34e-30
  9.1262e+06   1.97e-30
  9.4460e+06   1.65e-30
  9.7770e+06   1.38e-30
  1.0120e+07   1.15e-30
  1.0474e+07   9.41e-31
  1.0841e+07   7.76e-31
  1.1221e+07   6.35e-31
  1.1614e+07   5.13e-31
  1.2022e+07   4.13e-31
  1.2443e+07   3.30e-31
  1.2879e+07   2.61e-31
  1.3330e+07   2.03e-31
  1.3797e+07   1.57e-31
  1.4281e+07   1.20e-31
  1.4781e+07   8.97e-32
  1.5299e+07   6.63e-32
  1.5835e+07   4.80e-32
  1.6390e+07   3.38e-32
  1.6965e+07   2.33e-32
  1.7559e+07   1.58e-32
  1.8175e+07   1.03e-32
  1.8812e+07   6.41e-33
  1.9471e+07   3.93e-33
  2.0153e+07   2.27e-33
  2.0859e+07   1.22e-33
  2.1590e+07   6.49e-34
  2.2347e+07   3.19e-34
  2.3130e+07   1.41e-34
  2.3941e+07   6.01e-35
  2.4780e+07   2.45e-35
  2.5648e+07   8.14e-36
  2.6547e+07   2.20e-36
  2.7477e+07   4.90e-37
  2.8440e+07   8.40e-38
