#  E [MeV]   Flux [# cm^{-2} s^{-1}  MeV^{-1}]
  3.0000e+04   2.25e-27
  3.1232e+04   2.16e-27
  3.2514e+04   2.08e-27
  3.3849e+04   2.00e-27
  3.5238e+04   1.92e-27
  3.6685e+04   1.84e-27
  3.8191e+04   1.77e-27
  3.9759e+04   1.70e-27
  4.1391e+04   1.63e-27
  4.3090e+04   1.57e-27
  4.4859e+04   1.50e-27
  4.6701e+04   1.44e-27
  4.8618e+04   1.38e-27
  5.0614e+04   1.33e-27
  5.2692e+04   1.27e-27
  5.4855e+04   1.22e-27
  5.7107e+04   1.17e-27
  5.9451e+04   1.12e-27
  6.1892e+04   1.07e-27
  6.4433e+04   1.03e-27
  6.7078e+04   9.86e-28
  6.9832e+04   9.44e-28
  7.2699e+04   9.03e-28
  7.5683e+04   8.64e-28
  7.8790e+04   8.27e-28
  8.2025e+04   7.91e-28
  8.5392e+04   7.56e-28
  8.8898e+04   7.23e-28
  9.2547e+04   6.91e-28
  9.6347e+04   6.60e-28
  1.0030e+05   6.30e-28
  1.0442e+05   6.02e-28
  1.0871e+05   5.74e-28
  1.1317e+05   5.48e-28
  1.1782e+05   5.23e-28
  1.2265e+05   4.99e-28
  1.2769e+05   4.75e-28
  1.3293e+05   4.53e-28
  1.3839e+05   4.32e-28
  1.4407e+05   4.11e-28
  1.4998e+05   3.92e-28
  1.5614e+05   3.73e-28
  1.6255e+05   3.54e-28
  1.6922e+05   3.37e-28
  1.7617e+05   3.21e-28
  1.8340e+05   3.05e-28
  1.9093e+05   2.89e-28
  1.9877e+05   2.75e-28
  2.0693e+05   2.61e-28
  2.1543e+05   2.47e-28
  2.2427e+05   2.35e-28
  2.3348e+05   2.22e-28
  2.4306e+05   2.11e-28
  2.5304e+05   2.00e-28
  2.6343e+05   1.89e-28
  2.7424e+05   1.79e-28
  2.8550e+05   1.69e-28
  2.9722e+05   1.60e-28
  3.0942e+05   1.51e-28
  3.2213e+05   1.42e-28
  3.3535e+05   1.34e-28
  3.4912e+05   1.27e-28
  3.6345e+05   1.19e-28
  3.7837e+05   1.13e-28
  3.9390e+05   1.06e-28
  4.1008e+05   9.97e-29
  4.2691e+05   9.38e-29
  4.4444e+05   8.83e-29
  4.6268e+05   8.30e-29
  4.8168e+05   7.80e-29
  5.0145e+05   7.33e-29
  5.2204e+05   6.88e-29
  5.4347e+05   6.46e-29
  5.6578e+05   6.06e-29
  5.8901e+05   5.69e-29
  6.1319e+05   5.34e-29
  6.3836e+05   5.01e-29
  6.6457e+05   4.71e-29
  6.9185e+05   4.42e-29
  7.2025e+05   4.15e-29
  7.4982e+05   3.90e-29
  7.8061e+05   3.66e-29
  8.1265e+05   3.44e-29
  8.4601e+05   3.24e-29
  8.8075e+05   3.05e-29
  9.1690e+05   2.87e-29
  9.5455e+05   2.70e-29
  9.9373e+05   2.55e-29
  1.0345e+06   2.40e-29
  1.0770e+06   2.27e-29
  1.1212e+06   2.14e-29
  1.1672e+06   2.03e-29
  1.2152e+06   1.92e-29
  1.2650e+06   1.82e-29
  1.3170e+06   1.72e-29
  1.3711e+06   1.64e-29
  1.4273e+06   1.56e-29
  1.4859e+06   1.48e-29
  1.5469e+06   1.41e-29
  1.6104e+06   1.34e-29
  1.6766e+06   1.28e-29
  1.7454e+06   1.22e-29
  1.8170e+06   1.17e-29
  1.8916e+06   1.11e-29
  1.9693e+06   1.07e-29
  2.0501e+06   1.02e-29
  2.1343e+06   9.78e-30
  2.2219e+06   9.38e-30
  2.3131e+06   8.99e-30
  2.4081e+06   8.63e-30
  2.5070e+06   8.28e-30
  2.6099e+06   7.95e-30
  2.7170e+06   7.63e-30
  2.8286e+06   7.33e-30
  2.9447e+06   7.04e-30
  3.0656e+06   6.76e-30
  3.1914e+06   6.49e-30
  3.3225e+06   6.23e-30
  3.4589e+06   5.97e-30
  3.6008e+06   5.73e-30
  3.7487e+06   5.49e-30
  3.9026e+06   5.25e-30
  4.0628e+06   5.03e-30
  4.2296e+06   4.81e-30
  4.4032e+06   4.59e-30
  4.5840e+06   4.38e-30
  4.7722e+06   4.17e-30
  4.9681e+06   3.97e-30
  5.1720e+06   3.77e-30
  5.3844e+06   3.58e-30
  5.6054e+06   3.38e-30
  5.8355e+06   3.19e-30
  6.0751e+06   3.01e-30
  6.3245e+06   2.83e-30
  6.5841e+06   2.65e-30
  6.8544e+06   2.47e-30
  7.1358e+06   2.30e-30
  7.4288e+06   2.14e-30
  7.7338e+06   1.97e-30
  8.0513e+06   1.82e-30
  8.3818e+06   1.66e-30
  8.7259e+06   1.51e-30
  9.0841e+06   1.37e-30
  9.4571e+06   1.23e-30
  9.8453e+06   1.10e-30
  1.0249e+07   9.78e-31
  1.0670e+07   8.60e-31
  1.1108e+07   7.49e-31
  1.1564e+07   6.46e-31
  1.2039e+07   5.52e-31
  1.2533e+07   4.64e-31
  1.3048e+07   3.86e-31
  1.3584e+07   3.16e-31
  1.4141e+07   2.53e-31
  1.4722e+07   2.00e-31
  1.5326e+07   1.54e-31
  1.5955e+07   1.16e-31
  1.6610e+07   8.45e-32
  1.7292e+07   5.97e-32
  1.8002e+07   4.07e-32
  1.8741e+07   2.66e-32
  1.9511e+07   1.65e-32
  2.0312e+07   9.70e-33
  2.1145e+07   5.34e-33
  2.2013e+07   2.73e-33
  2.2917e+07   1.27e-33
  2.3858e+07   5.37e-34
  2.4837e+07   2.00e-34
  2.5857e+07   6.42e-35
  2.6919e+07   1.74e-35
  2.8024e+07   3.80e-36
  2.9174e+07   6.48e-37
  3.0372e+07   8.14e-38
  3.1619e+07   7.03e-39
  3.2917e+07   3.83e-40
  3.4268e+07   1.18e-41
  3.5675e+07   1.80e-43
  3.7140e+07   1.12e-45
  3.8664e+07   2.25e-48
  4.0252e+07   1.08e-51
  4.1904e+07   8.05e-56
  4.3624e+07   5.42e-61
  4.5415e+07   1.55e-67
  4.7280e+07   3.50e-71
  4.9221e+07   3.09e-71
  5.1241e+07   2.72e-71
  5.3345e+07   2.38e-71
  5.5535e+07   2.07e-71
  5.7815e+07   1.80e-71
  6.0188e+07   1.54e-71
  6.2659e+07   1.33e-71
  6.5232e+07   1.14e-71
  6.7910e+07   9.69e-72
  7.0698e+07   8.40e-72
  7.3600e+07   7.19e-72
  7.6621e+07   6.13e-72
  7.9767e+07   5.38e-72
  8.3042e+07   4.68e-72
  8.6451e+07   4.11e-72
  9.0000e+07   3.75e-72
