#  E [MeV]   Flux [# cm^{-2} s^{-1}  MeV^{-1}]
  3.0000e+04   1.28e-19
  3.0675e+04   1.24e-19
  3.1366e+04   1.20e-19
  3.2072e+04   1.16e-19
  3.2794e+04   1.12e-19
  3.3533e+04   1.08e-19
  3.4288e+04   1.05e-19
  3.5060e+04   1.01e-19
  3.5849e+04   9.80e-20
  3.6656e+04   9.47e-20
  3.7482e+04   9.15e-20
  3.8326e+04   8.84e-20
  3.9188e+04   8.54e-20
  4.0071e+04   8.25e-20
  4.0973e+04   7.97e-20
  4.1896e+04   7.70e-20
  4.2839e+04   7.43e-20
  4.3803e+04   7.17e-20
  4.4790e+04   6.92e-20
  4.5798e+04   6.68e-20
  4.6829e+04   6.44e-20
  4.7884e+04   6.22e-20
  4.8962e+04   6.00e-20
  5.0064e+04   5.78e-20
  5.1191e+04   5.57e-20
  5.2344e+04   5.37e-20
  5.3522e+04   5.18e-20
  5.4727e+04   4.99e-20
  5.5960e+04   4.81e-20
  5.7219e+04   4.63e-20
  5.8508e+04   4.46e-20
  5.9825e+04   4.29e-20
  6.1172e+04   4.13e-20
  6.2549e+04   3.98e-20
  6.3958e+04   3.83e-20
  6.5398e+04   3.68e-20
  6.6870e+04   3.54e-20
  6.8376e+04   3.41e-20
  6.9915e+04   3.27e-20
  7.1489e+04   3.15e-20
  7.3099e+04   3.02e-20
  7.4745e+04   2.91e-20
  7.6428e+04   2.79e-20
  7.8148e+04   2.68e-20
  7.9908e+04   2.58e-20
  8.1707e+04   2.47e-20
  8.3547e+04   2.37e-20
  8.5428e+04   2.28e-20
  8.7351e+04   2.19e-20
  8.9318e+04   2.10e-20
  9.1329e+04   2.01e-20
  9.3385e+04   1.93e-20
  9.5488e+04   1.85e-20
  9.7638e+04   1.77e-20
  9.9836e+04   1.70e-20
  1.0208e+05   1.63e-20
  1.0438e+05   1.56e-20
  1.0673e+05   1.49e-20
  1.0914e+05   1.43e-20
  1.1159e+05   1.37e-20
  1.1411e+05   1.31e-20
  1.1667e+05   1.25e-20
  1.1930e+05   1.20e-20
  1.2199e+05   1.14e-20
  1.2473e+05   1.09e-20
  1.2754e+05   1.04e-20
  1.3041e+05   9.97e-21
  1.3335e+05   9.52e-21
  1.3635e+05   9.09e-21
  1.3942e+05   8.68e-21
  1.4256e+05   8.28e-21
  1.4577e+05   7.89e-21
  1.4905e+05   7.52e-21
  1.5241e+05   7.17e-21
  1.5584e+05   6.84e-21
  1.5935e+05   6.51e-21
  1.6294e+05   6.20e-21
  1.6661e+05   5.90e-21
  1.7036e+05   5.62e-21
  1.7419e+05   5.35e-21
  1.7812e+05   5.09e-21
  1.8213e+05   4.83e-21
  1.8623e+05   4.59e-21
  1.9042e+05   4.36e-21
  1.9471e+05   4.15e-21
  1.9909e+05   3.94e-21
  2.0357e+05   3.74e-21
  2.0816e+05   3.54e-21
  2.1284e+05   3.36e-21
  2.1763e+05   3.19e-21
  2.2253e+05   3.02e-21
  2.2755e+05   2.86e-21
  2.3267e+05   2.70e-21
  2.3791e+05   2.56e-21
  2.4326e+05   2.42e-21
  2.4874e+05   2.29e-21
  2.5434e+05   2.16e-21
  2.6007e+05   2.04e-21
  2.6592e+05   1.92e-21
  2.7191e+05   1.82e-21
  2.7803e+05   1.72e-21
  2.8429e+05   1.62e-21
  2.9069e+05   1.52e-21
  2.9724e+05   1.43e-21
  3.0393e+05   1.35e-21
  3.1077e+05   1.27e-21
  3.1777e+05   1.19e-21
  3.2493e+05   1.12e-21
  3.3224e+05   1.05e-21
  3.3972e+05   9.88e-22
  3.4737e+05   9.28e-22
  3.5519e+05   8.70e-22
  3.6319e+05   8.15e-22
  3.7137e+05   7.62e-22
  3.7973e+05   7.13e-22
  3.8828e+05   6.68e-22
  3.9702e+05   6.25e-22
  4.0596e+05   5.84e-22
  4.1510e+05   5.45e-22
  4.2444e+05   5.08e-22
  4.3400e+05   4.75e-22
  4.4377e+05   4.43e-22
  4.5376e+05   4.13e-22
  4.6398e+05   3.84e-22
  4.7443e+05   3.57e-22
  4.8511e+05   3.33e-22
  4.9603e+05   3.10e-22
  5.0720e+05   2.88e-22
  5.1862e+05   2.66e-22
  5.3030e+05   2.47e-22
  5.4224e+05   2.29e-22
  5.5444e+05   2.13e-22
  5.6693e+05   1.97e-22
  5.7969e+05   1.82e-22
  5.9274e+05   1.68e-22
  6.0609e+05   1.56e-22
  6.1974e+05   1.45e-22
  6.3369e+05   1.34e-22
  6.4796e+05   1.24e-22
  6.6255e+05   1.14e-22
  6.7746e+05   1.05e-22
  6.9272e+05   9.74e-23
  7.0831e+05   9.00e-23
  7.2426e+05   8.30e-23
  7.4057e+05   7.63e-23
  7.5724e+05   7.05e-23
  7.7429e+05   6.52e-23
  7.9172e+05   6.03e-23
  8.0955e+05   5.55e-23
  8.2778e+05   5.11e-23
  8.4641e+05   4.71e-23
  8.6547e+05   4.36e-23
  8.8496e+05   4.03e-23
  9.0488e+05   3.72e-23
  9.2526e+05   3.43e-23
  9.4609e+05   3.16e-23
  9.6739e+05   2.94e-23
  9.8917e+05   2.73e-23
  1.0114e+06   2.53e-23
  1.0342e+06   2.34e-23
  1.0575e+06   2.17e-23
  1.0813e+06   2.03e-23
  1.1057e+06   1.90e-23
  1.1305e+06   1.77e-23
  1.1560e+06   1.65e-23
  1.1820e+06   1.54e-23
  1.2086e+06   1.45e-23
  1.2359e+06   1.37e-23
  1.2637e+06   1.29e-23
  1.2921e+06   1.22e-23
  1.3212e+06   1.15e-23
  1.3510e+06   1.09e-23
  1.3814e+06   1.04e-23
  1.4125e+06   9.97e-24
  1.4443e+06   9.51e-24
  1.4768e+06   9.08e-24
  1.5101e+06   8.76e-24
  1.5441e+06   8.53e-24
  1.5788e+06   8.30e-24
  1.6144e+06   8.08e-24
  1.6507e+06   7.87e-24
  1.6879e+06   7.73e-24
  1.7259e+06   7.69e-24
  1.7648e+06   7.65e-24
  1.8045e+06   7.61e-24
  1.8451e+06   7.56e-24
  1.8867e+06   7.58e-24
  1.9291e+06   7.82e-24
  1.9726e+06   8.04e-24
  2.0170e+06   8.25e-24
  2.0624e+06   8.43e-24
  2.1088e+06   8.61e-24
  2.1563e+06   8.92e-24
  2.2049e+06   9.21e-24
  2.2545e+06   9.48e-24
  2.3053e+06   9.72e-24
  2.3572e+06   9.95e-24
  2.4102e+06   8.11e-24
  2.4645e+06   6.07e-24
  2.5200e+06   4.14e-24
