#  E [MeV]   Flux [# cm^{-2} s^{-1}  MeV^{-1}]
  3.0000e+04   1.40e-19
  3.0943e+04   1.35e-19
  3.1916e+04   1.31e-19
  3.2920e+04   1.26e-19
  3.3955e+04   1.22e-19
  3.5023e+04   1.18e-19
  3.6124e+04   1.14e-19
  3.7260e+04   1.10e-19
  3.8432e+04   1.06e-19
  3.9640e+04   1.03e-19
  4.0887e+04   9.91e-20
  4.2172e+04   9.56e-20
  4.3499e+04   9.23e-20
  4.4866e+04   8.90e-20
  4.6277e+04   8.58e-20
  4.7732e+04   8.28e-20
  4.9233e+04   7.98e-20
  5.0781e+04   7.69e-20
  5.2378e+04   7.41e-20
  5.4025e+04   7.14e-20
  5.5724e+04   6.88e-20
  5.7476e+04   6.63e-20
  5.9284e+04   6.38e-20
  6.1148e+04   6.14e-20
  6.3071e+04   5.91e-20
  6.5054e+04   5.69e-20
  6.7100e+04   5.47e-20
  6.9210e+04   5.26e-20
  7.1386e+04   5.06e-20
  7.3631e+04   4.86e-20
  7.5946e+04   4.67e-20
  7.8334e+04   4.49e-20
  8.0797e+04   4.31e-20
  8.3338e+04   4.14e-20
  8.5959e+04   3.98e-20
  8.8662e+04   3.82e-20
  9.1450e+04   3.66e-20
  9.4325e+04   3.51e-20
  9.7291e+04   3.37e-20
  1.0035e+05   3.23e-20
  1.0351e+05   3.09e-20
  1.0676e+05   2.96e-20
  1.1012e+05   2.84e-20
  1.1358e+05   2.71e-20
  1.1715e+05   2.60e-20
  1.2084e+05   2.49e-20
  1.2464e+05   2.38e-20
  1.2856e+05   2.27e-20
  1.3260e+05   2.17e-20
  1.3677e+05   2.08e-20
  1.4107e+05   1.98e-20
  1.4550e+05   1.89e-20
  1.5008e+05   1.81e-20
  1.5480e+05   1.72e-20
  1.5967e+05   1.64e-20
  1.6469e+05   1.57e-20
  1.6987e+05   1.49e-20
  1.7521e+05   1.42e-20
  1.8072e+05   1.36e-20
  1.8640e+05   1.29e-20
  1.9226e+05   1.23e-20
  1.9831e+05   1.17e-20
  2.0454e+05   1.11e-20
  2.1097e+05   1.06e-20
  2.1761e+05   1.00e-20
  2.2445e+05   9.54e-21
  2.3151e+05   9.06e-21
  2.3879e+05   8.60e-21
  2.4630e+05   8.16e-21
  2.5404e+05   7.74e-21
  2.6203e+05   7.33e-21
  2.7027e+05   6.95e-21
  2.7877e+05   6.58e-21
  2.8753e+05   6.23e-21
  2.9657e+05   5.90e-21
  3.0590e+05   5.58e-21
  3.1552e+05   5.28e-21
  3.2544e+05   4.99e-21
  3.3567e+05   4.71e-21
  3.4623e+05   4.45e-21
  3.5712e+05   4.20e-21
  3.6835e+05   3.96e-21
  3.7993e+05   3.73e-21
  3.9188e+05   3.51e-21
  4.0420e+05   3.31e-21
  4.1691e+05   3.11e-21
  4.3002e+05   2.93e-21
  4.4354e+05   2.75e-21
  4.5749e+05   2.59e-21
  4.7187e+05   2.43e-21
  4.8671e+05   2.28e-21
  5.0202e+05   2.14e-21
  5.1780e+05   2.01e-21
  5.3409e+05   1.88e-21
  5.5088e+05   1.76e-21
  5.6820e+05   1.65e-21
  5.8607e+05   1.54e-21
  6.0450e+05   1.44e-21
  6.2351e+05   1.35e-21
  6.4311e+05   1.26e-21
  6.6334e+05   1.18e-21
  6.8419e+05   1.10e-21
  7.0571e+05   1.02e-21
  7.2790e+05   9.56e-22
  7.5079e+05   8.90e-22
  7.7440e+05   8.28e-22
  7.9875e+05   7.71e-22
  8.2387e+05   7.18e-22
  8.4977e+05   6.67e-22
  8.7649e+05   6.19e-22
  9.0405e+05   5.76e-22
  9.3248e+05   5.35e-22
  9.6180e+05   4.96e-22
  9.9205e+05   4.60e-22
  1.0232e+06   4.27e-22
  1.0554e+06   3.96e-22
  1.0886e+06   3.66e-22
  1.1228e+06   3.39e-22
  1.1581e+06   3.14e-22
  1.1946e+06   2.90e-22
  1.2321e+06   2.68e-22
  1.2709e+06   2.48e-22
  1.3108e+06   2.29e-22
  1.3521e+06   2.11e-22
  1.3946e+06   1.95e-22
  1.4384e+06   1.80e-22
  1.4837e+06   1.65e-22
  1.5303e+06   1.52e-22
  1.5784e+06   1.40e-22
  1.6281e+06   1.29e-22
  1.6793e+06   1.18e-22
  1.7321e+06   1.08e-22
  1.7865e+06   9.97e-23
  1.8427e+06   9.15e-23
  1.9006e+06   8.37e-23
  1.9604e+06   7.65e-23
  2.0221e+06   7.02e-23
  2.0856e+06   6.42e-23
  2.1512e+06   5.86e-23
  2.2189e+06   5.35e-23
  2.2886e+06   4.89e-23
  2.3606e+06   4.45e-23
  2.4348e+06   4.04e-23
  2.5114e+06   3.68e-23
  2.5904e+06   3.35e-23
  2.6718e+06   3.04e-23
  2.7558e+06   2.75e-23
  2.8425e+06   2.50e-23
  2.9319e+06   2.26e-23
  3.0241e+06   2.04e-23
  3.1192e+06   1.84e-23
  3.2173e+06   1.66e-23
  3.3184e+06   1.49e-23
  3.4228e+06   1.34e-23
  3.5304e+06   1.20e-23
  3.6414e+06   1.08e-23
  3.7559e+06   9.65e-24
  3.8740e+06   8.57e-24
  3.9958e+06   7.69e-24
  4.1215e+06   6.86e-24
  4.2511e+06   6.09e-24
  4.3848e+06   5.38e-24
  4.5227e+06   4.80e-24
  4.6649e+06   4.25e-24
  4.8116e+06   3.74e-24
  4.9629e+06   3.29e-24
  5.1189e+06   2.91e-24
  5.2799e+06   2.56e-24
  5.4459e+06   2.22e-24
  5.6171e+06   1.95e-24
  5.7938e+06   1.71e-24
  5.9760e+06   1.48e-24
  6.1639e+06   1.27e-24
  6.3577e+06   1.12e-24
  6.5576e+06   9.66e-25
  6.7638e+06   8.27e-25
  6.9765e+06   7.07e-25
  7.1959e+06   6.13e-25
  7.4222e+06   5.25e-25
  7.6556e+06   4.44e-25
  7.8963e+06   3.78e-25
  8.1446e+06   3.24e-25
  8.4007e+06   2.74e-25
  8.6649e+06   2.28e-25
  8.9373e+06   1.94e-25
  9.2184e+06   1.64e-25
  9.5082e+06   1.37e-25
  9.8072e+06   1.12e-25
  1.0116e+07   9.50e-26
  1.0434e+07   7.90e-26
  1.0762e+07   6.44e-26
  1.1100e+07   5.26e-26
  1.1449e+07   4.34e-26
  1.1809e+07   3.51e-26
  1.2181e+07   2.76e-26
  1.2564e+07   2.20e-26
  1.2959e+07   1.74e-26
  1.3366e+07   1.32e-26
  1.3786e+07   9.62e-27
  1.4220e+07   7.35e-27
