#  E [GeV]   # per interaction  [GeV^{-1}]
  3.0000e+01   7.00e-03
  3.0675e+01   6.79e-03
  3.1366e+01   6.57e-03
  3.2072e+01   6.37e-03
  3.2794e+01   6.17e-03
  3.3533e+01   5.98e-03
  3.4288e+01   5.79e-03
  3.5060e+01   5.61e-03
  3.5849e+01   5.43e-03
  3.6656e+01   5.26e-03
  3.7482e+01   5.09e-03
  3.8326e+01   4.93e-03
  3.9188e+01   4.78e-03
  4.0071e+01   4.63e-03
  4.0973e+01   4.48e-03
  4.1896e+01   4.34e-03
  4.2839e+01   4.20e-03
  4.3803e+01   4.07e-03
  4.4790e+01   3.94e-03
  4.5798e+01   3.82e-03
  4.6829e+01   3.70e-03
  4.7884e+01   3.58e-03
  4.8962e+01   3.47e-03
  5.0064e+01   3.36e-03
  5.1191e+01   3.25e-03
  5.2344e+01   3.15e-03
  5.3522e+01   3.05e-03
  5.4727e+01   2.95e-03
  5.5960e+01   2.86e-03
  5.7219e+01   2.77e-03
  5.8508e+01   2.68e-03
  5.9825e+01   2.59e-03
  6.1172e+01   2.51e-03
  6.2549e+01   2.43e-03
  6.3958e+01   2.36e-03
  6.5398e+01   2.28e-03
  6.6870e+01   2.21e-03
  6.8376e+01   2.14e-03
  6.9915e+01   2.07e-03
  7.1489e+01   2.01e-03
  7.3099e+01   1.94e-03
  7.4745e+01   1.88e-03
  7.6428e+01   1.82e-03
  7.8148e+01   1.77e-03
  7.9908e+01   1.71e-03
  8.1707e+01   1.66e-03
  8.3547e+01   1.61e-03
  8.5428e+01   1.56e-03
  8.7351e+01   1.51e-03
  8.9318e+01   1.46e-03
  9.1329e+01   1.41e-03
  9.3385e+01   1.37e-03
  9.5488e+01   1.33e-03
  9.7638e+01   1.29e-03
  9.9836e+01   1.25e-03
  1.0208e+02   1.21e-03
  1.0438e+02   1.17e-03
  1.0673e+02   1.13e-03
  1.0914e+02   1.10e-03
  1.1159e+02   1.06e-03
  1.1411e+02   1.03e-03
  1.1667e+02   9.99e-04
  1.1930e+02   9.68e-04
  1.2199e+02   9.38e-04
  1.2473e+02   9.09e-04
  1.2754e+02   8.81e-04
  1.3041e+02   8.54e-04
  1.3335e+02   8.27e-04
  1.3635e+02   8.02e-04
  1.3942e+02   7.78e-04
  1.4256e+02   7.54e-04
  1.4577e+02   7.31e-04
  1.4905e+02   7.09e-04
  1.5241e+02   6.87e-04
  1.5584e+02   6.66e-04
  1.5935e+02   6.46e-04
  1.6294e+02   6.26e-04
  1.6661e+02   6.07e-04
  1.7036e+02   5.88e-04
  1.7419e+02   5.70e-04
  1.7812e+02   5.53e-04
  1.8213e+02   5.36e-04
  1.8623e+02   5.20e-04
  1.9042e+02   5.04e-04
  1.9471e+02   4.89e-04
  1.9909e+02   4.74e-04
  2.0357e+02   4.59e-04
  2.0816e+02   4.45e-04
  2.1284e+02   4.31e-04
  2.1763e+02   4.18e-04
  2.2253e+02   4.05e-04
  2.2755e+02   3.93e-04
  2.3267e+02   3.81e-04
  2.3791e+02   3.69e-04
  2.4326e+02   3.58e-04
  2.4874e+02   3.47e-04
  2.5434e+02   3.36e-04
  2.6007e+02   3.26e-04
  2.6592e+02   3.15e-04
  2.7191e+02   3.06e-04
  2.7803e+02   2.96e-04
  2.8429e+02   2.87e-04
  2.9069e+02   2.78e-04
  2.9724e+02   2.69e-04
  3.0393e+02   2.61e-04
  3.1077e+02   2.52e-04
  3.1777e+02   2.44e-04
  3.2493e+02   2.37e-04
  3.3224e+02   2.29e-04
  3.3972e+02   2.22e-04
  3.4737e+02   2.15e-04
  3.5519e+02   2.08e-04
  3.6319e+02   2.01e-04
  3.7137e+02   1.94e-04
  3.7973e+02   1.88e-04
  3.8828e+02   1.82e-04
  3.9702e+02   1.76e-04
  4.0596e+02   1.70e-04
  4.1510e+02   1.64e-04
  4.2444e+02   1.59e-04
  4.3400e+02   1.54e-04
  4.4377e+02   1.49e-04
  4.5376e+02   1.43e-04
  4.6398e+02   1.39e-04
  4.7443e+02   1.34e-04
  4.8511e+02   1.29e-04
  4.9603e+02   1.25e-04
  5.0720e+02   1.21e-04
  5.1862e+02   1.16e-04
  5.3030e+02   1.12e-04
  5.4224e+02   1.08e-04
  5.5444e+02   1.05e-04
  5.6693e+02   1.01e-04
  5.7969e+02   9.72e-05
  5.9274e+02   9.37e-05
  6.0609e+02   9.03e-05
  6.1974e+02   8.70e-05
  6.3369e+02   8.39e-05
  6.4796e+02   8.08e-05
  6.6255e+02   7.79e-05
  6.7746e+02   7.50e-05
  6.9272e+02   7.22e-05
  7.0831e+02   6.96e-05
  7.2426e+02   6.70e-05
  7.4057e+02   6.45e-05
  7.5724e+02   6.21e-05
  7.7429e+02   5.98e-05
  7.9172e+02   5.76e-05
  8.0955e+02   5.54e-05
  8.2778e+02   5.33e-05
  8.4641e+02   5.13e-05
  8.6547e+02   4.94e-05
  8.8496e+02   4.75e-05
  9.0488e+02   4.57e-05
  9.2526e+02   4.40e-05
  9.4609e+02   4.24e-05
  9.6739e+02   4.07e-05
  9.8917e+02   3.92e-05
  1.0114e+03   3.77e-05
  1.0342e+03   3.62e-05
  1.0575e+03   3.49e-05
  1.0813e+03   3.35e-05
  1.1057e+03   3.22e-05
  1.1305e+03   3.10e-05
  1.1560e+03   2.98e-05
  1.1820e+03   2.87e-05
  1.2086e+03   2.76e-05
  1.2359e+03   2.65e-05
  1.2637e+03   2.55e-05
  1.2921e+03   2.45e-05
  1.3212e+03   2.36e-05
  1.3510e+03   2.27e-05
  1.3814e+03   2.19e-05
  1.4125e+03   2.10e-05
  1.4443e+03   2.02e-05
  1.4768e+03   1.95e-05
  1.5101e+03   1.87e-05
  1.5441e+03   1.80e-05
  1.5788e+03   1.73e-05
  1.6144e+03   1.67e-05
  1.6507e+03   1.60e-05
  1.6879e+03   1.54e-05
  1.7259e+03   1.48e-05
  1.7648e+03   1.43e-05
  1.8045e+03   1.37e-05
  1.8451e+03   1.32e-05
  1.8867e+03   1.27e-05
  1.9291e+03   1.22e-05
  1.9726e+03   1.17e-05
  2.0170e+03   1.12e-05
  2.0624e+03   1.08e-05
  2.1088e+03   1.04e-05
  2.1563e+03   9.97e-06
  2.2049e+03   9.57e-06
  2.2545e+03   9.18e-06
  2.3053e+03   8.81e-06
  2.3572e+03   8.45e-06
  2.4102e+03   8.12e-06
  2.4645e+03   7.83e-06
  2.5200e+03   7.56e-06
