#  E [MeV]   Flux [# cm^{-2} s^{-1}  MeV^{-1}]
  3.0000e+04   1.62e-21
  3.0943e+04   1.57e-21
  3.1916e+04   1.51e-21
  3.2920e+04   1.46e-21
  3.3955e+04   1.41e-21
  3.5023e+04   1.36e-21
  3.6124e+04   1.31e-21
  3.7260e+04   1.26e-21
  3.8432e+04   1.22e-21
  3.9640e+04   1.17e-21
  4.0887e+04   1.13e-21
  4.2172e+04   1.09e-21
  4.3499e+04   1.05e-21
  4.4866e+04   1.02e-21
  4.6277e+04   9.79e-22
  4.7732e+04   9.44e-22
  4.9233e+04   9.10e-22
  5.0781e+04   8.77e-22
  5.2378e+04   8.46e-22
  5.4025e+04   8.15e-22
  5.5724e+04   7.86e-22
  5.7476e+04   7.58e-22
  5.9284e+04   7.31e-22
  6.1148e+04   7.05e-22
  6.3071e+04   6.80e-22
  6.5054e+04   6.55e-22
  6.7100e+04   6.32e-22
  6.9210e+04   6.09e-22
  7.1386e+04   5.88e-22
  7.3631e+04   5.67e-22
  7.5946e+04   5.47e-22
  7.8334e+04   5.28e-22
  8.0797e+04   5.09e-22
  8.3338e+04   4.91e-22
  8.5959e+04   4.74e-22
  8.8662e+04   4.58e-22
  9.1450e+04   4.42e-22
  9.4325e+04   4.26e-22
  9.7291e+04   4.12e-22
  1.0035e+05   3.98e-22
  1.0351e+05   3.84e-22
  1.0676e+05   3.71e-22
  1.1012e+05   3.59e-22
  1.1358e+05   3.47e-22
  1.1715e+05   3.35e-22
  1.2084e+05   3.24e-22
  1.2464e+05   3.13e-22
  1.2856e+05   3.03e-22
  1.3260e+05   2.93e-22
  1.3677e+05   2.84e-22
  1.4107e+05   2.74e-22
  1.4550e+05   2.66e-22
  1.5008e+05   2.57e-22
  1.5480e+05   2.49e-22
  1.5967e+05   2.41e-22
  1.6469e+05   2.33e-22
  1.6987e+05   2.26e-22
  1.7521e+05   2.19e-22
  1.8072e+05   2.12e-22
  1.8640e+05   2.05e-22
  1.9226e+05   1.99e-22
  1.9831e+05   1.92e-22
  2.0454e+05   1.86e-22
  2.1097e+05   1.81e-22
  2.1761e+05   1.75e-22
  2.2445e+05   1.70e-22
  2.3151e+05   1.64e-22
  2.3879e+05   1.59e-22
  2.4630e+05   1.54e-22
  2.5404e+05   1.49e-22
  2.6203e+05   1.44e-22
  2.7027e+05   1.40e-22
  2.7877e+05   1.35e-22
  2.8753e+05   1.31e-22
  2.9657e+05   1.27e-22
  3.0590e+05   1.23e-22
  3.1552e+05   1.19e-22
  3.2544e+05   1.15e-22
  3.3567e+05   1.11e-22
  3.4623e+05   1.07e-22
  3.5712e+05   1.03e-22
  3.6835e+05   9.98e-23
  3.7993e+05   9.63e-23
  3.9188e+05   9.29e-23
  4.0420e+05   8.96e-23
  4.1691e+05   8.64e-23
  4.3002e+05   8.33e-23
  4.4354e+05   8.02e-23
  4.5749e+05   7.72e-23
  4.7187e+05   7.43e-23
  4.8671e+05   7.15e-23
  5.0202e+05   6.88e-23
  5.1780e+05   6.61e-23
  5.3409e+05   6.35e-23
  5.5088e+05   6.10e-23
  5.6820e+05   5.86e-23
  5.8607e+05   5.62e-23
  6.0450e+05   5.40e-23
  6.2351e+05   5.18e-23
  6.4311e+05   4.97e-23
  6.6334e+05   4.76e-23
  6.8419e+05   4.56e-23
  7.0571e+05   4.37e-23
  7.2790e+05   4.19e-23
  7.5079e+05   4.01e-23
  7.7440e+05   3.84e-23
  7.9875e+05   3.68e-23
  8.2387e+05   3.52e-23
  8.4977e+05   3.37e-23
  8.7649e+05   3.23e-23
  9.0405e+05   3.09e-23
  9.3248e+05   2.96e-23
  9.6180e+05   2.83e-23
  9.9205e+05   2.71e-23
  1.0232e+06   2.60e-23
  1.0554e+06   2.49e-23
  1.0886e+06   2.38e-23
  1.1228e+06   2.28e-23
  1.1581e+06   2.18e-23
  1.1946e+06   2.09e-23
  1.2321e+06   2.00e-23
  1.2709e+06   1.92e-23
  1.3108e+06   1.84e-23
  1.3521e+06   1.76e-23
  1.3946e+06   1.69e-23
  1.4384e+06   1.61e-23
  1.4837e+06   1.55e-23
  1.5303e+06   1.48e-23
  1.5784e+06   1.42e-23
  1.6281e+06   1.36e-23
  1.6793e+06   1.30e-23
  1.7321e+06   1.24e-23
  1.7865e+06   1.19e-23
  1.8427e+06   1.14e-23
  1.9006e+06   1.09e-23
  1.9604e+06   1.04e-23
  2.0221e+06   9.94e-24
  2.0856e+06   9.49e-24
  2.1512e+06   9.06e-24
  2.2189e+06   8.64e-24
  2.2886e+06   8.24e-24
  2.3606e+06   7.85e-24
  2.4348e+06   7.47e-24
  2.5114e+06   7.11e-24
  2.5904e+06   6.76e-24
  2.6718e+06   6.41e-24
  2.7558e+06   6.07e-24
  2.8425e+06   5.75e-24
  2.9319e+06   5.44e-24
  3.0241e+06   5.13e-24
  3.1192e+06   4.83e-24
  3.2173e+06   4.55e-24
  3.3184e+06   4.28e-24
  3.4228e+06   4.01e-24
  3.5304e+06   3.75e-24
  3.6414e+06   3.51e-24
  3.7559e+06   3.27e-24
  3.8740e+06   3.04e-24
  3.9958e+06   2.83e-24
  4.1215e+06   2.62e-24
  4.2511e+06   2.42e-24
  4.3848e+06   2.23e-24
  4.5227e+06   2.05e-24
  4.6649e+06   1.88e-24
  4.8116e+06   1.72e-24
  4.9629e+06   1.57e-24
  5.1189e+06   1.42e-24
  5.2799e+06   1.29e-24
  5.4459e+06   1.16e-24
  5.6171e+06   1.04e-24
  5.7938e+06   9.25e-25
  5.9760e+06   8.22e-25
  6.1639e+06   7.27e-25
  6.3577e+06   6.39e-25
  6.5576e+06   5.59e-25
  6.7638e+06   4.87e-25
  6.9765e+06   4.21e-25
  7.1959e+06   3.62e-25
  7.4222e+06   3.09e-25
  7.6556e+06   2.63e-25
  7.8963e+06   2.22e-25
  8.1446e+06   1.86e-25
  8.4007e+06   1.55e-25
  8.6649e+06   1.28e-25
  8.9373e+06   1.04e-25
  9.2184e+06   8.36e-26
  9.5082e+06   6.74e-26
  9.8072e+06   5.37e-26
  1.0116e+07   4.21e-26
  1.0434e+07   3.25e-26
  1.0762e+07   2.53e-26
  1.1100e+07   1.94e-26
  1.1449e+07   1.45e-26
  1.1809e+07   1.09e-26
  1.2181e+07   8.16e-27
  1.2564e+07   6.01e-27
  1.2959e+07   4.32e-27
  1.3366e+07   3.17e-27
  1.3786e+07   2.31e-27
  1.4220e+07   1.65e-27
