#  E [GeV]   # per interaction  [GeV^{-1}]
  3.0000e+01   2.63e-01
  3.0696e+01   2.55e-01
  3.1408e+01   2.46e-01
  3.2137e+01   2.38e-01
  3.2883e+01   2.30e-01
  3.3646e+01   2.23e-01
  3.4426e+01   2.16e-01
  3.5225e+01   2.08e-01
  3.6042e+01   2.01e-01
  3.6878e+01   1.95e-01
  3.7734e+01   1.88e-01
  3.8609e+01   1.82e-01
  3.9505e+01   1.75e-01
  4.0422e+01   1.69e-01
  4.1360e+01   1.63e-01
  4.2319e+01   1.58e-01
  4.3301e+01   1.52e-01
  4.4306e+01   1.47e-01
  4.5334e+01   1.42e-01
  4.6386e+01   1.37e-01
  4.7462e+01   1.32e-01
  4.8563e+01   1.27e-01
  4.9690e+01   1.22e-01
  5.0843e+01   1.18e-01
  5.2022e+01   1.14e-01
  5.3229e+01   1.10e-01
  5.4464e+01   1.06e-01
  5.5728e+01   1.02e-01
  5.7021e+01   9.80e-02
  5.8344e+01   9.43e-02
  5.9697e+01   9.08e-02
  6.1083e+01   8.74e-02
  6.2500e+01   8.41e-02
  6.3950e+01   8.09e-02
  6.5434e+01   7.78e-02
  6.6952e+01   7.49e-02
  6.8505e+01   7.20e-02
  7.0095e+01   6.92e-02
  7.1721e+01   6.65e-02
  7.3385e+01   6.39e-02
  7.5088e+01   6.14e-02
  7.6830e+01   5.89e-02
  7.8612e+01   5.65e-02
  8.0436e+01   5.43e-02
  8.2302e+01   5.21e-02
  8.4212e+01   5.00e-02
  8.6166e+01   4.79e-02
  8.8165e+01   4.60e-02
  9.0210e+01   4.41e-02
  9.2304e+01   4.23e-02
  9.4445e+01   4.05e-02
  9.6636e+01   3.88e-02
  9.8878e+01   3.72e-02
  1.0117e+02   3.56e-02
  1.0352e+02   3.41e-02
  1.0592e+02   3.26e-02
  1.0838e+02   3.12e-02
  1.1089e+02   2.98e-02
  1.1347e+02   2.86e-02
  1.1610e+02   2.73e-02
  1.1879e+02   2.61e-02
  1.2155e+02   2.50e-02
  1.2437e+02   2.38e-02
  1.2725e+02   2.28e-02
  1.3021e+02   2.18e-02
  1.3323e+02   2.08e-02
  1.3632e+02   1.98e-02
  1.3948e+02   1.89e-02
  1.4272e+02   1.80e-02
  1.4603e+02   1.72e-02
  1.4942e+02   1.64e-02
  1.5288e+02   1.56e-02
  1.5643e+02   1.49e-02
  1.6006e+02   1.42e-02
  1.6377e+02   1.35e-02
  1.6757e+02   1.29e-02
  1.7146e+02   1.22e-02
  1.7544e+02   1.16e-02
  1.7951e+02   1.11e-02
  1.8368e+02   1.05e-02
  1.8794e+02   9.99e-03
  1.9230e+02   9.49e-03
  1.9676e+02   9.00e-03
  2.0132e+02   8.55e-03
  2.0600e+02   8.12e-03
  2.1078e+02   7.71e-03
  2.1567e+02   7.30e-03
  2.2067e+02   6.92e-03
  2.2579e+02   6.56e-03
  2.3103e+02   6.22e-03
  2.3639e+02   5.89e-03
  2.4187e+02   5.57e-03
  2.4748e+02   5.27e-03
  2.5323e+02   4.98e-03
  2.5910e+02   4.72e-03
  2.6511e+02   4.46e-03
  2.7126e+02   4.21e-03
  2.7756e+02   3.97e-03
  2.8400e+02   3.75e-03
  2.9059e+02   3.54e-03
  2.9733e+02   3.34e-03
  3.0423e+02   3.15e-03
  3.1129e+02   2.96e-03
  3.1851e+02   2.79e-03
  3.2590e+02   2.63e-03
  3.3346e+02   2.47e-03
  3.4120e+02   2.32e-03
  3.4911e+02   2.18e-03
  3.5721e+02   2.05e-03
  3.6550e+02   1.93e-03
  3.7398e+02   1.81e-03
  3.8266e+02   1.70e-03
  3.9154e+02   1.59e-03
  4.0062e+02   1.49e-03
  4.0991e+02   1.40e-03
  4.1943e+02   1.31e-03
  4.2916e+02   1.22e-03
  4.3911e+02   1.14e-03
  4.4930e+02   1.07e-03
  4.5973e+02   9.99e-04
  4.7039e+02   9.33e-04
  4.8131e+02   8.70e-04
  4.9247e+02   8.10e-04
  5.0390e+02   7.55e-04
  5.1559e+02   7.04e-04
  5.2755e+02   6.56e-04
  5.3979e+02   6.10e-04
  5.5232e+02   5.66e-04
  5.6513e+02   5.26e-04
  5.7824e+02   4.89e-04
  5.9166e+02   4.54e-04
  6.0539e+02   4.20e-04
  6.1943e+02   3.88e-04
  6.3381e+02   3.59e-04
  6.4851e+02   3.33e-04
  6.6356e+02   3.08e-04
  6.7895e+02   2.85e-04
  6.9471e+02   2.62e-04
  7.1082e+02   2.41e-04
  7.2732e+02   2.23e-04
  7.4419e+02   2.06e-04
  7.6146e+02   1.89e-04
  7.7912e+02   1.74e-04
  7.9720e+02   1.59e-04
  8.1570e+02   1.47e-04
  8.3462e+02   1.35e-04
  8.5399e+02   1.24e-04
  8.7380e+02   1.13e-04
  8.9407e+02   1.03e-04
  9.1482e+02   9.49e-05
  9.3604e+02   8.69e-05
  9.5776e+02   7.92e-05
  9.7998e+02   7.19e-05
  1.0027e+03   6.54e-05
  1.0260e+03   5.99e-05
  1.0498e+03   5.47e-05
  1.0741e+03   4.96e-05
  1.0991e+03   4.48e-05
  1.1246e+03   4.06e-05
  1.1507e+03   3.70e-05
  1.1774e+03   3.36e-05
  1.2047e+03   3.03e-05
  1.2326e+03   2.72e-05
  1.2612e+03   2.45e-05
  1.2905e+03   2.22e-05
  1.3204e+03   2.01e-05
  1.3511e+03   1.81e-05
  1.3824e+03   1.61e-05
  1.4145e+03   1.44e-05
  1.4473e+03   1.30e-05
  1.4809e+03   1.17e-05
  1.5152e+03   1.05e-05
  1.5504e+03   9.29e-06
  1.5864e+03   8.25e-06
  1.6232e+03   7.45e-06
  1.6608e+03   6.68e-06
  1.6994e+03   5.94e-06
  1.7388e+03   5.24e-06
  1.7791e+03   4.62e-06
  1.8204e+03   4.15e-06
  1.8626e+03   3.71e-06
  1.9059e+03   3.28e-06
  1.9501e+03   2.87e-06
  1.9953e+03   2.51e-06
  2.0416e+03   2.25e-06
  2.0890e+03   1.99e-06
  2.1375e+03   1.75e-06
  2.1870e+03   1.52e-06
  2.2378e+03   1.31e-06
  2.2897e+03   1.17e-06
  2.3428e+03   1.03e-06
  2.3972e+03   8.95e-07
  2.4528e+03   7.67e-07
  2.5097e+03   6.54e-07
  2.5680e+03   5.72e-07
  2.6275e+03   4.94e-07
  2.6885e+03   4.20e-07
  2.7509e+03   3.48e-07
  2.8147e+03   2.87e-07
  2.8800e+03   2.50e-07
