#  E [GeV]   # per interaction  [GeV^{-1}]
  3.0000e+01   1.30e-01
  3.0517e+01   1.25e-01
  3.1043e+01   1.21e-01
  3.1578e+01   1.16e-01
  3.2123e+01   1.12e-01
  3.2676e+01   1.08e-01
  3.3240e+01   1.04e-01
  3.3813e+01   1.00e-01
  3.4396e+01   9.68e-02
  3.4989e+01   9.32e-02
  3.5592e+01   8.97e-02
  3.6205e+01   8.64e-02
  3.6829e+01   8.31e-02
  3.7464e+01   8.01e-02
  3.8110e+01   7.71e-02
  3.8767e+01   7.42e-02
  3.9435e+01   7.13e-02
  4.0115e+01   6.86e-02
  4.0807e+01   6.59e-02
  4.1510e+01   6.33e-02
  4.2226e+01   6.09e-02
  4.2953e+01   5.85e-02
  4.3694e+01   5.62e-02
  4.4447e+01   5.39e-02
  4.5213e+01   5.17e-02
  4.5993e+01   4.96e-02
  4.6786e+01   4.76e-02
  4.7592e+01   4.57e-02
  4.8412e+01   4.39e-02
  4.9247e+01   4.21e-02
  5.0096e+01   4.03e-02
  5.0960e+01   3.86e-02
  5.1838e+01   3.69e-02
  5.2732e+01   3.54e-02
  5.3641e+01   3.39e-02
  5.4565e+01   3.25e-02
  5.5506e+01   3.11e-02
  5.6463e+01   2.97e-02
  5.7436e+01   2.84e-02
  5.8426e+01   2.72e-02
  5.9433e+01   2.60e-02
  6.0458e+01   2.49e-02
  6.1500e+01   2.38e-02
  6.2560e+01   2.27e-02
  6.3639e+01   2.17e-02
  6.4736e+01   2.07e-02
  6.5852e+01   1.97e-02
  6.6987e+01   1.89e-02
  6.8142e+01   1.80e-02
  6.9316e+01   1.72e-02
  7.0511e+01   1.64e-02
  7.1727e+01   1.56e-02
  7.2963e+01   1.48e-02
  7.4221e+01   1.42e-02
  7.5500e+01   1.35e-02
  7.6802e+01   1.29e-02
  7.8126e+01   1.23e-02
  7.9472e+01   1.17e-02
  8.0842e+01   1.11e-02
  8.2236e+01   1.05e-02
  8.3654e+01   1.00e-02
  8.5096e+01   9.54e-03
  8.6563e+01   9.07e-03
  8.8055e+01   8.61e-03
  8.9573e+01   8.17e-03
  9.1117e+01   7.73e-03
  9.2687e+01   7.34e-03
  9.4285e+01   6.97e-03
  9.5911e+01   6.62e-03
  9.7564e+01   6.28e-03
  9.9246e+01   5.95e-03
  1.0096e+02   5.63e-03
  1.0270e+02   5.32e-03
  1.0447e+02   5.04e-03
  1.0627e+02   4.78e-03
  1.0810e+02   4.53e-03
  1.0996e+02   4.29e-03
  1.1186e+02   4.05e-03
  1.1379e+02   3.82e-03
  1.1575e+02   3.60e-03
  1.1774e+02   3.41e-03
  1.1977e+02   3.23e-03
  1.2184e+02   3.05e-03
  1.2394e+02   2.88e-03
  1.2608e+02   2.71e-03
  1.2825e+02   2.55e-03
  1.3046e+02   2.40e-03
  1.3271e+02   2.27e-03
  1.3500e+02   2.14e-03
  1.3732e+02   2.02e-03
  1.3969e+02   1.90e-03
  1.4210e+02   1.79e-03
  1.4455e+02   1.68e-03
  1.4704e+02   1.58e-03
  1.4957e+02   1.49e-03
  1.5215e+02   1.40e-03
  1.5478e+02   1.32e-03
  1.5744e+02   1.23e-03
  1.6016e+02   1.16e-03
  1.6292e+02   1.08e-03
  1.6573e+02   1.02e-03
  1.6858e+02   9.55e-04
  1.7149e+02   8.96e-04
  1.7445e+02   8.40e-04
  1.7745e+02   7.85e-04
  1.8051e+02   7.32e-04
  1.8362e+02   6.81e-04
  1.8679e+02   6.40e-04
  1.9001e+02   6.00e-04
  1.9328e+02   5.62e-04
  1.9662e+02   5.25e-04
  2.0001e+02   4.89e-04
  2.0345e+02   4.54e-04
  2.0696e+02   4.22e-04
  2.1053e+02   3.96e-04
  2.1416e+02   3.70e-04
  2.1785e+02   3.45e-04
  2.2160e+02   3.21e-04
  2.2543e+02   2.98e-04
  2.2931e+02   2.75e-04
  2.3326e+02   2.56e-04
  2.3729e+02   2.40e-04
  2.4138e+02   2.23e-04
  2.4554e+02   2.08e-04
  2.4977e+02   1.92e-04
  2.5407e+02   1.78e-04
  2.5845e+02   1.64e-04
  2.6291e+02   1.53e-04
  2.6744e+02   1.42e-04
  2.7205e+02   1.32e-04
  2.7674e+02   1.22e-04
  2.8151e+02   1.13e-04
  2.8637e+02   1.04e-04
  2.9130e+02   9.56e-05
  2.9632e+02   8.91e-05
  3.0143e+02   8.28e-05
  3.0663e+02   7.67e-05
  3.1191e+02   7.08e-05
  3.1729e+02   6.52e-05
  3.2276e+02   5.97e-05
  3.2832e+02   5.50e-05
  3.3398e+02   5.11e-05
  3.3974e+02   4.74e-05
  3.4560e+02   4.38e-05
  3.5155e+02   4.03e-05
  3.5761e+02   3.70e-05
  3.6378e+02   3.38e-05
  3.7005e+02   3.13e-05
  3.7643e+02   2.90e-05
  3.8292e+02   2.69e-05
  3.8952e+02   2.49e-05
  3.9623e+02   2.29e-05
  4.0306e+02   2.10e-05
  4.1001e+02   1.92e-05
  4.1708e+02   1.79e-05
  4.2427e+02   1.66e-05
  4.3158e+02   1.54e-05
  4.3902e+02   1.42e-05
  4.4659e+02   1.31e-05
  4.5429e+02   1.20e-05
  4.6212e+02   1.11e-05
  4.7009e+02   1.03e-05
  4.7819e+02   9.57e-06
  4.8643e+02   8.88e-06
  4.9482e+02   8.21e-06
  5.0335e+02   7.57e-06
  5.1203e+02   6.96e-06
  5.2085e+02   6.44e-06
  5.2983e+02   6.00e-06
  5.3897e+02   5.59e-06
  5.4826e+02   5.19e-06
  5.5771e+02   4.81e-06
  5.6732e+02   4.45e-06
  5.7710e+02   4.10e-06
  5.8705e+02   3.81e-06
  5.9717e+02   3.55e-06
  6.0746e+02   3.31e-06
  6.1793e+02   3.07e-06
  6.2859e+02   2.84e-06
  6.3942e+02   2.63e-06
  6.5045e+02   2.42e-06
  6.6166e+02   2.25e-06
  6.7306e+02   2.09e-06
  6.8467e+02   1.94e-06
  6.9647e+02   1.79e-06
  7.0847e+02   1.65e-06
  7.2069e+02   1.51e-06
  7.3311e+02   1.39e-06
  7.4575e+02   1.27e-06
  7.5860e+02   1.16e-06
  7.7168e+02   1.06e-06
  7.8498e+02   9.64e-07
  7.9852e+02   8.71e-07
  8.1228e+02   7.83e-07
  8.2628e+02   7.12e-07
  8.4053e+02   6.57e-07
  8.5502e+02   6.05e-07
  8.6976e+02   5.55e-07
  8.8475e+02   5.07e-07
  9.0000e+02   4.62e-07
