#  E [MeV]   Flux [# cm^{-2} s^{-1}  MeV^{-1}]
  3.0000e+04   2.70e-21
  3.0854e+04   2.61e-21
  3.1733e+04   2.51e-21
  3.2636e+04   2.42e-21
  3.3566e+04   2.33e-21
  3.4521e+04   2.25e-21
  3.5504e+04   2.16e-21
  3.6515e+04   2.09e-21
  3.7555e+04   2.01e-21
  3.8625e+04   1.93e-21
  3.9724e+04   1.86e-21
  4.0855e+04   1.79e-21
  4.2019e+04   1.73e-21
  4.3215e+04   1.66e-21
  4.4446e+04   1.60e-21
  4.5711e+04   1.54e-21
  4.7013e+04   1.48e-21
  4.8352e+04   1.42e-21
  4.9728e+04   1.37e-21
  5.1144e+04   1.32e-21
  5.2601e+04   1.27e-21
  5.4099e+04   1.22e-21
  5.5639e+04   1.17e-21
  5.7223e+04   1.12e-21
  5.8853e+04   1.08e-21
  6.0528e+04   1.04e-21
  6.2252e+04   9.97e-22
  6.4025e+04   9.58e-22
  6.5848e+04   9.20e-22
  6.7723e+04   8.84e-22
  6.9651e+04   8.49e-22
  7.1634e+04   8.15e-22
  7.3674e+04   7.82e-22
  7.5772e+04   7.51e-22
  7.7929e+04   7.21e-22
  8.0148e+04   6.92e-22
  8.2431e+04   6.64e-22
  8.4778e+04   6.37e-22
  8.7192e+04   6.11e-22
  8.9674e+04   5.86e-22
  9.2228e+04   5.62e-22
  9.4854e+04   5.39e-22
  9.7555e+04   5.17e-22
  1.0033e+05   4.96e-22
  1.0319e+05   4.76e-22
  1.0613e+05   4.56e-22
  1.0915e+05   4.37e-22
  1.1226e+05   4.19e-22
  1.1545e+05   4.02e-22
  1.1874e+05   3.85e-22
  1.2212e+05   3.69e-22
  1.2560e+05   3.54e-22
  1.2918e+05   3.39e-22
  1.3286e+05   3.25e-22
  1.3664e+05   3.11e-22
  1.4053e+05   2.98e-22
  1.4453e+05   2.85e-22
  1.4865e+05   2.73e-22
  1.5288e+05   2.62e-22
  1.5723e+05   2.50e-22
  1.6171e+05   2.40e-22
  1.6631e+05   2.30e-22
  1.7105e+05   2.20e-22
  1.7592e+05   2.10e-22
  1.8093e+05   2.01e-22
  1.8608e+05   1.93e-22
  1.9138e+05   1.84e-22
  1.9683e+05   1.76e-22
  2.0243e+05   1.69e-22
  2.0820e+05   1.61e-22
  2.1413e+05   1.54e-22
  2.2022e+05   1.47e-22
  2.2649e+05   1.41e-22
  2.3294e+05   1.35e-22
  2.3958e+05   1.29e-22
  2.4640e+05   1.23e-22
  2.5341e+05   1.18e-22
  2.6063e+05   1.12e-22
  2.6805e+05   1.07e-22
  2.7568e+05   1.03e-22
  2.8353e+05   9.80e-23
  2.9161e+05   9.35e-23
  2.9991e+05   8.93e-23
  3.0845e+05   8.53e-23
  3.1723e+05   8.14e-23
  3.2627e+05   7.77e-23
  3.3556e+05   7.42e-23
  3.4511e+05   7.08e-23
  3.5494e+05   6.76e-23
  3.6504e+05   6.45e-23
  3.7544e+05   6.15e-23
  3.8613e+05   5.87e-23
  3.9712e+05   5.60e-23
  4.0843e+05   5.34e-23
  4.2006e+05   5.09e-23
  4.3202e+05   4.85e-23
  4.4432e+05   4.63e-23
  4.5698e+05   4.41e-23
  4.6999e+05   4.20e-23
  4.8337e+05   4.00e-23
  4.9713e+05   3.82e-23
  5.1129e+05   3.64e-23
  5.2585e+05   3.46e-23
  5.4082e+05   3.30e-23
  5.5622e+05   3.14e-23
  5.7206e+05   3.00e-23
  5.8835e+05   2.85e-23
  6.0510e+05   2.72e-23
  6.2233e+05   2.59e-23
  6.4005e+05   2.47e-23
  6.5828e+05   2.35e-23
  6.7702e+05   2.24e-23
  6.9630e+05   2.13e-23
  7.1613e+05   2.03e-23
  7.3652e+05   1.93e-23
  7.5749e+05   1.84e-23
  7.7906e+05   1.76e-23
  8.0124e+05   1.67e-23
  8.2406e+05   1.59e-23
  8.4752e+05   1.52e-23
  8.7165e+05   1.45e-23
  8.9647e+05   1.38e-23
  9.2200e+05   1.31e-23
  9.4825e+05   1.25e-23
  9.7526e+05   1.20e-23
  1.0030e+06   1.14e-23
  1.0316e+06   1.09e-23
  1.0610e+06   1.04e-23
  1.0912e+06   9.94e-24
  1.1222e+06   9.49e-24
  1.1542e+06   9.07e-24
  1.1871e+06   8.67e-24
  1.2209e+06   8.28e-24
  1.2556e+06   7.92e-24
  1.2914e+06   7.57e-24
  1.3281e+06   7.24e-24
  1.3660e+06   6.92e-24
  1.4049e+06   6.63e-24
  1.4449e+06   6.34e-24
  1.4860e+06   6.07e-24
  1.5283e+06   5.81e-24
  1.5718e+06   5.56e-24
  1.6166e+06   5.33e-24
  1.6626e+06   5.10e-24
  1.7100e+06   4.89e-24
  1.7587e+06   4.69e-24
  1.8087e+06   4.49e-24
  1.8602e+06   4.31e-24
  1.9132e+06   4.13e-24
  1.9677e+06   3.96e-24
  2.0237e+06   3.79e-24
  2.0813e+06   3.64e-24
  2.1406e+06   3.49e-24
  2.2016e+06   3.34e-24
  2.2642e+06   3.20e-24
  2.3287e+06   3.07e-24
  2.3950e+06   2.94e-24
  2.4632e+06   2.81e-24
  2.5334e+06   2.70e-24
  2.6055e+06   2.58e-24
  2.6797e+06   2.47e-24
  2.7560e+06   2.36e-24
  2.8345e+06   2.26e-24
  2.9152e+06   2.16e-24
  2.9982e+06   2.07e-24
  3.0836e+06   1.98e-24
  3.1714e+06   1.89e-24
  3.2617e+06   1.80e-24
  3.3545e+06   1.72e-24
  3.4501e+06   1.64e-24
  3.5483e+06   1.56e-24
  3.6493e+06   1.49e-24
  3.7532e+06   1.42e-24
  3.8601e+06   1.35e-24
  3.9700e+06   1.29e-24
  4.0831e+06   1.22e-24
  4.1993e+06   1.16e-24
  4.3189e+06   1.11e-24
  4.4419e+06   1.05e-24
  4.5684e+06   9.95e-25
  4.6985e+06   9.42e-25
  4.8322e+06   8.92e-25
  4.9698e+06   8.44e-25
  5.1114e+06   7.98e-25
  5.2569e+06   7.54e-25
  5.4066e+06   7.11e-25
  5.5605e+06   6.70e-25
  5.7189e+06   6.31e-25
  5.8817e+06   5.94e-25
  6.0492e+06   5.58e-25
  6.2214e+06   5.23e-25
  6.3986e+06   4.89e-25
  6.5808e+06   4.58e-25
  6.7682e+06   4.27e-25
  6.9609e+06   3.97e-25
  7.1591e+06   3.69e-25
  7.3630e+06   3.42e-25
  7.5726e+06   3.16e-25
  7.7882e+06   2.93e-25
  8.0100e+06   2.72e-25
