#  E [MeV]   Flux [# cm^{-2} s^{-1}  MeV^{-1}]
  3.0000e+04   2.71e-20
  3.1123e+04   2.59e-20
  3.2288e+04   2.48e-20
  3.3497e+04   2.37e-20
  3.4751e+04   2.27e-20
  3.6051e+04   2.17e-20
  3.7401e+04   2.07e-20
  3.8801e+04   1.98e-20
  4.0253e+04   1.89e-20
  4.1760e+04   1.81e-20
  4.3324e+04   1.73e-20
  4.4945e+04   1.65e-20
  4.6628e+04   1.57e-20
  4.8373e+04   1.50e-20
  5.0184e+04   1.43e-20
  5.2063e+04   1.37e-20
  5.4011e+04   1.30e-20
  5.6033e+04   1.24e-20
  5.8131e+04   1.19e-20
  6.0307e+04   1.13e-20
  6.2564e+04   1.08e-20
  6.4906e+04   1.03e-20
  6.7336e+04   9.80e-21
  6.9857e+04   9.33e-21
  7.2472e+04   8.89e-21
  7.5184e+04   8.47e-21
  7.7999e+04   8.06e-21
  8.0919e+04   7.67e-21
  8.3948e+04   7.30e-21
  8.7090e+04   6.95e-21
  9.0350e+04   6.61e-21
  9.3732e+04   6.29e-21
  9.7241e+04   5.98e-21
  1.0088e+05   5.68e-21
  1.0466e+05   5.40e-21
  1.0858e+05   5.13e-21
  1.1264e+05   4.88e-21
  1.1686e+05   4.63e-21
  1.2123e+05   4.40e-21
  1.2577e+05   4.17e-21
  1.3048e+05   3.96e-21
  1.3536e+05   3.75e-21
  1.4043e+05   3.56e-21
  1.4568e+05   3.37e-21
  1.5114e+05   3.20e-21
  1.5680e+05   3.03e-21
  1.6266e+05   2.87e-21
  1.6875e+05   2.71e-21
  1.7507e+05   2.57e-21
  1.8162e+05   2.43e-21
  1.8842e+05   2.29e-21
  1.9548e+05   2.16e-21
  2.0279e+05   2.04e-21
  2.1039e+05   1.93e-21
  2.1826e+05   1.82e-21
  2.2643e+05   1.71e-21
  2.3491e+05   1.61e-21
  2.4370e+05   1.52e-21
  2.5282e+05   1.43e-21
  2.6229e+05   1.34e-21
  2.7211e+05   1.26e-21
  2.8229e+05   1.18e-21
  2.9286e+05   1.11e-21
  3.0382e+05   1.04e-21
  3.1519e+05   9.73e-22
  3.2699e+05   9.10e-22
  3.3923e+05   8.51e-22
  3.5193e+05   7.94e-22
  3.6511e+05   7.41e-22
  3.7877e+05   6.91e-22
  3.9295e+05   6.43e-22
  4.0766e+05   5.98e-22
  4.2292e+05   5.56e-22
  4.3875e+05   5.17e-22
  4.5518e+05   4.79e-22
  4.7222e+05   4.44e-22
  4.8989e+05   4.12e-22
  5.0823e+05   3.81e-22
  5.2726e+05   3.52e-22
  5.4699e+05   3.26e-22
  5.6747e+05   3.01e-22
  5.8871e+05   2.77e-22
  6.1075e+05   2.56e-22
  6.3361e+05   2.36e-22
  6.5733e+05   2.17e-22
  6.8194e+05   2.00e-22
  7.0746e+05   1.84e-22
  7.3395e+05   1.69e-22
  7.6142e+05   1.55e-22
  7.8992e+05   1.42e-22
  8.1949e+05   1.31e-22
  8.5017e+05   1.20e-22
  8.8199e+05   1.10e-22
  9.1501e+05   1.01e-22
  9.4926e+05   9.23e-23
  9.8479e+05   8.46e-23
  1.0217e+06   7.74e-23
  1.0599e+06   7.08e-23
  1.0996e+06   6.48e-23
  1.1407e+06   5.93e-23
  1.1834e+06   5.42e-23
  1.2277e+06   4.95e-23
  1.2737e+06   4.53e-23
  1.3214e+06   4.13e-23
  1.3708e+06   3.77e-23
  1.4222e+06   3.45e-23
  1.4754e+06   3.14e-23
  1.5306e+06   2.87e-23
  1.5879e+06   2.62e-23
  1.6474e+06   2.38e-23
  1.7090e+06   2.17e-23
  1.7730e+06   1.98e-23
  1.8394e+06   1.80e-23
  1.9082e+06   1.63e-23
  1.9797e+06   1.49e-23
  2.0538e+06   1.35e-23
  2.1306e+06   1.22e-23
  2.2104e+06   1.11e-23
  2.2931e+06   1.01e-23
  2.3790e+06   9.09e-24
  2.4680e+06   8.23e-24
  2.5604e+06   7.44e-24
  2.6563e+06   6.69e-24
  2.7557e+06   6.04e-24
  2.8589e+06   5.44e-24
  2.9659e+06   4.88e-24
  3.0769e+06   4.38e-24
  3.1921e+06   3.93e-24
  3.3116e+06   3.51e-24
  3.4355e+06   3.14e-24
  3.5641e+06   2.80e-24
  3.6976e+06   2.49e-24
  3.8360e+06   2.21e-24
  3.9796e+06   1.96e-24
  4.1285e+06   1.73e-24
  4.2831e+06   1.53e-24
  4.4434e+06   1.35e-24
  4.6097e+06   1.18e-24
  4.7823e+06   1.04e-24
  4.9613e+06   9.08e-25
  5.1470e+06   7.91e-25
  5.3397e+06   6.84e-25
  5.5396e+06   5.96e-25
  5.7470e+06   5.15e-25
  5.9621e+06   4.40e-25
  6.1853e+06   3.80e-25
  6.4168e+06   3.25e-25
  6.6570e+06   2.75e-25
  6.9062e+06   2.35e-25
  7.1647e+06   1.99e-25
  7.4329e+06   1.67e-25
  7.7112e+06   1.40e-25
  7.9998e+06   1.17e-25
  8.2993e+06   9.66e-26
  8.6100e+06   7.97e-26
  8.9323e+06   6.56e-26
  9.2666e+06   5.31e-26
  9.6135e+06   4.29e-26
  9.9734e+06   3.46e-26
  1.0347e+07   2.75e-26
  1.0734e+07   2.17e-26
  1.1136e+07   1.71e-26
  1.1553e+07   1.32e-26
  1.1985e+07   1.01e-26
  1.2434e+07   7.71e-27
  1.2899e+07   5.77e-27
  1.3382e+07   4.22e-27
  1.3883e+07   3.10e-27
  1.4403e+07   2.22e-27
  1.4942e+07   1.54e-27
  1.5501e+07   1.06e-27
  1.6081e+07   7.14e-28
  1.6683e+07   4.62e-28
  1.7308e+07   2.94e-28
  1.7956e+07   1.80e-28
  1.8628e+07   1.05e-28
  1.9325e+07   5.93e-29
  2.0049e+07   3.18e-29
  2.0799e+07   1.59e-29
  2.1578e+07   7.49e-30
  2.2386e+07   3.26e-30
  2.3224e+07   1.28e-30
  2.4093e+07   4.52e-31
  2.4995e+07   1.41e-31
  2.5930e+07   3.76e-32
  2.6901e+07   8.38e-33
  2.7908e+07   1.52e-33
  2.8953e+07   2.15e-34
  3.0037e+07   2.24e-35
  3.1161e+07   1.64e-36
  3.2327e+07   7.81e-38
  3.3537e+07   2.19e-39
  3.4793e+07   3.24e-41
  3.6095e+07   2.19e-43
  3.7446e+07   5.65e-46
  3.8848e+07   4.40e-49
  4.0302e+07   7.69e-53
  4.1811e+07   2.06e-57
  4.3376e+07   5.23e-63
  4.5000e+07   3.05e-67
