#  E [GeV]   # per interaction  [GeV^{-1}]
  3.0000e+01   5.21e-01
  3.1123e+01   5.01e-01
  3.2288e+01   4.81e-01
  3.3497e+01   4.63e-01
  3.4751e+01   4.44e-01
  3.6051e+01   4.27e-01
  3.7401e+01   4.10e-01
  3.8801e+01   3.94e-01
  4.0253e+01   3.78e-01
  4.1760e+01   3.63e-01
  4.3324e+01   3.49e-01
  4.4945e+01   3.35e-01
  4.6628e+01   3.21e-01
  4.8373e+01   3.08e-01
  5.0184e+01   2.96e-01
  5.2063e+01   2.84e-01
  5.4011e+01   2.73e-01
  5.6033e+01   2.62e-01
  5.8131e+01   2.51e-01
  6.0307e+01   2.41e-01
  6.2564e+01   2.31e-01
  6.4906e+01   2.21e-01
  6.7336e+01   2.12e-01
  6.9857e+01   2.03e-01
  7.2472e+01   1.95e-01
  7.5184e+01   1.87e-01
  7.7999e+01   1.79e-01
  8.0919e+01   1.72e-01
  8.3948e+01   1.64e-01
  8.7090e+01   1.57e-01
  9.0350e+01   1.51e-01
  9.3732e+01   1.44e-01
  9.7241e+01   1.38e-01
  1.0088e+02   1.32e-01
  1.0466e+02   1.26e-01
  1.0858e+02   1.21e-01
  1.1264e+02   1.16e-01
  1.1686e+02   1.10e-01
  1.2123e+02   1.06e-01
  1.2577e+02   1.01e-01
  1.3048e+02   9.63e-02
  1.3536e+02   9.19e-02
  1.4043e+02   8.77e-02
  1.4568e+02   8.36e-02
  1.5114e+02   7.98e-02
  1.5680e+02   7.60e-02
  1.6266e+02   7.24e-02
  1.6875e+02   6.90e-02
  1.7507e+02   6.57e-02
  1.8162e+02   6.25e-02
  1.8842e+02   5.94e-02
  1.9548e+02   5.65e-02
  2.0279e+02   5.37e-02
  2.1039e+02   5.10e-02
  2.1826e+02   4.84e-02
  2.2643e+02   4.59e-02
  2.3491e+02   4.35e-02
  2.4370e+02   4.12e-02
  2.5282e+02   3.90e-02
  2.6229e+02   3.69e-02
  2.7211e+02   3.49e-02
  2.8229e+02   3.30e-02
  2.9286e+02   3.12e-02
  3.0382e+02   2.94e-02
  3.1519e+02   2.77e-02
  3.2699e+02   2.61e-02
  3.3923e+02   2.46e-02
  3.5193e+02   2.31e-02
  3.6511e+02   2.17e-02
  3.7877e+02   2.04e-02
  3.9295e+02   1.91e-02
  4.0766e+02   1.79e-02
  4.2292e+02   1.68e-02
  4.3875e+02   1.57e-02
  4.5518e+02   1.47e-02
  4.7222e+02   1.38e-02
  4.8989e+02   1.28e-02
  5.0823e+02   1.20e-02
  5.2726e+02   1.12e-02
  5.4699e+02   1.04e-02
  5.6747e+02   9.69e-03
  5.8871e+02   9.02e-03
  6.1075e+02   8.38e-03
  6.3361e+02   7.79e-03
  6.5733e+02   7.23e-03
  6.8194e+02   6.71e-03
  7.0746e+02   6.22e-03
  7.3395e+02   5.77e-03
  7.6142e+02   5.34e-03
  7.8992e+02   4.95e-03
  8.1949e+02   4.58e-03
  8.5017e+02   4.24e-03
  8.8199e+02   3.93e-03
  9.1501e+02   3.63e-03
  9.4926e+02   3.36e-03
  9.8479e+02   3.10e-03
  1.0217e+03   2.87e-03
  1.0599e+03   2.65e-03
  1.0996e+03   2.45e-03
  1.1407e+03   2.26e-03
  1.1834e+03   2.09e-03
  1.2277e+03   1.93e-03
  1.2737e+03   1.78e-03
  1.3214e+03   1.64e-03
  1.3708e+03   1.51e-03
  1.4222e+03   1.40e-03
  1.4754e+03   1.29e-03
  1.5306e+03   1.19e-03
  1.5879e+03   1.09e-03
  1.6474e+03   1.01e-03
  1.7090e+03   9.29e-04
  1.7730e+03   8.56e-04
  1.8394e+03   7.89e-04
  1.9082e+03   7.25e-04
  1.9797e+03   6.68e-04
  2.0538e+03   6.15e-04
  2.1306e+03   5.65e-04
  2.2104e+03   5.19e-04
  2.2931e+03   4.77e-04
  2.3790e+03   4.37e-04
  2.4680e+03   4.01e-04
  2.5604e+03   3.67e-04
  2.6563e+03   3.36e-04
  2.7557e+03   3.08e-04
  2.8589e+03   2.81e-04
  2.9659e+03   2.57e-04
  3.0769e+03   2.34e-04
  3.1921e+03   2.14e-04
  3.3116e+03   1.94e-04
  3.4355e+03   1.77e-04
  3.5641e+03   1.60e-04
  3.6976e+03   1.45e-04
  3.8360e+03   1.32e-04
  3.9796e+03   1.19e-04
  4.1285e+03   1.07e-04
  4.2831e+03   9.66e-05
  4.4434e+03   8.70e-05
  4.6097e+03   7.80e-05
  4.7823e+03   6.97e-05
  4.9613e+03   6.24e-05
  5.1470e+03   5.56e-05
  5.3397e+03   4.93e-05
  5.5396e+03   4.39e-05
  5.7470e+03   3.88e-05
  5.9621e+03   3.41e-05
  6.1853e+03   3.01e-05
  6.4168e+03   2.64e-05
  6.6570e+03   2.30e-05
  6.9062e+03   2.00e-05
  7.1647e+03   1.74e-05
  7.4329e+03   1.50e-05
  7.7112e+03   1.29e-05
  7.9998e+03   1.11e-05
  8.2993e+03   9.40e-06
  8.6100e+03   7.95e-06
  8.9323e+03   6.71e-06
  9.2666e+03   5.61e-06
  9.6135e+03   4.64e-06
  9.9734e+03   3.84e-06
  1.0347e+04   3.14e-06
  1.0734e+04   2.54e-06
  1.1136e+04   2.05e-06
  1.1553e+04   1.63e-06
  1.1985e+04   1.28e-06
  1.2434e+04   9.99e-07
  1.2899e+04   7.68e-07
  1.3382e+04   5.77e-07
  1.3883e+04   4.33e-07
  1.4403e+04   3.18e-07
  1.4942e+04   2.27e-07
  1.5501e+04   1.60e-07
  1.6081e+04   1.10e-07
  1.6683e+04   7.34e-08
  1.7308e+04   4.77e-08
  1.7956e+04   3.00e-08
  1.8628e+04   1.80e-08
  1.9325e+04   1.04e-08
  2.0049e+04   5.78e-09
  2.0799e+04   3.00e-09
  2.1578e+04   1.46e-09
  2.2386e+04   6.72e-10
  2.3224e+04   2.81e-10
  2.4093e+04   1.06e-10
  2.4995e+04   3.64e-11
  2.5930e+04   1.09e-11
  2.6901e+04   2.73e-12
  2.7908e+04   5.91e-13
  2.8953e+04   1.02e-13
  3.0037e+04   1.33e-14
  3.1161e+04   1.30e-15
  3.2327e+04   8.74e-17
  3.3537e+04   3.65e-18
  3.4793e+04   9.02e-20
  3.6095e+04   1.13e-21
  3.7446e+04   6.03e-24
  3.8848e+04   1.14e-26
  4.0302e+04   5.90e-30
  4.1811e+04   5.73e-34
  4.3376e+04   6.98e-39
  4.5000e+04   5.99e-45
