#  E [MeV]   Flux [# cm^{-2} s^{-1}  MeV^{-1}]
  3.0000e+04   1.18e-22
  3.0782e+04   1.14e-22
  3.1585e+04   1.10e-22
  3.2409e+04   1.07e-22
  3.3255e+04   1.03e-22
  3.4122e+04   9.98e-23
  3.5012e+04   9.66e-23
  3.5925e+04   9.33e-23
  3.6862e+04   9.02e-23
  3.7824e+04   8.72e-23
  3.8810e+04   8.42e-23
  3.9822e+04   8.13e-23
  4.0861e+04   7.85e-23
  4.1927e+04   7.58e-23
  4.3021e+04   7.32e-23
  4.4143e+04   7.07e-23
  4.5294e+04   6.82e-23
  4.6475e+04   6.58e-23
  4.7688e+04   6.34e-23
  4.8931e+04   6.12e-23
  5.0208e+04   5.90e-23
  5.1517e+04   5.68e-23
  5.2861e+04   5.47e-23
  5.4240e+04   5.27e-23
  5.5654e+04   5.08e-23
  5.7106e+04   4.89e-23
  5.8596e+04   4.71e-23
  6.0124e+04   4.53e-23
  6.1692e+04   4.36e-23
  6.3301e+04   4.20e-23
  6.4952e+04   4.03e-23
  6.6647e+04   3.88e-23
  6.8385e+04   3.73e-23
  7.0169e+04   3.58e-23
  7.1999e+04   3.44e-23
  7.3877e+04   3.31e-23
  7.5804e+04   3.18e-23
  7.7781e+04   3.05e-23
  7.9810e+04   2.93e-23
  8.1891e+04   2.81e-23
  8.4027e+04   2.70e-23
  8.6219e+04   2.59e-23
  8.8468e+04   2.48e-23
  9.0775e+04   2.38e-23
  9.3143e+04   2.28e-23
  9.5572e+04   2.19e-23
  9.8065e+04   2.10e-23
  1.0062e+05   2.01e-23
  1.0325e+05   1.93e-23
  1.0594e+05   1.84e-23
  1.0870e+05   1.77e-23
  1.1154e+05   1.69e-23
  1.1445e+05   1.62e-23
  1.1743e+05   1.55e-23
  1.2050e+05   1.48e-23
  1.2364e+05   1.41e-23
  1.2686e+05   1.35e-23
  1.3017e+05   1.29e-23
  1.3357e+05   1.23e-23
  1.3705e+05   1.18e-23
  1.4063e+05   1.13e-23
  1.4429e+05   1.07e-23
  1.4806e+05   1.02e-23
  1.5192e+05   9.78e-24
  1.5588e+05   9.32e-24
  1.5995e+05   8.89e-24
  1.6412e+05   8.47e-24
  1.6840e+05   8.07e-24
  1.7279e+05   7.69e-24
  1.7730e+05   7.32e-24
  1.8193e+05   6.97e-24
  1.8667e+05   6.63e-24
  1.9154e+05   6.31e-24
  1.9654e+05   6.00e-24
  2.0166e+05   5.70e-24
  2.0692e+05   5.42e-24
  2.1232e+05   5.15e-24
  2.1786e+05   4.89e-24
  2.2354e+05   4.64e-24
  2.2937e+05   4.41e-24
  2.3535e+05   4.18e-24
  2.4149e+05   3.97e-24
  2.4779e+05   3.76e-24
  2.5425e+05   3.57e-24
  2.6088e+05   3.38e-24
  2.6769e+05   3.20e-24
  2.7467e+05   3.03e-24
  2.8184e+05   2.86e-24
  2.8919e+05   2.71e-24
  2.9673e+05   2.56e-24
  3.0447e+05   2.42e-24
  3.1241e+05   2.28e-24
  3.2056e+05   2.16e-24
  3.2892e+05   2.04e-24
  3.3750e+05   1.92e-24
  3.4630e+05   1.81e-24
  3.5533e+05   1.71e-24
  3.6460e+05   1.61e-24
  3.7411e+05   1.52e-24
  3.8387e+05   1.43e-24
  3.9388e+05   1.34e-24
  4.0416e+05   1.26e-24
  4.1470e+05   1.19e-24
  4.2551e+05   1.12e-24
  4.3661e+05   1.05e-24
  4.4800e+05   9.85e-25
  4.5969e+05   9.26e-25
  4.7168e+05   8.68e-25
  4.8398e+05   8.13e-25
  4.9660e+05   7.61e-25
  5.0956e+05   7.14e-25
  5.2285e+05   6.69e-25
  5.3648e+05   6.25e-25
  5.5048e+05   5.83e-25
  5.6483e+05   5.45e-25
  5.7957e+05   5.10e-25
  5.9468e+05   4.76e-25
  6.1020e+05   4.44e-25
  6.2611e+05   4.13e-25
  6.4244e+05   3.86e-25
  6.5920e+05   3.59e-25
  6.7639e+05   3.34e-25
  6.9403e+05   3.10e-25
  7.1214e+05   2.89e-25
  7.3071e+05   2.69e-25
  7.4977e+05   2.50e-25
  7.6933e+05   2.31e-25
  7.8939e+05   2.14e-25
  8.0998e+05   1.99e-25
  8.3111e+05   1.85e-25
  8.5279e+05   1.71e-25
  8.7503e+05   1.58e-25
  8.9785e+05   1.46e-25
  9.2127e+05   1.35e-25
  9.4530e+05   1.25e-25
  9.6996e+05   1.15e-25
  9.9526e+05   1.06e-25
  1.0212e+06   9.77e-26
  1.0479e+06   9.00e-26
  1.0752e+06   8.26e-26
  1.1032e+06   7.56e-26
  1.1320e+06   6.96e-26
  1.1615e+06   6.40e-26
  1.1918e+06   5.86e-26
  1.2229e+06   5.35e-26
  1.2548e+06   4.89e-26
  1.2875e+06   4.49e-26
  1.3211e+06   4.11e-26
  1.3556e+06   3.74e-26
  1.3909e+06   3.39e-26
  1.4272e+06   3.11e-26
  1.4644e+06   2.84e-26
  1.5026e+06   2.58e-26
  1.5418e+06   2.33e-26
  1.5820e+06   2.12e-26
  1.6233e+06   1.93e-26
  1.6657e+06   1.75e-26
  1.7091e+06   1.58e-26
  1.7537e+06   1.42e-26
  1.7994e+06   1.29e-26
  1.8464e+06   1.17e-26
  1.8945e+06   1.05e-26
  1.9439e+06   9.41e-27
  1.9946e+06   8.46e-27
  2.0467e+06   7.64e-27
  2.1000e+06   6.85e-27
  2.1548e+06   6.10e-27
  2.2110e+06   5.40e-27
  2.2687e+06   4.87e-27
  2.3279e+06   4.36e-27
  2.3886e+06   3.88e-27
  2.4509e+06   3.41e-27
  2.5148e+06   3.04e-27
  2.5804e+06   2.72e-27
  2.6477e+06   2.41e-27
  2.7168e+06   2.12e-27
  2.7876e+06   1.85e-27
  2.8603e+06   1.66e-27
  2.9349e+06   1.47e-27
  3.0115e+06   1.29e-27
  3.0900e+06   1.12e-27
  3.1706e+06   9.88e-28
  3.2533e+06   8.75e-28
  3.3382e+06   7.68e-28
  3.4253e+06   6.65e-28
  3.5146e+06   5.73e-28
  3.6063e+06   5.08e-28
  3.7003e+06   4.45e-28
  3.7969e+06   3.85e-28
  3.8959e+06   3.28e-28
  3.9975e+06   2.86e-28
  4.1018e+06   2.49e-28
  4.2088e+06   2.14e-28
  4.3185e+06   1.81e-28
  4.4312e+06   1.52e-28
  4.5467e+06   1.31e-28
  4.6653e+06   1.10e-28
  4.7870e+06   9.12e-29
  4.9119e+06   7.30e-29
  5.0400e+06   6.11e-29
