#  E [GeV]   # per interaction  [GeV^{-1}]
  3.0000e+01   6.70e-01
  3.1232e+01   6.41e-01
  3.2514e+01   6.12e-01
  3.3849e+01   5.85e-01
  3.5238e+01   5.59e-01
  3.6685e+01   5.34e-01
  3.8191e+01   5.10e-01
  3.9759e+01   4.88e-01
  4.1391e+01   4.66e-01
  4.3090e+01   4.45e-01
  4.4859e+01   4.25e-01
  4.6701e+01   4.06e-01
  4.8618e+01   3.87e-01
  5.0614e+01   3.70e-01
  5.2692e+01   3.53e-01
  5.4855e+01   3.37e-01
  5.7107e+01   3.22e-01
  5.9451e+01   3.07e-01
  6.1892e+01   2.93e-01
  6.4433e+01   2.79e-01
  6.7078e+01   2.66e-01
  6.9832e+01   2.54e-01
  7.2699e+01   2.42e-01
  7.5683e+01   2.31e-01
  7.8790e+01   2.20e-01
  8.2025e+01   2.10e-01
  8.5392e+01   2.00e-01
  8.8898e+01   1.91e-01
  9.2547e+01   1.82e-01
  9.6347e+01   1.73e-01
  1.0030e+02   1.65e-01
  1.0442e+02   1.57e-01
  1.0871e+02   1.49e-01
  1.1317e+02   1.42e-01
  1.1782e+02   1.35e-01
  1.2265e+02   1.28e-01
  1.2769e+02   1.22e-01
  1.3293e+02   1.16e-01
  1.3839e+02   1.10e-01
  1.4407e+02   1.05e-01
  1.4998e+02   9.93e-02
  1.5614e+02   9.42e-02
  1.6255e+02   8.94e-02
  1.6922e+02   8.47e-02
  1.7617e+02   8.03e-02
  1.8340e+02   7.60e-02
  1.9093e+02   7.19e-02
  1.9877e+02   6.80e-02
  2.0693e+02   6.43e-02
  2.1543e+02   6.08e-02
  2.2427e+02   5.74e-02
  2.3348e+02   5.41e-02
  2.4306e+02   5.10e-02
  2.5304e+02   4.81e-02
  2.6343e+02   4.53e-02
  2.7424e+02   4.26e-02
  2.8550e+02   4.00e-02
  2.9722e+02   3.75e-02
  3.0942e+02   3.52e-02
  3.2213e+02   3.29e-02
  3.3535e+02   3.08e-02
  3.4912e+02   2.88e-02
  3.6345e+02   2.69e-02
  3.7837e+02   2.51e-02
  3.9390e+02   2.33e-02
  4.1008e+02   2.17e-02
  4.2691e+02   2.02e-02
  4.4444e+02   1.88e-02
  4.6268e+02   1.74e-02
  4.8168e+02   1.61e-02
  5.0145e+02   1.49e-02
  5.2204e+02   1.38e-02
  5.4347e+02   1.27e-02
  5.6578e+02   1.17e-02
  5.8901e+02   1.08e-02
  6.1319e+02   9.97e-03
  6.3836e+02   9.17e-03
  6.6457e+02   8.43e-03
  6.9185e+02   7.75e-03
  7.2025e+02   7.12e-03
  7.4982e+02   6.53e-03
  7.8061e+02   5.99e-03
  8.1265e+02   5.49e-03
  8.4601e+02   5.04e-03
  8.8075e+02   4.62e-03
  9.1690e+02   4.23e-03
  9.5455e+02   3.87e-03
  9.9373e+02   3.55e-03
  1.0345e+03   3.25e-03
  1.0770e+03   2.98e-03
  1.1212e+03   2.73e-03
  1.1672e+03   2.50e-03
  1.2152e+03   2.29e-03
  1.2650e+03   2.10e-03
  1.3170e+03   1.92e-03
  1.3711e+03   1.76e-03
  1.4273e+03   1.62e-03
  1.4859e+03   1.48e-03
  1.5469e+03   1.36e-03
  1.6104e+03   1.25e-03
  1.6766e+03   1.15e-03
  1.7454e+03   1.05e-03
  1.8170e+03   9.64e-04
  1.8916e+03   8.84e-04
  1.9693e+03   8.12e-04
  2.0501e+03   7.44e-04
  2.1343e+03   6.82e-04
  2.2219e+03   6.25e-04
  2.3131e+03   5.72e-04
  2.4081e+03   5.24e-04
  2.5070e+03   4.79e-04
  2.6099e+03   4.37e-04
  2.7170e+03   4.00e-04
  2.8286e+03   3.65e-04
  2.9447e+03   3.32e-04
  3.0656e+03   3.02e-04
  3.1914e+03   2.75e-04
  3.3225e+03   2.49e-04
  3.4589e+03   2.26e-04
  3.6008e+03   2.05e-04
  3.7487e+03   1.85e-04
  3.9026e+03   1.67e-04
  4.0628e+03   1.50e-04
  4.2296e+03   1.34e-04
  4.4032e+03   1.20e-04
  4.5840e+03   1.07e-04
  4.7722e+03   9.55e-05
  4.9681e+03   8.48e-05
  5.1720e+03   7.49e-05
  5.3844e+03   6.61e-05
  5.6054e+03   5.80e-05
  5.8355e+03   5.07e-05
  6.0751e+03   4.42e-05
  6.3245e+03   3.83e-05
  6.5841e+03   3.30e-05
  6.8544e+03   2.84e-05
  7.1358e+03   2.42e-05
  7.4288e+03   2.05e-05
  7.7338e+03   1.73e-05
  8.0513e+03   1.44e-05
  8.3818e+03   1.19e-05
  8.7259e+03   9.84e-06
  9.0841e+03   8.00e-06
  9.4571e+03   6.44e-06
  9.8453e+03   5.14e-06
  1.0249e+04   4.03e-06
  1.0670e+04   3.13e-06
  1.1108e+04   2.39e-06
  1.1564e+04   1.80e-06
  1.2039e+04   1.32e-06
  1.2533e+04   9.58e-07
  1.3048e+04   6.75e-07
  1.3584e+04   4.65e-07
  1.4141e+04   3.11e-07
  1.4722e+04   2.00e-07
  1.5326e+04   1.25e-07
  1.5955e+04   7.51e-08
  1.6610e+04   4.27e-08
  1.7292e+04   2.32e-08
  1.8002e+04   1.18e-08
  1.8741e+04   5.60e-09
  1.9511e+04   2.47e-09
  2.0312e+04   9.86e-10
  2.1145e+04   3.54e-10
  2.2013e+04   1.13e-10
  2.2917e+04   3.09e-11
  2.3858e+04   7.17e-12
  2.4837e+04   1.37e-12
  2.5857e+04   2.04e-13
  2.6919e+04   2.32e-14
  2.8024e+04   1.88e-15
  2.9174e+04   1.02e-16
  3.0372e+04   3.40e-18
  3.1619e+04   6.29e-20
  3.2917e+04   5.65e-22
  3.4268e+04   2.12e-24
  3.5675e+04   2.66e-27
  3.7140e+04   8.54e-31
  3.8664e+04   5.05e-35
  4.0252e+04   3.48e-40
  4.1904e+04   1.84e-46
  4.3624e+04   1.75e-46
  4.5415e+04   1.67e-46
  4.7280e+04   1.59e-46
  4.9221e+04   1.55e-46
  5.1241e+04   1.50e-46
  5.3345e+04   1.48e-46
  5.5535e+04   1.48e-46
  5.7815e+04   1.47e-46
  6.0188e+04   1.51e-46
  6.2659e+04   1.57e-46
  6.5232e+04   1.62e-46
  6.7910e+04   1.79e-46
  7.0698e+04   2.00e-46
  7.3600e+04   2.19e-46
  7.6621e+04   3.01e-46
  7.9767e+04   3.91e-46
  8.3042e+04   4.73e-46
  8.6451e+04   6.75e-46
  9.0000e+04   8.66e-46
