#  E [GeV]   # per interaction  [GeV^{-1}]
  3.0000e+01   7.09e-03
  3.0675e+01   6.87e-03
  3.1366e+01   6.66e-03
  3.2072e+01   6.45e-03
  3.2794e+01   6.25e-03
  3.3533e+01   6.06e-03
  3.4288e+01   5.87e-03
  3.5060e+01   5.68e-03
  3.5849e+01   5.50e-03
  3.6656e+01   5.33e-03
  3.7482e+01   5.16e-03
  3.8326e+01   5.00e-03
  3.9188e+01   4.84e-03
  4.0071e+01   4.69e-03
  4.0973e+01   4.54e-03
  4.1896e+01   4.40e-03
  4.2839e+01   4.26e-03
  4.3803e+01   4.12e-03
  4.4790e+01   3.99e-03
  4.5798e+01   3.87e-03
  4.6829e+01   3.74e-03
  4.7884e+01   3.63e-03
  4.8962e+01   3.51e-03
  5.0064e+01   3.40e-03
  5.1191e+01   3.29e-03
  5.2344e+01   3.19e-03
  5.3522e+01   3.09e-03
  5.4727e+01   2.99e-03
  5.5960e+01   2.90e-03
  5.7219e+01   2.81e-03
  5.8508e+01   2.72e-03
  5.9825e+01   2.63e-03
  6.1172e+01   2.55e-03
  6.2549e+01   2.47e-03
  6.3958e+01   2.39e-03
  6.5398e+01   2.31e-03
  6.6870e+01   2.24e-03
  6.8376e+01   2.17e-03
  6.9915e+01   2.10e-03
  7.1489e+01   2.04e-03
  7.3099e+01   1.97e-03
  7.4745e+01   1.91e-03
  7.6428e+01   1.85e-03
  7.8148e+01   1.79e-03
  7.9908e+01   1.74e-03
  8.1707e+01   1.68e-03
  8.3547e+01   1.63e-03
  8.5428e+01   1.58e-03
  8.7351e+01   1.53e-03
  8.9318e+01   1.48e-03
  9.1329e+01   1.43e-03
  9.3385e+01   1.39e-03
  9.5488e+01   1.35e-03
  9.7638e+01   1.30e-03
  9.9836e+01   1.26e-03
  1.0208e+02   1.22e-03
  1.0438e+02   1.19e-03
  1.0673e+02   1.15e-03
  1.0914e+02   1.11e-03
  1.1159e+02   1.08e-03
  1.1411e+02   1.05e-03
  1.1667e+02   1.01e-03
  1.1930e+02   9.83e-04
  1.2199e+02   9.52e-04
  1.2473e+02   9.23e-04
  1.2754e+02   8.95e-04
  1.3041e+02   8.68e-04
  1.3335e+02   8.41e-04
  1.3635e+02   8.15e-04
  1.3942e+02   7.90e-04
  1.4256e+02   7.66e-04
  1.4577e+02   7.43e-04
  1.4905e+02   7.21e-04
  1.5241e+02   6.99e-04
  1.5584e+02   6.78e-04
  1.5935e+02   6.57e-04
  1.6294e+02   6.37e-04
  1.6661e+02   6.18e-04
  1.7036e+02   5.99e-04
  1.7419e+02   5.81e-04
  1.7812e+02   5.63e-04
  1.8213e+02   5.46e-04
  1.8623e+02   5.30e-04
  1.9042e+02   5.14e-04
  1.9471e+02   4.98e-04
  1.9909e+02   4.83e-04
  2.0357e+02   4.69e-04
  2.0816e+02   4.55e-04
  2.1284e+02   4.41e-04
  2.1763e+02   4.27e-04
  2.2253e+02   4.15e-04
  2.2755e+02   4.02e-04
  2.3267e+02   3.90e-04
  2.3791e+02   3.78e-04
  2.4326e+02   3.67e-04
  2.4874e+02   3.56e-04
  2.5434e+02   3.45e-04
  2.6007e+02   3.34e-04
  2.6592e+02   3.24e-04
  2.7191e+02   3.14e-04
  2.7803e+02   3.05e-04
  2.8429e+02   2.95e-04
  2.9069e+02   2.86e-04
  2.9724e+02   2.77e-04
  3.0393e+02   2.69e-04
  3.1077e+02   2.61e-04
  3.1777e+02   2.53e-04
  3.2493e+02   2.45e-04
  3.3224e+02   2.37e-04
  3.3972e+02   2.30e-04
  3.4737e+02   2.23e-04
  3.5519e+02   2.16e-04
  3.6319e+02   2.09e-04
  3.7137e+02   2.02e-04
  3.7973e+02   1.96e-04
  3.8828e+02   1.90e-04
  3.9702e+02   1.84e-04
  4.0596e+02   1.78e-04
  4.1510e+02   1.72e-04
  4.2444e+02   1.67e-04
  4.3400e+02   1.61e-04
  4.4377e+02   1.56e-04
  4.5376e+02   1.51e-04
  4.6398e+02   1.46e-04
  4.7443e+02   1.41e-04
  4.8511e+02   1.37e-04
  4.9603e+02   1.32e-04
  5.0720e+02   1.28e-04
  5.1862e+02   1.24e-04
  5.3030e+02   1.20e-04
  5.4224e+02   1.16e-04
  5.5444e+02   1.12e-04
  5.6693e+02   1.08e-04
  5.7969e+02   1.04e-04
  5.9274e+02   1.01e-04
  6.0609e+02   9.71e-05
  6.1974e+02   9.37e-05
  6.3369e+02   9.05e-05
  6.4796e+02   8.73e-05
  6.6255e+02   8.43e-05
  6.7746e+02   8.13e-05
  6.9272e+02   7.85e-05
  7.0831e+02   7.57e-05
  7.2426e+02   7.31e-05
  7.4057e+02   7.05e-05
  7.5724e+02   6.80e-05
  7.7429e+02   6.56e-05
  7.9172e+02   6.32e-05
  8.0955e+02   6.10e-05
  8.2778e+02   5.88e-05
  8.4641e+02   5.67e-05
  8.6547e+02   5.47e-05
  8.8496e+02   5.27e-05
  9.0488e+02   5.08e-05
  9.2526e+02   4.90e-05
  9.4609e+02   4.72e-05
  9.6739e+02   4.55e-05
  9.8917e+02   4.38e-05
  1.0114e+03   4.22e-05
  1.0342e+03   4.07e-05
  1.0575e+03   3.92e-05
  1.0813e+03   3.77e-05
  1.1057e+03   3.63e-05
  1.1305e+03   3.50e-05
  1.1560e+03   3.37e-05
  1.1820e+03   3.25e-05
  1.2086e+03   3.13e-05
  1.2359e+03   3.01e-05
  1.2637e+03   2.90e-05
  1.2921e+03   2.80e-05
  1.3212e+03   2.69e-05
  1.3510e+03   2.59e-05
  1.3814e+03   2.50e-05
  1.4125e+03   2.41e-05
  1.4443e+03   2.32e-05
  1.4768e+03   2.23e-05
  1.5101e+03   2.15e-05
  1.5441e+03   2.07e-05
  1.5788e+03   2.00e-05
  1.6144e+03   1.92e-05
  1.6507e+03   1.85e-05
  1.6879e+03   1.78e-05
  1.7259e+03   1.72e-05
  1.7648e+03   1.65e-05
  1.8045e+03   1.59e-05
  1.8451e+03   1.53e-05
  1.8867e+03   1.47e-05
  1.9291e+03   1.42e-05
  1.9726e+03   1.36e-05
  2.0170e+03   1.31e-05
  2.0624e+03   1.26e-05
  2.1088e+03   1.21e-05
  2.1563e+03   1.17e-05
  2.2049e+03   1.12e-05
  2.2545e+03   1.08e-05
  2.3053e+03   1.03e-05
  2.3572e+03   9.92e-06
  2.4102e+03   9.52e-06
  2.4645e+03   9.19e-06
  2.5200e+03   8.88e-06
