#  E [MeV]   Flux [# cm^{-2} s^{-1}  MeV^{-1}]
  3.0000e+04   8.24e-25
  3.1051e+04   7.89e-25
  3.2139e+04   7.56e-25
  3.3266e+04   7.24e-25
  3.4432e+04   6.94e-25
  3.5638e+04   6.64e-25
  3.6887e+04   6.36e-25
  3.8180e+04   6.09e-25
  3.9518e+04   5.83e-25
  4.0903e+04   5.58e-25
  4.2336e+04   5.34e-25
  4.3820e+04   5.11e-25
  4.5355e+04   4.89e-25
  4.6945e+04   4.67e-25
  4.8590e+04   4.47e-25
  5.0293e+04   4.27e-25
  5.2055e+04   4.08e-25
  5.3879e+04   3.90e-25
  5.5767e+04   3.73e-25
  5.7722e+04   3.56e-25
  5.9745e+04   3.40e-25
  6.1838e+04   3.25e-25
  6.4005e+04   3.10e-25
  6.6248e+04   2.96e-25
  6.8570e+04   2.83e-25
  7.0973e+04   2.70e-25
  7.3460e+04   2.58e-25
  7.6034e+04   2.46e-25
  7.8699e+04   2.34e-25
  8.1457e+04   2.24e-25
  8.4311e+04   2.13e-25
  8.7266e+04   2.03e-25
  9.0324e+04   1.94e-25
  9.3490e+04   1.84e-25
  9.6766e+04   1.76e-25
  1.0016e+05   1.67e-25
  1.0367e+05   1.59e-25
  1.0730e+05   1.52e-25
  1.1106e+05   1.44e-25
  1.1495e+05   1.37e-25
  1.1898e+05   1.30e-25
  1.2315e+05   1.24e-25
  1.2747e+05   1.18e-25
  1.3193e+05   1.12e-25
  1.3656e+05   1.06e-25
  1.4134e+05   1.01e-25
  1.4629e+05   9.59e-26
  1.5142e+05   9.10e-26
  1.5673e+05   8.63e-26
  1.6222e+05   8.19e-26
  1.6790e+05   7.76e-26
  1.7379e+05   7.35e-26
  1.7988e+05   6.96e-26
  1.8618e+05   6.59e-26
  1.9271e+05   6.23e-26
  1.9946e+05   5.89e-26
  2.0645e+05   5.57e-26
  2.1369e+05   5.26e-26
  2.2117e+05   4.96e-26
  2.2892e+05   4.68e-26
  2.3695e+05   4.42e-26
  2.4525e+05   4.16e-26
  2.5385e+05   3.92e-26
  2.6274e+05   3.69e-26
  2.7195e+05   3.47e-26
  2.8148e+05   3.26e-26
  2.9134e+05   3.07e-26
  3.0155e+05   2.88e-26
  3.1212e+05   2.70e-26
  3.2306e+05   2.53e-26
  3.3438e+05   2.37e-26
  3.4610e+05   2.22e-26
  3.5823e+05   2.08e-26
  3.7078e+05   1.95e-26
  3.8377e+05   1.82e-26
  3.9722e+05   1.70e-26
  4.1114e+05   1.59e-26
  4.2555e+05   1.48e-26
  4.4046e+05   1.38e-26
  4.5590e+05   1.28e-26
  4.7188e+05   1.20e-26
  4.8841e+05   1.11e-26
  5.0553e+05   1.03e-26
  5.2324e+05   9.60e-27
  5.4158e+05   8.90e-27
  5.6056e+05   8.26e-27
  5.8020e+05   7.65e-27
  6.0054e+05   7.09e-27
  6.2158e+05   6.56e-27
  6.4337e+05   6.07e-27
  6.6591e+05   5.61e-27
  6.8925e+05   5.18e-27
  7.1340e+05   4.78e-27
  7.3840e+05   4.40e-27
  7.6428e+05   4.05e-27
  7.9106e+05   3.74e-27
  8.1878e+05   3.44e-27
  8.4748e+05   3.16e-27
  8.7718e+05   2.90e-27
  9.0792e+05   2.67e-27
  9.3973e+05   2.45e-27
  9.7267e+05   2.25e-27
  1.0068e+06   2.06e-27
  1.0420e+06   1.89e-27
  1.0785e+06   1.73e-27
  1.1163e+06   1.59e-27
  1.1555e+06   1.45e-27
  1.1960e+06   1.33e-27
  1.2379e+06   1.21e-27
  1.2813e+06   1.11e-27
  1.3262e+06   1.01e-27
  1.3726e+06   9.25e-28
  1.4207e+06   8.44e-28
  1.4705e+06   7.69e-28
  1.5220e+06   6.99e-28
  1.5754e+06   6.38e-28
  1.6306e+06   5.80e-28
  1.6877e+06   5.27e-28
  1.7469e+06   4.79e-28
  1.8081e+06   4.35e-28
  1.8715e+06   3.94e-28
  1.9370e+06   3.57e-28
  2.0049e+06   3.24e-28
  2.0752e+06   2.93e-28
  2.1479e+06   2.64e-28
  2.2232e+06   2.39e-28
  2.3011e+06   2.16e-28
  2.3817e+06   1.95e-28
  2.4652e+06   1.75e-28
  2.5516e+06   1.58e-28
  2.6410e+06   1.42e-28
  2.7336e+06   1.27e-28
  2.8294e+06   1.14e-28
  2.9285e+06   1.02e-28
  3.0311e+06   9.12e-29
  3.1374e+06   8.17e-29
  3.2473e+06   7.30e-29
  3.3611e+06   6.48e-29
  3.4789e+06   5.77e-29
  3.6008e+06   5.14e-29
  3.7270e+06   4.55e-29
  3.8576e+06   4.02e-29
  3.9928e+06   3.57e-29
  4.1327e+06   3.15e-29
  4.2775e+06   2.76e-29
  4.4274e+06   2.44e-29
  4.5826e+06   2.15e-29
  4.7432e+06   1.88e-29
  4.9094e+06   1.64e-29
  5.0815e+06   1.44e-29
  5.2595e+06   1.26e-29
  5.4438e+06   1.09e-29
  5.6346e+06   9.53e-30
  5.8321e+06   8.26e-30
  6.0365e+06   7.09e-30
  6.2480e+06   6.17e-30
  6.4670e+06   5.33e-30
  6.6936e+06   4.56e-30
  6.9282e+06   3.92e-30
  7.1709e+06   3.38e-30
  7.4222e+06   2.88e-30
  7.6823e+06   2.44e-30
  7.9516e+06   2.10e-30
  8.2302e+06   1.79e-30
  8.5186e+06   1.50e-30
  8.8172e+06   1.28e-30
  9.1262e+06   1.08e-30
  9.4460e+06   9.06e-31
  9.7770e+06   7.60e-31
  1.0120e+07   6.39e-31
  1.0474e+07   5.32e-31
  1.0841e+07   4.38e-31
  1.1221e+07   3.67e-31
  1.1614e+07   3.03e-31
  1.2022e+07   2.47e-31
  1.2443e+07   2.04e-31
  1.2879e+07   1.66e-31
  1.3330e+07   1.34e-31
  1.3797e+07   1.07e-31
  1.4281e+07   8.58e-32
  1.4781e+07   6.75e-32
  1.5299e+07   5.23e-32
  1.5835e+07   4.04e-32
  1.6390e+07   3.07e-32
  1.6965e+07   2.27e-32
  1.7559e+07   1.67e-32
  1.8175e+07   1.19e-32
  1.8812e+07   8.31e-33
  1.9471e+07   5.62e-33
  2.0153e+07   3.69e-33
  2.0859e+07   2.32e-33
  2.1590e+07   1.39e-33
  2.2347e+07   7.94e-34
  2.3130e+07   4.25e-34
  2.3941e+07   2.12e-34
  2.4780e+07   9.74e-35
  2.5648e+07   4.07e-35
  2.6547e+07   1.52e-35
  2.7477e+07   5.05e-36
  2.8440e+07   1.47e-36
