#  E [MeV]   Flux [# cm^{-2} s^{-1}  MeV^{-1}]
  3.0000e+04   4.99e-21
  3.0854e+04   4.84e-21
  3.1733e+04   4.68e-21
  3.2636e+04   4.54e-21
  3.3566e+04   4.39e-21
  3.4521e+04   4.26e-21
  3.5504e+04   4.13e-21
  3.6515e+04   4.00e-21
  3.7555e+04   3.87e-21
  3.8625e+04   3.75e-21
  3.9724e+04   3.64e-21
  4.0855e+04   3.53e-21
  4.2019e+04   3.42e-21
  4.3215e+04   3.31e-21
  4.4446e+04   3.21e-21
  4.5711e+04   3.12e-21
  4.7013e+04   3.02e-21
  4.8352e+04   2.93e-21
  4.9728e+04   2.84e-21
  5.1144e+04   2.76e-21
  5.2601e+04   2.68e-21
  5.4099e+04   2.60e-21
  5.5639e+04   2.53e-21
  5.7223e+04   2.45e-21
  5.8853e+04   2.38e-21
  6.0528e+04   2.31e-21
  6.2252e+04   2.25e-21
  6.4025e+04   2.18e-21
  6.5848e+04   2.12e-21
  6.7723e+04   2.06e-21
  6.9651e+04   2.01e-21
  7.1634e+04   1.95e-21
  7.3674e+04   1.90e-21
  7.5772e+04   1.84e-21
  7.7929e+04   1.80e-21
  8.0148e+04   1.75e-21
  8.2431e+04   1.70e-21
  8.4778e+04   1.66e-21
  8.7192e+04   1.61e-21
  8.9674e+04   1.57e-21
  9.2228e+04   1.53e-21
  9.4854e+04   1.49e-21
  9.7555e+04   1.45e-21
  1.0033e+05   1.42e-21
  1.0319e+05   1.38e-21
  1.0613e+05   1.35e-21
  1.0915e+05   1.32e-21
  1.1226e+05   1.28e-21
  1.1545e+05   1.25e-21
  1.1874e+05   1.22e-21
  1.2212e+05   1.19e-21
  1.2560e+05   1.17e-21
  1.2918e+05   1.14e-21
  1.3286e+05   1.11e-21
  1.3664e+05   1.09e-21
  1.4053e+05   1.06e-21
  1.4453e+05   1.04e-21
  1.4865e+05   1.01e-21
  1.5288e+05   9.92e-22
  1.5723e+05   9.70e-22
  1.6171e+05   9.48e-22
  1.6631e+05   9.26e-22
  1.7105e+05   9.05e-22
  1.7592e+05   8.85e-22
  1.8093e+05   8.65e-22
  1.8608e+05   8.46e-22
  1.9138e+05   8.27e-22
  1.9683e+05   8.08e-22
  2.0243e+05   7.90e-22
  2.0820e+05   7.72e-22
  2.1413e+05   7.55e-22
  2.2022e+05   7.38e-22
  2.2649e+05   7.21e-22
  2.3294e+05   7.04e-22
  2.3958e+05   6.88e-22
  2.4640e+05   6.72e-22
  2.5341e+05   6.56e-22
  2.6063e+05   6.40e-22
  2.6805e+05   6.25e-22
  2.7568e+05   6.10e-22
  2.8353e+05   5.95e-22
  2.9161e+05   5.80e-22
  2.9991e+05   5.65e-22
  3.0845e+05   5.51e-22
  3.1723e+05   5.37e-22
  3.2627e+05   5.23e-22
  3.3556e+05   5.09e-22
  3.4511e+05   4.96e-22
  3.5494e+05   4.82e-22
  3.6504e+05   4.69e-22
  3.7544e+05   4.56e-22
  3.8613e+05   4.43e-22
  3.9712e+05   4.31e-22
  4.0843e+05   4.18e-22
  4.2006e+05   4.06e-22
  4.3202e+05   3.94e-22
  4.4432e+05   3.82e-22
  4.5698e+05   3.70e-22
  4.6999e+05   3.59e-22
  4.8337e+05   3.47e-22
  4.9713e+05   3.36e-22
  5.1129e+05   3.25e-22
  5.2585e+05   3.15e-22
  5.4082e+05   3.04e-22
  5.5622e+05   2.94e-22
  5.7206e+05   2.84e-22
  5.8835e+05   2.74e-22
  6.0510e+05   2.64e-22
  6.2233e+05   2.55e-22
  6.4005e+05   2.46e-22
  6.5828e+05   2.37e-22
  6.7702e+05   2.28e-22
  6.9630e+05   2.19e-22
  7.1613e+05   2.11e-22
  7.3652e+05   2.03e-22
  7.5749e+05   1.96e-22
  7.7906e+05   1.88e-22
  8.0124e+05   1.81e-22
  8.2406e+05   1.74e-22
  8.4752e+05   1.67e-22
  8.7165e+05   1.60e-22
  8.9647e+05   1.54e-22
  9.2200e+05   1.47e-22
  9.4825e+05   1.41e-22
  9.7526e+05   1.36e-22
  1.0030e+06   1.30e-22
  1.0316e+06   1.25e-22
  1.0610e+06   1.19e-22
  1.0912e+06   1.14e-22
  1.1222e+06   1.09e-22
  1.1542e+06   1.05e-22
  1.1871e+06   1.00e-22
  1.2209e+06   9.60e-23
  1.2556e+06   9.18e-23
  1.2914e+06   8.78e-23
  1.3281e+06   8.40e-23
  1.3660e+06   8.02e-23
  1.4049e+06   7.65e-23
  1.4449e+06   7.31e-23
  1.4860e+06   6.98e-23
  1.5283e+06   6.65e-23
  1.5718e+06   6.34e-23
  1.6166e+06   6.04e-23
  1.6626e+06   5.75e-23
  1.7100e+06   5.47e-23
  1.7587e+06   5.19e-23
  1.8087e+06   4.94e-23
  1.8602e+06   4.69e-23
  1.9132e+06   4.45e-23
  1.9677e+06   4.21e-23
  2.0237e+06   3.99e-23
  2.0813e+06   3.78e-23
  2.1406e+06   3.57e-23
  2.2016e+06   3.37e-23
  2.2642e+06   3.18e-23
  2.3287e+06   3.00e-23
  2.3950e+06   2.82e-23
  2.4632e+06   2.65e-23
  2.5334e+06   2.49e-23
  2.6055e+06   2.34e-23
  2.6797e+06   2.19e-23
  2.7560e+06   2.05e-23
  2.8345e+06   1.91e-23
  2.9152e+06   1.78e-23
  2.9982e+06   1.66e-23
  3.0836e+06   1.54e-23
  3.1714e+06   1.43e-23
  3.2617e+06   1.32e-23
  3.3545e+06   1.21e-23
  3.4501e+06   1.12e-23
  3.5483e+06   1.03e-23
  3.6493e+06   9.39e-24
  3.7532e+06   8.57e-24
  3.8601e+06   7.81e-24
  3.9700e+06   7.10e-24
  4.0831e+06   6.43e-24
  4.1993e+06   5.79e-24
  4.3189e+06   5.23e-24
  4.4419e+06   4.71e-24
  4.5684e+06   4.21e-24
  4.6985e+06   3.75e-24
  4.8322e+06   3.34e-24
  4.9698e+06   2.97e-24
  5.1114e+06   2.62e-24
  5.2569e+06   2.29e-24
  5.4066e+06   2.01e-24
  5.5605e+06   1.77e-24
  5.7189e+06   1.54e-24
  5.8817e+06   1.33e-24
  6.0492e+06   1.15e-24
  6.2214e+06   1.00e-24
  6.3986e+06   8.65e-25
  6.5808e+06   7.38e-25
  6.7682e+06   6.37e-25
  6.9609e+06   5.55e-25
  7.1591e+06   4.81e-25
  7.3630e+06   4.12e-25
  7.5726e+06   3.58e-25
  7.7882e+06   3.20e-25
  8.0100e+06   2.85e-25
