#  E [MeV]   Flux [# cm^{-2} s^{-1}  MeV^{-1}]
  3.0000e+04   1.91e-21
  3.0943e+04   1.84e-21
  3.1916e+04   1.78e-21
  3.2920e+04   1.72e-21
  3.3955e+04   1.66e-21
  3.5023e+04   1.60e-21
  3.6124e+04   1.54e-21
  3.7260e+04   1.49e-21
  3.8432e+04   1.43e-21
  3.9640e+04   1.38e-21
  4.0887e+04   1.33e-21
  4.2172e+04   1.29e-21
  4.3499e+04   1.24e-21
  4.4866e+04   1.20e-21
  4.6277e+04   1.15e-21
  4.7732e+04   1.11e-21
  4.9233e+04   1.07e-21
  5.0781e+04   1.03e-21
  5.2378e+04   9.96e-22
  5.4025e+04   9.60e-22
  5.5724e+04   9.26e-22
  5.7476e+04   8.93e-22
  5.9284e+04   8.61e-22
  6.1148e+04   8.30e-22
  6.3071e+04   8.01e-22
  6.5054e+04   7.72e-22
  6.7100e+04   7.45e-22
  6.9210e+04   7.18e-22
  7.1386e+04   6.93e-22
  7.3631e+04   6.68e-22
  7.5946e+04   6.45e-22
  7.8334e+04   6.22e-22
  8.0797e+04   6.00e-22
  8.3338e+04   5.79e-22
  8.5959e+04   5.59e-22
  8.8662e+04   5.40e-22
  9.1450e+04   5.21e-22
  9.4325e+04   5.03e-22
  9.7291e+04   4.86e-22
  1.0035e+05   4.70e-22
  1.0351e+05   4.54e-22
  1.0676e+05   4.39e-22
  1.1012e+05   4.24e-22
  1.1358e+05   4.10e-22
  1.1715e+05   3.96e-22
  1.2084e+05   3.83e-22
  1.2464e+05   3.71e-22
  1.2856e+05   3.59e-22
  1.3260e+05   3.47e-22
  1.3677e+05   3.36e-22
  1.4107e+05   3.25e-22
  1.4550e+05   3.15e-22
  1.5008e+05   3.05e-22
  1.5480e+05   2.95e-22
  1.5967e+05   2.86e-22
  1.6469e+05   2.77e-22
  1.6987e+05   2.68e-22
  1.7521e+05   2.60e-22
  1.8072e+05   2.52e-22
  1.8640e+05   2.45e-22
  1.9226e+05   2.37e-22
  1.9831e+05   2.30e-22
  2.0454e+05   2.23e-22
  2.1097e+05   2.16e-22
  2.1761e+05   2.10e-22
  2.2445e+05   2.04e-22
  2.3151e+05   1.98e-22
  2.3879e+05   1.92e-22
  2.4630e+05   1.86e-22
  2.5404e+05   1.81e-22
  2.6203e+05   1.75e-22
  2.7027e+05   1.70e-22
  2.7877e+05   1.65e-22
  2.8753e+05   1.60e-22
  2.9657e+05   1.55e-22
  3.0590e+05   1.51e-22
  3.1552e+05   1.46e-22
  3.2544e+05   1.42e-22
  3.3567e+05   1.37e-22
  3.4623e+05   1.33e-22
  3.5712e+05   1.29e-22
  3.6835e+05   1.25e-22
  3.7993e+05   1.21e-22
  3.9188e+05   1.17e-22
  4.0420e+05   1.14e-22
  4.1691e+05   1.10e-22
  4.3002e+05   1.07e-22
  4.4354e+05   1.03e-22
  4.5749e+05   9.98e-23
  4.7187e+05   9.65e-23
  4.8671e+05   9.33e-23
  5.0202e+05   9.02e-23
  5.1780e+05   8.72e-23
  5.3409e+05   8.42e-23
  5.5088e+05   8.13e-23
  5.6820e+05   7.85e-23
  5.8607e+05   7.58e-23
  6.0450e+05   7.32e-23
  6.2351e+05   7.06e-23
  6.4311e+05   6.81e-23
  6.6334e+05   6.57e-23
  6.8419e+05   6.34e-23
  7.0571e+05   6.11e-23
  7.2790e+05   5.89e-23
  7.5079e+05   5.68e-23
  7.7440e+05   5.47e-23
  7.9875e+05   5.27e-23
  8.2387e+05   5.08e-23
  8.4977e+05   4.89e-23
  8.7649e+05   4.71e-23
  9.0405e+05   4.53e-23
  9.3248e+05   4.37e-23
  9.6180e+05   4.21e-23
  9.9205e+05   4.05e-23
  1.0232e+06   3.90e-23
  1.0554e+06   3.75e-23
  1.0886e+06   3.61e-23
  1.1228e+06   3.48e-23
  1.1581e+06   3.35e-23
  1.1946e+06   3.22e-23
  1.2321e+06   3.10e-23
  1.2709e+06   2.99e-23
  1.3108e+06   2.88e-23
  1.3521e+06   2.77e-23
  1.3946e+06   2.66e-23
  1.4384e+06   2.56e-23
  1.4837e+06   2.46e-23
  1.5303e+06   2.37e-23
  1.5784e+06   2.28e-23
  1.6281e+06   2.19e-23
  1.6793e+06   2.10e-23
  1.7321e+06   2.02e-23
  1.7865e+06   1.94e-23
  1.8427e+06   1.86e-23
  1.9006e+06   1.79e-23
  1.9604e+06   1.71e-23
  2.0221e+06   1.64e-23
  2.0856e+06   1.58e-23
  2.1512e+06   1.51e-23
  2.2189e+06   1.44e-23
  2.2886e+06   1.38e-23
  2.3606e+06   1.32e-23
  2.4348e+06   1.26e-23
  2.5114e+06   1.20e-23
  2.5904e+06   1.15e-23
  2.6718e+06   1.10e-23
  2.7558e+06   1.04e-23
  2.8425e+06   9.89e-24
  2.9319e+06   9.39e-24
  3.0241e+06   8.90e-24
  3.1192e+06   8.42e-24
  3.2173e+06   7.96e-24
  3.3184e+06   7.52e-24
  3.4228e+06   7.09e-24
  3.5304e+06   6.67e-24
  3.6414e+06   6.27e-24
  3.7559e+06   5.88e-24
  3.8740e+06   5.50e-24
  3.9958e+06   5.14e-24
  4.1215e+06   4.80e-24
  4.2511e+06   4.47e-24
  4.3848e+06   4.15e-24
  4.5227e+06   3.84e-24
  4.6649e+06   3.55e-24
  4.8116e+06   3.27e-24
  4.9629e+06   3.01e-24
  5.1189e+06   2.76e-24
  5.2799e+06   2.53e-24
  5.4459e+06   2.30e-24
  5.6171e+06   2.09e-24
  5.7938e+06   1.88e-24
  5.9760e+06   1.70e-24
  6.1639e+06   1.52e-24
  6.3577e+06   1.36e-24
  6.5576e+06   1.21e-24
  6.7638e+06   1.07e-24
  6.9765e+06   9.44e-25
  7.1959e+06   8.28e-25
  7.4222e+06   7.21e-25
  7.6556e+06   6.27e-25
  7.8963e+06   5.43e-25
  8.1446e+06   4.66e-25
  8.4007e+06   3.97e-25
  8.6649e+06   3.38e-25
  8.9373e+06   2.85e-25
  9.2184e+06   2.37e-25
  9.5082e+06   1.96e-25
  9.8072e+06   1.63e-25
  1.0116e+07   1.33e-25
  1.0434e+07   1.07e-25
  1.0762e+07   8.66e-26
  1.1100e+07   6.99e-26
  1.1449e+07   5.55e-26
  1.1809e+07   4.33e-26
  1.2181e+07   3.44e-26
  1.2564e+07   2.71e-26
  1.2959e+07   2.10e-26
  1.3366e+07   1.60e-26
  1.3786e+07   1.27e-26
  1.4220e+07   9.92e-27
