#  E [GeV]   # per interaction  [GeV^{-1}]
  3.0000e+01   6.81e-01
  3.1141e+01   6.54e-01
  3.2326e+01   6.29e-01
  3.3556e+01   6.04e-01
  3.4832e+01   5.81e-01
  3.6157e+01   5.58e-01
  3.7533e+01   5.36e-01
  3.8961e+01   5.15e-01
  4.0443e+01   4.95e-01
  4.1982e+01   4.75e-01
  4.3579e+01   4.56e-01
  4.5237e+01   4.38e-01
  4.6958e+01   4.21e-01
  4.8744e+01   4.04e-01
  5.0598e+01   3.88e-01
  5.2523e+01   3.73e-01
  5.4521e+01   3.58e-01
  5.6596e+01   3.44e-01
  5.8749e+01   3.30e-01
  6.0984e+01   3.17e-01
  6.3304e+01   3.04e-01
  6.5712e+01   2.92e-01
  6.8212e+01   2.80e-01
  7.0807e+01   2.68e-01
  7.3500e+01   2.57e-01
  7.6297e+01   2.47e-01
  7.9199e+01   2.37e-01
  8.2212e+01   2.27e-01
  8.5340e+01   2.18e-01
  8.8586e+01   2.09e-01
  9.1956e+01   2.00e-01
  9.5455e+01   1.92e-01
  9.9086e+01   1.84e-01
  1.0286e+02   1.76e-01
  1.0677e+02   1.68e-01
  1.1083e+02   1.61e-01
  1.1505e+02   1.54e-01
  1.1942e+02   1.48e-01
  1.2397e+02   1.41e-01
  1.2868e+02   1.35e-01
  1.3358e+02   1.29e-01
  1.3866e+02   1.24e-01
  1.4394e+02   1.18e-01
  1.4941e+02   1.13e-01
  1.5509e+02   1.08e-01
  1.6100e+02   1.03e-01
  1.6712e+02   9.86e-02
  1.7348e+02   9.41e-02
  1.8008e+02   8.98e-02
  1.8693e+02   8.57e-02
  1.9404e+02   8.17e-02
  2.0142e+02   7.79e-02
  2.0908e+02   7.42e-02
  2.1704e+02   7.07e-02
  2.2529e+02   6.74e-02
  2.3387e+02   6.41e-02
  2.4276e+02   6.10e-02
  2.5200e+02   5.81e-02
  2.6158e+02   5.52e-02
  2.7154e+02   5.25e-02
  2.8187e+02   4.99e-02
  2.9259e+02   4.74e-02
  3.0372e+02   4.50e-02
  3.1527e+02   4.27e-02
  3.2727e+02   4.05e-02
  3.3972e+02   3.84e-02
  3.5264e+02   3.64e-02
  3.6606e+02   3.44e-02
  3.7998e+02   3.26e-02
  3.9444e+02   3.08e-02
  4.0945e+02   2.91e-02
  4.2502e+02   2.75e-02
  4.4119e+02   2.60e-02
  4.5798e+02   2.46e-02
  4.7540e+02   2.32e-02
  4.9348e+02   2.19e-02
  5.1226e+02   2.06e-02
  5.3175e+02   1.94e-02
  5.5198e+02   1.83e-02
  5.7297e+02   1.72e-02
  5.9477e+02   1.62e-02
  6.1740e+02   1.52e-02
  6.4089e+02   1.43e-02
  6.6527e+02   1.34e-02
  6.9058e+02   1.26e-02
  7.1685e+02   1.18e-02
  7.4412e+02   1.11e-02
  7.7243e+02   1.04e-02
  8.0181e+02   9.71e-03
  8.3232e+02   9.09e-03
  8.6398e+02   8.51e-03
  8.9685e+02   7.95e-03
  9.3097e+02   7.44e-03
  9.6638e+02   6.95e-03
  1.0031e+03   6.49e-03
  1.0413e+03   6.06e-03
  1.0809e+03   5.65e-03
  1.1220e+03   5.27e-03
  1.1647e+03   4.91e-03
  1.2090e+03   4.57e-03
  1.2550e+03   4.25e-03
  1.3028e+03   3.96e-03
  1.3523e+03   3.68e-03
  1.4038e+03   3.41e-03
  1.4572e+03   3.17e-03
  1.5126e+03   2.94e-03
  1.5702e+03   2.72e-03
  1.6299e+03   2.53e-03
  1.6919e+03   2.34e-03
  1.7563e+03   2.16e-03
  1.8231e+03   2.00e-03
  1.8925e+03   1.85e-03
  1.9645e+03   1.70e-03
  2.0392e+03   1.57e-03
  2.1168e+03   1.45e-03
  2.1973e+03   1.34e-03
  2.2809e+03   1.23e-03
  2.3677e+03   1.13e-03
  2.4577e+03   1.04e-03
  2.5512e+03   9.55e-04
  2.6483e+03   8.77e-04
  2.7490e+03   8.03e-04
  2.8536e+03   7.35e-04
  2.9622e+03   6.73e-04
  3.0749e+03   6.14e-04
  3.1918e+03   5.61e-04
  3.3133e+03   5.12e-04
  3.4393e+03   4.67e-04
  3.5702e+03   4.24e-04
  3.7060e+03   3.87e-04
  3.8470e+03   3.51e-04
  3.9933e+03   3.18e-04
  4.1452e+03   2.89e-04
  4.3029e+03   2.62e-04
  4.4666e+03   2.37e-04
  4.6366e+03   2.14e-04
  4.8129e+03   1.94e-04
  4.9960e+03   1.74e-04
  5.1861e+03   1.57e-04
  5.3834e+03   1.41e-04
  5.5882e+03   1.27e-04
  5.8008e+03   1.14e-04
  6.0215e+03   1.02e-04
  6.2506e+03   9.11e-05
  6.4883e+03   8.17e-05
  6.7352e+03   7.30e-05
  6.9914e+03   6.48e-05
  7.2574e+03   5.79e-05
  7.5335e+03   5.15e-05
  7.8201e+03   4.56e-05
  8.1176e+03   4.05e-05
  8.4264e+03   3.59e-05
  8.7470e+03   3.16e-05
  9.0797e+03   2.80e-05
  9.4251e+03   2.47e-05
  9.7837e+03   2.17e-05
  1.0156e+04   1.90e-05
  1.0542e+04   1.67e-05
  1.0943e+04   1.46e-05
  1.1360e+04   1.27e-05
  1.1792e+04   1.11e-05
  1.2240e+04   9.64e-06
  1.2706e+04   8.34e-06
  1.3189e+04   7.25e-06
  1.3691e+04   6.25e-06
  1.4212e+04   5.36e-06
  1.4753e+04   4.63e-06
  1.5314e+04   3.95e-06
  1.5897e+04   3.35e-06
  1.6501e+04   2.87e-06
  1.7129e+04   2.43e-06
  1.7781e+04   2.04e-06
  1.8457e+04   1.73e-06
  1.9159e+04   1.44e-06
  1.9888e+04   1.19e-06
  2.0645e+04   9.93e-07
  2.1430e+04   8.16e-07
  2.2245e+04   6.58e-07
  2.3092e+04   5.36e-07
  2.3970e+04   4.28e-07
  2.4882e+04   3.34e-07
  2.5829e+04   2.63e-07
  2.6811e+04   2.02e-07
  2.7831e+04   1.51e-07
  2.8890e+04   1.12e-07
  2.9989e+04   8.16e-08
  3.1130e+04   5.67e-08
  3.2314e+04   3.87e-08
  3.3544e+04   2.53e-08
  3.4820e+04   1.56e-08
  3.6144e+04   9.05e-09
  3.7519e+04   4.89e-09
  3.8947e+04   2.36e-09
  4.0428e+04   1.02e-09
  4.1966e+04   3.76e-10
  4.3563e+04   1.13e-10
  4.5220e+04   2.61e-11
  4.6941e+04   4.33e-12
  4.8726e+04   4.61e-13
  5.0580e+04   2.75e-14
