#  E [MeV]   Flux [# cm^{-2} s^{-1}  MeV^{-1}]
  3.0000e+04   2.43e-20
  3.1033e+04   2.34e-20
  3.2102e+04   2.25e-20
  3.3207e+04   2.17e-20
  3.4350e+04   2.09e-20
  3.5533e+04   2.01e-20
  3.6757e+04   1.93e-20
  3.8022e+04   1.86e-20
  3.9332e+04   1.79e-20
  4.0686e+04   1.72e-20
  4.2087e+04   1.66e-20
  4.3536e+04   1.60e-20
  4.5035e+04   1.53e-20
  4.6586e+04   1.48e-20
  4.8190e+04   1.42e-20
  4.9850e+04   1.36e-20
  5.1566e+04   1.31e-20
  5.3342e+04   1.26e-20
  5.5178e+04   1.21e-20
  5.7078e+04   1.16e-20
  5.9044e+04   1.12e-20
  6.1077e+04   1.07e-20
  6.3180e+04   1.03e-20
  6.5356e+04   9.89e-21
  6.7606e+04   9.49e-21
  6.9934e+04   9.11e-21
  7.2342e+04   8.74e-21
  7.4833e+04   8.38e-21
  7.7410e+04   8.04e-21
  8.0075e+04   7.70e-21
  8.2833e+04   7.38e-21
  8.5685e+04   7.07e-21
  8.8635e+04   6.77e-21
  9.1687e+04   6.49e-21
  9.4844e+04   6.21e-21
  9.8110e+04   5.94e-21
  1.0149e+05   5.69e-21
  1.0498e+05   5.44e-21
  1.0860e+05   5.20e-21
  1.1234e+05   4.97e-21
  1.1621e+05   4.75e-21
  1.2021e+05   4.54e-21
  1.2435e+05   4.33e-21
  1.2863e+05   4.14e-21
  1.3306e+05   3.95e-21
  1.3764e+05   3.77e-21
  1.4238e+05   3.59e-21
  1.4728e+05   3.42e-21
  1.5235e+05   3.26e-21
  1.5760e+05   3.10e-21
  1.6302e+05   2.95e-21
  1.6864e+05   2.81e-21
  1.7445e+05   2.67e-21
  1.8045e+05   2.54e-21
  1.8667e+05   2.41e-21
  1.9309e+05   2.29e-21
  1.9974e+05   2.17e-21
  2.0662e+05   2.06e-21
  2.1373e+05   1.95e-21
  2.2109e+05   1.85e-21
  2.2871e+05   1.75e-21
  2.3658e+05   1.66e-21
  2.4473e+05   1.57e-21
  2.5316e+05   1.48e-21
  2.6187e+05   1.40e-21
  2.7089e+05   1.32e-21
  2.8022e+05   1.24e-21
  2.8987e+05   1.17e-21
  2.9985e+05   1.10e-21
  3.1017e+05   1.04e-21
  3.2085e+05   9.75e-22
  3.3190e+05   9.16e-22
  3.4333e+05   8.60e-22
  3.5515e+05   8.06e-22
  3.6738e+05   7.55e-22
  3.8003e+05   7.07e-22
  3.9312e+05   6.62e-22
  4.0665e+05   6.19e-22
  4.2066e+05   5.78e-22
  4.3514e+05   5.39e-22
  4.5013e+05   5.03e-22
  4.6562e+05   4.69e-22
  4.8166e+05   4.36e-22
  4.9824e+05   4.06e-22
  5.1540e+05   3.78e-22
  5.3315e+05   3.51e-22
  5.5150e+05   3.26e-22
  5.7050e+05   3.02e-22
  5.9014e+05   2.80e-22
  6.1046e+05   2.59e-22
  6.3148e+05   2.40e-22
  6.5322e+05   2.22e-22
  6.7572e+05   2.05e-22
  6.9898e+05   1.90e-22
  7.2305e+05   1.75e-22
  7.4795e+05   1.62e-22
  7.7371e+05   1.49e-22
  8.0035e+05   1.38e-22
  8.2791e+05   1.27e-22
  8.5641e+05   1.17e-22
  8.8590e+05   1.08e-22
  9.1641e+05   9.93e-23
  9.4796e+05   9.13e-23
  9.8061e+05   8.41e-23
  1.0144e+06   7.74e-23
  1.0493e+06   7.12e-23
  1.0854e+06   6.55e-23
  1.1228e+06   6.03e-23
  1.1615e+06   5.54e-23
  1.2015e+06   5.10e-23
  1.2428e+06   4.69e-23
  1.2856e+06   4.31e-23
  1.3299e+06   3.95e-23
  1.3757e+06   3.64e-23
  1.4231e+06   3.34e-23
  1.4721e+06   3.07e-23
  1.5228e+06   2.82e-23
  1.5752e+06   2.59e-23
  1.6294e+06   2.38e-23
  1.6855e+06   2.18e-23
  1.7436e+06   2.00e-23
  1.8036e+06   1.84e-23
  1.8657e+06   1.68e-23
  1.9300e+06   1.54e-23
  1.9964e+06   1.41e-23
  2.0652e+06   1.29e-23
  2.1363e+06   1.18e-23
  2.2098e+06   1.08e-23
  2.2859e+06   9.92e-24
  2.3646e+06   9.05e-24
  2.4461e+06   8.28e-24
  2.5303e+06   7.56e-24
  2.6174e+06   6.88e-24
  2.7075e+06   6.27e-24
  2.8008e+06   5.72e-24
  2.8972e+06   5.20e-24
  2.9970e+06   4.71e-24
  3.1002e+06   4.29e-24
  3.2069e+06   3.89e-24
  3.3173e+06   3.52e-24
  3.4316e+06   3.19e-24
  3.5497e+06   2.89e-24
  3.6720e+06   2.60e-24
  3.7984e+06   2.34e-24
  3.9292e+06   2.11e-24
  4.0645e+06   1.90e-24
  4.2044e+06   1.70e-24
  4.3492e+06   1.53e-24
  4.4990e+06   1.37e-24
  4.6539e+06   1.22e-24
  4.8141e+06   1.09e-24
  4.9799e+06   9.73e-25
  5.1514e+06   8.63e-25
  5.3288e+06   7.63e-25
  5.5123e+06   6.78e-25
  5.7021e+06   5.99e-25
  5.8984e+06   5.26e-25
  6.1015e+06   4.64e-25
  6.3116e+06   4.09e-25
  6.5289e+06   3.57e-25
  6.7538e+06   3.12e-25
  6.9863e+06   2.73e-25
  7.2269e+06   2.37e-25
  7.4757e+06   2.05e-25
  7.7331e+06   1.78e-25
  7.9994e+06   1.54e-25
  8.2749e+06   1.32e-25
  8.5598e+06   1.14e-25
  8.8546e+06   9.75e-26
  9.1594e+06   8.31e-26
  9.4748e+06   7.04e-26
  9.8011e+06   6.01e-26
  1.0139e+07   5.08e-26
  1.0488e+07   4.26e-26
  1.0849e+07   3.59e-26
  1.1222e+07   3.00e-26
  1.1609e+07   2.49e-26
  1.2009e+07   2.05e-26
  1.2422e+07   1.69e-26
  1.2850e+07   1.38e-26
  1.3292e+07   1.11e-26
  1.3750e+07   8.91e-27
  1.4223e+07   7.06e-27
  1.4713e+07   5.49e-27
  1.5220e+07   4.26e-27
  1.5744e+07   3.27e-27
  1.6286e+07   2.44e-27
  1.6847e+07   1.79e-27
  1.7427e+07   1.31e-27
  1.8027e+07   9.19e-28
  1.8648e+07   6.20e-28
  1.9290e+07   4.25e-28
  1.9954e+07   2.79e-28
  2.0641e+07   1.71e-28
  2.1352e+07   1.06e-28
  2.2087e+07   6.62e-29
  2.2848e+07   3.61e-29
  2.3634e+07   1.73e-29
  2.4448e+07   7.37e-30
  2.5290e+07   2.71e-30
