#  E [MeV]   Flux [# cm^{-2} s^{-1}  MeV^{-1}]
  3.0000e+04   3.81e-19
  3.0854e+04   3.69e-19
  3.1733e+04   3.57e-19
  3.2636e+04   3.45e-19
  3.3566e+04   3.34e-19
  3.4521e+04   3.23e-19
  3.5504e+04   3.12e-19
  3.6515e+04   3.02e-19
  3.7555e+04   2.91e-19
  3.8625e+04   2.82e-19
  3.9724e+04   2.72e-19
  4.0855e+04   2.62e-19
  4.2019e+04   2.53e-19
  4.3215e+04   2.44e-19
  4.4446e+04   2.36e-19
  4.5711e+04   2.27e-19
  4.7013e+04   2.19e-19
  4.8352e+04   2.11e-19
  4.9728e+04   2.04e-19
  5.1144e+04   1.96e-19
  5.2601e+04   1.89e-19
  5.4099e+04   1.82e-19
  5.5639e+04   1.75e-19
  5.7223e+04   1.68e-19
  5.8853e+04   1.62e-19
  6.0528e+04   1.56e-19
  6.2252e+04   1.50e-19
  6.4025e+04   1.44e-19
  6.5848e+04   1.38e-19
  6.7723e+04   1.33e-19
  6.9651e+04   1.27e-19
  7.1634e+04   1.22e-19
  7.3674e+04   1.17e-19
  7.5772e+04   1.13e-19
  7.7929e+04   1.08e-19
  8.0148e+04   1.03e-19
  8.2431e+04   9.91e-20
  8.4778e+04   9.49e-20
  8.7192e+04   9.09e-20
  8.9674e+04   8.70e-20
  9.2228e+04   8.32e-20
  9.4854e+04   7.96e-20
  9.7555e+04   7.61e-20
  1.0033e+05   7.28e-20
  1.0319e+05   6.95e-20
  1.0613e+05   6.64e-20
  1.0915e+05   6.34e-20
  1.1226e+05   6.05e-20
  1.1545e+05   5.77e-20
  1.1874e+05   5.50e-20
  1.2212e+05   5.25e-20
  1.2560e+05   5.00e-20
  1.2918e+05   4.77e-20
  1.3286e+05   4.54e-20
  1.3664e+05   4.32e-20
  1.4053e+05   4.12e-20
  1.4453e+05   3.92e-20
  1.4865e+05   3.73e-20
  1.5288e+05   3.55e-20
  1.5723e+05   3.37e-20
  1.6171e+05   3.21e-20
  1.6631e+05   3.05e-20
  1.7105e+05   2.89e-20
  1.7592e+05   2.75e-20
  1.8093e+05   2.61e-20
  1.8608e+05   2.47e-20
  1.9138e+05   2.34e-20
  1.9683e+05   2.22e-20
  2.0243e+05   2.10e-20
  2.0820e+05   1.99e-20
  2.1413e+05   1.88e-20
  2.2022e+05   1.78e-20
  2.2649e+05   1.68e-20
  2.3294e+05   1.59e-20
  2.3958e+05   1.50e-20
  2.4640e+05   1.41e-20
  2.5341e+05   1.33e-20
  2.6063e+05   1.26e-20
  2.6805e+05   1.18e-20
  2.7568e+05   1.11e-20
  2.8353e+05   1.05e-20
  2.9161e+05   9.85e-21
  2.9991e+05   9.25e-21
  3.0845e+05   8.68e-21
  3.1723e+05   8.16e-21
  3.2627e+05   7.66e-21
  3.3556e+05   7.18e-21
  3.4511e+05   6.72e-21
  3.5494e+05   6.30e-21
  3.6504e+05   5.89e-21
  3.7544e+05   5.51e-21
  3.8613e+05   5.14e-21
  3.9712e+05   4.81e-21
  4.0843e+05   4.49e-21
  4.2006e+05   4.18e-21
  4.3202e+05   3.89e-21
  4.4432e+05   3.63e-21
  4.5698e+05   3.38e-21
  4.6999e+05   3.14e-21
  4.8337e+05   2.91e-21
  4.9713e+05   2.71e-21
  5.1129e+05   2.51e-21
  5.2585e+05   2.33e-21
  5.4082e+05   2.15e-21
  5.5622e+05   2.00e-21
  5.7206e+05   1.85e-21
  5.8835e+05   1.71e-21
  6.0510e+05   1.58e-21
  6.2233e+05   1.46e-21
  6.4005e+05   1.35e-21
  6.5828e+05   1.24e-21
  6.7702e+05   1.14e-21
  6.9630e+05   1.05e-21
  7.1613e+05   9.68e-22
  7.3652e+05   8.91e-22
  7.5749e+05   8.17e-22
  7.7906e+05   7.49e-22
  8.0124e+05   6.89e-22
  8.2406e+05   6.32e-22
  8.4752e+05   5.78e-22
  8.7165e+05   5.28e-22
  8.9647e+05   4.85e-22
  9.2200e+05   4.44e-22
  9.4825e+05   4.05e-22
  9.7526e+05   3.69e-22
  1.0030e+06   3.38e-22
  1.0316e+06   3.09e-22
  1.0610e+06   2.81e-22
  1.0912e+06   2.55e-22
  1.1222e+06   2.33e-22
  1.1542e+06   2.13e-22
  1.1871e+06   1.93e-22
  1.2209e+06   1.75e-22
  1.2556e+06   1.60e-22
  1.2914e+06   1.45e-22
  1.3281e+06   1.32e-22
  1.3660e+06   1.19e-22
  1.4049e+06   1.08e-22
  1.4449e+06   9.85e-23
  1.4860e+06   8.92e-23
  1.5283e+06   8.04e-23
  1.5718e+06   7.30e-23
  1.6166e+06   6.62e-23
  1.6626e+06   5.98e-23
  1.7100e+06   5.38e-23
  1.7587e+06   4.86e-23
  1.8087e+06   4.41e-23
  1.8602e+06   3.98e-23
  1.9132e+06   3.57e-23
  1.9677e+06   3.22e-23
  2.0237e+06   2.92e-23
  2.0813e+06   2.63e-23
  2.1406e+06   2.36e-23
  2.2016e+06   2.12e-23
  2.2642e+06   1.92e-23
  2.3287e+06   1.73e-23
  2.3950e+06   1.55e-23
  2.4632e+06   1.39e-23
  2.5334e+06   1.26e-23
  2.6055e+06   1.13e-23
  2.6797e+06   1.01e-23
  2.7560e+06   9.03e-24
  2.8345e+06   8.17e-24
  2.9152e+06   7.35e-24
  2.9982e+06   6.57e-24
  3.0836e+06   5.85e-24
  3.1714e+06   5.29e-24
  3.2617e+06   4.76e-24
  3.3545e+06   4.25e-24
  3.4501e+06   3.78e-24
  3.5483e+06   3.41e-24
  3.6493e+06   3.06e-24
  3.7532e+06   2.73e-24
  3.8601e+06   2.41e-24
  3.9700e+06   2.18e-24
  4.0831e+06   1.96e-24
  4.1993e+06   1.75e-24
  4.3189e+06   1.55e-24
  4.4419e+06   1.40e-24
  4.5684e+06   1.27e-24
  4.6985e+06   1.14e-24
  4.8322e+06   1.02e-24
  4.9698e+06   9.29e-25
  5.1114e+06   8.51e-25
  5.2569e+06   7.78e-25
  5.4066e+06   7.08e-25
  5.5605e+06   6.53e-25
  5.7189e+06   6.06e-25
  5.8817e+06   5.62e-25
  6.0492e+06   5.20e-25
  6.2214e+06   4.86e-25
  6.3986e+06   4.57e-25
  6.5808e+06   4.30e-25
  6.7682e+06   4.04e-25
  6.9609e+06   3.81e-25
  7.1591e+06   3.62e-25
  7.3630e+06   3.44e-25
  7.5726e+06   3.26e-25
  7.7882e+06   3.09e-25
  8.0100e+06   2.94e-25
