#  E [GeV]   # per interaction  [GeV^{-1}]
  3.0000e+01   5.47e-01
  3.0943e+01   5.29e-01
  3.1916e+01   5.11e-01
  3.2920e+01   4.95e-01
  3.3955e+01   4.78e-01
  3.5023e+01   4.62e-01
  3.6124e+01   4.47e-01
  3.7260e+01   4.32e-01
  3.8432e+01   4.17e-01
  3.9640e+01   4.03e-01
  4.0887e+01   3.89e-01
  4.2172e+01   3.76e-01
  4.3499e+01   3.63e-01
  4.4866e+01   3.50e-01
  4.6277e+01   3.38e-01
  4.7732e+01   3.26e-01
  4.9233e+01   3.14e-01
  5.0781e+01   3.03e-01
  5.2378e+01   2.92e-01
  5.4025e+01   2.81e-01
  5.5724e+01   2.71e-01
  5.7476e+01   2.61e-01
  5.9284e+01   2.51e-01
  6.1148e+01   2.42e-01
  6.3071e+01   2.32e-01
  6.5054e+01   2.24e-01
  6.7100e+01   2.15e-01
  6.9210e+01   2.07e-01
  7.1386e+01   1.99e-01
  7.3631e+01   1.91e-01
  7.5946e+01   1.84e-01
  7.8334e+01   1.76e-01
  8.0797e+01   1.69e-01
  8.3338e+01   1.62e-01
  8.5959e+01   1.56e-01
  8.8662e+01   1.49e-01
  9.1450e+01   1.43e-01
  9.4325e+01   1.37e-01
  9.7291e+01   1.31e-01
  1.0035e+02   1.26e-01
  1.0351e+02   1.20e-01
  1.0676e+02   1.15e-01
  1.1012e+02   1.10e-01
  1.1358e+02   1.05e-01
  1.1715e+02   1.01e-01
  1.2084e+02   9.61e-02
  1.2464e+02   9.18e-02
  1.2856e+02   8.76e-02
  1.3260e+02   8.36e-02
  1.3677e+02   7.97e-02
  1.4107e+02   7.60e-02
  1.4550e+02   7.24e-02
  1.5008e+02   6.90e-02
  1.5480e+02   6.56e-02
  1.5967e+02   6.25e-02
  1.6469e+02   5.94e-02
  1.6987e+02   5.65e-02
  1.7521e+02   5.37e-02
  1.8072e+02   5.10e-02
  1.8640e+02   4.84e-02
  1.9226e+02   4.59e-02
  1.9831e+02   4.35e-02
  2.0454e+02   4.12e-02
  2.1097e+02   3.91e-02
  2.1761e+02   3.70e-02
  2.2445e+02   3.50e-02
  2.3151e+02   3.31e-02
  2.3879e+02   3.13e-02
  2.4630e+02   2.96e-02
  2.5404e+02   2.80e-02
  2.6203e+02   2.64e-02
  2.7027e+02   2.49e-02
  2.7877e+02   2.35e-02
  2.8753e+02   2.22e-02
  2.9657e+02   2.09e-02
  3.0590e+02   1.97e-02
  3.1552e+02   1.85e-02
  3.2544e+02   1.74e-02
  3.3567e+02   1.63e-02
  3.4623e+02   1.53e-02
  3.5712e+02   1.44e-02
  3.6835e+02   1.35e-02
  3.7993e+02   1.26e-02
  3.9188e+02   1.18e-02
  4.0420e+02   1.11e-02
  4.1691e+02   1.04e-02
  4.3002e+02   9.67e-03
  4.4354e+02   9.03e-03
  4.5749e+02   8.42e-03
  4.7187e+02   7.85e-03
  4.8671e+02   7.31e-03
  5.0202e+02   6.81e-03
  5.1780e+02   6.33e-03
  5.3409e+02   5.88e-03
  5.5088e+02   5.46e-03
  5.6820e+02   5.07e-03
  5.8607e+02   4.71e-03
  6.0450e+02   4.36e-03
  6.2351e+02   4.04e-03
  6.4311e+02   3.74e-03
  6.6334e+02   3.46e-03
  6.8419e+02   3.19e-03
  7.0571e+02   2.95e-03
  7.2790e+02   2.72e-03
  7.5079e+02   2.51e-03
  7.7440e+02   2.31e-03
  7.9875e+02   2.13e-03
  8.2387e+02   1.96e-03
  8.4977e+02   1.80e-03
  8.7649e+02   1.66e-03
  9.0405e+02   1.52e-03
  9.3248e+02   1.40e-03
  9.6180e+02   1.28e-03
  9.9205e+02   1.17e-03
  1.0232e+03   1.08e-03
  1.0554e+03   9.86e-04
  1.0886e+03   9.01e-04
  1.1228e+03   8.26e-04
  1.1581e+03   7.55e-04
  1.1946e+03   6.88e-04
  1.2321e+03   6.29e-04
  1.2709e+03   5.75e-04
  1.3108e+03   5.24e-04
  1.3521e+03   4.77e-04
  1.3946e+03   4.35e-04
  1.4384e+03   3.96e-04
  1.4837e+03   3.60e-04
  1.5303e+03   3.26e-04
  1.5784e+03   2.97e-04
  1.6281e+03   2.70e-04
  1.6793e+03   2.45e-04
  1.7321e+03   2.22e-04
  1.7865e+03   2.01e-04
  1.8427e+03   1.83e-04
  1.9006e+03   1.65e-04
  1.9604e+03   1.49e-04
  2.0221e+03   1.35e-04
  2.0856e+03   1.22e-04
  2.1512e+03   1.10e-04
  2.2189e+03   9.93e-05
  2.2886e+03   8.97e-05
  2.3606e+03   8.06e-05
  2.4348e+03   7.23e-05
  2.5114e+03   6.53e-05
  2.5904e+03   5.88e-05
  2.6718e+03   5.26e-05
  2.7558e+03   4.72e-05
  2.8425e+03   4.24e-05
  2.9319e+03   3.80e-05
  3.0241e+03   3.38e-05
  3.1192e+03   3.03e-05
  3.2173e+03   2.72e-05
  3.3184e+03   2.42e-05
  3.4228e+03   2.14e-05
  3.5304e+03   1.92e-05
  3.6414e+03   1.71e-05
  3.7559e+03   1.52e-05
  3.8740e+03   1.34e-05
  3.9958e+03   1.20e-05
  4.1215e+03   1.07e-05
  4.2511e+03   9.38e-06
  4.3848e+03   8.31e-06
  4.5227e+03   7.39e-06
  4.6649e+03   6.53e-06
  4.8116e+03   5.71e-06
  4.9629e+03   5.07e-06
  5.1189e+03   4.48e-06
  5.2799e+03   3.94e-06
  5.4459e+03   3.44e-06
  5.6171e+03   3.05e-06
  5.7938e+03   2.69e-06
  5.9760e+03   2.35e-06
  6.1639e+03   2.05e-06
  6.3577e+03   1.80e-06
  6.5576e+03   1.57e-06
  6.7638e+03   1.35e-06
  6.9765e+03   1.18e-06
  7.1959e+03   1.03e-06
  7.4222e+03   8.97e-07
  7.6556e+03   7.70e-07
  7.8963e+03   6.78e-07
  8.1446e+03   5.92e-07
  8.4007e+03   5.12e-07
  8.6649e+03   4.44e-07
  8.9373e+03   3.92e-07
  9.2184e+03   3.44e-07
  9.5082e+03   3.00e-07
  9.8072e+03   2.64e-07
  1.0116e+04   2.33e-07
  1.0434e+04   2.06e-07
  1.0762e+04   1.80e-07
  1.1100e+04   1.60e-07
  1.1449e+04   1.43e-07
  1.1809e+04   1.27e-07
  1.2181e+04   1.12e-07
  1.2564e+04   9.94e-08
  1.2959e+04   8.79e-08
  1.3366e+04   7.72e-08
  1.3786e+04   6.75e-08
  1.4220e+04   5.88e-08
