#  E [GeV]   # per interaction  [GeV^{-1}]
  3.0000e+01   1.56e-02
  3.0854e+01   1.52e-02
  3.1733e+01   1.47e-02
  3.2636e+01   1.42e-02
  3.3566e+01   1.38e-02
  3.4521e+01   1.33e-02
  3.5504e+01   1.29e-02
  3.6515e+01   1.25e-02
  3.7555e+01   1.21e-02
  3.8625e+01   1.18e-02
  3.9724e+01   1.14e-02
  4.0855e+01   1.10e-02
  4.2019e+01   1.07e-02
  4.3215e+01   1.04e-02
  4.4446e+01   1.01e-02
  4.5711e+01   9.76e-03
  4.7013e+01   9.46e-03
  4.8352e+01   9.18e-03
  4.9728e+01   8.90e-03
  5.1144e+01   8.64e-03
  5.2601e+01   8.38e-03
  5.4099e+01   8.14e-03
  5.5639e+01   7.90e-03
  5.7223e+01   7.67e-03
  5.8853e+01   7.45e-03
  6.0528e+01   7.23e-03
  6.2252e+01   7.03e-03
  6.4025e+01   6.83e-03
  6.5848e+01   6.64e-03
  6.7723e+01   6.45e-03
  6.9651e+01   6.27e-03
  7.1634e+01   6.10e-03
  7.3674e+01   5.93e-03
  7.5772e+01   5.77e-03
  7.7929e+01   5.61e-03
  8.0148e+01   5.47e-03
  8.2431e+01   5.32e-03
  8.4778e+01   5.18e-03
  8.7192e+01   5.04e-03
  8.9674e+01   4.91e-03
  9.2228e+01   4.79e-03
  9.4854e+01   4.67e-03
  9.7555e+01   4.55e-03
  1.0033e+02   4.44e-03
  1.0319e+02   4.33e-03
  1.0613e+02   4.22e-03
  1.0915e+02   4.12e-03
  1.1226e+02   4.02e-03
  1.1545e+02   3.93e-03
  1.1874e+02   3.83e-03
  1.2212e+02   3.74e-03
  1.2560e+02   3.66e-03
  1.2918e+02   3.57e-03
  1.3286e+02   3.49e-03
  1.3664e+02   3.41e-03
  1.4053e+02   3.34e-03
  1.4453e+02   3.26e-03
  1.4865e+02   3.19e-03
  1.5288e+02   3.12e-03
  1.5723e+02   3.05e-03
  1.6171e+02   2.99e-03
  1.6631e+02   2.92e-03
  1.7105e+02   2.86e-03
  1.7592e+02   2.80e-03
  1.8093e+02   2.74e-03
  1.8608e+02   2.68e-03
  1.9138e+02   2.62e-03
  1.9683e+02   2.57e-03
  2.0243e+02   2.52e-03
  2.0820e+02   2.46e-03
  2.1413e+02   2.41e-03
  2.2022e+02   2.36e-03
  2.2649e+02   2.31e-03
  2.3294e+02   2.26e-03
  2.3958e+02   2.21e-03
  2.4640e+02   2.17e-03
  2.5341e+02   2.12e-03
  2.6063e+02   2.08e-03
  2.6805e+02   2.03e-03
  2.7568e+02   1.99e-03
  2.8353e+02   1.95e-03
  2.9161e+02   1.90e-03
  2.9991e+02   1.86e-03
  3.0845e+02   1.82e-03
  3.1723e+02   1.78e-03
  3.2627e+02   1.74e-03
  3.3556e+02   1.70e-03
  3.4511e+02   1.66e-03
  3.5494e+02   1.63e-03
  3.6504e+02   1.59e-03
  3.7544e+02   1.55e-03
  3.8613e+02   1.51e-03
  3.9712e+02   1.48e-03
  4.0843e+02   1.44e-03
  4.2006e+02   1.41e-03
  4.3202e+02   1.37e-03
  4.4432e+02   1.34e-03
  4.5698e+02   1.31e-03
  4.6999e+02   1.27e-03
  4.8337e+02   1.24e-03
  4.9713e+02   1.21e-03
  5.1129e+02   1.18e-03
  5.2585e+02   1.14e-03
  5.4082e+02   1.11e-03
  5.5622e+02   1.08e-03
  5.7206e+02   1.05e-03
  5.8835e+02   1.02e-03
  6.0510e+02   9.95e-04
  6.2233e+02   9.66e-04
  6.4005e+02   9.38e-04
  6.5828e+02   9.11e-04
  6.7702e+02   8.84e-04
  6.9630e+02   8.58e-04
  7.1613e+02   8.32e-04
  7.3652e+02   8.06e-04
  7.5749e+02   7.82e-04
  7.7906e+02   7.57e-04
  8.0124e+02   7.33e-04
  8.2406e+02   7.10e-04
  8.4752e+02   6.87e-04
  8.7165e+02   6.64e-04
  8.9647e+02   6.42e-04
  9.2200e+02   6.21e-04
  9.4825e+02   6.00e-04
  9.7526e+02   5.80e-04
  1.0030e+03   5.59e-04
  1.0316e+03   5.40e-04
  1.0610e+03   5.21e-04
  1.0912e+03   5.03e-04
  1.1222e+03   4.84e-04
  1.1542e+03   4.67e-04
  1.1871e+03   4.50e-04
  1.2209e+03   4.33e-04
  1.2556e+03   4.17e-04
  1.2914e+03   4.01e-04
  1.3281e+03   3.85e-04
  1.3660e+03   3.71e-04
  1.4049e+03   3.56e-04
  1.4449e+03   3.41e-04
  1.4860e+03   3.28e-04
  1.5283e+03   3.15e-04
  1.5718e+03   3.01e-04
  1.6166e+03   2.88e-04
  1.6626e+03   2.76e-04
  1.7100e+03   2.64e-04
  1.7587e+03   2.52e-04
  1.8087e+03   2.40e-04
  1.8602e+03   2.29e-04
  1.9132e+03   2.19e-04
  1.9677e+03   2.08e-04
  2.0237e+03   1.98e-04
  2.0813e+03   1.88e-04
  2.1406e+03   1.79e-04
  2.2016e+03   1.70e-04
  2.2642e+03   1.61e-04
  2.3287e+03   1.52e-04
  2.3950e+03   1.44e-04
  2.4632e+03   1.36e-04
  2.5334e+03   1.28e-04
  2.6055e+03   1.21e-04
  2.6797e+03   1.14e-04
  2.7560e+03   1.07e-04
  2.8345e+03   1.01e-04
  2.9152e+03   9.43e-05
  2.9982e+03   8.82e-05
  3.0836e+03   8.25e-05
  3.1714e+03   7.68e-05
  3.2617e+03   7.14e-05
  3.3545e+03   6.63e-05
  3.4501e+03   6.14e-05
  3.5483e+03   5.67e-05
  3.6493e+03   5.24e-05
  3.7532e+03   4.82e-05
  3.8601e+03   4.42e-05
  3.9700e+03   4.05e-05
  4.0831e+03   3.71e-05
  4.1993e+03   3.38e-05
  4.3189e+03   3.06e-05
  4.4419e+03   2.79e-05
  4.5684e+03   2.52e-05
  4.6985e+03   2.28e-05
  4.8322e+03   2.04e-05
  4.9698e+03   1.84e-05
  5.1114e+03   1.65e-05
  5.2569e+03   1.46e-05
  5.4066e+03   1.29e-05
  5.5605e+03   1.15e-05
  5.7189e+03   1.02e-05
  5.8817e+03   8.99e-06
  6.0492e+03   7.85e-06
  6.2214e+03   6.90e-06
  6.3986e+03   6.10e-06
  6.5808e+03   5.34e-06
  6.7682e+03   4.63e-06
  6.9609e+03   4.06e-06
  7.1591e+03   3.60e-06
  7.3630e+03   3.18e-06
  7.5726e+03   2.78e-06
  7.7882e+03   2.47e-06
  8.0100e+03   2.25e-06
