#  E [GeV]   # per interaction  [GeV^{-1}]
  3.0000e+01   3.84e-01
  3.0943e+01   3.71e-01
  3.1916e+01   3.58e-01
  3.2920e+01   3.45e-01
  3.3955e+01   3.33e-01
  3.5023e+01   3.22e-01
  3.6124e+01   3.10e-01
  3.7260e+01   2.99e-01
  3.8432e+01   2.89e-01
  3.9640e+01   2.78e-01
  4.0887e+01   2.68e-01
  4.2172e+01   2.58e-01
  4.3499e+01   2.49e-01
  4.4866e+01   2.40e-01
  4.6277e+01   2.31e-01
  4.7732e+01   2.22e-01
  4.9233e+01   2.14e-01
  5.0781e+01   2.06e-01
  5.2378e+01   1.98e-01
  5.4025e+01   1.91e-01
  5.5724e+01   1.84e-01
  5.7476e+01   1.77e-01
  5.9284e+01   1.70e-01
  6.1148e+01   1.63e-01
  6.3071e+01   1.57e-01
  6.5054e+01   1.51e-01
  6.7100e+01   1.45e-01
  6.9210e+01   1.39e-01
  7.1386e+01   1.33e-01
  7.3631e+01   1.28e-01
  7.5946e+01   1.23e-01
  7.8334e+01   1.18e-01
  8.0797e+01   1.13e-01
  8.3338e+01   1.08e-01
  8.5959e+01   1.04e-01
  8.8662e+01   9.92e-02
  9.1450e+01   9.50e-02
  9.4325e+01   9.10e-02
  9.7291e+01   8.70e-02
  1.0035e+02   8.32e-02
  1.0351e+02   7.96e-02
  1.0676e+02   7.61e-02
  1.1012e+02   7.27e-02
  1.1358e+02   6.94e-02
  1.1715e+02   6.63e-02
  1.2084e+02   6.33e-02
  1.2464e+02   6.04e-02
  1.2856e+02   5.76e-02
  1.3260e+02   5.49e-02
  1.3677e+02   5.23e-02
  1.4107e+02   4.98e-02
  1.4550e+02   4.74e-02
  1.5008e+02   4.51e-02
  1.5480e+02   4.29e-02
  1.5967e+02   4.08e-02
  1.6469e+02   3.88e-02
  1.6987e+02   3.68e-02
  1.7521e+02   3.49e-02
  1.8072e+02   3.31e-02
  1.8640e+02   3.14e-02
  1.9226e+02   2.98e-02
  1.9831e+02   2.82e-02
  2.0454e+02   2.67e-02
  2.1097e+02   2.52e-02
  2.1761e+02   2.38e-02
  2.2445e+02   2.25e-02
  2.3151e+02   2.13e-02
  2.3879e+02   2.01e-02
  2.4630e+02   1.89e-02
  2.5404e+02   1.78e-02
  2.6203e+02   1.68e-02
  2.7027e+02   1.58e-02
  2.7877e+02   1.48e-02
  2.8753e+02   1.39e-02
  2.9657e+02   1.30e-02
  3.0590e+02   1.22e-02
  3.1552e+02   1.15e-02
  3.2544e+02   1.07e-02
  3.3567e+02   1.00e-02
  3.4623e+02   9.36e-03
  3.5712e+02   8.73e-03
  3.6835e+02   8.13e-03
  3.7993e+02   7.58e-03
  3.9188e+02   7.05e-03
  4.0420e+02   6.55e-03
  4.1691e+02   6.08e-03
  4.3002e+02   5.65e-03
  4.4354e+02   5.23e-03
  4.5749e+02   4.85e-03
  4.7187e+02   4.49e-03
  4.8671e+02   4.15e-03
  5.0202e+02   3.83e-03
  5.1780e+02   3.53e-03
  5.3409e+02   3.26e-03
  5.5088e+02   3.00e-03
  5.6820e+02   2.76e-03
  5.8607e+02   2.54e-03
  6.0450e+02   2.34e-03
  6.2351e+02   2.15e-03
  6.4311e+02   1.97e-03
  6.6334e+02   1.81e-03
  6.8419e+02   1.66e-03
  7.0571e+02   1.52e-03
  7.2790e+02   1.39e-03
  7.5079e+02   1.27e-03
  7.7440e+02   1.16e-03
  7.9875e+02   1.06e-03
  8.2387e+02   9.73e-04
  8.4977e+02   8.90e-04
  8.7649e+02   8.13e-04
  9.0405e+02   7.42e-04
  9.3248e+02   6.78e-04
  9.6180e+02   6.19e-04
  9.9205e+02   5.65e-04
  1.0232e+03   5.15e-04
  1.0554e+03   4.70e-04
  1.0886e+03   4.29e-04
  1.1228e+03   3.91e-04
  1.1581e+03   3.56e-04
  1.1946e+03   3.26e-04
  1.2321e+03   2.97e-04
  1.2709e+03   2.71e-04
  1.3108e+03   2.47e-04
  1.3521e+03   2.25e-04
  1.3946e+03   2.05e-04
  1.4384e+03   1.87e-04
  1.4837e+03   1.71e-04
  1.5303e+03   1.56e-04
  1.5784e+03   1.42e-04
  1.6281e+03   1.29e-04
  1.6793e+03   1.18e-04
  1.7321e+03   1.07e-04
  1.7865e+03   9.76e-05
  1.8427e+03   8.87e-05
  1.9006e+03   8.10e-05
  1.9604e+03   7.37e-05
  2.0221e+03   6.69e-05
  2.0856e+03   6.09e-05
  2.1512e+03   5.54e-05
  2.2189e+03   5.03e-05
  2.2886e+03   4.56e-05
  2.3606e+03   4.15e-05
  2.4348e+03   3.77e-05
  2.5114e+03   3.41e-05
  2.5904e+03   3.08e-05
  2.6718e+03   2.80e-05
  2.7558e+03   2.53e-05
  2.8425e+03   2.29e-05
  2.9319e+03   2.06e-05
  3.0241e+03   1.87e-05
  3.1192e+03   1.68e-05
  3.2173e+03   1.51e-05
  3.3184e+03   1.36e-05
  3.4228e+03   1.23e-05
  3.5304e+03   1.10e-05
  3.6414e+03   9.84e-06
  3.7559e+03   8.87e-06
  3.8740e+03   7.96e-06
  3.9958e+03   7.12e-06
  4.1215e+03   6.35e-06
  4.2511e+03   5.70e-06
  4.3848e+03   5.10e-06
  4.5227e+03   4.54e-06
  4.6649e+03   4.05e-06
  4.8116e+03   3.63e-06
  4.9629e+03   3.23e-06
  5.1189e+03   2.86e-06
  5.2799e+03   2.56e-06
  5.4459e+03   2.29e-06
  5.6171e+03   2.04e-06
  5.7938e+03   1.81e-06
  5.9760e+03   1.63e-06
  6.1639e+03   1.46e-06
  6.3577e+03   1.30e-06
  6.5576e+03   1.15e-06
  6.7638e+03   1.04e-06
  6.9765e+03   9.27e-07
  7.1959e+03   8.25e-07
  7.4222e+03   7.38e-07
  7.6556e+03   6.62e-07
  7.8963e+03   5.90e-07
  8.1446e+03   5.24e-07
  8.4007e+03   4.73e-07
  8.6649e+03   4.25e-07
  8.9373e+03   3.80e-07
  9.2184e+03   3.39e-07
  9.5082e+03   3.08e-07
  9.8072e+03   2.77e-07
  1.0116e+04   2.46e-07
  1.0434e+04   2.24e-07
  1.0762e+04   2.08e-07
  1.1100e+04   1.88e-07
  1.1449e+04   1.67e-07
  1.1809e+04   1.65e-07
  1.2181e+04   1.60e-07
  1.2564e+04   1.47e-07
  1.2959e+04   1.29e-07
  1.3366e+04   1.02e-07
  1.3786e+04   7.84e-08
  1.4220e+04   5.89e-08
