#  E [GeV]   # per interaction  [GeV^{-1}]
  3.0000e+01   3.13e-02
  3.1232e+01   3.01e-02
  3.2514e+01   2.89e-02
  3.3849e+01   2.78e-02
  3.5238e+01   2.67e-02
  3.6685e+01   2.57e-02
  3.8191e+01   2.47e-02
  3.9759e+01   2.37e-02
  4.1391e+01   2.28e-02
  4.3090e+01   2.19e-02
  4.4859e+01   2.10e-02
  4.6701e+01   2.01e-02
  4.8618e+01   1.93e-02
  5.0614e+01   1.86e-02
  5.2692e+01   1.78e-02
  5.4855e+01   1.71e-02
  5.7107e+01   1.64e-02
  5.9451e+01   1.57e-02
  6.1892e+01   1.50e-02
  6.4433e+01   1.44e-02
  6.7078e+01   1.38e-02
  6.9832e+01   1.32e-02
  7.2699e+01   1.27e-02
  7.5683e+01   1.21e-02
  7.8790e+01   1.16e-02
  8.2025e+01   1.11e-02
  8.5392e+01   1.06e-02
  8.8898e+01   1.02e-02
  9.2547e+01   9.72e-03
  9.6347e+01   9.30e-03
  1.0030e+02   8.89e-03
  1.0442e+02   8.49e-03
  1.0871e+02   8.12e-03
  1.1317e+02   7.75e-03
  1.1782e+02   7.40e-03
  1.2265e+02   7.07e-03
  1.2769e+02   6.75e-03
  1.3293e+02   6.44e-03
  1.3839e+02   6.15e-03
  1.4407e+02   5.86e-03
  1.4998e+02   5.59e-03
  1.5614e+02   5.33e-03
  1.6255e+02   5.08e-03
  1.6922e+02   4.84e-03
  1.7617e+02   4.61e-03
  1.8340e+02   4.39e-03
  1.9093e+02   4.19e-03
  1.9877e+02   3.99e-03
  2.0693e+02   3.79e-03
  2.1543e+02   3.61e-03
  2.2427e+02   3.44e-03
  2.3348e+02   3.27e-03
  2.4306e+02   3.11e-03
  2.5304e+02   2.96e-03
  2.6343e+02   2.81e-03
  2.7424e+02   2.67e-03
  2.8550e+02   2.54e-03
  2.9722e+02   2.42e-03
  3.0942e+02   2.30e-03
  3.2213e+02   2.18e-03
  3.3535e+02   2.07e-03
  3.4912e+02   1.97e-03
  3.6345e+02   1.87e-03
  3.7837e+02   1.77e-03
  3.9390e+02   1.68e-03
  4.1008e+02   1.60e-03
  4.2691e+02   1.52e-03
  4.4444e+02   1.44e-03
  4.6268e+02   1.37e-03
  4.8168e+02   1.30e-03
  5.0145e+02   1.23e-03
  5.2204e+02   1.17e-03
  5.4347e+02   1.11e-03
  5.6578e+02   1.06e-03
  5.8901e+02   1.00e-03
  6.1319e+02   9.52e-04
  6.3836e+02   9.04e-04
  6.6457e+02   8.59e-04
  6.9185e+02   8.17e-04
  7.2025e+02   7.76e-04
  7.4982e+02   7.39e-04
  7.8061e+02   7.02e-04
  8.1265e+02   6.69e-04
  8.4601e+02   6.37e-04
  8.8075e+02   6.06e-04
  9.1690e+02   5.78e-04
  9.5455e+02   5.51e-04
  9.9373e+02   5.25e-04
  1.0345e+03   5.01e-04
  1.0770e+03   4.79e-04
  1.1212e+03   4.57e-04
  1.1672e+03   4.37e-04
  1.2152e+03   4.18e-04
  1.2650e+03   4.00e-04
  1.3170e+03   3.83e-04
  1.3711e+03   3.67e-04
  1.4273e+03   3.52e-04
  1.4859e+03   3.37e-04
  1.5469e+03   3.24e-04
  1.6104e+03   3.11e-04
  1.6766e+03   2.99e-04
  1.7454e+03   2.87e-04
  1.8170e+03   2.76e-04
  1.8916e+03   2.66e-04
  1.9693e+03   2.56e-04
  2.0501e+03   2.46e-04
  2.1343e+03   2.37e-04
  2.2219e+03   2.29e-04
  2.3131e+03   2.21e-04
  2.4081e+03   2.13e-04
  2.5070e+03   2.06e-04
  2.6099e+03   1.99e-04
  2.7170e+03   1.92e-04
  2.8286e+03   1.86e-04
  2.9447e+03   1.80e-04
  3.0656e+03   1.74e-04
  3.1914e+03   1.68e-04
  3.3225e+03   1.62e-04
  3.4589e+03   1.57e-04
  3.6008e+03   1.52e-04
  3.7487e+03   1.47e-04
  3.9026e+03   1.42e-04
  4.0628e+03   1.38e-04
  4.2296e+03   1.33e-04
  4.4032e+03   1.29e-04
  4.5840e+03   1.24e-04
  4.7722e+03   1.20e-04
  4.9681e+03   1.16e-04
  5.1720e+03   1.12e-04
  5.3844e+03   1.08e-04
  5.6054e+03   1.05e-04
  5.8355e+03   1.01e-04
  6.0751e+03   9.74e-05
  6.3245e+03   9.38e-05
  6.5841e+03   9.03e-05
  6.8544e+03   8.69e-05
  7.1358e+03   8.36e-05
  7.4288e+03   8.03e-05
  7.7338e+03   7.70e-05
  8.0513e+03   7.39e-05
  8.3818e+03   7.07e-05
  8.7259e+03   6.77e-05
  9.0841e+03   6.46e-05
  9.4571e+03   6.16e-05
  9.8453e+03   5.87e-05
  1.0249e+04   5.57e-05
  1.0670e+04   5.28e-05
  1.1108e+04   5.00e-05
  1.1564e+04   4.72e-05
  1.2039e+04   4.45e-05
  1.2533e+04   4.18e-05
  1.3048e+04   3.92e-05
  1.3584e+04   3.66e-05
  1.4141e+04   3.41e-05
  1.4722e+04   3.16e-05
  1.5326e+04   2.91e-05
  1.5955e+04   2.68e-05
  1.6610e+04   2.45e-05
  1.7292e+04   2.22e-05
  1.8002e+04   2.01e-05
  1.8741e+04   1.79e-05
  1.9511e+04   1.59e-05
  2.0312e+04   1.40e-05
  2.1145e+04   1.22e-05
  2.2013e+04   1.04e-05
  2.2917e+04   8.81e-06
  2.3858e+04   7.32e-06
  2.4837e+04   5.97e-06
  2.5857e+04   4.75e-06
  2.6919e+04   3.67e-06
  2.8024e+04   2.75e-06
  2.9174e+04   1.98e-06
  3.0372e+04   1.36e-06
  3.1619e+04   8.84e-07
  3.2917e+04   5.35e-07
  3.4268e+04   2.98e-07
  3.5675e+04   1.49e-07
  3.7140e+04   6.51e-08
  3.8664e+04   2.42e-08
  4.0252e+04   7.28e-09
  4.1904e+04   1.68e-09
  4.3624e+04   2.74e-10
  4.5415e+04   2.87e-11
  4.7280e+04   1.67e-12
  4.9221e+04   4.45e-14
  5.1241e+04   4.21e-16
  5.3345e+04   9.71e-19
  5.5535e+04   3.23e-22
  5.7815e+04   7.42e-27
  6.0188e+04   3.95e-33
  6.2659e+04   9.90e-42
  6.5232e+04   1.78e-46
  6.7910e+04   1.52e-46
  7.0698e+04   1.29e-46
  7.3600e+04   1.12e-46
  7.6621e+04   9.56e-47
  7.9767e+04   8.16e-47
  8.3042e+04   7.16e-47
  8.6451e+04   6.22e-47
  9.0000e+04   5.49e-47
