#  E [GeV]   # per interaction  [GeV^{-1}]
  3.0000e+01   4.93e-01
  3.0872e+01   4.76e-01
  3.1770e+01   4.61e-01
  3.2694e+01   4.45e-01
  3.3644e+01   4.30e-01
  3.4623e+01   4.16e-01
  3.5629e+01   4.02e-01
  3.6665e+01   3.88e-01
  3.7731e+01   3.75e-01
  3.8829e+01   3.62e-01
  3.9958e+01   3.49e-01
  4.1119e+01   3.37e-01
  4.2315e+01   3.25e-01
  4.3545e+01   3.14e-01
  4.4812e+01   3.03e-01
  4.6115e+01   2.92e-01
  4.7456e+01   2.81e-01
  4.8835e+01   2.71e-01
  5.0255e+01   2.61e-01
  5.1717e+01   2.52e-01
  5.3220e+01   2.42e-01
  5.4768e+01   2.33e-01
  5.6360e+01   2.24e-01
  5.7999e+01   2.16e-01
  5.9686e+01   2.07e-01
  6.1421e+01   1.99e-01
  6.3207e+01   1.91e-01
  6.5045e+01   1.84e-01
  6.6936e+01   1.76e-01
  6.8882e+01   1.69e-01
  7.0885e+01   1.62e-01
  7.2947e+01   1.56e-01
  7.5068e+01   1.49e-01
  7.7250e+01   1.43e-01
  7.9496e+01   1.37e-01
  8.1808e+01   1.31e-01
  8.4187e+01   1.26e-01
  8.6635e+01   1.20e-01
  8.9154e+01   1.15e-01
  9.1746e+01   1.10e-01
  9.4414e+01   1.05e-01
  9.7159e+01   1.00e-01
  9.9984e+01   9.60e-02
  1.0289e+02   9.17e-02
  1.0588e+02   8.75e-02
  1.0896e+02   8.34e-02
  1.1213e+02   7.95e-02
  1.1539e+02   7.58e-02
  1.1875e+02   7.22e-02
  1.2220e+02   6.88e-02
  1.2575e+02   6.55e-02
  1.2941e+02   6.23e-02
  1.3317e+02   5.93e-02
  1.3704e+02   5.64e-02
  1.4103e+02   5.36e-02
  1.4513e+02   5.09e-02
  1.4935e+02   4.83e-02
  1.5369e+02   4.59e-02
  1.5816e+02   4.36e-02
  1.6276e+02   4.13e-02
  1.6749e+02   3.92e-02
  1.7236e+02   3.71e-02
  1.7737e+02   3.51e-02
  1.8253e+02   3.32e-02
  1.8784e+02   3.14e-02
  1.9330e+02   2.97e-02
  1.9892e+02   2.81e-02
  2.0470e+02   2.65e-02
  2.1066e+02   2.50e-02
  2.1678e+02   2.36e-02
  2.2309e+02   2.22e-02
  2.2957e+02   2.09e-02
  2.3625e+02   1.97e-02
  2.4312e+02   1.85e-02
  2.5019e+02   1.74e-02
  2.5746e+02   1.63e-02
  2.6495e+02   1.53e-02
  2.7265e+02   1.43e-02
  2.8058e+02   1.34e-02
  2.8874e+02   1.26e-02
  2.9713e+02   1.17e-02
  3.0577e+02   1.10e-02
  3.1466e+02   1.03e-02
  3.2381e+02   9.56e-03
  3.3323e+02   8.90e-03
  3.4292e+02   8.30e-03
  3.5289e+02   7.72e-03
  3.6315e+02   7.17e-03
  3.7371e+02   6.65e-03
  3.8457e+02   6.18e-03
  3.9576e+02   5.73e-03
  4.0726e+02   5.30e-03
  4.1911e+02   4.90e-03
  4.3129e+02   4.53e-03
  4.4383e+02   4.18e-03
  4.5674e+02   3.85e-03
  4.7002e+02   3.55e-03
  4.8368e+02   3.27e-03
  4.9775e+02   3.00e-03
  5.1222e+02   2.76e-03
  5.2712e+02   2.53e-03
  5.4244e+02   2.32e-03
  5.5821e+02   2.13e-03
  5.7445e+02   1.95e-03
  5.9115e+02   1.78e-03
  6.0834e+02   1.63e-03
  6.2603e+02   1.49e-03
  6.4423e+02   1.36e-03
  6.6296e+02   1.24e-03
  6.8224e+02   1.13e-03
  7.0208e+02   1.03e-03
  7.2249e+02   9.35e-04
  7.4350e+02   8.49e-04
  7.6512e+02   7.72e-04
  7.8736e+02   7.00e-04
  8.1026e+02   6.34e-04
  8.3382e+02   5.73e-04
  8.5806e+02   5.20e-04
  8.8301e+02   4.71e-04
  9.0869e+02   4.26e-04
  9.3511e+02   3.84e-04
  9.6230e+02   3.48e-04
  9.9028e+02   3.15e-04
  1.0191e+03   2.84e-04
  1.0487e+03   2.56e-04
  1.0792e+03   2.31e-04
  1.1106e+03   2.09e-04
  1.1429e+03   1.88e-04
  1.1761e+03   1.69e-04
  1.2103e+03   1.53e-04
  1.2455e+03   1.38e-04
  1.2817e+03   1.24e-04
  1.3190e+03   1.11e-04
  1.3573e+03   1.00e-04
  1.3968e+03   9.04e-05
  1.4374e+03   8.11e-05
  1.4792e+03   7.26e-05
  1.5222e+03   6.56e-05
  1.5665e+03   5.90e-05
  1.6120e+03   5.29e-05
  1.6589e+03   4.73e-05
  1.7071e+03   4.26e-05
  1.7568e+03   3.83e-05
  1.8079e+03   3.43e-05
  1.8604e+03   3.06e-05
  1.9145e+03   2.76e-05
  1.9702e+03   2.47e-05
  2.0275e+03   2.21e-05
  2.0864e+03   1.96e-05
  2.1471e+03   1.77e-05
  2.2095e+03   1.59e-05
  2.2738e+03   1.42e-05
  2.3399e+03   1.26e-05
  2.4079e+03   1.13e-05
  2.4779e+03   1.01e-05
  2.5500e+03   9.01e-06
  2.6241e+03   7.97e-06
  2.7004e+03   7.16e-06
  2.7790e+03   6.40e-06
  2.8598e+03   5.69e-06
  2.9429e+03   5.02e-06
  3.0285e+03   4.50e-06
  3.1165e+03   4.02e-06
  3.2072e+03   3.56e-06
  3.3004e+03   3.14e-06
  3.3964e+03   2.81e-06
  3.4951e+03   2.50e-06
  3.5968e+03   2.21e-06
  3.7013e+03   1.94e-06
  3.8090e+03   1.73e-06
  3.9197e+03   1.53e-06
  4.0337e+03   1.35e-06
  4.1510e+03   1.18e-06
  4.2717e+03   1.05e-06
  4.3959e+03   9.27e-07
  4.5237e+03   8.15e-07
  4.6552e+03   7.11e-07
  4.7906e+03   6.33e-07
  4.9299e+03   5.62e-07
  5.0732e+03   4.95e-07
  5.2208e+03   4.33e-07
  5.3726e+03   3.88e-07
  5.5288e+03   3.47e-07
  5.6895e+03   3.09e-07
  5.8550e+03   2.74e-07
  6.0252e+03   2.47e-07
  6.2004e+03   2.23e-07
  6.3807e+03   2.01e-07
  6.5662e+03   1.80e-07
  6.7572e+03   1.64e-07
  6.9536e+03   1.49e-07
  7.1558e+03   1.35e-07
  7.3639e+03   1.22e-07
  7.5780e+03   1.11e-07
  7.7984e+03   1.02e-07
  8.0251e+03   9.22e-08
  8.2585e+03   8.33e-08
  8.4986e+03   7.52e-08
  8.7457e+03   6.77e-08
  9.0000e+03   6.06e-08
