#  E [MeV]   Flux [# cm^{-2} s^{-1}  MeV^{-1}]
  3.0000e+04   5.73e-20
  3.1123e+04   5.50e-20
  3.2288e+04   5.29e-20
  3.3497e+04   5.08e-20
  3.4751e+04   4.88e-20
  3.6051e+04   4.69e-20
  3.7401e+04   4.50e-20
  3.8801e+04   4.32e-20
  4.0253e+04   4.15e-20
  4.1760e+04   3.99e-20
  4.3324e+04   3.83e-20
  4.4945e+04   3.68e-20
  4.6628e+04   3.53e-20
  4.8373e+04   3.39e-20
  5.0184e+04   3.25e-20
  5.2063e+04   3.12e-20
  5.4011e+04   3.00e-20
  5.6033e+04   2.88e-20
  5.8131e+04   2.76e-20
  6.0307e+04   2.65e-20
  6.2564e+04   2.54e-20
  6.4906e+04   2.44e-20
  6.7336e+04   2.34e-20
  6.9857e+04   2.24e-20
  7.2472e+04   2.15e-20
  7.5184e+04   2.06e-20
  7.7999e+04   1.97e-20
  8.0919e+04   1.89e-20
  8.3948e+04   1.81e-20
  8.7090e+04   1.74e-20
  9.0350e+04   1.66e-20
  9.3732e+04   1.59e-20
  9.7241e+04   1.53e-20
  1.0088e+05   1.46e-20
  1.0466e+05   1.40e-20
  1.0858e+05   1.34e-20
  1.1264e+05   1.28e-20
  1.1686e+05   1.22e-20
  1.2123e+05   1.17e-20
  1.2577e+05   1.12e-20
  1.3048e+05   1.07e-20
  1.3536e+05   1.02e-20
  1.4043e+05   9.77e-21
  1.4568e+05   9.33e-21
  1.5114e+05   8.90e-21
  1.5680e+05   8.50e-21
  1.6266e+05   8.11e-21
  1.6875e+05   7.73e-21
  1.7507e+05   7.37e-21
  1.8162e+05   7.02e-21
  1.8842e+05   6.69e-21
  1.9548e+05   6.37e-21
  2.0279e+05   6.07e-21
  2.1039e+05   5.77e-21
  2.1826e+05   5.49e-21
  2.2643e+05   5.22e-21
  2.3491e+05   4.96e-21
  2.4370e+05   4.72e-21
  2.5282e+05   4.48e-21
  2.6229e+05   4.25e-21
  2.7211e+05   4.03e-21
  2.8229e+05   3.82e-21
  2.9286e+05   3.62e-21
  3.0382e+05   3.43e-21
  3.1519e+05   3.25e-21
  3.2699e+05   3.07e-21
  3.3923e+05   2.91e-21
  3.5193e+05   2.75e-21
  3.6511e+05   2.60e-21
  3.7877e+05   2.45e-21
  3.9295e+05   2.31e-21
  4.0766e+05   2.18e-21
  4.2292e+05   2.05e-21
  4.3875e+05   1.94e-21
  4.5518e+05   1.82e-21
  4.7222e+05   1.71e-21
  4.8989e+05   1.61e-21
  5.0823e+05   1.51e-21
  5.2726e+05   1.42e-21
  5.4699e+05   1.34e-21
  5.6747e+05   1.25e-21
  5.8871e+05   1.17e-21
  6.1075e+05   1.10e-21
  6.3361e+05   1.03e-21
  6.5733e+05   9.65e-22
  6.8194e+05   9.03e-22
  7.0746e+05   8.44e-22
  7.3395e+05   7.89e-22
  7.6142e+05   7.38e-22
  7.8992e+05   6.89e-22
  8.1949e+05   6.43e-22
  8.5017e+05   6.00e-22
  8.8199e+05   5.60e-22
  9.1501e+05   5.22e-22
  9.4926e+05   4.87e-22
  9.8479e+05   4.53e-22
  1.0217e+06   4.22e-22
  1.0599e+06   3.93e-22
  1.0996e+06   3.66e-22
  1.1407e+06   3.40e-22
  1.1834e+06   3.17e-22
  1.2277e+06   2.94e-22
  1.2737e+06   2.73e-22
  1.3214e+06   2.54e-22
  1.3708e+06   2.36e-22
  1.4222e+06   2.19e-22
  1.4754e+06   2.03e-22
  1.5306e+06   1.88e-22
  1.5879e+06   1.74e-22
  1.6474e+06   1.62e-22
  1.7090e+06   1.50e-22
  1.7730e+06   1.39e-22
  1.8394e+06   1.28e-22
  1.9082e+06   1.19e-22
  1.9797e+06   1.10e-22
  2.0538e+06   1.01e-22
  2.1306e+06   9.37e-23
  2.2104e+06   8.64e-23
  2.2931e+06   7.98e-23
  2.3790e+06   7.35e-23
  2.4680e+06   6.76e-23
  2.5604e+06   6.23e-23
  2.6563e+06   5.73e-23
  2.7557e+06   5.26e-23
  2.8589e+06   4.84e-23
  2.9659e+06   4.44e-23
  3.0769e+06   4.06e-23
  3.1921e+06   3.73e-23
  3.3116e+06   3.41e-23
  3.4355e+06   3.12e-23
  3.5641e+06   2.85e-23
  3.6976e+06   2.60e-23
  3.8360e+06   2.37e-23
  3.9796e+06   2.16e-23
  4.1285e+06   1.97e-23
  4.2831e+06   1.78e-23
  4.4434e+06   1.62e-23
  4.6097e+06   1.47e-23
  4.7823e+06   1.33e-23
  4.9613e+06   1.20e-23
  5.1470e+06   1.08e-23
  5.3397e+06   9.72e-24
  5.5396e+06   8.72e-24
  5.7470e+06   7.84e-24
  5.9621e+06   7.02e-24
  6.1853e+06   6.26e-24
  6.4168e+06   5.60e-24
  6.6570e+06   4.99e-24
  6.9062e+06   4.42e-24
  7.1647e+06   3.93e-24
  7.4329e+06   3.47e-24
  7.7112e+06   3.05e-24
  7.9998e+06   2.69e-24
  8.2993e+06   2.36e-24
  8.6100e+06   2.06e-24
  8.9323e+06   1.80e-24
  9.2666e+06   1.56e-24
  9.6135e+06   1.35e-24
  9.9734e+06   1.16e-24
  1.0347e+07   9.99e-25
  1.0734e+07   8.51e-25
  1.1136e+07   7.22e-25
  1.1553e+07   6.13e-25
  1.1985e+07   5.14e-25
  1.2434e+07   4.28e-25
  1.2899e+07   3.57e-25
  1.3382e+07   2.94e-25
  1.3883e+07   2.39e-25
  1.4403e+07   1.95e-25
  1.4942e+07   1.57e-25
  1.5501e+07   1.24e-25
  1.6081e+07   9.83e-26
  1.6683e+07   7.65e-26
  1.7308e+07   5.80e-26
  1.7956e+07   4.41e-26
  1.8628e+07   3.28e-26
  1.9325e+07   2.36e-26
  2.0049e+07   1.69e-26
  2.0799e+07   1.17e-26
  2.1578e+07   7.85e-27
  2.2386e+07   5.14e-27
  2.3224e+07   3.26e-27
  2.4093e+07   1.95e-27
  2.4995e+07   1.12e-27
  2.5930e+07   6.17e-28
  2.6901e+07   3.12e-28
  2.7908e+07   1.46e-28
  2.8953e+07   6.37e-29
  3.0037e+07   2.44e-29
  3.1161e+07   8.15e-30
  3.2327e+07   2.37e-30
  3.3537e+07   5.61e-31
  3.4793e+07   1.03e-31
  3.6095e+07   1.49e-32
  3.7446e+07   1.48e-33
  3.8848e+07   9.29e-35
  4.0302e+07   3.47e-36
  4.1811e+07   6.38e-38
  4.3376e+07   4.75e-40
  4.5000e+07   1.21e-42
