#  E [MeV]   Flux [# cm^{-2} s^{-1}  MeV^{-1}]
  3.0000e+04   3.76e-27
  3.1232e+04   3.62e-27
  3.2514e+04   3.48e-27
  3.3849e+04   3.34e-27
  3.5238e+04   3.21e-27
  3.6685e+04   3.08e-27
  3.8191e+04   2.96e-27
  3.9759e+04   2.84e-27
  4.1391e+04   2.73e-27
  4.3090e+04   2.61e-27
  4.4859e+04   2.51e-27
  4.6701e+04   2.41e-27
  4.8618e+04   2.31e-27
  5.0614e+04   2.21e-27
  5.2692e+04   2.12e-27
  5.4855e+04   2.03e-27
  5.7107e+04   1.94e-27
  5.9451e+04   1.86e-27
  6.1892e+04   1.78e-27
  6.4433e+04   1.70e-27
  6.7078e+04   1.63e-27
  6.9832e+04   1.56e-27
  7.2699e+04   1.49e-27
  7.5683e+04   1.42e-27
  7.8790e+04   1.36e-27
  8.2025e+04   1.30e-27
  8.5392e+04   1.24e-27
  8.8898e+04   1.19e-27
  9.2547e+04   1.13e-27
  9.6347e+04   1.08e-27
  1.0030e+05   1.03e-27
  1.0442e+05   9.81e-28
  1.0871e+05   9.34e-28
  1.1317e+05   8.90e-28
  1.1782e+05   8.47e-28
  1.2265e+05   8.06e-28
  1.2769e+05   7.67e-28
  1.3293e+05   7.29e-28
  1.3839e+05   6.93e-28
  1.4407e+05   6.58e-28
  1.4998e+05   6.25e-28
  1.5614e+05   5.93e-28
  1.6255e+05   5.62e-28
  1.6922e+05   5.32e-28
  1.7617e+05   5.04e-28
  1.8340e+05   4.77e-28
  1.9093e+05   4.51e-28
  1.9877e+05   4.27e-28
  2.0693e+05   4.03e-28
  2.1543e+05   3.80e-28
  2.2427e+05   3.59e-28
  2.3348e+05   3.38e-28
  2.4306e+05   3.18e-28
  2.5304e+05   2.99e-28
  2.6343e+05   2.81e-28
  2.7424e+05   2.64e-28
  2.8550e+05   2.47e-28
  2.9722e+05   2.32e-28
  3.0942e+05   2.17e-28
  3.2213e+05   2.03e-28
  3.3535e+05   1.90e-28
  3.4912e+05   1.77e-28
  3.6345e+05   1.65e-28
  3.7837e+05   1.54e-28
  3.9390e+05   1.43e-28
  4.1008e+05   1.33e-28
  4.2691e+05   1.23e-28
  4.4444e+05   1.14e-28
  4.6268e+05   1.06e-28
  4.8168e+05   9.78e-29
  5.0145e+05   9.04e-29
  5.2204e+05   8.34e-29
  5.4347e+05   7.70e-29
  5.6578e+05   7.09e-29
  5.8901e+05   6.53e-29
  6.1319e+05   6.01e-29
  6.3836e+05   5.53e-29
  6.6457e+05   5.08e-29
  6.9185e+05   4.67e-29
  7.2025e+05   4.28e-29
  7.4982e+05   3.93e-29
  7.8061e+05   3.61e-29
  8.1265e+05   3.31e-29
  8.4601e+05   3.04e-29
  8.8075e+05   2.79e-29
  9.1690e+05   2.56e-29
  9.5455e+05   2.35e-29
  9.9373e+05   2.15e-29
  1.0345e+06   1.98e-29
  1.0770e+06   1.82e-29
  1.1212e+06   1.67e-29
  1.1672e+06   1.53e-29
  1.2152e+06   1.41e-29
  1.2650e+06   1.30e-29
  1.3170e+06   1.19e-29
  1.3711e+06   1.10e-29
  1.4273e+06   1.01e-29
  1.4859e+06   9.33e-30
  1.5469e+06   8.61e-30
  1.6104e+06   7.95e-30
  1.6766e+06   7.34e-30
  1.7454e+06   6.79e-30
  1.8170e+06   6.27e-30
  1.8916e+06   5.80e-30
  1.9693e+06   5.37e-30
  2.0501e+06   4.96e-30
  2.1343e+06   4.59e-30
  2.2219e+06   4.25e-30
  2.3131e+06   3.93e-30
  2.4081e+06   3.64e-30
  2.5070e+06   3.37e-30
  2.6099e+06   3.12e-30
  2.7170e+06   2.89e-30
  2.8286e+06   2.68e-30
  2.9447e+06   2.48e-30
  3.0656e+06   2.29e-30
  3.1914e+06   2.12e-30
  3.3225e+06   1.96e-30
  3.4589e+06   1.81e-30
  3.6008e+06   1.67e-30
  3.7487e+06   1.54e-30
  3.9026e+06   1.42e-30
  4.0628e+06   1.30e-30
  4.2296e+06   1.20e-30
  4.4032e+06   1.10e-30
  4.5840e+06   1.00e-30
  4.7722e+06   9.18e-31
  4.9681e+06   8.37e-31
  5.1720e+06   7.62e-31
  5.3844e+06   6.92e-31
  5.6054e+06   6.27e-31
  5.8355e+06   5.66e-31
  6.0751e+06   5.10e-31
  6.3245e+06   4.58e-31
  6.5841e+06   4.09e-31
  6.8544e+06   3.64e-31
  7.1358e+06   3.22e-31
  7.4288e+06   2.84e-31
  7.7338e+06   2.49e-31
  8.0513e+06   2.17e-31
  8.3818e+06   1.87e-31
  8.7259e+06   1.61e-31
  9.0841e+06   1.37e-31
  9.4571e+06   1.16e-31
  9.8453e+06   9.65e-32
  1.0249e+07   7.96e-32
  1.0670e+07   6.48e-32
  1.1108e+07   5.20e-32
  1.1564e+07   4.11e-32
  1.2039e+07   3.18e-32
  1.2533e+07   2.42e-32
  1.3048e+07   1.80e-32
  1.3584e+07   1.30e-32
  1.4141e+07   9.17e-33
  1.4722e+07   6.25e-33
  1.5326e+07   4.11e-33
  1.5955e+07   2.59e-33
  1.6610e+07   1.56e-33
  1.7292e+07   8.87e-34
  1.8002e+07   4.75e-34
  1.8741e+07   2.37e-34
  1.9511e+07   1.09e-34
  2.0312e+07   4.57e-35
  2.1145e+07   1.71e-35
  2.2013e+07   5.67e-36
  2.2917e+07   1.61e-36
  2.3858e+07   3.87e-37
  2.4837e+07   7.55e-38
  2.5857e+07   1.16e-38
  2.6919e+07   1.33e-39
  2.8024e+07   1.09e-40
  2.9174e+07   5.89e-42
  3.0372e+07   1.94e-43
  3.1619e+07   3.51e-45
  3.2917e+07   3.05e-47
  3.4268e+07   1.08e-49
  3.5675e+07   1.25e-52
  3.7140e+07   3.65e-56
  3.8664e+07   1.89e-60
  4.0252e+07   1.11e-65
  4.1904e+07   2.02e-71
  4.3624e+07   1.91e-71
  4.5415e+07   1.80e-71
  4.7280e+07   1.70e-71
  4.9221e+07   1.61e-71
  5.1241e+07   1.52e-71
  5.3345e+07   1.43e-71
  5.5535e+07   1.35e-71
  5.7815e+07   1.28e-71
  6.0188e+07   1.20e-71
  6.2659e+07   1.13e-71
  6.5232e+07   1.07e-71
  6.7910e+07   1.00e-71
  7.0698e+07   9.45e-72
  7.3600e+07   8.88e-72
  7.6621e+07   8.32e-72
  7.9767e+07   7.79e-72
  8.3042e+07   7.29e-72
  8.6451e+07   6.86e-72
  9.0000e+07   6.45e-72
