#  E [MeV]   Flux [# cm^{-2} s^{-1}  MeV^{-1}]
  3.0000e+04   2.88e-23
  3.0696e+04   2.79e-23
  3.1408e+04   2.69e-23
  3.2137e+04   2.60e-23
  3.2883e+04   2.51e-23
  3.3646e+04   2.43e-23
  3.4426e+04   2.34e-23
  3.5225e+04   2.26e-23
  3.6042e+04   2.18e-23
  3.6878e+04   2.10e-23
  3.7734e+04   2.02e-23
  3.8609e+04   1.95e-23
  3.9505e+04   1.88e-23
  4.0422e+04   1.81e-23
  4.1360e+04   1.74e-23
  4.2319e+04   1.68e-23
  4.3301e+04   1.62e-23
  4.4306e+04   1.56e-23
  4.5334e+04   1.50e-23
  4.6386e+04   1.44e-23
  4.7462e+04   1.39e-23
  4.8563e+04   1.34e-23
  4.9690e+04   1.29e-23
  5.0843e+04   1.24e-23
  5.2022e+04   1.19e-23
  5.3229e+04   1.15e-23
  5.4464e+04   1.10e-23
  5.5728e+04   1.06e-23
  5.7021e+04   1.02e-23
  5.8344e+04   9.82e-24
  5.9697e+04   9.44e-24
  6.1083e+04   9.07e-24
  6.2500e+04   8.72e-24
  6.3950e+04   8.38e-24
  6.5434e+04   8.05e-24
  6.6952e+04   7.73e-24
  6.8505e+04   7.42e-24
  7.0095e+04   7.12e-24
  7.1721e+04   6.83e-24
  7.3385e+04   6.55e-24
  7.5088e+04   6.28e-24
  7.6830e+04   6.02e-24
  7.8612e+04   5.77e-24
  8.0436e+04   5.52e-24
  8.2302e+04   5.29e-24
  8.4212e+04   5.06e-24
  8.6166e+04   4.85e-24
  8.8165e+04   4.64e-24
  9.0210e+04   4.44e-24
  9.2304e+04   4.24e-24
  9.4445e+04   4.05e-24
  9.6636e+04   3.88e-24
  9.8878e+04   3.70e-24
  1.0117e+05   3.54e-24
  1.0352e+05   3.37e-24
  1.0592e+05   3.22e-24
  1.0838e+05   3.07e-24
  1.1089e+05   2.93e-24
  1.1347e+05   2.79e-24
  1.1610e+05   2.66e-24
  1.1879e+05   2.53e-24
  1.2155e+05   2.41e-24
  1.2437e+05   2.30e-24
  1.2725e+05   2.19e-24
  1.3021e+05   2.08e-24
  1.3323e+05   1.97e-24
  1.3632e+05   1.88e-24
  1.3948e+05   1.78e-24
  1.4272e+05   1.69e-24
  1.4603e+05   1.60e-24
  1.4942e+05   1.52e-24
  1.5288e+05   1.44e-24
  1.5643e+05   1.36e-24
  1.6006e+05   1.29e-24
  1.6377e+05   1.22e-24
  1.6757e+05   1.15e-24
  1.7146e+05   1.09e-24
  1.7544e+05   1.03e-24
  1.7951e+05   9.73e-25
  1.8368e+05   9.18e-25
  1.8794e+05   8.64e-25
  1.9230e+05   8.15e-25
  1.9676e+05   7.68e-25
  2.0132e+05   7.23e-25
  2.0600e+05   6.79e-25
  2.1078e+05   6.37e-25
  2.1567e+05   5.99e-25
  2.2067e+05   5.63e-25
  2.2579e+05   5.28e-25
  2.3103e+05   4.94e-25
  2.3639e+05   4.62e-25
  2.4187e+05   4.33e-25
  2.4748e+05   4.05e-25
  2.5323e+05   3.79e-25
  2.5910e+05   3.53e-25
  2.6511e+05   3.29e-25
  2.7126e+05   3.07e-25
  2.7756e+05   2.86e-25
  2.8400e+05   2.66e-25
  2.9059e+05   2.47e-25
  2.9733e+05   2.28e-25
  3.0423e+05   2.12e-25
  3.1129e+05   1.97e-25
  3.1851e+05   1.82e-25
  3.2590e+05   1.69e-25
  3.3346e+05   1.55e-25
  3.4120e+05   1.44e-25
  3.4911e+05   1.33e-25
  3.5721e+05   1.23e-25
  3.6550e+05   1.13e-25
  3.7398e+05   1.03e-25
  3.8266e+05   9.52e-26
  3.9154e+05   8.76e-26
  4.0062e+05   8.04e-26
  4.0991e+05   7.35e-26
  4.1943e+05   6.70e-26
  4.2916e+05   6.15e-26
  4.3911e+05   5.64e-26
  4.4930e+05   5.15e-26
  4.5973e+05   4.69e-26
  4.7039e+05   4.25e-26
  4.8131e+05   3.88e-26
  4.9247e+05   3.54e-26
  5.0390e+05   3.22e-26
  5.1559e+05   2.92e-26
  5.2755e+05   2.63e-26
  5.3979e+05   2.39e-26
  5.5232e+05   2.17e-26
  5.6513e+05   1.97e-26
  5.7824e+05   1.77e-26
  5.9166e+05   1.59e-26
  6.0539e+05   1.44e-26
  6.1943e+05   1.30e-26
  6.3381e+05   1.17e-26
  6.4851e+05   1.05e-26
  6.6356e+05   9.35e-27
  6.7895e+05   8.42e-27
  6.9471e+05   7.60e-27
  7.1082e+05   6.82e-27
  7.2732e+05   6.09e-27
  7.4419e+05   5.40e-27
  7.6146e+05   4.85e-27
  7.7912e+05   4.36e-27
  7.9720e+05   3.90e-27
  8.1570e+05   3.47e-27
  8.3462e+05   3.06e-27
  8.5399e+05   2.74e-27
  8.7380e+05   2.46e-27
  8.9407e+05   2.20e-27
  9.1482e+05   1.95e-27
  9.3604e+05   1.71e-27
  9.5776e+05   1.53e-27
  9.7998e+05   1.37e-27
  1.0027e+06   1.22e-27
  1.0260e+06   1.08e-27
  1.0498e+06   9.47e-28
  1.0741e+06   8.43e-28
  1.0991e+06   7.54e-28
  1.1246e+06   6.70e-28
  1.1507e+06   5.91e-28
  1.1774e+06   5.17e-28
  1.2047e+06   4.60e-28
  1.2326e+06   4.12e-28
  1.2612e+06   3.67e-28
  1.2905e+06   3.24e-28
  1.3204e+06   2.84e-28
  1.3511e+06   2.53e-28
  1.3824e+06   2.27e-28
  1.4145e+06   2.03e-28
  1.4473e+06   1.80e-28
  1.4809e+06   1.58e-28
  1.5152e+06   1.42e-28
  1.5504e+06   1.28e-28
  1.5864e+06   1.15e-28
  1.6232e+06   1.03e-28
  1.6608e+06   9.11e-29
  1.6994e+06   8.22e-29
  1.7388e+06   7.51e-29
  1.7791e+06   6.83e-29
  1.8204e+06   6.18e-29
  1.8626e+06   5.57e-29
  1.9059e+06   5.09e-29
  1.9501e+06   4.69e-29
  1.9953e+06   4.32e-29
  2.0416e+06   3.96e-29
  2.0890e+06   3.62e-29
  2.1375e+06   3.33e-29
  2.1870e+06   3.09e-29
  2.2378e+06   2.86e-29
  2.2897e+06   2.63e-29
  2.3428e+06   2.42e-29
  2.3972e+06   2.23e-29
  2.4528e+06   2.06e-29
  2.5097e+06   1.89e-29
  2.5680e+06   1.73e-29
  2.6275e+06   1.58e-29
  2.6885e+06   1.46e-29
  2.7509e+06   1.37e-29
  2.8147e+06   1.28e-29
  2.8800e+06   1.19e-29
