#  E [GeV]   # per interaction  [GeV^{-1}]
  3.0000e+01   6.90e-02
  3.0411e+01   6.66e-02
  3.0828e+01   6.43e-02
  3.1250e+01   6.20e-02
  3.1678e+01   5.99e-02
  3.2112e+01   5.79e-02
  3.2552e+01   5.60e-02
  3.2998e+01   5.40e-02
  3.3450e+01   5.22e-02
  3.3909e+01   5.03e-02
  3.4373e+01   4.85e-02
  3.4844e+01   4.68e-02
  3.5322e+01   4.51e-02
  3.5806e+01   4.35e-02
  3.6296e+01   4.20e-02
  3.6794e+01   4.05e-02
  3.7298e+01   3.91e-02
  3.7809e+01   3.77e-02
  3.8327e+01   3.63e-02
  3.8852e+01   3.49e-02
  3.9384e+01   3.36e-02
  3.9924e+01   3.24e-02
  4.0471e+01   3.12e-02
  4.1025e+01   3.01e-02
  4.1587e+01   2.90e-02
  4.2157e+01   2.79e-02
  4.2735e+01   2.68e-02
  4.3320e+01   2.58e-02
  4.3914e+01   2.48e-02
  4.4516e+01   2.38e-02
  4.5125e+01   2.29e-02
  4.5744e+01   2.21e-02
  4.6370e+01   2.12e-02
  4.7006e+01   2.04e-02
  4.7650e+01   1.96e-02
  4.8303e+01   1.88e-02
  4.8965e+01   1.81e-02
  4.9635e+01   1.73e-02
  5.0315e+01   1.66e-02
  5.1005e+01   1.60e-02
  5.1704e+01   1.54e-02
  5.2412e+01   1.48e-02
  5.3130e+01   1.42e-02
  5.3858e+01   1.36e-02
  5.4596e+01   1.30e-02
  5.5344e+01   1.25e-02
  5.6102e+01   1.19e-02
  5.6871e+01   1.15e-02
  5.7650e+01   1.10e-02
  5.8440e+01   1.06e-02
  5.9241e+01   1.01e-02
  6.0053e+01   9.71e-03
  6.0875e+01   9.29e-03
  6.1709e+01   8.89e-03
  6.2555e+01   8.49e-03
  6.3412e+01   8.14e-03
  6.4281e+01   7.81e-03
  6.5162e+01   7.49e-03
  6.6054e+01   7.18e-03
  6.6959e+01   6.87e-03
  6.7877e+01   6.57e-03
  6.8807e+01   6.27e-03
  6.9750e+01   5.99e-03
  7.0705e+01   5.72e-03
  7.1674e+01   5.49e-03
  7.2656e+01   5.26e-03
  7.3652e+01   5.03e-03
  7.4661e+01   4.81e-03
  7.5684e+01   4.60e-03
  7.6721e+01   4.39e-03
  7.7772e+01   4.18e-03
  7.8837e+01   3.98e-03
  7.9917e+01   3.81e-03
  8.1012e+01   3.65e-03
  8.2122e+01   3.49e-03
  8.3248e+01   3.34e-03
  8.4388e+01   3.19e-03
  8.5544e+01   3.04e-03
  8.6717e+01   2.90e-03
  8.7905e+01   2.75e-03
  8.9109e+01   2.63e-03
  9.0330e+01   2.51e-03
  9.1568e+01   2.40e-03
  9.2822e+01   2.29e-03
  9.4094e+01   2.19e-03
  9.5383e+01   2.08e-03
  9.6690e+01   1.98e-03
  9.8015e+01   1.88e-03
  9.9358e+01   1.79e-03
  1.0072e+02   1.71e-03
  1.0210e+02   1.64e-03
  1.0350e+02   1.56e-03
  1.0492e+02   1.49e-03
  1.0635e+02   1.42e-03
  1.0781e+02   1.35e-03
  1.0929e+02   1.28e-03
  1.1079e+02   1.22e-03
  1.1230e+02   1.16e-03
  1.1384e+02   1.11e-03
  1.1540e+02   1.06e-03
  1.1698e+02   1.01e-03
  1.1859e+02   9.59e-04
  1.2021e+02   9.13e-04
  1.2186e+02   8.67e-04
  1.2353e+02   8.22e-04
  1.2522e+02   7.80e-04
  1.2694e+02   7.45e-04
  1.2867e+02   7.12e-04
  1.3044e+02   6.79e-04
  1.3222e+02   6.47e-04
  1.3404e+02   6.15e-04
  1.3587e+02   5.85e-04
  1.3773e+02   5.55e-04
  1.3962e+02   5.26e-04
  1.4153e+02   5.01e-04
  1.4347e+02   4.78e-04
  1.4544e+02   4.56e-04
  1.4743e+02   4.35e-04
  1.4945e+02   4.14e-04
  1.5150e+02   3.93e-04
  1.5358e+02   3.73e-04
  1.5568e+02   3.54e-04
  1.5781e+02   3.35e-04
  1.5997e+02   3.21e-04
  1.6217e+02   3.06e-04
  1.6439e+02   2.92e-04
  1.6664e+02   2.78e-04
  1.6892e+02   2.64e-04
  1.7124e+02   2.51e-04
  1.7358e+02   2.38e-04
  1.7596e+02   2.25e-04
  1.7837e+02   2.15e-04
  1.8082e+02   2.05e-04
  1.8330e+02   1.96e-04
  1.8581e+02   1.86e-04
  1.8835e+02   1.77e-04
  1.9093e+02   1.69e-04
  1.9355e+02   1.60e-04
  1.9620e+02   1.52e-04
  1.9889e+02   1.44e-04
  2.0161e+02   1.38e-04
  2.0438e+02   1.31e-04
  2.0718e+02   1.25e-04
  2.1002e+02   1.19e-04
  2.1289e+02   1.13e-04
  2.1581e+02   1.07e-04
  2.1877e+02   1.02e-04
  2.2176e+02   9.60e-05
  2.2480e+02   9.16e-05
  2.2788e+02   8.76e-05
  2.3101e+02   8.37e-05
  2.3417e+02   7.98e-05
  2.3738e+02   7.61e-05
  2.4063e+02   7.24e-05
  2.4393e+02   6.88e-05
  2.4727e+02   6.53e-05
  2.5066e+02   6.22e-05
  2.5409e+02   5.97e-05
  2.5757e+02   5.73e-05
  2.6110e+02   5.49e-05
  2.6468e+02   5.26e-05
  2.6831e+02   5.03e-05
  2.7198e+02   4.81e-05
  2.7571e+02   4.59e-05
  2.7949e+02   4.38e-05
  2.8332e+02   4.23e-05
  2.8720e+02   4.09e-05
  2.9113e+02   3.96e-05
  2.9512e+02   3.82e-05
  2.9917e+02   3.70e-05
  3.0327e+02   3.57e-05
  3.0742e+02   3.45e-05
  3.1163e+02   3.33e-05
  3.1590e+02   3.22e-05
  3.2023e+02   3.14e-05
  3.2462e+02   3.07e-05
  3.2907e+02   2.99e-05
  3.3357e+02   2.91e-05
  3.3814e+02   2.84e-05
  3.4278e+02   2.77e-05
  3.4747e+02   2.70e-05
  3.5223e+02   2.63e-05
  3.5706e+02   2.58e-05
  3.6195e+02   2.54e-05
  3.6691e+02   2.49e-05
  3.7194e+02   2.45e-05
  3.7704e+02   2.40e-05
  3.8220e+02   2.36e-05
  3.8744e+02   2.32e-05
  3.9275e+02   2.28e-05
  3.9813e+02   2.23e-05
  4.0358e+02   2.19e-05
  4.0911e+02   2.15e-05
  4.1472e+02   2.11e-05
  4.2040e+02   2.07e-05
  4.2616e+02   2.04e-05
  4.3200e+02   2.00e-05
  4.3792e+02   1.96e-05
  4.4392e+02   1.92e-05
  4.5000e+02   1.88e-05
