#  E [MeV]   Flux [# cm^{-2} s^{-1}  MeV^{-1}]
  3.0000e+04   1.80e-20
  3.1123e+04   1.73e-20
  3.2288e+04   1.66e-20
  3.3497e+04   1.59e-20
  3.4751e+04   1.53e-20
  3.6051e+04   1.47e-20
  3.7401e+04   1.41e-20
  3.8801e+04   1.36e-20
  4.0253e+04   1.30e-20
  4.1760e+04   1.25e-20
  4.3324e+04   1.20e-20
  4.4945e+04   1.15e-20
  4.6628e+04   1.11e-20
  4.8373e+04   1.06e-20
  5.0184e+04   1.02e-20
  5.2063e+04   9.79e-21
  5.4011e+04   9.40e-21
  5.6033e+04   9.02e-21
  5.8131e+04   8.65e-21
  6.0307e+04   8.30e-21
  6.2564e+04   7.96e-21
  6.4906e+04   7.64e-21
  6.7336e+04   7.32e-21
  6.9857e+04   7.02e-21
  7.2472e+04   6.73e-21
  7.5184e+04   6.45e-21
  7.7999e+04   6.18e-21
  8.0919e+04   5.92e-21
  8.3948e+04   5.67e-21
  8.7090e+04   5.44e-21
  9.0350e+04   5.20e-21
  9.3732e+04   4.98e-21
  9.7241e+04   4.77e-21
  1.0088e+05   4.57e-21
  1.0466e+05   4.37e-21
  1.0858e+05   4.18e-21
  1.1264e+05   4.00e-21
  1.1686e+05   3.82e-21
  1.2123e+05   3.65e-21
  1.2577e+05   3.49e-21
  1.3048e+05   3.34e-21
  1.3536e+05   3.19e-21
  1.4043e+05   3.04e-21
  1.4568e+05   2.90e-21
  1.5114e+05   2.77e-21
  1.5680e+05   2.64e-21
  1.6266e+05   2.52e-21
  1.6875e+05   2.40e-21
  1.7507e+05   2.29e-21
  1.8162e+05   2.18e-21
  1.8842e+05   2.07e-21
  1.9548e+05   1.97e-21
  2.0279e+05   1.87e-21
  2.1039e+05   1.78e-21
  2.1826e+05   1.69e-21
  2.2643e+05   1.61e-21
  2.3491e+05   1.53e-21
  2.4370e+05   1.45e-21
  2.5282e+05   1.37e-21
  2.6229e+05   1.30e-21
  2.7211e+05   1.23e-21
  2.8229e+05   1.17e-21
  2.9286e+05   1.10e-21
  3.0382e+05   1.04e-21
  3.1519e+05   9.85e-22
  3.2699e+05   9.30e-22
  3.3923e+05   8.77e-22
  3.5193e+05   8.27e-22
  3.6511e+05   7.79e-22
  3.7877e+05   7.33e-22
  3.9295e+05   6.90e-22
  4.0766e+05   6.49e-22
  4.2292e+05   6.09e-22
  4.3875e+05   5.72e-22
  4.5518e+05   5.37e-22
  4.7222e+05   5.03e-22
  4.8989e+05   4.71e-22
  5.0823e+05   4.41e-22
  5.2726e+05   4.13e-22
  5.4699e+05   3.86e-22
  5.6747e+05   3.61e-22
  5.8871e+05   3.37e-22
  6.1075e+05   3.14e-22
  6.3361e+05   2.93e-22
  6.5733e+05   2.73e-22
  6.8194e+05   2.54e-22
  7.0746e+05   2.37e-22
  7.3395e+05   2.20e-22
  7.6142e+05   2.05e-22
  7.8992e+05   1.91e-22
  8.1949e+05   1.77e-22
  8.5017e+05   1.65e-22
  8.8199e+05   1.53e-22
  9.1501e+05   1.42e-22
  9.4926e+05   1.32e-22
  9.8479e+05   1.22e-22
  1.0217e+06   1.13e-22
  1.0599e+06   1.05e-22
  1.0996e+06   9.75e-23
  1.1407e+06   9.03e-23
  1.1834e+06   8.36e-23
  1.2277e+06   7.74e-23
  1.2737e+06   7.17e-23
  1.3214e+06   6.64e-23
  1.3708e+06   6.14e-23
  1.4222e+06   5.68e-23
  1.4754e+06   5.25e-23
  1.5306e+06   4.85e-23
  1.5879e+06   4.49e-23
  1.6474e+06   4.15e-23
  1.7090e+06   3.83e-23
  1.7730e+06   3.54e-23
  1.8394e+06   3.27e-23
  1.9082e+06   3.01e-23
  1.9797e+06   2.78e-23
  2.0538e+06   2.56e-23
  2.1306e+06   2.36e-23
  2.2104e+06   2.17e-23
  2.2931e+06   2.00e-23
  2.3790e+06   1.84e-23
  2.4680e+06   1.69e-23
  2.5604e+06   1.55e-23
  2.6563e+06   1.42e-23
  2.7557e+06   1.30e-23
  2.8589e+06   1.20e-23
  2.9659e+06   1.09e-23
  3.0769e+06   9.99e-24
  3.1921e+06   9.14e-24
  3.3116e+06   8.34e-24
  3.4355e+06   7.59e-24
  3.5641e+06   6.92e-24
  3.6976e+06   6.29e-24
  3.8360e+06   5.71e-24
  3.9796e+06   5.19e-24
  4.1285e+06   4.70e-24
  4.2831e+06   4.24e-24
  4.4434e+06   3.84e-24
  4.6097e+06   3.46e-24
  4.7823e+06   3.10e-24
  4.9613e+06   2.79e-24
  5.1470e+06   2.50e-24
  5.3397e+06   2.24e-24
  5.5396e+06   2.00e-24
  5.7470e+06   1.78e-24
  5.9621e+06   1.58e-24
  6.1853e+06   1.40e-24
  6.4168e+06   1.24e-24
  6.6570e+06   1.09e-24
  6.9062e+06   9.58e-25
  7.1647e+06   8.42e-25
  7.4329e+06   7.34e-25
  7.7112e+06   6.37e-25
  7.9998e+06   5.55e-25
  8.2993e+06   4.79e-25
  8.6100e+06   4.10e-25
  8.9323e+06   3.53e-25
  9.2666e+06   3.00e-25
  9.6135e+06   2.53e-25
  9.9734e+06   2.14e-25
  1.0347e+07   1.79e-25
  1.0734e+07   1.48e-25
  1.1136e+07   1.23e-25
  1.1553e+07   1.01e-25
  1.1985e+07   8.15e-26
  1.2434e+07   6.58e-26
  1.2899e+07   5.26e-26
  1.3382e+07   4.13e-26
  1.3883e+07   3.22e-26
  1.4403e+07   2.49e-26
  1.4942e+07   1.88e-26
  1.5501e+07   1.40e-26
  1.6081e+07   1.04e-26
  1.6683e+07   7.43e-27
  1.7308e+07   5.20e-27
  1.7956e+07   3.59e-27
  1.8628e+07   2.39e-27
  1.9325e+07   1.53e-27
  2.0049e+07   9.62e-28
  2.0799e+07   5.75e-28
  2.1578e+07   3.24e-28
  2.2386e+07   1.78e-28
  2.3224e+07   9.09e-29
  2.4093e+07   4.25e-29
  2.4995e+07   1.88e-29
  2.5930e+07   7.53e-30
  2.6901e+07   2.64e-30
  2.7908e+07   8.28e-31
  2.8953e+07   2.22e-31
  3.0037e+07   4.82e-32
  3.1161e+07   8.47e-33
  3.2327e+07   1.14e-33
  3.3537e+07   1.08e-34
  3.4793e+07   6.85e-36
  3.6095e+07   2.70e-37
  3.7446e+07   5.65e-39
  3.8848e+07   5.47e-41
  4.0302e+07   2.06e-43
  4.1811e+07   2.25e-46
  4.3376e+07   5.20e-50
  4.5000e+07   1.75e-54
