#  E [GeV]   # per interaction  [GeV^{-1}]
  3.0000e+01   3.71e-03
  3.0517e+01   3.63e-03
  3.1043e+01   3.54e-03
  3.1578e+01   3.46e-03
  3.2123e+01   3.39e-03
  3.2676e+01   3.31e-03
  3.3240e+01   3.23e-03
  3.3813e+01   3.16e-03
  3.4396e+01   3.09e-03
  3.4989e+01   3.02e-03
  3.5592e+01   2.95e-03
  3.6205e+01   2.89e-03
  3.6829e+01   2.82e-03
  3.7464e+01   2.76e-03
  3.8110e+01   2.70e-03
  3.8767e+01   2.64e-03
  3.9435e+01   2.58e-03
  4.0115e+01   2.52e-03
  4.0807e+01   2.47e-03
  4.1510e+01   2.41e-03
  4.2226e+01   2.36e-03
  4.2953e+01   2.31e-03
  4.3694e+01   2.26e-03
  4.4447e+01   2.21e-03
  4.5213e+01   2.16e-03
  4.5993e+01   2.11e-03
  4.6786e+01   2.07e-03
  4.7592e+01   2.02e-03
  4.8412e+01   1.98e-03
  4.9247e+01   1.93e-03
  5.0096e+01   1.89e-03
  5.0960e+01   1.85e-03
  5.1838e+01   1.81e-03
  5.2732e+01   1.77e-03
  5.3641e+01   1.73e-03
  5.4565e+01   1.69e-03
  5.5506e+01   1.66e-03
  5.6463e+01   1.62e-03
  5.7436e+01   1.58e-03
  5.8426e+01   1.55e-03
  5.9433e+01   1.52e-03
  6.0458e+01   1.48e-03
  6.1500e+01   1.45e-03
  6.2560e+01   1.42e-03
  6.3639e+01   1.39e-03
  6.4736e+01   1.36e-03
  6.5852e+01   1.33e-03
  6.6987e+01   1.30e-03
  6.8142e+01   1.27e-03
  6.9316e+01   1.24e-03
  7.0511e+01   1.22e-03
  7.1727e+01   1.19e-03
  7.2963e+01   1.16e-03
  7.4221e+01   1.14e-03
  7.5500e+01   1.11e-03
  7.6802e+01   1.09e-03
  7.8126e+01   1.07e-03
  7.9472e+01   1.04e-03
  8.0842e+01   1.02e-03
  8.2236e+01   1.00e-03
  8.3654e+01   9.79e-04
  8.5096e+01   9.59e-04
  8.6563e+01   9.38e-04
  8.8055e+01   9.18e-04
  8.9573e+01   8.99e-04
  9.1117e+01   8.80e-04
  9.2687e+01   8.61e-04
  9.4285e+01   8.43e-04
  9.5911e+01   8.25e-04
  9.7564e+01   8.07e-04
  9.9246e+01   7.90e-04
  1.0096e+02   7.73e-04
  1.0270e+02   7.57e-04
  1.0447e+02   7.41e-04
  1.0627e+02   7.25e-04
  1.0810e+02   7.10e-04
  1.0996e+02   6.95e-04
  1.1186e+02   6.80e-04
  1.1379e+02   6.66e-04
  1.1575e+02   6.51e-04
  1.1774e+02   6.38e-04
  1.1977e+02   6.24e-04
  1.2184e+02   6.11e-04
  1.2394e+02   5.98e-04
  1.2608e+02   5.85e-04
  1.2825e+02   5.72e-04
  1.3046e+02   5.60e-04
  1.3271e+02   5.48e-04
  1.3500e+02   5.36e-04
  1.3732e+02   5.25e-04
  1.3969e+02   5.13e-04
  1.4210e+02   5.02e-04
  1.4455e+02   4.91e-04
  1.4704e+02   4.81e-04
  1.4957e+02   4.70e-04
  1.5215e+02   4.60e-04
  1.5478e+02   4.50e-04
  1.5744e+02   4.40e-04
  1.6016e+02   4.31e-04
  1.6292e+02   4.21e-04
  1.6573e+02   4.12e-04
  1.6858e+02   4.03e-04
  1.7149e+02   3.94e-04
  1.7445e+02   3.86e-04
  1.7745e+02   3.77e-04
  1.8051e+02   3.69e-04
  1.8362e+02   3.60e-04
  1.8679e+02   3.52e-04
  1.9001e+02   3.44e-04
  1.9328e+02   3.36e-04
  1.9662e+02   3.29e-04
  2.0001e+02   3.21e-04
  2.0345e+02   3.14e-04
  2.0696e+02   3.07e-04
  2.1053e+02   3.00e-04
  2.1416e+02   2.93e-04
  2.1785e+02   2.86e-04
  2.2160e+02   2.79e-04
  2.2543e+02   2.73e-04
  2.2931e+02   2.66e-04
  2.3326e+02   2.60e-04
  2.3729e+02   2.54e-04
  2.4138e+02   2.48e-04
  2.4554e+02   2.42e-04
  2.4977e+02   2.36e-04
  2.5407e+02   2.31e-04
  2.5845e+02   2.25e-04
  2.6291e+02   2.20e-04
  2.6744e+02   2.15e-04
  2.7205e+02   2.09e-04
  2.7674e+02   2.04e-04
  2.8151e+02   1.99e-04
  2.8637e+02   1.94e-04
  2.9130e+02   1.89e-04
  2.9632e+02   1.85e-04
  3.0143e+02   1.80e-04
  3.0663e+02   1.75e-04
  3.1191e+02   1.71e-04
  3.1729e+02   1.66e-04
  3.2276e+02   1.62e-04
  3.2832e+02   1.58e-04
  3.3398e+02   1.54e-04
  3.3974e+02   1.50e-04
  3.4560e+02   1.46e-04
  3.5155e+02   1.42e-04
  3.5761e+02   1.38e-04
  3.6378e+02   1.34e-04
  3.7005e+02   1.30e-04
  3.7643e+02   1.27e-04
  3.8292e+02   1.23e-04
  3.8952e+02   1.20e-04
  3.9623e+02   1.16e-04
  4.0306e+02   1.13e-04
  4.1001e+02   1.10e-04
  4.1708e+02   1.07e-04
  4.2427e+02   1.03e-04
  4.3158e+02   1.00e-04
  4.3902e+02   9.76e-05
  4.4659e+02   9.48e-05
  4.5429e+02   9.20e-05
  4.6212e+02   8.93e-05
  4.7009e+02   8.67e-05
  4.7819e+02   8.41e-05
  4.8643e+02   8.16e-05
  4.9482e+02   7.92e-05
  5.0335e+02   7.68e-05
  5.1203e+02   7.45e-05
  5.2085e+02   7.22e-05
  5.2983e+02   7.00e-05
  5.3897e+02   6.79e-05
  5.4826e+02   6.58e-05
  5.5771e+02   6.37e-05
  5.6732e+02   6.17e-05
  5.7710e+02   5.97e-05
  5.8705e+02   5.78e-05
  5.9717e+02   5.60e-05
  6.0746e+02   5.42e-05
  6.1793e+02   5.25e-05
  6.2859e+02   5.08e-05
  6.3942e+02   4.92e-05
  6.5045e+02   4.76e-05
  6.6166e+02   4.60e-05
  6.7306e+02   4.45e-05
  6.8467e+02   4.31e-05
  6.9647e+02   4.17e-05
  7.0847e+02   4.03e-05
  7.2069e+02   3.90e-05
  7.3311e+02   3.77e-05
  7.4575e+02   3.65e-05
  7.5860e+02   3.53e-05
  7.7168e+02   3.41e-05
  7.8498e+02   3.29e-05
  7.9852e+02   3.18e-05
  8.1228e+02   3.07e-05
  8.2628e+02   2.96e-05
  8.4053e+02   2.86e-05
  8.5502e+02   2.76e-05
  8.6976e+02   2.68e-05
  8.8475e+02   2.60e-05
  9.0000e+02   2.52e-05
