#  E [MeV]   Flux [# cm^{-2} s^{-1}  MeV^{-1}]
  3.0000e+04   2.24e-24
  3.0517e+04   2.19e-24
  3.1043e+04   2.14e-24
  3.1578e+04   2.09e-24
  3.2123e+04   2.05e-24
  3.2676e+04   2.00e-24
  3.3240e+04   1.95e-24
  3.3813e+04   1.91e-24
  3.4396e+04   1.87e-24
  3.4989e+04   1.82e-24
  3.5592e+04   1.78e-24
  3.6205e+04   1.74e-24
  3.6829e+04   1.70e-24
  3.7464e+04   1.67e-24
  3.8110e+04   1.63e-24
  3.8767e+04   1.59e-24
  3.9435e+04   1.56e-24
  4.0115e+04   1.52e-24
  4.0807e+04   1.49e-24
  4.1510e+04   1.46e-24
  4.2226e+04   1.43e-24
  4.2953e+04   1.39e-24
  4.3694e+04   1.36e-24
  4.4447e+04   1.33e-24
  4.5213e+04   1.30e-24
  4.5993e+04   1.28e-24
  4.6786e+04   1.25e-24
  4.7592e+04   1.22e-24
  4.8412e+04   1.19e-24
  4.9247e+04   1.17e-24
  5.0096e+04   1.14e-24
  5.0960e+04   1.12e-24
  5.1838e+04   1.09e-24
  5.2732e+04   1.07e-24
  5.3641e+04   1.05e-24
  5.4565e+04   1.02e-24
  5.5506e+04   1.00e-24
  5.6463e+04   9.78e-25
  5.7436e+04   9.57e-25
  5.8426e+04   9.36e-25
  5.9433e+04   9.15e-25
  6.0458e+04   8.95e-25
  6.1500e+04   8.76e-25
  6.2560e+04   8.57e-25
  6.3639e+04   8.38e-25
  6.4736e+04   8.20e-25
  6.5852e+04   8.02e-25
  6.6987e+04   7.85e-25
  6.8142e+04   7.68e-25
  6.9316e+04   7.51e-25
  7.0511e+04   7.35e-25
  7.1727e+04   7.19e-25
  7.2963e+04   7.03e-25
  7.4221e+04   6.88e-25
  7.5500e+04   6.73e-25
  7.6802e+04   6.59e-25
  7.8126e+04   6.45e-25
  7.9472e+04   6.31e-25
  8.0842e+04   6.18e-25
  8.2236e+04   6.05e-25
  8.3654e+04   5.92e-25
  8.5096e+04   5.79e-25
  8.6563e+04   5.67e-25
  8.8055e+04   5.55e-25
  8.9573e+04   5.43e-25
  9.1117e+04   5.31e-25
  9.2687e+04   5.20e-25
  9.4285e+04   5.09e-25
  9.5911e+04   4.98e-25
  9.7564e+04   4.88e-25
  9.9246e+04   4.77e-25
  1.0096e+05   4.67e-25
  1.0270e+05   4.57e-25
  1.0447e+05   4.48e-25
  1.0627e+05   4.38e-25
  1.0810e+05   4.29e-25
  1.0996e+05   4.20e-25
  1.1186e+05   4.11e-25
  1.1379e+05   4.02e-25
  1.1575e+05   3.94e-25
  1.1774e+05   3.85e-25
  1.1977e+05   3.77e-25
  1.2184e+05   3.69e-25
  1.2394e+05   3.61e-25
  1.2608e+05   3.53e-25
  1.2825e+05   3.46e-25
  1.3046e+05   3.38e-25
  1.3271e+05   3.31e-25
  1.3500e+05   3.24e-25
  1.3732e+05   3.17e-25
  1.3969e+05   3.10e-25
  1.4210e+05   3.03e-25
  1.4455e+05   2.97e-25
  1.4704e+05   2.90e-25
  1.4957e+05   2.84e-25
  1.5215e+05   2.78e-25
  1.5478e+05   2.72e-25
  1.5744e+05   2.66e-25
  1.6016e+05   2.60e-25
  1.6292e+05   2.55e-25
  1.6573e+05   2.49e-25
  1.6858e+05   2.44e-25
  1.7149e+05   2.38e-25
  1.7445e+05   2.33e-25
  1.7745e+05   2.28e-25
  1.8051e+05   2.23e-25
  1.8362e+05   2.18e-25
  1.8679e+05   2.13e-25
  1.9001e+05   2.08e-25
  1.9328e+05   2.03e-25
  1.9662e+05   1.99e-25
  2.0001e+05   1.94e-25
  2.0345e+05   1.90e-25
  2.0696e+05   1.85e-25
  2.1053e+05   1.81e-25
  2.1416e+05   1.77e-25
  2.1785e+05   1.73e-25
  2.2160e+05   1.69e-25
  2.2543e+05   1.65e-25
  2.2931e+05   1.61e-25
  2.3326e+05   1.57e-25
  2.3729e+05   1.53e-25
  2.4138e+05   1.50e-25
  2.4554e+05   1.46e-25
  2.4977e+05   1.43e-25
  2.5407e+05   1.39e-25
  2.5845e+05   1.36e-25
  2.6291e+05   1.33e-25
  2.6744e+05   1.30e-25
  2.7205e+05   1.26e-25
  2.7674e+05   1.23e-25
  2.8151e+05   1.20e-25
  2.8637e+05   1.17e-25
  2.9130e+05   1.14e-25
  2.9632e+05   1.12e-25
  3.0143e+05   1.09e-25
  3.0663e+05   1.06e-25
  3.1191e+05   1.03e-25
  3.1729e+05   1.01e-25
  3.2276e+05   9.79e-26
  3.2832e+05   9.53e-26
  3.3398e+05   9.28e-26
  3.3974e+05   9.04e-26
  3.4560e+05   8.79e-26
  3.5155e+05   8.56e-26
  3.5761e+05   8.32e-26
  3.6378e+05   8.09e-26
  3.7005e+05   7.87e-26
  3.7643e+05   7.65e-26
  3.8292e+05   7.44e-26
  3.8952e+05   7.23e-26
  3.9623e+05   7.02e-26
  4.0306e+05   6.82e-26
  4.1001e+05   6.63e-26
  4.1708e+05   6.44e-26
  4.2427e+05   6.25e-26
  4.3158e+05   6.07e-26
  4.3902e+05   5.89e-26
  4.4659e+05   5.72e-26
  4.5429e+05   5.56e-26
  4.6212e+05   5.39e-26
  4.7009e+05   5.23e-26
  4.7819e+05   5.08e-26
  4.8643e+05   4.93e-26
  4.9482e+05   4.78e-26
  5.0335e+05   4.64e-26
  5.1203e+05   4.50e-26
  5.2085e+05   4.36e-26
  5.2983e+05   4.23e-26
  5.3897e+05   4.10e-26
  5.4826e+05   3.97e-26
  5.5771e+05   3.85e-26
  5.6732e+05   3.73e-26
  5.7710e+05   3.61e-26
  5.8705e+05   3.49e-26
  5.9717e+05   3.38e-26
  6.0746e+05   3.27e-26
  6.1793e+05   3.17e-26
  6.2859e+05   3.07e-26
  6.3942e+05   2.97e-26
  6.5045e+05   2.87e-26
  6.6166e+05   2.78e-26
  6.7306e+05   2.69e-26
  6.8467e+05   2.60e-26
  6.9647e+05   2.52e-26
  7.0847e+05   2.44e-26
  7.2069e+05   2.36e-26
  7.3311e+05   2.28e-26
  7.4575e+05   2.20e-26
  7.5860e+05   2.13e-26
  7.7168e+05   2.06e-26
  7.8498e+05   1.99e-26
  7.9852e+05   1.92e-26
  8.1228e+05   1.85e-26
  8.2628e+05   1.79e-26
  8.4053e+05   1.73e-26
  8.5502e+05   1.67e-26
  8.6976e+05   1.62e-26
  8.8475e+05   1.57e-26
  9.0000e+05   1.52e-26
