#  E [MeV]   Flux [# cm^{-2} s^{-1}  MeV^{-1}]
  3.0000e+04   3.84e-23
  3.0696e+04   3.71e-23
  3.1408e+04   3.59e-23
  3.2137e+04   3.46e-23
  3.2883e+04   3.35e-23
  3.3646e+04   3.23e-23
  3.4426e+04   3.12e-23
  3.5225e+04   3.01e-23
  3.6042e+04   2.90e-23
  3.6878e+04   2.80e-23
  3.7734e+04   2.70e-23
  3.8609e+04   2.60e-23
  3.9505e+04   2.51e-23
  4.0422e+04   2.41e-23
  4.1360e+04   2.32e-23
  4.2319e+04   2.24e-23
  4.3301e+04   2.16e-23
  4.4306e+04   2.08e-23
  4.5334e+04   2.00e-23
  4.6386e+04   1.93e-23
  4.7462e+04   1.85e-23
  4.8563e+04   1.78e-23
  4.9690e+04   1.72e-23
  5.0843e+04   1.65e-23
  5.2022e+04   1.59e-23
  5.3229e+04   1.53e-23
  5.4464e+04   1.47e-23
  5.5728e+04   1.42e-23
  5.7021e+04   1.37e-23
  5.8344e+04   1.31e-23
  5.9697e+04   1.26e-23
  6.1083e+04   1.21e-23
  6.2500e+04   1.17e-23
  6.3950e+04   1.12e-23
  6.5434e+04   1.08e-23
  6.6952e+04   1.03e-23
  6.8505e+04   9.94e-24
  7.0095e+04   9.54e-24
  7.1721e+04   9.16e-24
  7.3385e+04   8.78e-24
  7.5088e+04   8.42e-24
  7.6830e+04   8.08e-24
  7.8612e+04   7.74e-24
  8.0436e+04   7.42e-24
  8.2302e+04   7.11e-24
  8.4212e+04   6.81e-24
  8.6166e+04   6.52e-24
  8.8165e+04   6.24e-24
  9.0210e+04   5.97e-24
  9.2304e+04   5.71e-24
  9.4445e+04   5.46e-24
  9.6636e+04   5.22e-24
  9.8878e+04   4.99e-24
  1.0117e+05   4.77e-24
  1.0352e+05   4.55e-24
  1.0592e+05   4.35e-24
  1.0838e+05   4.15e-24
  1.1089e+05   3.96e-24
  1.1347e+05   3.78e-24
  1.1610e+05   3.60e-24
  1.1879e+05   3.43e-24
  1.2155e+05   3.27e-24
  1.2437e+05   3.11e-24
  1.2725e+05   2.96e-24
  1.3021e+05   2.82e-24
  1.3323e+05   2.68e-24
  1.3632e+05   2.55e-24
  1.3948e+05   2.42e-24
  1.4272e+05   2.30e-24
  1.4603e+05   2.18e-24
  1.4942e+05   2.07e-24
  1.5288e+05   1.96e-24
  1.5643e+05   1.86e-24
  1.6006e+05   1.77e-24
  1.6377e+05   1.67e-24
  1.6757e+05   1.58e-24
  1.7146e+05   1.49e-24
  1.7544e+05   1.41e-24
  1.7951e+05   1.34e-24
  1.8368e+05   1.26e-24
  1.8794e+05   1.19e-24
  1.9230e+05   1.12e-24
  1.9676e+05   1.06e-24
  2.0132e+05   9.98e-25
  2.0600e+05   9.40e-25
  2.1078e+05   8.84e-25
  2.1567e+05   8.30e-25
  2.2067e+05   7.81e-25
  2.2579e+05   7.34e-25
  2.3103e+05   6.89e-25
  2.3639e+05   6.45e-25
  2.4187e+05   6.04e-25
  2.4748e+05   5.67e-25
  2.5323e+05   5.31e-25
  2.5910e+05   4.97e-25
  2.6511e+05   4.63e-25
  2.7126e+05   4.32e-25
  2.7756e+05   4.04e-25
  2.8400e+05   3.77e-25
  2.9059e+05   3.51e-25
  2.9733e+05   3.26e-25
  3.0423e+05   3.02e-25
  3.1129e+05   2.81e-25
  3.1851e+05   2.62e-25
  3.2590e+05   2.43e-25
  3.3346e+05   2.24e-25
  3.4120e+05   2.07e-25
  3.4911e+05   1.92e-25
  3.5721e+05   1.78e-25
  3.6550e+05   1.64e-25
  3.7398e+05   1.51e-25
  3.8266e+05   1.39e-25
  3.9154e+05   1.29e-25
  4.0062e+05   1.18e-25
  4.0991e+05   1.09e-25
  4.1943e+05   9.98e-26
  4.2916e+05   9.13e-26
  4.3911e+05   8.40e-26
  4.4930e+05   7.72e-26
  4.5973e+05   7.06e-26
  4.7039e+05   6.44e-26
  4.8131e+05   5.86e-26
  4.9247e+05   5.37e-26
  5.0390e+05   4.92e-26
  5.1559e+05   4.48e-26
  5.2755e+05   4.07e-26
  5.3979e+05   3.68e-26
  5.5232e+05   3.36e-26
  5.6513e+05   3.06e-26
  5.7824e+05   2.77e-26
  5.9166e+05   2.50e-26
  6.0539e+05   2.25e-26
  6.1943e+05   2.05e-26
  6.3381e+05   1.86e-26
  6.4851e+05   1.68e-26
  6.6356e+05   1.51e-26
  6.7895e+05   1.35e-26
  6.9471e+05   1.22e-26
  7.1082e+05   1.11e-26
  7.2732e+05   9.96e-27
  7.4419e+05   8.91e-27
  7.6146e+05   7.92e-27
  7.7912e+05   7.17e-27
  7.9720e+05   6.46e-27
  8.1570e+05   5.80e-27
  8.3462e+05   5.17e-27
  8.5399e+05   4.57e-27
  8.7380e+05   4.13e-27
  8.9407e+05   3.71e-27
  9.1482e+05   3.32e-27
  9.3604e+05   2.95e-27
  9.5776e+05   2.60e-27
  9.7998e+05   2.34e-27
  1.0027e+06   2.10e-27
  1.0260e+06   1.88e-27
  1.0498e+06   1.66e-27
  1.0741e+06   1.46e-27
  1.0991e+06   1.31e-27
  1.1246e+06   1.18e-27
  1.1507e+06   1.05e-27
  1.1774e+06   9.26e-28
  1.2047e+06   8.11e-28
  1.2326e+06   7.29e-28
  1.2612e+06   6.54e-28
  1.2905e+06   5.83e-28
  1.3204e+06   5.16e-28
  1.3511e+06   4.52e-28
  1.3824e+06   4.07e-28
  1.4145e+06   3.66e-28
  1.4473e+06   3.28e-28
  1.4809e+06   2.91e-28
  1.5152e+06   2.56e-28
  1.5504e+06   2.32e-28
  1.5864e+06   2.09e-28
  1.6232e+06   1.88e-28
  1.6608e+06   1.68e-28
  1.6994e+06   1.49e-28
  1.7388e+06   1.36e-28
  1.7791e+06   1.25e-28
  1.8204e+06   1.13e-28
  1.8626e+06   1.03e-28
  1.9059e+06   9.28e-29
  1.9501e+06   8.55e-29
  1.9953e+06   7.89e-29
  2.0416e+06   7.27e-29
  2.0890e+06   6.67e-29
  2.1375e+06   6.10e-29
  2.1870e+06   5.65e-29
  2.2378e+06   5.25e-29
  2.2897e+06   4.86e-29
  2.3428e+06   4.49e-29
  2.3972e+06   4.13e-29
  2.4528e+06   3.82e-29
  2.5097e+06   3.52e-29
  2.5680e+06   3.24e-29
  2.6275e+06   2.97e-29
  2.6885e+06   2.71e-29
  2.7509e+06   2.53e-29
  2.8147e+06   2.37e-29
  2.8800e+06   2.22e-29
