#  E [GeV]   # per interaction  [GeV^{-1}]
  3.0000e+01   4.84e-01
  3.0782e+01   4.68e-01
  3.1585e+01   4.52e-01
  3.2409e+01   4.36e-01
  3.3255e+01   4.21e-01
  3.4122e+01   4.07e-01
  3.5012e+01   3.92e-01
  3.5925e+01   3.79e-01
  3.6862e+01   3.66e-01
  3.7824e+01   3.53e-01
  3.8810e+01   3.40e-01
  3.9822e+01   3.28e-01
  4.0861e+01   3.17e-01
  4.1927e+01   3.05e-01
  4.3021e+01   2.94e-01
  4.4143e+01   2.84e-01
  4.5294e+01   2.73e-01
  4.6475e+01   2.63e-01
  4.7688e+01   2.54e-01
  4.8931e+01   2.44e-01
  5.0208e+01   2.35e-01
  5.1517e+01   2.26e-01
  5.2861e+01   2.18e-01
  5.4240e+01   2.10e-01
  5.5654e+01   2.02e-01
  5.7106e+01   1.94e-01
  5.8596e+01   1.86e-01
  6.0124e+01   1.79e-01
  6.1692e+01   1.72e-01
  6.3301e+01   1.65e-01
  6.4952e+01   1.58e-01
  6.6647e+01   1.52e-01
  6.8385e+01   1.46e-01
  7.0169e+01   1.40e-01
  7.1999e+01   1.34e-01
  7.3877e+01   1.28e-01
  7.5804e+01   1.23e-01
  7.7781e+01   1.18e-01
  7.9810e+01   1.13e-01
  8.1891e+01   1.08e-01
  8.4027e+01   1.04e-01
  8.6219e+01   9.93e-02
  8.8468e+01   9.51e-02
  9.0775e+01   9.11e-02
  9.3143e+01   8.72e-02
  9.5572e+01   8.35e-02
  9.8065e+01   7.99e-02
  1.0062e+02   7.65e-02
  1.0325e+02   7.32e-02
  1.0594e+02   7.00e-02
  1.0870e+02   6.69e-02
  1.1154e+02   6.40e-02
  1.1445e+02   6.12e-02
  1.1743e+02   5.85e-02
  1.2050e+02   5.59e-02
  1.2364e+02   5.33e-02
  1.2686e+02   5.09e-02
  1.3017e+02   4.86e-02
  1.3357e+02   4.63e-02
  1.3705e+02   4.42e-02
  1.4063e+02   4.21e-02
  1.4429e+02   4.01e-02
  1.4806e+02   3.82e-02
  1.5192e+02   3.64e-02
  1.5588e+02   3.46e-02
  1.5995e+02   3.30e-02
  1.6412e+02   3.14e-02
  1.6840e+02   2.98e-02
  1.7279e+02   2.83e-02
  1.7730e+02   2.69e-02
  1.8193e+02   2.56e-02
  1.8667e+02   2.43e-02
  1.9154e+02   2.30e-02
  1.9654e+02   2.18e-02
  2.0166e+02   2.07e-02
  2.0692e+02   1.96e-02
  2.1232e+02   1.86e-02
  2.1786e+02   1.76e-02
  2.2354e+02   1.66e-02
  2.2937e+02   1.57e-02
  2.3535e+02   1.49e-02
  2.4149e+02   1.41e-02
  2.4779e+02   1.33e-02
  2.5425e+02   1.25e-02
  2.6088e+02   1.18e-02
  2.6769e+02   1.11e-02
  2.7467e+02   1.05e-02
  2.8184e+02   9.86e-03
  2.8919e+02   9.28e-03
  2.9673e+02   8.73e-03
  3.0447e+02   8.19e-03
  3.1241e+02   7.69e-03
  3.2056e+02   7.23e-03
  3.2892e+02   6.78e-03
  3.3750e+02   6.35e-03
  3.4630e+02   5.94e-03
  3.5533e+02   5.56e-03
  3.6460e+02   5.21e-03
  3.7411e+02   4.87e-03
  3.8387e+02   4.54e-03
  3.9388e+02   4.24e-03
  4.0416e+02   3.96e-03
  4.1470e+02   3.69e-03
  4.2551e+02   3.43e-03
  4.3661e+02   3.18e-03
  4.4800e+02   2.97e-03
  4.5969e+02   2.76e-03
  4.7168e+02   2.56e-03
  4.8398e+02   2.37e-03
  4.9660e+02   2.20e-03
  5.0956e+02   2.04e-03
  5.2285e+02   1.88e-03
  5.3648e+02   1.74e-03
  5.5048e+02   1.60e-03
  5.6483e+02   1.48e-03
  5.7957e+02   1.36e-03
  5.9468e+02   1.26e-03
  6.1020e+02   1.15e-03
  6.2611e+02   1.06e-03
  6.4244e+02   9.74e-04
  6.5920e+02   8.94e-04
  6.7639e+02   8.18e-04
  6.9403e+02   7.46e-04
  7.1214e+02   6.86e-04
  7.3071e+02   6.28e-04
  7.4977e+02   5.73e-04
  7.6933e+02   5.21e-04
  7.8939e+02   4.76e-04
  8.0998e+02   4.35e-04
  8.3111e+02   3.96e-04
  8.5279e+02   3.59e-04
  8.7503e+02   3.25e-04
  8.9785e+02   2.97e-04
  9.2127e+02   2.70e-04
  9.4530e+02   2.44e-04
  9.6996e+02   2.20e-04
  9.9526e+02   2.00e-04
  1.0212e+03   1.81e-04
  1.0479e+03   1.64e-04
  1.0752e+03   1.47e-04
  1.1032e+03   1.32e-04
  1.1320e+03   1.19e-04
  1.1615e+03   1.08e-04
  1.1918e+03   9.65e-05
  1.2229e+03   8.59e-05
  1.2548e+03   7.74e-05
  1.2875e+03   6.98e-05
  1.3211e+03   6.25e-05
  1.3556e+03   5.57e-05
  1.3909e+03   4.95e-05
  1.4272e+03   4.46e-05
  1.4644e+03   4.00e-05
  1.5026e+03   3.56e-05
  1.5418e+03   3.14e-05
  1.5820e+03   2.81e-05
  1.6233e+03   2.52e-05
  1.6657e+03   2.24e-05
  1.7091e+03   1.98e-05
  1.7537e+03   1.75e-05
  1.7994e+03   1.57e-05
  1.8464e+03   1.40e-05
  1.8945e+03   1.23e-05
  1.9439e+03   1.08e-05
  1.9946e+03   9.65e-06
  2.0467e+03   8.62e-06
  2.1000e+03   7.63e-06
  2.1548e+03   6.69e-06
  2.2110e+03   5.90e-06
  2.2687e+03   5.29e-06
  2.3279e+03   4.71e-06
  2.3886e+03   4.15e-06
  2.4509e+03   3.63e-06
  2.5148e+03   3.26e-06
  2.5804e+03   2.92e-06
  2.6477e+03   2.60e-06
  2.7168e+03   2.29e-06
  2.7876e+03   2.04e-06
  2.8603e+03   1.84e-06
  2.9349e+03   1.65e-06
  3.0115e+03   1.48e-06
  3.0900e+03   1.31e-06
  3.1706e+03   1.20e-06
  3.2533e+03   1.09e-06
  3.3382e+03   9.92e-07
  3.4253e+03   8.97e-07
  3.5146e+03   8.19e-07
  3.6063e+03   7.56e-07
  3.7003e+03   6.96e-07
  3.7969e+03   6.39e-07
  3.8959e+03   5.84e-07
  3.9975e+03   5.39e-07
  4.1018e+03   4.97e-07
  4.2088e+03   4.56e-07
  4.3185e+03   4.17e-07
  4.4312e+03   3.82e-07
  4.5467e+03   3.50e-07
  4.6653e+03   3.20e-07
  4.7870e+03   2.91e-07
  4.9119e+03   2.64e-07
  5.0400e+03   2.45e-07
