#  E [GeV]   # per interaction  [GeV^{-1}]
  3.0000e+01   3.45e-01
  3.0675e+01   3.33e-01
  3.1366e+01   3.22e-01
  3.2072e+01   3.10e-01
  3.2794e+01   3.00e-01
  3.3533e+01   2.89e-01
  3.4288e+01   2.79e-01
  3.5060e+01   2.69e-01
  3.5849e+01   2.59e-01
  3.6656e+01   2.50e-01
  3.7482e+01   2.41e-01
  3.8326e+01   2.32e-01
  3.9188e+01   2.24e-01
  4.0071e+01   2.16e-01
  4.0973e+01   2.08e-01
  4.1896e+01   2.00e-01
  4.2839e+01   1.93e-01
  4.3803e+01   1.85e-01
  4.4790e+01   1.79e-01
  4.5798e+01   1.72e-01
  4.6829e+01   1.65e-01
  4.7884e+01   1.59e-01
  4.8962e+01   1.53e-01
  5.0064e+01   1.47e-01
  5.1191e+01   1.41e-01
  5.2344e+01   1.36e-01
  5.3522e+01   1.31e-01
  5.4727e+01   1.25e-01
  5.5960e+01   1.21e-01
  5.7219e+01   1.16e-01
  5.8508e+01   1.11e-01
  5.9825e+01   1.07e-01
  6.1172e+01   1.02e-01
  6.2549e+01   9.81e-02
  6.3958e+01   9.41e-02
  6.5398e+01   9.02e-02
  6.6870e+01   8.64e-02
  6.8376e+01   8.28e-02
  6.9915e+01   7.93e-02
  7.1489e+01   7.59e-02
  7.3099e+01   7.27e-02
  7.4745e+01   6.96e-02
  7.6428e+01   6.65e-02
  7.8148e+01   6.36e-02
  7.9908e+01   6.08e-02
  8.1707e+01   5.82e-02
  8.3547e+01   5.56e-02
  8.5428e+01   5.31e-02
  8.7351e+01   5.07e-02
  8.9318e+01   4.84e-02
  9.1329e+01   4.62e-02
  9.3385e+01   4.41e-02
  9.5488e+01   4.20e-02
  9.7638e+01   4.01e-02
  9.9836e+01   3.82e-02
  1.0208e+02   3.64e-02
  1.0438e+02   3.47e-02
  1.0673e+02   3.30e-02
  1.0914e+02   3.14e-02
  1.1159e+02   2.99e-02
  1.1411e+02   2.85e-02
  1.1667e+02   2.71e-02
  1.1930e+02   2.58e-02
  1.2199e+02   2.45e-02
  1.2473e+02   2.33e-02
  1.2754e+02   2.21e-02
  1.3041e+02   2.10e-02
  1.3335e+02   1.99e-02
  1.3635e+02   1.88e-02
  1.3942e+02   1.79e-02
  1.4256e+02   1.70e-02
  1.4577e+02   1.61e-02
  1.4905e+02   1.52e-02
  1.5241e+02   1.44e-02
  1.5584e+02   1.36e-02
  1.5935e+02   1.29e-02
  1.6294e+02   1.22e-02
  1.6661e+02   1.15e-02
  1.7036e+02   1.09e-02
  1.7419e+02   1.02e-02
  1.7812e+02   9.69e-03
  1.8213e+02   9.14e-03
  1.8623e+02   8.62e-03
  1.9042e+02   8.12e-03
  1.9471e+02   7.64e-03
  1.9909e+02   7.21e-03
  2.0357e+02   6.79e-03
  2.0816e+02   6.39e-03
  2.1284e+02   6.00e-03
  2.1763e+02   5.63e-03
  2.2253e+02   5.30e-03
  2.2755e+02   4.99e-03
  2.3267e+02   4.68e-03
  2.3791e+02   4.39e-03
  2.4326e+02   4.11e-03
  2.4874e+02   3.86e-03
  2.5434e+02   3.62e-03
  2.6007e+02   3.39e-03
  2.6592e+02   3.17e-03
  2.7191e+02   2.95e-03
  2.7803e+02   2.76e-03
  2.8429e+02   2.59e-03
  2.9069e+02   2.42e-03
  2.9724e+02   2.26e-03
  3.0393e+02   2.10e-03
  3.1077e+02   1.96e-03
  3.1777e+02   1.83e-03
  3.2493e+02   1.71e-03
  3.3224e+02   1.59e-03
  3.3972e+02   1.47e-03
  3.4737e+02   1.37e-03
  3.5519e+02   1.28e-03
  3.6319e+02   1.19e-03
  3.7137e+02   1.10e-03
  3.7973e+02   1.02e-03
  3.8828e+02   9.46e-04
  3.9702e+02   8.81e-04
  4.0596e+02   8.18e-04
  4.1510e+02   7.58e-04
  4.2444e+02   7.01e-04
  4.3400e+02   6.46e-04
  4.4377e+02   6.00e-04
  4.5376e+02   5.57e-04
  4.6398e+02   5.15e-04
  4.7443e+02   4.75e-04
  4.8511e+02   4.36e-04
  4.9603e+02   4.04e-04
  5.0720e+02   3.74e-04
  5.1862e+02   3.46e-04
  5.3030e+02   3.18e-04
  5.4224e+02   2.92e-04
  5.5444e+02   2.69e-04
  5.6693e+02   2.49e-04
  5.7969e+02   2.30e-04
  5.9274e+02   2.11e-04
  6.0609e+02   1.93e-04
  6.1974e+02   1.78e-04
  6.3369e+02   1.64e-04
  6.4796e+02   1.51e-04
  6.6255e+02   1.39e-04
  6.7746e+02   1.27e-04
  6.9272e+02   1.16e-04
  7.0831e+02   1.07e-04
  7.2426e+02   9.87e-05
  7.4057e+02   9.05e-05
  7.5724e+02   8.27e-05
  7.7429e+02   7.55e-05
  7.9172e+02   6.97e-05
  8.0955e+02   6.42e-05
  8.2778e+02   5.89e-05
  8.4641e+02   5.38e-05
  8.6547e+02   4.90e-05
  8.8496e+02   4.52e-05
  9.0488e+02   4.17e-05
  9.2526e+02   3.82e-05
  9.4609e+02   3.50e-05
  9.6739e+02   3.19e-05
  9.8917e+02   2.94e-05
  1.0114e+03   2.71e-05
  1.0342e+03   2.49e-05
  1.0575e+03   2.27e-05
  1.0813e+03   2.07e-05
  1.1057e+03   1.90e-05
  1.1305e+03   1.75e-05
  1.1560e+03   1.61e-05
  1.1820e+03   1.47e-05
  1.2086e+03   1.34e-05
  1.2359e+03   1.22e-05
  1.2637e+03   1.13e-05
  1.2921e+03   1.04e-05
  1.3212e+03   9.55e-06
  1.3510e+03   8.73e-06
  1.3814e+03   8.01e-06
  1.4125e+03   7.44e-06
  1.4443e+03   6.90e-06
  1.4768e+03   6.38e-06
  1.5101e+03   5.88e-06
  1.5441e+03   5.42e-06
  1.5788e+03   5.11e-06
  1.6144e+03   4.80e-06
  1.6507e+03   4.51e-06
  1.6879e+03   4.23e-06
  1.7259e+03   3.96e-06
  1.7648e+03   3.77e-06
  1.8045e+03   3.59e-06
  1.8451e+03   3.42e-06
  1.8867e+03   3.26e-06
  1.9291e+03   3.10e-06
  1.9726e+03   2.99e-06
  2.0170e+03   2.89e-06
  2.0624e+03   2.80e-06
  2.1088e+03   2.71e-06
  2.1563e+03   2.62e-06
  2.2049e+03   2.54e-06
  2.2545e+03   2.48e-06
  2.3053e+03   2.42e-06
  2.3572e+03   2.36e-06
  2.4102e+03   2.30e-06
  2.4645e+03   2.24e-06
  2.5200e+03   2.19e-06
