#  E [GeV]   # per interaction  [GeV^{-1}]
  3.0000e+01   5.21e-01
  3.0854e+01   5.04e-01
  3.1733e+01   4.88e-01
  3.2636e+01   4.72e-01
  3.3566e+01   4.57e-01
  3.4521e+01   4.42e-01
  3.5504e+01   4.27e-01
  3.6515e+01   4.13e-01
  3.7555e+01   3.99e-01
  3.8625e+01   3.86e-01
  3.9724e+01   3.72e-01
  4.0855e+01   3.60e-01
  4.2019e+01   3.47e-01
  4.3215e+01   3.35e-01
  4.4446e+01   3.24e-01
  4.5711e+01   3.12e-01
  4.7013e+01   3.01e-01
  4.8352e+01   2.90e-01
  4.9728e+01   2.80e-01
  5.1144e+01   2.70e-01
  5.2601e+01   2.60e-01
  5.4099e+01   2.50e-01
  5.5639e+01   2.41e-01
  5.7223e+01   2.32e-01
  5.8853e+01   2.23e-01
  6.0528e+01   2.14e-01
  6.2252e+01   2.06e-01
  6.4025e+01   1.98e-01
  6.5848e+01   1.90e-01
  6.7723e+01   1.83e-01
  6.9651e+01   1.76e-01
  7.1634e+01   1.69e-01
  7.3674e+01   1.62e-01
  7.5772e+01   1.55e-01
  7.7929e+01   1.49e-01
  8.0148e+01   1.43e-01
  8.2431e+01   1.37e-01
  8.4778e+01   1.31e-01
  8.7192e+01   1.26e-01
  8.9674e+01   1.20e-01
  9.2228e+01   1.15e-01
  9.4854e+01   1.10e-01
  9.7555e+01   1.06e-01
  1.0033e+02   1.01e-01
  1.0319e+02   9.65e-02
  1.0613e+02   9.22e-02
  1.0915e+02   8.81e-02
  1.1226e+02   8.41e-02
  1.1545e+02   8.03e-02
  1.1874e+02   7.66e-02
  1.2212e+02   7.31e-02
  1.2560e+02   6.97e-02
  1.2918e+02   6.65e-02
  1.3286e+02   6.34e-02
  1.3664e+02   6.04e-02
  1.4053e+02   5.76e-02
  1.4453e+02   5.48e-02
  1.4865e+02   5.22e-02
  1.5288e+02   4.97e-02
  1.5723e+02   4.73e-02
  1.6171e+02   4.50e-02
  1.6631e+02   4.28e-02
  1.7105e+02   4.07e-02
  1.7592e+02   3.87e-02
  1.8093e+02   3.68e-02
  1.8608e+02   3.49e-02
  1.9138e+02   3.31e-02
  1.9683e+02   3.14e-02
  2.0243e+02   2.98e-02
  2.0820e+02   2.83e-02
  2.1413e+02   2.68e-02
  2.2022e+02   2.53e-02
  2.2649e+02   2.40e-02
  2.3294e+02   2.27e-02
  2.3958e+02   2.15e-02
  2.4640e+02   2.03e-02
  2.5341e+02   1.92e-02
  2.6063e+02   1.81e-02
  2.6805e+02   1.71e-02
  2.7568e+02   1.61e-02
  2.8353e+02   1.52e-02
  2.9161e+02   1.43e-02
  2.9991e+02   1.35e-02
  3.0845e+02   1.27e-02
  3.1723e+02   1.20e-02
  3.2627e+02   1.13e-02
  3.3556e+02   1.06e-02
  3.4511e+02   9.97e-03
  3.5494e+02   9.36e-03
  3.6504e+02   8.80e-03
  3.7544e+02   8.26e-03
  3.8613e+02   7.74e-03
  3.9712e+02   7.25e-03
  4.0843e+02   6.80e-03
  4.2006e+02   6.37e-03
  4.3202e+02   5.96e-03
  4.4432e+02   5.56e-03
  4.5698e+02   5.20e-03
  4.6999e+02   4.86e-03
  4.8337e+02   4.54e-03
  4.9713e+02   4.23e-03
  5.1129e+02   3.95e-03
  5.2585e+02   3.68e-03
  5.4082e+02   3.43e-03
  5.5622e+02   3.18e-03
  5.7206e+02   2.96e-03
  5.8835e+02   2.76e-03
  6.0510e+02   2.56e-03
  6.2233e+02   2.37e-03
  6.4005e+02   2.20e-03
  6.5828e+02   2.05e-03
  6.7702e+02   1.90e-03
  6.9630e+02   1.75e-03
  7.1613e+02   1.62e-03
  7.3652e+02   1.50e-03
  7.5749e+02   1.39e-03
  7.7906e+02   1.28e-03
  8.0124e+02   1.18e-03
  8.2406e+02   1.09e-03
  8.4752e+02   1.01e-03
  8.7165e+02   9.25e-04
  8.9647e+02   8.51e-04
  9.2200e+02   7.84e-04
  9.4825e+02   7.21e-04
  9.7526e+02   6.61e-04
  1.0030e+03   6.06e-04
  1.0316e+03   5.58e-04
  1.0610e+03   5.12e-04
  1.0912e+03   4.68e-04
  1.1222e+03   4.27e-04
  1.1542e+03   3.92e-04
  1.1871e+03   3.59e-04
  1.2209e+03   3.28e-04
  1.2556e+03   2.98e-04
  1.2914e+03   2.73e-04
  1.3281e+03   2.50e-04
  1.3660e+03   2.27e-04
  1.4049e+03   2.06e-04
  1.4449e+03   1.89e-04
  1.4860e+03   1.72e-04
  1.5283e+03   1.56e-04
  1.5718e+03   1.41e-04
  1.6166e+03   1.29e-04
  1.6626e+03   1.17e-04
  1.7100e+03   1.06e-04
  1.7587e+03   9.58e-05
  1.8087e+03   8.71e-05
  1.8602e+03   7.92e-05
  1.9132e+03   7.16e-05
  1.9677e+03   6.44e-05
  2.0237e+03   5.84e-05
  2.0813e+03   5.30e-05
  2.1406e+03   4.79e-05
  2.2016e+03   4.30e-05
  2.2642e+03   3.89e-05
  2.3287e+03   3.53e-05
  2.3950e+03   3.18e-05
  2.4632e+03   2.86e-05
  2.5334e+03   2.57e-05
  2.6055e+03   2.33e-05
  2.6797e+03   2.10e-05
  2.7560e+03   1.88e-05
  2.8345e+03   1.69e-05
  2.9152e+03   1.53e-05
  2.9982e+03   1.38e-05
  3.0836e+03   1.24e-05
  3.1714e+03   1.11e-05
  3.2617e+03   1.00e-05
  3.3545e+03   9.06e-06
  3.4501e+03   8.12e-06
  3.5483e+03   7.25e-06
  3.6493e+03   6.56e-06
  3.7532e+03   5.91e-06
  3.8601e+03   5.28e-06
  3.9700e+03   4.70e-06
  4.0831e+03   4.26e-06
  4.1993e+03   3.84e-06
  4.3189e+03   3.45e-06
  4.4419e+03   3.07e-06
  4.5684e+03   2.80e-06
  4.6985e+03   2.54e-06
  4.8322e+03   2.30e-06
  4.9698e+03   2.06e-06
  5.1114e+03   1.90e-06
  5.2569e+03   1.75e-06
  5.4066e+03   1.61e-06
  5.5605e+03   1.48e-06
  5.7189e+03   1.38e-06
  5.8817e+03   1.29e-06
  6.0492e+03   1.20e-06
  6.2214e+03   1.12e-06
  6.3986e+03   1.06e-06
  6.5808e+03   1.01e-06
  6.7682e+03   9.61e-07
  6.9609e+03   9.13e-07
  7.1591e+03   8.73e-07
  7.3630e+03   8.40e-07
  7.5726e+03   8.08e-07
  7.7882e+03   7.77e-07
  8.0100e+03   7.49e-07
