#  E [GeV]   # per interaction  [GeV^{-1}]
  3.0000e+01   7.75e-01
  3.1232e+01   7.42e-01
  3.2514e+01   7.10e-01
  3.3849e+01   6.79e-01
  3.5238e+01   6.50e-01
  3.6685e+01   6.21e-01
  3.8191e+01   5.94e-01
  3.9759e+01   5.69e-01
  4.1391e+01   5.44e-01
  4.3090e+01   5.20e-01
  4.4859e+01   4.97e-01
  4.6701e+01   4.75e-01
  4.8618e+01   4.55e-01
  5.0614e+01   4.35e-01
  5.2692e+01   4.15e-01
  5.4855e+01   3.97e-01
  5.7107e+01   3.80e-01
  5.9451e+01   3.63e-01
  6.1892e+01   3.47e-01
  6.4433e+01   3.31e-01
  6.7078e+01   3.17e-01
  6.9832e+01   3.03e-01
  7.2699e+01   2.89e-01
  7.5683e+01   2.76e-01
  7.8790e+01   2.64e-01
  8.2025e+01   2.52e-01
  8.5392e+01   2.41e-01
  8.8898e+01   2.30e-01
  9.2547e+01   2.19e-01
  9.6347e+01   2.10e-01
  1.0030e+02   2.00e-01
  1.0442e+02   1.91e-01
  1.0871e+02   1.82e-01
  1.1317e+02   1.74e-01
  1.1782e+02   1.66e-01
  1.2265e+02   1.58e-01
  1.2769e+02   1.51e-01
  1.3293e+02   1.44e-01
  1.3839e+02   1.37e-01
  1.4407e+02   1.31e-01
  1.4998e+02   1.25e-01
  1.5614e+02   1.19e-01
  1.6255e+02   1.13e-01
  1.6922e+02   1.08e-01
  1.7617e+02   1.03e-01
  1.8340e+02   9.76e-02
  1.9093e+02   9.29e-02
  1.9877e+02   8.83e-02
  2.0693e+02   8.40e-02
  2.1543e+02   7.98e-02
  2.2427e+02   7.58e-02
  2.3348e+02   7.20e-02
  2.4306e+02   6.84e-02
  2.5304e+02   6.49e-02
  2.6343e+02   6.16e-02
  2.7424e+02   5.84e-02
  2.8550e+02   5.53e-02
  2.9722e+02   5.24e-02
  3.0942e+02   4.96e-02
  3.2213e+02   4.69e-02
  3.3535e+02   4.44e-02
  3.4912e+02   4.19e-02
  3.6345e+02   3.96e-02
  3.7837e+02   3.74e-02
  3.9390e+02   3.53e-02
  4.1008e+02   3.32e-02
  4.2691e+02   3.13e-02
  4.4444e+02   2.95e-02
  4.6268e+02   2.78e-02
  4.8168e+02   2.61e-02
  5.0145e+02   2.45e-02
  5.2204e+02   2.30e-02
  5.4347e+02   2.16e-02
  5.6578e+02   2.03e-02
  5.8901e+02   1.90e-02
  6.1319e+02   1.78e-02
  6.3836e+02   1.67e-02
  6.6457e+02   1.56e-02
  6.9185e+02   1.46e-02
  7.2025e+02   1.36e-02
  7.4982e+02   1.27e-02
  7.8061e+02   1.19e-02
  8.1265e+02   1.11e-02
  8.4601e+02   1.03e-02
  8.8075e+02   9.63e-03
  9.1690e+02   8.97e-03
  9.5455e+02   8.35e-03
  9.9373e+02   7.77e-03
  1.0345e+03   7.23e-03
  1.0770e+03   6.73e-03
  1.1212e+03   6.25e-03
  1.1672e+03   5.81e-03
  1.2152e+03   5.39e-03
  1.2650e+03   5.01e-03
  1.3170e+03   4.64e-03
  1.3711e+03   4.31e-03
  1.4273e+03   4.00e-03
  1.4859e+03   3.70e-03
  1.5469e+03   3.43e-03
  1.6104e+03   3.18e-03
  1.6766e+03   2.95e-03
  1.7454e+03   2.73e-03
  1.8170e+03   2.52e-03
  1.8916e+03   2.33e-03
  1.9693e+03   2.16e-03
  2.0501e+03   1.99e-03
  2.1343e+03   1.84e-03
  2.2219e+03   1.70e-03
  2.3131e+03   1.56e-03
  2.4081e+03   1.44e-03
  2.5070e+03   1.33e-03
  2.6099e+03   1.22e-03
  2.7170e+03   1.12e-03
  2.8286e+03   1.03e-03
  2.9447e+03   9.46e-04
  3.0656e+03   8.66e-04
  3.1914e+03   7.94e-04
  3.3225e+03   7.26e-04
  3.4589e+03   6.63e-04
  3.6008e+03   6.06e-04
  3.7487e+03   5.53e-04
  3.9026e+03   5.03e-04
  4.0628e+03   4.58e-04
  4.2296e+03   4.17e-04
  4.4032e+03   3.78e-04
  4.5840e+03   3.42e-04
  4.7722e+03   3.09e-04
  4.9681e+03   2.79e-04
  5.1720e+03   2.52e-04
  5.3844e+03   2.27e-04
  5.6054e+03   2.04e-04
  5.8355e+03   1.83e-04
  6.0751e+03   1.63e-04
  6.3245e+03   1.46e-04
  6.5841e+03   1.30e-04
  6.8544e+03   1.15e-04
  7.1358e+03   1.02e-04
  7.4288e+03   9.07e-05
  7.7338e+03   7.98e-05
  8.0513e+03   7.03e-05
  8.3818e+03   6.17e-05
  8.7259e+03   5.38e-05
  9.0841e+03   4.69e-05
  9.4571e+03   4.07e-05
  9.8453e+03   3.50e-05
  1.0249e+04   3.02e-05
  1.0670e+04   2.58e-05
  1.1108e+04   2.19e-05
  1.1564e+04   1.86e-05
  1.2039e+04   1.56e-05
  1.2533e+04   1.31e-05
  1.3048e+04   1.09e-05
  1.3584e+04   8.90e-06
  1.4141e+04   7.26e-06
  1.4722e+04   5.87e-06
  1.5326e+04   4.66e-06
  1.5955e+04   3.68e-06
  1.6610e+04   2.86e-06
  1.7292e+04   2.18e-06
  1.8002e+04   1.64e-06
  1.8741e+04   1.20e-06
  1.9511e+04   8.55e-07
  2.0312e+04   6.00e-07
  2.1145e+04   4.05e-07
  2.2013e+04   2.62e-07
  2.2917e+04   1.64e-07
  2.3858e+04   9.69e-08
  2.4837e+04   5.39e-08
  2.5857e+04   2.82e-08
  2.6919e+04   1.34e-08
  2.8024e+04   5.79e-09
  2.9174e+04   2.23e-09
  3.0372e+04   7.34e-10
  3.1619e+04   2.03e-10
  3.2917e+04   4.54e-11
  3.4268e+04   7.65e-12
  3.5675e+04   9.29e-13
  3.7140e+04   7.40e-14
  3.8664e+04   3.42e-15
  4.0252e+04   8.14e-17
  4.1904e+04   8.09e-19
  4.3624e+04   2.57e-21
  4.5415e+04   1.93e-24
  4.7280e+04   2.07e-28
  4.9221e+04   1.67e-33
  5.1241e+04   4.29e-40
  5.3345e+04   2.23e-47
  5.5535e+04   1.90e-47
  5.7815e+04   1.65e-47
  6.0188e+04   1.42e-47
  6.2659e+04   1.22e-47
  6.5232e+04   1.07e-47
  6.7910e+04   9.26e-48
  7.0698e+04   8.13e-48
  7.3600e+04   7.23e-48
  7.6621e+04   6.39e-48
  7.9767e+04   5.72e-48
  8.3042e+04   5.15e-48
  8.6451e+04   4.62e-48
  9.0000e+04   4.21e-48
