#  E [MeV]   Flux [# cm^{-2} s^{-1}  MeV^{-1}]
  3.0000e+04   1.82e-21
  3.0943e+04   1.75e-21
  3.1916e+04   1.69e-21
  3.2920e+04   1.63e-21
  3.3955e+04   1.56e-21
  3.5023e+04   1.51e-21
  3.6124e+04   1.45e-21
  3.7260e+04   1.39e-21
  3.8432e+04   1.34e-21
  3.9640e+04   1.29e-21
  4.0887e+04   1.24e-21
  4.2172e+04   1.19e-21
  4.3499e+04   1.14e-21
  4.4866e+04   1.10e-21
  4.6277e+04   1.06e-21
  4.7732e+04   1.01e-21
  4.9233e+04   9.74e-22
  5.0781e+04   9.35e-22
  5.2378e+04   8.98e-22
  5.4025e+04   8.61e-22
  5.5724e+04   8.26e-22
  5.7476e+04   7.93e-22
  5.9284e+04   7.60e-22
  6.1148e+04   7.29e-22
  6.3071e+04   6.99e-22
  6.5054e+04   6.70e-22
  6.7100e+04   6.42e-22
  6.9210e+04   6.16e-22
  7.1386e+04   5.90e-22
  7.3631e+04   5.65e-22
  7.5946e+04   5.41e-22
  7.8334e+04   5.18e-22
  8.0797e+04   4.96e-22
  8.3338e+04   4.75e-22
  8.5959e+04   4.54e-22
  8.8662e+04   4.35e-22
  9.1450e+04   4.16e-22
  9.4325e+04   3.98e-22
  9.7291e+04   3.80e-22
  1.0035e+05   3.63e-22
  1.0351e+05   3.47e-22
  1.0676e+05   3.32e-22
  1.1012e+05   3.17e-22
  1.1358e+05   3.03e-22
  1.1715e+05   2.89e-22
  1.2084e+05   2.76e-22
  1.2464e+05   2.64e-22
  1.2856e+05   2.52e-22
  1.3260e+05   2.40e-22
  1.3677e+05   2.29e-22
  1.4107e+05   2.19e-22
  1.4550e+05   2.09e-22
  1.5008e+05   1.99e-22
  1.5480e+05   1.90e-22
  1.5967e+05   1.81e-22
  1.6469e+05   1.72e-22
  1.6987e+05   1.64e-22
  1.7521e+05   1.56e-22
  1.8072e+05   1.49e-22
  1.8640e+05   1.42e-22
  1.9226e+05   1.35e-22
  1.9831e+05   1.28e-22
  2.0454e+05   1.22e-22
  2.1097e+05   1.16e-22
  2.1761e+05   1.10e-22
  2.2445e+05   1.05e-22
  2.3151e+05   9.98e-23
  2.3879e+05   9.48e-23
  2.4630e+05   9.01e-23
  2.5404e+05   8.56e-23
  2.6203e+05   8.12e-23
  2.7027e+05   7.71e-23
  2.7877e+05   7.31e-23
  2.8753e+05   6.94e-23
  2.9657e+05   6.57e-23
  3.0590e+05   6.23e-23
  3.1552e+05   5.91e-23
  3.2544e+05   5.60e-23
  3.3567e+05   5.30e-23
  3.4623e+05   5.02e-23
  3.5712e+05   4.75e-23
  3.6835e+05   4.49e-23
  3.7993e+05   4.24e-23
  3.9188e+05   4.01e-23
  4.0420e+05   3.79e-23
  4.1691e+05   3.58e-23
  4.3002e+05   3.38e-23
  4.4354e+05   3.20e-23
  4.5749e+05   3.02e-23
  4.7187e+05   2.85e-23
  4.8671e+05   2.69e-23
  5.0202e+05   2.53e-23
  5.1780e+05   2.39e-23
  5.3409e+05   2.25e-23
  5.5088e+05   2.13e-23
  5.6820e+05   2.00e-23
  5.8607e+05   1.89e-23
  6.0450e+05   1.78e-23
  6.2351e+05   1.68e-23
  6.4311e+05   1.58e-23
  6.6334e+05   1.49e-23
  6.8419e+05   1.40e-23
  7.0571e+05   1.32e-23
  7.2790e+05   1.25e-23
  7.5079e+05   1.18e-23
  7.7440e+05   1.11e-23
  7.9875e+05   1.05e-23
  8.2387e+05   9.86e-24
  8.4977e+05   9.30e-24
  8.7649e+05   8.78e-24
  9.0405e+05   8.29e-24
  9.3248e+05   7.83e-24
  9.6180e+05   7.39e-24
  9.9205e+05   6.99e-24
  1.0232e+06   6.60e-24
  1.0554e+06   6.24e-24
  1.0886e+06   5.90e-24
  1.1228e+06   5.59e-24
  1.1581e+06   5.29e-24
  1.1946e+06   5.01e-24
  1.2321e+06   4.75e-24
  1.2709e+06   4.50e-24
  1.3108e+06   4.27e-24
  1.3521e+06   4.05e-24
  1.3946e+06   3.84e-24
  1.4384e+06   3.65e-24
  1.4837e+06   3.47e-24
  1.5303e+06   3.29e-24
  1.5784e+06   3.13e-24
  1.6281e+06   2.98e-24
  1.6793e+06   2.83e-24
  1.7321e+06   2.70e-24
  1.7865e+06   2.57e-24
  1.8427e+06   2.45e-24
  1.9006e+06   2.33e-24
  1.9604e+06   2.22e-24
  2.0221e+06   2.12e-24
  2.0856e+06   2.02e-24
  2.1512e+06   1.92e-24
  2.2189e+06   1.83e-24
  2.2886e+06   1.75e-24
  2.3606e+06   1.67e-24
  2.4348e+06   1.59e-24
  2.5114e+06   1.52e-24
  2.5904e+06   1.45e-24
  2.6718e+06   1.38e-24
  2.7558e+06   1.32e-24
  2.8425e+06   1.26e-24
  2.9319e+06   1.20e-24
  3.0241e+06   1.14e-24
  3.1192e+06   1.09e-24
  3.2173e+06   1.04e-24
  3.3184e+06   9.86e-25
  3.4228e+06   9.38e-25
  3.5304e+06   8.92e-25
  3.6414e+06   8.48e-25
  3.7559e+06   8.05e-25
  3.8740e+06   7.64e-25
  3.9958e+06   7.25e-25
  4.1215e+06   6.87e-25
  4.2511e+06   6.50e-25
  4.3848e+06   6.15e-25
  4.5227e+06   5.81e-25
  4.6649e+06   5.49e-25
  4.8116e+06   5.17e-25
  4.9629e+06   4.87e-25
  5.1189e+06   4.58e-25
  5.2799e+06   4.30e-25
  5.4459e+06   4.04e-25
  5.6171e+06   3.78e-25
  5.7938e+06   3.53e-25
  5.9760e+06   3.30e-25
  6.1639e+06   3.07e-25
  6.3577e+06   2.86e-25
  6.5576e+06   2.65e-25
  6.7638e+06   2.45e-25
  6.9765e+06   2.27e-25
  7.1959e+06   2.09e-25
  7.4222e+06   1.92e-25
  7.6556e+06   1.76e-25
  7.8963e+06   1.61e-25
  8.1446e+06   1.46e-25
  8.4007e+06   1.33e-25
  8.6649e+06   1.20e-25
  8.9373e+06   1.08e-25
  9.2184e+06   9.67e-26
  9.5082e+06   8.63e-26
  9.8072e+06   7.67e-26
  1.0116e+07   6.77e-26
  1.0434e+07   5.95e-26
  1.0762e+07   5.19e-26
  1.1100e+07   4.50e-26
  1.1449e+07   3.87e-26
  1.1809e+07   3.30e-26
  1.2181e+07   2.79e-26
  1.2564e+07   2.34e-26
  1.2959e+07   1.94e-26
  1.3366e+07   1.59e-26
  1.3786e+07   1.29e-26
  1.4220e+07   1.04e-26
