#  E [MeV]   Flux [# cm^{-2} s^{-1}  MeV^{-1}]
  3.0000e+04   4.32e-19
  3.0589e+04   4.18e-19
  3.1190e+04   4.05e-19
  3.1803e+04   3.92e-19
  3.2428e+04   3.79e-19
  3.3065e+04   3.67e-19
  3.3714e+04   3.54e-19
  3.4376e+04   3.43e-19
  3.5052e+04   3.31e-19
  3.5740e+04   3.20e-19
  3.6442e+04   3.09e-19
  3.7158e+04   2.99e-19
  3.7888e+04   2.89e-19
  3.8632e+04   2.79e-19
  3.9391e+04   2.69e-19
  4.0165e+04   2.60e-19
  4.0954e+04   2.51e-19
  4.1758e+04   2.42e-19
  4.2579e+04   2.33e-19
  4.3415e+04   2.25e-19
  4.4268e+04   2.17e-19
  4.5138e+04   2.09e-19
  4.6024e+04   2.02e-19
  4.6928e+04   1.95e-19
  4.7850e+04   1.87e-19
  4.8790e+04   1.81e-19
  4.9749e+04   1.74e-19
  5.0726e+04   1.68e-19
  5.1722e+04   1.61e-19
  5.2738e+04   1.55e-19
  5.3774e+04   1.49e-19
  5.4831e+04   1.44e-19
  5.5908e+04   1.38e-19
  5.7006e+04   1.33e-19
  5.8126e+04   1.28e-19
  5.9268e+04   1.23e-19
  6.0432e+04   1.18e-19
  6.1619e+04   1.13e-19
  6.2829e+04   1.09e-19
  6.4064e+04   1.04e-19
  6.5322e+04   1.00e-19
  6.6605e+04   9.62e-20
  6.7913e+04   9.22e-20
  6.9248e+04   8.84e-20
  7.0608e+04   8.48e-20
  7.1995e+04   8.12e-20
  7.3409e+04   7.78e-20
  7.4851e+04   7.45e-20
  7.6321e+04   7.13e-20
  7.7821e+04   6.82e-20
  7.9349e+04   6.53e-20
  8.0908e+04   6.24e-20
  8.2497e+04   5.97e-20
  8.4118e+04   5.70e-20
  8.5770e+04   5.45e-20
  8.7455e+04   5.21e-20
  8.9173e+04   4.97e-20
  9.0925e+04   4.74e-20
  9.2711e+04   4.53e-20
  9.4532e+04   4.31e-20
  9.6389e+04   4.11e-20
  9.8283e+04   3.92e-20
  1.0021e+05   3.74e-20
  1.0218e+05   3.56e-20
  1.0419e+05   3.39e-20
  1.0624e+05   3.22e-20
  1.0832e+05   3.06e-20
  1.1045e+05   2.91e-20
  1.1262e+05   2.77e-20
  1.1483e+05   2.63e-20
  1.1709e+05   2.50e-20
  1.1939e+05   2.37e-20
  1.2173e+05   2.25e-20
  1.2412e+05   2.13e-20
  1.2656e+05   2.02e-20
  1.2905e+05   1.92e-20
  1.3158e+05   1.82e-20
  1.3417e+05   1.72e-20
  1.3680e+05   1.62e-20
  1.3949e+05   1.54e-20
  1.4223e+05   1.45e-20
  1.4503e+05   1.37e-20
  1.4787e+05   1.29e-20
  1.5078e+05   1.22e-20
  1.5374e+05   1.15e-20
  1.5676e+05   1.09e-20
  1.5984e+05   1.02e-20
  1.6298e+05   9.62e-21
  1.6618e+05   9.04e-21
  1.6945e+05   8.48e-21
  1.7278e+05   7.99e-21
  1.7617e+05   7.52e-21
  1.7963e+05   7.06e-21
  1.8316e+05   6.62e-21
  1.8676e+05   6.20e-21
  1.9042e+05   5.79e-21
  1.9417e+05   5.44e-21
  1.9798e+05   5.11e-21
  2.0187e+05   4.78e-21
  2.0583e+05   4.47e-21
  2.0988e+05   4.17e-21
  2.1400e+05   3.88e-21
  2.1820e+05   3.63e-21
  2.2249e+05   3.40e-21
  2.2686e+05   3.17e-21
  2.3132e+05   2.95e-21
  2.3586e+05   2.74e-21
  2.4049e+05   2.54e-21
  2.4522e+05   2.38e-21
  2.5004e+05   2.21e-21
  2.5495e+05   2.06e-21
  2.5996e+05   1.91e-21
  2.6506e+05   1.76e-21
  2.7027e+05   1.63e-21
  2.7558e+05   1.52e-21
  2.8099e+05   1.41e-21
  2.8651e+05   1.30e-21
  2.9214e+05   1.20e-21
  2.9788e+05   1.10e-21
  3.0373e+05   1.02e-21
  3.0970e+05   9.43e-22
  3.1578e+05   8.72e-22
  3.2198e+05   8.03e-22
  3.2831e+05   7.37e-22
  3.3476e+05   6.74e-22
  3.4133e+05   6.18e-22
  3.4804e+05   5.71e-22
  3.5487e+05   5.26e-22
  3.6185e+05   4.83e-22
  3.6895e+05   4.41e-22
  3.7620e+05   4.01e-22
  3.8359e+05   3.67e-22
  3.9113e+05   3.38e-22
  3.9881e+05   3.10e-22
  4.0664e+05   2.83e-22
  4.1463e+05   2.57e-22
  4.2278e+05   2.33e-22
  4.3108e+05   2.12e-22
  4.3955e+05   1.95e-22
  4.4818e+05   1.78e-22
  4.5699e+05   1.62e-22
  4.6596e+05   1.47e-22
  4.7512e+05   1.32e-22
  4.8445e+05   1.20e-22
  4.9397e+05   1.10e-22
  5.0367e+05   9.99e-23
  5.1356e+05   9.06e-23
  5.2365e+05   8.16e-23
  5.3394e+05   7.30e-23
  5.4443e+05   6.63e-23
  5.5512e+05   6.04e-23
  5.6603e+05   5.47e-23
  5.7715e+05   4.93e-23
  5.8848e+05   4.42e-23
  6.0004e+05   3.93e-23
  6.1183e+05   3.57e-23
  6.2385e+05   3.25e-23
  6.3610e+05   2.94e-23
  6.4860e+05   2.64e-23
  6.6134e+05   2.36e-23
  6.7433e+05   2.10e-23
  6.8758e+05   1.91e-23
  7.0108e+05   1.74e-23
  7.1486e+05   1.57e-23
  7.2890e+05   1.42e-23
  7.4322e+05   1.27e-23
  7.5782e+05   1.13e-23
  7.7270e+05   1.03e-23
  7.8788e+05   9.41e-24
  8.0336e+05   8.54e-24
  8.1914e+05   7.72e-24
  8.3523e+05   6.94e-24
  8.5164e+05   6.21e-24
  8.6837e+05   5.72e-24
  8.8542e+05   5.26e-24
  9.0282e+05   4.82e-24
  9.2055e+05   4.40e-24
  9.3863e+05   4.00e-24
  9.5707e+05   3.64e-24
  9.7587e+05   3.39e-24
  9.9504e+05   3.14e-24
  1.0146e+06   2.91e-24
  1.0345e+06   2.68e-24
  1.0548e+06   2.47e-24
  1.0756e+06   2.28e-24
  1.0967e+06   2.13e-24
  1.1182e+06   1.99e-24
  1.1402e+06   1.85e-24
  1.1626e+06   1.72e-24
  1.1854e+06   1.60e-24
  1.2087e+06   1.48e-24
  1.2325e+06   1.38e-24
  1.2567e+06   1.29e-24
  1.2814e+06   1.20e-24
  1.3065e+06   1.11e-24
  1.3322e+06   1.03e-24
  1.3584e+06   9.62e-25
  1.3851e+06   9.10e-25
  1.4123e+06   8.60e-25
  1.4400e+06   8.12e-25
