#  E [MeV]   Flux [# cm^{-2} s^{-1}  MeV^{-1}]
  3.0000e+04   9.50e-19
  3.0675e+04   9.20e-19
  3.1366e+04   8.90e-19
  3.2072e+04   8.61e-19
  3.2794e+04   8.33e-19
  3.3533e+04   8.06e-19
  3.4288e+04   7.79e-19
  3.5060e+04   7.53e-19
  3.5849e+04   7.28e-19
  3.6656e+04   7.04e-19
  3.7482e+04   6.80e-19
  3.8326e+04   6.57e-19
  3.9188e+04   6.35e-19
  4.0071e+04   6.13e-19
  4.0973e+04   5.92e-19
  4.1896e+04   5.71e-19
  4.2839e+04   5.52e-19
  4.3803e+04   5.33e-19
  4.4790e+04   5.14e-19
  4.5798e+04   4.96e-19
  4.6829e+04   4.78e-19
  4.7884e+04   4.62e-19
  4.8962e+04   4.45e-19
  5.0064e+04   4.29e-19
  5.1191e+04   4.14e-19
  5.2344e+04   3.99e-19
  5.3522e+04   3.84e-19
  5.4727e+04   3.70e-19
  5.5960e+04   3.57e-19
  5.7219e+04   3.44e-19
  5.8508e+04   3.31e-19
  5.9825e+04   3.19e-19
  6.1172e+04   3.07e-19
  6.2549e+04   2.95e-19
  6.3958e+04   2.84e-19
  6.5398e+04   2.73e-19
  6.6870e+04   2.63e-19
  6.8376e+04   2.53e-19
  6.9915e+04   2.43e-19
  7.1489e+04   2.34e-19
  7.3099e+04   2.24e-19
  7.4745e+04   2.16e-19
  7.6428e+04   2.07e-19
  7.8148e+04   1.99e-19
  7.9908e+04   1.91e-19
  8.1707e+04   1.83e-19
  8.3547e+04   1.76e-19
  8.5428e+04   1.69e-19
  8.7351e+04   1.62e-19
  8.9318e+04   1.55e-19
  9.1329e+04   1.49e-19
  9.3385e+04   1.43e-19
  9.5488e+04   1.37e-19
  9.7638e+04   1.31e-19
  9.9836e+04   1.26e-19
  1.0208e+05   1.20e-19
  1.0438e+05   1.15e-19
  1.0673e+05   1.10e-19
  1.0914e+05   1.06e-19
  1.1159e+05   1.01e-19
  1.1411e+05   9.66e-20
  1.1667e+05   9.24e-20
  1.1930e+05   8.84e-20
  1.2199e+05   8.45e-20
  1.2473e+05   8.07e-20
  1.2754e+05   7.71e-20
  1.3041e+05   7.37e-20
  1.3335e+05   7.04e-20
  1.3635e+05   6.71e-20
  1.3942e+05   6.40e-20
  1.4256e+05   6.11e-20
  1.4577e+05   5.83e-20
  1.4905e+05   5.56e-20
  1.5241e+05   5.30e-20
  1.5584e+05   5.05e-20
  1.5935e+05   4.81e-20
  1.6294e+05   4.58e-20
  1.6661e+05   4.36e-20
  1.7036e+05   4.15e-20
  1.7419e+05   3.95e-20
  1.7812e+05   3.76e-20
  1.8213e+05   3.58e-20
  1.8623e+05   3.40e-20
  1.9042e+05   3.23e-20
  1.9471e+05   3.07e-20
  1.9909e+05   2.91e-20
  2.0357e+05   2.77e-20
  2.0816e+05   2.63e-20
  2.1284e+05   2.50e-20
  2.1763e+05   2.37e-20
  2.2253e+05   2.24e-20
  2.2755e+05   2.13e-20
  2.3267e+05   2.02e-20
  2.3791e+05   1.91e-20
  2.4326e+05   1.81e-20
  2.4874e+05   1.71e-20
  2.5434e+05   1.62e-20
  2.6007e+05   1.53e-20
  2.6592e+05   1.45e-20
  2.7191e+05   1.37e-20
  2.7803e+05   1.29e-20
  2.8429e+05   1.22e-20
  2.9069e+05   1.15e-20
  2.9724e+05   1.09e-20
  3.0393e+05   1.03e-20
  3.1077e+05   9.66e-21
  3.1777e+05   9.11e-21
  3.2493e+05   8.59e-21
  3.3224e+05   8.09e-21
  3.3972e+05   7.61e-21
  3.4737e+05   7.15e-21
  3.5519e+05   6.72e-21
  3.6319e+05   6.33e-21
  3.7137e+05   5.95e-21
  3.7973e+05   5.59e-21
  3.8828e+05   5.23e-21
  3.9702e+05   4.91e-21
  4.0596e+05   4.61e-21
  4.1510e+05   4.33e-21
  4.2444e+05   4.05e-21
  4.3400e+05   3.79e-21
  4.4377e+05   3.54e-21
  4.5376e+05   3.32e-21
  4.6398e+05   3.11e-21
  4.7443e+05   2.90e-21
  4.8511e+05   2.71e-21
  4.9603e+05   2.52e-21
  5.0720e+05   2.36e-21
  5.1862e+05   2.20e-21
  5.3030e+05   2.05e-21
  5.4224e+05   1.90e-21
  5.5444e+05   1.76e-21
  5.6693e+05   1.64e-21
  5.7969e+05   1.53e-21
  5.9274e+05   1.42e-21
  6.0609e+05   1.32e-21
  6.1974e+05   1.22e-21
  6.3369e+05   1.13e-21
  6.4796e+05   1.05e-21
  6.6255e+05   9.71e-22
  6.7746e+05   8.97e-22
  6.9272e+05   8.26e-22
  7.0831e+05   7.62e-22
  7.2426e+05   7.06e-22
  7.4057e+05   6.52e-22
  7.5724e+05   6.00e-22
  7.7429e+05   5.50e-22
  7.9172e+05   5.05e-22
  8.0955e+05   4.67e-22
  8.2778e+05   4.29e-22
  8.4641e+05   3.94e-22
  8.6547e+05   3.60e-22
  8.8496e+05   3.28e-22
  9.0488e+05   3.02e-22
  9.2526e+05   2.77e-22
  9.4609e+05   2.53e-22
  9.6739e+05   2.30e-22
  9.8917e+05   2.08e-22
  1.0114e+06   1.91e-22
  1.0342e+06   1.75e-22
  1.0575e+06   1.59e-22
  1.0813e+06   1.44e-22
  1.1057e+06   1.29e-22
  1.1305e+06   1.18e-22
  1.1560e+06   1.07e-22
  1.1820e+06   9.70e-23
  1.2086e+06   8.73e-23
  1.2359e+06   7.80e-23
  1.2637e+06   7.06e-23
  1.2921e+06   6.41e-23
  1.3212e+06   5.78e-23
  1.3510e+06   5.18e-23
  1.3814e+06   4.61e-23
  1.4125e+06   4.13e-23
  1.4443e+06   3.74e-23
  1.4768e+06   3.37e-23
  1.5101e+06   3.01e-23
  1.5441e+06   2.66e-23
  1.5788e+06   2.36e-23
  1.6144e+06   2.13e-23
  1.6507e+06   1.91e-23
  1.6879e+06   1.70e-23
  1.7259e+06   1.49e-23
  1.7648e+06   1.31e-23
  1.8045e+06   1.18e-23
  1.8451e+06   1.05e-23
  1.8867e+06   9.28e-24
  1.9291e+06   8.12e-24
  1.9726e+06   7.01e-24
  2.0170e+06   6.27e-24
  2.0624e+06   5.56e-24
  2.1088e+06   4.88e-24
  2.1563e+06   4.23e-24
  2.2049e+06   3.61e-24
  2.2545e+06   3.16e-24
  2.3053e+06   2.76e-24
  2.3572e+06   2.38e-24
  2.4102e+06   2.01e-24
  2.4645e+06   1.66e-24
  2.5200e+06   1.42e-24
