#  E [GeV]   # per interaction  [GeV^{-1}]
  3.0000e+01   1.33e-02
  3.0782e+01   1.30e-02
  3.1585e+01   1.26e-02
  3.2409e+01   1.23e-02
  3.3255e+01   1.20e-02
  3.4122e+01   1.17e-02
  3.5012e+01   1.14e-02
  3.5925e+01   1.11e-02
  3.6862e+01   1.08e-02
  3.7824e+01   1.05e-02
  3.8810e+01   1.03e-02
  3.9822e+01   1.00e-02
  4.0861e+01   9.78e-03
  4.1927e+01   9.54e-03
  4.3021e+01   9.31e-03
  4.4143e+01   9.09e-03
  4.5294e+01   8.87e-03
  4.6475e+01   8.66e-03
  4.7688e+01   8.45e-03
  4.8931e+01   8.26e-03
  5.0208e+01   8.07e-03
  5.1517e+01   7.88e-03
  5.2861e+01   7.70e-03
  5.4240e+01   7.53e-03
  5.5654e+01   7.36e-03
  5.7106e+01   7.20e-03
  5.8596e+01   7.03e-03
  6.0124e+01   6.88e-03
  6.1692e+01   6.74e-03
  6.3301e+01   6.59e-03
  6.4952e+01   6.45e-03
  6.6647e+01   6.32e-03
  6.8385e+01   6.19e-03
  7.0169e+01   6.06e-03
  7.1999e+01   5.94e-03
  7.3877e+01   5.81e-03
  7.5804e+01   5.70e-03
  7.7781e+01   5.59e-03
  7.9810e+01   5.48e-03
  8.1891e+01   5.37e-03
  8.4027e+01   5.26e-03
  8.6219e+01   5.16e-03
  8.8468e+01   5.06e-03
  9.0775e+01   4.97e-03
  9.3143e+01   4.87e-03
  9.5572e+01   4.78e-03
  9.8065e+01   4.69e-03
  1.0062e+02   4.60e-03
  1.0325e+02   4.51e-03
  1.0594e+02   4.43e-03
  1.0870e+02   4.35e-03
  1.1154e+02   4.27e-03
  1.1445e+02   4.19e-03
  1.1743e+02   4.11e-03
  1.2050e+02   4.04e-03
  1.2364e+02   3.97e-03
  1.2686e+02   3.89e-03
  1.3017e+02   3.82e-03
  1.3357e+02   3.75e-03
  1.3705e+02   3.69e-03
  1.4063e+02   3.62e-03
  1.4429e+02   3.56e-03
  1.4806e+02   3.49e-03
  1.5192e+02   3.43e-03
  1.5588e+02   3.36e-03
  1.5995e+02   3.30e-03
  1.6412e+02   3.24e-03
  1.6840e+02   3.18e-03
  1.7279e+02   3.12e-03
  1.7730e+02   3.06e-03
  1.8193e+02   3.00e-03
  1.8667e+02   2.95e-03
  1.9154e+02   2.89e-03
  1.9654e+02   2.83e-03
  2.0166e+02   2.78e-03
  2.0692e+02   2.72e-03
  2.1232e+02   2.67e-03
  2.1786e+02   2.61e-03
  2.2354e+02   2.56e-03
  2.2937e+02   2.51e-03
  2.3535e+02   2.46e-03
  2.4149e+02   2.40e-03
  2.4779e+02   2.35e-03
  2.5425e+02   2.30e-03
  2.6088e+02   2.25e-03
  2.6769e+02   2.20e-03
  2.7467e+02   2.15e-03
  2.8184e+02   2.10e-03
  2.8919e+02   2.05e-03
  2.9673e+02   2.01e-03
  3.0447e+02   1.96e-03
  3.1241e+02   1.91e-03
  3.2056e+02   1.86e-03
  3.2892e+02   1.81e-03
  3.3750e+02   1.77e-03
  3.4630e+02   1.72e-03
  3.5533e+02   1.68e-03
  3.6460e+02   1.63e-03
  3.7411e+02   1.59e-03
  3.8387e+02   1.54e-03
  3.9388e+02   1.50e-03
  4.0416e+02   1.45e-03
  4.1470e+02   1.41e-03
  4.2551e+02   1.37e-03
  4.3661e+02   1.33e-03
  4.4800e+02   1.29e-03
  4.5969e+02   1.25e-03
  4.7168e+02   1.21e-03
  4.8398e+02   1.17e-03
  4.9660e+02   1.13e-03
  5.0956e+02   1.09e-03
  5.2285e+02   1.05e-03
  5.3648e+02   1.02e-03
  5.5048e+02   9.82e-04
  5.6483e+02   9.47e-04
  5.7957e+02   9.13e-04
  5.9468e+02   8.81e-04
  6.1020e+02   8.47e-04
  6.2611e+02   8.15e-04
  6.4244e+02   7.84e-04
  6.5920e+02   7.55e-04
  6.7639e+02   7.25e-04
  6.9403e+02   6.96e-04
  7.1214e+02   6.68e-04
  7.3071e+02   6.41e-04
  7.4977e+02   6.16e-04
  7.6933e+02   5.90e-04
  7.8939e+02   5.65e-04
  8.0998e+02   5.41e-04
  8.3111e+02   5.18e-04
  8.5279e+02   4.96e-04
  8.7503e+02   4.74e-04
  8.9785e+02   4.53e-04
  9.2127e+02   4.33e-04
  9.4530e+02   4.14e-04
  9.6996e+02   3.94e-04
  9.9526e+02   3.76e-04
  1.0212e+03   3.58e-04
  1.0479e+03   3.41e-04
  1.0752e+03   3.25e-04
  1.1032e+03   3.09e-04
  1.1320e+03   2.94e-04
  1.1615e+03   2.79e-04
  1.1918e+03   2.65e-04
  1.2229e+03   2.52e-04
  1.2548e+03   2.39e-04
  1.2875e+03   2.26e-04
  1.3211e+03   2.15e-04
  1.3556e+03   2.03e-04
  1.3909e+03   1.92e-04
  1.4272e+03   1.82e-04
  1.4644e+03   1.72e-04
  1.5026e+03   1.62e-04
  1.5418e+03   1.53e-04
  1.5820e+03   1.44e-04
  1.6233e+03   1.36e-04
  1.6657e+03   1.28e-04
  1.7091e+03   1.20e-04
  1.7537e+03   1.13e-04
  1.7994e+03   1.06e-04
  1.8464e+03   9.94e-05
  1.8945e+03   9.31e-05
  1.9439e+03   8.69e-05
  1.9946e+03   8.10e-05
  2.0467e+03   7.55e-05
  2.1000e+03   7.02e-05
  2.1548e+03   6.52e-05
  2.2110e+03   6.04e-05
  2.2687e+03   5.59e-05
  2.3279e+03   5.17e-05
  2.3886e+03   4.76e-05
  2.4509e+03   4.39e-05
  2.5148e+03   4.03e-05
  2.5804e+03   3.70e-05
  2.6477e+03   3.38e-05
  2.7168e+03   3.09e-05
  2.7876e+03   2.83e-05
  2.8603e+03   2.57e-05
  2.9349e+03   2.33e-05
  3.0115e+03   2.11e-05
  3.0900e+03   1.91e-05
  3.1706e+03   1.72e-05
  3.2533e+03   1.54e-05
  3.3382e+03   1.37e-05
  3.4253e+03   1.24e-05
  3.5146e+03   1.11e-05
  3.6063e+03   9.86e-06
  3.7003e+03   8.70e-06
  3.7969e+03   7.72e-06
  3.8959e+03   6.90e-06
  3.9975e+03   6.12e-06
  4.1018e+03   5.39e-06
  4.2088e+03   4.71e-06
  4.3185e+03   4.24e-06
  4.4312e+03   3.80e-06
  4.5467e+03   3.38e-06
  4.6653e+03   2.99e-06
  4.7870e+03   2.70e-06
  4.9119e+03   2.50e-06
  5.0400e+03   2.30e-06
