#  E [GeV]   # per interaction  [GeV^{-1}]
  3.0000e+01   5.36e-01
  3.1141e+01   5.15e-01
  3.2326e+01   4.94e-01
  3.3556e+01   4.75e-01
  3.4832e+01   4.56e-01
  3.6157e+01   4.37e-01
  3.7533e+01   4.20e-01
  3.8961e+01   4.03e-01
  4.0443e+01   3.87e-01
  4.1982e+01   3.71e-01
  4.3579e+01   3.56e-01
  4.5237e+01   3.42e-01
  4.6958e+01   3.28e-01
  4.8744e+01   3.14e-01
  5.0598e+01   3.02e-01
  5.2523e+01   2.89e-01
  5.4521e+01   2.77e-01
  5.6596e+01   2.66e-01
  5.8749e+01   2.55e-01
  6.0984e+01   2.44e-01
  6.3304e+01   2.34e-01
  6.5712e+01   2.25e-01
  6.8212e+01   2.15e-01
  7.0807e+01   2.06e-01
  7.3500e+01   1.98e-01
  7.6297e+01   1.89e-01
  7.9199e+01   1.81e-01
  8.2212e+01   1.74e-01
  8.5340e+01   1.66e-01
  8.8586e+01   1.59e-01
  9.1956e+01   1.52e-01
  9.5455e+01   1.46e-01
  9.9086e+01   1.39e-01
  1.0286e+02   1.33e-01
  1.0677e+02   1.27e-01
  1.1083e+02   1.22e-01
  1.1505e+02   1.16e-01
  1.1942e+02   1.11e-01
  1.2397e+02   1.06e-01
  1.2868e+02   1.01e-01
  1.3358e+02   9.68e-02
  1.3866e+02   9.24e-02
  1.4394e+02   8.81e-02
  1.4941e+02   8.41e-02
  1.5509e+02   8.01e-02
  1.6100e+02   7.64e-02
  1.6712e+02   7.27e-02
  1.7348e+02   6.92e-02
  1.8008e+02   6.59e-02
  1.8693e+02   6.27e-02
  1.9404e+02   5.96e-02
  2.0142e+02   5.66e-02
  2.0908e+02   5.38e-02
  2.1704e+02   5.11e-02
  2.2529e+02   4.84e-02
  2.3387e+02   4.59e-02
  2.4276e+02   4.35e-02
  2.5200e+02   4.12e-02
  2.6158e+02   3.90e-02
  2.7154e+02   3.69e-02
  2.8187e+02   3.49e-02
  2.9259e+02   3.30e-02
  3.0372e+02   3.11e-02
  3.1527e+02   2.94e-02
  3.2727e+02   2.77e-02
  3.3972e+02   2.61e-02
  3.5264e+02   2.45e-02
  3.6606e+02   2.30e-02
  3.7998e+02   2.17e-02
  3.9444e+02   2.03e-02
  4.0945e+02   1.91e-02
  4.2502e+02   1.79e-02
  4.4119e+02   1.67e-02
  4.5798e+02   1.57e-02
  4.7540e+02   1.46e-02
  4.9348e+02   1.37e-02
  5.1226e+02   1.28e-02
  5.3175e+02   1.19e-02
  5.5198e+02   1.11e-02
  5.7297e+02   1.03e-02
  5.9477e+02   9.63e-03
  6.1740e+02   8.96e-03
  6.4089e+02   8.32e-03
  6.6527e+02   7.73e-03
  6.9058e+02   7.18e-03
  7.1685e+02   6.66e-03
  7.4412e+02   6.18e-03
  7.7243e+02   5.73e-03
  8.0181e+02   5.31e-03
  8.3232e+02   4.92e-03
  8.6398e+02   4.55e-03
  8.9685e+02   4.21e-03
  9.3097e+02   3.90e-03
  9.6638e+02   3.61e-03
  1.0031e+03   3.34e-03
  1.0413e+03   3.09e-03
  1.0809e+03   2.85e-03
  1.1220e+03   2.64e-03
  1.1647e+03   2.44e-03
  1.2090e+03   2.25e-03
  1.2550e+03   2.08e-03
  1.3028e+03   1.92e-03
  1.3523e+03   1.77e-03
  1.4038e+03   1.64e-03
  1.4572e+03   1.51e-03
  1.5126e+03   1.40e-03
  1.5702e+03   1.29e-03
  1.6299e+03   1.19e-03
  1.6919e+03   1.10e-03
  1.7563e+03   1.01e-03
  1.8231e+03   9.32e-04
  1.8925e+03   8.58e-04
  1.9645e+03   7.91e-04
  2.0392e+03   7.28e-04
  2.1168e+03   6.70e-04
  2.1973e+03   6.17e-04
  2.2809e+03   5.67e-04
  2.3677e+03   5.21e-04
  2.4577e+03   4.78e-04
  2.5512e+03   4.39e-04
  2.6483e+03   4.02e-04
  2.7490e+03   3.68e-04
  2.8536e+03   3.37e-04
  2.9622e+03   3.08e-04
  3.0749e+03   2.81e-04
  3.1918e+03   2.57e-04
  3.3133e+03   2.34e-04
  3.4393e+03   2.13e-04
  3.5702e+03   1.94e-04
  3.7060e+03   1.76e-04
  3.8470e+03   1.59e-04
  3.9933e+03   1.44e-04
  4.1452e+03   1.30e-04
  4.3029e+03   1.18e-04
  4.4666e+03   1.06e-04
  4.6366e+03   9.54e-05
  4.8129e+03   8.54e-05
  4.9960e+03   7.66e-05
  5.1861e+03   6.84e-05
  5.3834e+03   6.08e-05
  5.5882e+03   5.41e-05
  5.8008e+03   4.80e-05
  6.0215e+03   4.23e-05
  6.2506e+03   3.73e-05
  6.4883e+03   3.28e-05
  6.7352e+03   2.86e-05
  6.9914e+03   2.50e-05
  7.2574e+03   2.18e-05
  7.5335e+03   1.88e-05
  7.8201e+03   1.62e-05
  8.1176e+03   1.39e-05
  8.4264e+03   1.18e-05
  8.7470e+03   1.01e-05
  9.0797e+03   8.51e-06
  9.4251e+03   7.12e-06
  9.7837e+03   5.93e-06
  1.0156e+04   4.91e-06
  1.0542e+04   4.02e-06
  1.0943e+04   3.27e-06
  1.1360e+04   2.64e-06
  1.1792e+04   2.09e-06
  1.2240e+04   1.65e-06
  1.2706e+04   1.29e-06
  1.3189e+04   9.87e-07
  1.3691e+04   7.45e-07
  1.4212e+04   5.57e-07
  1.4753e+04   4.07e-07
  1.5314e+04   2.90e-07
  1.5897e+04   2.05e-07
  1.6501e+04   1.40e-07
  1.7129e+04   9.21e-08
  1.7781e+04   5.97e-08
  1.8457e+04   3.70e-08
  1.9159e+04   2.19e-08
  1.9888e+04   1.26e-08
  2.0645e+04   6.77e-09
  2.1430e+04   3.39e-09
  2.2245e+04   1.62e-09
  2.3092e+04   7.09e-10
  2.3970e+04   2.78e-10
  2.4882e+04   1.00e-10
  2.5829e+04   3.16e-11
  2.6811e+04   8.41e-12
  2.7831e+04   1.93e-12
  2.8890e+04   3.55e-13
  2.9989e+04   5.00e-14
  3.1130e+04   5.32e-15
  3.2314e+04   3.92e-16
  3.3544e+04   1.82e-17
  3.4820e+04   4.97e-19
  3.6144e+04   6.94e-21
  3.7519e+04   4.15e-23
  3.8947e+04   8.93e-26
  4.0428e+04   5.27e-29
  4.1966e+04   5.86e-33
  4.3563e+04   7.95e-38
  4.5220e+04   7.20e-44
  4.6941e+04   3.46e-48
  4.8726e+04   2.60e-48
  5.0580e+04   1.94e-48
