#  E [MeV]   Flux [# cm^{-2} s^{-1}  MeV^{-1}]
  3.0000e+04   2.66e-19
  3.0589e+04   2.57e-19
  3.1190e+04   2.49e-19
  3.1803e+04   2.41e-19
  3.2428e+04   2.33e-19
  3.3065e+04   2.26e-19
  3.3714e+04   2.18e-19
  3.4376e+04   2.11e-19
  3.5052e+04   2.04e-19
  3.5740e+04   1.97e-19
  3.6442e+04   1.91e-19
  3.7158e+04   1.84e-19
  3.7888e+04   1.78e-19
  3.8632e+04   1.72e-19
  3.9391e+04   1.66e-19
  4.0165e+04   1.60e-19
  4.0954e+04   1.55e-19
  4.1758e+04   1.49e-19
  4.2579e+04   1.44e-19
  4.3415e+04   1.39e-19
  4.4268e+04   1.34e-19
  4.5138e+04   1.29e-19
  4.6024e+04   1.25e-19
  4.6928e+04   1.20e-19
  4.7850e+04   1.16e-19
  4.8790e+04   1.12e-19
  4.9749e+04   1.08e-19
  5.0726e+04   1.04e-19
  5.1722e+04   9.98e-20
  5.2738e+04   9.61e-20
  5.3774e+04   9.25e-20
  5.4831e+04   8.90e-20
  5.5908e+04   8.56e-20
  5.7006e+04   8.24e-20
  5.8126e+04   7.92e-20
  5.9268e+04   7.62e-20
  6.0432e+04   7.32e-20
  6.1619e+04   7.03e-20
  6.2829e+04   6.76e-20
  6.4064e+04   6.49e-20
  6.5322e+04   6.23e-20
  6.6605e+04   5.98e-20
  6.7913e+04   5.74e-20
  6.9248e+04   5.50e-20
  7.0608e+04   5.28e-20
  7.1995e+04   5.06e-20
  7.3409e+04   4.85e-20
  7.4851e+04   4.65e-20
  7.6321e+04   4.45e-20
  7.7821e+04   4.26e-20
  7.9349e+04   4.08e-20
  8.0908e+04   3.90e-20
  8.2497e+04   3.73e-20
  8.4118e+04   3.57e-20
  8.5770e+04   3.41e-20
  8.7455e+04   3.26e-20
  8.9173e+04   3.11e-20
  9.0925e+04   2.98e-20
  9.2711e+04   2.84e-20
  9.4532e+04   2.71e-20
  9.6389e+04   2.58e-20
  9.8283e+04   2.46e-20
  1.0021e+05   2.35e-20
  1.0218e+05   2.24e-20
  1.0419e+05   2.13e-20
  1.0624e+05   2.03e-20
  1.0832e+05   1.93e-20
  1.1045e+05   1.84e-20
  1.1262e+05   1.75e-20
  1.1483e+05   1.66e-20
  1.1709e+05   1.58e-20
  1.1939e+05   1.50e-20
  1.2173e+05   1.42e-20
  1.2412e+05   1.35e-20
  1.2656e+05   1.28e-20
  1.2905e+05   1.22e-20
  1.3158e+05   1.16e-20
  1.3417e+05   1.09e-20
  1.3680e+05   1.03e-20
  1.3949e+05   9.79e-21
  1.4223e+05   9.27e-21
  1.4503e+05   8.77e-21
  1.4787e+05   8.29e-21
  1.5078e+05   7.82e-21
  1.5374e+05   7.36e-21
  1.5676e+05   6.95e-21
  1.5984e+05   6.56e-21
  1.6298e+05   6.19e-21
  1.6618e+05   5.83e-21
  1.6945e+05   5.48e-21
  1.7278e+05   5.15e-21
  1.7617e+05   4.85e-21
  1.7963e+05   4.57e-21
  1.8316e+05   4.29e-21
  1.8676e+05   4.03e-21
  1.9042e+05   3.78e-21
  1.9417e+05   3.53e-21
  1.9798e+05   3.32e-21
  2.0187e+05   3.12e-21
  2.0583e+05   2.92e-21
  2.0988e+05   2.73e-21
  2.1400e+05   2.55e-21
  2.1820e+05   2.38e-21
  2.2249e+05   2.23e-21
  2.2686e+05   2.09e-21
  2.3132e+05   1.95e-21
  2.3586e+05   1.82e-21
  2.4049e+05   1.69e-21
  2.4522e+05   1.57e-21
  2.5004e+05   1.47e-21
  2.5495e+05   1.37e-21
  2.5996e+05   1.28e-21
  2.6506e+05   1.19e-21
  2.7027e+05   1.10e-21
  2.7558e+05   1.01e-21
  2.8099e+05   9.46e-22
  2.8651e+05   8.80e-22
  2.9214e+05   8.16e-22
  2.9788e+05   7.54e-22
  3.0373e+05   6.95e-22
  3.0970e+05   6.40e-22
  3.1578e+05   5.94e-22
  3.2198e+05   5.51e-22
  3.2831e+05   5.09e-22
  3.3476e+05   4.68e-22
  3.4133e+05   4.29e-22
  3.4804e+05   3.94e-22
  3.5487e+05   3.65e-22
  3.6185e+05   3.37e-22
  3.6895e+05   3.10e-22
  3.7620e+05   2.84e-22
  3.8359e+05   2.59e-22
  3.9113e+05   2.37e-22
  3.9881e+05   2.19e-22
  4.0664e+05   2.01e-22
  4.1463e+05   1.85e-22
  4.2278e+05   1.69e-22
  4.3108e+05   1.53e-22
  4.3955e+05   1.40e-22
  4.4818e+05   1.28e-22
  4.5699e+05   1.18e-22
  4.6596e+05   1.08e-22
  4.7512e+05   9.78e-23
  4.8445e+05   8.84e-23
  4.9397e+05   8.04e-23
  5.0367e+05   7.38e-23
  5.1356e+05   6.75e-23
  5.2365e+05   6.14e-23
  5.3394e+05   5.56e-23
  5.4443e+05   5.00e-23
  5.5512e+05   4.54e-23
  5.6603e+05   4.15e-23
  5.7715e+05   3.78e-23
  5.8848e+05   3.42e-23
  6.0004e+05   3.08e-23
  6.1183e+05   2.75e-23
  6.2385e+05   2.50e-23
  6.3610e+05   2.28e-23
  6.4860e+05   2.07e-23
  6.6134e+05   1.88e-23
  6.7433e+05   1.69e-23
  6.8758e+05   1.50e-23
  7.0108e+05   1.37e-23
  7.1486e+05   1.25e-23
  7.2890e+05   1.14e-23
  7.4322e+05   1.03e-23
  7.5782e+05   9.26e-24
  7.7270e+05   8.28e-24
  7.8788e+05   7.56e-24
  8.0336e+05   6.93e-24
  8.1914e+05   6.32e-24
  8.3523e+05   5.74e-24
  8.5164e+05   5.18e-24
  8.6837e+05   4.65e-24
  8.8542e+05   4.29e-24
  9.0282e+05   3.96e-24
  9.2055e+05   3.65e-24
  9.3863e+05   3.34e-24
  9.5707e+05   3.06e-24
  9.7587e+05   2.78e-24
  9.9504e+05   2.59e-24
  1.0146e+06   2.42e-24
  1.0345e+06   2.24e-24
  1.0548e+06   2.08e-24
  1.0756e+06   1.92e-24
  1.0967e+06   1.78e-24
  1.1182e+06   1.67e-24
  1.1402e+06   1.56e-24
  1.1626e+06   1.46e-24
  1.1854e+06   1.36e-24
  1.2087e+06   1.27e-24
  1.2325e+06   1.18e-24
  1.2567e+06   1.11e-24
  1.2814e+06   1.03e-24
  1.3065e+06   9.65e-25
  1.3322e+06   8.99e-25
  1.3584e+06   8.35e-25
  1.3851e+06   7.79e-25
  1.4123e+06   7.38e-25
  1.4400e+06   7.00e-25
