#  E [GeV]   # per interaction  [GeV^{-1}]
  3.0000e+01   5.68e-01
  3.1141e+01   5.44e-01
  3.2326e+01   5.22e-01
  3.3556e+01   5.01e-01
  3.4832e+01   4.81e-01
  3.6157e+01   4.61e-01
  3.7533e+01   4.42e-01
  3.8961e+01   4.24e-01
  4.0443e+01   4.06e-01
  4.1982e+01   3.89e-01
  4.3579e+01   3.73e-01
  4.5237e+01   3.58e-01
  4.6958e+01   3.43e-01
  4.8744e+01   3.29e-01
  5.0598e+01   3.15e-01
  5.2523e+01   3.02e-01
  5.4521e+01   2.89e-01
  5.6596e+01   2.77e-01
  5.8749e+01   2.65e-01
  6.0984e+01   2.54e-01
  6.3304e+01   2.43e-01
  6.5712e+01   2.33e-01
  6.8212e+01   2.23e-01
  7.0807e+01   2.13e-01
  7.3500e+01   2.04e-01
  7.6297e+01   1.95e-01
  7.9199e+01   1.87e-01
  8.2212e+01   1.79e-01
  8.5340e+01   1.71e-01
  8.8586e+01   1.63e-01
  9.1956e+01   1.56e-01
  9.5455e+01   1.49e-01
  9.9086e+01   1.42e-01
  1.0286e+02   1.36e-01
  1.0677e+02   1.30e-01
  1.1083e+02   1.24e-01
  1.1505e+02   1.18e-01
  1.1942e+02   1.13e-01
  1.2397e+02   1.08e-01
  1.2868e+02   1.03e-01
  1.3358e+02   9.81e-02
  1.3866e+02   9.35e-02
  1.4394e+02   8.91e-02
  1.4941e+02   8.49e-02
  1.5509e+02   8.08e-02
  1.6100e+02   7.69e-02
  1.6712e+02   7.32e-02
  1.7348e+02   6.96e-02
  1.8008e+02   6.61e-02
  1.8693e+02   6.28e-02
  1.9404e+02   5.96e-02
  2.0142e+02   5.66e-02
  2.0908e+02   5.37e-02
  2.1704e+02   5.09e-02
  2.2529e+02   4.82e-02
  2.3387e+02   4.57e-02
  2.4276e+02   4.33e-02
  2.5200e+02   4.09e-02
  2.6158e+02   3.87e-02
  2.7154e+02   3.66e-02
  2.8187e+02   3.45e-02
  2.9259e+02   3.26e-02
  3.0372e+02   3.07e-02
  3.1527e+02   2.89e-02
  3.2727e+02   2.72e-02
  3.3972e+02   2.56e-02
  3.5264e+02   2.41e-02
  3.6606e+02   2.26e-02
  3.7998e+02   2.12e-02
  3.9444e+02   1.99e-02
  4.0945e+02   1.86e-02
  4.2502e+02   1.74e-02
  4.4119e+02   1.63e-02
  4.5798e+02   1.52e-02
  4.7540e+02   1.42e-02
  4.9348e+02   1.33e-02
  5.1226e+02   1.24e-02
  5.3175e+02   1.15e-02
  5.5198e+02   1.07e-02
  5.7297e+02   9.98e-03
  5.9477e+02   9.28e-03
  6.1740e+02   8.62e-03
  6.4089e+02   8.00e-03
  6.6527e+02   7.42e-03
  6.9058e+02   6.88e-03
  7.1685e+02   6.38e-03
  7.4412e+02   5.91e-03
  7.7243e+02   5.47e-03
  8.0181e+02   5.06e-03
  8.3232e+02   4.68e-03
  8.6398e+02   4.33e-03
  8.9685e+02   4.00e-03
  9.3097e+02   3.70e-03
  9.6638e+02   3.42e-03
  1.0031e+03   3.16e-03
  1.0413e+03   2.92e-03
  1.0809e+03   2.69e-03
  1.1220e+03   2.49e-03
  1.1647e+03   2.30e-03
  1.2090e+03   2.12e-03
  1.2550e+03   1.96e-03
  1.3028e+03   1.80e-03
  1.3523e+03   1.66e-03
  1.4038e+03   1.53e-03
  1.4572e+03   1.42e-03
  1.5126e+03   1.30e-03
  1.5702e+03   1.20e-03
  1.6299e+03   1.11e-03
  1.6919e+03   1.02e-03
  1.7563e+03   9.41e-04
  1.8231e+03   8.66e-04
  1.8925e+03   7.97e-04
  1.9645e+03   7.34e-04
  2.0392e+03   6.75e-04
  2.1168e+03   6.21e-04
  2.1973e+03   5.71e-04
  2.2809e+03   5.25e-04
  2.3677e+03   4.81e-04
  2.4577e+03   4.42e-04
  2.5512e+03   4.05e-04
  2.6483e+03   3.71e-04
  2.7490e+03   3.39e-04
  2.8536e+03   3.11e-04
  2.9622e+03   2.84e-04
  3.0749e+03   2.59e-04
  3.1918e+03   2.36e-04
  3.3133e+03   2.15e-04
  3.4393e+03   1.96e-04
  3.5702e+03   1.78e-04
  3.7060e+03   1.62e-04
  3.8470e+03   1.46e-04
  3.9933e+03   1.33e-04
  4.1452e+03   1.20e-04
  4.3029e+03   1.08e-04
  4.4666e+03   9.76e-05
  4.6366e+03   8.77e-05
  4.8129e+03   7.86e-05
  4.9960e+03   7.06e-05
  5.1861e+03   6.31e-05
  5.3834e+03   5.61e-05
  5.5882e+03   5.01e-05
  5.8008e+03   4.44e-05
  6.0215e+03   3.92e-05
  6.2506e+03   3.47e-05
  6.4883e+03   3.06e-05
  6.7352e+03   2.68e-05
  6.9914e+03   2.35e-05
  7.2574e+03   2.05e-05
  7.5335e+03   1.78e-05
  7.8201e+03   1.54e-05
  8.1176e+03   1.33e-05
  8.4264e+03   1.14e-05
  8.7470e+03   9.74e-06
  9.0797e+03   8.29e-06
  9.4251e+03   6.99e-06
  9.7837e+03   5.88e-06
  1.0156e+04   4.91e-06
  1.0542e+04   4.06e-06
  1.0943e+04   3.35e-06
  1.1360e+04   2.74e-06
  1.1792e+04   2.21e-06
  1.2240e+04   1.77e-06
  1.2706e+04   1.41e-06
  1.3189e+04   1.10e-06
  1.3691e+04   8.50e-07
  1.4212e+04   6.51e-07
  1.4753e+04   4.88e-07
  1.5314e+04   3.59e-07
  1.5897e+04   2.61e-07
  1.6501e+04   1.84e-07
  1.7129e+04   1.26e-07
  1.7781e+04   8.51e-08
  1.8457e+04   5.51e-08
  1.9159e+04   3.43e-08
  1.9888e+04   2.07e-08
  2.0645e+04   1.18e-08
  2.1430e+04   6.35e-09
  2.2245e+04   3.23e-09
  2.3092e+04   1.51e-09
  2.3970e+04   6.45e-10
  2.4882e+04   2.50e-10
  2.5829e+04   8.53e-11
  2.6811e+04   2.50e-11
  2.7831e+04   6.19e-12
  2.8890e+04   1.24e-12
  2.9989e+04   1.92e-13
  3.1130e+04   2.23e-14
  3.2314e+04   1.78e-15
  3.3544e+04   9.04e-17
  3.4820e+04   2.70e-18
  3.6144e+04   4.07e-20
  3.7519e+04   2.61e-22
  3.8947e+04   6.11e-25
  4.0428e+04   3.82e-28
  4.1966e+04   4.32e-32
  4.3563e+04   6.52e-37
  4.5220e+04   6.31e-43
  4.6941e+04   6.75e-46
  4.8726e+04   8.37e-46
  5.0580e+04   1.04e-45
