#  E [GeV]   # per interaction  [GeV^{-1}]
  3.0000e+01   2.18e-01
  3.0589e+01   2.10e-01
  3.1190e+01   2.03e-01
  3.1803e+01   1.96e-01
  3.2428e+01   1.89e-01
  3.3065e+01   1.83e-01
  3.3714e+01   1.76e-01
  3.4376e+01   1.70e-01
  3.5052e+01   1.64e-01
  3.5740e+01   1.58e-01
  3.6442e+01   1.52e-01
  3.7158e+01   1.46e-01
  3.7888e+01   1.41e-01
  3.8632e+01   1.36e-01
  3.9391e+01   1.31e-01
  4.0165e+01   1.26e-01
  4.0954e+01   1.21e-01
  4.1758e+01   1.16e-01
  4.2579e+01   1.12e-01
  4.3415e+01   1.08e-01
  4.4268e+01   1.04e-01
  4.5138e+01   9.95e-02
  4.6024e+01   9.56e-02
  4.6928e+01   9.18e-02
  4.7850e+01   8.83e-02
  4.8790e+01   8.48e-02
  4.9749e+01   8.14e-02
  5.0726e+01   7.81e-02
  5.1722e+01   7.50e-02
  5.2738e+01   7.19e-02
  5.3774e+01   6.90e-02
  5.4831e+01   6.62e-02
  5.5908e+01   6.34e-02
  5.7006e+01   6.08e-02
  5.8126e+01   5.82e-02
  5.9268e+01   5.58e-02
  6.0432e+01   5.34e-02
  6.1619e+01   5.12e-02
  6.2829e+01   4.90e-02
  6.4064e+01   4.69e-02
  6.5322e+01   4.48e-02
  6.6605e+01   4.29e-02
  6.7913e+01   4.10e-02
  6.9248e+01   3.92e-02
  7.0608e+01   3.75e-02
  7.1995e+01   3.58e-02
  7.3409e+01   3.41e-02
  7.4851e+01   3.25e-02
  7.6321e+01   3.11e-02
  7.7821e+01   2.97e-02
  7.9349e+01   2.83e-02
  8.0908e+01   2.70e-02
  8.2497e+01   2.57e-02
  8.4118e+01   2.45e-02
  8.5770e+01   2.33e-02
  8.7455e+01   2.22e-02
  8.9173e+01   2.12e-02
  9.0925e+01   2.01e-02
  9.2711e+01   1.91e-02
  9.4532e+01   1.82e-02
  9.6389e+01   1.73e-02
  9.8283e+01   1.65e-02
  1.0021e+02   1.56e-02
  1.0218e+02   1.48e-02
  1.0419e+02   1.41e-02
  1.0624e+02   1.34e-02
  1.0832e+02   1.27e-02
  1.1045e+02   1.20e-02
  1.1262e+02   1.14e-02
  1.1483e+02   1.08e-02
  1.1709e+02   1.02e-02
  1.1939e+02   9.69e-03
  1.2173e+02   9.19e-03
  1.2412e+02   8.70e-03
  1.2656e+02   8.23e-03
  1.2905e+02   7.78e-03
  1.3158e+02   7.34e-03
  1.3417e+02   6.94e-03
  1.3680e+02   6.56e-03
  1.3949e+02   6.20e-03
  1.4223e+02   5.85e-03
  1.4503e+02   5.51e-03
  1.4787e+02   5.18e-03
  1.5078e+02   4.89e-03
  1.5374e+02   4.62e-03
  1.5676e+02   4.35e-03
  1.5984e+02   4.09e-03
  1.6298e+02   3.85e-03
  1.6618e+02   3.61e-03
  1.6945e+02   3.40e-03
  1.7278e+02   3.20e-03
  1.7617e+02   3.01e-03
  1.7963e+02   2.83e-03
  1.8316e+02   2.65e-03
  1.8676e+02   2.48e-03
  1.9042e+02   2.33e-03
  1.9417e+02   2.19e-03
  1.9798e+02   2.05e-03
  2.0187e+02   1.92e-03
  2.0583e+02   1.80e-03
  2.0988e+02   1.67e-03
  2.1400e+02   1.57e-03
  2.1820e+02   1.47e-03
  2.2249e+02   1.38e-03
  2.2686e+02   1.29e-03
  2.3132e+02   1.20e-03
  2.3586e+02   1.12e-03
  2.4049e+02   1.05e-03
  2.4522e+02   9.77e-04
  2.5004e+02   9.12e-04
  2.5495e+02   8.49e-04
  2.5996e+02   7.88e-04
  2.6506e+02   7.32e-04
  2.7027e+02   6.84e-04
  2.7558e+02   6.37e-04
  2.8099e+02   5.93e-04
  2.8651e+02   5.50e-04
  2.9214e+02   5.09e-04
  2.9788e+02   4.71e-04
  3.0373e+02   4.39e-04
  3.0970e+02   4.09e-04
  3.1578e+02   3.79e-04
  3.2198e+02   3.51e-04
  3.2831e+02   3.24e-04
  3.3476e+02   2.99e-04
  3.4133e+02   2.78e-04
  3.4804e+02   2.58e-04
  3.5487e+02   2.39e-04
  3.6185e+02   2.21e-04
  3.6895e+02   2.03e-04
  3.7620e+02   1.88e-04
  3.8359e+02   1.74e-04
  3.9113e+02   1.61e-04
  3.9881e+02   1.49e-04
  4.0664e+02   1.37e-04
  4.1463e+02   1.26e-04
  4.2278e+02   1.16e-04
  4.3108e+02   1.08e-04
  4.3955e+02   9.96e-05
  4.4818e+02   9.19e-05
  4.5699e+02   8.44e-05
  4.6596e+02   7.73e-05
  4.7512e+02   7.13e-05
  4.8445e+02   6.60e-05
  4.9397e+02   6.09e-05
  5.0367e+02   5.61e-05
  5.1356e+02   5.15e-05
  5.2365e+02   4.71e-05
  5.3394e+02   4.34e-05
  5.4443e+02   4.01e-05
  5.5512e+02   3.70e-05
  5.6603e+02   3.40e-05
  5.7715e+02   3.12e-05
  5.8848e+02   2.85e-05
  6.0004e+02   2.63e-05
  6.1183e+02   2.42e-05
  6.2385e+02   2.23e-05
  6.3610e+02   2.05e-05
  6.4860e+02   1.87e-05
  6.6134e+02   1.71e-05
  6.7433e+02   1.58e-05
  6.8758e+02   1.46e-05
  7.0108e+02   1.34e-05
  7.1486e+02   1.23e-05
  7.2890e+02   1.13e-05
  7.4322e+02   1.03e-05
  7.5782e+02   9.60e-06
  7.7270e+02   8.91e-06
  7.8788e+02   8.25e-06
  8.0336e+02   7.62e-06
  8.1914e+02   7.03e-06
  8.3523e+02   6.47e-06
  8.5164e+02   6.08e-06
  8.6837e+02   5.72e-06
  8.8542e+02   5.36e-06
  9.0282e+02   5.03e-06
  9.2055e+02   4.71e-06
  9.3863e+02   4.41e-06
  9.5707e+02   4.20e-06
  9.7587e+02   4.00e-06
  9.9504e+02   3.81e-06
  1.0146e+03   3.62e-06
  1.0345e+03   3.45e-06
  1.0548e+03   3.29e-06
  1.0756e+03   3.17e-06
  1.0967e+03   3.06e-06
  1.1182e+03   2.95e-06
  1.1402e+03   2.84e-06
  1.1626e+03   2.74e-06
  1.1854e+03   2.65e-06
  1.2087e+03   2.57e-06
  1.2325e+03   2.50e-06
  1.2567e+03   2.42e-06
  1.2814e+03   2.36e-06
  1.3065e+03   2.29e-06
  1.3322e+03   2.22e-06
  1.3584e+03   2.16e-06
  1.3851e+03   2.10e-06
  1.4123e+03   2.05e-06
  1.4400e+03   1.99e-06
