#  E [MeV]   Flux [# cm^{-2} s^{-1}  MeV^{-1}]
  3.0000e+04   7.12e-25
  3.1232e+04   6.81e-25
  3.2514e+04   6.51e-25
  3.3849e+04   6.22e-25
  3.5238e+04   5.95e-25
  3.6685e+04   5.68e-25
  3.8191e+04   5.43e-25
  3.9759e+04   5.19e-25
  4.1391e+04   4.96e-25
  4.3090e+04   4.74e-25
  4.4859e+04   4.52e-25
  4.6701e+04   4.32e-25
  4.8618e+04   4.13e-25
  5.0614e+04   3.94e-25
  5.2692e+04   3.76e-25
  5.4855e+04   3.60e-25
  5.7107e+04   3.43e-25
  5.9451e+04   3.28e-25
  6.1892e+04   3.13e-25
  6.4433e+04   2.99e-25
  6.7078e+04   2.85e-25
  6.9832e+04   2.72e-25
  7.2699e+04   2.60e-25
  7.5683e+04   2.48e-25
  7.8790e+04   2.36e-25
  8.2025e+04   2.26e-25
  8.5392e+04   2.15e-25
  8.8898e+04   2.05e-25
  9.2547e+04   1.96e-25
  9.6347e+04   1.87e-25
  1.0030e+05   1.78e-25
  1.0442e+05   1.70e-25
  1.0871e+05   1.62e-25
  1.1317e+05   1.54e-25
  1.1782e+05   1.47e-25
  1.2265e+05   1.40e-25
  1.2769e+05   1.33e-25
  1.3293e+05   1.27e-25
  1.3839e+05   1.21e-25
  1.4407e+05   1.15e-25
  1.4998e+05   1.10e-25
  1.5614e+05   1.04e-25
  1.6255e+05   9.94e-26
  1.6922e+05   9.45e-26
  1.7617e+05   8.99e-26
  1.8340e+05   8.55e-26
  1.9093e+05   8.13e-26
  1.9877e+05   7.73e-26
  2.0693e+05   7.35e-26
  2.1543e+05   6.99e-26
  2.2427e+05   6.64e-26
  2.3348e+05   6.30e-26
  2.4306e+05   5.99e-26
  2.5304e+05   5.69e-26
  2.6343e+05   5.40e-26
  2.7424e+05   5.12e-26
  2.8550e+05   4.86e-26
  2.9722e+05   4.61e-26
  3.0942e+05   4.37e-26
  3.2213e+05   4.14e-26
  3.3535e+05   3.92e-26
  3.4912e+05   3.71e-26
  3.6345e+05   3.51e-26
  3.7837e+05   3.32e-26
  3.9390e+05   3.15e-26
  4.1008e+05   2.97e-26
  4.2691e+05   2.81e-26
  4.4444e+05   2.66e-26
  4.6268e+05   2.51e-26
  4.8168e+05   2.37e-26
  5.0145e+05   2.24e-26
  5.2204e+05   2.11e-26
  5.4347e+05   1.99e-26
  5.6578e+05   1.87e-26
  5.8901e+05   1.77e-26
  6.1319e+05   1.66e-26
  6.3836e+05   1.56e-26
  6.6457e+05   1.47e-26
  6.9185e+05   1.38e-26
  7.2025e+05   1.30e-26
  7.4982e+05   1.22e-26
  7.8061e+05   1.15e-26
  8.1265e+05   1.08e-26
  8.4601e+05   1.01e-26
  8.8075e+05   9.46e-27
  9.1690e+05   8.87e-27
  9.5455e+05   8.31e-27
  9.9373e+05   7.78e-27
  1.0345e+06   7.29e-27
  1.0770e+06   6.82e-27
  1.1212e+06   6.38e-27
  1.1672e+06   5.96e-27
  1.2152e+06   5.57e-27
  1.2650e+06   5.20e-27
  1.3170e+06   4.85e-27
  1.3711e+06   4.53e-27
  1.4273e+06   4.22e-27
  1.4859e+06   3.94e-27
  1.5469e+06   3.67e-27
  1.6104e+06   3.42e-27
  1.6766e+06   3.18e-27
  1.7454e+06   2.96e-27
  1.8170e+06   2.75e-27
  1.8916e+06   2.56e-27
  1.9693e+06   2.38e-27
  2.0501e+06   2.21e-27
  2.1343e+06   2.05e-27
  2.2219e+06   1.90e-27
  2.3131e+06   1.76e-27
  2.4081e+06   1.63e-27
  2.5070e+06   1.51e-27
  2.6099e+06   1.40e-27
  2.7170e+06   1.29e-27
  2.8286e+06   1.20e-27
  2.9447e+06   1.11e-27
  3.0656e+06   1.02e-27
  3.1914e+06   9.40e-28
  3.3225e+06   8.67e-28
  3.4589e+06   7.98e-28
  3.6008e+06   7.35e-28
  3.7487e+06   6.76e-28
  3.9026e+06   6.21e-28
  4.0628e+06   5.70e-28
  4.2296e+06   5.23e-28
  4.4032e+06   4.79e-28
  4.5840e+06   4.39e-28
  4.7722e+06   4.02e-28
  4.9681e+06   3.67e-28
  5.1720e+06   3.35e-28
  5.3844e+06   3.06e-28
  5.6054e+06   2.79e-28
  5.8355e+06   2.54e-28
  6.0751e+06   2.31e-28
  6.3245e+06   2.10e-28
  6.5841e+06   1.91e-28
  6.8544e+06   1.73e-28
  7.1358e+06   1.57e-28
  7.4288e+06   1.42e-28
  7.7338e+06   1.28e-28
  8.0513e+06   1.16e-28
  8.3818e+06   1.04e-28
  8.7259e+06   9.39e-29
  9.0841e+06   8.44e-29
  9.4571e+06   7.59e-29
  9.8453e+06   6.79e-29
  1.0249e+07   6.08e-29
  1.0670e+07   5.44e-29
  1.1108e+07   4.84e-29
  1.1564e+07   4.32e-29
  1.2039e+07   3.84e-29
  1.2533e+07   3.40e-29
  1.3048e+07   3.02e-29
  1.3584e+07   2.67e-29
  1.4141e+07   2.34e-29
  1.4722e+07   2.07e-29
  1.5326e+07   1.81e-29
  1.5955e+07   1.58e-29
  1.6610e+07   1.38e-29
  1.7292e+07   1.20e-29
  1.8002e+07   1.03e-29
  1.8741e+07   8.91e-30
  1.9511e+07   7.62e-30
  2.0312e+07   6.49e-30
  2.1145e+07   5.50e-30
  2.2013e+07   4.61e-30
  2.2917e+07   3.84e-30
  2.3858e+07   3.17e-30
  2.4837e+07   2.58e-30
  2.5857e+07   2.08e-30
  2.6919e+07   1.64e-30
  2.8024e+07   1.27e-30
  2.9174e+07   9.63e-31
  3.0372e+07   7.08e-31
  3.1619e+07   5.00e-31
  3.2917e+07   3.41e-31
  3.4268e+07   2.18e-31
  3.5675e+07   1.31e-31
  3.7140e+07   7.23e-32
  3.8664e+07   3.57e-32
  4.0252e+07   1.53e-32
  4.1904e+07   5.51e-33
  4.3624e+07   1.56e-33
  4.5415e+07   3.26e-34
  4.7280e+07   4.57e-35
  4.9221e+07   3.72e-36
  5.1241e+07   1.48e-37
  5.3345e+07   2.20e-39
  5.5535e+07   8.44e-42
  5.7815e+07   5.07e-45
  6.0188e+07   2.18e-49
  6.2659e+07   2.19e-55
  6.5232e+07   1.01e-63
  6.7910e+07   1.57e-70
  7.0698e+07   1.63e-70
  7.3600e+07   1.85e-70
  7.6621e+07   2.05e-70
  7.9767e+07   2.38e-70
  8.3042e+07   3.32e-70
  8.6451e+07   4.18e-70
  9.0000e+07   5.41e-70
