#  E [GeV]   # per interaction  [GeV^{-1}]
  3.0000e+01   1.36e+00
  3.1232e+01   1.30e+00
  3.2514e+01   1.24e+00
  3.3849e+01   1.18e+00
  3.5238e+01   1.12e+00
  3.6685e+01   1.07e+00
  3.8191e+01   1.02e+00
  3.9759e+01   9.71e-01
  4.1391e+01   9.24e-01
  4.3090e+01   8.80e-01
  4.4859e+01   8.37e-01
  4.6701e+01   7.97e-01
  4.8618e+01   7.58e-01
  5.0614e+01   7.21e-01
  5.2692e+01   6.86e-01
  5.4855e+01   6.52e-01
  5.7107e+01   6.20e-01
  5.9451e+01   5.89e-01
  6.1892e+01   5.60e-01
  6.4433e+01   5.32e-01
  6.7078e+01   5.06e-01
  6.9832e+01   4.80e-01
  7.2699e+01   4.56e-01
  7.5683e+01   4.33e-01
  7.8790e+01   4.11e-01
  8.2025e+01   3.90e-01
  8.5392e+01   3.70e-01
  8.8898e+01   3.51e-01
  9.2547e+01   3.33e-01
  9.6347e+01   3.16e-01
  1.0030e+02   2.99e-01
  1.0442e+02   2.84e-01
  1.0871e+02   2.69e-01
  1.1317e+02   2.55e-01
  1.1782e+02   2.41e-01
  1.2265e+02   2.29e-01
  1.2769e+02   2.17e-01
  1.3293e+02   2.05e-01
  1.3839e+02   1.94e-01
  1.4407e+02   1.84e-01
  1.4998e+02   1.74e-01
  1.5614e+02   1.64e-01
  1.6255e+02   1.55e-01
  1.6922e+02   1.47e-01
  1.7617e+02   1.39e-01
  1.8340e+02   1.31e-01
  1.9093e+02   1.24e-01
  1.9877e+02   1.17e-01
  2.0693e+02   1.10e-01
  2.1543e+02   1.04e-01
  2.2427e+02   9.80e-02
  2.3348e+02   9.24e-02
  2.4306e+02   8.70e-02
  2.5304e+02   8.20e-02
  2.6343e+02   7.72e-02
  2.7424e+02   7.26e-02
  2.8550e+02   6.83e-02
  2.9722e+02   6.42e-02
  3.0942e+02   6.04e-02
  3.2213e+02   5.67e-02
  3.3535e+02   5.32e-02
  3.4912e+02   5.00e-02
  3.6345e+02   4.69e-02
  3.7837e+02   4.39e-02
  3.9390e+02   4.11e-02
  4.1008e+02   3.85e-02
  4.2691e+02   3.61e-02
  4.4444e+02   3.37e-02
  4.6268e+02   3.15e-02
  4.8168e+02   2.95e-02
  5.0145e+02   2.75e-02
  5.2204e+02   2.57e-02
  5.4347e+02   2.40e-02
  5.6578e+02   2.23e-02
  5.8901e+02   2.08e-02
  6.1319e+02   1.94e-02
  6.3836e+02   1.80e-02
  6.6457e+02   1.68e-02
  6.9185e+02   1.56e-02
  7.2025e+02   1.45e-02
  7.4982e+02   1.35e-02
  7.8061e+02   1.25e-02
  8.1265e+02   1.16e-02
  8.4601e+02   1.08e-02
  8.8075e+02   9.99e-03
  9.1690e+02   9.26e-03
  9.5455e+02   8.58e-03
  9.9373e+02   7.95e-03
  1.0345e+03   7.36e-03
  1.0770e+03   6.81e-03
  1.1212e+03   6.30e-03
  1.1672e+03   5.82e-03
  1.2152e+03   5.38e-03
  1.2650e+03   4.97e-03
  1.3170e+03   4.60e-03
  1.3711e+03   4.24e-03
  1.4273e+03   3.92e-03
  1.4859e+03   3.62e-03
  1.5469e+03   3.35e-03
  1.6104e+03   3.09e-03
  1.6766e+03   2.86e-03
  1.7454e+03   2.64e-03
  1.8170e+03   2.44e-03
  1.8916e+03   2.25e-03
  1.9693e+03   2.08e-03
  2.0501e+03   1.92e-03
  2.1343e+03   1.77e-03
  2.2219e+03   1.63e-03
  2.3131e+03   1.50e-03
  2.4081e+03   1.38e-03
  2.5070e+03   1.27e-03
  2.6099e+03   1.16e-03
  2.7170e+03   1.07e-03
  2.8286e+03   9.78e-04
  2.9447e+03   8.95e-04
  3.0656e+03   8.18e-04
  3.1914e+03   7.48e-04
  3.3225e+03   6.83e-04
  3.4589e+03   6.22e-04
  3.6008e+03   5.66e-04
  3.7487e+03   5.14e-04
  3.9026e+03   4.66e-04
  4.0628e+03   4.23e-04
  4.2296e+03   3.82e-04
  4.4032e+03   3.45e-04
  4.5840e+03   3.11e-04
  4.7722e+03   2.79e-04
  4.9681e+03   2.50e-04
  5.1720e+03   2.24e-04
  5.3844e+03   1.99e-04
  5.6054e+03   1.78e-04
  5.8355e+03   1.58e-04
  6.0751e+03   1.39e-04
  6.3245e+03   1.23e-04
  6.5841e+03   1.08e-04
  6.8544e+03   9.46e-05
  7.1358e+03   8.28e-05
  7.4288e+03   7.20e-05
  7.7338e+03   6.22e-05
  8.0513e+03   5.38e-05
  8.3818e+03   4.61e-05
  8.7259e+03   3.93e-05
  9.0841e+03   3.34e-05
  9.4571e+03   2.81e-05
  9.8453e+03   2.36e-05
  1.0249e+04   1.97e-05
  1.0670e+04   1.62e-05
  1.1108e+04   1.33e-05
  1.1564e+04   1.08e-05
  1.2039e+04   8.68e-06
  1.2533e+04   6.93e-06
  1.3048e+04   5.47e-06
  1.3584e+04   4.22e-06
  1.4141e+04   3.26e-06
  1.4722e+04   2.46e-06
  1.5326e+04   1.81e-06
  1.5955e+04   1.33e-06
  1.6610e+04   9.47e-07
  1.7292e+04   6.54e-07
  1.8002e+04   4.45e-07
  1.8741e+04   2.91e-07
  1.9511e+04   1.83e-07
  2.0312e+04   1.11e-07
  2.1145e+04   6.41e-08
  2.2013e+04   3.49e-08
  2.2917e+04   1.80e-08
  2.3858e+04   8.47e-09
  2.4837e+04   3.67e-09
  2.5857e+04   1.44e-09
  2.6919e+04   4.88e-10
  2.8024e+04   1.44e-10
  2.9174e+04   3.54e-11
  3.0372e+04   6.84e-12
  3.1619e+04   1.03e-12
  3.2917e+04   1.10e-13
  3.4268e+04   7.59e-15
  3.5675e+04   3.22e-16
  3.7140e+04   7.03e-18
  3.8664e+04   6.63e-20
  4.0252e+04   2.24e-22
  4.1904e+04   1.92e-25
  4.3624e+04   2.80e-29
  4.5415e+04   4.10e-34
  4.7280e+04   2.75e-40
  4.9221e+04   1.74e-47
  5.1241e+04   1.53e-47
  5.3345e+04   1.34e-47
  5.5535e+04   1.19e-47
  5.7815e+04   1.06e-47
  6.0188e+04   9.41e-48
  6.2659e+04   8.43e-48
  6.5232e+04   7.57e-48
  6.7910e+04   6.76e-48
  7.0698e+04   6.06e-48
  7.3600e+04   5.42e-48
  7.6621e+04   4.81e-48
  7.9767e+04   4.24e-48
  8.3042e+04   3.70e-48
  8.6451e+04   3.20e-48
  9.0000e+04   2.80e-48
