#  E [MeV]   Flux [# cm^{-2} s^{-1}  MeV^{-1}]
  3.0000e+04   1.67e-25
  3.1232e+04   1.59e-25
  3.2514e+04   1.52e-25
  3.3849e+04   1.45e-25
  3.5238e+04   1.38e-25
  3.6685e+04   1.31e-25
  3.8191e+04   1.25e-25
  3.9759e+04   1.19e-25
  4.1391e+04   1.13e-25
  4.3090e+04   1.08e-25
  4.4859e+04   1.03e-25
  4.6701e+04   9.77e-26
  4.8618e+04   9.29e-26
  5.0614e+04   8.84e-26
  5.2692e+04   8.41e-26
  5.4855e+04   7.99e-26
  5.7107e+04   7.60e-26
  5.9451e+04   7.22e-26
  6.1892e+04   6.87e-26
  6.4433e+04   6.52e-26
  6.7078e+04   6.20e-26
  6.9832e+04   5.89e-26
  7.2699e+04   5.59e-26
  7.5683e+04   5.31e-26
  7.8790e+04   5.04e-26
  8.2025e+04   4.78e-26
  8.5392e+04   4.54e-26
  8.8898e+04   4.30e-26
  9.2547e+04   4.08e-26
  9.6347e+04   3.87e-26
  1.0030e+05   3.67e-26
  1.0442e+05   3.48e-26
  1.0871e+05   3.30e-26
  1.1317e+05   3.12e-26
  1.1782e+05   2.96e-26
  1.2265e+05   2.80e-26
  1.2769e+05   2.65e-26
  1.3293e+05   2.51e-26
  1.3839e+05   2.38e-26
  1.4407e+05   2.25e-26
  1.4998e+05   2.13e-26
  1.5614e+05   2.01e-26
  1.6255e+05   1.90e-26
  1.6922e+05   1.80e-26
  1.7617e+05   1.70e-26
  1.8340e+05   1.61e-26
  1.9093e+05   1.52e-26
  1.9877e+05   1.43e-26
  2.0693e+05   1.35e-26
  2.1543e+05   1.27e-26
  2.2427e+05   1.20e-26
  2.3348e+05   1.13e-26
  2.4306e+05   1.07e-26
  2.5304e+05   1.01e-26
  2.6343e+05   9.46e-27
  2.7424e+05   8.91e-27
  2.8550e+05   8.38e-27
  2.9722e+05   7.88e-27
  3.0942e+05   7.40e-27
  3.2213e+05   6.95e-27
  3.3535e+05   6.53e-27
  3.4912e+05   6.12e-27
  3.6345e+05   5.74e-27
  3.7837e+05   5.38e-27
  3.9390e+05   5.04e-27
  4.1008e+05   4.72e-27
  4.2691e+05   4.42e-27
  4.4444e+05   4.13e-27
  4.6268e+05   3.87e-27
  4.8168e+05   3.61e-27
  5.0145e+05   3.37e-27
  5.2204e+05   3.15e-27
  5.4347e+05   2.94e-27
  5.6578e+05   2.74e-27
  5.8901e+05   2.55e-27
  6.1319e+05   2.38e-27
  6.3836e+05   2.21e-27
  6.6457e+05   2.06e-27
  6.9185e+05   1.91e-27
  7.2025e+05   1.78e-27
  7.4982e+05   1.65e-27
  7.8061e+05   1.53e-27
  8.1265e+05   1.42e-27
  8.4601e+05   1.32e-27
  8.8075e+05   1.23e-27
  9.1690e+05   1.14e-27
  9.5455e+05   1.05e-27
  9.9373e+05   9.75e-28
  1.0345e+06   9.02e-28
  1.0770e+06   8.35e-28
  1.1212e+06   7.72e-28
  1.1672e+06   7.14e-28
  1.2152e+06   6.60e-28
  1.2650e+06   6.10e-28
  1.3170e+06   5.63e-28
  1.3711e+06   5.20e-28
  1.4273e+06   4.81e-28
  1.4859e+06   4.44e-28
  1.5469e+06   4.10e-28
  1.6104e+06   3.79e-28
  1.6766e+06   3.50e-28
  1.7454e+06   3.24e-28
  1.8170e+06   2.99e-28
  1.8916e+06   2.76e-28
  1.9693e+06   2.54e-28
  2.0501e+06   2.35e-28
  2.1343e+06   2.16e-28
  2.2219e+06   1.99e-28
  2.3131e+06   1.84e-28
  2.4081e+06   1.69e-28
  2.5070e+06   1.55e-28
  2.6099e+06   1.42e-28
  2.7170e+06   1.31e-28
  2.8286e+06   1.20e-28
  2.9447e+06   1.10e-28
  3.0656e+06   1.00e-28
  3.1914e+06   9.17e-29
  3.3225e+06   8.37e-29
  3.4589e+06   7.62e-29
  3.6008e+06   6.94e-29
  3.7487e+06   6.31e-29
  3.9026e+06   5.72e-29
  4.0628e+06   5.18e-29
  4.2296e+06   4.68e-29
  4.4032e+06   4.23e-29
  4.5840e+06   3.81e-29
  4.7722e+06   3.42e-29
  4.9681e+06   3.07e-29
  5.1720e+06   2.74e-29
  5.3844e+06   2.45e-29
  5.6054e+06   2.18e-29
  5.8355e+06   1.93e-29
  6.0751e+06   1.71e-29
  6.3245e+06   1.51e-29
  6.5841e+06   1.33e-29
  6.8544e+06   1.16e-29
  7.1358e+06   1.02e-29
  7.4288e+06   8.82e-30
  7.7338e+06   7.62e-30
  8.0513e+06   6.59e-30
  8.3818e+06   5.65e-30
  8.7259e+06   4.82e-30
  9.0841e+06   4.10e-30
  9.4571e+06   3.45e-30
  9.8453e+06   2.89e-30
  1.0249e+07   2.41e-30
  1.0670e+07   1.99e-30
  1.1108e+07   1.63e-30
  1.1564e+07   1.33e-30
  1.2039e+07   1.06e-30
  1.2533e+07   8.49e-31
  1.3048e+07   6.70e-31
  1.3584e+07   5.18e-31
  1.4141e+07   3.99e-31
  1.4722e+07   3.02e-31
  1.5326e+07   2.22e-31
  1.5955e+07   1.63e-31
  1.6610e+07   1.16e-31
  1.7292e+07   8.02e-32
  1.8002e+07   5.46e-32
  1.8741e+07   3.57e-32
  1.9511e+07   2.24e-32
  2.0312e+07   1.37e-32
  2.1145e+07   7.86e-33
  2.2013e+07   4.28e-33
  2.2917e+07   2.20e-33
  2.3858e+07   1.04e-33
  2.4837e+07   4.50e-34
  2.5857e+07   1.76e-34
  2.6919e+07   5.98e-35
  2.8024e+07   1.77e-35
  2.9174e+07   4.34e-36
  3.0372e+07   8.38e-37
  3.1619e+07   1.26e-37
  3.2917e+07   1.34e-38
  3.4268e+07   9.30e-40
  3.5675e+07   3.95e-41
  3.7140e+07   8.62e-43
  3.8664e+07   8.13e-45
  4.0252e+07   2.75e-47
  4.1904e+07   2.36e-50
  4.3624e+07   3.43e-54
  4.5415e+07   5.03e-59
  4.7280e+07   3.37e-65
  4.9221e+07   2.13e-72
  5.1241e+07   1.88e-72
  5.3345e+07   1.65e-72
  5.5535e+07   1.46e-72
  5.7815e+07   1.30e-72
  6.0188e+07   1.15e-72
  6.2659e+07   1.03e-72
  6.5232e+07   9.28e-73
  6.7910e+07   8.29e-73
  7.0698e+07   7.43e-73
  7.3600e+07   6.64e-73
  7.6621e+07   5.90e-73
  7.9767e+07   5.19e-73
  8.3042e+07   4.53e-73
  8.6451e+07   3.92e-73
  9.0000e+07   3.43e-73
