#  E [MeV]   Flux [# cm^{-2} s^{-1}  MeV^{-1}]
  3.0000e+04   1.68e-25
  3.0872e+04   1.63e-25
  3.1770e+04   1.58e-25
  3.2694e+04   1.53e-25
  3.3644e+04   1.48e-25
  3.4623e+04   1.43e-25
  3.5629e+04   1.38e-25
  3.6665e+04   1.34e-25
  3.7731e+04   1.29e-25
  3.8829e+04   1.25e-25
  3.9958e+04   1.21e-25
  4.1119e+04   1.17e-25
  4.2315e+04   1.14e-25
  4.3545e+04   1.10e-25
  4.4812e+04   1.07e-25
  4.6115e+04   1.03e-25
  4.7456e+04   1.00e-25
  4.8835e+04   9.69e-26
  5.0255e+04   9.38e-26
  5.1717e+04   9.09e-26
  5.3220e+04   8.81e-26
  5.4768e+04   8.53e-26
  5.6360e+04   8.27e-26
  5.7999e+04   8.02e-26
  5.9686e+04   7.77e-26
  6.1421e+04   7.54e-26
  6.3207e+04   7.31e-26
  6.5045e+04   7.09e-26
  6.6936e+04   6.88e-26
  6.8882e+04   6.68e-26
  7.0885e+04   6.48e-26
  7.2947e+04   6.29e-26
  7.5068e+04   6.11e-26
  7.7250e+04   5.93e-26
  7.9496e+04   5.76e-26
  8.1808e+04   5.60e-26
  8.4187e+04   5.44e-26
  8.6635e+04   5.29e-26
  8.9154e+04   5.14e-26
  9.1746e+04   5.00e-26
  9.4414e+04   4.86e-26
  9.7159e+04   4.73e-26
  9.9984e+04   4.61e-26
  1.0289e+05   4.48e-26
  1.0588e+05   4.36e-26
  1.0896e+05   4.25e-26
  1.1213e+05   4.14e-26
  1.1539e+05   4.03e-26
  1.1875e+05   3.93e-26
  1.2220e+05   3.83e-26
  1.2575e+05   3.73e-26
  1.2941e+05   3.64e-26
  1.3317e+05   3.55e-26
  1.3704e+05   3.46e-26
  1.4103e+05   3.38e-26
  1.4513e+05   3.30e-26
  1.4935e+05   3.21e-26
  1.5369e+05   3.14e-26
  1.5816e+05   3.06e-26
  1.6276e+05   2.99e-26
  1.6749e+05   2.92e-26
  1.7236e+05   2.85e-26
  1.7737e+05   2.78e-26
  1.8253e+05   2.72e-26
  1.8784e+05   2.65e-26
  1.9330e+05   2.59e-26
  1.9892e+05   2.53e-26
  2.0470e+05   2.47e-26
  2.1066e+05   2.41e-26
  2.1678e+05   2.35e-26
  2.2309e+05   2.30e-26
  2.2957e+05   2.25e-26
  2.3625e+05   2.19e-26
  2.4312e+05   2.14e-26
  2.5019e+05   2.09e-26
  2.5746e+05   2.04e-26
  2.6495e+05   1.99e-26
  2.7265e+05   1.94e-26
  2.8058e+05   1.89e-26
  2.8874e+05   1.84e-26
  2.9713e+05   1.80e-26
  3.0577e+05   1.75e-26
  3.1466e+05   1.71e-26
  3.2381e+05   1.66e-26
  3.3323e+05   1.62e-26
  3.4292e+05   1.58e-26
  3.5289e+05   1.53e-26
  3.6315e+05   1.49e-26
  3.7371e+05   1.45e-26
  3.8457e+05   1.41e-26
  3.9576e+05   1.37e-26
  4.0726e+05   1.33e-26
  4.1911e+05   1.30e-26
  4.3129e+05   1.26e-26
  4.4383e+05   1.22e-26
  4.5674e+05   1.18e-26
  4.7002e+05   1.15e-26
  4.8368e+05   1.11e-26
  4.9775e+05   1.08e-26
  5.1222e+05   1.04e-26
  5.2712e+05   1.01e-26
  5.4244e+05   9.77e-27
  5.5821e+05   9.44e-27
  5.7445e+05   9.13e-27
  5.9115e+05   8.82e-27
  6.0834e+05   8.52e-27
  6.2603e+05   8.23e-27
  6.4423e+05   7.94e-27
  6.6296e+05   7.67e-27
  6.8224e+05   7.39e-27
  7.0208e+05   7.13e-27
  7.2249e+05   6.87e-27
  7.4350e+05   6.62e-27
  7.6512e+05   6.38e-27
  7.8736e+05   6.14e-27
  8.1026e+05   5.91e-27
  8.3382e+05   5.69e-27
  8.5806e+05   5.48e-27
  8.8301e+05   5.27e-27
  9.0869e+05   5.06e-27
  9.3511e+05   4.87e-27
  9.6230e+05   4.68e-27
  9.9028e+05   4.49e-27
  1.0191e+06   4.31e-27
  1.0487e+06   4.14e-27
  1.0792e+06   3.98e-27
  1.1106e+06   3.82e-27
  1.1429e+06   3.66e-27
  1.1761e+06   3.52e-27
  1.2103e+06   3.37e-27
  1.2455e+06   3.23e-27
  1.2817e+06   3.10e-27
  1.3190e+06   2.97e-27
  1.3573e+06   2.85e-27
  1.3968e+06   2.72e-27
  1.4374e+06   2.61e-27
  1.4792e+06   2.50e-27
  1.5222e+06   2.39e-27
  1.5665e+06   2.28e-27
  1.6120e+06   2.18e-27
  1.6589e+06   2.09e-27
  1.7071e+06   1.99e-27
  1.7568e+06   1.90e-27
  1.8079e+06   1.81e-27
  1.8604e+06   1.72e-27
  1.9145e+06   1.64e-27
  1.9702e+06   1.56e-27
  2.0275e+06   1.48e-27
  2.0864e+06   1.41e-27
  2.1471e+06   1.34e-27
  2.2095e+06   1.27e-27
  2.2738e+06   1.20e-27
  2.3399e+06   1.13e-27
  2.4079e+06   1.07e-27
  2.4779e+06   1.01e-27
  2.5500e+06   9.54e-28
  2.6241e+06   8.99e-28
  2.7004e+06   8.46e-28
  2.7790e+06   7.95e-28
  2.8598e+06   7.45e-28
  2.9429e+06   6.99e-28
  3.0285e+06   6.54e-28
  3.1165e+06   6.10e-28
  3.2072e+06   5.69e-28
  3.3004e+06   5.29e-28
  3.3964e+06   4.91e-28
  3.4951e+06   4.55e-28
  3.5968e+06   4.20e-28
  3.7013e+06   3.87e-28
  3.8090e+06   3.55e-28
  3.9197e+06   3.26e-28
  4.0337e+06   2.98e-28
  4.1510e+06   2.72e-28
  4.2717e+06   2.47e-28
  4.3959e+06   2.24e-28
  4.5237e+06   2.03e-28
  4.6552e+06   1.82e-28
  4.7906e+06   1.64e-28
  4.9299e+06   1.47e-28
  5.0732e+06   1.32e-28
  5.2208e+06   1.17e-28
  5.3726e+06   1.04e-28
  5.5288e+06   9.18e-29
  5.6895e+06   8.07e-29
  5.8550e+06   7.05e-29
  6.0252e+06   6.13e-29
  6.2004e+06   5.36e-29
  6.3807e+06   4.65e-29
  6.5662e+06   4.00e-29
  6.7572e+06   3.42e-29
  6.9536e+06   2.97e-29
  7.1558e+06   2.55e-29
  7.3639e+06   2.17e-29
  7.5780e+06   1.84e-29
  7.7984e+06   1.59e-29
  8.0251e+06   1.37e-29
  8.2585e+06   1.16e-29
  8.4986e+06   9.92e-30
  8.7457e+06   8.78e-30
  9.0000e+06   7.73e-30
