#  E [GeV]   # per interaction  [GeV^{-1}]
  3.0000e+01   5.99e-01
  3.1051e+01   5.77e-01
  3.2139e+01   5.57e-01
  3.3266e+01   5.37e-01
  3.4432e+01   5.18e-01
  3.5638e+01   5.00e-01
  3.6887e+01   4.82e-01
  3.8180e+01   4.64e-01
  3.9518e+01   4.48e-01
  4.0903e+01   4.32e-01
  4.2336e+01   4.16e-01
  4.3820e+01   4.01e-01
  4.5355e+01   3.86e-01
  4.6945e+01   3.72e-01
  4.8590e+01   3.58e-01
  5.0293e+01   3.45e-01
  5.2055e+01   3.32e-01
  5.3879e+01   3.20e-01
  5.5767e+01   3.08e-01
  5.7722e+01   2.96e-01
  5.9745e+01   2.85e-01
  6.1838e+01   2.74e-01
  6.4005e+01   2.64e-01
  6.6248e+01   2.53e-01
  6.8570e+01   2.44e-01
  7.0973e+01   2.34e-01
  7.3460e+01   2.25e-01
  7.6034e+01   2.16e-01
  7.8699e+01   2.08e-01
  8.1457e+01   1.99e-01
  8.4311e+01   1.91e-01
  8.7266e+01   1.84e-01
  9.0324e+01   1.76e-01
  9.3490e+01   1.69e-01
  9.6766e+01   1.62e-01
  1.0016e+02   1.55e-01
  1.0367e+02   1.49e-01
  1.0730e+02   1.43e-01
  1.1106e+02   1.37e-01
  1.1495e+02   1.31e-01
  1.1898e+02   1.25e-01
  1.2315e+02   1.20e-01
  1.2747e+02   1.15e-01
  1.3193e+02   1.10e-01
  1.3656e+02   1.05e-01
  1.4134e+02   1.00e-01
  1.4629e+02   9.55e-02
  1.5142e+02   9.12e-02
  1.5673e+02   8.70e-02
  1.6222e+02   8.30e-02
  1.6790e+02   7.91e-02
  1.7379e+02   7.54e-02
  1.7988e+02   7.18e-02
  1.8618e+02   6.83e-02
  1.9271e+02   6.50e-02
  1.9946e+02   6.18e-02
  2.0645e+02   5.87e-02
  2.1369e+02   5.58e-02
  2.2117e+02   5.30e-02
  2.2892e+02   5.02e-02
  2.3695e+02   4.76e-02
  2.4525e+02   4.52e-02
  2.5385e+02   4.28e-02
  2.6274e+02   4.05e-02
  2.7195e+02   3.83e-02
  2.8148e+02   3.62e-02
  2.9134e+02   3.42e-02
  3.0155e+02   3.23e-02
  3.1212e+02   3.05e-02
  3.2306e+02   2.87e-02
  3.3438e+02   2.71e-02
  3.4610e+02   2.55e-02
  3.5823e+02   2.40e-02
  3.7078e+02   2.25e-02
  3.8377e+02   2.12e-02
  3.9722e+02   1.99e-02
  4.1114e+02   1.87e-02
  4.2555e+02   1.75e-02
  4.4046e+02   1.64e-02
  4.5590e+02   1.54e-02
  4.7188e+02   1.44e-02
  4.8841e+02   1.34e-02
  5.0553e+02   1.26e-02
  5.2324e+02   1.17e-02
  5.4158e+02   1.10e-02
  5.6056e+02   1.02e-02
  5.8020e+02   9.53e-03
  6.0054e+02   8.88e-03
  6.2158e+02   8.27e-03
  6.4337e+02   7.70e-03
  6.6591e+02   7.16e-03
  6.8925e+02   6.65e-03
  7.1340e+02   6.17e-03
  7.3840e+02   5.73e-03
  7.6428e+02   5.31e-03
  7.9106e+02   4.92e-03
  8.1878e+02   4.56e-03
  8.4748e+02   4.22e-03
  8.7718e+02   3.90e-03
  9.0792e+02   3.61e-03
  9.3973e+02   3.34e-03
  9.7267e+02   3.08e-03
  1.0068e+03   2.84e-03
  1.0420e+03   2.63e-03
  1.0785e+03   2.42e-03
  1.1163e+03   2.23e-03
  1.1555e+03   2.06e-03
  1.1960e+03   1.89e-03
  1.2379e+03   1.74e-03
  1.2813e+03   1.60e-03
  1.3262e+03   1.47e-03
  1.3726e+03   1.35e-03
  1.4207e+03   1.24e-03
  1.4705e+03   1.14e-03
  1.5220e+03   1.05e-03
  1.5754e+03   9.60e-04
  1.6306e+03   8.80e-04
  1.6877e+03   8.05e-04
  1.7469e+03   7.36e-04
  1.8081e+03   6.74e-04
  1.8715e+03   6.16e-04
  1.9370e+03   5.61e-04
  2.0049e+03   5.13e-04
  2.0752e+03   4.68e-04
  2.1479e+03   4.26e-04
  2.2232e+03   3.88e-04
  2.3011e+03   3.53e-04
  2.3817e+03   3.21e-04
  2.4652e+03   2.91e-04
  2.5516e+03   2.65e-04
  2.6410e+03   2.40e-04
  2.7336e+03   2.17e-04
  2.8294e+03   1.96e-04
  2.9285e+03   1.78e-04
  3.0311e+03   1.60e-04
  3.1374e+03   1.44e-04
  3.2473e+03   1.30e-04
  3.3611e+03   1.17e-04
  3.4789e+03   1.05e-04
  3.6008e+03   9.43e-05
  3.7270e+03   8.45e-05
  3.8576e+03   7.53e-05
  3.9928e+03   6.76e-05
  4.1327e+03   6.04e-05
  4.2775e+03   5.37e-05
  4.4274e+03   4.78e-05
  4.5826e+03   4.26e-05
  4.7432e+03   3.78e-05
  4.9094e+03   3.34e-05
  5.0815e+03   2.97e-05
  5.2595e+03   2.62e-05
  5.4438e+03   2.30e-05
  5.6346e+03   2.03e-05
  5.8321e+03   1.79e-05
  6.0365e+03   1.56e-05
  6.2480e+03   1.37e-05
  6.4670e+03   1.20e-05
  6.6936e+03   1.04e-05
  6.9282e+03   9.03e-06
  7.1709e+03   7.88e-06
  7.4222e+03   6.82e-06
  7.6823e+03   5.84e-06
  7.9516e+03   5.06e-06
  8.2302e+03   4.36e-06
  8.5186e+03   3.71e-06
  8.8172e+03   3.17e-06
  9.1262e+03   2.71e-06
  9.4460e+03   2.29e-06
  9.7770e+03   1.93e-06
  1.0120e+04   1.64e-06
  1.0474e+04   1.37e-06
  1.0841e+04   1.14e-06
  1.1221e+04   9.52e-07
  1.1614e+04   7.91e-07
  1.2022e+04   6.47e-07
  1.2443e+04   5.29e-07
  1.2879e+04   4.32e-07
  1.3330e+04   3.46e-07
  1.3797e+04   2.75e-07
  1.4281e+04   2.20e-07
  1.4781e+04   1.74e-07
  1.5299e+04   1.34e-07
  1.5835e+04   1.04e-07
  1.6390e+04   8.02e-08
  1.6965e+04   6.02e-08
  1.7559e+04   4.50e-08
  1.8175e+04   3.35e-08
  1.8812e+04   2.43e-08
  1.9471e+04   1.72e-08
  2.0153e+04   1.22e-08
  2.0859e+04   8.36e-09
  2.1590e+04   5.52e-09
  2.2347e+04   3.58e-09
  2.3130e+04   2.23e-09
  2.3941e+04   1.32e-09
  2.4780e+04   7.41e-10
  2.5648e+04   3.93e-10
  2.6547e+04   1.92e-10
  2.7477e+04   8.59e-11
  2.8440e+04   3.47e-11
