#  E [GeV]   # per interaction  [GeV^{-1}]
  3.0000e+01   2.78e-02
  3.1141e+01   2.67e-02
  3.2326e+01   2.57e-02
  3.3556e+01   2.47e-02
  3.4832e+01   2.38e-02
  3.6157e+01   2.28e-02
  3.7533e+01   2.20e-02
  3.8961e+01   2.11e-02
  4.0443e+01   2.03e-02
  4.1982e+01   1.95e-02
  4.3579e+01   1.87e-02
  4.5237e+01   1.80e-02
  4.6958e+01   1.72e-02
  4.8744e+01   1.65e-02
  5.0598e+01   1.59e-02
  5.2523e+01   1.52e-02
  5.4521e+01   1.46e-02
  5.6596e+01   1.40e-02
  5.8749e+01   1.34e-02
  6.0984e+01   1.29e-02
  6.3304e+01   1.23e-02
  6.5712e+01   1.18e-02
  6.8212e+01   1.13e-02
  7.0807e+01   1.08e-02
  7.3500e+01   1.04e-02
  7.6297e+01   9.91e-03
  7.9199e+01   9.48e-03
  8.2212e+01   9.07e-03
  8.5340e+01   8.67e-03
  8.8586e+01   8.29e-03
  9.1956e+01   7.92e-03
  9.5455e+01   7.57e-03
  9.9086e+01   7.23e-03
  1.0286e+02   6.90e-03
  1.0677e+02   6.59e-03
  1.1083e+02   6.29e-03
  1.1505e+02   6.00e-03
  1.1942e+02   5.73e-03
  1.2397e+02   5.46e-03
  1.2868e+02   5.21e-03
  1.3358e+02   4.96e-03
  1.3866e+02   4.73e-03
  1.4394e+02   4.51e-03
  1.4941e+02   4.29e-03
  1.5509e+02   4.09e-03
  1.6100e+02   3.89e-03
  1.6712e+02   3.70e-03
  1.7348e+02   3.52e-03
  1.8008e+02   3.35e-03
  1.8693e+02   3.18e-03
  1.9404e+02   3.03e-03
  2.0142e+02   2.88e-03
  2.0908e+02   2.73e-03
  2.1704e+02   2.59e-03
  2.2529e+02   2.46e-03
  2.3387e+02   2.34e-03
  2.4276e+02   2.22e-03
  2.5200e+02   2.10e-03
  2.6158e+02   2.00e-03
  2.7154e+02   1.89e-03
  2.8187e+02   1.79e-03
  2.9259e+02   1.70e-03
  3.0372e+02   1.61e-03
  3.1527e+02   1.52e-03
  3.2727e+02   1.44e-03
  3.3972e+02   1.37e-03
  3.5264e+02   1.29e-03
  3.6606e+02   1.22e-03
  3.7998e+02   1.16e-03
  3.9444e+02   1.09e-03
  4.0945e+02   1.03e-03
  4.2502e+02   9.76e-04
  4.4119e+02   9.22e-04
  4.5798e+02   8.70e-04
  4.7540e+02   8.22e-04
  4.9348e+02   7.76e-04
  5.1226e+02   7.32e-04
  5.3175e+02   6.91e-04
  5.5198e+02   6.51e-04
  5.7297e+02   6.14e-04
  5.9477e+02   5.79e-04
  6.1740e+02   5.46e-04
  6.4089e+02   5.15e-04
  6.6527e+02   4.85e-04
  6.9058e+02   4.57e-04
  7.1685e+02   4.31e-04
  7.4412e+02   4.06e-04
  7.7243e+02   3.82e-04
  8.0181e+02   3.60e-04
  8.3232e+02   3.39e-04
  8.6398e+02   3.19e-04
  8.9685e+02   3.00e-04
  9.3097e+02   2.83e-04
  9.6638e+02   2.66e-04
  1.0031e+03   2.51e-04
  1.0413e+03   2.36e-04
  1.0809e+03   2.22e-04
  1.1220e+03   2.09e-04
  1.1647e+03   1.97e-04
  1.2090e+03   1.85e-04
  1.2550e+03   1.74e-04
  1.3028e+03   1.64e-04
  1.3523e+03   1.55e-04
  1.4038e+03   1.46e-04
  1.4572e+03   1.37e-04
  1.5126e+03   1.29e-04
  1.5702e+03   1.22e-04
  1.6299e+03   1.15e-04
  1.6919e+03   1.08e-04
  1.7563e+03   1.02e-04
  1.8231e+03   9.61e-05
  1.8925e+03   9.06e-05
  1.9645e+03   8.54e-05
  2.0392e+03   8.06e-05
  2.1168e+03   7.60e-05
  2.1973e+03   7.17e-05
  2.2809e+03   6.77e-05
  2.3677e+03   6.39e-05
  2.4577e+03   6.03e-05
  2.5512e+03   5.69e-05
  2.6483e+03   5.38e-05
  2.7490e+03   5.08e-05
  2.8536e+03   4.80e-05
  2.9622e+03   4.54e-05
  3.0749e+03   4.29e-05
  3.1918e+03   4.06e-05
  3.3133e+03   3.84e-05
  3.4393e+03   3.64e-05
  3.5702e+03   3.44e-05
  3.7060e+03   3.26e-05
  3.8470e+03   3.09e-05
  3.9933e+03   2.92e-05
  4.1452e+03   2.77e-05
  4.3029e+03   2.63e-05
  4.4666e+03   2.49e-05
  4.6366e+03   2.36e-05
  4.8129e+03   2.24e-05
  4.9960e+03   2.12e-05
  5.1861e+03   2.01e-05
  5.3834e+03   1.91e-05
  5.5882e+03   1.81e-05
  5.8008e+03   1.72e-05
  6.0215e+03   1.63e-05
  6.2506e+03   1.55e-05
  6.4883e+03   1.47e-05
  6.7352e+03   1.40e-05
  6.9914e+03   1.33e-05
  7.2574e+03   1.26e-05
  7.5335e+03   1.20e-05
  7.8201e+03   1.13e-05
  8.1176e+03   1.08e-05
  8.4264e+03   1.02e-05
  8.7470e+03   9.68e-06
  9.0797e+03   9.18e-06
  9.4251e+03   8.69e-06
  9.7837e+03   8.23e-06
  1.0156e+04   7.79e-06
  1.0542e+04   7.36e-06
  1.0943e+04   6.96e-06
  1.1360e+04   6.57e-06
  1.1792e+04   6.20e-06
  1.2240e+04   5.84e-06
  1.2706e+04   5.50e-06
  1.3189e+04   5.17e-06
  1.3691e+04   4.85e-06
  1.4212e+04   4.54e-06
  1.4753e+04   4.24e-06
  1.5314e+04   3.96e-06
  1.5897e+04   3.69e-06
  1.6501e+04   3.42e-06
  1.7129e+04   3.17e-06
  1.7781e+04   2.92e-06
  1.8457e+04   2.69e-06
  1.9159e+04   2.46e-06
  1.9888e+04   2.24e-06
  2.0645e+04   2.02e-06
  2.1430e+04   1.82e-06
  2.2245e+04   1.63e-06
  2.3092e+04   1.44e-06
  2.3970e+04   1.26e-06
  2.4882e+04   1.09e-06
  2.5829e+04   9.36e-07
  2.6811e+04   7.88e-07
  2.7831e+04   6.52e-07
  2.8890e+04   5.27e-07
  2.9989e+04   4.16e-07
  3.1130e+04   3.17e-07
  3.2314e+04   2.33e-07
  3.3544e+04   1.64e-07
  3.4820e+04   1.09e-07
  3.6144e+04   6.76e-08
  3.7519e+04   3.86e-08
  3.8947e+04   1.98e-08
  4.0428e+04   8.95e-09
  4.1966e+04   3.43e-09
  4.3563e+04   1.06e-09
  4.5220e+04   2.54e-10
  4.6941e+04   4.29e-11
  4.8726e+04   4.64e-12
  5.0580e+04   2.82e-13
