#  E [MeV]   Flux [# cm^{-2} s^{-1}  MeV^{-1}]
  3.0000e+04   8.77e-26
  3.1051e+04   8.44e-26
  3.2139e+04   8.12e-26
  3.3266e+04   7.82e-26
  3.4432e+04   7.52e-26
  3.5638e+04   7.23e-26
  3.6887e+04   6.95e-26
  3.8180e+04   6.69e-26
  3.9518e+04   6.43e-26
  4.0903e+04   6.18e-26
  4.2336e+04   5.93e-26
  4.3820e+04   5.70e-26
  4.5355e+04   5.47e-26
  4.6945e+04   5.25e-26
  4.8590e+04   5.04e-26
  5.0293e+04   4.84e-26
  5.2055e+04   4.64e-26
  5.3879e+04   4.45e-26
  5.5767e+04   4.27e-26
  5.7722e+04   4.09e-26
  5.9745e+04   3.92e-26
  6.1838e+04   3.76e-26
  6.4005e+04   3.60e-26
  6.6248e+04   3.45e-26
  6.8570e+04   3.31e-26
  7.0973e+04   3.16e-26
  7.3460e+04   3.03e-26
  7.6034e+04   2.90e-26
  7.8699e+04   2.77e-26
  8.1457e+04   2.65e-26
  8.4311e+04   2.54e-26
  8.7266e+04   2.43e-26
  9.0324e+04   2.32e-26
  9.3490e+04   2.22e-26
  9.6766e+04   2.12e-26
  1.0016e+05   2.02e-26
  1.0367e+05   1.93e-26
  1.0730e+05   1.84e-26
  1.1106e+05   1.76e-26
  1.1495e+05   1.68e-26
  1.1898e+05   1.60e-26
  1.2315e+05   1.53e-26
  1.2747e+05   1.46e-26
  1.3193e+05   1.39e-26
  1.3656e+05   1.32e-26
  1.4134e+05   1.26e-26
  1.4629e+05   1.20e-26
  1.5142e+05   1.14e-26
  1.5673e+05   1.09e-26
  1.6222e+05   1.04e-26
  1.6790e+05   9.88e-27
  1.7379e+05   9.40e-27
  1.7988e+05   8.94e-27
  1.8618e+05   8.50e-27
  1.9271e+05   8.08e-27
  1.9946e+05   7.68e-27
  2.0645e+05   7.30e-27
  2.1369e+05   6.93e-27
  2.2117e+05   6.58e-27
  2.2892e+05   6.25e-27
  2.3695e+05   5.93e-27
  2.4525e+05   5.63e-27
  2.5385e+05   5.34e-27
  2.6274e+05   5.06e-27
  2.7195e+05   4.80e-27
  2.8148e+05   4.55e-27
  2.9134e+05   4.31e-27
  3.0155e+05   4.08e-27
  3.1212e+05   3.87e-27
  3.2306e+05   3.66e-27
  3.3438e+05   3.47e-27
  3.4610e+05   3.28e-27
  3.5823e+05   3.11e-27
  3.7078e+05   2.94e-27
  3.8377e+05   2.78e-27
  3.9722e+05   2.63e-27
  4.1114e+05   2.48e-27
  4.2555e+05   2.35e-27
  4.4046e+05   2.22e-27
  4.5590e+05   2.10e-27
  4.7188e+05   1.98e-27
  4.8841e+05   1.87e-27
  5.0553e+05   1.76e-27
  5.2324e+05   1.67e-27
  5.4158e+05   1.57e-27
  5.6056e+05   1.48e-27
  5.8020e+05   1.40e-27
  6.0054e+05   1.32e-27
  6.2158e+05   1.24e-27
  6.4337e+05   1.17e-27
  6.6591e+05   1.11e-27
  6.8925e+05   1.04e-27
  7.1340e+05   9.85e-28
  7.3840e+05   9.30e-28
  7.6428e+05   8.77e-28
  7.9106e+05   8.27e-28
  8.1878e+05   7.80e-28
  8.4748e+05   7.36e-28
  8.7718e+05   6.94e-28
  9.0792e+05   6.55e-28
  9.3973e+05   6.18e-28
  9.7267e+05   5.83e-28
  1.0068e+06   5.51e-28
  1.0420e+06   5.20e-28
  1.0785e+06   4.91e-28
  1.1163e+06   4.64e-28
  1.1555e+06   4.39e-28
  1.1960e+06   4.15e-28
  1.2379e+06   3.92e-28
  1.2813e+06   3.71e-28
  1.3262e+06   3.51e-28
  1.3726e+06   3.32e-28
  1.4207e+06   3.14e-28
  1.4705e+06   2.98e-28
  1.5220e+06   2.82e-28
  1.5754e+06   2.67e-28
  1.6306e+06   2.53e-28
  1.6877e+06   2.40e-28
  1.7469e+06   2.28e-28
  1.8081e+06   2.16e-28
  1.8715e+06   2.05e-28
  1.9370e+06   1.95e-28
  2.0049e+06   1.85e-28
  2.0752e+06   1.76e-28
  2.1479e+06   1.67e-28
  2.2232e+06   1.59e-28
  2.3011e+06   1.51e-28
  2.3817e+06   1.44e-28
  2.4652e+06   1.37e-28
  2.5516e+06   1.30e-28
  2.6410e+06   1.24e-28
  2.7336e+06   1.18e-28
  2.8294e+06   1.12e-28
  2.9285e+06   1.07e-28
  3.0311e+06   1.02e-28
  3.1374e+06   9.67e-29
  3.2473e+06   9.21e-29
  3.3611e+06   8.77e-29
  3.4789e+06   8.35e-29
  3.6008e+06   7.96e-29
  3.7270e+06   7.58e-29
  3.8576e+06   7.22e-29
  3.9928e+06   6.88e-29
  4.1327e+06   6.55e-29
  4.2775e+06   6.24e-29
  4.4274e+06   5.94e-29
  4.5826e+06   5.66e-29
  4.7432e+06   5.39e-29
  4.9094e+06   5.13e-29
  5.0815e+06   4.88e-29
  5.2595e+06   4.64e-29
  5.4438e+06   4.41e-29
  5.6346e+06   4.18e-29
  5.8321e+06   3.97e-29
  6.0365e+06   3.76e-29
  6.2480e+06   3.56e-29
  6.4670e+06   3.38e-29
  6.6936e+06   3.19e-29
  6.9282e+06   3.02e-29
  7.1709e+06   2.85e-29
  7.4222e+06   2.69e-29
  7.6823e+06   2.54e-29
  7.9516e+06   2.39e-29
  8.2302e+06   2.25e-29
  8.5186e+06   2.11e-29
  8.8172e+06   1.98e-29
  9.1262e+06   1.85e-29
  9.4460e+06   1.73e-29
  9.7770e+06   1.61e-29
  1.0120e+07   1.50e-29
  1.0474e+07   1.40e-29
  1.0841e+07   1.29e-29
  1.1221e+07   1.20e-29
  1.1614e+07   1.10e-29
  1.2022e+07   1.01e-29
  1.2443e+07   9.25e-30
  1.2879e+07   8.43e-30
  1.3330e+07   7.65e-30
  1.3797e+07   6.91e-30
  1.4281e+07   6.22e-30
  1.4781e+07   5.56e-30
  1.5299e+07   4.94e-30
  1.5835e+07   4.36e-30
  1.6390e+07   3.82e-30
  1.6965e+07   3.32e-30
  1.7559e+07   2.86e-30
  1.8175e+07   2.43e-30
  1.8812e+07   2.05e-30
  1.9471e+07   1.70e-30
  2.0153e+07   1.39e-30
  2.0859e+07   1.12e-30
  2.1590e+07   8.83e-31
  2.2347e+07   6.81e-31
  2.3130e+07   5.12e-31
  2.3941e+07   3.74e-31
  2.4780e+07   2.64e-31
  2.5648e+07   1.79e-31
  2.6547e+07   1.16e-31
  2.7477e+07   7.08e-32
  2.8440e+07   4.10e-32
