#  E [MeV]   Flux [# cm^{-2} s^{-1}  MeV^{-1}]
  3.0000e+04   1.76e-19
  3.0411e+04   1.71e-19
  3.0828e+04   1.65e-19
  3.1250e+04   1.60e-19
  3.1678e+04   1.55e-19
  3.2112e+04   1.50e-19
  3.2552e+04   1.45e-19
  3.2998e+04   1.40e-19
  3.3450e+04   1.35e-19
  3.3909e+04   1.31e-19
  3.4373e+04   1.27e-19
  3.4844e+04   1.22e-19
  3.5322e+04   1.18e-19
  3.5806e+04   1.14e-19
  3.6296e+04   1.10e-19
  3.6794e+04   1.07e-19
  3.7298e+04   1.03e-19
  3.7809e+04   9.91e-20
  3.8327e+04   9.57e-20
  3.8852e+04   9.24e-20
  3.9384e+04   8.92e-20
  3.9924e+04   8.60e-20
  4.0471e+04   8.29e-20
  4.1025e+04   7.99e-20
  4.1587e+04   7.70e-20
  4.2157e+04   7.41e-20
  4.2735e+04   7.13e-20
  4.3320e+04   6.88e-20
  4.3914e+04   6.63e-20
  4.4516e+04   6.38e-20
  4.5125e+04   6.14e-20
  4.5744e+04   5.90e-20
  4.6370e+04   5.67e-20
  4.7006e+04   5.45e-20
  4.7650e+04   5.23e-20
  4.8303e+04   5.03e-20
  4.8965e+04   4.84e-20
  4.9635e+04   4.66e-20
  5.0315e+04   4.47e-20
  5.1005e+04   4.30e-20
  5.1704e+04   4.12e-20
  5.2412e+04   3.95e-20
  5.3130e+04   3.78e-20
  5.3858e+04   3.63e-20
  5.4596e+04   3.49e-20
  5.5344e+04   3.35e-20
  5.6102e+04   3.21e-20
  5.6871e+04   3.08e-20
  5.7650e+04   2.95e-20
  5.8440e+04   2.82e-20
  5.9241e+04   2.70e-20
  6.0053e+04   2.58e-20
  6.0875e+04   2.47e-20
  6.1709e+04   2.37e-20
  6.2555e+04   2.27e-20
  6.3412e+04   2.17e-20
  6.4281e+04   2.08e-20
  6.5162e+04   1.98e-20
  6.6054e+04   1.89e-20
  6.6959e+04   1.80e-20
  6.7877e+04   1.72e-20
  6.8807e+04   1.65e-20
  6.9750e+04   1.58e-20
  7.0705e+04   1.51e-20
  7.1674e+04   1.44e-20
  7.2656e+04   1.37e-20
  7.3652e+04   1.30e-20
  7.4661e+04   1.24e-20
  7.5684e+04   1.18e-20
  7.6721e+04   1.13e-20
  7.7772e+04   1.08e-20
  7.8837e+04   1.03e-20
  7.9917e+04   9.78e-21
  8.1012e+04   9.31e-21
  8.2122e+04   8.85e-21
  8.3248e+04   8.40e-21
  8.4388e+04   7.95e-21
  8.5544e+04   7.57e-21
  8.6717e+04   7.22e-21
  8.7905e+04   6.87e-21
  8.9109e+04   6.53e-21
  9.0330e+04   6.20e-21
  9.1568e+04   5.88e-21
  9.2822e+04   5.57e-21
  9.4094e+04   5.26e-21
  9.5383e+04   4.98e-21
  9.6690e+04   4.74e-21
  9.8015e+04   4.51e-21
  9.9358e+04   4.28e-21
  1.0072e+05   4.06e-21
  1.0210e+05   3.84e-21
  1.0350e+05   3.63e-21
  1.0492e+05   3.42e-21
  1.0635e+05   3.22e-21
  1.0781e+05   3.05e-21
  1.0929e+05   2.90e-21
  1.1079e+05   2.75e-21
  1.1230e+05   2.60e-21
  1.1384e+05   2.46e-21
  1.1540e+05   2.32e-21
  1.1698e+05   2.18e-21
  1.1859e+05   2.05e-21
  1.2021e+05   1.93e-21
  1.2186e+05   1.83e-21
  1.2353e+05   1.73e-21
  1.2522e+05   1.64e-21
  1.2694e+05   1.55e-21
  1.2867e+05   1.46e-21
  1.3044e+05   1.37e-21
  1.3222e+05   1.28e-21
  1.3404e+05   1.20e-21
  1.3587e+05   1.13e-21
  1.3773e+05   1.07e-21
  1.3962e+05   1.01e-21
  1.4153e+05   9.52e-22
  1.4347e+05   8.95e-22
  1.4544e+05   8.39e-22
  1.4743e+05   7.85e-22
  1.4945e+05   7.32e-22
  1.5150e+05   6.85e-22
  1.5358e+05   6.47e-22
  1.5568e+05   6.10e-22
  1.5781e+05   5.74e-22
  1.5997e+05   5.39e-22
  1.6217e+05   5.04e-22
  1.6439e+05   4.71e-22
  1.6664e+05   4.38e-22
  1.6892e+05   4.06e-22
  1.7124e+05   3.83e-22
  1.7358e+05   3.60e-22
  1.7596e+05   3.38e-22
  1.7837e+05   3.17e-22
  1.8082e+05   2.96e-22
  1.8330e+05   2.76e-22
  1.8581e+05   2.56e-22
  1.8835e+05   2.37e-22
  1.9093e+05   2.20e-22
  1.9355e+05   2.07e-22
  1.9620e+05   1.95e-22
  1.9889e+05   1.82e-22
  2.0161e+05   1.70e-22
  2.0438e+05   1.58e-22
  2.0718e+05   1.47e-22
  2.1002e+05   1.36e-22
  2.1289e+05   1.25e-22
  2.1581e+05   1.17e-22
  2.1877e+05   1.10e-22
  2.2176e+05   1.03e-22
  2.2480e+05   9.65e-23
  2.2788e+05   8.99e-23
  2.3101e+05   8.35e-23
  2.3417e+05   7.72e-23
  2.3738e+05   7.11e-23
  2.4063e+05   6.62e-23
  2.4393e+05   6.22e-23
  2.4727e+05   5.84e-23
  2.5066e+05   5.46e-23
  2.5409e+05   5.10e-23
  2.5757e+05   4.74e-23
  2.6110e+05   4.40e-23
  2.6468e+05   4.06e-23
  2.6831e+05   3.74e-23
  2.7198e+05   3.53e-23
  2.7571e+05   3.33e-23
  2.7949e+05   3.13e-23
  2.8332e+05   2.93e-23
  2.8720e+05   2.75e-23
  2.9113e+05   2.56e-23
  2.9512e+05   2.38e-23
  2.9917e+05   2.21e-23
  3.0327e+05   2.07e-23
  3.0742e+05   1.97e-23
  3.1163e+05   1.86e-23
  3.1590e+05   1.76e-23
  3.2023e+05   1.66e-23
  3.2462e+05   1.56e-23
  3.2907e+05   1.46e-23
  3.3357e+05   1.37e-23
  3.3814e+05   1.29e-23
  3.4278e+05   1.23e-23
  3.4747e+05   1.17e-23
  3.5223e+05   1.11e-23
  3.5706e+05   1.06e-23
  3.6195e+05   1.00e-23
  3.6691e+05   9.52e-24
  3.7194e+05   9.01e-24
  3.7704e+05   8.52e-24
  3.8220e+05   8.10e-24
  3.8744e+05   7.72e-24
  3.9275e+05   7.35e-24
  3.9813e+05   6.99e-24
  4.0358e+05   6.64e-24
  4.0911e+05   6.30e-24
  4.1472e+05   5.97e-24
  4.2040e+05   5.65e-24
  4.2616e+05   5.36e-24
  4.3200e+05   5.16e-24
  4.3792e+05   4.95e-24
  4.4392e+05   4.76e-24
  4.5000e+05   4.57e-24
