#  E [MeV]   Flux [# cm^{-2} s^{-1}  MeV^{-1}]
  3.0000e+04   2.89e-21
  3.1123e+04   2.78e-21
  3.2288e+04   2.68e-21
  3.3497e+04   2.58e-21
  3.4751e+04   2.48e-21
  3.6051e+04   2.39e-21
  3.7401e+04   2.29e-21
  3.8801e+04   2.21e-21
  4.0253e+04   2.12e-21
  4.1760e+04   2.04e-21
  4.3324e+04   1.96e-21
  4.4945e+04   1.88e-21
  4.6628e+04   1.81e-21
  4.8373e+04   1.74e-21
  5.0184e+04   1.67e-21
  5.2063e+04   1.60e-21
  5.4011e+04   1.54e-21
  5.6033e+04   1.47e-21
  5.8131e+04   1.41e-21
  6.0307e+04   1.36e-21
  6.2564e+04   1.30e-21
  6.4906e+04   1.25e-21
  6.7336e+04   1.20e-21
  6.9857e+04   1.15e-21
  7.2472e+04   1.10e-21
  7.5184e+04   1.05e-21
  7.7999e+04   1.01e-21
  8.0919e+04   9.67e-22
  8.3948e+04   9.26e-22
  8.7090e+04   8.87e-22
  9.0350e+04   8.49e-22
  9.3732e+04   8.13e-22
  9.7241e+04   7.78e-22
  1.0088e+05   7.45e-22
  1.0466e+05   7.12e-22
  1.0858e+05   6.81e-22
  1.1264e+05   6.52e-22
  1.1686e+05   6.23e-22
  1.2123e+05   5.96e-22
  1.2577e+05   5.70e-22
  1.3048e+05   5.44e-22
  1.3536e+05   5.20e-22
  1.4043e+05   4.97e-22
  1.4568e+05   4.75e-22
  1.5114e+05   4.54e-22
  1.5680e+05   4.34e-22
  1.6266e+05   4.14e-22
  1.6875e+05   3.95e-22
  1.7507e+05   3.78e-22
  1.8162e+05   3.61e-22
  1.8842e+05   3.44e-22
  1.9548e+05   3.29e-22
  2.0279e+05   3.14e-22
  2.1039e+05   3.00e-22
  2.1826e+05   2.86e-22
  2.2643e+05   2.73e-22
  2.3491e+05   2.60e-22
  2.4370e+05   2.49e-22
  2.5282e+05   2.37e-22
  2.6229e+05   2.26e-22
  2.7211e+05   2.16e-22
  2.8229e+05   2.06e-22
  2.9286e+05   1.97e-22
  3.0382e+05   1.88e-22
  3.1519e+05   1.80e-22
  3.2699e+05   1.71e-22
  3.3923e+05   1.64e-22
  3.5193e+05   1.56e-22
  3.6511e+05   1.49e-22
  3.7877e+05   1.43e-22
  3.9295e+05   1.36e-22
  4.0766e+05   1.30e-22
  4.2292e+05   1.24e-22
  4.3875e+05   1.19e-22
  4.5518e+05   1.14e-22
  4.7222e+05   1.09e-22
  4.8989e+05   1.04e-22
  5.0823e+05   9.94e-23
  5.2726e+05   9.51e-23
  5.4699e+05   9.09e-23
  5.6747e+05   8.71e-23
  5.8871e+05   8.34e-23
  6.1075e+05   7.99e-23
  6.3361e+05   7.66e-23
  6.5733e+05   7.35e-23
  6.8194e+05   7.04e-23
  7.0746e+05   6.76e-23
  7.3395e+05   6.49e-23
  7.6142e+05   6.23e-23
  7.8992e+05   5.98e-23
  8.1949e+05   5.75e-23
  8.5017e+05   5.53e-23
  8.8199e+05   5.32e-23
  9.1501e+05   5.12e-23
  9.4926e+05   4.93e-23
  9.8479e+05   4.74e-23
  1.0217e+06   4.57e-23
  1.0599e+06   4.41e-23
  1.0996e+06   4.25e-23
  1.1407e+06   4.10e-23
  1.1834e+06   3.96e-23
  1.2277e+06   3.82e-23
  1.2737e+06   3.69e-23
  1.3214e+06   3.57e-23
  1.3708e+06   3.45e-23
  1.4222e+06   3.33e-23
  1.4754e+06   3.22e-23
  1.5306e+06   3.12e-23
  1.5879e+06   3.02e-23
  1.6474e+06   2.92e-23
  1.7090e+06   2.83e-23
  1.7730e+06   2.74e-23
  1.8394e+06   2.66e-23
  1.9082e+06   2.58e-23
  1.9797e+06   2.50e-23
  2.0538e+06   2.42e-23
  2.1306e+06   2.35e-23
  2.2104e+06   2.28e-23
  2.2931e+06   2.21e-23
  2.3790e+06   2.14e-23
  2.4680e+06   2.07e-23
  2.5604e+06   2.01e-23
  2.6563e+06   1.95e-23
  2.7557e+06   1.89e-23
  2.8589e+06   1.83e-23
  2.9659e+06   1.77e-23
  3.0769e+06   1.71e-23
  3.1921e+06   1.65e-23
  3.3116e+06   1.60e-23
  3.4355e+06   1.54e-23
  3.5641e+06   1.49e-23
  3.6976e+06   1.44e-23
  3.8360e+06   1.39e-23
  3.9796e+06   1.34e-23
  4.1285e+06   1.29e-23
  4.2831e+06   1.24e-23
  4.4434e+06   1.19e-23
  4.6097e+06   1.14e-23
  4.7823e+06   1.10e-23
  4.9613e+06   1.05e-23
  5.1470e+06   1.01e-23
  5.3397e+06   9.63e-24
  5.5396e+06   9.20e-24
  5.7470e+06   8.76e-24
  5.9621e+06   8.34e-24
  6.1853e+06   7.94e-24
  6.4168e+06   7.52e-24
  6.6570e+06   7.12e-24
  6.9062e+06   6.74e-24
  7.1647e+06   6.35e-24
  7.4329e+06   5.98e-24
  7.7112e+06   5.62e-24
  7.9998e+06   5.26e-24
  8.2993e+06   4.91e-24
  8.6100e+06   4.58e-24
  8.9323e+06   4.25e-24
  9.2666e+06   3.94e-24
  9.6135e+06   3.63e-24
  9.9734e+06   3.34e-24
  1.0347e+07   3.05e-24
  1.0734e+07   2.78e-24
  1.1136e+07   2.52e-24
  1.1553e+07   2.27e-24
  1.1985e+07   2.04e-24
  1.2434e+07   1.82e-24
  1.2899e+07   1.61e-24
  1.3382e+07   1.42e-24
  1.3883e+07   1.24e-24
  1.4403e+07   1.07e-24
  1.4942e+07   9.21e-25
  1.5501e+07   7.82e-25
  1.6081e+07   6.56e-25
  1.6683e+07   5.44e-25
  1.7308e+07   4.44e-25
  1.7956e+07   3.57e-25
  1.8628e+07   2.81e-25
  1.9325e+07   2.18e-25
  2.0049e+07   1.64e-25
  2.0799e+07   1.21e-25
  2.1578e+07   8.66e-26
  2.2386e+07   5.99e-26
  2.3224e+07   3.99e-26
  2.4093e+07   2.54e-26
  2.4995e+07   1.54e-26
  2.5930e+07   8.85e-27
  2.6901e+07   4.73e-27
  2.7908e+07   2.33e-27
  2.8953e+07   1.05e-27
  3.0037e+07   4.19e-28
  3.1161e+07   1.46e-28
  3.2327e+07   4.41e-29
  3.3537e+07   1.09e-29
  3.4793e+07   2.11e-30
  3.6095e+07   3.15e-31
  3.7446e+07   3.29e-32
  3.8848e+07   2.20e-33
  4.0302e+07   8.94e-35
  4.1811e+07   1.83e-36
  4.3376e+07   1.58e-38
  4.5000e+07   4.81e-41
