#  E [MeV]   Flux [# cm^{-2} s^{-1}  MeV^{-1}]
  3.0000e+04   1.52e-21
  3.0517e+04   1.48e-21
  3.1043e+04   1.43e-21
  3.1578e+04   1.39e-21
  3.2123e+04   1.35e-21
  3.2676e+04   1.31e-21
  3.3240e+04   1.27e-21
  3.3813e+04   1.23e-21
  3.4396e+04   1.19e-21
  3.4989e+04   1.15e-21
  3.5592e+04   1.12e-21
  3.6205e+04   1.08e-21
  3.6829e+04   1.05e-21
  3.7464e+04   1.02e-21
  3.8110e+04   9.86e-22
  3.8767e+04   9.54e-22
  3.9435e+04   9.24e-22
  4.0115e+04   8.95e-22
  4.0807e+04   8.66e-22
  4.1510e+04   8.38e-22
  4.2226e+04   8.12e-22
  4.2953e+04   7.85e-22
  4.3694e+04   7.60e-22
  4.4447e+04   7.35e-22
  4.5213e+04   7.11e-22
  4.5993e+04   6.87e-22
  4.6786e+04   6.65e-22
  4.7592e+04   6.43e-22
  4.8412e+04   6.21e-22
  4.9247e+04   6.00e-22
  5.0096e+04   5.80e-22
  5.0960e+04   5.60e-22
  5.1838e+04   5.41e-22
  5.2732e+04   5.23e-22
  5.3641e+04   5.05e-22
  5.4565e+04   4.88e-22
  5.5506e+04   4.70e-22
  5.6463e+04   4.54e-22
  5.7436e+04   4.39e-22
  5.8426e+04   4.23e-22
  5.9433e+04   4.08e-22
  6.0458e+04   3.94e-22
  6.1500e+04   3.80e-22
  6.2560e+04   3.66e-22
  6.3639e+04   3.53e-22
  6.4736e+04   3.41e-22
  6.5852e+04   3.29e-22
  6.6987e+04   3.17e-22
  6.8142e+04   3.05e-22
  6.9316e+04   2.94e-22
  7.0511e+04   2.83e-22
  7.1727e+04   2.73e-22
  7.2963e+04   2.63e-22
  7.4221e+04   2.53e-22
  7.5500e+04   2.44e-22
  7.6802e+04   2.35e-22
  7.8126e+04   2.26e-22
  7.9472e+04   2.17e-22
  8.0842e+04   2.09e-22
  8.2236e+04   2.01e-22
  8.3654e+04   1.94e-22
  8.5096e+04   1.86e-22
  8.6563e+04   1.79e-22
  8.8055e+04   1.72e-22
  8.9573e+04   1.65e-22
  9.1117e+04   1.59e-22
  9.2687e+04   1.53e-22
  9.4285e+04   1.47e-22
  9.5911e+04   1.41e-22
  9.7564e+04   1.35e-22
  9.9246e+04   1.30e-22
  1.0096e+05   1.24e-22
  1.0270e+05   1.19e-22
  1.0447e+05   1.15e-22
  1.0627e+05   1.10e-22
  1.0810e+05   1.05e-22
  1.0996e+05   1.01e-22
  1.1186e+05   9.66e-23
  1.1379e+05   9.27e-23
  1.1575e+05   8.88e-23
  1.1774e+05   8.51e-23
  1.1977e+05   8.15e-23
  1.2184e+05   7.80e-23
  1.2394e+05   7.45e-23
  1.2608e+05   7.13e-23
  1.2825e+05   6.83e-23
  1.3046e+05   6.54e-23
  1.3271e+05   6.25e-23
  1.3500e+05   5.98e-23
  1.3732e+05   5.71e-23
  1.3969e+05   5.44e-23
  1.4210e+05   5.20e-23
  1.4455e+05   4.98e-23
  1.4704e+05   4.75e-23
  1.4957e+05   4.54e-23
  1.5215e+05   4.33e-23
  1.5478e+05   4.13e-23
  1.5744e+05   3.93e-23
  1.6016e+05   3.75e-23
  1.6292e+05   3.58e-23
  1.6573e+05   3.42e-23
  1.6858e+05   3.26e-23
  1.7149e+05   3.10e-23
  1.7445e+05   2.95e-23
  1.7745e+05   2.80e-23
  1.8051e+05   2.67e-23
  1.8362e+05   2.54e-23
  1.8679e+05   2.42e-23
  1.9001e+05   2.30e-23
  1.9328e+05   2.18e-23
  1.9662e+05   2.07e-23
  2.0001e+05   1.97e-23
  2.0345e+05   1.87e-23
  2.0696e+05   1.78e-23
  2.1053e+05   1.69e-23
  2.1416e+05   1.60e-23
  2.1785e+05   1.52e-23
  2.2160e+05   1.44e-23
  2.2543e+05   1.36e-23
  2.2931e+05   1.29e-23
  2.3326e+05   1.23e-23
  2.3729e+05   1.16e-23
  2.4138e+05   1.10e-23
  2.4554e+05   1.04e-23
  2.4977e+05   9.82e-24
  2.5407e+05   9.32e-24
  2.5845e+05   8.84e-24
  2.6291e+05   8.37e-24
  2.6744e+05   7.92e-24
  2.7205e+05   7.48e-24
  2.7674e+05   7.05e-24
  2.8151e+05   6.65e-24
  2.8637e+05   6.31e-24
  2.9130e+05   5.97e-24
  2.9632e+05   5.65e-24
  3.0143e+05   5.34e-24
  3.0663e+05   5.03e-24
  3.1191e+05   4.74e-24
  3.1729e+05   4.47e-24
  3.2276e+05   4.24e-24
  3.2832e+05   4.01e-24
  3.3398e+05   3.79e-24
  3.3974e+05   3.57e-24
  3.4560e+05   3.37e-24
  3.5155e+05   3.16e-24
  3.5761e+05   2.99e-24
  3.6378e+05   2.84e-24
  3.7005e+05   2.69e-24
  3.7643e+05   2.55e-24
  3.8292e+05   2.40e-24
  3.8952e+05   2.27e-24
  3.9623e+05   2.13e-24
  4.0306e+05   2.03e-24
  4.1001e+05   1.93e-24
  4.1708e+05   1.84e-24
  4.2427e+05   1.74e-24
  4.3158e+05   1.65e-24
  4.3902e+05   1.56e-24
  4.4659e+05   1.48e-24
  4.5429e+05   1.42e-24
  4.6212e+05   1.36e-24
  4.7009e+05   1.30e-24
  4.7819e+05   1.24e-24
  4.8643e+05   1.18e-24
  4.9482e+05   1.12e-24
  5.0335e+05   1.08e-24
  5.1203e+05   1.04e-24
  5.2085e+05   9.98e-25
  5.2983e+05   9.60e-25
  5.3897e+05   9.23e-25
  5.4826e+05   8.87e-25
  5.5771e+05   8.52e-25
  5.6732e+05   8.28e-25
  5.7710e+05   8.07e-25
  5.8705e+05   7.87e-25
  5.9717e+05   7.66e-25
  6.0746e+05   7.47e-25
  6.1793e+05   7.28e-25
  6.2859e+05   7.09e-25
  6.3942e+05   7.01e-25
  6.5045e+05   6.92e-25
  6.6166e+05   6.84e-25
  6.7306e+05   6.76e-25
  6.8467e+05   6.68e-25
  6.9647e+05   6.60e-25
  7.0847e+05   6.54e-25
  7.2069e+05   6.54e-25
  7.3311e+05   6.54e-25
  7.4575e+05   6.53e-25
  7.5860e+05   6.53e-25
  7.7168e+05   6.52e-25
  7.8498e+05   6.51e-25
  7.9852e+05   6.08e-25
  8.1228e+05   5.34e-25
  8.2628e+05   4.62e-25
  8.4053e+05   3.93e-25
  8.5502e+05   3.26e-25
  8.6976e+05   2.61e-25
  8.8475e+05   1.98e-25
  9.0000e+05   1.64e-25
