#  E [GeV]   # per interaction  [GeV^{-1}]
  3.0000e+01   4.05e-01
  3.0943e+01   3.91e-01
  3.1916e+01   3.77e-01
  3.2920e+01   3.64e-01
  3.3955e+01   3.52e-01
  3.5023e+01   3.39e-01
  3.6124e+01   3.27e-01
  3.7260e+01   3.16e-01
  3.8432e+01   3.05e-01
  3.9640e+01   2.94e-01
  4.0887e+01   2.83e-01
  4.2172e+01   2.73e-01
  4.3499e+01   2.63e-01
  4.4866e+01   2.54e-01
  4.6277e+01   2.45e-01
  4.7732e+01   2.36e-01
  4.9233e+01   2.27e-01
  5.0781e+01   2.19e-01
  5.2378e+01   2.10e-01
  5.4025e+01   2.03e-01
  5.5724e+01   1.95e-01
  5.7476e+01   1.88e-01
  5.9284e+01   1.80e-01
  6.1148e+01   1.73e-01
  6.3071e+01   1.67e-01
  6.5054e+01   1.60e-01
  6.7100e+01   1.54e-01
  6.9210e+01   1.48e-01
  7.1386e+01   1.42e-01
  7.3631e+01   1.37e-01
  7.5946e+01   1.31e-01
  7.8334e+01   1.26e-01
  8.0797e+01   1.21e-01
  8.3338e+01   1.16e-01
  8.5959e+01   1.11e-01
  8.8662e+01   1.07e-01
  9.1450e+01   1.02e-01
  9.4325e+01   9.79e-02
  9.7291e+01   9.38e-02
  1.0035e+02   8.98e-02
  1.0351e+02   8.59e-02
  1.0676e+02   8.23e-02
  1.1012e+02   7.87e-02
  1.1358e+02   7.53e-02
  1.1715e+02   7.20e-02
  1.2084e+02   6.88e-02
  1.2464e+02   6.57e-02
  1.2856e+02   6.28e-02
  1.3260e+02   6.00e-02
  1.3677e+02   5.72e-02
  1.4107e+02   5.46e-02
  1.4550e+02   5.21e-02
  1.5008e+02   4.97e-02
  1.5480e+02   4.74e-02
  1.5967e+02   4.52e-02
  1.6469e+02   4.30e-02
  1.6987e+02   4.10e-02
  1.7521e+02   3.90e-02
  1.8072e+02   3.71e-02
  1.8640e+02   3.53e-02
  1.9226e+02   3.35e-02
  1.9831e+02   3.19e-02
  2.0454e+02   3.03e-02
  2.1097e+02   2.87e-02
  2.1761e+02   2.73e-02
  2.2445e+02   2.59e-02
  2.3151e+02   2.45e-02
  2.3879e+02   2.32e-02
  2.4630e+02   2.20e-02
  2.5404e+02   2.08e-02
  2.6203e+02   1.97e-02
  2.7027e+02   1.87e-02
  2.7877e+02   1.76e-02
  2.8753e+02   1.67e-02
  2.9657e+02   1.57e-02
  3.0590e+02   1.49e-02
  3.1552e+02   1.40e-02
  3.2544e+02   1.32e-02
  3.3567e+02   1.25e-02
  3.4623e+02   1.17e-02
  3.5712e+02   1.10e-02
  3.6835e+02   1.04e-02
  3.7993e+02   9.76e-03
  3.9188e+02   9.17e-03
  4.0420e+02   8.61e-03
  4.1691e+02   8.07e-03
  4.3002e+02   7.57e-03
  4.4354e+02   7.09e-03
  4.5749e+02   6.64e-03
  4.7187e+02   6.22e-03
  4.8671e+02   5.82e-03
  5.0202e+02   5.44e-03
  5.1780e+02   5.08e-03
  5.3409e+02   4.74e-03
  5.5088e+02   4.43e-03
  5.6820e+02   4.13e-03
  5.8607e+02   3.85e-03
  6.0450e+02   3.58e-03
  6.2351e+02   3.34e-03
  6.4311e+02   3.11e-03
  6.6334e+02   2.89e-03
  6.8419e+02   2.69e-03
  7.0571e+02   2.50e-03
  7.2790e+02   2.32e-03
  7.5079e+02   2.15e-03
  7.7440e+02   2.00e-03
  7.9875e+02   1.85e-03
  8.2387e+02   1.72e-03
  8.4977e+02   1.59e-03
  8.7649e+02   1.47e-03
  9.0405e+02   1.36e-03
  9.3248e+02   1.26e-03
  9.6180e+02   1.17e-03
  9.9205e+02   1.08e-03
  1.0232e+03   9.99e-04
  1.0554e+03   9.23e-04
  1.0886e+03   8.52e-04
  1.1228e+03   7.87e-04
  1.1581e+03   7.27e-04
  1.1946e+03   6.70e-04
  1.2321e+03   6.18e-04
  1.2709e+03   5.71e-04
  1.3108e+03   5.26e-04
  1.3521e+03   4.84e-04
  1.3946e+03   4.47e-04
  1.4384e+03   4.12e-04
  1.4837e+03   3.78e-04
  1.5303e+03   3.48e-04
  1.5784e+03   3.20e-04
  1.6281e+03   2.95e-04
  1.6793e+03   2.70e-04
  1.7321e+03   2.48e-04
  1.7865e+03   2.28e-04
  1.8427e+03   2.10e-04
  1.9006e+03   1.92e-04
  1.9604e+03   1.76e-04
  2.0221e+03   1.62e-04
  2.0856e+03   1.48e-04
  2.1512e+03   1.35e-04
  2.2189e+03   1.24e-04
  2.2886e+03   1.14e-04
  2.3606e+03   1.04e-04
  2.4348e+03   9.47e-05
  2.5114e+03   8.67e-05
  2.5904e+03   7.92e-05
  2.6718e+03   7.21e-05
  2.7558e+03   6.58e-05
  2.8425e+03   6.00e-05
  2.9319e+03   5.46e-05
  3.0241e+03   4.95e-05
  3.1192e+03   4.52e-05
  3.2173e+03   4.11e-05
  3.3184e+03   3.73e-05
  3.4228e+03   3.37e-05
  3.5304e+03   3.07e-05
  3.6414e+03   2.79e-05
  3.7559e+03   2.52e-05
  3.8740e+03   2.28e-05
  3.9958e+03   2.08e-05
  4.1215e+03   1.88e-05
  4.2511e+03   1.70e-05
  4.3848e+03   1.54e-05
  4.5227e+03   1.40e-05
  4.6649e+03   1.27e-05
  4.8116e+03   1.14e-05
  4.9629e+03   1.04e-05
  5.1189e+03   9.43e-06
  5.2799e+03   8.54e-06
  5.4459e+03   7.73e-06
  5.6171e+03   7.07e-06
  5.7938e+03   6.45e-06
  5.9760e+03   5.87e-06
  6.1639e+03   5.37e-06
  6.3577e+03   4.93e-06
  6.5576e+03   4.52e-06
  6.7638e+03   4.14e-06
  6.9765e+03   3.83e-06
  7.1959e+03   3.55e-06
  7.4222e+03   3.28e-06
  7.6556e+03   3.03e-06
  7.8963e+03   2.84e-06
  8.1446e+03   2.65e-06
  8.4007e+03   2.47e-06
  8.6649e+03   2.32e-06
  8.9373e+03   2.21e-06
  9.2184e+03   2.10e-06
  9.5082e+03   1.99e-06
  9.8072e+03   1.92e-06
  1.0116e+04   1.86e-06
  1.0434e+04   1.79e-06
  1.0762e+04   1.72e-06
  1.1100e+04   1.75e-06
  1.1449e+04   1.76e-06
  1.1809e+04   1.75e-06
  1.2181e+04   1.79e-06
  1.2564e+04   2.00e-06
  1.2959e+04   2.14e-06
  1.3366e+04   2.20e-06
  1.3786e+04   2.11e-06
  1.4220e+04   1.93e-06
