#  E [MeV]   Flux [# cm^{-2} s^{-1}  MeV^{-1}]
  3.0000e+04   3.90e-20
  3.1123e+04   3.73e-20
  3.2288e+04   3.57e-20
  3.3497e+04   3.41e-20
  3.4751e+04   3.26e-20
  3.6051e+04   3.11e-20
  3.7401e+04   2.97e-20
  3.8801e+04   2.84e-20
  4.0253e+04   2.71e-20
  4.1760e+04   2.59e-20
  4.3324e+04   2.47e-20
  4.4945e+04   2.35e-20
  4.6628e+04   2.25e-20
  4.8373e+04   2.14e-20
  5.0184e+04   2.05e-20
  5.2063e+04   1.95e-20
  5.4011e+04   1.86e-20
  5.6033e+04   1.77e-20
  5.8131e+04   1.69e-20
  6.0307e+04   1.61e-20
  6.2564e+04   1.54e-20
  6.4906e+04   1.46e-20
  6.7336e+04   1.40e-20
  6.9857e+04   1.33e-20
  7.2472e+04   1.27e-20
  7.5184e+04   1.21e-20
  7.7999e+04   1.15e-20
  8.0919e+04   1.09e-20
  8.3948e+04   1.04e-20
  8.7090e+04   9.90e-21
  9.0350e+04   9.42e-21
  9.3732e+04   8.97e-21
  9.7241e+04   8.53e-21
  1.0088e+05   8.11e-21
  1.0466e+05   7.72e-21
  1.0858e+05   7.34e-21
  1.1264e+05   6.98e-21
  1.1686e+05   6.63e-21
  1.2123e+05   6.30e-21
  1.2577e+05   5.99e-21
  1.3048e+05   5.69e-21
  1.3536e+05   5.41e-21
  1.4043e+05   5.13e-21
  1.4568e+05   4.88e-21
  1.5114e+05   4.63e-21
  1.5680e+05   4.39e-21
  1.6266e+05   4.17e-21
  1.6875e+05   3.95e-21
  1.7507e+05   3.75e-21
  1.8162e+05   3.56e-21
  1.8842e+05   3.37e-21
  1.9548e+05   3.20e-21
  2.0279e+05   3.03e-21
  2.1039e+05   2.87e-21
  2.1826e+05   2.72e-21
  2.2643e+05   2.57e-21
  2.3491e+05   2.43e-21
  2.4370e+05   2.30e-21
  2.5282e+05   2.18e-21
  2.6229e+05   2.06e-21
  2.7211e+05   1.95e-21
  2.8229e+05   1.84e-21
  2.9286e+05   1.74e-21
  3.0382e+05   1.64e-21
  3.1519e+05   1.54e-21
  3.2699e+05   1.46e-21
  3.3923e+05   1.37e-21
  3.5193e+05   1.29e-21
  3.6511e+05   1.22e-21
  3.7877e+05   1.14e-21
  3.9295e+05   1.08e-21
  4.0766e+05   1.01e-21
  4.2292e+05   9.48e-22
  4.3875e+05   8.90e-22
  4.5518e+05   8.34e-22
  4.7222e+05   7.82e-22
  4.8989e+05   7.32e-22
  5.0823e+05   6.85e-22
  5.2726e+05   6.40e-22
  5.4699e+05   5.98e-22
  5.6747e+05   5.58e-22
  5.8871e+05   5.20e-22
  6.1075e+05   4.84e-22
  6.3361e+05   4.51e-22
  6.5733e+05   4.20e-22
  6.8194e+05   3.91e-22
  7.0746e+05   3.64e-22
  7.3395e+05   3.38e-22
  7.6142e+05   3.14e-22
  7.8992e+05   2.92e-22
  8.1949e+05   2.72e-22
  8.5017e+05   2.52e-22
  8.8199e+05   2.34e-22
  9.1501e+05   2.17e-22
  9.4926e+05   2.02e-22
  9.8479e+05   1.87e-22
  1.0217e+06   1.74e-22
  1.0599e+06   1.61e-22
  1.0996e+06   1.49e-22
  1.1407e+06   1.38e-22
  1.1834e+06   1.28e-22
  1.2277e+06   1.18e-22
  1.2737e+06   1.09e-22
  1.3214e+06   1.01e-22
  1.3708e+06   9.32e-23
  1.4222e+06   8.61e-23
  1.4754e+06   7.95e-23
  1.5306e+06   7.33e-23
  1.5879e+06   6.76e-23
  1.6474e+06   6.23e-23
  1.7090e+06   5.73e-23
  1.7730e+06   5.28e-23
  1.8394e+06   4.86e-23
  1.9082e+06   4.46e-23
  1.9797e+06   4.10e-23
  2.0538e+06   3.76e-23
  2.1306e+06   3.45e-23
  2.2104e+06   3.16e-23
  2.2931e+06   2.89e-23
  2.3790e+06   2.64e-23
  2.4680e+06   2.41e-23
  2.5604e+06   2.20e-23
  2.6563e+06   2.00e-23
  2.7557e+06   1.82e-23
  2.8589e+06   1.66e-23
  2.9659e+06   1.50e-23
  3.0769e+06   1.36e-23
  3.1921e+06   1.23e-23
  3.3116e+06   1.11e-23
  3.4355e+06   1.00e-23
  3.5641e+06   9.06e-24
  3.6976e+06   8.15e-24
  3.8360e+06   7.30e-24
  3.9796e+06   6.56e-24
  4.1285e+06   5.88e-24
  4.2831e+06   5.24e-24
  4.4434e+06   4.67e-24
  4.6097e+06   4.16e-24
  4.7823e+06   3.68e-24
  4.9613e+06   3.25e-24
  5.1470e+06   2.88e-24
  5.3397e+06   2.53e-24
  5.5396e+06   2.22e-24
  5.7470e+06   1.95e-24
  5.9621e+06   1.70e-24
  6.1853e+06   1.48e-24
  6.4168e+06   1.29e-24
  6.6570e+06   1.12e-24
  6.9062e+06   9.63e-25
  7.1647e+06   8.35e-25
  7.4329e+06   7.17e-25
  7.7112e+06   6.08e-25
  7.9998e+06   5.23e-25
  8.2993e+06   4.45e-25
  8.6100e+06   3.73e-25
  8.9323e+06   3.17e-25
  9.2666e+06   2.66e-25
  9.6135e+06   2.20e-25
  9.9734e+06   1.84e-25
  1.0347e+07   1.53e-25
  1.0734e+07   1.25e-25
  1.1136e+07   1.02e-25
  1.1553e+07   8.33e-26
  1.1985e+07   6.68e-26
  1.2434e+07   5.35e-26
  1.2899e+07   4.29e-26
  1.3382e+07   3.36e-26
  1.3883e+07   2.62e-26
  1.4403e+07   2.05e-26
  1.4942e+07   1.56e-26
  1.5501e+07   1.17e-26
  1.6081e+07   8.88e-27
  1.6683e+07   6.54e-27
  1.7308e+07   4.68e-27
  1.7956e+07   3.39e-27
  1.8628e+07   2.37e-27
  1.9325e+07   1.60e-27
  2.0049e+07   1.08e-27
  2.0799e+07   7.04e-28
  2.1578e+07   4.37e-28
  2.2386e+07   2.67e-28
  2.3224e+07   1.56e-28
  2.4093e+07   8.51e-29
  2.4995e+07   4.43e-29
  2.5930e+07   2.15e-29
  2.6901e+07   9.51e-30
  2.7908e+07   3.83e-30
  2.8953e+07   1.38e-30
  3.0037e+07   4.25e-31
  3.1161e+07   1.10e-31
  3.2327e+07   2.33e-32
  3.3537e+07   3.79e-33
  3.4793e+07   4.48e-34
  3.6095e+07   3.61e-35
  3.7446e+07   1.80e-36
  3.8848e+07   4.92e-38
  4.0302e+07   6.36e-40
  4.1811e+07   3.22e-42
  4.3376e+07   4.94e-45
  4.5000e+07   1.70e-48
