#  E [GeV]   # per interaction  [GeV^{-1}]
  3.0000e+01   2.64e-02
  3.1123e+01   2.54e-02
  3.2288e+01   2.45e-02
  3.3497e+01   2.36e-02
  3.4751e+01   2.27e-02
  3.6051e+01   2.18e-02
  3.7401e+01   2.09e-02
  3.8801e+01   2.01e-02
  4.0253e+01   1.94e-02
  4.1760e+01   1.86e-02
  4.3324e+01   1.79e-02
  4.4945e+01   1.72e-02
  4.6628e+01   1.65e-02
  4.8373e+01   1.58e-02
  5.0184e+01   1.52e-02
  5.2063e+01   1.46e-02
  5.4011e+01   1.40e-02
  5.6033e+01   1.34e-02
  5.8131e+01   1.29e-02
  6.0307e+01   1.24e-02
  6.2564e+01   1.19e-02
  6.4906e+01   1.14e-02
  6.7336e+01   1.09e-02
  6.9857e+01   1.04e-02
  7.2472e+01   1.00e-02
  7.5184e+01   9.58e-03
  7.7999e+01   9.18e-03
  8.0919e+01   8.79e-03
  8.3948e+01   8.41e-03
  8.7090e+01   8.05e-03
  9.0350e+01   7.71e-03
  9.3732e+01   7.38e-03
  9.7241e+01   7.06e-03
  1.0088e+02   6.75e-03
  1.0466e+02   6.45e-03
  1.0858e+02   6.17e-03
  1.1264e+02   5.90e-03
  1.1686e+02   5.64e-03
  1.2123e+02   5.39e-03
  1.2577e+02   5.14e-03
  1.3048e+02   4.91e-03
  1.3536e+02   4.69e-03
  1.4043e+02   4.48e-03
  1.4568e+02   4.28e-03
  1.5114e+02   4.08e-03
  1.5680e+02   3.90e-03
  1.6266e+02   3.72e-03
  1.6875e+02   3.55e-03
  1.7507e+02   3.38e-03
  1.8162e+02   3.23e-03
  1.8842e+02   3.08e-03
  1.9548e+02   2.93e-03
  2.0279e+02   2.79e-03
  2.1039e+02   2.66e-03
  2.1826e+02   2.54e-03
  2.2643e+02   2.42e-03
  2.3491e+02   2.30e-03
  2.4370e+02   2.19e-03
  2.5282e+02   2.09e-03
  2.6229e+02   1.99e-03
  2.7211e+02   1.89e-03
  2.8229e+02   1.80e-03
  2.9286e+02   1.71e-03
  3.0382e+02   1.63e-03
  3.1519e+02   1.55e-03
  3.2699e+02   1.48e-03
  3.3923e+02   1.40e-03
  3.5193e+02   1.34e-03
  3.6511e+02   1.27e-03
  3.7877e+02   1.21e-03
  3.9295e+02   1.15e-03
  4.0766e+02   1.09e-03
  4.2292e+02   1.04e-03
  4.3875e+02   9.87e-04
  4.5518e+02   9.38e-04
  4.7222e+02   8.92e-04
  4.8989e+02   8.48e-04
  5.0823e+02   8.06e-04
  5.2726e+02   7.66e-04
  5.4699e+02   7.29e-04
  5.6747e+02   6.93e-04
  5.8871e+02   6.60e-04
  6.1075e+02   6.28e-04
  6.3361e+02   5.98e-04
  6.5733e+02   5.69e-04
  6.8194e+02   5.42e-04
  7.0746e+02   5.16e-04
  7.3395e+02   4.92e-04
  7.6142e+02   4.69e-04
  7.8992e+02   4.47e-04
  8.1949e+02   4.27e-04
  8.5017e+02   4.07e-04
  8.8199e+02   3.89e-04
  9.1501e+02   3.72e-04
  9.4926e+02   3.55e-04
  9.8479e+02   3.40e-04
  1.0217e+03   3.25e-04
  1.0599e+03   3.11e-04
  1.0996e+03   2.99e-04
  1.1407e+03   2.86e-04
  1.1834e+03   2.75e-04
  1.2277e+03   2.64e-04
  1.2737e+03   2.53e-04
  1.3214e+03   2.43e-04
  1.3708e+03   2.34e-04
  1.4222e+03   2.25e-04
  1.4754e+03   2.17e-04
  1.5306e+03   2.09e-04
  1.5879e+03   2.01e-04
  1.6474e+03   1.94e-04
  1.7090e+03   1.87e-04
  1.7730e+03   1.80e-04
  1.8394e+03   1.74e-04
  1.9082e+03   1.68e-04
  1.9797e+03   1.62e-04
  2.0538e+03   1.57e-04
  2.1306e+03   1.51e-04
  2.2104e+03   1.46e-04
  2.2931e+03   1.41e-04
  2.3790e+03   1.36e-04
  2.4680e+03   1.31e-04
  2.5604e+03   1.27e-04
  2.6563e+03   1.22e-04
  2.7557e+03   1.18e-04
  2.8589e+03   1.14e-04
  2.9659e+03   1.10e-04
  3.0769e+03   1.06e-04
  3.1921e+03   1.02e-04
  3.3116e+03   9.80e-05
  3.4355e+03   9.42e-05
  3.5641e+03   9.04e-05
  3.6976e+03   8.68e-05
  3.8360e+03   8.32e-05
  3.9796e+03   7.97e-05
  4.1285e+03   7.62e-05
  4.2831e+03   7.28e-05
  4.4434e+03   6.94e-05
  4.6097e+03   6.61e-05
  4.7823e+03   6.29e-05
  4.9613e+03   5.96e-05
  5.1470e+03   5.65e-05
  5.3397e+03   5.34e-05
  5.5396e+03   5.03e-05
  5.7470e+03   4.74e-05
  5.9621e+03   4.45e-05
  6.1853e+03   4.16e-05
  6.4168e+03   3.89e-05
  6.6570e+03   3.62e-05
  6.9062e+03   3.36e-05
  7.1647e+03   3.10e-05
  7.4329e+03   2.86e-05
  7.7112e+03   2.62e-05
  7.9998e+03   2.40e-05
  8.2993e+03   2.18e-05
  8.6100e+03   1.97e-05
  8.9323e+03   1.78e-05
  9.2666e+03   1.59e-05
  9.6135e+03   1.41e-05
  9.9734e+03   1.25e-05
  1.0347e+04   1.09e-05
  1.0734e+04   9.51e-06
  1.1136e+04   8.18e-06
  1.1553e+04   6.99e-06
  1.1985e+04   5.91e-06
  1.2434e+04   4.93e-06
  1.2899e+04   4.07e-06
  1.3382e+04   3.32e-06
  1.3883e+04   2.66e-06
  1.4403e+04   2.09e-06
  1.4942e+04   1.62e-06
  1.5501e+04   1.23e-06
  1.6081e+04   9.11e-07
  1.6683e+04   6.58e-07
  1.7308e+04   4.61e-07
  1.7956e+04   3.13e-07
  1.8628e+04   2.04e-07
  1.9325e+04   1.28e-07
  2.0049e+04   7.66e-08
  2.0799e+04   4.34e-08
  2.1578e+04   2.31e-08
  2.2386e+04   1.15e-08
  2.3224e+04   5.26e-09
  2.4093e+04   2.19e-09
  2.4995e+04   8.20e-10
  2.5930e+04   2.70e-10
  2.6901e+04   7.62e-11
  2.7908e+04   1.82e-11
  2.8953e+04   3.50e-12
  3.0037e+04   5.23e-13
  3.1161e+04   5.86e-14
  3.2327e+04   4.58e-15
  3.3537e+04   2.30e-16
  3.4793e+04   6.94e-18
  3.6095e+04   1.10e-19
  3.7446e+04   7.75e-22
  3.8848e+04   2.07e-24
  4.0302e+04   1.61e-27
  4.1811e+04   2.62e-31
  4.3376e+04   6.00e-36
  4.5000e+04   1.12e-41
