#  E [MeV]   Flux [# cm^{-2} s^{-1}  MeV^{-1}]
  3.0000e+04   3.25e-21
  3.0501e+04   3.18e-21
  3.1010e+04   3.11e-21
  3.1528e+04   3.05e-21
  3.2055e+04   2.98e-21
  3.2590e+04   2.92e-21
  3.3134e+04   2.85e-21
  3.3688e+04   2.79e-21
  3.4250e+04   2.73e-21
  3.4822e+04   2.67e-21
  3.5404e+04   2.62e-21
  3.5995e+04   2.56e-21
  3.6596e+04   2.51e-21
  3.7207e+04   2.45e-21
  3.7829e+04   2.40e-21
  3.8460e+04   2.35e-21
  3.9103e+04   2.30e-21
  3.9756e+04   2.25e-21
  4.0420e+04   2.20e-21
  4.1095e+04   2.16e-21
  4.1781e+04   2.11e-21
  4.2479e+04   2.07e-21
  4.3188e+04   2.02e-21
  4.3909e+04   1.98e-21
  4.4642e+04   1.94e-21
  4.5388e+04   1.90e-21
  4.6146e+04   1.86e-21
  4.6917e+04   1.82e-21
  4.7700e+04   1.78e-21
  4.8497e+04   1.74e-21
  4.9307e+04   1.71e-21
  5.0130e+04   1.67e-21
  5.0967e+04   1.64e-21
  5.1818e+04   1.60e-21
  5.2684e+04   1.57e-21
  5.3563e+04   1.53e-21
  5.4458e+04   1.50e-21
  5.5367e+04   1.47e-21
  5.6292e+04   1.44e-21
  5.7232e+04   1.41e-21
  5.8188e+04   1.38e-21
  5.9160e+04   1.35e-21
  6.0148e+04   1.32e-21
  6.1152e+04   1.30e-21
  6.2173e+04   1.27e-21
  6.3212e+04   1.24e-21
  6.4267e+04   1.22e-21
  6.5340e+04   1.19e-21
  6.6432e+04   1.17e-21
  6.7541e+04   1.14e-21
  6.8669e+04   1.12e-21
  6.9816e+04   1.10e-21
  7.0982e+04   1.08e-21
  7.2167e+04   1.05e-21
  7.3372e+04   1.03e-21
  7.4598e+04   1.01e-21
  7.5843e+04   9.89e-22
  7.7110e+04   9.69e-22
  7.8398e+04   9.49e-22
  7.9707e+04   9.30e-22
  8.1038e+04   9.11e-22
  8.2391e+04   8.92e-22
  8.3767e+04   8.74e-22
  8.5166e+04   8.56e-22
  8.6588e+04   8.39e-22
  8.8034e+04   8.22e-22
  8.9505e+04   8.05e-22
  9.0999e+04   7.88e-22
  9.2519e+04   7.72e-22
  9.4064e+04   7.57e-22
  9.5635e+04   7.41e-22
  9.7232e+04   7.26e-22
  9.8856e+04   7.11e-22
  1.0051e+05   6.97e-22
  1.0219e+05   6.82e-22
  1.0389e+05   6.68e-22
  1.0563e+05   6.54e-22
  1.0739e+05   6.41e-22
  1.0918e+05   6.28e-22
  1.1101e+05   6.15e-22
  1.1286e+05   6.02e-22
  1.1475e+05   5.90e-22
  1.1666e+05   5.78e-22
  1.1861e+05   5.66e-22
  1.2059e+05   5.54e-22
  1.2260e+05   5.43e-22
  1.2465e+05   5.31e-22
  1.2673e+05   5.21e-22
  1.2885e+05   5.10e-22
  1.3100e+05   4.99e-22
  1.3319e+05   4.89e-22
  1.3541e+05   4.79e-22
  1.3768e+05   4.69e-22
  1.3997e+05   4.59e-22
  1.4231e+05   4.50e-22
  1.4469e+05   4.40e-22
  1.4711e+05   4.31e-22
  1.4956e+05   4.22e-22
  1.5206e+05   4.13e-22
  1.5460e+05   4.04e-22
  1.5718e+05   3.96e-22
  1.5981e+05   3.87e-22
  1.6247e+05   3.79e-22
  1.6519e+05   3.71e-22
  1.6795e+05   3.63e-22
  1.7075e+05   3.55e-22
  1.7360e+05   3.47e-22
  1.7650e+05   3.40e-22
  1.7945e+05   3.32e-22
  1.8245e+05   3.25e-22
  1.8549e+05   3.18e-22
  1.8859e+05   3.11e-22
  1.9174e+05   3.04e-22
  1.9494e+05   2.97e-22
  1.9820e+05   2.90e-22
  2.0151e+05   2.84e-22
  2.0487e+05   2.77e-22
  2.0829e+05   2.71e-22
  2.1177e+05   2.65e-22
  2.1531e+05   2.59e-22
  2.1890e+05   2.53e-22
  2.2256e+05   2.47e-22
  2.2628e+05   2.42e-22
  2.3006e+05   2.36e-22
  2.3390e+05   2.30e-22
  2.3780e+05   2.25e-22
  2.4178e+05   2.20e-22
  2.4581e+05   2.15e-22
  2.4992e+05   2.10e-22
  2.5409e+05   2.05e-22
  2.5833e+05   2.00e-22
  2.6265e+05   1.95e-22
  2.6704e+05   1.90e-22
  2.7149e+05   1.86e-22
  2.7603e+05   1.81e-22
  2.8064e+05   1.77e-22
  2.8532e+05   1.72e-22
  2.9009e+05   1.68e-22
  2.9493e+05   1.64e-22
  2.9986e+05   1.60e-22
  3.0487e+05   1.56e-22
  3.0996e+05   1.52e-22
  3.1513e+05   1.48e-22
  3.2040e+05   1.44e-22
  3.2575e+05   1.41e-22
  3.3119e+05   1.37e-22
  3.3672e+05   1.33e-22
  3.4234e+05   1.30e-22
  3.4806e+05   1.27e-22
  3.5387e+05   1.23e-22
  3.5978e+05   1.20e-22
  3.6579e+05   1.17e-22
  3.7190e+05   1.14e-22
  3.7811e+05   1.11e-22
  3.8442e+05   1.08e-22
  3.9084e+05   1.05e-22
  3.9737e+05   1.02e-22
  4.0401e+05   9.88e-23
  4.1075e+05   9.60e-23
  4.1761e+05   9.33e-23
  4.2459e+05   9.07e-23
  4.3168e+05   8.81e-23
  4.3889e+05   8.56e-23
  4.4622e+05   8.31e-23
  4.5367e+05   8.06e-23
  4.6124e+05   7.83e-23
  4.6895e+05   7.60e-23
  4.7678e+05   7.37e-23
  4.8474e+05   7.15e-23
  4.9283e+05   6.94e-23
  5.0107e+05   6.73e-23
  5.0943e+05   6.53e-23
  5.1794e+05   6.33e-23
  5.2659e+05   6.14e-23
  5.3538e+05   5.95e-23
  5.4432e+05   5.77e-23
  5.5342e+05   5.59e-23
  5.6266e+05   5.42e-23
  5.7205e+05   5.26e-23
  5.8161e+05   5.09e-23
  5.9132e+05   4.94e-23
  6.0119e+05   4.78e-23
  6.1123e+05   4.64e-23
  6.2144e+05   4.49e-23
  6.3182e+05   4.35e-23
  6.4237e+05   4.21e-23
  6.5310e+05   4.08e-23
  6.6401e+05   3.95e-23
  6.7509e+05   3.82e-23
  6.8637e+05   3.70e-23
  6.9783e+05   3.58e-23
  7.0948e+05   3.46e-23
  7.2133e+05   3.35e-23
  7.3338e+05   3.24e-23
  7.4563e+05   3.13e-23
  7.5808e+05   3.02e-23
  7.7074e+05   2.92e-23
  7.8361e+05   2.84e-23
  7.9670e+05   2.75e-23
  8.1000e+05   2.67e-23
