#  E [MeV]   Flux [# cm^{-2} s^{-1}  MeV^{-1}]
  3.0000e+04   2.41e-24
  3.0962e+04   2.32e-24
  3.1955e+04   2.24e-24
  3.2979e+04   2.17e-24
  3.4037e+04   2.09e-24
  3.5128e+04   2.02e-24
  3.6254e+04   1.95e-24
  3.7417e+04   1.88e-24
  3.8616e+04   1.82e-24
  3.9855e+04   1.75e-24
  4.1132e+04   1.69e-24
  4.2451e+04   1.63e-24
  4.3812e+04   1.57e-24
  4.5217e+04   1.52e-24
  4.6667e+04   1.46e-24
  4.8163e+04   1.41e-24
  4.9707e+04   1.36e-24
  5.1301e+04   1.31e-24
  5.2946e+04   1.26e-24
  5.4644e+04   1.21e-24
  5.6396e+04   1.17e-24
  5.8204e+04   1.12e-24
  6.0070e+04   1.08e-24
  6.1996e+04   1.04e-24
  6.3984e+04   1.00e-24
  6.6035e+04   9.63e-25
  6.8153e+04   9.26e-25
  7.0338e+04   8.90e-25
  7.2593e+04   8.55e-25
  7.4921e+04   8.21e-25
  7.7323e+04   7.89e-25
  7.9802e+04   7.57e-25
  8.2361e+04   7.27e-25
  8.5002e+04   6.97e-25
  8.7727e+04   6.69e-25
  9.0540e+04   6.41e-25
  9.3443e+04   6.15e-25
  9.6439e+04   5.89e-25
  9.9531e+04   5.64e-25
  1.0272e+05   5.40e-25
  1.0602e+05   5.17e-25
  1.0942e+05   4.95e-25
  1.1292e+05   4.73e-25
  1.1654e+05   4.53e-25
  1.2028e+05   4.33e-25
  1.2414e+05   4.13e-25
  1.2812e+05   3.95e-25
  1.3223e+05   3.77e-25
  1.3646e+05   3.60e-25
  1.4084e+05   3.43e-25
  1.4536e+05   3.27e-25
  1.5002e+05   3.12e-25
  1.5483e+05   2.97e-25
  1.5979e+05   2.83e-25
  1.6491e+05   2.69e-25
  1.7020e+05   2.56e-25
  1.7566e+05   2.44e-25
  1.8129e+05   2.32e-25
  1.8710e+05   2.20e-25
  1.9310e+05   2.09e-25
  1.9929e+05   1.99e-25
  2.0568e+05   1.88e-25
  2.1228e+05   1.78e-25
  2.1909e+05   1.69e-25
  2.2611e+05   1.60e-25
  2.3336e+05   1.52e-25
  2.4084e+05   1.43e-25
  2.4856e+05   1.36e-25
  2.5653e+05   1.28e-25
  2.6476e+05   1.21e-25
  2.7325e+05   1.14e-25
  2.8201e+05   1.08e-25
  2.9105e+05   1.01e-25
  3.0038e+05   9.55e-26
  3.1002e+05   8.99e-26
  3.1996e+05   8.45e-26
  3.3021e+05   7.94e-26
  3.4080e+05   7.46e-26
  3.5173e+05   7.00e-26
  3.6301e+05   6.57e-26
  3.7465e+05   6.15e-26
  3.8666e+05   5.76e-26
  3.9905e+05   5.39e-26
  4.1185e+05   5.04e-26
  4.2506e+05   4.70e-26
  4.3868e+05   4.39e-26
  4.5275e+05   4.09e-26
  4.6727e+05   3.81e-26
  4.8225e+05   3.55e-26
  4.9771e+05   3.30e-26
  5.1367e+05   3.07e-26
  5.3014e+05   2.85e-26
  5.4714e+05   2.65e-26
  5.6468e+05   2.46e-26
  5.8278e+05   2.28e-26
  6.0147e+05   2.11e-26
  6.2075e+05   1.95e-26
  6.4066e+05   1.81e-26
  6.6120e+05   1.67e-26
  6.8240e+05   1.55e-26
  7.0428e+05   1.43e-26
  7.2686e+05   1.32e-26
  7.5017e+05   1.22e-26
  7.7422e+05   1.12e-26
  7.9904e+05   1.03e-26
  8.2466e+05   9.52e-27
  8.5110e+05   8.76e-27
  8.7839e+05   8.07e-27
  9.0656e+05   7.42e-27
  9.3562e+05   6.82e-27
  9.6562e+05   6.27e-27
  9.9658e+05   5.77e-27
  1.0285e+06   5.30e-27
  1.0615e+06   4.87e-27
  1.0956e+06   4.48e-27
  1.1307e+06   4.11e-27
  1.1669e+06   3.77e-27
  1.2043e+06   3.46e-27
  1.2430e+06   3.17e-27
  1.2828e+06   2.91e-27
  1.3239e+06   2.66e-27
  1.3664e+06   2.44e-27
  1.4102e+06   2.23e-27
  1.4554e+06   2.05e-27
  1.5021e+06   1.87e-27
  1.5502e+06   1.71e-27
  1.6000e+06   1.57e-27
  1.6513e+06   1.43e-27
  1.7042e+06   1.31e-27
  1.7588e+06   1.19e-27
  1.8152e+06   1.09e-27
  1.8734e+06   9.92e-28
  1.9335e+06   9.06e-28
  1.9955e+06   8.26e-28
  2.0595e+06   7.52e-28
  2.1255e+06   6.82e-28
  2.1937e+06   6.22e-28
  2.2640e+06   5.65e-28
  2.3366e+06   5.12e-28
  2.4115e+06   4.64e-28
  2.4888e+06   4.22e-28
  2.5686e+06   3.82e-28
  2.6510e+06   3.44e-28
  2.7360e+06   3.12e-28
  2.8237e+06   2.82e-28
  2.9142e+06   2.54e-28
  3.0077e+06   2.28e-28
  3.1041e+06   2.05e-28
  3.2036e+06   1.84e-28
  3.3064e+06   1.64e-28
  3.4124e+06   1.47e-28
  3.5218e+06   1.31e-28
  3.6347e+06   1.17e-28
  3.7512e+06   1.04e-28
  3.8715e+06   9.23e-29
  3.9957e+06   8.19e-29
  4.1238e+06   7.22e-29
  4.2560e+06   6.35e-29
  4.3924e+06   5.62e-29
  4.5333e+06   4.94e-29
  4.6786e+06   4.30e-29
  4.8286e+06   3.77e-29
  4.9835e+06   3.30e-29
  5.1433e+06   2.86e-29
  5.3082e+06   2.46e-29
  5.4784e+06   2.14e-29
  5.6540e+06   1.85e-29
  5.8353e+06   1.58e-29
  6.0224e+06   1.35e-29
  6.2155e+06   1.16e-29
  6.4148e+06   9.86e-30
  6.6205e+06   8.27e-30
  6.8327e+06   6.99e-30
  7.0518e+06   5.90e-30
  7.2779e+06   4.92e-30
  7.5113e+06   4.03e-30
  7.7521e+06   3.38e-30
  8.0007e+06   2.80e-30
  8.2572e+06   2.28e-30
  8.5219e+06   1.85e-30
  8.7952e+06   1.52e-30
  9.0772e+06   1.23e-30
  9.3682e+06   9.70e-31
  9.6686e+06   7.76e-31
  9.9786e+06   6.19e-31
  1.0299e+07   4.84e-31
  1.0629e+07   3.69e-31
  1.0970e+07   2.90e-31
  1.1321e+07   2.23e-31
  1.1684e+07   1.68e-31
  1.2059e+07   1.24e-31
  1.2446e+07   9.31e-32
  1.2845e+07   6.76e-32
  1.3256e+07   4.74e-32
  1.3681e+07   3.33e-32
  1.4120e+07   2.29e-32
  1.4573e+07   1.50e-32
  1.5040e+07   9.31e-33
  1.5522e+07   5.94e-33
  1.6020e+07   3.56e-33
