#  E [MeV]   Flux [# cm^{-2} s^{-1}  MeV^{-1}]
  3.0000e+04   1.12e-19
  3.0675e+04   1.08e-19
  3.1366e+04   1.04e-19
  3.2072e+04   9.99e-20
  3.2794e+04   9.62e-20
  3.3533e+04   9.27e-20
  3.4288e+04   8.93e-20
  3.5060e+04   8.60e-20
  3.5849e+04   8.28e-20
  3.6656e+04   7.96e-20
  3.7482e+04   7.67e-20
  3.8326e+04   7.38e-20
  3.9188e+04   7.10e-20
  4.0071e+04   6.83e-20
  4.0973e+04   6.56e-20
  4.1896e+04   6.31e-20
  4.2839e+04   6.07e-20
  4.3803e+04   5.83e-20
  4.4790e+04   5.61e-20
  4.5798e+04   5.38e-20
  4.6829e+04   5.17e-20
  4.7884e+04   4.97e-20
  4.8962e+04   4.77e-20
  5.0064e+04   4.58e-20
  5.1191e+04   4.39e-20
  5.2344e+04   4.21e-20
  5.3522e+04   4.04e-20
  5.4727e+04   3.88e-20
  5.5960e+04   3.72e-20
  5.7219e+04   3.56e-20
  5.8508e+04   3.41e-20
  5.9825e+04   3.27e-20
  6.1172e+04   3.13e-20
  6.2549e+04   3.00e-20
  6.3958e+04   2.87e-20
  6.5398e+04   2.74e-20
  6.6870e+04   2.62e-20
  6.8376e+04   2.51e-20
  6.9915e+04   2.40e-20
  7.1489e+04   2.29e-20
  7.3099e+04   2.19e-20
  7.4745e+04   2.09e-20
  7.6428e+04   1.99e-20
  7.8148e+04   1.90e-20
  7.9908e+04   1.82e-20
  8.1707e+04   1.73e-20
  8.3547e+04   1.65e-20
  8.5428e+04   1.57e-20
  8.7351e+04   1.50e-20
  8.9318e+04   1.43e-20
  9.1329e+04   1.36e-20
  9.3385e+04   1.30e-20
  9.5488e+04   1.23e-20
  9.7638e+04   1.17e-20
  9.9836e+04   1.12e-20
  1.0208e+05   1.06e-20
  1.0438e+05   1.01e-20
  1.0673e+05   9.58e-21
  1.0914e+05   9.10e-21
  1.1159e+05   8.64e-21
  1.1411e+05   8.20e-21
  1.1667e+05   7.77e-21
  1.1930e+05   7.37e-21
  1.2199e+05   6.99e-21
  1.2473e+05   6.62e-21
  1.2754e+05   6.26e-21
  1.3041e+05   5.91e-21
  1.3335e+05   5.60e-21
  1.3635e+05   5.30e-21
  1.3942e+05   5.01e-21
  1.4256e+05   4.73e-21
  1.4577e+05   4.46e-21
  1.4905e+05   4.21e-21
  1.5241e+05   3.97e-21
  1.5584e+05   3.75e-21
  1.5935e+05   3.53e-21
  1.6294e+05   3.32e-21
  1.6661e+05   3.12e-21
  1.7036e+05   2.94e-21
  1.7419e+05   2.77e-21
  1.7812e+05   2.60e-21
  1.8213e+05   2.44e-21
  1.8623e+05   2.29e-21
  1.9042e+05   2.15e-21
  1.9471e+05   2.02e-21
  1.9909e+05   1.89e-21
  2.0357e+05   1.77e-21
  2.0816e+05   1.66e-21
  2.1284e+05   1.55e-21
  2.1763e+05   1.45e-21
  2.2253e+05   1.36e-21
  2.2755e+05   1.27e-21
  2.3267e+05   1.18e-21
  2.3791e+05   1.10e-21
  2.4326e+05   1.03e-21
  2.4874e+05   9.61e-22
  2.5434e+05   8.93e-22
  2.6007e+05   8.28e-22
  2.6592e+05   7.71e-22
  2.7191e+05   7.18e-22
  2.7803e+05   6.67e-22
  2.8429e+05   6.18e-22
  2.9069e+05   5.71e-22
  2.9724e+05   5.30e-22
  3.0393e+05   4.92e-22
  3.1077e+05   4.55e-22
  3.1777e+05   4.21e-22
  3.2493e+05   3.87e-22
  3.3224e+05   3.57e-22
  3.3972e+05   3.31e-22
  3.4737e+05   3.05e-22
  3.5519e+05   2.81e-22
  3.6319e+05   2.58e-22
  3.7137e+05   2.37e-22
  3.7973e+05   2.19e-22
  3.8828e+05   2.01e-22
  3.9702e+05   1.85e-22
  4.0596e+05   1.69e-22
  4.1510e+05   1.54e-22
  4.2444e+05   1.42e-22
  4.3400e+05   1.30e-22
  4.4377e+05   1.19e-22
  4.5376e+05   1.09e-22
  4.6398e+05   9.88e-23
  4.7443e+05   9.06e-23
  4.8511e+05   8.29e-23
  4.9603e+05   7.56e-23
  5.0720e+05   6.86e-23
  5.1862e+05   6.21e-23
  5.3030e+05   5.66e-23
  5.4224e+05   5.17e-23
  5.5444e+05   4.70e-23
  5.6693e+05   4.26e-23
  5.7969e+05   3.84e-23
  5.9274e+05   3.49e-23
  6.0609e+05   3.18e-23
  6.1974e+05   2.88e-23
  6.3369e+05   2.61e-23
  6.4796e+05   2.35e-23
  6.6255e+05   2.12e-23
  6.7746e+05   1.93e-23
  6.9272e+05   1.75e-23
  7.0831e+05   1.58e-23
  7.2426e+05   1.42e-23
  7.4057e+05   1.27e-23
  7.5724e+05   1.16e-23
  7.7429e+05   1.05e-23
  7.9172e+05   9.48e-24
  8.0955e+05   8.52e-24
  8.2778e+05   7.62e-24
  8.4641e+05   6.94e-24
  8.6547e+05   6.30e-24
  8.8496e+05   5.69e-24
  9.0488e+05   5.12e-24
  9.2526e+05   4.58e-24
  9.4609e+05   4.17e-24
  9.6739e+05   3.80e-24
  9.8917e+05   3.44e-24
  1.0114e+06   3.11e-24
  1.0342e+06   2.80e-24
  1.0575e+06   2.55e-24
  1.0813e+06   2.33e-24
  1.1057e+06   2.13e-24
  1.1305e+06   1.93e-24
  1.1560e+06   1.75e-24
  1.1820e+06   1.60e-24
  1.2086e+06   1.47e-24
  1.2359e+06   1.35e-24
  1.2637e+06   1.23e-24
  1.2921e+06   1.13e-24
  1.3212e+06   1.03e-24
  1.3510e+06   9.53e-25
  1.3814e+06   8.80e-25
  1.4125e+06   8.10e-25
  1.4443e+06   7.44e-25
  1.4768e+06   6.84e-25
  1.5101e+06   6.37e-25
  1.5441e+06   5.92e-25
  1.5788e+06   5.49e-25
  1.6144e+06   5.09e-25
  1.6507e+06   4.70e-25
  1.6879e+06   4.39e-25
  1.7259e+06   4.10e-25
  1.7648e+06   3.81e-25
  1.8045e+06   3.54e-25
  1.8451e+06   3.29e-25
  1.8867e+06   3.07e-25
  1.9291e+06   2.86e-25
  1.9726e+06   2.66e-25
  2.0170e+06   2.47e-25
  2.0624e+06   2.29e-25
  2.1088e+06   2.13e-25
  2.1563e+06   1.97e-25
  2.2049e+06   1.82e-25
  2.2545e+06   1.68e-25
  2.3053e+06   1.54e-25
  2.3572e+06   1.43e-25
  2.4102e+06   1.34e-25
  2.4645e+06   1.26e-25
  2.5200e+06   1.18e-25
