#  E [GeV]   # per interaction  [GeV^{-1}]
  3.0000e+01   2.77e-02
  3.1141e+01   2.66e-02
  3.2326e+01   2.56e-02
  3.3556e+01   2.47e-02
  3.4832e+01   2.37e-02
  3.6157e+01   2.28e-02
  3.7533e+01   2.20e-02
  3.8961e+01   2.11e-02
  4.0443e+01   2.03e-02
  4.1982e+01   1.95e-02
  4.3579e+01   1.87e-02
  4.5237e+01   1.80e-02
  4.6958e+01   1.73e-02
  4.8744e+01   1.66e-02
  5.0598e+01   1.59e-02
  5.2523e+01   1.53e-02
  5.4521e+01   1.47e-02
  5.6596e+01   1.41e-02
  5.8749e+01   1.35e-02
  6.0984e+01   1.30e-02
  6.3304e+01   1.24e-02
  6.5712e+01   1.19e-02
  6.8212e+01   1.14e-02
  7.0807e+01   1.09e-02
  7.3500e+01   1.05e-02
  7.6297e+01   1.01e-02
  7.9199e+01   9.63e-03
  8.2212e+01   9.22e-03
  8.5340e+01   8.83e-03
  8.8586e+01   8.45e-03
  9.1956e+01   8.09e-03
  9.5455e+01   7.74e-03
  9.9086e+01   7.41e-03
  1.0286e+02   7.08e-03
  1.0677e+02   6.77e-03
  1.1083e+02   6.48e-03
  1.1505e+02   6.19e-03
  1.1942e+02   5.92e-03
  1.2397e+02   5.66e-03
  1.2868e+02   5.41e-03
  1.3358e+02   5.17e-03
  1.3866e+02   4.93e-03
  1.4394e+02   4.71e-03
  1.4941e+02   4.50e-03
  1.5509e+02   4.30e-03
  1.6100e+02   4.10e-03
  1.6712e+02   3.92e-03
  1.7348e+02   3.74e-03
  1.8008e+02   3.57e-03
  1.8693e+02   3.40e-03
  1.9404e+02   3.25e-03
  2.0142e+02   3.10e-03
  2.0908e+02   2.96e-03
  2.1704e+02   2.82e-03
  2.2529e+02   2.69e-03
  2.3387e+02   2.56e-03
  2.4276e+02   2.45e-03
  2.5200e+02   2.33e-03
  2.6158e+02   2.22e-03
  2.7154e+02   2.12e-03
  2.8187e+02   2.02e-03
  2.9259e+02   1.93e-03
  3.0372e+02   1.84e-03
  3.1527e+02   1.75e-03
  3.2727e+02   1.67e-03
  3.3972e+02   1.59e-03
  3.5264e+02   1.52e-03
  3.6606e+02   1.45e-03
  3.7998e+02   1.38e-03
  3.9444e+02   1.32e-03
  4.0945e+02   1.26e-03
  4.2502e+02   1.20e-03
  4.4119e+02   1.15e-03
  4.5798e+02   1.10e-03
  4.7540e+02   1.05e-03
  4.9348e+02   9.99e-04
  5.1226e+02   9.55e-04
  5.3175e+02   9.12e-04
  5.5198e+02   8.71e-04
  5.7297e+02   8.33e-04
  5.9477e+02   7.97e-04
  6.1740e+02   7.62e-04
  6.4089e+02   7.30e-04
  6.6527e+02   6.99e-04
  6.9058e+02   6.69e-04
  7.1685e+02   6.41e-04
  7.4412e+02   6.15e-04
  7.7243e+02   5.90e-04
  8.0181e+02   5.66e-04
  8.3232e+02   5.43e-04
  8.6398e+02   5.21e-04
  8.9685e+02   5.01e-04
  9.3097e+02   4.82e-04
  9.6638e+02   4.63e-04
  1.0031e+03   4.46e-04
  1.0413e+03   4.29e-04
  1.0809e+03   4.14e-04
  1.1220e+03   3.99e-04
  1.1647e+03   3.84e-04
  1.2090e+03   3.71e-04
  1.2550e+03   3.58e-04
  1.3028e+03   3.45e-04
  1.3523e+03   3.33e-04
  1.4038e+03   3.22e-04
  1.4572e+03   3.11e-04
  1.5126e+03   3.01e-04
  1.5702e+03   2.91e-04
  1.6299e+03   2.82e-04
  1.6919e+03   2.73e-04
  1.7563e+03   2.64e-04
  1.8231e+03   2.56e-04
  1.8925e+03   2.48e-04
  1.9645e+03   2.40e-04
  2.0392e+03   2.33e-04
  2.1168e+03   2.26e-04
  2.1973e+03   2.19e-04
  2.2809e+03   2.12e-04
  2.3677e+03   2.06e-04
  2.4577e+03   1.99e-04
  2.5512e+03   1.93e-04
  2.6483e+03   1.87e-04
  2.7490e+03   1.82e-04
  2.8536e+03   1.76e-04
  2.9622e+03   1.70e-04
  3.0749e+03   1.65e-04
  3.1918e+03   1.60e-04
  3.3133e+03   1.55e-04
  3.4393e+03   1.50e-04
  3.5702e+03   1.45e-04
  3.7060e+03   1.40e-04
  3.8470e+03   1.35e-04
  3.9933e+03   1.30e-04
  4.1452e+03   1.26e-04
  4.3029e+03   1.21e-04
  4.4666e+03   1.17e-04
  4.6366e+03   1.12e-04
  4.8129e+03   1.08e-04
  4.9960e+03   1.04e-04
  5.1861e+03   9.94e-05
  5.3834e+03   9.53e-05
  5.5882e+03   9.12e-05
  5.8008e+03   8.72e-05
  6.0215e+03   8.33e-05
  6.2506e+03   7.94e-05
  6.4883e+03   7.55e-05
  6.7352e+03   7.18e-05
  6.9914e+03   6.82e-05
  7.2574e+03   6.45e-05
  7.5335e+03   6.10e-05
  7.8201e+03   5.76e-05
  8.1176e+03   5.41e-05
  8.4264e+03   5.08e-05
  8.7470e+03   4.76e-05
  9.0797e+03   4.44e-05
  9.4251e+03   4.14e-05
  9.7837e+03   3.85e-05
  1.0156e+04   3.55e-05
  1.0542e+04   3.27e-05
  1.0943e+04   3.00e-05
  1.1360e+04   2.74e-05
  1.1792e+04   2.49e-05
  1.2240e+04   2.26e-05
  1.2706e+04   2.03e-05
  1.3189e+04   1.81e-05
  1.3691e+04   1.61e-05
  1.4212e+04   1.42e-05
  1.4753e+04   1.24e-05
  1.5314e+04   1.08e-05
  1.5897e+04   9.28e-06
  1.6501e+04   7.89e-06
  1.7129e+04   6.63e-06
  1.7781e+04   5.49e-06
  1.8457e+04   4.48e-06
  1.9159e+04   3.60e-06
  1.9888e+04   2.84e-06
  2.0645e+04   2.18e-06
  2.1430e+04   1.64e-06
  2.2245e+04   1.20e-06
  2.3092e+04   8.45e-07
  2.3970e+04   5.75e-07
  2.4882e+04   3.74e-07
  2.5829e+04   2.32e-07
  2.6811e+04   1.36e-07
  2.7831e+04   7.40e-08
  2.8890e+04   3.73e-08
  2.9989e+04   1.71e-08
  3.1130e+04   6.94e-09
  3.2314e+04   2.47e-09
  3.3544e+04   7.40e-10
  3.4820e+04   1.80e-10
  3.6144e+04   3.46e-11
  3.7519e+04   4.87e-12
  3.8947e+04   4.64e-13
  4.0428e+04   2.81e-14
  4.1966e+04   9.36e-16
  4.3563e+04   1.44e-17
  4.5220e+04   8.68e-20
  4.6941e+04   1.50e-22
  4.8726e+04   5.04e-26
  5.0580e+04   2.08e-30
