#  E [MeV]   Flux [# cm^{-2} s^{-1}  MeV^{-1}]
  3.0000e+04   1.21e-17
  3.0411e+04   1.17e-17
  3.0828e+04   1.14e-17
  3.1250e+04   1.10e-17
  3.1678e+04   1.07e-17
  3.2112e+04   1.04e-17
  3.2552e+04   1.01e-17
  3.2998e+04   9.80e-18
  3.3450e+04   9.51e-18
  3.3909e+04   9.22e-18
  3.4373e+04   8.94e-18
  3.4844e+04   8.66e-18
  3.5322e+04   8.39e-18
  3.5806e+04   8.14e-18
  3.6296e+04   7.90e-18
  3.6794e+04   7.66e-18
  3.7298e+04   7.42e-18
  3.7809e+04   7.19e-18
  3.8327e+04   6.96e-18
  3.8852e+04   6.74e-18
  3.9384e+04   6.53e-18
  3.9924e+04   6.32e-18
  4.0471e+04   6.13e-18
  4.1025e+04   5.94e-18
  4.1587e+04   5.75e-18
  4.2157e+04   5.56e-18
  4.2735e+04   5.39e-18
  4.3320e+04   5.21e-18
  4.3914e+04   5.04e-18
  4.4516e+04   4.87e-18
  4.5125e+04   4.72e-18
  4.5744e+04   4.56e-18
  4.6370e+04   4.41e-18
  4.7006e+04   4.27e-18
  4.7650e+04   4.12e-18
  4.8303e+04   3.98e-18
  4.8965e+04   3.85e-18
  4.9635e+04   3.71e-18
  5.0315e+04   3.59e-18
  5.1005e+04   3.47e-18
  5.1704e+04   3.35e-18
  5.2412e+04   3.24e-18
  5.3130e+04   3.13e-18
  5.3858e+04   3.02e-18
  5.4596e+04   2.91e-18
  5.5344e+04   2.81e-18
  5.6102e+04   2.71e-18
  5.6871e+04   2.61e-18
  5.7650e+04   2.52e-18
  5.8440e+04   2.44e-18
  5.9241e+04   2.35e-18
  6.0053e+04   2.26e-18
  6.0875e+04   2.18e-18
  6.1709e+04   2.10e-18
  6.2555e+04   2.02e-18
  6.3412e+04   1.95e-18
  6.4281e+04   1.88e-18
  6.5162e+04   1.81e-18
  6.6054e+04   1.75e-18
  6.6959e+04   1.68e-18
  6.7877e+04   1.62e-18
  6.8807e+04   1.56e-18
  6.9750e+04   1.50e-18
  7.0705e+04   1.44e-18
  7.1674e+04   1.39e-18
  7.2656e+04   1.34e-18
  7.3652e+04   1.29e-18
  7.4661e+04   1.24e-18
  7.5684e+04   1.19e-18
  7.6721e+04   1.14e-18
  7.7772e+04   1.10e-18
  7.8837e+04   1.05e-18
  7.9917e+04   1.01e-18
  8.1012e+04   9.74e-19
  8.2122e+04   9.36e-19
  8.3248e+04   9.00e-19
  8.4388e+04   8.64e-19
  8.5544e+04   8.28e-19
  8.6717e+04   7.94e-19
  8.7905e+04   7.60e-19
  8.9109e+04   7.29e-19
  9.0330e+04   7.00e-19
  9.1568e+04   6.72e-19
  9.2822e+04   6.45e-19
  9.4094e+04   6.18e-19
  9.5383e+04   5.91e-19
  9.6690e+04   5.66e-19
  9.8015e+04   5.41e-19
  9.9358e+04   5.16e-19
  1.0072e+05   4.95e-19
  1.0210e+05   4.74e-19
  1.0350e+05   4.54e-19
  1.0492e+05   4.35e-19
  1.0635e+05   4.16e-19
  1.0781e+05   3.97e-19
  1.0929e+05   3.79e-19
  1.1079e+05   3.61e-19
  1.1230e+05   3.44e-19
  1.1384e+05   3.30e-19
  1.1540e+05   3.15e-19
  1.1698e+05   3.01e-19
  1.1859e+05   2.87e-19
  1.2021e+05   2.74e-19
  1.2186e+05   2.61e-19
  1.2353e+05   2.48e-19
  1.2522e+05   2.35e-19
  1.2694e+05   2.25e-19
  1.2867e+05   2.15e-19
  1.3044e+05   2.05e-19
  1.3222e+05   1.95e-19
  1.3404e+05   1.86e-19
  1.3587e+05   1.77e-19
  1.3773e+05   1.67e-19
  1.3962e+05   1.59e-19
  1.4153e+05   1.51e-19
  1.4347e+05   1.44e-19
  1.4544e+05   1.37e-19
  1.4743e+05   1.30e-19
  1.4945e+05   1.24e-19
  1.5150e+05   1.17e-19
  1.5358e+05   1.11e-19
  1.5568e+05   1.05e-19
  1.5781e+05   9.92e-20
  1.5997e+05   9.44e-20
  1.6217e+05   8.98e-20
  1.6439e+05   8.53e-20
  1.6664e+05   8.08e-20
  1.6892e+05   7.65e-20
  1.7124e+05   7.23e-20
  1.7358e+05   6.81e-20
  1.7596e+05   6.41e-20
  1.7837e+05   6.07e-20
  1.8082e+05   5.75e-20
  1.8330e+05   5.45e-20
  1.8581e+05   5.15e-20
  1.8835e+05   4.86e-20
  1.9093e+05   4.58e-20
  1.9355e+05   4.30e-20
  1.9620e+05   4.03e-20
  1.9889e+05   3.78e-20
  2.0161e+05   3.57e-20
  2.0438e+05   3.38e-20
  2.0718e+05   3.19e-20
  2.1002e+05   3.00e-20
  2.1289e+05   2.82e-20
  2.1581e+05   2.64e-20
  2.1877e+05   2.47e-20
  2.2176e+05   2.30e-20
  2.2480e+05   2.16e-20
  2.2788e+05   2.04e-20
  2.3101e+05   1.92e-20
  2.3417e+05   1.81e-20
  2.3738e+05   1.69e-20
  2.4063e+05   1.58e-20
  2.4393e+05   1.47e-20
  2.4727e+05   1.37e-20
  2.5066e+05   1.27e-20
  2.5409e+05   1.20e-20
  2.5757e+05   1.13e-20
  2.6110e+05   1.06e-20
  2.6468e+05   9.91e-21
  2.6831e+05   9.24e-21
  2.7198e+05   8.59e-21
  2.7571e+05   7.96e-21
  2.7949e+05   7.34e-21
  2.8332e+05   6.87e-21
  2.8720e+05   6.44e-21
  2.9113e+05   6.02e-21
  2.9512e+05   5.62e-21
  2.9917e+05   5.22e-21
  3.0327e+05   4.83e-21
  3.0742e+05   4.45e-21
  3.1163e+05   4.08e-21
  3.1590e+05   3.76e-21
  3.2023e+05   3.52e-21
  3.2462e+05   3.29e-21
  3.2907e+05   3.06e-21
  3.3357e+05   2.84e-21
  3.3814e+05   2.62e-21
  3.4278e+05   2.41e-21
  3.4747e+05   2.20e-21
  3.5223e+05   2.00e-21
  3.5706e+05   1.86e-21
  3.6195e+05   1.73e-21
  3.6691e+05   1.60e-21
  3.7194e+05   1.48e-21
  3.7704e+05   1.36e-21
  3.8220e+05   1.24e-21
  3.8744e+05   1.13e-21
  3.9275e+05   1.02e-21
  3.9813e+05   9.27e-22
  4.0358e+05   8.58e-22
  4.0911e+05   7.91e-22
  4.1472e+05   7.25e-22
  4.2040e+05   6.61e-22
  4.2616e+05   5.99e-22
  4.3200e+05   5.39e-22
  4.3792e+05   4.80e-22
  4.4392e+05   4.22e-22
  4.5000e+05   3.96e-22
