#  E [MeV]   Flux [# cm^{-2} s^{-1}  MeV^{-1}]
  3.0000e+04   2.23e-20
  3.1123e+04   2.14e-20
  3.2288e+04   2.06e-20
  3.3497e+04   1.98e-20
  3.4751e+04   1.90e-20
  3.6051e+04   1.83e-20
  3.7401e+04   1.76e-20
  3.8801e+04   1.69e-20
  4.0253e+04   1.63e-20
  4.1760e+04   1.56e-20
  4.3324e+04   1.50e-20
  4.4945e+04   1.44e-20
  4.6628e+04   1.39e-20
  4.8373e+04   1.33e-20
  5.0184e+04   1.28e-20
  5.2063e+04   1.23e-20
  5.4011e+04   1.18e-20
  5.6033e+04   1.13e-20
  5.8131e+04   1.09e-20
  6.0307e+04   1.05e-20
  6.2564e+04   1.00e-20
  6.4906e+04   9.64e-21
  6.7336e+04   9.25e-21
  6.9857e+04   8.87e-21
  7.2472e+04   8.51e-21
  7.5184e+04   8.17e-21
  7.7999e+04   7.83e-21
  8.0919e+04   7.51e-21
  8.3948e+04   7.20e-21
  8.7090e+04   6.90e-21
  9.0350e+04   6.61e-21
  9.3732e+04   6.33e-21
  9.7241e+04   6.06e-21
  1.0088e+05   5.80e-21
  1.0466e+05   5.56e-21
  1.0858e+05   5.32e-21
  1.1264e+05   5.09e-21
  1.1686e+05   4.87e-21
  1.2123e+05   4.65e-21
  1.2577e+05   4.45e-21
  1.3048e+05   4.25e-21
  1.3536e+05   4.06e-21
  1.4043e+05   3.87e-21
  1.4568e+05   3.70e-21
  1.5114e+05   3.53e-21
  1.5680e+05   3.36e-21
  1.6266e+05   3.21e-21
  1.6875e+05   3.05e-21
  1.7507e+05   2.91e-21
  1.8162e+05   2.77e-21
  1.8842e+05   2.63e-21
  1.9548e+05   2.50e-21
  2.0279e+05   2.38e-21
  2.1039e+05   2.26e-21
  2.1826e+05   2.15e-21
  2.2643e+05   2.03e-21
  2.3491e+05   1.93e-21
  2.4370e+05   1.83e-21
  2.5282e+05   1.73e-21
  2.6229e+05   1.64e-21
  2.7211e+05   1.55e-21
  2.8229e+05   1.46e-21
  2.9286e+05   1.38e-21
  3.0382e+05   1.30e-21
  3.1519e+05   1.23e-21
  3.2699e+05   1.15e-21
  3.3923e+05   1.09e-21
  3.5193e+05   1.02e-21
  3.6511e+05   9.58e-22
  3.7877e+05   8.99e-22
  3.9295e+05   8.42e-22
  4.0766e+05   7.89e-22
  4.2292e+05   7.38e-22
  4.3875e+05   6.90e-22
  4.5518e+05   6.44e-22
  4.7222e+05   6.01e-22
  4.8989e+05   5.61e-22
  5.0823e+05   5.22e-22
  5.2726e+05   4.86e-22
  5.4699e+05   4.52e-22
  5.6747e+05   4.20e-22
  5.8871e+05   3.90e-22
  6.1075e+05   3.62e-22
  6.3361e+05   3.35e-22
  6.5733e+05   3.11e-22
  6.8194e+05   2.88e-22
  7.0746e+05   2.66e-22
  7.3395e+05   2.46e-22
  7.6142e+05   2.28e-22
  7.8992e+05   2.10e-22
  8.1949e+05   1.94e-22
  8.5017e+05   1.79e-22
  8.8199e+05   1.65e-22
  9.1501e+05   1.53e-22
  9.4926e+05   1.41e-22
  9.8479e+05   1.30e-22
  1.0217e+06   1.19e-22
  1.0599e+06   1.10e-22
  1.0996e+06   1.01e-22
  1.1407e+06   9.32e-23
  1.1834e+06   8.56e-23
  1.2277e+06   7.88e-23
  1.2737e+06   7.24e-23
  1.3214e+06   6.65e-23
  1.3708e+06   6.11e-23
  1.4222e+06   5.61e-23
  1.4754e+06   5.15e-23
  1.5306e+06   4.73e-23
  1.5879e+06   4.34e-23
  1.6474e+06   3.98e-23
  1.7090e+06   3.65e-23
  1.7730e+06   3.34e-23
  1.8394e+06   3.06e-23
  1.9082e+06   2.80e-23
  1.9797e+06   2.57e-23
  2.0538e+06   2.35e-23
  2.1306e+06   2.14e-23
  2.2104e+06   1.96e-23
  2.2931e+06   1.79e-23
  2.3790e+06   1.62e-23
  2.4680e+06   1.48e-23
  2.5604e+06   1.35e-23
  2.6563e+06   1.22e-23
  2.7557e+06   1.11e-23
  2.8589e+06   1.01e-23
  2.9659e+06   9.13e-24
  3.0769e+06   8.27e-24
  3.1921e+06   7.48e-24
  3.3116e+06   6.75e-24
  3.4355e+06   6.08e-24
  3.5641e+06   5.48e-24
  3.6976e+06   4.92e-24
  3.8360e+06   4.41e-24
  3.9796e+06   3.96e-24
  4.1285e+06   3.54e-24
  4.2831e+06   3.15e-24
  4.4434e+06   2.82e-24
  4.6097e+06   2.50e-24
  4.7823e+06   2.21e-24
  4.9613e+06   1.97e-24
  5.1470e+06   1.74e-24
  5.3397e+06   1.52e-24
  5.5396e+06   1.34e-24
  5.7470e+06   1.18e-24
  5.9621e+06   1.03e-24
  6.1853e+06   8.96e-25
  6.4168e+06   7.80e-25
  6.6570e+06   6.73e-25
  6.9062e+06   5.82e-25
  7.1647e+06   5.01e-25
  7.4329e+06   4.28e-25
  7.7112e+06   3.65e-25
  7.9998e+06   3.11e-25
  8.2993e+06   2.62e-25
  8.6100e+06   2.20e-25
  8.9323e+06   1.85e-25
  9.2666e+06   1.54e-25
  9.6135e+06   1.26e-25
  9.9734e+06   1.04e-25
  1.0347e+07   8.50e-26
  1.0734e+07   6.84e-26
  1.1136e+07   5.52e-26
  1.1553e+07   4.39e-26
  1.1985e+07   3.42e-26
  1.2434e+07   2.68e-26
  1.2899e+07   2.06e-26
  1.3382e+07   1.55e-26
  1.3883e+07   1.17e-26
  1.4403e+07   8.62e-27
  1.4942e+07   6.18e-27
  1.5501e+07   4.40e-27
  1.6081e+07   3.06e-27
  1.6683e+07   2.06e-27
  1.7308e+07   1.35e-27
  1.7956e+07   8.66e-28
  1.8628e+07   5.30e-28
  1.9325e+07   3.12e-28
  2.0049e+07   1.77e-28
  2.0799e+07   9.39e-29
  2.1578e+07   4.69e-29
  2.2386e+07   2.22e-29
  2.3224e+07   9.59e-30
  2.4093e+07   3.75e-30
  2.4995e+07   1.34e-30
  2.5930e+07   4.20e-31
  2.6901e+07   1.12e-31
  2.7908e+07   2.56e-32
  2.8953e+07   4.72e-33
  3.0037e+07   6.69e-34
  3.1161e+07   7.19e-35
  3.2327e+07   5.35e-36
  3.3537e+07   2.54e-37
  3.4793e+07   7.17e-39
  3.6095e+07   1.05e-40
  3.7446e+07   6.72e-43
  3.8848e+07   1.57e-45
  4.0302e+07   1.04e-48
  4.1811e+07   1.37e-52
  4.3376e+07   2.36e-57
  4.5000e+07   3.02e-63
