#  E [MeV]   Flux [# cm^{-2} s^{-1}  MeV^{-1}]
  3.0000e+04   3.84e-20
  3.0943e+04   3.68e-20
  3.1916e+04   3.54e-20
  3.2920e+04   3.40e-20
  3.3955e+04   3.26e-20
  3.5023e+04   3.13e-20
  3.6124e+04   3.00e-20
  3.7260e+04   2.88e-20
  3.8432e+04   2.77e-20
  3.9640e+04   2.65e-20
  4.0887e+04   2.54e-20
  4.2172e+04   2.44e-20
  4.3499e+04   2.34e-20
  4.4866e+04   2.24e-20
  4.6277e+04   2.15e-20
  4.7732e+04   2.06e-20
  4.9233e+04   1.97e-20
  5.0781e+04   1.89e-20
  5.2378e+04   1.81e-20
  5.4025e+04   1.73e-20
  5.5724e+04   1.66e-20
  5.7476e+04   1.58e-20
  5.9284e+04   1.52e-20
  6.1148e+04   1.45e-20
  6.3071e+04   1.39e-20
  6.5054e+04   1.33e-20
  6.7100e+04   1.27e-20
  6.9210e+04   1.21e-20
  7.1386e+04   1.16e-20
  7.3631e+04   1.10e-20
  7.5946e+04   1.05e-20
  7.8334e+04   1.01e-20
  8.0797e+04   9.61e-21
  8.3338e+04   9.16e-21
  8.5959e+04   8.74e-21
  8.8662e+04   8.33e-21
  9.1450e+04   7.93e-21
  9.4325e+04   7.56e-21
  9.7291e+04   7.20e-21
  1.0035e+05   6.85e-21
  1.0351e+05   6.52e-21
  1.0676e+05   6.20e-21
  1.1012e+05   5.89e-21
  1.1358e+05   5.60e-21
  1.1715e+05   5.32e-21
  1.2084e+05   5.05e-21
  1.2464e+05   4.80e-21
  1.2856e+05   4.55e-21
  1.3260e+05   4.32e-21
  1.3677e+05   4.09e-21
  1.4107e+05   3.88e-21
  1.4550e+05   3.67e-21
  1.5008e+05   3.48e-21
  1.5480e+05   3.29e-21
  1.5967e+05   3.11e-21
  1.6469e+05   2.94e-21
  1.6987e+05   2.78e-21
  1.7521e+05   2.63e-21
  1.8072e+05   2.48e-21
  1.8640e+05   2.34e-21
  1.9226e+05   2.21e-21
  1.9831e+05   2.08e-21
  2.0454e+05   1.96e-21
  2.1097e+05   1.84e-21
  2.1761e+05   1.73e-21
  2.2445e+05   1.63e-21
  2.3151e+05   1.53e-21
  2.3879e+05   1.43e-21
  2.4630e+05   1.34e-21
  2.5404e+05   1.26e-21
  2.6203e+05   1.18e-21
  2.7027e+05   1.10e-21
  2.7877e+05   1.03e-21
  2.8753e+05   9.61e-22
  2.9657e+05   8.96e-22
  3.0590e+05   8.35e-22
  3.1552e+05   7.77e-22
  3.2544e+05   7.22e-22
  3.3567e+05   6.71e-22
  3.4623e+05   6.23e-22
  3.5712e+05   5.77e-22
  3.6835e+05   5.34e-22
  3.7993e+05   4.94e-22
  3.9188e+05   4.56e-22
  4.0420e+05   4.21e-22
  4.1691e+05   3.88e-22
  4.3002e+05   3.57e-22
  4.4354e+05   3.29e-22
  4.5749e+05   3.02e-22
  4.7187e+05   2.77e-22
  4.8671e+05   2.54e-22
  5.0202e+05   2.33e-22
  5.1780e+05   2.13e-22
  5.3409e+05   1.95e-22
  5.5088e+05   1.78e-22
  5.6820e+05   1.62e-22
  5.8607e+05   1.47e-22
  6.0450e+05   1.34e-22
  6.2351e+05   1.22e-22
  6.4311e+05   1.11e-22
  6.6334e+05   1.01e-22
  6.8419e+05   9.13e-23
  7.0571e+05   8.27e-23
  7.2790e+05   7.47e-23
  7.5079e+05   6.77e-23
  7.7440e+05   6.12e-23
  7.9875e+05   5.52e-23
  8.2387e+05   4.98e-23
  8.4977e+05   4.50e-23
  8.7649e+05   4.05e-23
  9.0405e+05   3.65e-23
  9.3248e+05   3.28e-23
  9.6180e+05   2.96e-23
  9.9205e+05   2.66e-23
  1.0232e+06   2.39e-23
  1.0554e+06   2.15e-23
  1.0886e+06   1.93e-23
  1.1228e+06   1.74e-23
  1.1581e+06   1.55e-23
  1.1946e+06   1.40e-23
  1.2321e+06   1.26e-23
  1.2709e+06   1.12e-23
  1.3108e+06   1.01e-23
  1.3521e+06   9.05e-24
  1.3946e+06   8.10e-24
  1.4384e+06   7.23e-24
  1.4837e+06   6.47e-24
  1.5303e+06   5.80e-24
  1.5784e+06   5.18e-24
  1.6281e+06   4.61e-24
  1.6793e+06   4.14e-24
  1.7321e+06   3.70e-24
  1.7865e+06   3.30e-24
  1.8427e+06   2.93e-24
  1.9006e+06   2.63e-24
  1.9604e+06   2.34e-24
  2.0221e+06   2.08e-24
  2.0856e+06   1.85e-24
  2.1512e+06   1.65e-24
  2.2189e+06   1.47e-24
  2.2886e+06   1.29e-24
  2.3606e+06   1.15e-24
  2.4348e+06   1.03e-24
  2.5114e+06   9.08e-25
  2.5904e+06   7.98e-25
  2.6718e+06   7.11e-25
  2.7558e+06   6.29e-25
  2.8425e+06   5.53e-25
  2.9319e+06   4.86e-25
  3.0241e+06   4.31e-25
  3.1192e+06   3.79e-25
  3.2173e+06   3.31e-25
  3.3184e+06   2.91e-25
  3.4228e+06   2.57e-25
  3.5304e+06   2.25e-25
  3.6414e+06   1.95e-25
  3.7559e+06   1.72e-25
  3.8740e+06   1.51e-25
  3.9958e+06   1.31e-25
  4.1215e+06   1.14e-25
  4.2511e+06   1.00e-25
  4.3848e+06   8.73e-26
  4.5227e+06   7.55e-26
  4.6649e+06   6.56e-26
  4.8116e+06   5.74e-26
  4.9629e+06   4.98e-26
  5.1189e+06   4.28e-26
  5.2799e+06   3.74e-26
  5.4459e+06   3.26e-26
  5.6171e+06   2.82e-26
  5.7938e+06   2.42e-26
  5.9760e+06   2.12e-26
  6.1639e+06   1.84e-26
  6.3577e+06   1.58e-26
  6.5576e+06   1.37e-26
  6.7638e+06   1.18e-26
  6.9765e+06   1.02e-26
  7.1959e+06   8.73e-27
  7.4222e+06   7.49e-27
  7.6556e+06   6.42e-27
  7.8963e+06   5.46e-27
  8.1446e+06   4.61e-27
  8.4007e+06   3.91e-27
  8.6649e+06   3.30e-27
  8.9373e+06   2.75e-27
  9.2184e+06   2.28e-27
  9.5082e+06   1.89e-27
  9.8072e+06   1.55e-27
  1.0116e+07   1.26e-27
  1.0434e+07   1.01e-27
  1.0762e+07   8.05e-28
  1.1100e+07   6.32e-28
  1.1449e+07   4.88e-28
  1.1809e+07   3.71e-28
  1.2181e+07   2.77e-28
  1.2564e+07   2.03e-28
  1.2959e+07   1.45e-28
  1.3366e+07   1.05e-28
  1.3786e+07   7.37e-29
  1.4220e+07   5.06e-29
