#  E [MeV]   Flux [# cm^{-2} s^{-1}  MeV^{-1}]
  3.0000e+04   2.51e-19
  3.0589e+04   2.42e-19
  3.1190e+04   2.34e-19
  3.1803e+04   2.26e-19
  3.2428e+04   2.18e-19
  3.3065e+04   2.10e-19
  3.3714e+04   2.03e-19
  3.4376e+04   1.96e-19
  3.5052e+04   1.89e-19
  3.5740e+04   1.82e-19
  3.6442e+04   1.75e-19
  3.7158e+04   1.69e-19
  3.7888e+04   1.62e-19
  3.8632e+04   1.56e-19
  3.9391e+04   1.51e-19
  4.0165e+04   1.45e-19
  4.0954e+04   1.40e-19
  4.1758e+04   1.34e-19
  4.2579e+04   1.29e-19
  4.3415e+04   1.24e-19
  4.4268e+04   1.20e-19
  4.5138e+04   1.15e-19
  4.6024e+04   1.10e-19
  4.6928e+04   1.06e-19
  4.7850e+04   1.02e-19
  4.8790e+04   9.80e-20
  4.9749e+04   9.41e-20
  5.0726e+04   9.03e-20
  5.1722e+04   8.67e-20
  5.2738e+04   8.32e-20
  5.3774e+04   7.98e-20
  5.4831e+04   7.66e-20
  5.5908e+04   7.34e-20
  5.7006e+04   7.04e-20
  5.8126e+04   6.75e-20
  5.9268e+04   6.46e-20
  6.0432e+04   6.19e-20
  6.1619e+04   5.93e-20
  6.2829e+04   5.68e-20
  6.4064e+04   5.44e-20
  6.5322e+04   5.20e-20
  6.6605e+04   4.97e-20
  6.7913e+04   4.76e-20
  6.9248e+04   4.55e-20
  7.0608e+04   4.35e-20
  7.1995e+04   4.15e-20
  7.3409e+04   3.97e-20
  7.4851e+04   3.78e-20
  7.6321e+04   3.61e-20
  7.7821e+04   3.45e-20
  7.9349e+04   3.29e-20
  8.0908e+04   3.14e-20
  8.2497e+04   2.99e-20
  8.4118e+04   2.85e-20
  8.5770e+04   2.72e-20
  8.7455e+04   2.59e-20
  8.9173e+04   2.47e-20
  9.0925e+04   2.35e-20
  9.2711e+04   2.23e-20
  9.4532e+04   2.12e-20
  9.6389e+04   2.02e-20
  9.8283e+04   1.92e-20
  1.0021e+05   1.83e-20
  1.0218e+05   1.74e-20
  1.0419e+05   1.65e-20
  1.0624e+05   1.56e-20
  1.0832e+05   1.48e-20
  1.1045e+05   1.41e-20
  1.1262e+05   1.34e-20
  1.1483e+05   1.27e-20
  1.1709e+05   1.20e-20
  1.1939e+05   1.14e-20
  1.2173e+05   1.08e-20
  1.2412e+05   1.02e-20
  1.2656e+05   9.67e-21
  1.2905e+05   9.15e-21
  1.3158e+05   8.64e-21
  1.3417e+05   8.15e-21
  1.3680e+05   7.72e-21
  1.3949e+05   7.30e-21
  1.4223e+05   6.90e-21
  1.4503e+05   6.51e-21
  1.4787e+05   6.13e-21
  1.5078e+05   5.76e-21
  1.5374e+05   5.45e-21
  1.5676e+05   5.14e-21
  1.5984e+05   4.85e-21
  1.6298e+05   4.56e-21
  1.6618e+05   4.28e-21
  1.6945e+05   4.02e-21
  1.7278e+05   3.79e-21
  1.7617e+05   3.57e-21
  1.7963e+05   3.36e-21
  1.8316e+05   3.15e-21
  1.8676e+05   2.95e-21
  1.9042e+05   2.77e-21
  1.9417e+05   2.60e-21
  1.9798e+05   2.45e-21
  2.0187e+05   2.30e-21
  2.0583e+05   2.15e-21
  2.0988e+05   2.01e-21
  2.1400e+05   1.88e-21
  2.1820e+05   1.76e-21
  2.2249e+05   1.65e-21
  2.2686e+05   1.55e-21
  2.3132e+05   1.44e-21
  2.3586e+05   1.35e-21
  2.4049e+05   1.26e-21
  2.4522e+05   1.18e-21
  2.5004e+05   1.10e-21
  2.5495e+05   1.03e-21
  2.5996e+05   9.57e-22
  2.6506e+05   8.88e-22
  2.7027e+05   8.27e-22
  2.7558e+05   7.73e-22
  2.8099e+05   7.21e-22
  2.8651e+05   6.71e-22
  2.9214e+05   6.23e-22
  2.9788e+05   5.77e-22
  3.0373e+05   5.36e-22
  3.0970e+05   5.00e-22
  3.1578e+05   4.66e-22
  3.2198e+05   4.32e-22
  3.2831e+05   4.00e-22
  3.3476e+05   3.69e-22
  3.4133e+05   3.43e-22
  3.4804e+05   3.19e-22
  3.5487e+05   2.97e-22
  3.6185e+05   2.75e-22
  3.6895e+05   2.54e-22
  3.7620e+05   2.34e-22
  3.8359e+05   2.17e-22
  3.9113e+05   2.02e-22
  3.9881e+05   1.87e-22
  4.0664e+05   1.73e-22
  4.1463e+05   1.59e-22
  4.2278e+05   1.46e-22
  4.3108e+05   1.36e-22
  4.3955e+05   1.26e-22
  4.4818e+05   1.17e-22
  4.5699e+05   1.08e-22
  4.6596e+05   9.91e-23
  4.7512e+05   9.09e-23
  4.8445e+05   8.43e-23
  4.9397e+05   7.81e-23
  5.0367e+05   7.22e-23
  5.1356e+05   6.66e-23
  5.2365e+05   6.12e-23
  5.3394e+05   5.61e-23
  5.4443e+05   5.20e-23
  5.5512e+05   4.81e-23
  5.6603e+05   4.45e-23
  5.7715e+05   4.10e-23
  5.8848e+05   3.76e-23
  6.0004e+05   3.44e-23
  6.1183e+05   3.19e-23
  6.2385e+05   2.95e-23
  6.3610e+05   2.72e-23
  6.4860e+05   2.50e-23
  6.6134e+05   2.29e-23
  6.7433e+05   2.10e-23
  6.8758e+05   1.94e-23
  7.0108e+05   1.80e-23
  7.1486e+05   1.66e-23
  7.2890e+05   1.53e-23
  7.4322e+05   1.41e-23
  7.5782e+05   1.29e-23
  7.7270e+05   1.20e-23
  7.8788e+05   1.12e-23
  8.0336e+05   1.04e-23
  8.1914e+05   9.63e-24
  8.3523e+05   8.90e-24
  8.5164e+05   8.26e-24
  8.6837e+05   7.78e-24
  8.8542e+05   7.33e-24
  9.0282e+05   6.89e-24
  9.2055e+05   6.48e-24
  9.3863e+05   6.08e-24
  9.5707e+05   5.74e-24
  9.7587e+05   5.48e-24
  9.9504e+05   5.23e-24
  1.0146e+06   4.99e-24
  1.0345e+06   4.76e-24
  1.0548e+06   4.54e-24
  1.0756e+06   4.35e-24
  1.0967e+06   4.21e-24
  1.1182e+06   4.06e-24
  1.1402e+06   3.93e-24
  1.1626e+06   3.80e-24
  1.1854e+06   3.67e-24
  1.2087e+06   3.56e-24
  1.2325e+06   3.46e-24
  1.2567e+06   3.37e-24
  1.2814e+06   3.28e-24
  1.3065e+06   3.20e-24
  1.3322e+06   3.11e-24
  1.3584e+06   3.03e-24
  1.3851e+06   2.95e-24
  1.4123e+06   2.88e-24
  1.4400e+06   2.81e-24
