#  E [MeV]   Flux [# cm^{-2} s^{-1}  MeV^{-1}]
  3.0000e+04   1.41e-17
  3.0501e+04   1.36e-17
  3.1010e+04   1.31e-17
  3.1528e+04   1.27e-17
  3.2055e+04   1.22e-17
  3.2590e+04   1.18e-17
  3.3134e+04   1.14e-17
  3.3688e+04   1.10e-17
  3.4250e+04   1.06e-17
  3.4822e+04   1.02e-17
  3.5404e+04   9.84e-18
  3.5995e+04   9.48e-18
  3.6596e+04   9.14e-18
  3.7207e+04   8.81e-18
  3.7829e+04   8.49e-18
  3.8460e+04   8.18e-18
  3.9103e+04   7.87e-18
  3.9756e+04   7.57e-18
  4.0420e+04   7.29e-18
  4.1095e+04   7.02e-18
  4.1781e+04   6.75e-18
  4.2479e+04   6.49e-18
  4.3188e+04   6.24e-18
  4.3909e+04   6.00e-18
  4.4642e+04   5.76e-18
  4.5388e+04   5.54e-18
  4.6146e+04   5.32e-18
  4.6917e+04   5.11e-18
  4.7700e+04   4.91e-18
  4.8497e+04   4.71e-18
  4.9307e+04   4.52e-18
  5.0130e+04   4.34e-18
  5.0967e+04   4.16e-18
  5.1818e+04   3.99e-18
  5.2684e+04   3.83e-18
  5.3563e+04   3.68e-18
  5.4458e+04   3.52e-18
  5.5367e+04   3.37e-18
  5.6292e+04   3.23e-18
  5.7232e+04   3.09e-18
  5.8188e+04   2.97e-18
  5.9160e+04   2.84e-18
  6.0148e+04   2.72e-18
  6.1152e+04   2.60e-18
  6.2173e+04   2.49e-18
  6.3212e+04   2.38e-18
  6.4267e+04   2.28e-18
  6.5340e+04   2.18e-18
  6.6432e+04   2.08e-18
  6.7541e+04   1.99e-18
  6.8669e+04   1.90e-18
  6.9816e+04   1.82e-18
  7.0982e+04   1.73e-18
  7.2167e+04   1.65e-18
  7.3372e+04   1.58e-18
  7.4598e+04   1.51e-18
  7.5843e+04   1.44e-18
  7.7110e+04   1.37e-18
  7.8398e+04   1.31e-18
  7.9707e+04   1.24e-18
  8.1038e+04   1.19e-18
  8.2391e+04   1.13e-18
  8.3767e+04   1.08e-18
  8.5166e+04   1.03e-18
  8.6588e+04   9.77e-19
  8.8034e+04   9.28e-19
  8.9505e+04   8.81e-19
  9.0999e+04   8.39e-19
  9.2519e+04   7.99e-19
  9.4064e+04   7.60e-19
  9.5635e+04   7.22e-19
  9.7232e+04   6.86e-19
  9.8856e+04   6.50e-19
  1.0051e+05   6.15e-19
  1.0219e+05   5.85e-19
  1.0389e+05   5.56e-19
  1.0563e+05   5.28e-19
  1.0739e+05   5.01e-19
  1.0918e+05   4.75e-19
  1.1101e+05   4.49e-19
  1.1286e+05   4.24e-19
  1.1475e+05   4.03e-19
  1.1666e+05   3.82e-19
  1.1861e+05   3.62e-19
  1.2059e+05   3.43e-19
  1.2260e+05   3.24e-19
  1.2465e+05   3.06e-19
  1.2673e+05   2.88e-19
  1.2885e+05   2.73e-19
  1.3100e+05   2.59e-19
  1.3319e+05   2.45e-19
  1.3541e+05   2.32e-19
  1.3768e+05   2.18e-19
  1.3997e+05   2.05e-19
  1.4231e+05   1.93e-19
  1.4469e+05   1.83e-19
  1.4711e+05   1.73e-19
  1.4956e+05   1.63e-19
  1.5206e+05   1.54e-19
  1.5460e+05   1.45e-19
  1.5718e+05   1.36e-19
  1.5981e+05   1.28e-19
  1.6247e+05   1.21e-19
  1.6519e+05   1.14e-19
  1.6795e+05   1.07e-19
  1.7075e+05   1.01e-19
  1.7360e+05   9.45e-20
  1.7650e+05   8.85e-20
  1.7945e+05   8.28e-20
  1.8245e+05   7.81e-20
  1.8549e+05   7.36e-20
  1.8859e+05   6.92e-20
  1.9174e+05   6.49e-20
  1.9494e+05   6.08e-20
  1.9820e+05   5.68e-20
  2.0151e+05   5.30e-20
  2.0487e+05   4.99e-20
  2.0829e+05   4.69e-20
  2.1177e+05   4.40e-20
  2.1531e+05   4.12e-20
  2.1890e+05   3.85e-20
  2.2256e+05   3.58e-20
  2.2628e+05   3.34e-20
  2.3006e+05   3.14e-20
  2.3390e+05   2.95e-20
  2.3780e+05   2.76e-20
  2.4178e+05   2.58e-20
  2.4581e+05   2.40e-20
  2.4992e+05   2.23e-20
  2.5409e+05   2.07e-20
  2.5833e+05   1.95e-20
  2.6265e+05   1.82e-20
  2.6704e+05   1.70e-20
  2.7149e+05   1.59e-20
  2.7603e+05   1.48e-20
  2.8064e+05   1.37e-20
  2.8532e+05   1.27e-20
  2.9009e+05   1.19e-20
  2.9493e+05   1.12e-20
  2.9986e+05   1.04e-20
  3.0487e+05   9.68e-21
  3.0996e+05   8.98e-21
  3.1513e+05   8.30e-21
  3.2040e+05   7.71e-21
  3.2575e+05   7.22e-21
  3.3119e+05   6.75e-21
  3.3672e+05   6.30e-21
  3.4234e+05   5.86e-21
  3.4806e+05   5.43e-21
  3.5387e+05   5.01e-21
  3.5978e+05   4.65e-21
  3.6579e+05   4.36e-21
  3.7190e+05   4.08e-21
  3.7811e+05   3.81e-21
  3.8442e+05   3.54e-21
  3.9084e+05   3.29e-21
  3.9737e+05   3.04e-21
  4.0401e+05   2.83e-21
  4.1075e+05   2.65e-21
  4.1761e+05   2.49e-21
  4.2459e+05   2.32e-21
  4.3168e+05   2.17e-21
  4.3889e+05   2.01e-21
  4.4622e+05   1.86e-21
  4.5367e+05   1.74e-21
  4.6124e+05   1.64e-21
  4.6895e+05   1.54e-21
  4.7678e+05   1.44e-21
  4.8474e+05   1.34e-21
  4.9283e+05   1.25e-21
  5.0107e+05   1.16e-21
  5.0943e+05   1.09e-21
  5.1794e+05   1.02e-21
  5.2659e+05   9.62e-22
  5.3538e+05   9.02e-22
  5.4432e+05   8.44e-22
  5.5342e+05   7.88e-22
  5.6266e+05   7.33e-22
  5.7205e+05   6.88e-22
  5.8161e+05   6.48e-22
  5.9132e+05   6.10e-22
  6.0119e+05   5.72e-22
  6.1123e+05   5.36e-22
  6.2144e+05   5.00e-22
  6.3182e+05   4.66e-22
  6.4237e+05   4.37e-22
  6.5310e+05   4.11e-22
  6.6401e+05   3.86e-22
  6.7509e+05   3.62e-22
  6.8637e+05   3.38e-22
  6.9783e+05   3.15e-22
  7.0948e+05   2.92e-22
  7.2133e+05   2.72e-22
  7.3338e+05   2.52e-22
  7.4563e+05   2.32e-22
  7.5808e+05   2.14e-22
  7.7074e+05   1.96e-22
  7.8361e+05   1.78e-22
  7.9670e+05   1.61e-22
  8.1000e+05   1.49e-22
