#  E [GeV]   # per interaction  [GeV^{-1}]
  3.0000e+01   7.19e-01
  3.0943e+01   6.91e-01
  3.1916e+01   6.63e-01
  3.2920e+01   6.37e-01
  3.3955e+01   6.12e-01
  3.5023e+01   5.88e-01
  3.6124e+01   5.65e-01
  3.7260e+01   5.42e-01
  3.8432e+01   5.20e-01
  3.9640e+01   5.00e-01
  4.0887e+01   4.80e-01
  4.2172e+01   4.60e-01
  4.3499e+01   4.42e-01
  4.4866e+01   4.24e-01
  4.6277e+01   4.07e-01
  4.7732e+01   3.90e-01
  4.9233e+01   3.74e-01
  5.0781e+01   3.59e-01
  5.2378e+01   3.45e-01
  5.4025e+01   3.30e-01
  5.5724e+01   3.17e-01
  5.7476e+01   3.04e-01
  5.9284e+01   2.91e-01
  6.1148e+01   2.79e-01
  6.3071e+01   2.68e-01
  6.5054e+01   2.57e-01
  6.7100e+01   2.46e-01
  6.9210e+01   2.36e-01
  7.1386e+01   2.26e-01
  7.3631e+01   2.16e-01
  7.5946e+01   2.07e-01
  7.8334e+01   1.98e-01
  8.0797e+01   1.90e-01
  8.3338e+01   1.82e-01
  8.5959e+01   1.74e-01
  8.8662e+01   1.67e-01
  9.1450e+01   1.60e-01
  9.4325e+01   1.53e-01
  9.7291e+01   1.46e-01
  1.0035e+02   1.40e-01
  1.0351e+02   1.34e-01
  1.0676e+02   1.28e-01
  1.1012e+02   1.22e-01
  1.1358e+02   1.17e-01
  1.1715e+02   1.11e-01
  1.2084e+02   1.06e-01
  1.2464e+02   1.02e-01
  1.2856e+02   9.70e-02
  1.3260e+02   9.26e-02
  1.3677e+02   8.83e-02
  1.4107e+02   8.42e-02
  1.4550e+02   8.02e-02
  1.5008e+02   7.65e-02
  1.5480e+02   7.28e-02
  1.5967e+02   6.93e-02
  1.6469e+02   6.60e-02
  1.6987e+02   6.27e-02
  1.7521e+02   5.96e-02
  1.8072e+02   5.66e-02
  1.8640e+02   5.38e-02
  1.9226e+02   5.10e-02
  1.9831e+02   4.84e-02
  2.0454e+02   4.59e-02
  2.1097e+02   4.35e-02
  2.1761e+02   4.12e-02
  2.2445e+02   3.91e-02
  2.3151e+02   3.70e-02
  2.3879e+02   3.50e-02
  2.4630e+02   3.32e-02
  2.5404e+02   3.14e-02
  2.6203e+02   2.97e-02
  2.7027e+02   2.81e-02
  2.7877e+02   2.66e-02
  2.8753e+02   2.51e-02
  2.9657e+02   2.38e-02
  3.0590e+02   2.24e-02
  3.1552e+02   2.12e-02
  3.2544e+02   2.00e-02
  3.3567e+02   1.89e-02
  3.4623e+02   1.78e-02
  3.5712e+02   1.67e-02
  3.6835e+02   1.58e-02
  3.7993e+02   1.48e-02
  3.9188e+02   1.39e-02
  4.0420e+02   1.31e-02
  4.1691e+02   1.23e-02
  4.3002e+02   1.15e-02
  4.4354e+02   1.08e-02
  4.5749e+02   1.01e-02
  4.7187e+02   9.50e-03
  4.8671e+02   8.89e-03
  5.0202e+02   8.32e-03
  5.1780e+02   7.78e-03
  5.3409e+02   7.27e-03
  5.5088e+02   6.78e-03
  5.6820e+02   6.33e-03
  5.8607e+02   5.90e-03
  6.0450e+02   5.50e-03
  6.2351e+02   5.12e-03
  6.4311e+02   4.77e-03
  6.6334e+02   4.43e-03
  6.8419e+02   4.11e-03
  7.0571e+02   3.82e-03
  7.2790e+02   3.54e-03
  7.5079e+02   3.28e-03
  7.7440e+02   3.04e-03
  7.9875e+02   2.81e-03
  8.2387e+02   2.60e-03
  8.4977e+02   2.40e-03
  8.7649e+02   2.21e-03
  9.0405e+02   2.05e-03
  9.3248e+02   1.88e-03
  9.6180e+02   1.73e-03
  9.9205e+02   1.60e-03
  1.0232e+03   1.47e-03
  1.0554e+03   1.35e-03
  1.0886e+03   1.24e-03
  1.1228e+03   1.13e-03
  1.1581e+03   1.04e-03
  1.1946e+03   9.52e-04
  1.2321e+03   8.69e-04
  1.2709e+03   7.96e-04
  1.3108e+03   7.27e-04
  1.3521e+03   6.62e-04
  1.3946e+03   6.03e-04
  1.4384e+03   5.50e-04
  1.4837e+03   5.00e-04
  1.5303e+03   4.52e-04
  1.5784e+03   4.11e-04
  1.6281e+03   3.73e-04
  1.6793e+03   3.37e-04
  1.7321e+03   3.04e-04
  1.7865e+03   2.75e-04
  1.8427e+03   2.49e-04
  1.9006e+03   2.24e-04
  1.9604e+03   2.01e-04
  2.0221e+03   1.81e-04
  2.0856e+03   1.63e-04
  2.1512e+03   1.46e-04
  2.2189e+03   1.31e-04
  2.2886e+03   1.17e-04
  2.3606e+03   1.05e-04
  2.4348e+03   9.31e-05
  2.5114e+03   8.33e-05
  2.5904e+03   7.45e-05
  2.6718e+03   6.62e-05
  2.7558e+03   5.84e-05
  2.8425e+03   5.21e-05
  2.9319e+03   4.63e-05
  3.0241e+03   4.07e-05
  3.1192e+03   3.58e-05
  3.2173e+03   3.18e-05
  3.3184e+03   2.80e-05
  3.4228e+03   2.45e-05
  3.5304e+03   2.16e-05
  3.6414e+03   1.90e-05
  3.7559e+03   1.66e-05
  3.8740e+03   1.44e-05
  3.9958e+03   1.27e-05
  4.1215e+03   1.11e-05
  4.2511e+03   9.67e-06
  4.3848e+03   8.34e-06
  4.5227e+03   7.34e-06
  4.6649e+03   6.39e-06
  4.8116e+03   5.50e-06
  4.9629e+03   4.76e-06
  5.1189e+03   4.16e-06
  5.2799e+03   3.60e-06
  5.4459e+03   3.07e-06
  5.6171e+03   2.67e-06
  5.7938e+03   2.32e-06
  5.9760e+03   2.00e-06
  6.1639e+03   1.70e-06
  6.3577e+03   1.49e-06
  6.5576e+03   1.29e-06
  6.7638e+03   1.11e-06
  6.9765e+03   9.55e-07
  7.1959e+03   8.38e-07
  7.4222e+03   7.28e-07
  7.6556e+03   6.26e-07
  7.8963e+03   5.46e-07
  8.1446e+03   4.79e-07
  8.4007e+03   4.18e-07
  8.6649e+03   3.60e-07
  8.9373e+03   3.19e-07
  9.2184e+03   2.82e-07
  9.5082e+03   2.48e-07
  9.8072e+03   2.17e-07
  1.0116e+04   1.94e-07
  1.0434e+04   1.73e-07
  1.0762e+04   1.53e-07
  1.1100e+04   1.35e-07
  1.1449e+04   1.19e-07
  1.1809e+04   1.05e-07
  1.2181e+04   9.15e-08
  1.2564e+04   7.96e-08
  1.2959e+04   6.88e-08
  1.3366e+04   5.90e-08
  1.3786e+04   5.01e-08
  1.4220e+04   4.32e-08
