#  E [GeV]   # per interaction  [GeV^{-1}]
  3.0000e+01   1.36e-02
  3.0765e+01   1.32e-02
  3.1549e+01   1.29e-02
  3.2354e+01   1.26e-02
  3.3179e+01   1.23e-02
  3.4025e+01   1.20e-02
  3.4892e+01   1.17e-02
  3.5782e+01   1.14e-02
  3.6695e+01   1.11e-02
  3.7630e+01   1.09e-02
  3.8590e+01   1.06e-02
  3.9574e+01   1.04e-02
  4.0583e+01   1.01e-02
  4.1618e+01   9.89e-03
  4.2679e+01   9.66e-03
  4.3767e+01   9.44e-03
  4.4883e+01   9.23e-03
  4.6028e+01   9.02e-03
  4.7201e+01   8.82e-03
  4.8405e+01   8.63e-03
  4.9639e+01   8.44e-03
  5.0905e+01   8.26e-03
  5.2203e+01   8.08e-03
  5.3534e+01   7.91e-03
  5.4899e+01   7.74e-03
  5.6299e+01   7.58e-03
  5.7734e+01   7.42e-03
  5.9207e+01   7.27e-03
  6.0716e+01   7.12e-03
  6.2264e+01   6.98e-03
  6.3852e+01   6.85e-03
  6.5480e+01   6.71e-03
  6.7150e+01   6.58e-03
  6.8862e+01   6.45e-03
  7.0618e+01   6.33e-03
  7.2419e+01   6.21e-03
  7.4265e+01   6.09e-03
  7.6159e+01   5.98e-03
  7.8101e+01   5.87e-03
  8.0092e+01   5.76e-03
  8.2135e+01   5.66e-03
  8.4229e+01   5.56e-03
  8.6377e+01   5.46e-03
  8.8579e+01   5.36e-03
  9.0838e+01   5.27e-03
  9.3154e+01   5.18e-03
  9.5529e+01   5.08e-03
  9.7965e+01   4.99e-03
  1.0046e+02   4.91e-03
  1.0303e+02   4.83e-03
  1.0565e+02   4.74e-03
  1.0835e+02   4.66e-03
  1.1111e+02   4.58e-03
  1.1394e+02   4.51e-03
  1.1685e+02   4.43e-03
  1.1983e+02   4.35e-03
  1.2288e+02   4.28e-03
  1.2602e+02   4.21e-03
  1.2923e+02   4.14e-03
  1.3252e+02   4.07e-03
  1.3590e+02   4.00e-03
  1.3937e+02   3.94e-03
  1.4292e+02   3.87e-03
  1.4657e+02   3.81e-03
  1.5030e+02   3.74e-03
  1.5414e+02   3.68e-03
  1.5807e+02   3.62e-03
  1.6210e+02   3.56e-03
  1.6623e+02   3.50e-03
  1.7047e+02   3.44e-03
  1.7482e+02   3.38e-03
  1.7927e+02   3.33e-03
  1.8384e+02   3.27e-03
  1.8853e+02   3.21e-03
  1.9334e+02   3.16e-03
  1.9827e+02   3.10e-03
  2.0333e+02   3.05e-03
  2.0851e+02   3.00e-03
  2.1383e+02   2.94e-03
  2.1928e+02   2.89e-03
  2.2487e+02   2.84e-03
  2.3060e+02   2.79e-03
  2.3648e+02   2.74e-03
  2.4251e+02   2.69e-03
  2.4870e+02   2.64e-03
  2.5504e+02   2.59e-03
  2.6154e+02   2.54e-03
  2.6821e+02   2.49e-03
  2.7505e+02   2.45e-03
  2.8206e+02   2.40e-03
  2.8926e+02   2.35e-03
  2.9663e+02   2.31e-03
  3.0420e+02   2.26e-03
  3.1195e+02   2.21e-03
  3.1991e+02   2.17e-03
  3.2806e+02   2.12e-03
  3.3643e+02   2.08e-03
  3.4501e+02   2.03e-03
  3.5381e+02   1.99e-03
  3.6283e+02   1.95e-03
  3.7208e+02   1.90e-03
  3.8157e+02   1.86e-03
  3.9130e+02   1.82e-03
  4.0127e+02   1.78e-03
  4.1150e+02   1.73e-03
  4.2200e+02   1.69e-03
  4.3276e+02   1.65e-03
  4.4379e+02   1.61e-03
  4.5511e+02   1.57e-03
  4.6671e+02   1.53e-03
  4.7861e+02   1.49e-03
  4.9082e+02   1.45e-03
  5.0333e+02   1.41e-03
  5.1617e+02   1.38e-03
  5.2933e+02   1.34e-03
  5.4283e+02   1.30e-03
  5.5667e+02   1.27e-03
  5.7086e+02   1.23e-03
  5.8542e+02   1.20e-03
  6.0035e+02   1.16e-03
  6.1565e+02   1.13e-03
  6.3135e+02   1.09e-03
  6.4745e+02   1.06e-03
  6.6396e+02   1.03e-03
  6.8089e+02   9.95e-04
  6.9825e+02   9.64e-04
  7.1606e+02   9.32e-04
  7.3432e+02   9.02e-04
  7.5304e+02   8.72e-04
  7.7224e+02   8.43e-04
  7.9193e+02   8.14e-04
  8.1213e+02   7.86e-04
  8.3283e+02   7.58e-04
  8.5407e+02   7.31e-04
  8.7585e+02   7.05e-04
  8.9818e+02   6.78e-04
  9.2108e+02   6.52e-04
  9.4457e+02   6.27e-04
  9.6866e+02   6.03e-04
  9.9336e+02   5.79e-04
  1.0187e+03   5.55e-04
  1.0447e+03   5.32e-04
  1.0713e+03   5.10e-04
  1.0986e+03   4.89e-04
  1.1266e+03   4.68e-04
  1.1554e+03   4.47e-04
  1.1848e+03   4.27e-04
  1.2150e+03   4.08e-04
  1.2460e+03   3.90e-04
  1.2778e+03   3.71e-04
  1.3104e+03   3.54e-04
  1.3438e+03   3.37e-04
  1.3780e+03   3.21e-04
  1.4132e+03   3.05e-04
  1.4492e+03   2.89e-04
  1.4862e+03   2.74e-04
  1.5241e+03   2.60e-04
  1.5629e+03   2.46e-04
  1.6028e+03   2.33e-04
  1.6436e+03   2.20e-04
  1.6856e+03   2.07e-04
  1.7285e+03   1.96e-04
  1.7726e+03   1.84e-04
  1.8178e+03   1.73e-04
  1.8642e+03   1.62e-04
  1.9117e+03   1.52e-04
  1.9604e+03   1.42e-04
  2.0104e+03   1.32e-04
  2.0617e+03   1.23e-04
  2.1143e+03   1.15e-04
  2.1682e+03   1.07e-04
  2.2235e+03   9.89e-05
  2.2802e+03   9.16e-05
  2.3383e+03   8.47e-05
  2.3979e+03   7.81e-05
  2.4591e+03   7.18e-05
  2.5218e+03   6.62e-05
  2.5861e+03   6.09e-05
  2.6520e+03   5.58e-05
  2.7196e+03   5.09e-05
  2.7890e+03   4.64e-05
  2.8601e+03   4.24e-05
  2.9330e+03   3.85e-05
  3.0078e+03   3.48e-05
  3.0845e+03   3.12e-05
  3.1632e+03   2.83e-05
  3.2438e+03   2.56e-05
  3.3265e+03   2.30e-05
  3.4113e+03   2.05e-05
  3.4983e+03   1.83e-05
  3.5875e+03   1.65e-05
  3.6790e+03   1.48e-05
  3.7728e+03   1.32e-05
  3.8690e+03   1.17e-05
  3.9677e+03   1.05e-05
  4.0689e+03   9.54e-06
  4.1726e+03   8.61e-06
  4.2790e+03   7.72e-06
  4.3881e+03   6.91e-06
  4.5000e+03   6.47e-06
