#  E [MeV]   Flux [# cm^{-2} s^{-1}  MeV^{-1}]
  3.0000e+04   1.41e-20
  3.0765e+04   1.38e-20
  3.1549e+04   1.34e-20
  3.2354e+04   1.31e-20
  3.3179e+04   1.28e-20
  3.4025e+04   1.24e-20
  3.4892e+04   1.21e-20
  3.5782e+04   1.19e-20
  3.6695e+04   1.16e-20
  3.7630e+04   1.13e-20
  3.8590e+04   1.10e-20
  3.9574e+04   1.08e-20
  4.0583e+04   1.05e-20
  4.1618e+04   1.03e-20
  4.2679e+04   1.00e-20
  4.3767e+04   9.81e-21
  4.4883e+04   9.59e-21
  4.6028e+04   9.38e-21
  4.7201e+04   9.17e-21
  4.8405e+04   8.97e-21
  4.9639e+04   8.77e-21
  5.0905e+04   8.59e-21
  5.2203e+04   8.40e-21
  5.3534e+04   8.22e-21
  5.4899e+04   8.04e-21
  5.6299e+04   7.88e-21
  5.7734e+04   7.72e-21
  5.9207e+04   7.56e-21
  6.0716e+04   7.41e-21
  6.2264e+04   7.26e-21
  6.3852e+04   7.12e-21
  6.5480e+04   6.98e-21
  6.7150e+04   6.84e-21
  6.8862e+04   6.71e-21
  7.0618e+04   6.58e-21
  7.2419e+04   6.46e-21
  7.4265e+04   6.34e-21
  7.6159e+04   6.22e-21
  7.8101e+04   6.10e-21
  8.0092e+04   5.99e-21
  8.2135e+04   5.88e-21
  8.4229e+04   5.78e-21
  8.6377e+04   5.67e-21
  8.8579e+04   5.57e-21
  9.0838e+04   5.48e-21
  9.3154e+04   5.38e-21
  9.5529e+04   5.29e-21
  9.7965e+04   5.19e-21
  1.0046e+05   5.10e-21
  1.0303e+05   5.02e-21
  1.0565e+05   4.93e-21
  1.0835e+05   4.85e-21
  1.1111e+05   4.76e-21
  1.1394e+05   4.68e-21
  1.1685e+05   4.61e-21
  1.1983e+05   4.53e-21
  1.2288e+05   4.45e-21
  1.2602e+05   4.38e-21
  1.2923e+05   4.31e-21
  1.3252e+05   4.23e-21
  1.3590e+05   4.16e-21
  1.3937e+05   4.09e-21
  1.4292e+05   4.03e-21
  1.4657e+05   3.96e-21
  1.5030e+05   3.89e-21
  1.5414e+05   3.83e-21
  1.5807e+05   3.76e-21
  1.6210e+05   3.70e-21
  1.6623e+05   3.64e-21
  1.7047e+05   3.58e-21
  1.7482e+05   3.52e-21
  1.7927e+05   3.46e-21
  1.8384e+05   3.40e-21
  1.8853e+05   3.34e-21
  1.9334e+05   3.28e-21
  1.9827e+05   3.23e-21
  2.0333e+05   3.17e-21
  2.0851e+05   3.12e-21
  2.1383e+05   3.06e-21
  2.1928e+05   3.01e-21
  2.2487e+05   2.95e-21
  2.3060e+05   2.90e-21
  2.3648e+05   2.85e-21
  2.4251e+05   2.80e-21
  2.4870e+05   2.74e-21
  2.5504e+05   2.69e-21
  2.6154e+05   2.64e-21
  2.6821e+05   2.59e-21
  2.7505e+05   2.54e-21
  2.8206e+05   2.49e-21
  2.8926e+05   2.44e-21
  2.9663e+05   2.40e-21
  3.0420e+05   2.35e-21
  3.1195e+05   2.30e-21
  3.1991e+05   2.25e-21
  3.2806e+05   2.21e-21
  3.3643e+05   2.16e-21
  3.4501e+05   2.11e-21
  3.5381e+05   2.07e-21
  3.6283e+05   2.02e-21
  3.7208e+05   1.98e-21
  3.8157e+05   1.93e-21
  3.9130e+05   1.89e-21
  4.0127e+05   1.85e-21
  4.1150e+05   1.80e-21
  4.2200e+05   1.76e-21
  4.3276e+05   1.72e-21
  4.4379e+05   1.68e-21
  4.5511e+05   1.63e-21
  4.6671e+05   1.59e-21
  4.7861e+05   1.55e-21
  4.9082e+05   1.51e-21
  5.0333e+05   1.47e-21
  5.1617e+05   1.43e-21
  5.2933e+05   1.39e-21
  5.4283e+05   1.35e-21
  5.5667e+05   1.32e-21
  5.7086e+05   1.28e-21
  5.8542e+05   1.24e-21
  6.0035e+05   1.21e-21
  6.1565e+05   1.17e-21
  6.3135e+05   1.14e-21
  6.4745e+05   1.10e-21
  6.6396e+05   1.07e-21
  6.8089e+05   1.03e-21
  6.9825e+05   1.00e-21
  7.1606e+05   9.69e-22
  7.3432e+05   9.37e-22
  7.5304e+05   9.07e-22
  7.7224e+05   8.77e-22
  7.9193e+05   8.47e-22
  8.1213e+05   8.17e-22
  8.3283e+05   7.88e-22
  8.5407e+05   7.60e-22
  8.7585e+05   7.33e-22
  8.9818e+05   7.05e-22
  9.2108e+05   6.78e-22
  9.4457e+05   6.52e-22
  9.6866e+05   6.27e-22
  9.9336e+05   6.02e-22
  1.0187e+06   5.77e-22
  1.0447e+06   5.53e-22
  1.0713e+06   5.31e-22
  1.0986e+06   5.09e-22
  1.1266e+06   4.86e-22
  1.1554e+06   4.65e-22
  1.1848e+06   4.44e-22
  1.2150e+06   4.25e-22
  1.2460e+06   4.05e-22
  1.2778e+06   3.86e-22
  1.3104e+06   3.68e-22
  1.3438e+06   3.50e-22
  1.3780e+06   3.33e-22
  1.4132e+06   3.17e-22
  1.4492e+06   3.01e-22
  1.4862e+06   2.85e-22
  1.5241e+06   2.70e-22
  1.5629e+06   2.56e-22
  1.6028e+06   2.42e-22
  1.6436e+06   2.29e-22
  1.6856e+06   2.16e-22
  1.7285e+06   2.03e-22
  1.7726e+06   1.91e-22
  1.8178e+06   1.80e-22
  1.8642e+06   1.68e-22
  1.9117e+06   1.58e-22
  1.9604e+06   1.47e-22
  2.0104e+06   1.38e-22
  2.0617e+06   1.28e-22
  2.1143e+06   1.19e-22
  2.1682e+06   1.11e-22
  2.2235e+06   1.03e-22
  2.2802e+06   9.53e-23
  2.3383e+06   8.81e-23
  2.3979e+06   8.12e-23
  2.4591e+06   7.46e-23
  2.5218e+06   6.88e-23
  2.5861e+06   6.33e-23
  2.6520e+06   5.80e-23
  2.7196e+06   5.29e-23
  2.7890e+06   4.83e-23
  2.8601e+06   4.40e-23
  2.9330e+06   4.00e-23
  3.0078e+06   3.62e-23
  3.0845e+06   3.25e-23
  3.1632e+06   2.94e-23
  3.2438e+06   2.66e-23
  3.3265e+06   2.39e-23
  3.4113e+06   2.13e-23
  3.4983e+06   1.90e-23
  3.5875e+06   1.72e-23
  3.6790e+06   1.54e-23
  3.7728e+06   1.37e-23
  3.8690e+06   1.21e-23
  3.9677e+06   1.09e-23
  4.0689e+06   9.92e-24
  4.1726e+06   8.95e-24
  4.2790e+06   8.02e-24
  4.3881e+06   7.19e-24
  4.5000e+06   6.73e-24
