#  E [GeV]   # per interaction  [GeV^{-1}]
  3.0000e+01   9.45e-01
  3.1033e+01   9.06e-01
  3.2102e+01   8.69e-01
  3.3207e+01   8.32e-01
  3.4350e+01   7.98e-01
  3.5533e+01   7.64e-01
  3.6757e+01   7.32e-01
  3.8022e+01   7.01e-01
  3.9332e+01   6.72e-01
  4.0686e+01   6.43e-01
  4.2087e+01   6.16e-01
  4.3536e+01   5.89e-01
  4.5035e+01   5.64e-01
  4.6586e+01   5.40e-01
  4.8190e+01   5.16e-01
  4.9850e+01   4.94e-01
  5.1566e+01   4.73e-01
  5.3342e+01   4.52e-01
  5.5178e+01   4.32e-01
  5.7078e+01   4.13e-01
  5.9044e+01   3.95e-01
  6.1077e+01   3.77e-01
  6.3180e+01   3.61e-01
  6.5356e+01   3.45e-01
  6.7606e+01   3.29e-01
  6.9934e+01   3.14e-01
  7.2342e+01   3.00e-01
  7.4833e+01   2.87e-01
  7.7410e+01   2.73e-01
  8.0075e+01   2.61e-01
  8.2833e+01   2.49e-01
  8.5685e+01   2.37e-01
  8.8635e+01   2.26e-01
  9.1687e+01   2.16e-01
  9.4844e+01   2.06e-01
  9.8110e+01   1.96e-01
  1.0149e+02   1.87e-01
  1.0498e+02   1.78e-01
  1.0860e+02   1.70e-01
  1.1234e+02   1.61e-01
  1.1621e+02   1.54e-01
  1.2021e+02   1.46e-01
  1.2435e+02   1.39e-01
  1.2863e+02   1.32e-01
  1.3306e+02   1.26e-01
  1.3764e+02   1.20e-01
  1.4238e+02   1.14e-01
  1.4728e+02   1.08e-01
  1.5235e+02   1.03e-01
  1.5760e+02   9.73e-02
  1.6302e+02   9.24e-02
  1.6864e+02   8.76e-02
  1.7445e+02   8.31e-02
  1.8045e+02   7.87e-02
  1.8667e+02   7.46e-02
  1.9309e+02   7.06e-02
  1.9974e+02   6.68e-02
  2.0662e+02   6.32e-02
  2.1373e+02   5.98e-02
  2.2109e+02   5.65e-02
  2.2871e+02   5.34e-02
  2.3658e+02   5.05e-02
  2.4473e+02   4.76e-02
  2.5316e+02   4.50e-02
  2.6187e+02   4.24e-02
  2.7089e+02   4.00e-02
  2.8022e+02   3.77e-02
  2.8987e+02   3.55e-02
  2.9985e+02   3.34e-02
  3.1017e+02   3.14e-02
  3.2085e+02   2.96e-02
  3.3190e+02   2.78e-02
  3.4333e+02   2.61e-02
  3.5515e+02   2.45e-02
  3.6738e+02   2.30e-02
  3.8003e+02   2.16e-02
  3.9312e+02   2.03e-02
  4.0665e+02   1.90e-02
  4.2066e+02   1.78e-02
  4.3514e+02   1.66e-02
  4.5013e+02   1.56e-02
  4.6562e+02   1.46e-02
  4.8166e+02   1.36e-02
  4.9824e+02   1.27e-02
  5.1540e+02   1.19e-02
  5.3315e+02   1.11e-02
  5.5150e+02   1.03e-02
  5.7050e+02   9.60e-03
  5.9014e+02   8.93e-03
  6.1046e+02   8.31e-03
  6.3148e+02   7.72e-03
  6.5322e+02   7.18e-03
  6.7572e+02   6.66e-03
  6.9898e+02   6.17e-03
  7.2305e+02   5.73e-03
  7.4795e+02   5.30e-03
  7.7371e+02   4.91e-03
  8.0035e+02   4.54e-03
  8.2791e+02   4.20e-03
  8.5641e+02   3.88e-03
  8.8590e+02   3.58e-03
  9.1641e+02   3.31e-03
  9.4796e+02   3.05e-03
  9.8061e+02   2.81e-03
  1.0144e+03   2.59e-03
  1.0493e+03   2.39e-03
  1.0854e+03   2.19e-03
  1.1228e+03   2.02e-03
  1.1615e+03   1.85e-03
  1.2015e+03   1.70e-03
  1.2428e+03   1.56e-03
  1.2856e+03   1.43e-03
  1.3299e+03   1.31e-03
  1.3757e+03   1.20e-03
  1.4231e+03   1.10e-03
  1.4721e+03   1.00e-03
  1.5228e+03   9.15e-04
  1.5752e+03   8.35e-04
  1.6294e+03   7.62e-04
  1.6855e+03   6.94e-04
  1.7436e+03   6.31e-04
  1.8036e+03   5.75e-04
  1.8657e+03   5.23e-04
  1.9300e+03   4.74e-04
  1.9964e+03   4.31e-04
  2.0652e+03   3.91e-04
  2.1363e+03   3.54e-04
  2.2098e+03   3.20e-04
  2.2859e+03   2.90e-04
  2.3646e+03   2.62e-04
  2.4461e+03   2.35e-04
  2.5303e+03   2.13e-04
  2.6174e+03   1.92e-04
  2.7075e+03   1.72e-04
  2.8008e+03   1.54e-04
  2.8972e+03   1.39e-04
  2.9970e+03   1.24e-04
  3.1002e+03   1.11e-04
  3.2069e+03   9.96e-05
  3.3173e+03   8.90e-05
  3.4316e+03   7.91e-05
  3.5497e+03   7.07e-05
  3.6720e+03   6.31e-05
  3.7984e+03   5.59e-05
  3.9292e+03   4.96e-05
  4.0645e+03   4.42e-05
  4.2044e+03   3.91e-05
  4.3492e+03   3.44e-05
  4.4990e+03   3.06e-05
  4.6539e+03   2.71e-05
  4.8141e+03   2.37e-05
  4.9799e+03   2.09e-05
  5.1514e+03   1.85e-05
  5.3288e+03   1.62e-05
  5.5123e+03   1.41e-05
  5.7021e+03   1.25e-05
  5.8984e+03   1.09e-05
  6.1015e+03   9.48e-06
  6.3116e+03   8.31e-06
  6.5289e+03   7.29e-06
  6.7538e+03   6.33e-06
  6.9863e+03   5.50e-06
  7.2269e+03   4.82e-06
  7.4757e+03   4.20e-06
  7.7331e+03   3.62e-06
  7.9994e+03   3.17e-06
  8.2749e+03   2.76e-06
  8.5598e+03   2.39e-06
  8.8546e+03   2.07e-06
  9.1594e+03   1.81e-06
  9.4748e+03   1.56e-06
  9.8011e+03   1.34e-06
  1.0139e+04   1.18e-06
  1.0488e+04   1.02e-06
  1.0849e+04   8.80e-07
  1.1222e+04   7.66e-07
  1.1609e+04   6.66e-07
  1.2009e+04   5.75e-07
  1.2422e+04   4.95e-07
  1.2850e+04   4.30e-07
  1.3292e+04   3.70e-07
  1.3750e+04   3.16e-07
  1.4223e+04   2.72e-07
  1.4713e+04   2.32e-07
  1.5220e+04   1.96e-07
  1.5744e+04   1.66e-07
  1.6286e+04   1.39e-07
  1.6847e+04   1.16e-07
  1.7427e+04   9.55e-08
  1.8027e+04   7.81e-08
  1.8648e+04   6.30e-08
  1.9290e+04   5.00e-08
  1.9954e+04   3.90e-08
  2.0641e+04   2.97e-08
  2.1352e+04   2.21e-08
  2.2087e+04   1.61e-08
  2.2848e+04   1.13e-08
  2.3634e+04   7.63e-09
  2.4448e+04   4.96e-09
  2.5290e+04   3.16e-09
