#  E [MeV]   Flux [# cm^{-2} s^{-1}  MeV^{-1}]
  3.0000e+04   2.37e-24
  3.0872e+04   2.29e-24
  3.1770e+04   2.22e-24
  3.2694e+04   2.14e-24
  3.3644e+04   2.07e-24
  3.4623e+04   2.00e-24
  3.5629e+04   1.94e-24
  3.6665e+04   1.87e-24
  3.7731e+04   1.81e-24
  3.8829e+04   1.74e-24
  3.9958e+04   1.68e-24
  4.1119e+04   1.63e-24
  4.2315e+04   1.57e-24
  4.3545e+04   1.51e-24
  4.4812e+04   1.46e-24
  4.6115e+04   1.41e-24
  4.7456e+04   1.36e-24
  4.8835e+04   1.31e-24
  5.0255e+04   1.26e-24
  5.1717e+04   1.22e-24
  5.3220e+04   1.17e-24
  5.4768e+04   1.13e-24
  5.6360e+04   1.09e-24
  5.7999e+04   1.04e-24
  5.9686e+04   1.01e-24
  6.1421e+04   9.67e-25
  6.3207e+04   9.30e-25
  6.5045e+04   8.94e-25
  6.6936e+04   8.59e-25
  6.8882e+04   8.25e-25
  7.0885e+04   7.93e-25
  7.2947e+04   7.61e-25
  7.5068e+04   7.31e-25
  7.7250e+04   7.02e-25
  7.9496e+04   6.73e-25
  8.1808e+04   6.46e-25
  8.4187e+04   6.19e-25
  8.6635e+04   5.93e-25
  8.9154e+04   5.69e-25
  9.1746e+04   5.45e-25
  9.4414e+04   5.22e-25
  9.7159e+04   4.99e-25
  9.9984e+04   4.78e-25
  1.0289e+05   4.57e-25
  1.0588e+05   4.37e-25
  1.0896e+05   4.18e-25
  1.1213e+05   4.00e-25
  1.1539e+05   3.82e-25
  1.1875e+05   3.65e-25
  1.2220e+05   3.48e-25
  1.2575e+05   3.32e-25
  1.2941e+05   3.17e-25
  1.3317e+05   3.02e-25
  1.3704e+05   2.88e-25
  1.4103e+05   2.75e-25
  1.4513e+05   2.62e-25
  1.4935e+05   2.49e-25
  1.5369e+05   2.37e-25
  1.5816e+05   2.26e-25
  1.6276e+05   2.15e-25
  1.6749e+05   2.04e-25
  1.7236e+05   1.94e-25
  1.7737e+05   1.84e-25
  1.8253e+05   1.75e-25
  1.8784e+05   1.66e-25
  1.9330e+05   1.58e-25
  1.9892e+05   1.49e-25
  2.0470e+05   1.42e-25
  2.1066e+05   1.34e-25
  2.1678e+05   1.27e-25
  2.2309e+05   1.20e-25
  2.2957e+05   1.13e-25
  2.3625e+05   1.07e-25
  2.4312e+05   1.01e-25
  2.5019e+05   9.55e-26
  2.5746e+05   9.00e-26
  2.6495e+05   8.48e-26
  2.7265e+05   7.99e-26
  2.8058e+05   7.52e-26
  2.8874e+05   7.07e-26
  2.9713e+05   6.64e-26
  3.0577e+05   6.24e-26
  3.1466e+05   5.86e-26
  3.2381e+05   5.49e-26
  3.3323e+05   5.15e-26
  3.4292e+05   4.82e-26
  3.5289e+05   4.51e-26
  3.6315e+05   4.22e-26
  3.7371e+05   3.94e-26
  3.8457e+05   3.68e-26
  3.9576e+05   3.43e-26
  4.0726e+05   3.20e-26
  4.1911e+05   2.98e-26
  4.3129e+05   2.77e-26
  4.4383e+05   2.58e-26
  4.5674e+05   2.39e-26
  4.7002e+05   2.22e-26
  4.8368e+05   2.06e-26
  4.9775e+05   1.91e-26
  5.1222e+05   1.77e-26
  5.2712e+05   1.63e-26
  5.4244e+05   1.51e-26
  5.5821e+05   1.40e-26
  5.7445e+05   1.29e-26
  5.9115e+05   1.19e-26
  6.0834e+05   1.10e-26
  6.2603e+05   1.01e-26
  6.4423e+05   9.31e-27
  6.6296e+05   8.56e-27
  6.8224e+05   7.88e-27
  7.0208e+05   7.25e-27
  7.2249e+05   6.66e-27
  7.4350e+05   6.10e-27
  7.6512e+05   5.61e-27
  7.8736e+05   5.14e-27
  8.1026e+05   4.71e-27
  8.3382e+05   4.31e-27
  8.5806e+05   3.95e-27
  8.8301e+05   3.61e-27
  9.0869e+05   3.30e-27
  9.3511e+05   3.01e-27
  9.6230e+05   2.76e-27
  9.9028e+05   2.52e-27
  1.0191e+06   2.30e-27
  1.0487e+06   2.09e-27
  1.0792e+06   1.91e-27
  1.1106e+06   1.75e-27
  1.1429e+06   1.59e-27
  1.1761e+06   1.45e-27
  1.2103e+06   1.32e-27
  1.2455e+06   1.20e-27
  1.2817e+06   1.09e-27
  1.3190e+06   9.92e-28
  1.3573e+06   9.05e-28
  1.3968e+06   8.24e-28
  1.4374e+06   7.48e-28
  1.4792e+06   6.77e-28
  1.5222e+06   6.16e-28
  1.5665e+06   5.60e-28
  1.6120e+06   5.07e-28
  1.6589e+06   4.58e-28
  1.7071e+06   4.16e-28
  1.7568e+06   3.77e-28
  1.8079e+06   3.40e-28
  1.8604e+06   3.06e-28
  1.9145e+06   2.77e-28
  1.9702e+06   2.50e-28
  2.0275e+06   2.25e-28
  2.0864e+06   2.02e-28
  2.1471e+06   1.82e-28
  2.2095e+06   1.64e-28
  2.2738e+06   1.47e-28
  2.3399e+06   1.31e-28
  2.4079e+06   1.18e-28
  2.4779e+06   1.06e-28
  2.5500e+06   9.42e-29
  2.6241e+06   8.34e-29
  2.7004e+06   7.48e-29
  2.7790e+06   6.67e-29
  2.8598e+06   5.92e-29
  2.9429e+06   5.21e-29
  3.0285e+06   4.64e-29
  3.1165e+06   4.12e-29
  3.2072e+06   3.63e-29
  3.3004e+06   3.17e-29
  3.3964e+06   2.81e-29
  3.4951e+06   2.47e-29
  3.5968e+06   2.16e-29
  3.7013e+06   1.87e-29
  3.8090e+06   1.64e-29
  3.9197e+06   1.43e-29
  4.0337e+06   1.24e-29
  4.1510e+06   1.06e-29
  4.2717e+06   9.24e-30
  4.3959e+06   8.02e-30
  4.5237e+06   6.88e-30
  4.6552e+06   5.82e-30
  4.7906e+06   5.02e-30
  4.9299e+06   4.32e-30
  5.0732e+06   3.66e-30
  5.2208e+06   3.06e-30
  5.3726e+06   2.61e-30
  5.5288e+06   2.22e-30
  5.6895e+06   1.86e-30
  5.8550e+06   1.54e-30
  6.0252e+06   1.29e-30
  6.2004e+06   1.09e-30
  6.3807e+06   9.02e-31
  6.5662e+06   7.32e-31
  6.7572e+06   6.06e-31
  6.9536e+06   4.99e-31
  7.1558e+06   4.04e-31
  7.3639e+06   3.18e-31
  7.5780e+06   2.55e-31
  7.7984e+06   2.02e-31
  8.0251e+06   1.56e-31
  8.2585e+06   1.16e-31
  8.4986e+06   8.83e-32
  8.7457e+06   6.70e-32
  9.0000e+06   4.87e-32
