#  E [MeV]   Flux [# cm^{-2} s^{-1}  MeV^{-1}]
  3.0000e+04   5.90e-22
  3.1123e+04   5.68e-22
  3.2288e+04   5.47e-22
  3.3497e+04   5.26e-22
  3.4751e+04   5.05e-22
  3.6051e+04   4.86e-22
  3.7401e+04   4.67e-22
  3.8801e+04   4.49e-22
  4.0253e+04   4.31e-22
  4.1760e+04   4.14e-22
  4.3324e+04   3.98e-22
  4.4945e+04   3.82e-22
  4.6628e+04   3.67e-22
  4.8373e+04   3.52e-22
  5.0184e+04   3.38e-22
  5.2063e+04   3.24e-22
  5.4011e+04   3.11e-22
  5.6033e+04   2.98e-22
  5.8131e+04   2.86e-22
  6.0307e+04   2.74e-22
  6.2564e+04   2.63e-22
  6.4906e+04   2.52e-22
  6.7336e+04   2.41e-22
  6.9857e+04   2.31e-22
  7.2472e+04   2.21e-22
  7.5184e+04   2.12e-22
  7.7999e+04   2.03e-22
  8.0919e+04   1.94e-22
  8.3948e+04   1.86e-22
  8.7090e+04   1.78e-22
  9.0350e+04   1.70e-22
  9.3732e+04   1.62e-22
  9.7241e+04   1.55e-22
  1.0088e+05   1.48e-22
  1.0466e+05   1.42e-22
  1.0858e+05   1.35e-22
  1.1264e+05   1.29e-22
  1.1686e+05   1.23e-22
  1.2123e+05   1.18e-22
  1.2577e+05   1.12e-22
  1.3048e+05   1.07e-22
  1.3536e+05   1.02e-22
  1.4043e+05   9.72e-23
  1.4568e+05   9.27e-23
  1.5114e+05   8.83e-23
  1.5680e+05   8.41e-23
  1.6266e+05   8.00e-23
  1.6875e+05   7.62e-23
  1.7507e+05   7.25e-23
  1.8162e+05   6.89e-23
  1.8842e+05   6.55e-23
  1.9548e+05   6.22e-23
  2.0279e+05   5.91e-23
  2.1039e+05   5.61e-23
  2.1826e+05   5.33e-23
  2.2643e+05   5.05e-23
  2.3491e+05   4.79e-23
  2.4370e+05   4.54e-23
  2.5282e+05   4.30e-23
  2.6229e+05   4.08e-23
  2.7211e+05   3.86e-23
  2.8229e+05   3.65e-23
  2.9286e+05   3.45e-23
  3.0382e+05   3.27e-23
  3.1519e+05   3.08e-23
  3.2699e+05   2.91e-23
  3.3923e+05   2.75e-23
  3.5193e+05   2.59e-23
  3.6511e+05   2.45e-23
  3.7877e+05   2.31e-23
  3.9295e+05   2.17e-23
  4.0766e+05   2.04e-23
  4.2292e+05   1.92e-23
  4.3875e+05   1.81e-23
  4.5518e+05   1.70e-23
  4.7222e+05   1.60e-23
  4.8989e+05   1.50e-23
  5.0823e+05   1.41e-23
  5.2726e+05   1.32e-23
  5.4699e+05   1.24e-23
  5.6747e+05   1.17e-23
  5.8871e+05   1.10e-23
  6.1075e+05   1.03e-23
  6.3361e+05   9.67e-24
  6.5733e+05   9.08e-24
  6.8194e+05   8.53e-24
  7.0746e+05   8.01e-24
  7.3395e+05   7.53e-24
  7.6142e+05   7.08e-24
  7.8992e+05   6.66e-24
  8.1949e+05   6.26e-24
  8.5017e+05   5.90e-24
  8.8199e+05   5.56e-24
  9.1501e+05   5.24e-24
  9.4926e+05   4.95e-24
  9.8479e+05   4.67e-24
  1.0217e+06   4.41e-24
  1.0599e+06   4.17e-24
  1.0996e+06   3.95e-24
  1.1407e+06   3.74e-24
  1.1834e+06   3.55e-24
  1.2277e+06   3.37e-24
  1.2737e+06   3.20e-24
  1.3214e+06   3.04e-24
  1.3708e+06   2.90e-24
  1.4222e+06   2.76e-24
  1.4754e+06   2.63e-24
  1.5306e+06   2.51e-24
  1.5879e+06   2.40e-24
  1.6474e+06   2.29e-24
  1.7090e+06   2.19e-24
  1.7730e+06   2.10e-24
  1.8394e+06   2.01e-24
  1.9082e+06   1.93e-24
  1.9797e+06   1.85e-24
  2.0538e+06   1.77e-24
  2.1306e+06   1.70e-24
  2.2104e+06   1.63e-24
  2.2931e+06   1.56e-24
  2.3790e+06   1.50e-24
  2.4680e+06   1.43e-24
  2.5604e+06   1.37e-24
  2.6563e+06   1.32e-24
  2.7557e+06   1.26e-24
  2.8589e+06   1.20e-24
  2.9659e+06   1.15e-24
  3.0769e+06   1.10e-24
  3.1921e+06   1.05e-24
  3.3116e+06   9.99e-25
  3.4355e+06   9.50e-25
  3.5641e+06   9.02e-25
  3.6976e+06   8.56e-25
  3.8360e+06   8.10e-25
  3.9796e+06   7.65e-25
  4.1285e+06   7.22e-25
  4.2831e+06   6.78e-25
  4.4434e+06   6.36e-25
  4.6097e+06   5.95e-25
  4.7823e+06   5.55e-25
  4.9613e+06   5.16e-25
  5.1470e+06   4.78e-25
  5.3397e+06   4.41e-25
  5.5396e+06   4.05e-25
  5.7470e+06   3.71e-25
  5.9621e+06   3.38e-25
  6.1853e+06   3.06e-25
  6.4168e+06   2.76e-25
  6.6570e+06   2.48e-25
  6.9062e+06   2.20e-25
  7.1647e+06   1.95e-25
  7.4329e+06   1.71e-25
  7.7112e+06   1.49e-25
  7.9998e+06   1.29e-25
  8.2993e+06   1.11e-25
  8.6100e+06   9.38e-26
  8.9323e+06   7.86e-26
  9.2666e+06   6.52e-26
  9.6135e+06   5.33e-26
  9.9734e+06   4.30e-26
  1.0347e+07   3.42e-26
  1.0734e+07   2.67e-26
  1.1136e+07   2.05e-26
  1.1553e+07   1.54e-26
  1.1985e+07   1.13e-26
  1.2434e+07   8.13e-27
  1.2899e+07   5.69e-27
  1.3382e+07   3.86e-27
  1.3883e+07   2.54e-27
  1.4403e+07   1.61e-27
  1.4942e+07   9.78e-28
  1.5501e+07   5.69e-28
  1.6081e+07   3.15e-28
  1.6683e+07   1.64e-28
  1.7308e+07   8.05e-29
  1.7956e+07   3.67e-29
  1.8628e+07   1.54e-29
  1.9325e+07   5.93e-30
  2.0049e+07   2.05e-30
  2.0799e+07   6.32e-31
  2.1578e+07   1.70e-31
  2.2386e+07   3.93e-32
  2.3224e+07   7.61e-33
  2.4093e+07   1.21e-33
  2.4995e+07   1.51e-34
  2.5930e+07   1.43e-35
  2.6901e+07   9.97e-37
  2.7908e+07   4.76e-38
  2.8953e+07   1.46e-39
  3.0037e+07   2.72e-41
  3.1161e+07   2.73e-43
  3.2327e+07   1.32e-45
  3.3537e+07   2.73e-48
  3.4793e+07   1.98e-51
  3.6095e+07   4.06e-55
  3.7446e+07   1.84e-59
  3.8848e+07   1.30e-64
  4.0302e+07   2.73e-66
  4.1811e+07   2.46e-66
  4.3376e+07   2.26e-66
  4.5000e+07   2.07e-66
