#  E [MeV]   Flux [# cm^{-2} s^{-1}  MeV^{-1}]
  3.0000e+04   3.79e-26
  3.1232e+04   3.64e-26
  3.2514e+04   3.50e-26
  3.3849e+04   3.36e-26
  3.5238e+04   3.23e-26
  3.6685e+04   3.11e-26
  3.8191e+04   2.98e-26
  3.9759e+04   2.87e-26
  4.1391e+04   2.75e-26
  4.3090e+04   2.64e-26
  4.4859e+04   2.53e-26
  4.6701e+04   2.43e-26
  4.8618e+04   2.33e-26
  5.0614e+04   2.24e-26
  5.2692e+04   2.14e-26
  5.4855e+04   2.06e-26
  5.7107e+04   1.97e-26
  5.9451e+04   1.89e-26
  6.1892e+04   1.81e-26
  6.4433e+04   1.73e-26
  6.7078e+04   1.66e-26
  6.9832e+04   1.59e-26
  7.2699e+04   1.52e-26
  7.5683e+04   1.45e-26
  7.8790e+04   1.39e-26
  8.2025e+04   1.33e-26
  8.5392e+04   1.27e-26
  8.8898e+04   1.22e-26
  9.2547e+04   1.16e-26
  9.6347e+04   1.11e-26
  1.0030e+05   1.06e-26
  1.0442e+05   1.01e-26
  1.0871e+05   9.66e-27
  1.1317e+05   9.22e-27
  1.1782e+05   8.80e-27
  1.2265e+05   8.39e-27
  1.2769e+05   8.00e-27
  1.3293e+05   7.63e-27
  1.3839e+05   7.27e-27
  1.4407e+05   6.93e-27
  1.4998e+05   6.59e-27
  1.5614e+05   6.28e-27
  1.6255e+05   5.97e-27
  1.6922e+05   5.68e-27
  1.7617e+05   5.41e-27
  1.8340e+05   5.14e-27
  1.9093e+05   4.88e-27
  1.9877e+05   4.64e-27
  2.0693e+05   4.41e-27
  2.1543e+05   4.19e-27
  2.2427e+05   3.97e-27
  2.3348e+05   3.77e-27
  2.4306e+05   3.58e-27
  2.5304e+05   3.39e-27
  2.6343e+05   3.21e-27
  2.7424e+05   3.05e-27
  2.8550e+05   2.89e-27
  2.9722e+05   2.73e-27
  3.0942e+05   2.59e-27
  3.2213e+05   2.45e-27
  3.3535e+05   2.31e-27
  3.4912e+05   2.19e-27
  3.6345e+05   2.07e-27
  3.7837e+05   1.95e-27
  3.9390e+05   1.85e-27
  4.1008e+05   1.74e-27
  4.2691e+05   1.64e-27
  4.4444e+05   1.55e-27
  4.6268e+05   1.46e-27
  4.8168e+05   1.38e-27
  5.0145e+05   1.30e-27
  5.2204e+05   1.23e-27
  5.4347e+05   1.15e-27
  5.6578e+05   1.09e-27
  5.8901e+05   1.02e-27
  6.1319e+05   9.61e-28
  6.3836e+05   9.04e-28
  6.6457e+05   8.50e-28
  6.9185e+05   7.99e-28
  7.2025e+05   7.51e-28
  7.4982e+05   7.05e-28
  7.8061e+05   6.62e-28
  8.1265e+05   6.22e-28
  8.4601e+05   5.84e-28
  8.8075e+05   5.48e-28
  9.1690e+05   5.14e-28
  9.5455e+05   4.82e-28
  9.9373e+05   4.52e-28
  1.0345e+06   4.24e-28
  1.0770e+06   3.98e-28
  1.1212e+06   3.73e-28
  1.1672e+06   3.49e-28
  1.2152e+06   3.28e-28
  1.2650e+06   3.07e-28
  1.3170e+06   2.88e-28
  1.3711e+06   2.69e-28
  1.4273e+06   2.52e-28
  1.4859e+06   2.36e-28
  1.5469e+06   2.21e-28
  1.6104e+06   2.07e-28
  1.6766e+06   1.94e-28
  1.7454e+06   1.82e-28
  1.8170e+06   1.70e-28
  1.8916e+06   1.59e-28
  1.9693e+06   1.49e-28
  2.0501e+06   1.40e-28
  2.1343e+06   1.31e-28
  2.2219e+06   1.23e-28
  2.3131e+06   1.15e-28
  2.4081e+06   1.07e-28
  2.5070e+06   1.01e-28
  2.6099e+06   9.42e-29
  2.7170e+06   8.82e-29
  2.8286e+06   8.26e-29
  2.9447e+06   7.74e-29
  3.0656e+06   7.25e-29
  3.1914e+06   6.79e-29
  3.3225e+06   6.37e-29
  3.4589e+06   5.97e-29
  3.6008e+06   5.59e-29
  3.7487e+06   5.24e-29
  3.9026e+06   4.91e-29
  4.0628e+06   4.61e-29
  4.2296e+06   4.32e-29
  4.4032e+06   4.05e-29
  4.5840e+06   3.80e-29
  4.7722e+06   3.57e-29
  4.9681e+06   3.34e-29
  5.1720e+06   3.14e-29
  5.3844e+06   2.95e-29
  5.6054e+06   2.77e-29
  5.8355e+06   2.60e-29
  6.0751e+06   2.44e-29
  6.3245e+06   2.29e-29
  6.5841e+06   2.16e-29
  6.8544e+06   2.02e-29
  7.1358e+06   1.90e-29
  7.4288e+06   1.79e-29
  7.7338e+06   1.68e-29
  8.0513e+06   1.58e-29
  8.3818e+06   1.48e-29
  8.7259e+06   1.39e-29
  9.0841e+06   1.31e-29
  9.4571e+06   1.23e-29
  9.8453e+06   1.15e-29
  1.0249e+07   1.08e-29
  1.0670e+07   1.01e-29
  1.1108e+07   9.50e-30
  1.1564e+07   8.90e-30
  1.2039e+07   8.32e-30
  1.2533e+07   7.77e-30
  1.3048e+07   7.26e-30
  1.3584e+07   6.76e-30
  1.4141e+07   6.29e-30
  1.4722e+07   5.84e-30
  1.5326e+07   5.41e-30
  1.5955e+07   4.99e-30
  1.6610e+07   4.60e-30
  1.7292e+07   4.22e-30
  1.8002e+07   3.86e-30
  1.8741e+07   3.51e-30
  1.9511e+07   3.18e-30
  2.0312e+07   2.86e-30
  2.1145e+07   2.55e-30
  2.2013e+07   2.26e-30
  2.2917e+07   1.97e-30
  2.3858e+07   1.71e-30
  2.4837e+07   1.46e-30
  2.5857e+07   1.22e-30
  2.6919e+07   1.00e-30
  2.8024e+07   8.03e-31
  2.9174e+07   6.26e-31
  3.0372e+07   4.71e-31
  3.1619e+07   3.39e-31
  3.2917e+07   2.32e-31
  3.4268e+07   1.49e-31
  3.5675e+07   8.78e-32
  3.7140e+07   4.68e-32
  3.8664e+07   2.20e-32
  4.0252e+07   8.78e-33
  4.1904e+07   2.85e-33
  4.3624e+07   7.07e-34
  4.5415e+07   1.24e-34
  4.7280e+07   1.37e-35
  4.9221e+07   8.30e-37
  5.1241e+07   2.22e-38
  5.3345e+07   1.96e-40
  5.5535e+07   3.82e-43
  5.7815e+07   9.07e-47
  6.0188e+07   1.13e-51
  6.2659e+07   2.10e-58
  6.5232e+07   9.08e-68
  6.7910e+07   1.05e-70
  7.0698e+07   9.85e-71
  7.3600e+07   9.27e-71
  7.6621e+07   8.71e-71
  7.9767e+07   8.18e-71
  8.3042e+07   7.66e-71
  8.6451e+07   7.17e-71
  9.0000e+07   6.72e-71
