#  E [MeV]   Flux [# cm^{-2} s^{-1}  MeV^{-1}]
  3.0000e+04   2.33e-20
  3.1123e+04   2.22e-20
  3.2288e+04   2.13e-20
  3.3497e+04   2.03e-20
  3.4751e+04   1.95e-20
  3.6051e+04   1.86e-20
  3.7401e+04   1.78e-20
  3.8801e+04   1.70e-20
  4.0253e+04   1.62e-20
  4.1760e+04   1.55e-20
  4.3324e+04   1.48e-20
  4.4945e+04   1.41e-20
  4.6628e+04   1.35e-20
  4.8373e+04   1.29e-20
  5.0184e+04   1.23e-20
  5.2063e+04   1.17e-20
  5.4011e+04   1.12e-20
  5.6033e+04   1.07e-20
  5.8131e+04   1.02e-20
  6.0307e+04   9.71e-21
  6.2564e+04   9.26e-21
  6.4906e+04   8.83e-21
  6.7336e+04   8.41e-21
  6.9857e+04   8.01e-21
  7.2472e+04   7.64e-21
  7.5184e+04   7.27e-21
  7.7999e+04   6.92e-21
  8.0919e+04   6.59e-21
  8.3948e+04   6.28e-21
  8.7090e+04   5.97e-21
  9.0350e+04   5.68e-21
  9.3732e+04   5.41e-21
  9.7241e+04   5.14e-21
  1.0088e+05   4.89e-21
  1.0466e+05   4.65e-21
  1.0858e+05   4.42e-21
  1.1264e+05   4.20e-21
  1.1686e+05   3.99e-21
  1.2123e+05   3.79e-21
  1.2577e+05   3.60e-21
  1.3048e+05   3.41e-21
  1.3536e+05   3.24e-21
  1.4043e+05   3.07e-21
  1.4568e+05   2.91e-21
  1.5114e+05   2.76e-21
  1.5680e+05   2.61e-21
  1.6266e+05   2.48e-21
  1.6875e+05   2.34e-21
  1.7507e+05   2.22e-21
  1.8162e+05   2.10e-21
  1.8842e+05   1.99e-21
  1.9548e+05   1.88e-21
  2.0279e+05   1.77e-21
  2.1039e+05   1.67e-21
  2.1826e+05   1.58e-21
  2.2643e+05   1.49e-21
  2.3491e+05   1.41e-21
  2.4370e+05   1.32e-21
  2.5282e+05   1.25e-21
  2.6229e+05   1.17e-21
  2.7211e+05   1.10e-21
  2.8229e+05   1.04e-21
  2.9286e+05   9.74e-22
  3.0382e+05   9.14e-22
  3.1519e+05   8.57e-22
  3.2699e+05   8.03e-22
  3.3923e+05   7.51e-22
  3.5193e+05   7.03e-22
  3.6511e+05   6.57e-22
  3.7877e+05   6.14e-22
  3.9295e+05   5.73e-22
  4.0766e+05   5.34e-22
  4.2292e+05   4.98e-22
  4.3875e+05   4.63e-22
  4.5518e+05   4.31e-22
  4.7222e+05   4.01e-22
  4.8989e+05   3.72e-22
  5.0823e+05   3.45e-22
  5.2726e+05   3.20e-22
  5.4699e+05   2.97e-22
  5.6747e+05   2.75e-22
  5.8871e+05   2.55e-22
  6.1075e+05   2.35e-22
  6.3361e+05   2.18e-22
  6.5733e+05   2.01e-22
  6.8194e+05   1.85e-22
  7.0746e+05   1.71e-22
  7.3395e+05   1.58e-22
  7.6142e+05   1.45e-22
  7.8992e+05   1.34e-22
  8.1949e+05   1.23e-22
  8.5017e+05   1.13e-22
  8.8199e+05   1.04e-22
  9.1501e+05   9.60e-23
  9.4926e+05   8.82e-23
  9.8479e+05   8.11e-23
  1.0217e+06   7.45e-23
  1.0599e+06   6.83e-23
  1.0996e+06   6.27e-23
  1.1407e+06   5.75e-23
  1.1834e+06   5.27e-23
  1.2277e+06   4.83e-23
  1.2737e+06   4.43e-23
  1.3214e+06   4.05e-23
  1.3708e+06   3.71e-23
  1.4222e+06   3.39e-23
  1.4754e+06   3.10e-23
  1.5306e+06   2.83e-23
  1.5879e+06   2.59e-23
  1.6474e+06   2.37e-23
  1.7090e+06   2.16e-23
  1.7730e+06   1.97e-23
  1.8394e+06   1.80e-23
  1.9082e+06   1.64e-23
  1.9797e+06   1.49e-23
  2.0538e+06   1.36e-23
  2.1306e+06   1.23e-23
  2.2104e+06   1.12e-23
  2.2931e+06   1.02e-23
  2.3790e+06   9.21e-24
  2.4680e+06   8.35e-24
  2.5604e+06   7.55e-24
  2.6563e+06   6.81e-24
  2.7557e+06   6.16e-24
  2.8589e+06   5.55e-24
  2.9659e+06   4.99e-24
  3.0769e+06   4.49e-24
  3.1921e+06   4.04e-24
  3.3116e+06   3.62e-24
  3.4355e+06   3.23e-24
  3.5641e+06   2.90e-24
  3.6976e+06   2.58e-24
  3.8360e+06   2.30e-24
  3.9796e+06   2.05e-24
  4.1285e+06   1.82e-24
  4.2831e+06   1.61e-24
  4.4434e+06   1.42e-24
  4.6097e+06   1.26e-24
  4.7823e+06   1.10e-24
  4.9613e+06   9.69e-25
  5.1470e+06   8.49e-25
  5.3397e+06   7.38e-25
  5.5396e+06   6.45e-25
  5.7470e+06   5.61e-25
  5.9621e+06   4.84e-25
  6.1853e+06   4.19e-25
  6.4168e+06   3.62e-25
  6.6570e+06   3.09e-25
  6.9062e+06   2.65e-25
  7.1647e+06   2.27e-25
  7.4329e+06   1.92e-25
  7.7112e+06   1.62e-25
  7.9998e+06   1.37e-25
  8.2993e+06   1.15e-25
  8.6100e+06   9.58e-26
  8.9323e+06   8.01e-26
  9.2666e+06   6.60e-26
  9.6135e+06   5.39e-26
  9.9734e+06   4.44e-26
  1.0347e+07   3.60e-26
  1.0734e+07   2.88e-26
  1.1136e+07   2.33e-26
  1.1553e+07   1.85e-26
  1.1985e+07   1.45e-26
  1.2434e+07   1.14e-26
  1.2899e+07   8.81e-27
  1.3382e+07   6.68e-27
  1.3883e+07   5.07e-27
  1.4403e+07   3.79e-27
  1.4942e+07   2.76e-27
  1.5501e+07   2.00e-27
  1.6081e+07   1.42e-27
  1.6683e+07   9.80e-28
  1.7308e+07   6.63e-28
  1.7956e+07   4.40e-28
  1.8628e+07   2.80e-28
  1.9325e+07   1.72e-28
  2.0049e+07   1.03e-28
  2.0799e+07   5.80e-29
  2.1578e+07   3.09e-29
  2.2386e+07   1.56e-29
  2.3224e+07   7.26e-30
  2.4093e+07   3.08e-30
  2.4995e+07   1.19e-30
  2.5930e+07   4.05e-31
  2.6901e+07   1.19e-31
  2.7908e+07   2.97e-32
  2.8953e+07   6.05e-33
  3.0037e+07   9.62e-34
  3.1161e+07   1.15e-34
  3.2327e+07   9.63e-36
  3.3537e+07   5.26e-37
  3.4793e+07   1.70e-38
  3.6095e+07   2.88e-40
  3.7446e+07   2.20e-42
  3.8848e+07   6.28e-45
  4.0302e+07   5.20e-48
  4.1811e+07   9.07e-52
  4.3376e+07   2.21e-56
  4.5000e+07   4.36e-62
