#  E [GeV]   # per interaction  [GeV^{-1}]
  3.0000e+01   1.11e-01
  3.0517e+01   1.08e-01
  3.1043e+01   1.05e-01
  3.1578e+01   1.01e-01
  3.2123e+01   9.80e-02
  3.2676e+01   9.49e-02
  3.3240e+01   9.18e-02
  3.3813e+01   8.89e-02
  3.4396e+01   8.60e-02
  3.4989e+01   8.32e-02
  3.5592e+01   8.05e-02
  3.6205e+01   7.78e-02
  3.6829e+01   7.53e-02
  3.7464e+01   7.28e-02
  3.8110e+01   7.04e-02
  3.8767e+01   6.80e-02
  3.9435e+01   6.58e-02
  4.0115e+01   6.35e-02
  4.0807e+01   6.13e-02
  4.1510e+01   5.93e-02
  4.2226e+01   5.73e-02
  4.2953e+01   5.53e-02
  4.3694e+01   5.34e-02
  4.4447e+01   5.15e-02
  4.5213e+01   4.97e-02
  4.5993e+01   4.80e-02
  4.6786e+01   4.63e-02
  4.7592e+01   4.47e-02
  4.8412e+01   4.31e-02
  4.9247e+01   4.15e-02
  5.0096e+01   4.01e-02
  5.0960e+01   3.86e-02
  5.1838e+01   3.72e-02
  5.2732e+01   3.59e-02
  5.3641e+01   3.46e-02
  5.4565e+01   3.33e-02
  5.5506e+01   3.21e-02
  5.6463e+01   3.09e-02
  5.7436e+01   2.97e-02
  5.8426e+01   2.86e-02
  5.9433e+01   2.75e-02
  6.0458e+01   2.65e-02
  6.1500e+01   2.55e-02
  6.2560e+01   2.45e-02
  6.3639e+01   2.36e-02
  6.4736e+01   2.26e-02
  6.5852e+01   2.18e-02
  6.6987e+01   2.09e-02
  6.8142e+01   2.01e-02
  6.9316e+01   1.93e-02
  7.0511e+01   1.86e-02
  7.1727e+01   1.78e-02
  7.2963e+01   1.71e-02
  7.4221e+01   1.64e-02
  7.5500e+01   1.58e-02
  7.6802e+01   1.52e-02
  7.8126e+01   1.45e-02
  7.9472e+01   1.39e-02
  8.0842e+01   1.34e-02
  8.2236e+01   1.28e-02
  8.3654e+01   1.23e-02
  8.5096e+01   1.18e-02
  8.6563e+01   1.13e-02
  8.8055e+01   1.08e-02
  8.9573e+01   1.03e-02
  9.1117e+01   9.89e-03
  9.2687e+01   9.46e-03
  9.4285e+01   9.06e-03
  9.5911e+01   8.67e-03
  9.7564e+01   8.30e-03
  9.9246e+01   7.93e-03
  1.0096e+02   7.57e-03
  1.0270e+02   7.22e-03
  1.0447e+02   6.91e-03
  1.0627e+02   6.60e-03
  1.0810e+02   6.31e-03
  1.0996e+02   6.02e-03
  1.1186e+02   5.74e-03
  1.1379e+02   5.47e-03
  1.1575e+02   5.21e-03
  1.1774e+02   4.98e-03
  1.1977e+02   4.75e-03
  1.2184e+02   4.53e-03
  1.2394e+02   4.31e-03
  1.2608e+02   4.10e-03
  1.2825e+02   3.90e-03
  1.3046e+02   3.71e-03
  1.3271e+02   3.54e-03
  1.3500e+02   3.37e-03
  1.3732e+02   3.20e-03
  1.3969e+02   3.04e-03
  1.4210e+02   2.89e-03
  1.4455e+02   2.74e-03
  1.4704e+02   2.60e-03
  1.4957e+02   2.47e-03
  1.5215e+02   2.35e-03
  1.5478e+02   2.23e-03
  1.5744e+02   2.11e-03
  1.6016e+02   2.00e-03
  1.6292e+02   1.89e-03
  1.6573e+02   1.79e-03
  1.6858e+02   1.70e-03
  1.7149e+02   1.61e-03
  1.7445e+02   1.52e-03
  1.7745e+02   1.44e-03
  1.8051e+02   1.35e-03
  1.8362e+02   1.27e-03
  1.8679e+02   1.21e-03
  1.9001e+02   1.14e-03
  1.9328e+02   1.08e-03
  1.9662e+02   1.01e-03
  2.0001e+02   9.53e-04
  2.0345e+02   8.95e-04
  2.0696e+02   8.41e-04
  2.1053e+02   7.94e-04
  2.1416e+02   7.48e-04
  2.1785e+02   7.03e-04
  2.2160e+02   6.60e-04
  2.2543e+02   6.18e-04
  2.2931e+02   5.77e-04
  2.3326e+02   5.42e-04
  2.3729e+02   5.09e-04
  2.4138e+02   4.78e-04
  2.4554e+02   4.48e-04
  2.4977e+02   4.18e-04
  2.5407e+02   3.90e-04
  2.5845e+02   3.62e-04
  2.6291e+02   3.40e-04
  2.6744e+02   3.18e-04
  2.7205e+02   2.97e-04
  2.7674e+02   2.77e-04
  2.8151e+02   2.57e-04
  2.8637e+02   2.38e-04
  2.9130e+02   2.21e-04
  2.9632e+02   2.07e-04
  3.0143e+02   1.93e-04
  3.0663e+02   1.79e-04
  3.1191e+02   1.66e-04
  3.1729e+02   1.54e-04
  3.2276e+02   1.41e-04
  3.2832e+02   1.31e-04
  3.3398e+02   1.22e-04
  3.3974e+02   1.13e-04
  3.4560e+02   1.04e-04
  3.5155e+02   9.59e-05
  3.5761e+02   8.80e-05
  3.6378e+02   8.05e-05
  3.7005e+02   7.43e-05
  3.7643e+02   6.87e-05
  3.8292e+02   6.33e-05
  3.8952e+02   5.82e-05
  3.9623e+02   5.32e-05
  4.0306e+02   4.85e-05
  4.1001e+02   4.40e-05
  4.1708e+02   4.06e-05
  4.2427e+02   3.73e-05
  4.3158e+02   3.42e-05
  4.3902e+02   3.12e-05
  4.4659e+02   2.83e-05
  4.5429e+02   2.56e-05
  4.6212e+02   2.32e-05
  4.7009e+02   2.13e-05
  4.7819e+02   1.94e-05
  4.8643e+02   1.77e-05
  4.9482e+02   1.61e-05
  5.0335e+02   1.45e-05
  5.1203e+02   1.30e-05
  5.2085e+02   1.17e-05
  5.2983e+02   1.07e-05
  5.3897e+02   9.73e-06
  5.4826e+02   8.79e-06
  5.5771e+02   7.90e-06
  5.6732e+02   7.05e-06
  5.7710e+02   6.25e-06
  5.8705e+02   5.67e-06
  5.9717e+02   5.15e-06
  6.0746e+02   4.65e-06
  6.1793e+02   4.18e-06
  6.2859e+02   3.73e-06
  6.3942e+02   3.31e-06
  6.5045e+02   2.92e-06
  6.6166e+02   2.64e-06
  6.7306e+02   2.38e-06
  6.8467e+02   2.13e-06
  6.9647e+02   1.89e-06
  7.0847e+02   1.66e-06
  7.2069e+02   1.45e-06
  7.3311e+02   1.27e-06
  7.4575e+02   1.14e-06
  7.5860e+02   1.01e-06
  7.7168e+02   8.88e-07
  7.8498e+02   7.74e-07
  7.9852e+02   6.66e-07
  8.1228e+02   5.63e-07
  8.2628e+02   4.96e-07
  8.4053e+02   4.49e-07
  8.5502e+02   4.04e-07
  8.6976e+02   3.62e-07
  8.8475e+02   3.22e-07
  9.0000e+02   2.83e-07
