#  E [MeV]   Flux [# cm^{-2} s^{-1}  MeV^{-1}]
  3.0000e+04   3.81e-25
  3.1141e+04   3.66e-25
  3.2326e+04   3.51e-25
  3.3556e+04   3.38e-25
  3.4832e+04   3.24e-25
  3.6157e+04   3.12e-25
  3.7533e+04   2.99e-25
  3.8961e+04   2.88e-25
  4.0443e+04   2.76e-25
  4.1982e+04   2.65e-25
  4.3579e+04   2.55e-25
  4.5237e+04   2.45e-25
  4.6958e+04   2.35e-25
  4.8744e+04   2.26e-25
  5.0598e+04   2.16e-25
  5.2523e+04   2.08e-25
  5.4521e+04   1.99e-25
  5.6596e+04   1.91e-25
  5.8749e+04   1.84e-25
  6.0984e+04   1.76e-25
  6.3304e+04   1.69e-25
  6.5712e+04   1.62e-25
  6.8212e+04   1.55e-25
  7.0807e+04   1.49e-25
  7.3500e+04   1.43e-25
  7.6297e+04   1.37e-25
  7.9199e+04   1.31e-25
  8.2212e+04   1.26e-25
  8.5340e+04   1.20e-25
  8.8586e+04   1.15e-25
  9.1956e+04   1.10e-25
  9.5455e+04   1.06e-25
  9.9086e+04   1.01e-25
  1.0286e+05   9.68e-26
  1.0677e+05   9.26e-26
  1.1083e+05   8.85e-26
  1.1505e+05   8.46e-26
  1.1942e+05   8.09e-26
  1.2397e+05   7.72e-26
  1.2868e+05   7.38e-26
  1.3358e+05   7.04e-26
  1.3866e+05   6.72e-26
  1.4394e+05   6.41e-26
  1.4941e+05   6.11e-26
  1.5509e+05   5.83e-26
  1.6100e+05   5.55e-26
  1.6712e+05   5.28e-26
  1.7348e+05   5.03e-26
  1.8008e+05   4.78e-26
  1.8693e+05   4.54e-26
  1.9404e+05   4.32e-26
  2.0142e+05   4.10e-26
  2.0908e+05   3.89e-26
  2.1704e+05   3.69e-26
  2.2529e+05   3.49e-26
  2.3387e+05   3.31e-26
  2.4276e+05   3.13e-26
  2.5200e+05   2.96e-26
  2.6158e+05   2.80e-26
  2.7154e+05   2.64e-26
  2.8187e+05   2.49e-26
  2.9259e+05   2.35e-26
  3.0372e+05   2.21e-26
  3.1527e+05   2.08e-26
  3.2727e+05   1.95e-26
  3.3972e+05   1.83e-26
  3.5264e+05   1.72e-26
  3.6606e+05   1.61e-26
  3.7998e+05   1.50e-26
  3.9444e+05   1.41e-26
  4.0945e+05   1.31e-26
  4.2502e+05   1.22e-26
  4.4119e+05   1.14e-26
  4.5798e+05   1.06e-26
  4.7540e+05   9.88e-27
  4.9348e+05   9.18e-27
  5.1226e+05   8.52e-27
  5.3175e+05   7.90e-27
  5.5198e+05   7.32e-27
  5.7297e+05   6.77e-27
  5.9477e+05   6.26e-27
  6.1740e+05   5.79e-27
  6.4089e+05   5.34e-27
  6.6527e+05   4.93e-27
  6.9058e+05   4.54e-27
  7.1685e+05   4.18e-27
  7.4412e+05   3.85e-27
  7.7243e+05   3.54e-27
  8.0181e+05   3.26e-27
  8.3232e+05   3.00e-27
  8.6398e+05   2.75e-27
  8.9685e+05   2.53e-27
  9.3097e+05   2.32e-27
  9.6638e+05   2.13e-27
  1.0031e+06   1.96e-27
  1.0413e+06   1.80e-27
  1.0809e+06   1.65e-27
  1.1220e+06   1.51e-27
  1.1647e+06   1.39e-27
  1.2090e+06   1.27e-27
  1.2550e+06   1.17e-27
  1.3028e+06   1.07e-27
  1.3523e+06   9.81e-28
  1.4038e+06   8.99e-28
  1.4572e+06   8.23e-28
  1.5126e+06   7.54e-28
  1.5702e+06   6.90e-28
  1.6299e+06   6.32e-28
  1.6919e+06   5.78e-28
  1.7563e+06   5.29e-28
  1.8231e+06   4.84e-28
  1.8925e+06   4.42e-28
  1.9645e+06   4.04e-28
  2.0392e+06   3.69e-28
  2.1168e+06   3.36e-28
  2.1973e+06   3.07e-28
  2.2809e+06   2.80e-28
  2.3677e+06   2.55e-28
  2.4577e+06   2.32e-28
  2.5512e+06   2.11e-28
  2.6483e+06   1.91e-28
  2.7490e+06   1.74e-28
  2.8536e+06   1.57e-28
  2.9622e+06   1.42e-28
  3.0749e+06   1.29e-28
  3.1918e+06   1.16e-28
  3.3133e+06   1.05e-28
  3.4393e+06   9.42e-29
  3.5702e+06   8.47e-29
  3.7060e+06   7.58e-29
  3.8470e+06   6.79e-29
  3.9933e+06   6.08e-29
  4.1452e+06   5.41e-29
  4.3029e+06   4.82e-29
  4.4666e+06   4.28e-29
  4.6366e+06   3.79e-29
  4.8129e+06   3.34e-29
  4.9960e+06   2.95e-29
  5.1861e+06   2.59e-29
  5.3834e+06   2.26e-29
  5.5882e+06   1.98e-29
  5.8008e+06   1.72e-29
  6.0215e+06   1.49e-29
  6.2506e+06   1.29e-29
  6.4883e+06   1.11e-29
  6.7352e+06   9.48e-30
  6.9914e+06   8.11e-30
  7.2574e+06   6.88e-30
  7.5335e+06   5.79e-30
  7.8201e+06   4.89e-30
  8.1176e+06   4.08e-30
  8.4264e+06   3.37e-30
  8.7470e+06   2.79e-30
  9.0797e+06   2.29e-30
  9.4251e+06   1.85e-30
  9.7837e+06   1.50e-30
  1.0156e+07   1.19e-30
  1.0542e+07   9.36e-31
  1.0943e+07   7.36e-31
  1.1360e+07   5.69e-31
  1.1792e+07   4.31e-31
  1.2240e+07   3.25e-31
  1.2706e+07   2.41e-31
  1.3189e+07   1.74e-31
  1.3691e+07   1.24e-31
  1.4212e+07   8.69e-32
  1.4753e+07   5.89e-32
  1.5314e+07   3.92e-32
  1.5897e+07   2.53e-32
  1.6501e+07   1.57e-32
  1.7129e+07   9.44e-33
  1.7781e+07   5.47e-33
  1.8457e+07   2.99e-33
  1.9159e+07   1.55e-33
  1.9888e+07   7.64e-34
  2.0645e+07   3.47e-34
  2.1430e+07   1.45e-34
  2.2245e+07   5.60e-35
  2.3092e+07   1.91e-35
  2.3970e+07   5.77e-36
  2.4882e+07   1.52e-36
  2.5829e+07   3.36e-37
  2.6811e+07   6.03e-38
  2.7831e+07   8.72e-39
  2.8890e+07   9.42e-40
  2.9989e+07   7.22e-41
  3.1130e+07   3.80e-42
  3.2314e+07   1.22e-43
  3.3544e+07   2.16e-45
  3.4820e+07   1.92e-47
  3.6144e+07   7.02e-50
  3.7519e+07   8.65e-53
  3.8947e+07   2.86e-56
  4.0428e+07   1.75e-60
  4.1966e+07   1.28e-65
  4.3563e+07   6.80e-72
  4.5220e+07   6.29e-72
  4.6941e+07   5.79e-72
  4.8726e+07   5.41e-72
  5.0580e+07   5.06e-72
