#  E [MeV]   Flux [# cm^{-2} s^{-1}  MeV^{-1}]
  3.0000e+04   5.41e-20
  3.1033e+04   5.18e-20
  3.2102e+04   4.97e-20
  3.3207e+04   4.76e-20
  3.4350e+04   4.55e-20
  3.5533e+04   4.36e-20
  3.6757e+04   4.18e-20
  3.8022e+04   4.00e-20
  3.9332e+04   3.83e-20
  4.0686e+04   3.66e-20
  4.2087e+04   3.50e-20
  4.3536e+04   3.35e-20
  4.5035e+04   3.21e-20
  4.6586e+04   3.07e-20
  4.8190e+04   2.93e-20
  4.9850e+04   2.80e-20
  5.1566e+04   2.68e-20
  5.3342e+04   2.56e-20
  5.5178e+04   2.45e-20
  5.7078e+04   2.34e-20
  5.9044e+04   2.24e-20
  6.1077e+04   2.14e-20
  6.3180e+04   2.04e-20
  6.5356e+04   1.95e-20
  6.7606e+04   1.86e-20
  6.9934e+04   1.78e-20
  7.2342e+04   1.70e-20
  7.4833e+04   1.62e-20
  7.7410e+04   1.55e-20
  8.0075e+04   1.48e-20
  8.2833e+04   1.41e-20
  8.5685e+04   1.35e-20
  8.8635e+04   1.28e-20
  9.1687e+04   1.23e-20
  9.4844e+04   1.17e-20
  9.8110e+04   1.11e-20
  1.0149e+05   1.06e-20
  1.0498e+05   1.01e-20
  1.0860e+05   9.65e-21
  1.1234e+05   9.20e-21
  1.1621e+05   8.76e-21
  1.2021e+05   8.34e-21
  1.2435e+05   7.94e-21
  1.2863e+05   7.56e-21
  1.3306e+05   7.20e-21
  1.3764e+05   6.85e-21
  1.4238e+05   6.52e-21
  1.4728e+05   6.20e-21
  1.5235e+05   5.89e-21
  1.5760e+05   5.60e-21
  1.6302e+05   5.32e-21
  1.6864e+05   5.05e-21
  1.7445e+05   4.79e-21
  1.8045e+05   4.54e-21
  1.8667e+05   4.31e-21
  1.9309e+05   4.08e-21
  1.9974e+05   3.87e-21
  2.0662e+05   3.66e-21
  2.1373e+05   3.47e-21
  2.2109e+05   3.28e-21
  2.2871e+05   3.10e-21
  2.3658e+05   2.92e-21
  2.4473e+05   2.76e-21
  2.5316e+05   2.60e-21
  2.6187e+05   2.45e-21
  2.7089e+05   2.31e-21
  2.8022e+05   2.17e-21
  2.8987e+05   2.04e-21
  2.9985e+05   1.92e-21
  3.1017e+05   1.80e-21
  3.2085e+05   1.68e-21
  3.3190e+05   1.57e-21
  3.4333e+05   1.47e-21
  3.5515e+05   1.38e-21
  3.6738e+05   1.29e-21
  3.8003e+05   1.20e-21
  3.9312e+05   1.12e-21
  4.0665e+05   1.04e-21
  4.2066e+05   9.71e-22
  4.3514e+05   9.04e-22
  4.5013e+05   8.41e-22
  4.6562e+05   7.81e-22
  4.8166e+05   7.26e-22
  4.9824e+05   6.74e-22
  5.1540e+05   6.25e-22
  5.3315e+05   5.79e-22
  5.5150e+05   5.36e-22
  5.7050e+05   4.96e-22
  5.9014e+05   4.58e-22
  6.1046e+05   4.23e-22
  6.3148e+05   3.91e-22
  6.5322e+05   3.60e-22
  6.7572e+05   3.32e-22
  6.9898e+05   3.05e-22
  7.2305e+05   2.81e-22
  7.4795e+05   2.58e-22
  7.7371e+05   2.37e-22
  8.0035e+05   2.18e-22
  8.2791e+05   2.00e-22
  8.5641e+05   1.84e-22
  8.8590e+05   1.68e-22
  9.1641e+05   1.54e-22
  9.4796e+05   1.41e-22
  9.8061e+05   1.29e-22
  1.0144e+06   1.18e-22
  1.0493e+06   1.08e-22
  1.0854e+06   9.91e-23
  1.1228e+06   9.06e-23
  1.1615e+06   8.27e-23
  1.2015e+06   7.56e-23
  1.2428e+06   6.90e-23
  1.2856e+06   6.29e-23
  1.3299e+06   5.73e-23
  1.3757e+06   5.23e-23
  1.4231e+06   4.76e-23
  1.4721e+06   4.33e-23
  1.5228e+06   3.94e-23
  1.5752e+06   3.58e-23
  1.6294e+06   3.25e-23
  1.6855e+06   2.95e-23
  1.7436e+06   2.68e-23
  1.8036e+06   2.43e-23
  1.8657e+06   2.20e-23
  1.9300e+06   1.99e-23
  1.9964e+06   1.80e-23
  2.0652e+06   1.63e-23
  2.1363e+06   1.47e-23
  2.2098e+06   1.33e-23
  2.2859e+06   1.19e-23
  2.3646e+06   1.07e-23
  2.4461e+06   9.65e-24
  2.5303e+06   8.65e-24
  2.6174e+06   7.72e-24
  2.7075e+06   6.91e-24
  2.8008e+06   6.18e-24
  2.8972e+06   5.50e-24
  2.9970e+06   4.88e-24
  3.1002e+06   4.35e-24
  3.2069e+06   3.85e-24
  3.3173e+06   3.39e-24
  3.4316e+06   3.01e-24
  3.5497e+06   2.66e-24
  3.6720e+06   2.33e-24
  3.7984e+06   2.04e-24
  3.9292e+06   1.80e-24
  4.0645e+06   1.57e-24
  4.2044e+06   1.36e-24
  4.3492e+06   1.19e-24
  4.4990e+06   1.03e-24
  4.6539e+06   8.87e-25
  4.8141e+06   7.67e-25
  4.9799e+06   6.62e-25
  5.1514e+06   5.65e-25
  5.3288e+06   4.80e-25
  5.5123e+06   4.12e-25
  5.7021e+06   3.50e-25
  5.8984e+06   2.93e-25
  6.1015e+06   2.49e-25
  6.3116e+06   2.10e-25
  6.5289e+06   1.74e-25
  6.7538e+06   1.45e-25
  6.9863e+06   1.22e-25
  7.2269e+06   1.00e-25
  7.4757e+06   8.15e-26
  7.7331e+06   6.77e-26
  7.9994e+06   5.53e-26
  8.2749e+06   4.45e-26
  8.5598e+06   3.60e-26
  8.8546e+06   2.92e-26
  9.1594e+06   2.32e-26
  9.4748e+06   1.83e-26
  9.8011e+06   1.46e-26
  1.0139e+07   1.14e-26
  1.0488e+07   8.77e-27
  1.0849e+07   6.87e-27
  1.1222e+07   5.31e-27
  1.1609e+07   4.02e-27
  1.2009e+07   3.03e-27
  1.2422e+07   2.29e-27
  1.2850e+07   1.70e-27
  1.3292e+07   1.23e-27
  1.3750e+07   8.99e-28
  1.4223e+07   6.43e-28
  1.4713e+07   4.47e-28
  1.5220e+07   3.10e-28
  1.5744e+07   2.11e-28
  1.6286e+07   1.39e-28
  1.6847e+07   8.94e-29
  1.7427e+07   5.62e-29
  1.8027e+07   3.39e-29
  1.8648e+07   1.95e-29
  1.9290e+07   1.08e-29
  1.9954e+07   5.65e-30
  2.0641e+07   2.77e-30
  2.1352e+07   1.26e-30
  2.2087e+07   5.32e-31
  2.2848e+07   2.04e-31
  2.3634e+07   7.00e-32
  2.4448e+07   2.18e-32
  2.5290e+07   5.93e-33
