#  E [MeV]   Flux [# cm^{-2} s^{-1}  MeV^{-1}]
  3.0000e+04   1.36e-19
  3.0943e+04   1.31e-19
  3.1916e+04   1.26e-19
  3.2920e+04   1.21e-19
  3.3955e+04   1.16e-19
  3.5023e+04   1.11e-19
  3.6124e+04   1.07e-19
  3.7260e+04   1.02e-19
  3.8432e+04   9.83e-20
  3.9640e+04   9.43e-20
  4.0887e+04   9.05e-20
  4.2172e+04   8.68e-20
  4.3499e+04   8.32e-20
  4.4866e+04   7.98e-20
  4.6277e+04   7.65e-20
  4.7732e+04   7.33e-20
  4.9233e+04   7.02e-20
  5.0781e+04   6.73e-20
  5.2378e+04   6.44e-20
  5.4025e+04   6.17e-20
  5.5724e+04   5.91e-20
  5.7476e+04   5.65e-20
  5.9284e+04   5.41e-20
  6.1148e+04   5.18e-20
  6.3071e+04   4.95e-20
  6.5054e+04   4.74e-20
  6.7100e+04   4.53e-20
  6.9210e+04   4.33e-20
  7.1386e+04   4.14e-20
  7.3631e+04   3.95e-20
  7.5946e+04   3.78e-20
  7.8334e+04   3.61e-20
  8.0797e+04   3.44e-20
  8.3338e+04   3.29e-20
  8.5959e+04   3.14e-20
  8.8662e+04   2.99e-20
  9.1450e+04   2.85e-20
  9.4325e+04   2.72e-20
  9.7291e+04   2.59e-20
  1.0035e+05   2.47e-20
  1.0351e+05   2.35e-20
  1.0676e+05   2.24e-20
  1.1012e+05   2.13e-20
  1.1358e+05   2.02e-20
  1.1715e+05   1.92e-20
  1.2084e+05   1.83e-20
  1.2464e+05   1.74e-20
  1.2856e+05   1.65e-20
  1.3260e+05   1.57e-20
  1.3677e+05   1.49e-20
  1.4107e+05   1.41e-20
  1.4550e+05   1.34e-20
  1.5008e+05   1.27e-20
  1.5480e+05   1.20e-20
  1.5967e+05   1.14e-20
  1.6469e+05   1.08e-20
  1.6987e+05   1.02e-20
  1.7521e+05   9.66e-21
  1.8072e+05   9.14e-21
  1.8640e+05   8.63e-21
  1.9226e+05   8.16e-21
  1.9831e+05   7.70e-21
  2.0454e+05   7.27e-21
  2.1097e+05   6.86e-21
  2.1761e+05   6.47e-21
  2.2445e+05   6.09e-21
  2.3151e+05   5.74e-21
  2.3879e+05   5.40e-21
  2.4630e+05   5.08e-21
  2.5404e+05   4.77e-21
  2.6203e+05   4.48e-21
  2.7027e+05   4.21e-21
  2.7877e+05   3.95e-21
  2.8753e+05   3.70e-21
  2.9657e+05   3.46e-21
  3.0590e+05   3.24e-21
  3.1552e+05   3.03e-21
  3.2544e+05   2.83e-21
  3.3567e+05   2.64e-21
  3.4623e+05   2.47e-21
  3.5712e+05   2.30e-21
  3.6835e+05   2.14e-21
  3.7993e+05   1.99e-21
  3.9188e+05   1.85e-21
  4.0420e+05   1.72e-21
  4.1691e+05   1.59e-21
  4.3002e+05   1.48e-21
  4.4354e+05   1.37e-21
  4.5749e+05   1.26e-21
  4.7187e+05   1.17e-21
  4.8671e+05   1.08e-21
  5.0202e+05   9.97e-22
  5.1780e+05   9.18e-22
  5.3409e+05   8.45e-22
  5.5088e+05   7.79e-22
  5.6820e+05   7.16e-22
  5.8607e+05   6.57e-22
  6.0450e+05   6.04e-22
  6.2351e+05   5.54e-22
  6.4311e+05   5.08e-22
  6.6334e+05   4.64e-22
  6.8419e+05   4.25e-22
  7.0571e+05   3.89e-22
  7.2790e+05   3.55e-22
  7.5079e+05   3.23e-22
  7.7440e+05   2.95e-22
  7.9875e+05   2.69e-22
  8.2387e+05   2.45e-22
  8.4977e+05   2.22e-22
  8.7649e+05   2.03e-22
  9.0405e+05   1.84e-22
  9.3248e+05   1.67e-22
  9.6180e+05   1.52e-22
  9.9205e+05   1.38e-22
  1.0232e+06   1.25e-22
  1.0554e+06   1.13e-22
  1.0886e+06   1.02e-22
  1.1228e+06   9.26e-23
  1.1581e+06   8.37e-23
  1.1946e+06   7.55e-23
  1.2321e+06   6.84e-23
  1.2709e+06   6.18e-23
  1.3108e+06   5.57e-23
  1.3521e+06   5.02e-23
  1.3946e+06   4.54e-23
  1.4384e+06   4.09e-23
  1.4837e+06   3.67e-23
  1.5303e+06   3.31e-23
  1.5784e+06   2.98e-23
  1.6281e+06   2.67e-23
  1.6793e+06   2.39e-23
  1.7321e+06   2.16e-23
  1.7865e+06   1.94e-23
  1.8427e+06   1.73e-23
  1.9006e+06   1.55e-23
  1.9604e+06   1.39e-23
  2.0221e+06   1.25e-23
  2.0856e+06   1.11e-23
  2.1512e+06   9.94e-24
  2.2189e+06   8.91e-24
  2.2886e+06   7.94e-24
  2.3606e+06   7.03e-24
  2.4348e+06   6.30e-24
  2.5114e+06   5.63e-24
  2.5904e+06   4.99e-24
  2.6718e+06   4.41e-24
  2.7558e+06   3.94e-24
  2.8425e+06   3.50e-24
  2.9319e+06   3.09e-24
  3.0241e+06   2.73e-24
  3.1192e+06   2.43e-24
  3.2173e+06   2.15e-24
  3.3184e+06   1.88e-24
  3.4228e+06   1.67e-24
  3.5304e+06   1.48e-24
  3.6414e+06   1.30e-24
  3.7559e+06   1.13e-24
  3.8740e+06   1.01e-24
  3.9958e+06   8.88e-25
  4.1215e+06   7.78e-25
  4.2511e+06   6.80e-25
  4.3848e+06   6.02e-25
  4.5227e+06   5.29e-25
  4.6649e+06   4.62e-25
  4.8116e+06   4.06e-25
  4.9629e+06   3.58e-25
  5.1189e+06   3.14e-25
  5.2799e+06   2.72e-25
  5.4459e+06   2.41e-25
  5.6171e+06   2.13e-25
  5.7938e+06   1.86e-25
  5.9760e+06   1.63e-25
  6.1639e+06   1.44e-25
  6.3577e+06   1.27e-25
  6.5576e+06   1.12e-25
  6.7638e+06   9.82e-26
  6.9765e+06   8.68e-26
  7.1959e+06   7.64e-26
  7.4222e+06   6.68e-26
  7.6556e+06   5.87e-26
  7.8963e+06   5.16e-26
  8.1446e+06   4.51e-26
  8.4007e+06   3.92e-26
  8.6649e+06   3.44e-26
  8.9373e+06   3.00e-26
  9.2184e+06   2.59e-26
  9.5082e+06   2.24e-26
  9.8072e+06   1.93e-26
  1.0116e+07   1.66e-26
  1.0434e+07   1.41e-26
  1.0762e+07   1.19e-26
  1.1100e+07   1.00e-26
  1.1449e+07   8.33e-27
  1.1809e+07   6.86e-27
  1.2181e+07   5.57e-27
  1.2564e+07   4.47e-27
  1.2959e+07   3.54e-27
  1.3366e+07   2.77e-27
  1.3786e+07   2.19e-27
  1.4220e+07   1.70e-27
