#  E [GeV]   # per interaction  [GeV^{-1}]
  3.0000e+01   8.26e-01
  3.0962e+01   7.93e-01
  3.1955e+01   7.62e-01
  3.2979e+01   7.31e-01
  3.4037e+01   7.02e-01
  3.5128e+01   6.74e-01
  3.6254e+01   6.47e-01
  3.7417e+01   6.20e-01
  3.8616e+01   5.95e-01
  3.9855e+01   5.71e-01
  4.1132e+01   5.48e-01
  4.2451e+01   5.25e-01
  4.3812e+01   5.04e-01
  4.5217e+01   4.83e-01
  4.6667e+01   4.63e-01
  4.8163e+01   4.44e-01
  4.9707e+01   4.25e-01
  5.1301e+01   4.07e-01
  5.2946e+01   3.90e-01
  5.4644e+01   3.74e-01
  5.6396e+01   3.58e-01
  5.8204e+01   3.42e-01
  6.0070e+01   3.28e-01
  6.1996e+01   3.14e-01
  6.3984e+01   3.00e-01
  6.6035e+01   2.87e-01
  6.8153e+01   2.75e-01
  7.0338e+01   2.63e-01
  7.2593e+01   2.51e-01
  7.4921e+01   2.40e-01
  7.7323e+01   2.29e-01
  7.9802e+01   2.19e-01
  8.2361e+01   2.09e-01
  8.5002e+01   2.00e-01
  8.7727e+01   1.91e-01
  9.0540e+01   1.82e-01
  9.3443e+01   1.74e-01
  9.6439e+01   1.66e-01
  9.9531e+01   1.58e-01
  1.0272e+02   1.51e-01
  1.0602e+02   1.44e-01
  1.0942e+02   1.37e-01
  1.1292e+02   1.31e-01
  1.1654e+02   1.24e-01
  1.2028e+02   1.19e-01
  1.2414e+02   1.13e-01
  1.2812e+02   1.07e-01
  1.3223e+02   1.02e-01
  1.3646e+02   9.71e-02
  1.4084e+02   9.23e-02
  1.4536e+02   8.77e-02
  1.5002e+02   8.34e-02
  1.5483e+02   7.92e-02
  1.5979e+02   7.52e-02
  1.6491e+02   7.14e-02
  1.7020e+02   6.77e-02
  1.7566e+02   6.42e-02
  1.8129e+02   6.09e-02
  1.8710e+02   5.78e-02
  1.9310e+02   5.47e-02
  1.9929e+02   5.18e-02
  2.0568e+02   4.91e-02
  2.1228e+02   4.65e-02
  2.1909e+02   4.40e-02
  2.2611e+02   4.16e-02
  2.3336e+02   3.94e-02
  2.4084e+02   3.73e-02
  2.4856e+02   3.52e-02
  2.5653e+02   3.33e-02
  2.6476e+02   3.14e-02
  2.7325e+02   2.97e-02
  2.8201e+02   2.80e-02
  2.9105e+02   2.64e-02
  3.0038e+02   2.49e-02
  3.1002e+02   2.35e-02
  3.1996e+02   2.21e-02
  3.3021e+02   2.08e-02
  3.4080e+02   1.96e-02
  3.5173e+02   1.84e-02
  3.6301e+02   1.74e-02
  3.7465e+02   1.63e-02
  3.8666e+02   1.53e-02
  3.9905e+02   1.44e-02
  4.1185e+02   1.35e-02
  4.2506e+02   1.27e-02
  4.3868e+02   1.19e-02
  4.5275e+02   1.11e-02
  4.6727e+02   1.04e-02
  4.8225e+02   9.74e-03
  4.9771e+02   9.11e-03
  5.1367e+02   8.52e-03
  5.3014e+02   7.96e-03
  5.4714e+02   7.43e-03
  5.6468e+02   6.93e-03
  5.8278e+02   6.46e-03
  6.0147e+02   6.02e-03
  6.2075e+02   5.61e-03
  6.4066e+02   5.22e-03
  6.6120e+02   4.86e-03
  6.8240e+02   4.51e-03
  7.0428e+02   4.19e-03
  7.2686e+02   3.89e-03
  7.5017e+02   3.61e-03
  7.7422e+02   3.35e-03
  7.9904e+02   3.10e-03
  8.2466e+02   2.87e-03
  8.5110e+02   2.65e-03
  8.7839e+02   2.45e-03
  9.0656e+02   2.26e-03
  9.3562e+02   2.09e-03
  9.6562e+02   1.92e-03
  9.9658e+02   1.77e-03
  1.0285e+03   1.63e-03
  1.0615e+03   1.50e-03
  1.0956e+03   1.38e-03
  1.1307e+03   1.27e-03
  1.1669e+03   1.16e-03
  1.2043e+03   1.07e-03
  1.2430e+03   9.76e-04
  1.2828e+03   8.94e-04
  1.3239e+03   8.19e-04
  1.3664e+03   7.48e-04
  1.4102e+03   6.81e-04
  1.4554e+03   6.24e-04
  1.5021e+03   5.69e-04
  1.5502e+03   5.18e-04
  1.6000e+03   4.71e-04
  1.6513e+03   4.29e-04
  1.7042e+03   3.90e-04
  1.7588e+03   3.52e-04
  1.8152e+03   3.20e-04
  1.8734e+03   2.91e-04
  1.9335e+03   2.63e-04
  1.9955e+03   2.36e-04
  2.0595e+03   2.15e-04
  2.1255e+03   1.94e-04
  2.1937e+03   1.74e-04
  2.2640e+03   1.57e-04
  2.3366e+03   1.42e-04
  2.4115e+03   1.28e-04
  2.4888e+03   1.14e-04
  2.5686e+03   1.03e-04
  2.6510e+03   9.26e-05
  2.7360e+03   8.28e-05
  2.8237e+03   7.38e-05
  2.9142e+03   6.65e-05
  3.0077e+03   5.96e-05
  3.1041e+03   5.30e-05
  3.2036e+03   4.73e-05
  3.3064e+03   4.24e-05
  3.4124e+03   3.78e-05
  3.5218e+03   3.34e-05
  3.6347e+03   2.99e-05
  3.7512e+03   2.67e-05
  3.8715e+03   2.36e-05
  3.9957e+03   2.09e-05
  4.1238e+03   1.87e-05
  4.2560e+03   1.66e-05
  4.3924e+03   1.47e-05
  4.5333e+03   1.30e-05
  4.6786e+03   1.17e-05
  4.8286e+03   1.03e-05
  4.9835e+03   9.10e-06
  5.1433e+03   8.15e-06
  5.3082e+03   7.27e-06
  5.4784e+03   6.44e-06
  5.6540e+03   5.70e-06
  5.8353e+03   5.12e-06
  6.0224e+03   4.57e-06
  6.2155e+03   4.05e-06
  6.4148e+03   3.62e-06
  6.6205e+03   3.27e-06
  6.8327e+03   2.93e-06
  7.0518e+03   2.61e-06
  7.2779e+03   2.37e-06
  7.5113e+03   2.15e-06
  7.7521e+03   1.94e-06
  8.0007e+03   1.75e-06
  8.2572e+03   1.60e-06
  8.5219e+03   1.46e-06
  8.7952e+03   1.32e-06
  9.0772e+03   1.20e-06
  9.3682e+03   1.10e-06
  9.6686e+03   1.01e-06
  9.9786e+03   9.18e-07
  1.0299e+04   8.47e-07
  1.0629e+04   7.78e-07
  1.0970e+04   7.14e-07
  1.1321e+04   6.55e-07
  1.1684e+04   6.04e-07
  1.2059e+04   5.55e-07
  1.2446e+04   5.09e-07
  1.2845e+04   4.66e-07
  1.3256e+04   4.26e-07
  1.3681e+04   3.88e-07
  1.4120e+04   3.53e-07
  1.4573e+04   3.19e-07
  1.5040e+04   2.87e-07
  1.5522e+04   2.57e-07
  1.6020e+04   2.32e-07
