#  E [MeV]   Flux [# cm^{-2} s^{-1}  MeV^{-1}]
  3.0000e+04   4.31e-21
  3.1033e+04   4.15e-21
  3.2102e+04   4.00e-21
  3.3207e+04   3.85e-21
  3.4350e+04   3.71e-21
  3.5533e+04   3.57e-21
  3.6757e+04   3.44e-21
  3.8022e+04   3.31e-21
  3.9332e+04   3.19e-21
  4.0686e+04   3.07e-21
  4.2087e+04   2.95e-21
  4.3536e+04   2.84e-21
  4.5035e+04   2.73e-21
  4.6586e+04   2.63e-21
  4.8190e+04   2.53e-21
  4.9850e+04   2.43e-21
  5.1566e+04   2.34e-21
  5.3342e+04   2.25e-21
  5.5178e+04   2.16e-21
  5.7078e+04   2.07e-21
  5.9044e+04   1.99e-21
  6.1077e+04   1.92e-21
  6.3180e+04   1.84e-21
  6.5356e+04   1.77e-21
  6.7606e+04   1.70e-21
  6.9934e+04   1.63e-21
  7.2342e+04   1.57e-21
  7.4833e+04   1.50e-21
  7.7410e+04   1.44e-21
  8.0075e+04   1.39e-21
  8.2833e+04   1.33e-21
  8.5685e+04   1.28e-21
  8.8635e+04   1.23e-21
  9.1687e+04   1.18e-21
  9.4844e+04   1.13e-21
  9.8110e+04   1.09e-21
  1.0149e+05   1.04e-21
  1.0498e+05   1.00e-21
  1.0860e+05   9.60e-22
  1.1234e+05   9.22e-22
  1.1621e+05   8.85e-22
  1.2021e+05   8.49e-22
  1.2435e+05   8.15e-22
  1.2863e+05   7.83e-22
  1.3306e+05   7.52e-22
  1.3764e+05   7.22e-22
  1.4238e+05   6.93e-22
  1.4728e+05   6.66e-22
  1.5235e+05   6.40e-22
  1.5760e+05   6.14e-22
  1.6302e+05   5.90e-22
  1.6864e+05   5.67e-22
  1.7445e+05   5.45e-22
  1.8045e+05   5.24e-22
  1.8667e+05   5.04e-22
  1.9309e+05   4.85e-22
  1.9974e+05   4.66e-22
  2.0662e+05   4.49e-22
  2.1373e+05   4.32e-22
  2.2109e+05   4.15e-22
  2.2871e+05   4.00e-22
  2.3658e+05   3.85e-22
  2.4473e+05   3.71e-22
  2.5316e+05   3.57e-22
  2.6187e+05   3.44e-22
  2.7089e+05   3.32e-22
  2.8022e+05   3.20e-22
  2.8987e+05   3.08e-22
  2.9985e+05   2.97e-22
  3.1017e+05   2.87e-22
  3.2085e+05   2.77e-22
  3.3190e+05   2.67e-22
  3.4333e+05   2.58e-22
  3.5515e+05   2.49e-22
  3.6738e+05   2.41e-22
  3.8003e+05   2.32e-22
  3.9312e+05   2.25e-22
  4.0665e+05   2.17e-22
  4.2066e+05   2.10e-22
  4.3514e+05   2.03e-22
  4.5013e+05   1.96e-22
  4.6562e+05   1.90e-22
  4.8166e+05   1.84e-22
  4.9824e+05   1.78e-22
  5.1540e+05   1.72e-22
  5.3315e+05   1.67e-22
  5.5150e+05   1.62e-22
  5.7050e+05   1.57e-22
  5.9014e+05   1.52e-22
  6.1046e+05   1.47e-22
  6.3148e+05   1.42e-22
  6.5322e+05   1.38e-22
  6.7572e+05   1.34e-22
  6.9898e+05   1.30e-22
  7.2305e+05   1.26e-22
  7.4795e+05   1.22e-22
  7.7371e+05   1.18e-22
  8.0035e+05   1.15e-22
  8.2791e+05   1.12e-22
  8.5641e+05   1.08e-22
  8.8590e+05   1.05e-22
  9.1641e+05   1.02e-22
  9.4796e+05   9.90e-23
  9.8061e+05   9.61e-23
  1.0144e+06   9.33e-23
  1.0493e+06   9.06e-23
  1.0854e+06   8.80e-23
  1.1228e+06   8.55e-23
  1.1615e+06   8.30e-23
  1.2015e+06   8.07e-23
  1.2428e+06   7.84e-23
  1.2856e+06   7.61e-23
  1.3299e+06   7.39e-23
  1.3757e+06   7.18e-23
  1.4231e+06   6.98e-23
  1.4721e+06   6.78e-23
  1.5228e+06   6.58e-23
  1.5752e+06   6.39e-23
  1.6294e+06   6.21e-23
  1.6855e+06   6.03e-23
  1.7436e+06   5.85e-23
  1.8036e+06   5.68e-23
  1.8657e+06   5.51e-23
  1.9300e+06   5.34e-23
  1.9964e+06   5.18e-23
  2.0652e+06   5.02e-23
  2.1363e+06   4.87e-23
  2.2098e+06   4.72e-23
  2.2859e+06   4.57e-23
  2.3646e+06   4.42e-23
  2.4461e+06   4.28e-23
  2.5303e+06   4.14e-23
  2.6174e+06   4.00e-23
  2.7075e+06   3.87e-23
  2.8008e+06   3.74e-23
  2.8972e+06   3.61e-23
  2.9970e+06   3.48e-23
  3.1002e+06   3.36e-23
  3.2069e+06   3.23e-23
  3.3173e+06   3.11e-23
  3.4316e+06   2.99e-23
  3.5497e+06   2.87e-23
  3.6720e+06   2.76e-23
  3.7984e+06   2.65e-23
  3.9292e+06   2.54e-23
  4.0645e+06   2.43e-23
  4.2044e+06   2.32e-23
  4.3492e+06   2.22e-23
  4.4990e+06   2.11e-23
  4.6539e+06   2.01e-23
  4.8141e+06   1.92e-23
  4.9799e+06   1.82e-23
  5.1514e+06   1.73e-23
  5.3288e+06   1.64e-23
  5.5123e+06   1.55e-23
  5.7021e+06   1.46e-23
  5.8984e+06   1.37e-23
  6.1015e+06   1.29e-23
  6.3116e+06   1.21e-23
  6.5289e+06   1.14e-23
  6.7538e+06   1.06e-23
  6.9863e+06   9.92e-24
  7.2269e+06   9.22e-24
  7.4757e+06   8.56e-24
  7.7331e+06   7.94e-24
  7.9994e+06   7.33e-24
  8.2749e+06   6.74e-24
  8.5598e+06   6.20e-24
  8.8546e+06   5.67e-24
  9.1594e+06   5.18e-24
  9.4748e+06   4.71e-24
  9.8011e+06   4.27e-24
  1.0139e+07   3.84e-24
  1.0488e+07   3.44e-24
  1.0849e+07   3.07e-24
  1.1222e+07   2.73e-24
  1.1609e+07   2.41e-24
  1.2009e+07   2.12e-24
  1.2422e+07   1.85e-24
  1.2850e+07   1.61e-24
  1.3292e+07   1.38e-24
  1.3750e+07   1.18e-24
  1.4223e+07   1.01e-24
  1.4713e+07   8.50e-25
  1.5220e+07   7.10e-25
  1.5744e+07   5.87e-25
  1.6286e+07   4.82e-25
  1.6847e+07   3.90e-25
  1.7427e+07   3.10e-25
  1.8027e+07   2.47e-25
  1.8648e+07   1.92e-25
  1.9290e+07   1.47e-25
  1.9954e+07   1.11e-25
  2.0641e+07   8.35e-26
  2.1352e+07   6.09e-26
  2.2087e+07   4.34e-26
  2.2848e+07   3.11e-26
  2.3634e+07   2.15e-26
  2.4448e+07   1.43e-26
  2.5290e+07   9.55e-27
