#  E [MeV]   Flux [# cm^{-2} s^{-1}  MeV^{-1}]
  3.0000e+04   1.54e-19
  3.0675e+04   1.49e-19
  3.1366e+04   1.44e-19
  3.2072e+04   1.39e-19
  3.2794e+04   1.34e-19
  3.3533e+04   1.29e-19
  3.4288e+04   1.25e-19
  3.5060e+04   1.20e-19
  3.5849e+04   1.16e-19
  3.6656e+04   1.12e-19
  3.7482e+04   1.08e-19
  3.8326e+04   1.04e-19
  3.9188e+04   1.01e-19
  4.0071e+04   9.69e-20
  4.0973e+04   9.34e-20
  4.1896e+04   9.01e-20
  4.2839e+04   8.68e-20
  4.3803e+04   8.37e-20
  4.4790e+04   8.07e-20
  4.5798e+04   7.78e-20
  4.6829e+04   7.49e-20
  4.7884e+04   7.22e-20
  4.8962e+04   6.96e-20
  5.0064e+04   6.70e-20
  5.1191e+04   6.46e-20
  5.2344e+04   6.22e-20
  5.3522e+04   5.99e-20
  5.4727e+04   5.76e-20
  5.5960e+04   5.55e-20
  5.7219e+04   5.34e-20
  5.8508e+04   5.14e-20
  5.9825e+04   4.94e-20
  6.1172e+04   4.75e-20
  6.2549e+04   4.57e-20
  6.3958e+04   4.39e-20
  6.5398e+04   4.22e-20
  6.6870e+04   4.05e-20
  6.8376e+04   3.89e-20
  6.9915e+04   3.73e-20
  7.1489e+04   3.58e-20
  7.3099e+04   3.44e-20
  7.4745e+04   3.30e-20
  7.6428e+04   3.16e-20
  7.8148e+04   3.03e-20
  7.9908e+04   2.91e-20
  8.1707e+04   2.78e-20
  8.3547e+04   2.67e-20
  8.5428e+04   2.55e-20
  8.7351e+04   2.45e-20
  8.9318e+04   2.34e-20
  9.1329e+04   2.24e-20
  9.3385e+04   2.14e-20
  9.5488e+04   2.05e-20
  9.7638e+04   1.96e-20
  9.9836e+04   1.87e-20
  1.0208e+05   1.79e-20
  1.0438e+05   1.71e-20
  1.0673e+05   1.63e-20
  1.0914e+05   1.55e-20
  1.1159e+05   1.48e-20
  1.1411e+05   1.42e-20
  1.1667e+05   1.35e-20
  1.1930e+05   1.29e-20
  1.2199e+05   1.22e-20
  1.2473e+05   1.17e-20
  1.2754e+05   1.11e-20
  1.3041e+05   1.06e-20
  1.3335e+05   1.00e-20
  1.3635e+05   9.53e-21
  1.3942e+05   9.06e-21
  1.4256e+05   8.60e-21
  1.4577e+05   8.16e-21
  1.4905e+05   7.74e-21
  1.5241e+05   7.34e-21
  1.5584e+05   6.96e-21
  1.5935e+05   6.60e-21
  1.6294e+05   6.24e-21
  1.6661e+05   5.91e-21
  1.7036e+05   5.58e-21
  1.7419e+05   5.28e-21
  1.7812e+05   4.99e-21
  1.8213e+05   4.72e-21
  1.8623e+05   4.45e-21
  1.9042e+05   4.19e-21
  1.9471e+05   3.96e-21
  1.9909e+05   3.73e-21
  2.0357e+05   3.52e-21
  2.0816e+05   3.31e-21
  2.1284e+05   3.10e-21
  2.1763e+05   2.92e-21
  2.2253e+05   2.75e-21
  2.2755e+05   2.58e-21
  2.3267e+05   2.42e-21
  2.3791e+05   2.27e-21
  2.4326e+05   2.12e-21
  2.4874e+05   1.99e-21
  2.5434e+05   1.86e-21
  2.6007e+05   1.74e-21
  2.6592e+05   1.62e-21
  2.7191e+05   1.51e-21
  2.7803e+05   1.42e-21
  2.8429e+05   1.32e-21
  2.9069e+05   1.23e-21
  2.9724e+05   1.14e-21
  3.0393e+05   1.06e-21
  3.1077e+05   9.88e-22
  3.1777e+05   9.19e-22
  3.2493e+05   8.52e-22
  3.3224e+05   7.89e-22
  3.3972e+05   7.28e-22
  3.4737e+05   6.77e-22
  3.5519e+05   6.27e-22
  3.6319e+05   5.80e-22
  3.7137e+05   5.35e-22
  3.7973e+05   4.91e-22
  3.8828e+05   4.55e-22
  3.9702e+05   4.20e-22
  4.0596e+05   3.87e-22
  4.1510e+05   3.55e-22
  4.2444e+05   3.25e-22
  4.3400e+05   2.99e-22
  4.4377e+05   2.76e-22
  4.5376e+05   2.53e-22
  4.6398e+05   2.32e-22
  4.7443e+05   2.11e-22
  4.8511e+05   1.93e-22
  4.9603e+05   1.77e-22
  5.0720e+05   1.62e-22
  5.1862e+05   1.48e-22
  5.3030e+05   1.34e-22
  5.4224e+05   1.22e-22
  5.5444e+05   1.11e-22
  5.6693e+05   1.01e-22
  5.7969e+05   9.21e-23
  5.9274e+05   8.31e-23
  6.0609e+05   7.50e-23
  6.1974e+05   6.85e-23
  6.3369e+05   6.22e-23
  6.4796e+05   5.63e-23
  6.6255e+05   5.07e-23
  6.7746e+05   4.54e-23
  6.9272e+05   4.13e-23
  7.0831e+05   3.75e-23
  7.2426e+05   3.38e-23
  7.4057e+05   3.03e-23
  7.5724e+05   2.70e-23
  7.7429e+05   2.45e-23
  7.9172e+05   2.22e-23
  8.0955e+05   2.00e-23
  8.2778e+05   1.79e-23
  8.4641e+05   1.59e-23
  8.6547e+05   1.43e-23
  8.8496e+05   1.29e-23
  9.0488e+05   1.16e-23
  9.2526e+05   1.04e-23
  9.4609e+05   9.20e-24
  9.6739e+05   8.24e-24
  9.8917e+05   7.43e-24
  1.0114e+06   6.67e-24
  1.0342e+06   5.94e-24
  1.0575e+06   5.25e-24
  1.0813e+06   4.67e-24
  1.1057e+06   4.22e-24
  1.1305e+06   3.79e-24
  1.1560e+06   3.38e-24
  1.1820e+06   3.00e-24
  1.2086e+06   2.65e-24
  1.2359e+06   2.40e-24
  1.2637e+06   2.17e-24
  1.2921e+06   1.94e-24
  1.3212e+06   1.73e-24
  1.3510e+06   1.53e-24
  1.3814e+06   1.39e-24
  1.4125e+06   1.26e-24
  1.4443e+06   1.14e-24
  1.4768e+06   1.02e-24
  1.5101e+06   9.06e-25
  1.5441e+06   8.30e-25
  1.5788e+06   7.61e-25
  1.6144e+06   6.96e-25
  1.6507e+06   6.33e-25
  1.6879e+06   5.73e-25
  1.7259e+06   5.27e-25
  1.7648e+06   4.88e-25
  1.8045e+06   4.51e-25
  1.8451e+06   4.15e-25
  1.8867e+06   3.81e-25
  1.9291e+06   3.52e-25
  1.9726e+06   3.28e-25
  2.0170e+06   3.05e-25
  2.0624e+06   2.83e-25
  2.1088e+06   2.61e-25
  2.1563e+06   2.42e-25
  2.2049e+06   2.25e-25
  2.2545e+06   2.08e-25
  2.3053e+06   1.92e-25
  2.3572e+06   1.77e-25
  2.4102e+06   1.63e-25
  2.4645e+06   1.54e-25
  2.5200e+06   1.44e-25
