#  E [MeV]   Flux [# cm^{-2} s^{-1}  MeV^{-1}]
  3.0000e+04   8.73e-21
  3.1123e+04   8.39e-21
  3.2288e+04   8.06e-21
  3.3497e+04   7.74e-21
  3.4751e+04   7.44e-21
  3.6051e+04   7.14e-21
  3.7401e+04   6.86e-21
  3.8801e+04   6.59e-21
  4.0253e+04   6.33e-21
  4.1760e+04   6.08e-21
  4.3324e+04   5.84e-21
  4.4945e+04   5.60e-21
  4.6628e+04   5.38e-21
  4.8373e+04   5.16e-21
  5.0184e+04   4.96e-21
  5.2063e+04   4.76e-21
  5.4011e+04   4.56e-21
  5.6033e+04   4.38e-21
  5.8131e+04   4.20e-21
  6.0307e+04   4.03e-21
  6.2564e+04   3.87e-21
  6.4906e+04   3.71e-21
  6.7336e+04   3.55e-21
  6.9857e+04   3.41e-21
  7.2472e+04   3.27e-21
  7.5184e+04   3.13e-21
  7.7999e+04   3.00e-21
  8.0919e+04   2.87e-21
  8.3948e+04   2.75e-21
  8.7090e+04   2.64e-21
  9.0350e+04   2.52e-21
  9.3732e+04   2.42e-21
  9.7241e+04   2.31e-21
  1.0088e+05   2.21e-21
  1.0466e+05   2.12e-21
  1.0858e+05   2.02e-21
  1.1264e+05   1.94e-21
  1.1686e+05   1.85e-21
  1.2123e+05   1.77e-21
  1.2577e+05   1.69e-21
  1.3048e+05   1.61e-21
  1.3536e+05   1.54e-21
  1.4043e+05   1.47e-21
  1.4568e+05   1.40e-21
  1.5114e+05   1.34e-21
  1.5680e+05   1.27e-21
  1.6266e+05   1.21e-21
  1.6875e+05   1.16e-21
  1.7507e+05   1.10e-21
  1.8162e+05   1.05e-21
  1.8842e+05   9.98e-22
  1.9548e+05   9.48e-22
  2.0279e+05   9.01e-22
  2.1039e+05   8.56e-22
  2.1826e+05   8.13e-22
  2.2643e+05   7.71e-22
  2.3491e+05   7.31e-22
  2.4370e+05   6.93e-22
  2.5282e+05   6.57e-22
  2.6229e+05   6.22e-22
  2.7211e+05   5.88e-22
  2.8229e+05   5.56e-22
  2.9286e+05   5.25e-22
  3.0382e+05   4.95e-22
  3.1519e+05   4.67e-22
  3.2699e+05   4.40e-22
  3.3923e+05   4.15e-22
  3.5193e+05   3.90e-22
  3.6511e+05   3.67e-22
  3.7877e+05   3.45e-22
  3.9295e+05   3.24e-22
  4.0766e+05   3.04e-22
  4.2292e+05   2.85e-22
  4.3875e+05   2.67e-22
  4.5518e+05   2.49e-22
  4.7222e+05   2.33e-22
  4.8989e+05   2.18e-22
  5.0823e+05   2.04e-22
  5.2726e+05   1.90e-22
  5.4699e+05   1.77e-22
  5.6747e+05   1.65e-22
  5.8871e+05   1.54e-22
  6.1075e+05   1.43e-22
  6.3361e+05   1.33e-22
  6.5733e+05   1.23e-22
  6.8194e+05   1.15e-22
  7.0746e+05   1.06e-22
  7.3395e+05   9.88e-23
  7.6142e+05   9.16e-23
  7.8992e+05   8.49e-23
  8.1949e+05   7.87e-23
  8.5017e+05   7.29e-23
  8.8199e+05   6.75e-23
  9.1501e+05   6.25e-23
  9.4926e+05   5.78e-23
  9.8479e+05   5.35e-23
  1.0217e+06   4.95e-23
  1.0599e+06   4.57e-23
  1.0996e+06   4.23e-23
  1.1407e+06   3.91e-23
  1.1834e+06   3.61e-23
  1.2277e+06   3.33e-23
  1.2737e+06   3.08e-23
  1.3214e+06   2.84e-23
  1.3708e+06   2.62e-23
  1.4222e+06   2.42e-23
  1.4754e+06   2.24e-23
  1.5306e+06   2.06e-23
  1.5879e+06   1.90e-23
  1.6474e+06   1.75e-23
  1.7090e+06   1.62e-23
  1.7730e+06   1.49e-23
  1.8394e+06   1.37e-23
  1.9082e+06   1.26e-23
  1.9797e+06   1.17e-23
  2.0538e+06   1.07e-23
  2.1306e+06   9.86e-24
  2.2104e+06   9.07e-24
  2.2931e+06   8.33e-24
  2.3790e+06   7.64e-24
  2.4680e+06   7.01e-24
  2.5604e+06   6.43e-24
  2.6563e+06   5.88e-24
  2.7557e+06   5.39e-24
  2.8589e+06   4.93e-24
  2.9659e+06   4.50e-24
  3.0769e+06   4.11e-24
  3.1921e+06   3.75e-24
  3.3116e+06   3.41e-24
  3.4355e+06   3.10e-24
  3.5641e+06   2.82e-24
  3.6976e+06   2.56e-24
  3.8360e+06   2.31e-24
  3.9796e+06   2.10e-24
  4.1285e+06   1.89e-24
  4.2831e+06   1.70e-24
  4.4434e+06   1.54e-24
  4.6097e+06   1.38e-24
  4.7823e+06   1.23e-24
  4.9613e+06   1.11e-24
  5.1470e+06   9.87e-25
  5.3397e+06   8.77e-25
  5.5396e+06   7.80e-25
  5.7470e+06   6.92e-25
  5.9621e+06   6.10e-25
  6.1853e+06   5.38e-25
  6.4168e+06   4.73e-25
  6.6570e+06   4.13e-25
  6.9062e+06   3.60e-25
  7.1647e+06   3.14e-25
  7.4329e+06   2.71e-25
  7.7112e+06   2.34e-25
  7.9998e+06   2.01e-25
  8.2993e+06   1.71e-25
  8.6100e+06   1.45e-25
  8.9323e+06   1.23e-25
  9.2666e+06   1.03e-25
  9.6135e+06   8.59e-26
  9.9734e+06   7.15e-26
  1.0347e+07   5.88e-26
  1.0734e+07   4.77e-26
  1.1136e+07   3.88e-26
  1.1553e+07   3.11e-26
  1.1985e+07   2.45e-26
  1.2434e+07   1.93e-26
  1.2899e+07   1.50e-26
  1.3382e+07   1.14e-26
  1.3883e+07   8.59e-27
  1.4403e+07   6.38e-27
  1.4942e+07   4.61e-27
  1.5501e+07   3.30e-27
  1.6081e+07   2.31e-27
  1.6683e+07   1.56e-27
  1.7308e+07   1.03e-27
  1.7956e+07   6.64e-28
  1.8628e+07   4.08e-28
  1.9325e+07   2.41e-28
  2.0049e+07   1.38e-28
  2.0799e+07   7.37e-29
  2.1578e+07   3.70e-29
  2.2386e+07   1.77e-29
  2.3224e+07   7.75e-30
  2.4093e+07   3.06e-30
  2.4995e+07   1.12e-30
  2.5930e+07   3.55e-31
  2.6901e+07   9.59e-32
  2.7908e+07   2.26e-32
  2.8953e+07   4.29e-33
  3.0037e+07   6.25e-34
  3.1161e+07   6.98e-35
  3.2327e+07   5.44e-36
  3.3537e+07   2.71e-37
  3.4793e+07   8.20e-39
  3.6095e+07   1.31e-40
  3.7446e+07   9.35e-43
  3.8848e+07   2.50e-45
  4.0302e+07   1.95e-48
  4.1811e+07   3.12e-52
  4.3376e+07   6.92e-57
  4.5000e+07   1.25e-62
