#  E [GeV]   # per interaction  [GeV^{-1}]
  3.0000e+01   6.46e-01
  3.1232e+01   6.17e-01
  3.2514e+01   5.91e-01
  3.3849e+01   5.65e-01
  3.5238e+01   5.40e-01
  3.6685e+01   5.16e-01
  3.8191e+01   4.94e-01
  3.9759e+01   4.72e-01
  4.1391e+01   4.51e-01
  4.3090e+01   4.31e-01
  4.4859e+01   4.12e-01
  4.6701e+01   3.94e-01
  4.8618e+01   3.77e-01
  5.0614e+01   3.60e-01
  5.2692e+01   3.44e-01
  5.4855e+01   3.29e-01
  5.7107e+01   3.14e-01
  5.9451e+01   3.00e-01
  6.1892e+01   2.86e-01
  6.4433e+01   2.74e-01
  6.7078e+01   2.61e-01
  6.9832e+01   2.50e-01
  7.2699e+01   2.38e-01
  7.5683e+01   2.27e-01
  7.8790e+01   2.17e-01
  8.2025e+01   2.07e-01
  8.5392e+01   1.98e-01
  8.8898e+01   1.89e-01
  9.2547e+01   1.80e-01
  9.6347e+01   1.72e-01
  1.0030e+02   1.64e-01
  1.0442e+02   1.56e-01
  1.0871e+02   1.49e-01
  1.1317e+02   1.42e-01
  1.1782e+02   1.35e-01
  1.2265e+02   1.29e-01
  1.2769e+02   1.23e-01
  1.3293e+02   1.17e-01
  1.3839e+02   1.12e-01
  1.4407e+02   1.06e-01
  1.4998e+02   1.01e-01
  1.5614e+02   9.63e-02
  1.6255e+02   9.16e-02
  1.6922e+02   8.71e-02
  1.7617e+02   8.29e-02
  1.8340e+02   7.88e-02
  1.9093e+02   7.48e-02
  1.9877e+02   7.11e-02
  2.0693e+02   6.75e-02
  2.1543e+02   6.40e-02
  2.2427e+02   6.07e-02
  2.3348e+02   5.76e-02
  2.4306e+02   5.46e-02
  2.5304e+02   5.17e-02
  2.6343e+02   4.90e-02
  2.7424e+02   4.63e-02
  2.8550e+02   4.38e-02
  2.9722e+02   4.14e-02
  3.0942e+02   3.91e-02
  3.2213e+02   3.69e-02
  3.3535e+02   3.48e-02
  3.4912e+02   3.28e-02
  3.6345e+02   3.09e-02
  3.7837e+02   2.91e-02
  3.9390e+02   2.74e-02
  4.1008e+02   2.57e-02
  4.2691e+02   2.42e-02
  4.4444e+02   2.27e-02
  4.6268e+02   2.13e-02
  4.8168e+02   2.00e-02
  5.0145e+02   1.87e-02
  5.2204e+02   1.75e-02
  5.4347e+02   1.64e-02
  5.6578e+02   1.53e-02
  5.8901e+02   1.43e-02
  6.1319e+02   1.33e-02
  6.3836e+02   1.24e-02
  6.6457e+02   1.16e-02
  6.9185e+02   1.08e-02
  7.2025e+02   1.01e-02
  7.4982e+02   9.37e-03
  7.8061e+02   8.71e-03
  8.1265e+02   8.10e-03
  8.4601e+02   7.53e-03
  8.8075e+02   7.00e-03
  9.1690e+02   6.50e-03
  9.5455e+02   6.04e-03
  9.9373e+02   5.61e-03
  1.0345e+03   5.21e-03
  1.0770e+03   4.83e-03
  1.1212e+03   4.48e-03
  1.1672e+03   4.16e-03
  1.2152e+03   3.85e-03
  1.2650e+03   3.57e-03
  1.3170e+03   3.31e-03
  1.3711e+03   3.07e-03
  1.4273e+03   2.84e-03
  1.4859e+03   2.64e-03
  1.5469e+03   2.44e-03
  1.6104e+03   2.26e-03
  1.6766e+03   2.09e-03
  1.7454e+03   1.94e-03
  1.8170e+03   1.79e-03
  1.8916e+03   1.66e-03
  1.9693e+03   1.53e-03
  2.0501e+03   1.42e-03
  2.1343e+03   1.31e-03
  2.2219e+03   1.21e-03
  2.3131e+03   1.12e-03
  2.4081e+03   1.03e-03
  2.5070e+03   9.51e-04
  2.6099e+03   8.76e-04
  2.7170e+03   8.06e-04
  2.8286e+03   7.42e-04
  2.9447e+03   6.83e-04
  3.0656e+03   6.27e-04
  3.1914e+03   5.75e-04
  3.3225e+03   5.28e-04
  3.4589e+03   4.83e-04
  3.6008e+03   4.42e-04
  3.7487e+03   4.04e-04
  3.9026e+03   3.69e-04
  4.0628e+03   3.36e-04
  4.2296e+03   3.06e-04
  4.4032e+03   2.78e-04
  4.5840e+03   2.52e-04
  4.7722e+03   2.28e-04
  4.9681e+03   2.06e-04
  5.1720e+03   1.86e-04
  5.3844e+03   1.67e-04
  5.6054e+03   1.50e-04
  5.8355e+03   1.35e-04
  6.0751e+03   1.20e-04
  6.3245e+03   1.08e-04
  6.5841e+03   9.57e-05
  6.8544e+03   8.47e-05
  7.1358e+03   7.50e-05
  7.4288e+03   6.61e-05
  7.7338e+03   5.80e-05
  8.0513e+03   5.08e-05
  8.3818e+03   4.42e-05
  8.7259e+03   3.83e-05
  9.0841e+03   3.30e-05
  9.4571e+03   2.83e-05
  9.8453e+03   2.41e-05
  1.0249e+04   2.05e-05
  1.0670e+04   1.72e-05
  1.1108e+04   1.44e-05
  1.1564e+04   1.19e-05
  1.2039e+04   9.75e-06
  1.2533e+04   7.93e-06
  1.3048e+04   6.38e-06
  1.3584e+04   5.04e-06
  1.4141e+04   3.96e-06
  1.4722e+04   3.05e-06
  1.5326e+04   2.30e-06
  1.5955e+04   1.71e-06
  1.6610e+04   1.24e-06
  1.7292e+04   8.77e-07
  1.8002e+04   6.05e-07
  1.8741e+04   4.02e-07
  1.9511e+04   2.56e-07
  2.0312e+04   1.58e-07
  2.1145e+04   9.18e-08
  2.2013e+04   5.04e-08
  2.2917e+04   2.60e-08
  2.3858e+04   1.23e-08
  2.4837e+04   5.29e-09
  2.5857e+04   2.05e-09
  2.6919e+04   6.86e-10
  2.8024e+04   1.98e-10
  2.9174e+04   4.69e-11
  3.0372e+04   8.71e-12
  3.1619e+04   1.23e-12
  3.2917e+04   1.22e-13
  3.4268e+04   7.68e-15
  3.5675e+04   2.87e-16
  3.7140e+04   5.35e-18
  3.8664e+04   4.16e-20
  4.0252e+04   1.09e-22
  4.1904e+04   6.78e-26
  4.3624e+04   6.59e-30
  4.5415e+04   5.74e-35
  4.7280e+04   1.97e-41
  4.9221e+04   3.20e-47
  5.1241e+04   2.70e-47
  5.3345e+04   2.23e-47
  5.5535e+04   1.86e-47
  5.7815e+04   1.56e-47
  6.0188e+04   1.28e-47
  6.2659e+04   1.06e-47
  6.5232e+04   8.77e-48
  6.7910e+04   7.07e-48
  7.0698e+04   5.84e-48
  7.3600e+04   4.77e-48
  7.6621e+04   3.78e-48
  7.9767e+04   3.04e-48
  8.3042e+04   2.35e-48
  8.6451e+04   1.73e-48
  9.0000e+04   1.28e-48
