#  E [MeV]   Flux [# cm^{-2} s^{-1}  MeV^{-1}]
  3.0000e+04   5.91e-25
  3.1141e+04   5.66e-25
  3.2326e+04   5.41e-25
  3.3556e+04   5.17e-25
  3.4832e+04   4.94e-25
  3.6157e+04   4.72e-25
  3.7533e+04   4.51e-25
  3.8961e+04   4.31e-25
  4.0443e+04   4.11e-25
  4.1982e+04   3.93e-25
  4.3579e+04   3.75e-25
  4.5237e+04   3.58e-25
  4.6958e+04   3.42e-25
  4.8744e+04   3.26e-25
  5.0598e+04   3.11e-25
  5.2523e+04   2.97e-25
  5.4521e+04   2.83e-25
  5.6596e+04   2.70e-25
  5.8749e+04   2.57e-25
  6.0984e+04   2.45e-25
  6.3304e+04   2.34e-25
  6.5712e+04   2.23e-25
  6.8212e+04   2.12e-25
  7.0807e+04   2.02e-25
  7.3500e+04   1.93e-25
  7.6297e+04   1.83e-25
  7.9199e+04   1.75e-25
  8.2212e+04   1.66e-25
  8.5340e+04   1.58e-25
  8.8586e+04   1.51e-25
  9.1956e+04   1.43e-25
  9.5455e+04   1.36e-25
  9.9086e+04   1.30e-25
  1.0286e+05   1.23e-25
  1.0677e+05   1.17e-25
  1.1083e+05   1.11e-25
  1.1505e+05   1.06e-25
  1.1942e+05   1.00e-25
  1.2397e+05   9.53e-26
  1.2868e+05   9.05e-26
  1.3358e+05   8.58e-26
  1.3866e+05   8.15e-26
  1.4394e+05   7.73e-26
  1.4941e+05   7.33e-26
  1.5509e+05   6.94e-26
  1.6100e+05   6.58e-26
  1.6712e+05   6.23e-26
  1.7348e+05   5.90e-26
  1.8008e+05   5.59e-26
  1.8693e+05   5.29e-26
  1.9404e+05   5.00e-26
  2.0142e+05   4.73e-26
  2.0908e+05   4.47e-26
  2.1704e+05   4.22e-26
  2.2529e+05   3.99e-26
  2.3387e+05   3.76e-26
  2.4276e+05   3.55e-26
  2.5200e+05   3.35e-26
  2.6158e+05   3.16e-26
  2.7154e+05   2.97e-26
  2.8187e+05   2.80e-26
  2.9259e+05   2.63e-26
  3.0372e+05   2.48e-26
  3.1527e+05   2.33e-26
  3.2727e+05   2.19e-26
  3.3972e+05   2.05e-26
  3.5264e+05   1.92e-26
  3.6606e+05   1.80e-26
  3.7998e+05   1.69e-26
  3.9444e+05   1.58e-26
  4.0945e+05   1.48e-26
  4.2502e+05   1.38e-26
  4.4119e+05   1.29e-26
  4.5798e+05   1.20e-26
  4.7540e+05   1.12e-26
  4.9348e+05   1.05e-26
  5.1226e+05   9.74e-27
  5.3175e+05   9.06e-27
  5.5198e+05   8.43e-27
  5.7297e+05   7.84e-27
  5.9477e+05   7.28e-27
  6.1740e+05   6.76e-27
  6.4089e+05   6.27e-27
  6.6527e+05   5.82e-27
  6.9058e+05   5.39e-27
  7.1685e+05   4.99e-27
  7.4412e+05   4.62e-27
  7.7243e+05   4.28e-27
  8.0181e+05   3.96e-27
  8.3232e+05   3.66e-27
  8.6398e+05   3.38e-27
  8.9685e+05   3.12e-27
  9.3097e+05   2.88e-27
  9.6638e+05   2.66e-27
  1.0031e+06   2.45e-27
  1.0413e+06   2.26e-27
  1.0809e+06   2.09e-27
  1.1220e+06   1.92e-27
  1.1647e+06   1.77e-27
  1.2090e+06   1.63e-27
  1.2550e+06   1.50e-27
  1.3028e+06   1.38e-27
  1.3523e+06   1.27e-27
  1.4038e+06   1.16e-27
  1.4572e+06   1.07e-27
  1.5126e+06   9.81e-28
  1.5702e+06   9.00e-28
  1.6299e+06   8.25e-28
  1.6919e+06   7.56e-28
  1.7563e+06   6.92e-28
  1.8231e+06   6.34e-28
  1.8925e+06   5.80e-28
  1.9645e+06   5.30e-28
  2.0392e+06   4.84e-28
  2.1168e+06   4.42e-28
  2.1973e+06   4.03e-28
  2.2809e+06   3.67e-28
  2.3677e+06   3.34e-28
  2.4577e+06   3.04e-28
  2.5512e+06   2.76e-28
  2.6483e+06   2.50e-28
  2.7490e+06   2.27e-28
  2.8536e+06   2.06e-28
  2.9622e+06   1.86e-28
  3.0749e+06   1.67e-28
  3.1918e+06   1.51e-28
  3.3133e+06   1.36e-28
  3.4393e+06   1.22e-28
  3.5702e+06   1.10e-28
  3.7060e+06   9.88e-29
  3.8470e+06   8.81e-29
  3.9933e+06   7.90e-29
  4.1452e+06   7.06e-29
  4.3029e+06   6.27e-29
  4.4666e+06   5.59e-29
  4.6366e+06   4.97e-29
  4.8129e+06   4.39e-29
  4.9960e+06   3.89e-29
  5.1861e+06   3.43e-29
  5.3834e+06   3.01e-29
  5.5882e+06   2.65e-29
  5.8008e+06   2.32e-29
  6.0215e+06   2.02e-29
  6.2506e+06   1.76e-29
  6.4883e+06   1.54e-29
  6.7352e+06   1.33e-29
  6.9914e+06   1.15e-29
  7.2574e+06   9.94e-30
  7.5335e+06   8.51e-30
  7.8201e+06   7.28e-30
  8.1176e+06   6.25e-30
  8.4264e+06   5.30e-30
  8.7470e+06   4.48e-30
  9.0797e+06   3.80e-30
  9.4251e+06   3.19e-30
  9.7837e+06   2.66e-30
  1.0156e+07   2.22e-30
  1.0542e+07   1.84e-30
  1.0943e+07   1.50e-30
  1.1360e+07   1.24e-30
  1.1792e+07   1.01e-30
  1.2240e+07   8.08e-31
  1.2706e+07   6.53e-31
  1.3189e+07   5.20e-31
  1.3691e+07   4.06e-31
  1.4212e+07   3.20e-31
  1.4753e+07   2.47e-31
  1.5314e+07   1.87e-31
  1.5897e+07   1.42e-31
  1.6501e+07   1.06e-31
  1.7129e+07   7.64e-32
  1.7781e+07   5.51e-32
  1.8457e+07   3.87e-32
  1.9159e+07   2.62e-32
  1.9888e+07   1.75e-32
  2.0645e+07   1.13e-32
  2.1430e+07   6.96e-33
  2.2245e+07   4.14e-33
  2.3092e+07   2.34e-33
  2.3970e+07   1.24e-33
  2.4882e+07   6.12e-34
  2.5829e+07   2.79e-34
  2.6811e+07   1.14e-34
  2.7831e+07   4.14e-35
  2.8890e+07   1.31e-35
  2.9989e+07   3.46e-36
  3.1130e+07   7.42e-37
  3.2314e+07   1.24e-37
  3.3544e+07   1.53e-38
  3.4820e+07   1.28e-39
  3.6144e+07   6.79e-41
  3.7519e+07   2.02e-42
  3.8947e+07   2.90e-44
  4.0428e+07   1.68e-46
  4.1966e+07   3.09e-49
  4.3563e+07   1.31e-52
  4.5220e+07   8.46e-57
  4.6941e+07   4.74e-62
  4.8726e+07   1.09e-68
  5.0580e+07   5.92e-72
