#  E [MeV]   Flux [# cm^{-2} s^{-1}  MeV^{-1}]
  3.0000e+04   1.95e-24
  3.1051e+04   1.88e-24
  3.2139e+04   1.81e-24
  3.3266e+04   1.74e-24
  3.4432e+04   1.67e-24
  3.5638e+04   1.61e-24
  3.6887e+04   1.55e-24
  3.8180e+04   1.49e-24
  3.9518e+04   1.43e-24
  4.0903e+04   1.38e-24
  4.2336e+04   1.33e-24
  4.3820e+04   1.28e-24
  4.5355e+04   1.23e-24
  4.6945e+04   1.18e-24
  4.8590e+04   1.13e-24
  5.0293e+04   1.09e-24
  5.2055e+04   1.05e-24
  5.3879e+04   1.01e-24
  5.5767e+04   9.66e-25
  5.7722e+04   9.28e-25
  5.9745e+04   8.91e-25
  6.1838e+04   8.56e-25
  6.4005e+04   8.22e-25
  6.6248e+04   7.89e-25
  6.8570e+04   7.57e-25
  7.0973e+04   7.26e-25
  7.3460e+04   6.97e-25
  7.6034e+04   6.68e-25
  7.8699e+04   6.41e-25
  8.1457e+04   6.15e-25
  8.4311e+04   5.89e-25
  8.7266e+04   5.65e-25
  9.0324e+04   5.41e-25
  9.3490e+04   5.18e-25
  9.6766e+04   4.96e-25
  1.0016e+05   4.75e-25
  1.0367e+05   4.55e-25
  1.0730e+05   4.35e-25
  1.1106e+05   4.16e-25
  1.1495e+05   3.98e-25
  1.1898e+05   3.81e-25
  1.2315e+05   3.64e-25
  1.2747e+05   3.48e-25
  1.3193e+05   3.32e-25
  1.3656e+05   3.17e-25
  1.4134e+05   3.03e-25
  1.4629e+05   2.89e-25
  1.5142e+05   2.76e-25
  1.5673e+05   2.63e-25
  1.6222e+05   2.51e-25
  1.6790e+05   2.39e-25
  1.7379e+05   2.28e-25
  1.7988e+05   2.17e-25
  1.8618e+05   2.07e-25
  1.9271e+05   1.97e-25
  1.9946e+05   1.87e-25
  2.0645e+05   1.78e-25
  2.1369e+05   1.69e-25
  2.2117e+05   1.61e-25
  2.2892e+05   1.53e-25
  2.3695e+05   1.45e-25
  2.4525e+05   1.37e-25
  2.5385e+05   1.30e-25
  2.6274e+05   1.23e-25
  2.7195e+05   1.17e-25
  2.8148e+05   1.11e-25
  2.9134e+05   1.05e-25
  3.0155e+05   9.93e-26
  3.1212e+05   9.39e-26
  3.2306e+05   8.87e-26
  3.3438e+05   8.38e-26
  3.4610e+05   7.91e-26
  3.5823e+05   7.47e-26
  3.7078e+05   7.04e-26
  3.8377e+05   6.63e-26
  3.9722e+05   6.25e-26
  4.1114e+05   5.88e-26
  4.2555e+05   5.54e-26
  4.4046e+05   5.21e-26
  4.5590e+05   4.90e-26
  4.7188e+05   4.60e-26
  4.8841e+05   4.32e-26
  5.0553e+05   4.05e-26
  5.2324e+05   3.80e-26
  5.4158e+05   3.57e-26
  5.6056e+05   3.34e-26
  5.8020e+05   3.13e-26
  6.0054e+05   2.93e-26
  6.2158e+05   2.74e-26
  6.4337e+05   2.56e-26
  6.6591e+05   2.40e-26
  6.8925e+05   2.24e-26
  7.1340e+05   2.09e-26
  7.3840e+05   1.95e-26
  7.6428e+05   1.82e-26
  7.9106e+05   1.70e-26
  8.1878e+05   1.58e-26
  8.4748e+05   1.47e-26
  8.7718e+05   1.37e-26
  9.0792e+05   1.28e-26
  9.3973e+05   1.19e-26
  9.7267e+05   1.10e-26
  1.0068e+06   1.03e-26
  1.0420e+06   9.54e-27
  1.0785e+06   8.86e-27
  1.1163e+06   8.23e-27
  1.1555e+06   7.64e-27
  1.1960e+06   7.09e-27
  1.2379e+06   6.57e-27
  1.2813e+06   6.10e-27
  1.3262e+06   5.65e-27
  1.3726e+06   5.23e-27
  1.4207e+06   4.85e-27
  1.4705e+06   4.49e-27
  1.5220e+06   4.15e-27
  1.5754e+06   3.84e-27
  1.6306e+06   3.55e-27
  1.6877e+06   3.28e-27
  1.7469e+06   3.03e-27
  1.8081e+06   2.80e-27
  1.8715e+06   2.58e-27
  1.9370e+06   2.38e-27
  2.0049e+06   2.20e-27
  2.0752e+06   2.03e-27
  2.1479e+06   1.86e-27
  2.2232e+06   1.72e-27
  2.3011e+06   1.58e-27
  2.3817e+06   1.45e-27
  2.4652e+06   1.33e-27
  2.5516e+06   1.23e-27
  2.6410e+06   1.13e-27
  2.7336e+06   1.03e-27
  2.8294e+06   9.46e-28
  2.9285e+06   8.67e-28
  3.0311e+06   7.92e-28
  3.1374e+06   7.24e-28
  3.2473e+06   6.62e-28
  3.3611e+06   6.04e-28
  3.4789e+06   5.50e-28
  3.6008e+06   5.02e-28
  3.7270e+06   4.57e-28
  3.8576e+06   4.15e-28
  3.9928e+06   3.78e-28
  4.1327e+06   3.43e-28
  4.2775e+06   3.11e-28
  4.4274e+06   2.81e-28
  4.5826e+06   2.55e-28
  4.7432e+06   2.31e-28
  4.9094e+06   2.08e-28
  5.0815e+06   1.88e-28
  5.2595e+06   1.70e-28
  5.4438e+06   1.52e-28
  5.6346e+06   1.37e-28
  5.8321e+06   1.23e-28
  6.0365e+06   1.10e-28
  6.2480e+06   9.88e-29
  6.4670e+06   8.87e-29
  6.6936e+06   7.93e-29
  6.9282e+06   7.05e-29
  7.1709e+06   6.32e-29
  7.4222e+06   5.64e-29
  7.6823e+06   5.00e-29
  7.9516e+06   4.46e-29
  8.2302e+06   3.97e-29
  8.5186e+06   3.52e-29
  8.8172e+06   3.11e-29
  9.1262e+06   2.77e-29
  9.4460e+06   2.45e-29
  9.7770e+06   2.16e-29
  1.0120e+07   1.92e-29
  1.0474e+07   1.70e-29
  1.0841e+07   1.49e-29
  1.1221e+07   1.32e-29
  1.1614e+07   1.17e-29
  1.2022e+07   1.03e-29
  1.2443e+07   9.07e-30
  1.2879e+07   8.03e-30
  1.3330e+07   7.06e-30
  1.3797e+07   6.17e-30
  1.4281e+07   5.46e-30
  1.4781e+07   4.79e-30
  1.5299e+07   4.17e-30
  1.5835e+07   3.64e-30
  1.6390e+07   3.17e-30
  1.6965e+07   2.73e-30
  1.7559e+07   2.34e-30
  1.8175e+07   2.03e-30
  1.8812e+07   1.72e-30
  1.9471e+07   1.44e-30
  2.0153e+07   1.22e-30
  2.0859e+07   1.02e-30
  2.1590e+07   8.19e-31
  2.2347e+07   6.76e-31
  2.3130e+07   5.49e-31
  2.3941e+07   4.24e-31
  2.4780e+07   3.32e-31
  2.5648e+07   2.76e-31
  2.6547e+07   2.04e-31
  2.7477e+07   1.35e-31
  2.8440e+07   8.35e-32
