#  E [MeV]   Flux [# cm^{-2} s^{-1}  MeV^{-1}]
  3.0000e+04   1.48e-19
  3.0589e+04   1.44e-19
  3.1190e+04   1.39e-19
  3.1803e+04   1.35e-19
  3.2428e+04   1.30e-19
  3.3065e+04   1.26e-19
  3.3714e+04   1.22e-19
  3.4376e+04   1.18e-19
  3.5052e+04   1.14e-19
  3.5740e+04   1.11e-19
  3.6442e+04   1.07e-19
  3.7158e+04   1.04e-19
  3.7888e+04   1.00e-19
  3.8632e+04   9.69e-20
  3.9391e+04   9.37e-20
  4.0165e+04   9.06e-20
  4.0954e+04   8.76e-20
  4.1758e+04   8.46e-20
  4.2579e+04   8.18e-20
  4.3415e+04   7.90e-20
  4.4268e+04   7.63e-20
  4.5138e+04   7.37e-20
  4.6024e+04   7.12e-20
  4.6928e+04   6.87e-20
  4.7850e+04   6.63e-20
  4.8790e+04   6.40e-20
  4.9749e+04   6.18e-20
  5.0726e+04   5.96e-20
  5.1722e+04   5.75e-20
  5.2738e+04   5.55e-20
  5.3774e+04   5.35e-20
  5.4831e+04   5.16e-20
  5.5908e+04   4.97e-20
  5.7006e+04   4.80e-20
  5.8126e+04   4.62e-20
  5.9268e+04   4.45e-20
  6.0432e+04   4.29e-20
  6.1619e+04   4.13e-20
  6.2829e+04   3.98e-20
  6.4064e+04   3.83e-20
  6.5322e+04   3.69e-20
  6.6605e+04   3.55e-20
  6.7913e+04   3.42e-20
  6.9248e+04   3.29e-20
  7.0608e+04   3.17e-20
  7.1995e+04   3.04e-20
  7.3409e+04   2.93e-20
  7.4851e+04   2.81e-20
  7.6321e+04   2.70e-20
  7.7821e+04   2.60e-20
  7.9349e+04   2.50e-20
  8.0908e+04   2.40e-20
  8.2497e+04   2.31e-20
  8.4118e+04   2.21e-20
  8.5770e+04   2.13e-20
  8.7455e+04   2.04e-20
  8.9173e+04   1.96e-20
  9.0925e+04   1.88e-20
  9.2711e+04   1.80e-20
  9.4532e+04   1.73e-20
  9.6389e+04   1.66e-20
  9.8283e+04   1.59e-20
  1.0021e+05   1.53e-20
  1.0218e+05   1.46e-20
  1.0419e+05   1.40e-20
  1.0624e+05   1.34e-20
  1.0832e+05   1.28e-20
  1.1045e+05   1.23e-20
  1.1262e+05   1.18e-20
  1.1483e+05   1.13e-20
  1.1709e+05   1.08e-20
  1.1939e+05   1.03e-20
  1.2173e+05   9.87e-21
  1.2412e+05   9.44e-21
  1.2656e+05   9.02e-21
  1.2905e+05   8.62e-21
  1.3158e+05   8.23e-21
  1.3417e+05   7.85e-21
  1.3680e+05   7.50e-21
  1.3949e+05   7.16e-21
  1.4223e+05   6.84e-21
  1.4503e+05   6.52e-21
  1.4787e+05   6.21e-21
  1.5078e+05   5.91e-21
  1.5374e+05   5.64e-21
  1.5676e+05   5.37e-21
  1.5984e+05   5.12e-21
  1.6298e+05   4.87e-21
  1.6618e+05   4.63e-21
  1.6945e+05   4.40e-21
  1.7278e+05   4.19e-21
  1.7617e+05   3.99e-21
  1.7963e+05   3.79e-21
  1.8316e+05   3.60e-21
  1.8676e+05   3.42e-21
  1.9042e+05   3.24e-21
  1.9417e+05   3.08e-21
  1.9798e+05   2.92e-21
  2.0187e+05   2.77e-21
  2.0583e+05   2.63e-21
  2.0988e+05   2.49e-21
  2.1400e+05   2.35e-21
  2.1820e+05   2.23e-21
  2.2249e+05   2.11e-21
  2.2686e+05   2.00e-21
  2.3132e+05   1.89e-21
  2.3586e+05   1.79e-21
  2.4049e+05   1.68e-21
  2.4522e+05   1.59e-21
  2.5004e+05   1.51e-21
  2.5495e+05   1.42e-21
  2.5996e+05   1.34e-21
  2.6506e+05   1.26e-21
  2.7027e+05   1.19e-21
  2.7558e+05   1.12e-21
  2.8099e+05   1.06e-21
  2.8651e+05   9.96e-22
  2.9214e+05   9.35e-22
  2.9788e+05   8.78e-22
  3.0373e+05   8.24e-22
  3.0970e+05   7.76e-22
  3.1578e+05   7.29e-22
  3.2198e+05   6.84e-22
  3.2831e+05   6.41e-22
  3.3476e+05   5.99e-22
  3.4133e+05   5.61e-22
  3.4804e+05   5.27e-22
  3.5487e+05   4.94e-22
  3.6185e+05   4.63e-22
  3.6895e+05   4.32e-22
  3.7620e+05   4.03e-22
  3.8359e+05   3.77e-22
  3.9113e+05   3.53e-22
  3.9881e+05   3.30e-22
  4.0664e+05   3.09e-22
  4.1463e+05   2.88e-22
  4.2278e+05   2.68e-22
  4.3108e+05   2.50e-22
  4.3955e+05   2.34e-22
  4.4818e+05   2.18e-22
  4.5699e+05   2.03e-22
  4.6596e+05   1.89e-22
  4.7512e+05   1.76e-22
  4.8445e+05   1.64e-22
  4.9397e+05   1.53e-22
  5.0367e+05   1.43e-22
  5.1356e+05   1.33e-22
  5.2365e+05   1.24e-22
  5.3394e+05   1.15e-22
  5.4443e+05   1.07e-22
  5.5512e+05   1.00e-22
  5.6603e+05   9.37e-23
  5.7715e+05   8.74e-23
  5.8848e+05   8.14e-23
  6.0004e+05   7.56e-23
  6.1183e+05   7.09e-23
  6.2385e+05   6.66e-23
  6.3610e+05   6.25e-23
  6.4860e+05   5.86e-23
  6.6134e+05   5.48e-23
  6.7433e+05   5.12e-23
  6.8758e+05   4.83e-23
  7.0108e+05   4.57e-23
  7.1486e+05   4.32e-23
  7.2890e+05   4.07e-23
  7.4322e+05   3.84e-23
  7.5782e+05   3.62e-23
  7.7270e+05   3.45e-23
  7.8788e+05   3.29e-23
  8.0336e+05   3.13e-23
  8.1914e+05   2.98e-23
  8.3523e+05   2.84e-23
  8.5164e+05   2.71e-23
  8.6837e+05   2.62e-23
  8.8542e+05   2.54e-23
  9.0282e+05   2.46e-23
  9.2055e+05   2.38e-23
  9.3863e+05   2.31e-23
  9.5707e+05   2.24e-23
  9.7587e+05   2.21e-23
  9.9504e+05   2.18e-23
  1.0146e+06   2.15e-23
  1.0345e+06   2.12e-23
  1.0548e+06   2.09e-23
  1.0756e+06   2.07e-23
  1.0967e+06   2.09e-23
  1.1182e+06   2.11e-23
  1.1402e+06   2.13e-23
  1.1626e+06   2.15e-23
  1.1854e+06   2.16e-23
  1.2087e+06   2.13e-23
  1.2325e+06   2.01e-23
  1.2567e+06   1.90e-23
  1.2814e+06   1.79e-23
  1.3065e+06   1.69e-23
  1.3322e+06   1.60e-23
  1.3584e+06   1.42e-23
  1.3851e+06   1.14e-23
  1.4123e+06   8.65e-24
  1.4400e+06   6.08e-24
