#  E [MeV]   Flux [# cm^{-2} s^{-1}  MeV^{-1}]
  3.0000e+04   3.18e-26
  3.0962e+04   3.06e-26
  3.1955e+04   2.95e-26
  3.2979e+04   2.84e-26
  3.4037e+04   2.73e-26
  3.5128e+04   2.62e-26
  3.6254e+04   2.52e-26
  3.7417e+04   2.43e-26
  3.8616e+04   2.33e-26
  3.9855e+04   2.24e-26
  4.1132e+04   2.15e-26
  4.2451e+04   2.07e-26
  4.3812e+04   1.99e-26
  4.5217e+04   1.91e-26
  4.6667e+04   1.83e-26
  4.8163e+04   1.76e-26
  4.9707e+04   1.69e-26
  5.1301e+04   1.62e-26
  5.2946e+04   1.55e-26
  5.4644e+04   1.49e-26
  5.6396e+04   1.43e-26
  5.8204e+04   1.37e-26
  6.0070e+04   1.31e-26
  6.1996e+04   1.26e-26
  6.3984e+04   1.21e-26
  6.6035e+04   1.16e-26
  6.8153e+04   1.11e-26
  7.0338e+04   1.06e-26
  7.2593e+04   1.01e-26
  7.4921e+04   9.71e-27
  7.7323e+04   9.29e-27
  7.9802e+04   8.88e-27
  8.2361e+04   8.50e-27
  8.5002e+04   8.13e-27
  8.7727e+04   7.77e-27
  9.0540e+04   7.42e-27
  9.3443e+04   7.09e-27
  9.6439e+04   6.78e-27
  9.9531e+04   6.47e-27
  1.0272e+05   6.18e-27
  1.0602e+05   5.90e-27
  1.0942e+05   5.63e-27
  1.1292e+05   5.37e-27
  1.1654e+05   5.12e-27
  1.2028e+05   4.88e-27
  1.2414e+05   4.66e-27
  1.2812e+05   4.44e-27
  1.3223e+05   4.23e-27
  1.3646e+05   4.03e-27
  1.4084e+05   3.84e-27
  1.4536e+05   3.65e-27
  1.5002e+05   3.48e-27
  1.5483e+05   3.31e-27
  1.5979e+05   3.14e-27
  1.6491e+05   2.99e-27
  1.7020e+05   2.84e-27
  1.7566e+05   2.70e-27
  1.8129e+05   2.56e-27
  1.8710e+05   2.43e-27
  1.9310e+05   2.31e-27
  1.9929e+05   2.19e-27
  2.0568e+05   2.08e-27
  2.1228e+05   1.97e-27
  2.1909e+05   1.87e-27
  2.2611e+05   1.77e-27
  2.3336e+05   1.67e-27
  2.4084e+05   1.58e-27
  2.4856e+05   1.50e-27
  2.5653e+05   1.42e-27
  2.6476e+05   1.34e-27
  2.7325e+05   1.26e-27
  2.8201e+05   1.19e-27
  2.9105e+05   1.13e-27
  3.0038e+05   1.06e-27
  3.1002e+05   1.00e-27
  3.1996e+05   9.42e-28
  3.3021e+05   8.87e-28
  3.4080e+05   8.34e-28
  3.5173e+05   7.84e-28
  3.6301e+05   7.37e-28
  3.7465e+05   6.92e-28
  3.8666e+05   6.50e-28
  3.9905e+05   6.09e-28
  4.1185e+05   5.71e-28
  4.2506e+05   5.35e-28
  4.3868e+05   5.01e-28
  4.5275e+05   4.69e-28
  4.6727e+05   4.39e-28
  4.8225e+05   4.10e-28
  4.9771e+05   3.84e-28
  5.1367e+05   3.58e-28
  5.3014e+05   3.35e-28
  5.4714e+05   3.12e-28
  5.6468e+05   2.92e-28
  5.8278e+05   2.72e-28
  6.0147e+05   2.54e-28
  6.2075e+05   2.37e-28
  6.4066e+05   2.21e-28
  6.6120e+05   2.06e-28
  6.8240e+05   1.92e-28
  7.0428e+05   1.79e-28
  7.2686e+05   1.67e-28
  7.5017e+05   1.56e-28
  7.7422e+05   1.45e-28
  7.9904e+05   1.36e-28
  8.2466e+05   1.26e-28
  8.5110e+05   1.18e-28
  8.7839e+05   1.10e-28
  9.0656e+05   1.03e-28
  9.3562e+05   9.63e-29
  9.6562e+05   9.01e-29
  9.9658e+05   8.43e-29
  1.0285e+06   7.89e-29
  1.0615e+06   7.39e-29
  1.0956e+06   6.93e-29
  1.1307e+06   6.49e-29
  1.1669e+06   6.09e-29
  1.2043e+06   5.72e-29
  1.2430e+06   5.37e-29
  1.2828e+06   5.05e-29
  1.3239e+06   4.75e-29
  1.3664e+06   4.48e-29
  1.4102e+06   4.22e-29
  1.4554e+06   3.98e-29
  1.5021e+06   3.75e-29
  1.5502e+06   3.54e-29
  1.6000e+06   3.35e-29
  1.6513e+06   3.16e-29
  1.7042e+06   2.99e-29
  1.7588e+06   2.83e-29
  1.8152e+06   2.68e-29
  1.8734e+06   2.53e-29
  1.9335e+06   2.40e-29
  1.9955e+06   2.27e-29
  2.0595e+06   2.16e-29
  2.1255e+06   2.04e-29
  2.1937e+06   1.94e-29
  2.2640e+06   1.84e-29
  2.3366e+06   1.74e-29
  2.4115e+06   1.65e-29
  2.4888e+06   1.57e-29
  2.5686e+06   1.49e-29
  2.6510e+06   1.41e-29
  2.7360e+06   1.34e-29
  2.8237e+06   1.27e-29
  2.9142e+06   1.20e-29
  3.0077e+06   1.14e-29
  3.1041e+06   1.08e-29
  3.2036e+06   1.02e-29
  3.3064e+06   9.66e-30
  3.4124e+06   9.13e-30
  3.5218e+06   8.62e-30
  3.6347e+06   8.13e-30
  3.7512e+06   7.66e-30
  3.8715e+06   7.21e-30
  3.9957e+06   6.78e-30
  4.1238e+06   6.37e-30
  4.2560e+06   5.97e-30
  4.3924e+06   5.59e-30
  4.5333e+06   5.22e-30
  4.6786e+06   4.87e-30
  4.8286e+06   4.53e-30
  4.9835e+06   4.21e-30
  5.1433e+06   3.90e-30
  5.3082e+06   3.61e-30
  5.4784e+06   3.33e-30
  5.6540e+06   3.07e-30
  5.8353e+06   2.81e-30
  6.0224e+06   2.57e-30
  6.2155e+06   2.35e-30
  6.4148e+06   2.14e-30
  6.6205e+06   1.93e-30
  6.8327e+06   1.74e-30
  7.0518e+06   1.57e-30
  7.2779e+06   1.40e-30
  7.5113e+06   1.25e-30
  7.7521e+06   1.10e-30
  8.0007e+06   9.71e-31
  8.2572e+06   8.50e-31
  8.5219e+06   7.39e-31
  8.7952e+06   6.38e-31
  9.0772e+06   5.47e-31
  9.3682e+06   4.66e-31
  9.6686e+06   3.93e-31
  9.9786e+06   3.28e-31
  1.0299e+07   2.71e-31
  1.0629e+07   2.22e-31
  1.0970e+07   1.80e-31
  1.1321e+07   1.43e-31
  1.1684e+07   1.13e-31
  1.2059e+07   8.75e-32
  1.2446e+07   6.67e-32
  1.2845e+07   5.00e-32
  1.3256e+07   3.66e-32
  1.3681e+07   2.63e-32
  1.4120e+07   1.84e-32
  1.4573e+07   1.26e-32
  1.5040e+07   8.41e-33
  1.5522e+07   5.44e-33
  1.6020e+07   3.41e-33
