#  E [MeV]   Flux [# cm^{-2} s^{-1}  MeV^{-1}]
  3.0000e+04   5.28e-24
  3.0962e+04   5.10e-24
  3.1955e+04   4.92e-24
  3.2979e+04   4.75e-24
  3.4037e+04   4.58e-24
  3.5128e+04   4.42e-24
  3.6254e+04   4.27e-24
  3.7417e+04   4.11e-24
  3.8616e+04   3.97e-24
  3.9855e+04   3.83e-24
  4.1132e+04   3.69e-24
  4.2451e+04   3.55e-24
  4.3812e+04   3.43e-24
  4.5217e+04   3.30e-24
  4.6667e+04   3.18e-24
  4.8163e+04   3.06e-24
  4.9707e+04   2.95e-24
  5.1301e+04   2.84e-24
  5.2946e+04   2.73e-24
  5.4644e+04   2.63e-24
  5.6396e+04   2.53e-24
  5.8204e+04   2.44e-24
  6.0070e+04   2.34e-24
  6.1996e+04   2.25e-24
  6.3984e+04   2.17e-24
  6.6035e+04   2.08e-24
  6.8153e+04   2.00e-24
  7.0338e+04   1.92e-24
  7.2593e+04   1.85e-24
  7.4921e+04   1.77e-24
  7.7323e+04   1.70e-24
  7.9802e+04   1.63e-24
  8.2361e+04   1.57e-24
  8.5002e+04   1.50e-24
  8.7727e+04   1.44e-24
  9.0540e+04   1.38e-24
  9.3443e+04   1.33e-24
  9.6439e+04   1.27e-24
  9.9531e+04   1.22e-24
  1.0272e+05   1.17e-24
  1.0602e+05   1.12e-24
  1.0942e+05   1.07e-24
  1.1292e+05   1.02e-24
  1.1654e+05   9.78e-25
  1.2028e+05   9.36e-25
  1.2414e+05   8.95e-25
  1.2812e+05   8.55e-25
  1.3223e+05   8.17e-25
  1.3646e+05   7.80e-25
  1.4084e+05   7.45e-25
  1.4536e+05   7.11e-25
  1.5002e+05   6.78e-25
  1.5483e+05   6.47e-25
  1.5979e+05   6.17e-25
  1.6491e+05   5.88e-25
  1.7020e+05   5.61e-25
  1.7566e+05   5.34e-25
  1.8129e+05   5.09e-25
  1.8710e+05   4.84e-25
  1.9310e+05   4.61e-25
  1.9929e+05   4.38e-25
  2.0568e+05   4.17e-25
  2.1228e+05   3.96e-25
  2.1909e+05   3.76e-25
  2.2611e+05   3.57e-25
  2.3336e+05   3.39e-25
  2.4084e+05   3.22e-25
  2.4856e+05   3.05e-25
  2.5653e+05   2.89e-25
  2.6476e+05   2.74e-25
  2.7325e+05   2.60e-25
  2.8201e+05   2.46e-25
  2.9105e+05   2.33e-25
  3.0038e+05   2.20e-25
  3.1002e+05   2.08e-25
  3.1996e+05   1.97e-25
  3.3021e+05   1.86e-25
  3.4080e+05   1.76e-25
  3.5173e+05   1.66e-25
  3.6301e+05   1.56e-25
  3.7465e+05   1.47e-25
  3.8666e+05   1.39e-25
  3.9905e+05   1.31e-25
  4.1185e+05   1.23e-25
  4.2506e+05   1.16e-25
  4.3868e+05   1.09e-25
  4.5275e+05   1.02e-25
  4.6727e+05   9.62e-26
  4.8225e+05   9.03e-26
  4.9771e+05   8.47e-26
  5.1367e+05   7.95e-26
  5.3014e+05   7.45e-26
  5.4714e+05   6.98e-26
  5.6468e+05   6.54e-26
  5.8278e+05   6.12e-26
  6.0147e+05   5.73e-26
  6.2075e+05   5.35e-26
  6.4066e+05   5.01e-26
  6.6120e+05   4.68e-26
  6.8240e+05   4.37e-26
  7.0428e+05   4.07e-26
  7.2686e+05   3.80e-26
  7.5017e+05   3.55e-26
  7.7422e+05   3.30e-26
  7.9904e+05   3.08e-26
  8.2466e+05   2.87e-26
  8.5110e+05   2.67e-26
  8.7839e+05   2.48e-26
  9.0656e+05   2.31e-26
  9.3562e+05   2.14e-26
  9.6562e+05   1.99e-26
  9.9658e+05   1.85e-26
  1.0285e+06   1.72e-26
  1.0615e+06   1.60e-26
  1.0956e+06   1.48e-26
  1.1307e+06   1.37e-26
  1.1669e+06   1.27e-26
  1.2043e+06   1.18e-26
  1.2430e+06   1.09e-26
  1.2828e+06   1.01e-26
  1.3239e+06   9.34e-27
  1.3664e+06   8.62e-27
  1.4102e+06   7.98e-27
  1.4554e+06   7.38e-27
  1.5021e+06   6.81e-27
  1.5502e+06   6.28e-27
  1.6000e+06   5.81e-27
  1.6513e+06   5.36e-27
  1.7042e+06   4.93e-27
  1.7588e+06   4.54e-27
  1.8152e+06   4.19e-27
  1.8734e+06   3.86e-27
  1.9335e+06   3.54e-27
  1.9955e+06   3.26e-27
  2.0595e+06   3.00e-27
  2.1255e+06   2.75e-27
  2.1937e+06   2.52e-27
  2.2640e+06   2.32e-27
  2.3366e+06   2.13e-27
  2.4115e+06   1.95e-27
  2.4888e+06   1.78e-27
  2.5686e+06   1.64e-27
  2.6510e+06   1.50e-27
  2.7360e+06   1.37e-27
  2.8237e+06   1.25e-27
  2.9142e+06   1.14e-27
  3.0077e+06   1.04e-27
  3.1041e+06   9.49e-28
  3.2036e+06   8.67e-28
  3.3064e+06   7.90e-28
  3.4124e+06   7.18e-28
  3.5218e+06   6.52e-28
  3.6347e+06   5.95e-28
  3.7512e+06   5.40e-28
  3.8715e+06   4.89e-28
  3.9957e+06   4.45e-28
  4.1238e+06   4.04e-28
  4.2560e+06   3.66e-28
  4.3924e+06   3.31e-28
  4.5333e+06   3.02e-28
  4.6786e+06   2.74e-28
  4.8286e+06   2.47e-28
  4.9835e+06   2.24e-28
  5.1433e+06   2.04e-28
  5.3082e+06   1.85e-28
  5.4784e+06   1.67e-28
  5.6540e+06   1.52e-28
  5.8353e+06   1.39e-28
  6.0224e+06   1.26e-28
  6.2155e+06   1.14e-28
  6.4148e+06   1.05e-28
  6.6205e+06   9.60e-29
  6.8327e+06   8.76e-29
  7.0518e+06   8.05e-29
  7.2779e+06   7.43e-29
  7.5113e+06   6.84e-29
  7.7521e+06   6.29e-29
  8.0007e+06   5.86e-29
  8.2572e+06   5.46e-29
  8.5219e+06   5.08e-29
  8.7952e+06   4.74e-29
  9.0772e+06   4.46e-29
  9.3682e+06   4.20e-29
  9.6686e+06   3.94e-29
  9.9786e+06   3.76e-29
  1.0299e+07   3.61e-29
  1.0629e+07   3.45e-29
  1.0970e+07   3.30e-29
  1.1321e+07   3.24e-29
  1.1684e+07   3.18e-29
  1.2059e+07   3.09e-29
  1.2446e+07   3.07e-29
  1.2845e+07   3.17e-29
  1.3256e+07   3.22e-29
  1.3681e+07   3.23e-29
  1.4120e+07   3.61e-29
  1.4573e+07   4.04e-29
  1.5040e+07   4.33e-29
  1.5522e+07   4.48e-29
  1.6020e+07   4.28e-29
