#  E [MeV]   Flux [# cm^{-2} s^{-1}  MeV^{-1}]
  3.0000e+04   8.15e-26
  3.1232e+04   7.79e-26
  3.2514e+04   7.46e-26
  3.3849e+04   7.13e-26
  3.5238e+04   6.82e-26
  3.6685e+04   6.52e-26
  3.8191e+04   6.24e-26
  3.9759e+04   5.97e-26
  4.1391e+04   5.71e-26
  4.3090e+04   5.46e-26
  4.4859e+04   5.22e-26
  4.6701e+04   4.99e-26
  4.8618e+04   4.77e-26
  5.0614e+04   4.56e-26
  5.2692e+04   4.36e-26
  5.4855e+04   4.16e-26
  5.7107e+04   3.98e-26
  5.9451e+04   3.80e-26
  6.1892e+04   3.63e-26
  6.4433e+04   3.47e-26
  6.7078e+04   3.32e-26
  6.9832e+04   3.17e-26
  7.2699e+04   3.03e-26
  7.5683e+04   2.89e-26
  7.8790e+04   2.76e-26
  8.2025e+04   2.63e-26
  8.5392e+04   2.51e-26
  8.8898e+04   2.40e-26
  9.2547e+04   2.29e-26
  9.6347e+04   2.19e-26
  1.0030e+05   2.08e-26
  1.0442e+05   1.99e-26
  1.0871e+05   1.90e-26
  1.1317e+05   1.81e-26
  1.1782e+05   1.72e-26
  1.2265e+05   1.64e-26
  1.2769e+05   1.57e-26
  1.3293e+05   1.49e-26
  1.3839e+05   1.42e-26
  1.4407e+05   1.35e-26
  1.4998e+05   1.29e-26
  1.5614e+05   1.22e-26
  1.6255e+05   1.16e-26
  1.6922e+05   1.11e-26
  1.7617e+05   1.05e-26
  1.8340e+05   9.97e-27
  1.9093e+05   9.47e-27
  1.9877e+05   8.98e-27
  2.0693e+05   8.52e-27
  2.1543e+05   8.07e-27
  2.2427e+05   7.64e-27
  2.3348e+05   7.24e-27
  2.4306e+05   6.85e-27
  2.5304e+05   6.47e-27
  2.6343e+05   6.11e-27
  2.7424e+05   5.77e-27
  2.8550e+05   5.44e-27
  2.9722e+05   5.13e-27
  3.0942e+05   4.83e-27
  3.2213e+05   4.54e-27
  3.3535e+05   4.27e-27
  3.4912e+05   4.00e-27
  3.6345e+05   3.76e-27
  3.7837e+05   3.52e-27
  3.9390e+05   3.29e-27
  4.1008e+05   3.08e-27
  4.2691e+05   2.88e-27
  4.4444e+05   2.69e-27
  4.6268e+05   2.51e-27
  4.8168e+05   2.34e-27
  5.0145e+05   2.17e-27
  5.2204e+05   2.02e-27
  5.4347e+05   1.88e-27
  5.6578e+05   1.74e-27
  5.8901e+05   1.62e-27
  6.1319e+05   1.50e-27
  6.3836e+05   1.39e-27
  6.6457e+05   1.28e-27
  6.9185e+05   1.18e-27
  7.2025e+05   1.09e-27
  7.4982e+05   1.01e-27
  7.8061e+05   9.32e-28
  8.1265e+05   8.60e-28
  8.4601e+05   7.92e-28
  8.8075e+05   7.30e-28
  9.1690e+05   6.73e-28
  9.5455e+05   6.19e-28
  9.9373e+05   5.70e-28
  1.0345e+06   5.25e-28
  1.0770e+06   4.83e-28
  1.1212e+06   4.44e-28
  1.1672e+06   4.09e-28
  1.2152e+06   3.76e-28
  1.2650e+06   3.46e-28
  1.3170e+06   3.18e-28
  1.3711e+06   2.92e-28
  1.4273e+06   2.69e-28
  1.4859e+06   2.47e-28
  1.5469e+06   2.28e-28
  1.6104e+06   2.09e-28
  1.6766e+06   1.92e-28
  1.7454e+06   1.77e-28
  1.8170e+06   1.63e-28
  1.8916e+06   1.49e-28
  1.9693e+06   1.37e-28
  2.0501e+06   1.26e-28
  2.1343e+06   1.16e-28
  2.2219e+06   1.06e-28
  2.3131e+06   9.71e-29
  2.4081e+06   8.89e-29
  2.5070e+06   8.14e-29
  2.6099e+06   7.44e-29
  2.7170e+06   6.79e-29
  2.8286e+06   6.20e-29
  2.9447e+06   5.65e-29
  3.0656e+06   5.14e-29
  3.1914e+06   4.68e-29
  3.3225e+06   4.24e-29
  3.4589e+06   3.85e-29
  3.6008e+06   3.49e-29
  3.7487e+06   3.15e-29
  3.9026e+06   2.84e-29
  4.0628e+06   2.56e-29
  4.2296e+06   2.30e-29
  4.4032e+06   2.06e-29
  4.5840e+06   1.84e-29
  4.7722e+06   1.64e-29
  4.9681e+06   1.46e-29
  5.1720e+06   1.30e-29
  5.3844e+06   1.14e-29
  5.6054e+06   1.01e-29
  5.8355e+06   8.87e-30
  6.0751e+06   7.76e-30
  6.3245e+06   6.78e-30
  6.5841e+06   5.88e-30
  6.8544e+06   5.08e-30
  7.1358e+06   4.38e-30
  7.4288e+06   3.74e-30
  7.7338e+06   3.19e-30
  8.0513e+06   2.70e-30
  8.3818e+06   2.27e-30
  8.7259e+06   1.90e-30
  9.0841e+06   1.57e-30
  9.4571e+06   1.29e-30
  9.8453e+06   1.05e-30
  1.0249e+07   8.46e-31
  1.0670e+07   6.73e-31
  1.1108e+07   5.32e-31
  1.1564e+07   4.14e-31
  1.2039e+07   3.16e-31
  1.2533e+07   2.40e-31
  1.3048e+07   1.77e-31
  1.3584e+07   1.29e-31
  1.4141e+07   9.19e-32
  1.4722e+07   6.35e-32
  1.5326e+07   4.29e-32
  1.5955e+07   2.81e-32
  1.6610e+07   1.77e-32
  1.7292e+07   1.07e-32
  1.8002e+07   6.20e-33
  1.8741e+07   3.38e-33
  1.9511e+07   1.75e-33
  2.0312e+07   8.41e-34
  2.1145e+07   3.70e-34
  2.2013e+07   1.50e-34
  2.2917e+07   5.41e-35
  2.3858e+07   1.70e-35
  2.4837e+07   4.66e-36
  2.5857e+07   1.05e-36
  2.6919e+07   1.91e-37
  2.8024e+07   2.71e-38
  2.9174e+07   2.79e-39
  3.0372e+07   1.96e-40
  3.1619e+07   8.77e-42
  3.2917e+07   2.20e-43
  3.4268e+07   2.75e-45
  3.5675e+07   1.45e-47
  3.7140e+07   2.53e-50
  3.8664e+07   1.12e-53
  4.0252e+07   8.60e-58
  4.1904e+07   6.85e-63
  4.3624e+07   3.00e-69
  4.5415e+07   4.04e-72
  4.7280e+07   3.40e-72
  4.9221e+07   2.93e-72
  5.1241e+07   2.51e-72
  5.3345e+07   2.12e-72
  5.5535e+07   1.85e-72
  5.7815e+07   1.59e-72
  6.0188e+07   1.36e-72
  6.2659e+07   1.20e-72
  6.5232e+07   1.04e-72
  6.7910e+07   9.06e-73
  7.0698e+07   8.07e-73
  7.3600e+07   7.14e-73
  7.6621e+07   6.36e-73
  7.9767e+07   5.74e-73
  8.3042e+07   5.15e-73
  8.6451e+07   4.67e-73
  9.0000e+07   4.27e-73
