#  E [GeV]   # per interaction  [GeV^{-1}]
  3.0000e+01   3.12e-02
  3.1232e+01   3.00e-02
  3.2514e+01   2.89e-02
  3.3849e+01   2.77e-02
  3.5238e+01   2.67e-02
  3.6685e+01   2.56e-02
  3.8191e+01   2.46e-02
  3.9759e+01   2.36e-02
  4.1391e+01   2.27e-02
  4.3090e+01   2.18e-02
  4.4859e+01   2.09e-02
  4.6701e+01   2.01e-02
  4.8618e+01   1.93e-02
  5.0614e+01   1.85e-02
  5.2692e+01   1.77e-02
  5.4855e+01   1.70e-02
  5.7107e+01   1.63e-02
  5.9451e+01   1.56e-02
  6.1892e+01   1.50e-02
  6.4433e+01   1.44e-02
  6.7078e+01   1.38e-02
  6.9832e+01   1.32e-02
  7.2699e+01   1.26e-02
  7.5683e+01   1.21e-02
  7.8790e+01   1.16e-02
  8.2025e+01   1.11e-02
  8.5392e+01   1.06e-02
  8.8898e+01   1.01e-02
  9.2547e+01   9.69e-03
  9.6347e+01   9.27e-03
  1.0030e+02   8.86e-03
  1.0442e+02   8.47e-03
  1.0871e+02   8.09e-03
  1.1317e+02   7.73e-03
  1.1782e+02   7.38e-03
  1.2265e+02   7.05e-03
  1.2769e+02   6.72e-03
  1.3293e+02   6.42e-03
  1.3839e+02   6.12e-03
  1.4407e+02   5.84e-03
  1.4998e+02   5.57e-03
  1.5614e+02   5.31e-03
  1.6255e+02   5.06e-03
  1.6922e+02   4.82e-03
  1.7617e+02   4.59e-03
  1.8340e+02   4.38e-03
  1.9093e+02   4.17e-03
  1.9877e+02   3.97e-03
  2.0693e+02   3.78e-03
  2.1543e+02   3.59e-03
  2.2427e+02   3.42e-03
  2.3348e+02   3.25e-03
  2.4306e+02   3.09e-03
  2.5304e+02   2.94e-03
  2.6343e+02   2.80e-03
  2.7424e+02   2.66e-03
  2.8550e+02   2.53e-03
  2.9722e+02   2.40e-03
  3.0942e+02   2.28e-03
  3.2213e+02   2.17e-03
  3.3535e+02   2.06e-03
  3.4912e+02   1.95e-03
  3.6345e+02   1.85e-03
  3.7837e+02   1.76e-03
  3.9390e+02   1.67e-03
  4.1008e+02   1.58e-03
  4.2691e+02   1.50e-03
  4.4444e+02   1.43e-03
  4.6268e+02   1.35e-03
  4.8168e+02   1.29e-03
  5.0145e+02   1.22e-03
  5.2204e+02   1.16e-03
  5.4347e+02   1.10e-03
  5.6578e+02   1.04e-03
  5.8901e+02   9.89e-04
  6.1319e+02   9.39e-04
  6.3836e+02   8.91e-04
  6.6457e+02   8.47e-04
  6.9185e+02   8.04e-04
  7.2025e+02   7.64e-04
  7.4982e+02   7.26e-04
  7.8061e+02   6.90e-04
  8.1265e+02   6.57e-04
  8.4601e+02   6.25e-04
  8.8075e+02   5.95e-04
  9.1690e+02   5.67e-04
  9.5455e+02   5.40e-04
  9.9373e+02   5.14e-04
  1.0345e+03   4.91e-04
  1.0770e+03   4.68e-04
  1.1212e+03   4.47e-04
  1.1672e+03   4.27e-04
  1.2152e+03   4.08e-04
  1.2650e+03   3.90e-04
  1.3170e+03   3.74e-04
  1.3711e+03   3.58e-04
  1.4273e+03   3.43e-04
  1.4859e+03   3.29e-04
  1.5469e+03   3.15e-04
  1.6104e+03   3.03e-04
  1.6766e+03   2.91e-04
  1.7454e+03   2.79e-04
  1.8170e+03   2.68e-04
  1.8916e+03   2.58e-04
  1.9693e+03   2.48e-04
  2.0501e+03   2.39e-04
  2.1343e+03   2.31e-04
  2.2219e+03   2.22e-04
  2.3131e+03   2.15e-04
  2.4081e+03   2.07e-04
  2.5070e+03   2.00e-04
  2.6099e+03   1.93e-04
  2.7170e+03   1.86e-04
  2.8286e+03   1.80e-04
  2.9447e+03   1.74e-04
  3.0656e+03   1.68e-04
  3.1914e+03   1.63e-04
  3.3225e+03   1.57e-04
  3.4589e+03   1.52e-04
  3.6008e+03   1.47e-04
  3.7487e+03   1.42e-04
  3.9026e+03   1.37e-04
  4.0628e+03   1.33e-04
  4.2296e+03   1.28e-04
  4.4032e+03   1.24e-04
  4.5840e+03   1.20e-04
  4.7722e+03   1.16e-04
  4.9681e+03   1.12e-04
  5.1720e+03   1.08e-04
  5.3844e+03   1.04e-04
  5.6054e+03   1.01e-04
  5.8355e+03   9.70e-05
  6.0751e+03   9.34e-05
  6.3245e+03   8.99e-05
  6.5841e+03   8.65e-05
  6.8544e+03   8.31e-05
  7.1358e+03   7.98e-05
  7.4288e+03   7.65e-05
  7.7338e+03   7.33e-05
  8.0513e+03   7.02e-05
  8.3818e+03   6.71e-05
  8.7259e+03   6.40e-05
  9.0841e+03   6.10e-05
  9.4571e+03   5.80e-05
  9.8453e+03   5.51e-05
  1.0249e+04   5.22e-05
  1.0670e+04   4.93e-05
  1.1108e+04   4.65e-05
  1.1564e+04   4.38e-05
  1.2039e+04   4.11e-05
  1.2533e+04   3.84e-05
  1.3048e+04   3.58e-05
  1.3584e+04   3.32e-05
  1.4141e+04   3.08e-05
  1.4722e+04   2.83e-05
  1.5326e+04   2.59e-05
  1.5955e+04   2.36e-05
  1.6610e+04   2.14e-05
  1.7292e+04   1.92e-05
  1.8002e+04   1.71e-05
  1.8741e+04   1.51e-05
  1.9511e+04   1.32e-05
  2.0312e+04   1.14e-05
  2.1145e+04   9.71e-06
  2.2013e+04   8.16e-06
  2.2917e+04   6.72e-06
  2.3858e+04   5.42e-06
  2.4837e+04   4.27e-06
  2.5857e+04   3.27e-06
  2.6919e+04   2.42e-06
  2.8024e+04   1.72e-06
  2.9174e+04   1.16e-06
  3.0372e+04   7.43e-07
  3.1619e+04   4.43e-07
  3.2917e+04   2.42e-07
  3.4268e+04   1.19e-07
  3.5675e+04   5.13e-08
  3.7140e+04   1.88e-08
  3.8664e+04   5.60e-09
  4.0252e+04   1.29e-09
  4.1904e+04   2.12e-10
  4.3624e+04   2.29e-11
  4.5415e+04   1.41e-12
  4.7280e+04   4.21e-14
  4.9221e+04   4.76e-16
  5.1241e+04   1.48e-18
  5.3345e+04   7.94e-22
  5.5535e+04   3.83e-26
  5.7815e+04   6.62e-32
  6.0188e+04   1.05e-39
  6.2659e+04   2.03e-46
  6.5232e+04   1.76e-46
  6.7910e+04   1.51e-46
  7.0698e+04   1.28e-46
  7.3600e+04   1.11e-46
  7.6621e+04   9.46e-47
  7.9767e+04   8.10e-47
  8.3042e+04   7.10e-47
  8.6451e+04   6.17e-47
  9.0000e+04   5.46e-47
