#  E [MeV]   Flux [# cm^{-2} s^{-1}  MeV^{-1}]
  3.0000e+04   3.40e-26
  3.1141e+04   3.27e-26
  3.2326e+04   3.15e-26
  3.3556e+04   3.03e-26
  3.4832e+04   2.91e-26
  3.6157e+04   2.80e-26
  3.7533e+04   2.69e-26
  3.8961e+04   2.58e-26
  4.0443e+04   2.48e-26
  4.1982e+04   2.38e-26
  4.3579e+04   2.29e-26
  4.5237e+04   2.20e-26
  4.6958e+04   2.11e-26
  4.8744e+04   2.02e-26
  5.0598e+04   1.94e-26
  5.2523e+04   1.86e-26
  5.4521e+04   1.78e-26
  5.6596e+04   1.71e-26
  5.8749e+04   1.64e-26
  6.0984e+04   1.57e-26
  6.3304e+04   1.50e-26
  6.5712e+04   1.44e-26
  6.8212e+04   1.38e-26
  7.0807e+04   1.32e-26
  7.3500e+04   1.26e-26
  7.6297e+04   1.21e-26
  7.9199e+04   1.16e-26
  8.2212e+04   1.11e-26
  8.5340e+04   1.06e-26
  8.8586e+04   1.01e-26
  9.1956e+04   9.64e-27
  9.5455e+04   9.21e-27
  9.9086e+04   8.80e-27
  1.0286e+05   8.40e-27
  1.0677e+05   8.01e-27
  1.1083e+05   7.64e-27
  1.1505e+05   7.29e-27
  1.1942e+05   6.95e-27
  1.2397e+05   6.63e-27
  1.2868e+05   6.31e-27
  1.3358e+05   6.01e-27
  1.3866e+05   5.73e-27
  1.4394e+05   5.45e-27
  1.4941e+05   5.19e-27
  1.5509e+05   4.94e-27
  1.6100e+05   4.69e-27
  1.6712e+05   4.46e-27
  1.7348e+05   4.24e-27
  1.8008e+05   4.03e-27
  1.8693e+05   3.83e-27
  1.9404e+05   3.63e-27
  2.0142e+05   3.45e-27
  2.0908e+05   3.27e-27
  2.1704e+05   3.10e-27
  2.2529e+05   2.94e-27
  2.3387e+05   2.79e-27
  2.4276e+05   2.64e-27
  2.5200e+05   2.50e-27
  2.6158e+05   2.37e-27
  2.7154e+05   2.24e-27
  2.8187e+05   2.12e-27
  2.9259e+05   2.00e-27
  3.0372e+05   1.89e-27
  3.1527e+05   1.78e-27
  3.2727e+05   1.68e-27
  3.3972e+05   1.59e-27
  3.5264e+05   1.50e-27
  3.6606e+05   1.41e-27
  3.7998e+05   1.33e-27
  3.9444e+05   1.25e-27
  4.0945e+05   1.18e-27
  4.2502e+05   1.11e-27
  4.4119e+05   1.05e-27
  4.5798e+05   9.84e-28
  4.7540e+05   9.25e-28
  4.9348e+05   8.69e-28
  5.1226e+05   8.16e-28
  5.3175e+05   7.66e-28
  5.5198e+05   7.19e-28
  5.7297e+05   6.75e-28
  5.9477e+05   6.33e-28
  6.1740e+05   5.94e-28
  6.4089e+05   5.57e-28
  6.6527e+05   5.22e-28
  6.9058e+05   4.89e-28
  7.1685e+05   4.58e-28
  7.4412e+05   4.29e-28
  7.7243e+05   4.02e-28
  8.0181e+05   3.76e-28
  8.3232e+05   3.52e-28
  8.6398e+05   3.30e-28
  8.9685e+05   3.09e-28
  9.3097e+05   2.89e-28
  9.6638e+05   2.71e-28
  1.0031e+06   2.54e-28
  1.0413e+06   2.38e-28
  1.0809e+06   2.23e-28
  1.1220e+06   2.09e-28
  1.1647e+06   1.95e-28
  1.2090e+06   1.83e-28
  1.2550e+06   1.72e-28
  1.3028e+06   1.61e-28
  1.3523e+06   1.51e-28
  1.4038e+06   1.41e-28
  1.4572e+06   1.33e-28
  1.5126e+06   1.24e-28
  1.5702e+06   1.17e-28
  1.6299e+06   1.10e-28
  1.6919e+06   1.03e-28
  1.7563e+06   9.67e-29
  1.8231e+06   9.09e-29
  1.8925e+06   8.54e-29
  1.9645e+06   8.03e-29
  2.0392e+06   7.55e-29
  2.1168e+06   7.10e-29
  2.1973e+06   6.68e-29
  2.2809e+06   6.29e-29
  2.3677e+06   5.92e-29
  2.4577e+06   5.57e-29
  2.5512e+06   5.25e-29
  2.6483e+06   4.95e-29
  2.7490e+06   4.66e-29
  2.8536e+06   4.39e-29
  2.9622e+06   4.14e-29
  3.0749e+06   3.90e-29
  3.1918e+06   3.68e-29
  3.3133e+06   3.47e-29
  3.4393e+06   3.27e-29
  3.5702e+06   3.09e-29
  3.7060e+06   2.91e-29
  3.8470e+06   2.75e-29
  3.9933e+06   2.59e-29
  4.1452e+06   2.45e-29
  4.3029e+06   2.31e-29
  4.4666e+06   2.18e-29
  4.6366e+06   2.05e-29
  4.8129e+06   1.93e-29
  4.9960e+06   1.82e-29
  5.1861e+06   1.72e-29
  5.3834e+06   1.62e-29
  5.5882e+06   1.52e-29
  5.8008e+06   1.43e-29
  6.0215e+06   1.35e-29
  6.2506e+06   1.27e-29
  6.4883e+06   1.19e-29
  6.7352e+06   1.12e-29
  6.9914e+06   1.05e-29
  7.2574e+06   9.82e-30
  7.5335e+06   9.19e-30
  7.8201e+06   8.58e-30
  8.1176e+06   8.01e-30
  8.4264e+06   7.46e-30
  8.7470e+06   6.93e-30
  9.0797e+06   6.43e-30
  9.4251e+06   5.95e-30
  9.7837e+06   5.49e-30
  1.0156e+07   5.06e-30
  1.0542e+07   4.65e-30
  1.0943e+07   4.25e-30
  1.1360e+07   3.88e-30
  1.1792e+07   3.52e-30
  1.2240e+07   3.18e-30
  1.2706e+07   2.86e-30
  1.3189e+07   2.55e-30
  1.3691e+07   2.27e-30
  1.4212e+07   2.00e-30
  1.4753e+07   1.75e-30
  1.5314e+07   1.51e-30
  1.5897e+07   1.30e-30
  1.6501e+07   1.10e-30
  1.7129e+07   9.24e-31
  1.7781e+07   7.63e-31
  1.8457e+07   6.19e-31
  1.9159e+07   4.93e-31
  1.9888e+07   3.85e-31
  2.0645e+07   2.93e-31
  2.1430e+07   2.17e-31
  2.2245e+07   1.55e-31
  2.3092e+07   1.07e-31
  2.3970e+07   7.06e-32
  2.4882e+07   4.42e-32
  2.5829e+07   2.61e-32
  2.6811e+07   1.43e-32
  2.7831e+07   7.24e-33
  2.8890e+07   3.31e-33
  2.9989e+07   1.34e-33
  3.1130e+07   4.72e-34
  3.2314e+07   1.39e-34
  3.3544e+07   3.33e-35
  3.4820e+07   6.16e-36
  3.6144e+07   8.30e-37
  3.7519e+07   7.57e-38
  3.8947e+07   4.25e-39
  4.0428e+07   1.30e-40
  4.1966e+07   1.83e-42
  4.3563e+07   9.77e-45
  4.5220e+07   1.49e-47
  4.6941e+07   4.50e-51
  4.8726e+07   1.66e-55
  5.0580e+07   3.86e-61
