#  E [MeV]   Flux [# cm^{-2} s^{-1}  MeV^{-1}]
  3.0000e+04   2.64e-25
  3.1232e+04   2.53e-25
  3.2514e+04   2.42e-25
  3.3849e+04   2.31e-25
  3.5238e+04   2.21e-25
  3.6685e+04   2.11e-25
  3.8191e+04   2.02e-25
  3.9759e+04   1.93e-25
  4.1391e+04   1.84e-25
  4.3090e+04   1.76e-25
  4.4859e+04   1.68e-25
  4.6701e+04   1.60e-25
  4.8618e+04   1.53e-25
  5.0614e+04   1.46e-25
  5.2692e+04   1.40e-25
  5.4855e+04   1.33e-25
  5.7107e+04   1.27e-25
  5.9451e+04   1.22e-25
  6.1892e+04   1.16e-25
  6.4433e+04   1.11e-25
  6.7078e+04   1.06e-25
  6.9832e+04   1.01e-25
  7.2699e+04   9.62e-26
  7.5683e+04   9.18e-26
  7.8790e+04   8.75e-26
  8.2025e+04   8.35e-26
  8.5392e+04   7.96e-26
  8.8898e+04   7.59e-26
  9.2547e+04   7.24e-26
  9.6347e+04   6.90e-26
  1.0030e+05   6.58e-26
  1.0442e+05   6.27e-26
  1.0871e+05   5.97e-26
  1.1317e+05   5.69e-26
  1.1782e+05   5.42e-26
  1.2265e+05   5.17e-26
  1.2769e+05   4.92e-26
  1.3293e+05   4.68e-26
  1.3839e+05   4.46e-26
  1.4407e+05   4.24e-26
  1.4998e+05   4.04e-26
  1.5614e+05   3.84e-26
  1.6255e+05   3.65e-26
  1.6922e+05   3.47e-26
  1.7617e+05   3.30e-26
  1.8340e+05   3.13e-26
  1.9093e+05   2.98e-26
  1.9877e+05   2.83e-26
  2.0693e+05   2.68e-26
  2.1543e+05   2.55e-26
  2.2427e+05   2.42e-26
  2.3348e+05   2.29e-26
  2.4306e+05   2.17e-26
  2.5304e+05   2.06e-26
  2.6343e+05   1.95e-26
  2.7424e+05   1.85e-26
  2.8550e+05   1.75e-26
  2.9722e+05   1.65e-26
  3.0942e+05   1.56e-26
  3.2213e+05   1.48e-26
  3.3535e+05   1.40e-26
  3.4912e+05   1.32e-26
  3.6345e+05   1.24e-26
  3.7837e+05   1.17e-26
  3.9390e+05   1.11e-26
  4.1008e+05   1.04e-26
  4.2691e+05   9.80e-27
  4.4444e+05   9.23e-27
  4.6268e+05   8.68e-27
  4.8168e+05   8.16e-27
  5.0145e+05   7.66e-27
  5.2204e+05   7.20e-27
  5.4347e+05   6.75e-27
  5.6578e+05   6.33e-27
  5.8901e+05   5.93e-27
  6.1319e+05   5.56e-27
  6.3836e+05   5.20e-27
  6.6457e+05   4.86e-27
  6.9185e+05   4.55e-27
  7.2025e+05   4.25e-27
  7.4982e+05   3.97e-27
  7.8061e+05   3.71e-27
  8.1265e+05   3.46e-27
  8.4601e+05   3.23e-27
  8.8075e+05   3.01e-27
  9.1690e+05   2.81e-27
  9.5455e+05   2.61e-27
  9.9373e+05   2.44e-27
  1.0345e+06   2.27e-27
  1.0770e+06   2.11e-27
  1.1212e+06   1.96e-27
  1.1672e+06   1.83e-27
  1.2152e+06   1.70e-27
  1.2650e+06   1.58e-27
  1.3170e+06   1.47e-27
  1.3711e+06   1.36e-27
  1.4273e+06   1.27e-27
  1.4859e+06   1.17e-27
  1.5469e+06   1.09e-27
  1.6104e+06   1.01e-27
  1.6766e+06   9.38e-28
  1.7454e+06   8.70e-28
  1.8170e+06   8.07e-28
  1.8916e+06   7.47e-28
  1.9693e+06   6.92e-28
  2.0501e+06   6.41e-28
  2.1343e+06   5.93e-28
  2.2219e+06   5.48e-28
  2.3131e+06   5.07e-28
  2.4081e+06   4.68e-28
  2.5070e+06   4.32e-28
  2.6099e+06   3.98e-28
  2.7170e+06   3.67e-28
  2.8286e+06   3.38e-28
  2.9447e+06   3.11e-28
  3.0656e+06   2.86e-28
  3.1914e+06   2.63e-28
  3.3225e+06   2.42e-28
  3.4589e+06   2.22e-28
  3.6008e+06   2.03e-28
  3.7487e+06   1.86e-28
  3.9026e+06   1.70e-28
  4.0628e+06   1.56e-28
  4.2296e+06   1.42e-28
  4.4032e+06   1.30e-28
  4.5840e+06   1.18e-28
  4.7722e+06   1.07e-28
  4.9681e+06   9.74e-29
  5.1720e+06   8.84e-29
  5.3844e+06   8.00e-29
  5.6054e+06   7.23e-29
  5.8355e+06   6.54e-29
  6.0751e+06   5.88e-29
  6.3245e+06   5.29e-29
  6.5841e+06   4.76e-29
  6.8544e+06   4.26e-29
  7.1358e+06   3.81e-29
  7.4288e+06   3.40e-29
  7.7338e+06   3.02e-29
  8.0513e+06   2.69e-29
  8.3818e+06   2.38e-29
  8.7259e+06   2.10e-29
  9.0841e+06   1.85e-29
  9.4571e+06   1.62e-29
  9.8453e+06   1.42e-29
  1.0249e+07   1.24e-29
  1.0670e+07   1.07e-29
  1.1108e+07   9.23e-30
  1.1564e+07   7.94e-30
  1.2039e+07   6.78e-30
  1.2533e+07   5.75e-30
  1.3048e+07   4.87e-30
  1.3584e+07   4.07e-30
  1.4141e+07   3.38e-30
  1.4722e+07   2.79e-30
  1.5326e+07   2.27e-30
  1.5955e+07   1.84e-30
  1.6610e+07   1.46e-30
  1.7292e+07   1.15e-30
  1.8002e+07   8.89e-31
  1.8741e+07   6.75e-31
  1.9511e+07   4.99e-31
  2.0312e+07   3.64e-31
  2.1145e+07   2.57e-31
  2.2013e+07   1.74e-31
  2.2917e+07   1.15e-31
  2.3858e+07   7.23e-32
  2.4837e+07   4.30e-32
  2.5857e+07   2.41e-32
  2.6919e+07   1.25e-32
  2.8024e+07   5.92e-33
  2.9174e+07   2.53e-33
  3.0372e+07   9.40e-34
  3.1619e+07   2.98e-34
  3.2917e+07   7.75e-35
  3.4268e+07   1.57e-35
  3.5675e+07   2.35e-36
  3.7140e+07   2.39e-37
  3.8664e+07   1.49e-38
  4.0252e+07   5.01e-40
  4.1904e+07   7.57e-42
  4.3624e+07   4.04e-44
  4.5415e+07   5.63e-47
  4.7280e+07   1.31e-50
  4.9221e+07   2.82e-55
  5.1241e+07   2.49e-61
  5.3345e+07   2.79e-69
  5.5535e+07   5.52e-71
  5.7815e+07   5.52e-71
  6.0188e+07   5.52e-71
  6.2659e+07   5.60e-71
  6.5232e+07   5.82e-71
  6.7910e+07   6.02e-71
  7.0698e+07   6.53e-71
  7.3600e+07   7.33e-71
  7.6621e+07   8.05e-71
  7.9767e+07   1.06e-70
  8.3042e+07   1.40e-70
  8.6451e+07   1.72e-70
  9.0000e+07   2.39e-70
