#  E [MeV]   Flux [# cm^{-2} s^{-1}  MeV^{-1}]
  3.0000e+04   8.49e-20
  3.0854e+04   8.17e-20
  3.1733e+04   7.86e-20
  3.2636e+04   7.56e-20
  3.3566e+04   7.28e-20
  3.4521e+04   7.00e-20
  3.5504e+04   6.73e-20
  3.6515e+04   6.47e-20
  3.7555e+04   6.22e-20
  3.8625e+04   5.98e-20
  3.9724e+04   5.74e-20
  4.0855e+04   5.52e-20
  4.2019e+04   5.30e-20
  4.3215e+04   5.09e-20
  4.4446e+04   4.89e-20
  4.5711e+04   4.69e-20
  4.7013e+04   4.50e-20
  4.8352e+04   4.32e-20
  4.9728e+04   4.14e-20
  5.1144e+04   3.97e-20
  5.2601e+04   3.81e-20
  5.4099e+04   3.65e-20
  5.5639e+04   3.50e-20
  5.7223e+04   3.35e-20
  5.8853e+04   3.21e-20
  6.0528e+04   3.07e-20
  6.2252e+04   2.94e-20
  6.4025e+04   2.82e-20
  6.5848e+04   2.69e-20
  6.7723e+04   2.58e-20
  6.9651e+04   2.46e-20
  7.1634e+04   2.36e-20
  7.3674e+04   2.25e-20
  7.5772e+04   2.15e-20
  7.7929e+04   2.05e-20
  8.0148e+04   1.96e-20
  8.2431e+04   1.87e-20
  8.4778e+04   1.79e-20
  8.7192e+04   1.71e-20
  8.9674e+04   1.63e-20
  9.2228e+04   1.55e-20
  9.4854e+04   1.48e-20
  9.7555e+04   1.41e-20
  1.0033e+05   1.35e-20
  1.0319e+05   1.28e-20
  1.0613e+05   1.22e-20
  1.0915e+05   1.16e-20
  1.1226e+05   1.11e-20
  1.1545e+05   1.05e-20
  1.1874e+05   1.00e-20
  1.2212e+05   9.54e-21
  1.2560e+05   9.07e-21
  1.2918e+05   8.62e-21
  1.3286e+05   8.19e-21
  1.3664e+05   7.78e-21
  1.4053e+05   7.39e-21
  1.4453e+05   7.02e-21
  1.4865e+05   6.66e-21
  1.5288e+05   6.31e-21
  1.5723e+05   5.99e-21
  1.6171e+05   5.68e-21
  1.6631e+05   5.38e-21
  1.7105e+05   5.09e-21
  1.7592e+05   4.82e-21
  1.8093e+05   4.56e-21
  1.8608e+05   4.31e-21
  1.9138e+05   4.07e-21
  1.9683e+05   3.85e-21
  2.0243e+05   3.63e-21
  2.0820e+05   3.43e-21
  2.1413e+05   3.23e-21
  2.2022e+05   3.05e-21
  2.2649e+05   2.87e-21
  2.3294e+05   2.70e-21
  2.3958e+05   2.54e-21
  2.4640e+05   2.39e-21
  2.5341e+05   2.25e-21
  2.6063e+05   2.11e-21
  2.6805e+05   1.98e-21
  2.7568e+05   1.86e-21
  2.8353e+05   1.74e-21
  2.9161e+05   1.63e-21
  2.9991e+05   1.53e-21
  3.0845e+05   1.43e-21
  3.1723e+05   1.34e-21
  3.2627e+05   1.25e-21
  3.3556e+05   1.16e-21
  3.4511e+05   1.09e-21
  3.5494e+05   1.01e-21
  3.6504e+05   9.45e-22
  3.7544e+05   8.79e-22
  3.8613e+05   8.17e-22
  3.9712e+05   7.60e-22
  4.0843e+05   7.06e-22
  4.2006e+05   6.54e-22
  4.3202e+05   6.06e-22
  4.4432e+05   5.62e-22
  4.5698e+05   5.20e-22
  4.6999e+05   4.80e-22
  4.8337e+05   4.43e-22
  4.9713e+05   4.10e-22
  5.1129e+05   3.78e-22
  5.2585e+05   3.48e-22
  5.4082e+05   3.20e-22
  5.5622e+05   2.95e-22
  5.7206e+05   2.72e-22
  5.8835e+05   2.49e-22
  6.0510e+05   2.28e-22
  6.2233e+05   2.10e-22
  6.4005e+05   1.93e-22
  6.5828e+05   1.76e-22
  6.7702e+05   1.61e-22
  6.9630e+05   1.47e-22
  7.1613e+05   1.35e-22
  7.3652e+05   1.23e-22
  7.5749e+05   1.12e-22
  7.7906e+05   1.02e-22
  8.0124e+05   9.34e-23
  8.2406e+05   8.50e-23
  8.4752e+05   7.70e-23
  8.7165e+05   7.01e-23
  8.9647e+05   6.38e-23
  9.2200e+05   5.79e-23
  9.4825e+05   5.24e-23
  9.7526e+05   4.75e-23
  1.0030e+06   4.32e-23
  1.0316e+06   3.91e-23
  1.0610e+06   3.53e-23
  1.0912e+06   3.19e-23
  1.1222e+06   2.89e-23
  1.1542e+06   2.61e-23
  1.1871e+06   2.35e-23
  1.2209e+06   2.12e-23
  1.2556e+06   1.92e-23
  1.2914e+06   1.73e-23
  1.3281e+06   1.56e-23
  1.3660e+06   1.40e-23
  1.4049e+06   1.26e-23
  1.4449e+06   1.14e-23
  1.4860e+06   1.02e-23
  1.5283e+06   9.14e-24
  1.5718e+06   8.26e-24
  1.6166e+06   7.43e-24
  1.6626e+06   6.64e-24
  1.7100e+06   5.91e-24
  1.7587e+06   5.34e-24
  1.8087e+06   4.80e-24
  1.8602e+06   4.29e-24
  1.9132e+06   3.81e-24
  1.9677e+06   3.44e-24
  2.0237e+06   3.09e-24
  2.0813e+06   2.76e-24
  2.1406e+06   2.44e-24
  2.2016e+06   2.20e-24
  2.2642e+06   1.98e-24
  2.3287e+06   1.77e-24
  2.3950e+06   1.57e-24
  2.4632e+06   1.41e-24
  2.5334e+06   1.27e-24
  2.6055e+06   1.13e-24
  2.6797e+06   1.00e-24
  2.7560e+06   9.02e-25
  2.8345e+06   8.13e-25
  2.9152e+06   7.29e-25
  2.9982e+06   6.49e-25
  3.0836e+06   5.83e-25
  3.1714e+06   5.28e-25
  3.2617e+06   4.76e-25
  3.3545e+06   4.26e-25
  3.4501e+06   3.84e-25
  3.5483e+06   3.50e-25
  3.6493e+06   3.18e-25
  3.7532e+06   2.87e-25
  3.8601e+06   2.60e-25
  3.9700e+06   2.38e-25
  4.0831e+06   2.17e-25
  4.1993e+06   1.97e-25
  4.3189e+06   1.79e-25
  4.4419e+06   1.65e-25
  4.5684e+06   1.51e-25
  4.6985e+06   1.38e-25
  4.8322e+06   1.26e-25
  4.9698e+06   1.16e-25
  5.1114e+06   1.07e-25
  5.2569e+06   9.78e-26
  5.4066e+06   8.95e-26
  5.5605e+06   8.24e-26
  5.7189e+06   7.57e-26
  5.8817e+06   6.94e-26
  6.0492e+06   6.34e-26
  6.2214e+06   5.81e-26
  6.3986e+06   5.31e-26
  6.5808e+06   4.84e-26
  6.7682e+06   4.40e-26
  6.9609e+06   3.98e-26
  7.1591e+06   3.59e-26
  7.3630e+06   3.22e-26
  7.5726e+06   2.87e-26
  7.7882e+06   2.60e-26
  8.0100e+06   2.36e-26
