#  E [MeV]   Flux [# cm^{-2} s^{-1}  MeV^{-1}]
  3.0000e+04   1.48e-19
  3.0765e+04   1.43e-19
  3.1549e+04   1.39e-19
  3.2354e+04   1.34e-19
  3.3179e+04   1.30e-19
  3.4025e+04   1.25e-19
  3.4892e+04   1.21e-19
  3.5782e+04   1.17e-19
  3.6695e+04   1.13e-19
  3.7630e+04   1.09e-19
  3.8590e+04   1.06e-19
  3.9574e+04   1.02e-19
  4.0583e+04   9.84e-20
  4.1618e+04   9.50e-20
  4.2679e+04   9.17e-20
  4.3767e+04   8.85e-20
  4.4883e+04   8.53e-20
  4.6028e+04   8.23e-20
  4.7201e+04   7.94e-20
  4.8405e+04   7.65e-20
  4.9639e+04   7.37e-20
  5.0905e+04   7.11e-20
  5.2203e+04   6.85e-20
  5.3534e+04   6.60e-20
  5.4899e+04   6.35e-20
  5.6299e+04   6.12e-20
  5.7734e+04   5.89e-20
  5.9207e+04   5.66e-20
  6.0716e+04   5.45e-20
  6.2264e+04   5.24e-20
  6.3852e+04   5.04e-20
  6.5480e+04   4.85e-20
  6.7150e+04   4.66e-20
  6.8862e+04   4.48e-20
  7.0618e+04   4.31e-20
  7.2419e+04   4.14e-20
  7.4265e+04   3.97e-20
  7.6159e+04   3.82e-20
  7.8101e+04   3.67e-20
  8.0092e+04   3.52e-20
  8.2135e+04   3.38e-20
  8.4229e+04   3.24e-20
  8.6377e+04   3.11e-20
  8.8579e+04   2.98e-20
  9.0838e+04   2.86e-20
  9.3154e+04   2.74e-20
  9.5529e+04   2.63e-20
  9.7965e+04   2.52e-20
  1.0046e+05   2.41e-20
  1.0303e+05   2.31e-20
  1.0565e+05   2.21e-20
  1.0835e+05   2.12e-20
  1.1111e+05   2.03e-20
  1.1394e+05   1.94e-20
  1.1685e+05   1.85e-20
  1.1983e+05   1.77e-20
  1.2288e+05   1.69e-20
  1.2602e+05   1.62e-20
  1.2923e+05   1.55e-20
  1.3252e+05   1.48e-20
  1.3590e+05   1.41e-20
  1.3937e+05   1.35e-20
  1.4292e+05   1.28e-20
  1.4657e+05   1.22e-20
  1.5030e+05   1.17e-20
  1.5414e+05   1.11e-20
  1.5807e+05   1.06e-20
  1.6210e+05   1.01e-20
  1.6623e+05   9.62e-21
  1.7047e+05   9.16e-21
  1.7482e+05   8.72e-21
  1.7927e+05   8.30e-21
  1.8384e+05   7.89e-21
  1.8853e+05   7.50e-21
  1.9334e+05   7.13e-21
  1.9827e+05   6.77e-21
  2.0333e+05   6.43e-21
  2.0851e+05   6.11e-21
  2.1383e+05   5.79e-21
  2.1928e+05   5.49e-21
  2.2487e+05   5.21e-21
  2.3060e+05   4.94e-21
  2.3648e+05   4.67e-21
  2.4251e+05   4.42e-21
  2.4870e+05   4.19e-21
  2.5504e+05   3.96e-21
  2.6154e+05   3.75e-21
  2.6821e+05   3.54e-21
  2.7505e+05   3.34e-21
  2.8206e+05   3.16e-21
  2.8926e+05   2.98e-21
  2.9663e+05   2.81e-21
  3.0420e+05   2.65e-21
  3.1195e+05   2.50e-21
  3.1991e+05   2.35e-21
  3.2806e+05   2.22e-21
  3.3643e+05   2.08e-21
  3.4501e+05   1.96e-21
  3.5381e+05   1.84e-21
  3.6283e+05   1.73e-21
  3.7208e+05   1.63e-21
  3.8157e+05   1.52e-21
  3.9130e+05   1.43e-21
  4.0127e+05   1.34e-21
  4.1150e+05   1.26e-21
  4.2200e+05   1.18e-21
  4.3276e+05   1.10e-21
  4.4379e+05   1.03e-21
  4.5511e+05   9.63e-22
  4.6671e+05   8.98e-22
  4.7861e+05   8.37e-22
  4.9082e+05   7.82e-22
  5.0333e+05   7.30e-22
  5.1617e+05   6.80e-22
  5.2933e+05   6.32e-22
  5.4283e+05   5.88e-22
  5.5667e+05   5.48e-22
  5.7086e+05   5.10e-22
  5.8542e+05   4.73e-22
  6.0035e+05   4.39e-22
  6.1565e+05   4.08e-22
  6.3135e+05   3.79e-22
  6.4745e+05   3.51e-22
  6.6396e+05   3.25e-22
  6.8089e+05   3.01e-22
  6.9825e+05   2.79e-22
  7.1606e+05   2.58e-22
  7.3432e+05   2.39e-22
  7.5304e+05   2.20e-22
  7.7224e+05   2.04e-22
  7.9193e+05   1.88e-22
  8.1213e+05   1.74e-22
  8.3283e+05   1.60e-22
  8.5407e+05   1.47e-22
  8.7585e+05   1.36e-22
  8.9818e+05   1.26e-22
  9.2108e+05   1.16e-22
  9.4457e+05   1.06e-22
  9.6866e+05   9.77e-23
  9.9336e+05   9.01e-23
  1.0187e+06   8.29e-23
  1.0447e+06   7.61e-23
  1.0713e+06   6.97e-23
  1.0986e+06   6.43e-23
  1.1266e+06   5.92e-23
  1.1554e+06   5.44e-23
  1.1848e+06   4.98e-23
  1.2150e+06   4.58e-23
  1.2460e+06   4.22e-23
  1.2778e+06   3.88e-23
  1.3104e+06   3.56e-23
  1.3438e+06   3.26e-23
  1.3780e+06   3.01e-23
  1.4132e+06   2.77e-23
  1.4492e+06   2.55e-23
  1.4862e+06   2.34e-23
  1.5241e+06   2.15e-23
  1.5629e+06   1.99e-23
  1.6028e+06   1.83e-23
  1.6436e+06   1.69e-23
  1.6856e+06   1.55e-23
  1.7285e+06   1.44e-23
  1.7726e+06   1.33e-23
  1.8178e+06   1.24e-23
  1.8642e+06   1.15e-23
  1.9117e+06   1.06e-23
  1.9604e+06   9.93e-24
  2.0104e+06   9.29e-24
  2.0617e+06   8.69e-24
  2.1143e+06   8.11e-24
  2.1682e+06   7.62e-24
  2.2235e+06   7.21e-24
  2.2802e+06   6.82e-24
  2.3383e+06   6.45e-24
  2.3979e+06   6.09e-24
  2.4591e+06   5.83e-24
  2.5218e+06   5.59e-24
  2.5861e+06   5.35e-24
  2.6520e+06   5.12e-24
  2.7196e+06   4.95e-24
  2.7890e+06   4.84e-24
  2.8601e+06   4.73e-24
  2.9330e+06   4.62e-24
  3.0078e+06   4.52e-24
  3.0845e+06   4.52e-24
  3.1632e+06   4.53e-24
  3.2438e+06   4.53e-24
  3.3265e+06   4.53e-24
  3.4113e+06   4.59e-24
  3.4983e+06   4.81e-24
  3.5875e+06   5.00e-24
  3.6790e+06   5.18e-24
  3.7728e+06   5.34e-24
  3.8690e+06   5.80e-24
  3.9677e+06   6.32e-24
  4.0689e+06   6.81e-24
  4.1726e+06   7.25e-24
  4.2790e+06   7.36e-24
  4.3881e+06   5.91e-24
  4.5000e+06   4.54e-24
