#  E [GeV]   # per interaction  [GeV^{-1}]
  3.0000e+01   2.65e-02
  3.1123e+01   2.55e-02
  3.2288e+01   2.45e-02
  3.3497e+01   2.36e-02
  3.4751e+01   2.27e-02
  3.6051e+01   2.18e-02
  3.7401e+01   2.10e-02
  3.8801e+01   2.01e-02
  4.0253e+01   1.93e-02
  4.1760e+01   1.86e-02
  4.3324e+01   1.78e-02
  4.4945e+01   1.71e-02
  4.6628e+01   1.64e-02
  4.8373e+01   1.58e-02
  5.0184e+01   1.51e-02
  5.2063e+01   1.45e-02
  5.4011e+01   1.39e-02
  5.6033e+01   1.33e-02
  5.8131e+01   1.28e-02
  6.0307e+01   1.23e-02
  6.2564e+01   1.17e-02
  6.4906e+01   1.12e-02
  6.7336e+01   1.08e-02
  6.9857e+01   1.03e-02
  7.2472e+01   9.86e-03
  7.5184e+01   9.43e-03
  7.7999e+01   9.02e-03
  8.0919e+01   8.63e-03
  8.3948e+01   8.25e-03
  8.7090e+01   7.88e-03
  9.0350e+01   7.53e-03
  9.3732e+01   7.19e-03
  9.7241e+01   6.87e-03
  1.0088e+02   6.55e-03
  1.0466e+02   6.26e-03
  1.0858e+02   5.97e-03
  1.1264e+02   5.69e-03
  1.1686e+02   5.43e-03
  1.2123e+02   5.17e-03
  1.2577e+02   4.93e-03
  1.3048e+02   4.70e-03
  1.3536e+02   4.47e-03
  1.4043e+02   4.26e-03
  1.4568e+02   4.05e-03
  1.5114e+02   3.86e-03
  1.5680e+02   3.67e-03
  1.6266e+02   3.49e-03
  1.6875e+02   3.31e-03
  1.7507e+02   3.15e-03
  1.8162e+02   2.99e-03
  1.8842e+02   2.84e-03
  1.9548e+02   2.70e-03
  2.0279e+02   2.56e-03
  2.1039e+02   2.42e-03
  2.1826e+02   2.30e-03
  2.2643e+02   2.18e-03
  2.3491e+02   2.06e-03
  2.4370e+02   1.95e-03
  2.5282e+02   1.85e-03
  2.6229e+02   1.75e-03
  2.7211e+02   1.65e-03
  2.8229e+02   1.56e-03
  2.9286e+02   1.48e-03
  3.0382e+02   1.39e-03
  3.1519e+02   1.32e-03
  3.2699e+02   1.24e-03
  3.3923e+02   1.17e-03
  3.5193e+02   1.11e-03
  3.6511e+02   1.04e-03
  3.7877e+02   9.81e-04
  3.9295e+02   9.23e-04
  4.0766e+02   8.69e-04
  4.2292e+02   8.17e-04
  4.3875e+02   7.68e-04
  4.5518e+02   7.22e-04
  4.7222e+02   6.78e-04
  4.8989e+02   6.37e-04
  5.0823e+02   5.98e-04
  5.2726e+02   5.61e-04
  5.4699e+02   5.26e-04
  5.6747e+02   4.94e-04
  5.8871e+02   4.63e-04
  6.1075e+02   4.34e-04
  6.3361e+02   4.06e-04
  6.5733e+02   3.81e-04
  6.8194e+02   3.56e-04
  7.0746e+02   3.34e-04
  7.3395e+02   3.12e-04
  7.6142e+02   2.92e-04
  7.8992e+02   2.74e-04
  8.1949e+02   2.56e-04
  8.5017e+02   2.40e-04
  8.8199e+02   2.24e-04
  9.1501e+02   2.10e-04
  9.4926e+02   1.97e-04
  9.8479e+02   1.84e-04
  1.0217e+03   1.72e-04
  1.0599e+03   1.61e-04
  1.0996e+03   1.51e-04
  1.1407e+03   1.42e-04
  1.1834e+03   1.33e-04
  1.2277e+03   1.24e-04
  1.2737e+03   1.17e-04
  1.3214e+03   1.09e-04
  1.3708e+03   1.03e-04
  1.4222e+03   9.62e-05
  1.4754e+03   9.03e-05
  1.5306e+03   8.48e-05
  1.5879e+03   7.97e-05
  1.6474e+03   7.48e-05
  1.7090e+03   7.03e-05
  1.7730e+03   6.61e-05
  1.8394e+03   6.22e-05
  1.9082e+03   5.85e-05
  1.9797e+03   5.50e-05
  2.0538e+03   5.18e-05
  2.1306e+03   4.88e-05
  2.2104e+03   4.59e-05
  2.2931e+03   4.33e-05
  2.3790e+03   4.08e-05
  2.4680e+03   3.84e-05
  2.5604e+03   3.63e-05
  2.6563e+03   3.42e-05
  2.7557e+03   3.23e-05
  2.8589e+03   3.04e-05
  2.9659e+03   2.87e-05
  3.0769e+03   2.71e-05
  3.1921e+03   2.56e-05
  3.3116e+03   2.42e-05
  3.4355e+03   2.28e-05
  3.5641e+03   2.16e-05
  3.6976e+03   2.04e-05
  3.8360e+03   1.92e-05
  3.9796e+03   1.81e-05
  4.1285e+03   1.71e-05
  4.2831e+03   1.62e-05
  4.4434e+03   1.53e-05
  4.6097e+03   1.44e-05
  4.7823e+03   1.36e-05
  4.9613e+03   1.28e-05
  5.1470e+03   1.21e-05
  5.3397e+03   1.14e-05
  5.5396e+03   1.07e-05
  5.7470e+03   1.01e-05
  5.9621e+03   9.46e-06
  6.1853e+03   8.88e-06
  6.4168e+03   8.34e-06
  6.6570e+03   7.82e-06
  6.9062e+03   7.32e-06
  7.1647e+03   6.84e-06
  7.4329e+03   6.39e-06
  7.7112e+03   5.96e-06
  7.9998e+03   5.54e-06
  8.2993e+03   5.14e-06
  8.6100e+03   4.76e-06
  8.9323e+03   4.40e-06
  9.2666e+03   4.06e-06
  9.6135e+03   3.73e-06
  9.9734e+03   3.42e-06
  1.0347e+04   3.12e-06
  1.0734e+04   2.84e-06
  1.1136e+04   2.57e-06
  1.1553e+04   2.32e-06
  1.1985e+04   2.08e-06
  1.2434e+04   1.85e-06
  1.2899e+04   1.64e-06
  1.3382e+04   1.44e-06
  1.3883e+04   1.26e-06
  1.4403e+04   1.09e-06
  1.4942e+04   9.33e-07
  1.5501e+04   7.90e-07
  1.6081e+04   6.61e-07
  1.6683e+04   5.45e-07
  1.7308e+04   4.43e-07
  1.7956e+04   3.53e-07
  1.8628e+04   2.76e-07
  1.9325e+04   2.11e-07
  2.0049e+04   1.57e-07
  2.0799e+04   1.13e-07
  2.1578e+04   7.91e-08
  2.2386e+04   5.30e-08
  2.3224e+04   3.40e-08
  2.4093e+04   2.06e-08
  2.4995e+04   1.18e-08
  2.5930e+04   6.24e-09
  2.6901e+04   3.04e-09
  2.7908e+04   1.34e-09
  2.8953e+04   5.21e-10
  3.0037e+04   1.76e-10
  3.1161e+04   5.00e-11
  3.2327e+04   1.15e-11
  3.3537e+04   2.07e-12
  3.4793e+04   2.74e-13
  3.6095e+04   2.48e-14
  3.7446e+04   1.42e-15
  3.8848e+04   4.56e-17
  4.0302e+04   7.14e-19
  4.1811e+04   4.54e-21
  4.3376e+04   9.17e-24
  4.5000e+04   4.33e-27
