#  E [GeV]   # per interaction  [GeV^{-1}]
  3.0000e+01   7.66e-01
  3.1232e+01   7.33e-01
  3.2514e+01   7.01e-01
  3.3849e+01   6.71e-01
  3.5238e+01   6.42e-01
  3.6685e+01   6.14e-01
  3.8191e+01   5.87e-01
  3.9759e+01   5.62e-01
  4.1391e+01   5.37e-01
  4.3090e+01   5.14e-01
  4.4859e+01   4.91e-01
  4.6701e+01   4.70e-01
  4.8618e+01   4.49e-01
  5.0614e+01   4.29e-01
  5.2692e+01   4.10e-01
  5.4855e+01   3.92e-01
  5.7107e+01   3.75e-01
  5.9451e+01   3.58e-01
  6.1892e+01   3.42e-01
  6.4433e+01   3.27e-01
  6.7078e+01   3.13e-01
  6.9832e+01   2.99e-01
  7.2699e+01   2.85e-01
  7.5683e+01   2.73e-01
  7.8790e+01   2.60e-01
  8.2025e+01   2.49e-01
  8.5392e+01   2.37e-01
  8.8898e+01   2.27e-01
  9.2547e+01   2.16e-01
  9.6347e+01   2.07e-01
  1.0030e+02   1.97e-01
  1.0442e+02   1.88e-01
  1.0871e+02   1.79e-01
  1.1317e+02   1.71e-01
  1.1782e+02   1.63e-01
  1.2265e+02   1.56e-01
  1.2769e+02   1.49e-01
  1.3293e+02   1.42e-01
  1.3839e+02   1.35e-01
  1.4407e+02   1.29e-01
  1.4998e+02   1.22e-01
  1.5614e+02   1.17e-01
  1.6255e+02   1.11e-01
  1.6922e+02   1.06e-01
  1.7617e+02   1.00e-01
  1.8340e+02   9.56e-02
  1.9093e+02   9.08e-02
  1.9877e+02   8.63e-02
  2.0693e+02   8.20e-02
  2.1543e+02   7.79e-02
  2.2427e+02   7.39e-02
  2.3348e+02   7.01e-02
  2.4306e+02   6.65e-02
  2.5304e+02   6.30e-02
  2.6343e+02   5.97e-02
  2.7424e+02   5.65e-02
  2.8550e+02   5.35e-02
  2.9722e+02   5.05e-02
  3.0942e+02   4.78e-02
  3.2213e+02   4.51e-02
  3.3535e+02   4.25e-02
  3.4912e+02   4.01e-02
  3.6345e+02   3.78e-02
  3.7837e+02   3.56e-02
  3.9390e+02   3.35e-02
  4.1008e+02   3.15e-02
  4.2691e+02   2.96e-02
  4.4444e+02   2.78e-02
  4.6268e+02   2.61e-02
  4.8168e+02   2.44e-02
  5.0145e+02   2.29e-02
  5.2204e+02   2.14e-02
  5.4347e+02   2.00e-02
  5.6578e+02   1.87e-02
  5.8901e+02   1.75e-02
  6.1319e+02   1.63e-02
  6.3836e+02   1.52e-02
  6.6457e+02   1.42e-02
  6.9185e+02   1.32e-02
  7.2025e+02   1.23e-02
  7.4982e+02   1.14e-02
  7.8061e+02   1.06e-02
  8.1265e+02   9.87e-03
  8.4601e+02   9.17e-03
  8.8075e+02   8.51e-03
  9.1690e+02   7.90e-03
  9.5455e+02   7.33e-03
  9.9373e+02   6.80e-03
  1.0345e+03   6.30e-03
  1.0770e+03   5.84e-03
  1.1212e+03   5.41e-03
  1.1672e+03   5.00e-03
  1.2152e+03   4.63e-03
  1.2650e+03   4.28e-03
  1.3170e+03   3.96e-03
  1.3711e+03   3.66e-03
  1.4273e+03   3.39e-03
  1.4859e+03   3.13e-03
  1.5469e+03   2.90e-03
  1.6104e+03   2.68e-03
  1.6766e+03   2.47e-03
  1.7454e+03   2.28e-03
  1.8170e+03   2.11e-03
  1.8916e+03   1.94e-03
  1.9693e+03   1.79e-03
  2.0501e+03   1.65e-03
  2.1343e+03   1.52e-03
  2.2219e+03   1.40e-03
  2.3131e+03   1.29e-03
  2.4081e+03   1.19e-03
  2.5070e+03   1.09e-03
  2.6099e+03   1.00e-03
  2.7170e+03   9.16e-04
  2.8286e+03   8.40e-04
  2.9447e+03   7.69e-04
  3.0656e+03   7.03e-04
  3.1914e+03   6.43e-04
  3.3225e+03   5.87e-04
  3.4589e+03   5.34e-04
  3.6008e+03   4.87e-04
  3.7487e+03   4.43e-04
  3.9026e+03   4.02e-04
  4.0628e+03   3.65e-04
  4.2296e+03   3.30e-04
  4.4032e+03   2.98e-04
  4.5840e+03   2.69e-04
  4.7722e+03   2.42e-04
  4.9681e+03   2.17e-04
  5.1720e+03   1.95e-04
  5.3844e+03   1.74e-04
  5.6054e+03   1.56e-04
  5.8355e+03   1.39e-04
  6.0751e+03   1.23e-04
  6.3245e+03   1.09e-04
  6.5841e+03   9.64e-05
  6.8544e+03   8.47e-05
  7.1358e+03   7.45e-05
  7.4288e+03   6.52e-05
  7.7338e+03   5.67e-05
  8.0513e+03   4.94e-05
  8.3818e+03   4.27e-05
  8.7259e+03   3.67e-05
  9.0841e+03   3.15e-05
  9.4571e+03   2.68e-05
  9.8453e+03   2.27e-05
  1.0249e+04   1.91e-05
  1.0670e+04   1.60e-05
  1.1108e+04   1.33e-05
  1.1564e+04   1.09e-05
  1.2039e+04   8.89e-06
  1.2533e+04   7.20e-06
  1.3048e+04   5.76e-06
  1.3584e+04   4.53e-06
  1.4141e+04   3.55e-06
  1.4722e+04   2.72e-06
  1.5326e+04   2.05e-06
  1.5955e+04   1.52e-06
  1.6610e+04   1.11e-06
  1.7292e+04   7.79e-07
  1.8002e+04   5.39e-07
  1.8741e+04   3.59e-07
  1.9511e+04   2.30e-07
  2.0312e+04   1.43e-07
  2.1145e+04   8.37e-08
  2.2013e+04   4.64e-08
  2.2917e+04   2.43e-08
  2.3858e+04   1.16e-08
  2.4837e+04   5.13e-09
  2.5857e+04   2.03e-09
  2.6919e+04   7.01e-10
  2.8024e+04   2.09e-10
  2.9174e+04   5.17e-11
  3.0372e+04   1.01e-11
  3.1619e+04   1.52e-12
  3.2917e+04   1.61e-13
  3.4268e+04   1.11e-14
  3.5675e+04   4.62e-16
  3.7140e+04   9.81e-18
  3.8664e+04   8.94e-20
  4.0252e+04   2.85e-22
  4.1904e+04   2.27e-25
  4.3624e+04   3.00e-29
  4.5415e+04   3.87e-34
  4.7280e+04   2.20e-40
  4.9221e+04   2.90e-47
  5.1241e+04   2.50e-47
  5.3345e+04   2.13e-47
  5.5535e+04   1.83e-47
  5.7815e+04   1.58e-47
  6.0188e+04   1.36e-47
  6.2659e+04   1.18e-47
  6.5232e+04   1.03e-47
  6.7910e+04   8.89e-48
  7.0698e+04   7.88e-48
  7.3600e+04   6.99e-48
  7.6621e+04   6.17e-48
  7.9767e+04   5.56e-48
  8.3042e+04   5.00e-48
  8.6451e+04   4.49e-48
  9.0000e+04   4.11e-48
