#  E [GeV]   # per interaction  [GeV^{-1}]
  3.0000e+01   5.26e-01
  3.0943e+01   5.09e-01
  3.1916e+01   4.92e-01
  3.2920e+01   4.76e-01
  3.3955e+01   4.60e-01
  3.5023e+01   4.45e-01
  3.6124e+01   4.30e-01
  3.7260e+01   4.15e-01
  3.8432e+01   4.01e-01
  3.9640e+01   3.87e-01
  4.0887e+01   3.74e-01
  4.2172e+01   3.61e-01
  4.3499e+01   3.48e-01
  4.4866e+01   3.36e-01
  4.6277e+01   3.24e-01
  4.7732e+01   3.12e-01
  4.9233e+01   3.01e-01
  5.0781e+01   2.90e-01
  5.2378e+01   2.79e-01
  5.4025e+01   2.69e-01
  5.5724e+01   2.59e-01
  5.7476e+01   2.49e-01
  5.9284e+01   2.40e-01
  6.1148e+01   2.31e-01
  6.3071e+01   2.22e-01
  6.5054e+01   2.13e-01
  6.7100e+01   2.05e-01
  6.9210e+01   1.97e-01
  7.1386e+01   1.89e-01
  7.3631e+01   1.82e-01
  7.5946e+01   1.75e-01
  7.8334e+01   1.68e-01
  8.0797e+01   1.61e-01
  8.3338e+01   1.54e-01
  8.5959e+01   1.48e-01
  8.8662e+01   1.42e-01
  9.1450e+01   1.36e-01
  9.4325e+01   1.30e-01
  9.7291e+01   1.24e-01
  1.0035e+02   1.19e-01
  1.0351e+02   1.14e-01
  1.0676e+02   1.09e-01
  1.1012e+02   1.04e-01
  1.1358e+02   9.90e-02
  1.1715e+02   9.45e-02
  1.2084e+02   9.02e-02
  1.2464e+02   8.60e-02
  1.2856e+02   8.20e-02
  1.3260e+02   7.81e-02
  1.3677e+02   7.44e-02
  1.4107e+02   7.08e-02
  1.4550e+02   6.74e-02
  1.5008e+02   6.41e-02
  1.5480e+02   6.09e-02
  1.5967e+02   5.78e-02
  1.6469e+02   5.49e-02
  1.6987e+02   5.21e-02
  1.7521e+02   4.94e-02
  1.8072e+02   4.68e-02
  1.8640e+02   4.43e-02
  1.9226e+02   4.19e-02
  1.9831e+02   3.96e-02
  2.0454e+02   3.75e-02
  2.1097e+02   3.54e-02
  2.1761e+02   3.34e-02
  2.2445e+02   3.15e-02
  2.3151e+02   2.97e-02
  2.3879e+02   2.80e-02
  2.4630e+02   2.64e-02
  2.5404e+02   2.48e-02
  2.6203e+02   2.33e-02
  2.7027e+02   2.19e-02
  2.7877e+02   2.06e-02
  2.8753e+02   1.93e-02
  2.9657e+02   1.81e-02
  3.0590e+02   1.70e-02
  3.1552e+02   1.59e-02
  3.2544e+02   1.48e-02
  3.3567e+02   1.39e-02
  3.4623e+02   1.29e-02
  3.5712e+02   1.21e-02
  3.6835e+02   1.12e-02
  3.7993e+02   1.04e-02
  3.9188e+02   9.71e-03
  4.0420e+02   9.02e-03
  4.1691e+02   8.36e-03
  4.3002e+02   7.75e-03
  4.4354e+02   7.18e-03
  4.5749e+02   6.64e-03
  4.7187e+02   6.13e-03
  4.8671e+02   5.67e-03
  5.0202e+02   5.23e-03
  5.1780e+02   4.81e-03
  5.3409e+02   4.43e-03
  5.5088e+02   4.08e-03
  5.6820e+02   3.75e-03
  5.8607e+02   3.44e-03
  6.0450e+02   3.16e-03
  6.2351e+02   2.90e-03
  6.4311e+02   2.65e-03
  6.6334e+02   2.43e-03
  6.8419e+02   2.22e-03
  7.0571e+02   2.03e-03
  7.2790e+02   1.85e-03
  7.5079e+02   1.69e-03
  7.7440e+02   1.54e-03
  7.9875e+02   1.40e-03
  8.2387e+02   1.28e-03
  8.4977e+02   1.16e-03
  8.7649e+02   1.06e-03
  9.0405e+02   9.61e-04
  9.3248e+02   8.71e-04
  9.6180e+02   7.93e-04
  9.9205e+02   7.20e-04
  1.0232e+03   6.53e-04
  1.0554e+03   5.91e-04
  1.0886e+03   5.37e-04
  1.1228e+03   4.87e-04
  1.1581e+03   4.40e-04
  1.1946e+03   3.99e-04
  1.2321e+03   3.61e-04
  1.2709e+03   3.27e-04
  1.3108e+03   2.95e-04
  1.3521e+03   2.67e-04
  1.3946e+03   2.41e-04
  1.4384e+03   2.18e-04
  1.4837e+03   1.96e-04
  1.5303e+03   1.78e-04
  1.5784e+03   1.60e-04
  1.6281e+03   1.44e-04
  1.6793e+03   1.30e-04
  1.7321e+03   1.17e-04
  1.7865e+03   1.06e-04
  1.8427e+03   9.47e-05
  1.9006e+03   8.54e-05
  1.9604e+03   7.70e-05
  2.0221e+03   6.91e-05
  2.0856e+03   6.17e-05
  2.1512e+03   5.57e-05
  2.2189e+03   5.00e-05
  2.2886e+03   4.47e-05
  2.3606e+03   4.00e-05
  2.4348e+03   3.59e-05
  2.5114e+03   3.21e-05
  2.5904e+03   2.86e-05
  2.6718e+03   2.55e-05
  2.7558e+03   2.29e-05
  2.8425e+03   2.03e-05
  2.9319e+03   1.80e-05
  3.0241e+03   1.61e-05
  3.1192e+03   1.43e-05
  3.2173e+03   1.27e-05
  3.3184e+03   1.12e-05
  3.4228e+03   9.94e-06
  3.5304e+03   8.80e-06
  3.6414e+03   7.73e-06
  3.7559e+03   6.81e-06
  3.8740e+03   6.03e-06
  3.9958e+03   5.30e-06
  4.1215e+03   4.62e-06
  4.2511e+03   4.07e-06
  4.3848e+03   3.58e-06
  4.5227e+03   3.12e-06
  4.6649e+03   2.70e-06
  4.8116e+03   2.37e-06
  4.9629e+03   2.07e-06
  5.1189e+03   1.79e-06
  5.2799e+03   1.55e-06
  5.4459e+03   1.35e-06
  5.6171e+03   1.17e-06
  5.7938e+03   1.00e-06
  5.9760e+03   8.63e-07
  6.1639e+03   7.43e-07
  6.3577e+03   6.34e-07
  6.5576e+03   5.34e-07
  6.7638e+03   4.57e-07
  6.9765e+03   3.90e-07
  7.1959e+03   3.29e-07
  7.4222e+03   2.75e-07
  7.6556e+03   2.35e-07
  7.8963e+03   1.98e-07
  8.1446e+03   1.66e-07
  8.4007e+03   1.39e-07
  8.6649e+03   1.18e-07
  8.9373e+03   9.91e-08
  9.2184e+03   8.25e-08
  9.5082e+03   6.94e-08
  9.8072e+03   5.83e-08
  1.0116e+04   4.85e-08
  1.0434e+04   4.00e-08
  1.0762e+04   3.36e-08
  1.1100e+04   2.79e-08
  1.1449e+04   2.30e-08
  1.1809e+04   1.88e-08
  1.2181e+04   1.53e-08
  1.2564e+04   1.24e-08
  1.2959e+04   9.83e-09
  1.3366e+04   7.73e-09
  1.3786e+04   6.00e-09
  1.4220e+04   4.57e-09
