#  E [MeV]   Flux [# cm^{-2} s^{-1}  MeV^{-1}]
  3.0000e+04   5.23e-25
  3.1232e+04   4.99e-25
  3.2514e+04   4.76e-25
  3.3849e+04   4.54e-25
  3.5238e+04   4.33e-25
  3.6685e+04   4.13e-25
  3.8191e+04   3.93e-25
  3.9759e+04   3.75e-25
  4.1391e+04   3.57e-25
  4.3090e+04   3.40e-25
  4.4859e+04   3.24e-25
  4.6701e+04   3.09e-25
  4.8618e+04   2.94e-25
  5.0614e+04   2.80e-25
  5.2692e+04   2.67e-25
  5.4855e+04   2.54e-25
  5.7107e+04   2.41e-25
  5.9451e+04   2.30e-25
  6.1892e+04   2.19e-25
  6.4433e+04   2.08e-25
  6.7078e+04   1.98e-25
  6.9832e+04   1.88e-25
  7.2699e+04   1.79e-25
  7.5683e+04   1.70e-25
  7.8790e+04   1.61e-25
  8.2025e+04   1.53e-25
  8.5392e+04   1.46e-25
  8.8898e+04   1.38e-25
  9.2547e+04   1.31e-25
  9.6347e+04   1.25e-25
  1.0030e+05   1.18e-25
  1.0442e+05   1.12e-25
  1.0871e+05   1.06e-25
  1.1317e+05   1.01e-25
  1.1782e+05   9.58e-26
  1.2265e+05   9.08e-26
  1.2769e+05   8.61e-26
  1.3293e+05   8.16e-26
  1.3839e+05   7.73e-26
  1.4407e+05   7.32e-26
  1.4998e+05   6.93e-26
  1.5614e+05   6.56e-26
  1.6255e+05   6.21e-26
  1.6922e+05   5.88e-26
  1.7617e+05   5.56e-26
  1.8340e+05   5.26e-26
  1.9093e+05   4.97e-26
  1.9877e+05   4.70e-26
  2.0693e+05   4.44e-26
  2.1543e+05   4.19e-26
  2.2427e+05   3.96e-26
  2.3348e+05   3.74e-26
  2.4306e+05   3.53e-26
  2.5304e+05   3.33e-26
  2.6343e+05   3.14e-26
  2.7424e+05   2.96e-26
  2.8550e+05   2.79e-26
  2.9722e+05   2.62e-26
  3.0942e+05   2.47e-26
  3.2213e+05   2.32e-26
  3.3535e+05   2.19e-26
  3.4912e+05   2.06e-26
  3.6345e+05   1.93e-26
  3.7837e+05   1.81e-26
  3.9390e+05   1.70e-26
  4.1008e+05   1.60e-26
  4.2691e+05   1.50e-26
  4.4444e+05   1.41e-26
  4.6268e+05   1.32e-26
  4.8168e+05   1.23e-26
  5.0145e+05   1.15e-26
  5.2204e+05   1.08e-26
  5.4347e+05   1.01e-26
  5.6578e+05   9.43e-27
  5.8901e+05   8.80e-27
  6.1319e+05   8.22e-27
  6.3836e+05   7.66e-27
  6.6457e+05   7.15e-27
  6.9185e+05   6.66e-27
  7.2025e+05   6.20e-27
  7.4982e+05   5.77e-27
  7.8061e+05   5.37e-27
  8.1265e+05   4.99e-27
  8.4601e+05   4.64e-27
  8.8075e+05   4.31e-27
  9.1690e+05   4.01e-27
  9.5455e+05   3.72e-27
  9.9373e+05   3.45e-27
  1.0345e+06   3.20e-27
  1.0770e+06   2.97e-27
  1.1212e+06   2.75e-27
  1.1672e+06   2.55e-27
  1.2152e+06   2.36e-27
  1.2650e+06   2.19e-27
  1.3170e+06   2.02e-27
  1.3711e+06   1.87e-27
  1.4273e+06   1.73e-27
  1.4859e+06   1.60e-27
  1.5469e+06   1.48e-27
  1.6104e+06   1.37e-27
  1.6766e+06   1.26e-27
  1.7454e+06   1.16e-27
  1.8170e+06   1.07e-27
  1.8916e+06   9.90e-28
  1.9693e+06   9.12e-28
  2.0501e+06   8.40e-28
  2.1343e+06   7.73e-28
  2.2219e+06   7.11e-28
  2.3131e+06   6.53e-28
  2.4081e+06   6.00e-28
  2.5070e+06   5.50e-28
  2.6099e+06   5.04e-28
  2.7170e+06   4.61e-28
  2.8286e+06   4.22e-28
  2.9447e+06   3.86e-28
  3.0656e+06   3.52e-28
  3.1914e+06   3.21e-28
  3.3225e+06   2.93e-28
  3.4589e+06   2.66e-28
  3.6008e+06   2.42e-28
  3.7487e+06   2.20e-28
  3.9026e+06   1.99e-28
  4.0628e+06   1.80e-28
  4.2296e+06   1.63e-28
  4.4032e+06   1.47e-28
  4.5840e+06   1.33e-28
  4.7722e+06   1.19e-28
  4.9681e+06   1.07e-28
  5.1720e+06   9.61e-29
  5.3844e+06   8.59e-29
  5.6054e+06   7.67e-29
  5.8355e+06   6.85e-29
  6.0751e+06   6.08e-29
  6.3245e+06   5.40e-29
  6.5841e+06   4.79e-29
  6.8544e+06   4.23e-29
  7.1358e+06   3.73e-29
  7.4288e+06   3.29e-29
  7.7338e+06   2.87e-29
  8.0513e+06   2.52e-29
  8.3818e+06   2.20e-29
  8.7259e+06   1.91e-29
  9.0841e+06   1.66e-29
  9.4571e+06   1.43e-29
  9.8453e+06   1.22e-29
  1.0249e+07   1.05e-29
  1.0670e+07   8.99e-30
  1.1108e+07   7.61e-30
  1.1564e+07   6.46e-30
  1.2039e+07   5.43e-30
  1.2533e+07   4.53e-30
  1.3048e+07   3.78e-30
  1.3584e+07   3.11e-30
  1.4141e+07   2.55e-30
  1.4722e+07   2.08e-30
  1.5326e+07   1.67e-30
  1.5955e+07   1.33e-30
  1.6610e+07   1.05e-30
  1.7292e+07   8.16e-31
  1.8002e+07   6.29e-31
  1.8741e+07   4.76e-31
  1.9511e+07   3.50e-31
  2.0312e+07   2.56e-31
  2.1145e+07   1.82e-31
  2.2013e+07   1.24e-31
  2.2917e+07   8.37e-32
  2.3858e+07   5.38e-32
  2.4837e+07   3.28e-32
  2.5857e+07   1.93e-32
  2.6919e+07   1.05e-32
  2.8024e+07   5.31e-33
  2.9174e+07   2.47e-33
  3.0372e+07   1.02e-33
  3.1619e+07   3.67e-34
  3.2917e+07   1.13e-34
  3.4268e+07   2.78e-35
  3.5675e+07   5.35e-36
  3.7140e+07   7.48e-37
  3.8664e+07   6.87e-38
  4.0252e+07   3.79e-39
  4.1904e+07   1.07e-40
  4.3624e+07   1.26e-42
  4.5415e+07   4.81e-45
  4.7280e+07   4.12e-48
  4.9221e+07   4.80e-52
  5.1241e+07   3.90e-57
  5.3345e+07   8.31e-64
  5.5535e+07   8.62e-72
  5.7815e+07   7.89e-72
  6.0188e+07   7.19e-72
  6.2659e+07   6.56e-72
  6.5232e+07   6.02e-72
  6.7910e+07   5.51e-72
  7.0698e+07   5.03e-72
  7.3600e+07   4.58e-72
  7.6621e+07   4.15e-72
  7.9767e+07   3.74e-72
  8.3042e+07   3.35e-72
  8.6451e+07   2.98e-72
  9.0000e+07   2.69e-72
