#  E [GeV]   # per interaction  [GeV^{-1}]
  3.0000e+01   7.61e-03
  3.0696e+01   7.37e-03
  3.1408e+01   7.14e-03
  3.2137e+01   6.91e-03
  3.2883e+01   6.69e-03
  3.3646e+01   6.47e-03
  3.4426e+01   6.26e-03
  3.5225e+01   6.06e-03
  3.6042e+01   5.87e-03
  3.6878e+01   5.68e-03
  3.7734e+01   5.50e-03
  3.8609e+01   5.32e-03
  3.9505e+01   5.14e-03
  4.0422e+01   4.98e-03
  4.1360e+01   4.82e-03
  4.2319e+01   4.66e-03
  4.3301e+01   4.51e-03
  4.4306e+01   4.36e-03
  4.5334e+01   4.22e-03
  4.6386e+01   4.08e-03
  4.7462e+01   3.95e-03
  4.8563e+01   3.82e-03
  4.9690e+01   3.69e-03
  5.0843e+01   3.57e-03
  5.2022e+01   3.45e-03
  5.3229e+01   3.34e-03
  5.4464e+01   3.23e-03
  5.5728e+01   3.12e-03
  5.7021e+01   3.02e-03
  5.8344e+01   2.92e-03
  5.9697e+01   2.83e-03
  6.1083e+01   2.73e-03
  6.2500e+01   2.64e-03
  6.3950e+01   2.56e-03
  6.5434e+01   2.47e-03
  6.6952e+01   2.39e-03
  6.8505e+01   2.31e-03
  7.0095e+01   2.24e-03
  7.1721e+01   2.16e-03
  7.3385e+01   2.09e-03
  7.5088e+01   2.02e-03
  7.6830e+01   1.96e-03
  7.8612e+01   1.89e-03
  8.0436e+01   1.83e-03
  8.2302e+01   1.77e-03
  8.4212e+01   1.72e-03
  8.6166e+01   1.66e-03
  8.8165e+01   1.61e-03
  9.0210e+01   1.55e-03
  9.2304e+01   1.50e-03
  9.4445e+01   1.45e-03
  9.6636e+01   1.41e-03
  9.8878e+01   1.36e-03
  1.0117e+02   1.32e-03
  1.0352e+02   1.27e-03
  1.0592e+02   1.23e-03
  1.0838e+02   1.19e-03
  1.1089e+02   1.15e-03
  1.1347e+02   1.12e-03
  1.1610e+02   1.08e-03
  1.1879e+02   1.04e-03
  1.2155e+02   1.01e-03
  1.2437e+02   9.78e-04
  1.2725e+02   9.47e-04
  1.3021e+02   9.16e-04
  1.3323e+02   8.87e-04
  1.3632e+02   8.58e-04
  1.3948e+02   8.31e-04
  1.4272e+02   8.04e-04
  1.4603e+02   7.78e-04
  1.4942e+02   7.53e-04
  1.5288e+02   7.29e-04
  1.5643e+02   7.06e-04
  1.6006e+02   6.83e-04
  1.6377e+02   6.61e-04
  1.6757e+02   6.40e-04
  1.7146e+02   6.20e-04
  1.7544e+02   6.00e-04
  1.7951e+02   5.81e-04
  1.8368e+02   5.62e-04
  1.8794e+02   5.44e-04
  1.9230e+02   5.27e-04
  1.9676e+02   5.10e-04
  2.0132e+02   4.94e-04
  2.0600e+02   4.78e-04
  2.1078e+02   4.63e-04
  2.1567e+02   4.48e-04
  2.2067e+02   4.34e-04
  2.2579e+02   4.20e-04
  2.3103e+02   4.06e-04
  2.3639e+02   3.93e-04
  2.4187e+02   3.80e-04
  2.4748e+02   3.68e-04
  2.5323e+02   3.56e-04
  2.5910e+02   3.45e-04
  2.6511e+02   3.34e-04
  2.7126e+02   3.23e-04
  2.7756e+02   3.12e-04
  2.8400e+02   3.02e-04
  2.9059e+02   2.92e-04
  2.9733e+02   2.83e-04
  3.0423e+02   2.74e-04
  3.1129e+02   2.65e-04
  3.1851e+02   2.56e-04
  3.2590e+02   2.47e-04
  3.3346e+02   2.39e-04
  3.4120e+02   2.31e-04
  3.4911e+02   2.24e-04
  3.5721e+02   2.16e-04
  3.6550e+02   2.09e-04
  3.7398e+02   2.02e-04
  3.8266e+02   1.95e-04
  3.9154e+02   1.88e-04
  4.0062e+02   1.82e-04
  4.0991e+02   1.75e-04
  4.1943e+02   1.69e-04
  4.2916e+02   1.64e-04
  4.3911e+02   1.58e-04
  4.4930e+02   1.52e-04
  4.5973e+02   1.47e-04
  4.7039e+02   1.42e-04
  4.8131e+02   1.37e-04
  4.9247e+02   1.32e-04
  5.0390e+02   1.27e-04
  5.1559e+02   1.23e-04
  5.2755e+02   1.18e-04
  5.3979e+02   1.14e-04
  5.5232e+02   1.10e-04
  5.6513e+02   1.06e-04
  5.7824e+02   1.02e-04
  5.9166e+02   9.84e-05
  6.0539e+02   9.48e-05
  6.1943e+02   9.13e-05
  6.3381e+02   8.79e-05
  6.4851e+02   8.46e-05
  6.6356e+02   8.15e-05
  6.7895e+02   7.84e-05
  6.9471e+02   7.55e-05
  7.1082e+02   7.26e-05
  7.2732e+02   6.99e-05
  7.4419e+02   6.72e-05
  7.6146e+02   6.47e-05
  7.7912e+02   6.22e-05
  7.9720e+02   5.99e-05
  8.1570e+02   5.76e-05
  8.3462e+02   5.54e-05
  8.5399e+02   5.33e-05
  8.7380e+02   5.12e-05
  8.9407e+02   4.93e-05
  9.1482e+02   4.74e-05
  9.3604e+02   4.56e-05
  9.5776e+02   4.38e-05
  9.7998e+02   4.21e-05
  1.0027e+03   4.05e-05
  1.0260e+03   3.90e-05
  1.0498e+03   3.75e-05
  1.0741e+03   3.60e-05
  1.0991e+03   3.46e-05
  1.1246e+03   3.33e-05
  1.1507e+03   3.20e-05
  1.1774e+03   3.07e-05
  1.2047e+03   2.95e-05
  1.2326e+03   2.84e-05
  1.2612e+03   2.73e-05
  1.2905e+03   2.62e-05
  1.3204e+03   2.52e-05
  1.3511e+03   2.42e-05
  1.3824e+03   2.33e-05
  1.4145e+03   2.24e-05
  1.4473e+03   2.15e-05
  1.4809e+03   2.07e-05
  1.5152e+03   1.99e-05
  1.5504e+03   1.91e-05
  1.5864e+03   1.84e-05
  1.6232e+03   1.77e-05
  1.6608e+03   1.70e-05
  1.6994e+03   1.64e-05
  1.7388e+03   1.57e-05
  1.7791e+03   1.51e-05
  1.8204e+03   1.45e-05
  1.8626e+03   1.40e-05
  1.9059e+03   1.34e-05
  1.9501e+03   1.29e-05
  1.9953e+03   1.24e-05
  2.0416e+03   1.19e-05
  2.0890e+03   1.14e-05
  2.1375e+03   1.10e-05
  2.1870e+03   1.06e-05
  2.2378e+03   1.01e-05
  2.2897e+03   9.73e-06
  2.3428e+03   9.34e-06
  2.3972e+03   8.96e-06
  2.4528e+03   8.60e-06
  2.5097e+03   8.25e-06
  2.5680e+03   7.91e-06
  2.6275e+03   7.58e-06
  2.6885e+03   7.27e-06
  2.7509e+03   6.98e-06
  2.8147e+03   6.72e-06
  2.8800e+03   6.48e-06
