#  E [MeV]   Flux [# cm^{-2} s^{-1}  MeV^{-1}]
  3.0000e+04   5.54e-25
  3.0696e+04   5.36e-25
  3.1408e+04   5.19e-25
  3.2137e+04   5.03e-25
  3.2883e+04   4.87e-25
  3.3646e+04   4.71e-25
  3.4426e+04   4.56e-25
  3.5225e+04   4.41e-25
  3.6042e+04   4.27e-25
  3.6878e+04   4.13e-25
  3.7734e+04   4.00e-25
  3.8609e+04   3.87e-25
  3.9505e+04   3.74e-25
  4.0422e+04   3.62e-25
  4.1360e+04   3.50e-25
  4.2319e+04   3.39e-25
  4.3301e+04   3.28e-25
  4.4306e+04   3.17e-25
  4.5334e+04   3.07e-25
  4.6386e+04   2.97e-25
  4.7462e+04   2.87e-25
  4.8563e+04   2.78e-25
  4.9690e+04   2.69e-25
  5.0843e+04   2.60e-25
  5.2022e+04   2.51e-25
  5.3229e+04   2.43e-25
  5.4464e+04   2.35e-25
  5.5728e+04   2.27e-25
  5.7021e+04   2.20e-25
  5.8344e+04   2.13e-25
  5.9697e+04   2.06e-25
  6.1083e+04   1.99e-25
  6.2500e+04   1.92e-25
  6.3950e+04   1.86e-25
  6.5434e+04   1.80e-25
  6.6952e+04   1.74e-25
  6.8505e+04   1.68e-25
  7.0095e+04   1.63e-25
  7.1721e+04   1.58e-25
  7.3385e+04   1.52e-25
  7.5088e+04   1.47e-25
  7.6830e+04   1.42e-25
  7.8612e+04   1.38e-25
  8.0436e+04   1.33e-25
  8.2302e+04   1.29e-25
  8.4212e+04   1.25e-25
  8.6166e+04   1.21e-25
  8.8165e+04   1.17e-25
  9.0210e+04   1.13e-25
  9.2304e+04   1.09e-25
  9.4445e+04   1.06e-25
  9.6636e+04   1.02e-25
  9.8878e+04   9.90e-26
  1.0117e+05   9.58e-26
  1.0352e+05   9.27e-26
  1.0592e+05   8.97e-26
  1.0838e+05   8.67e-26
  1.1089e+05   8.39e-26
  1.1347e+05   8.12e-26
  1.1610e+05   7.86e-26
  1.1879e+05   7.60e-26
  1.2155e+05   7.35e-26
  1.2437e+05   7.12e-26
  1.2725e+05   6.89e-26
  1.3021e+05   6.67e-26
  1.3323e+05   6.45e-26
  1.3632e+05   6.24e-26
  1.3948e+05   6.04e-26
  1.4272e+05   5.85e-26
  1.4603e+05   5.66e-26
  1.4942e+05   5.48e-26
  1.5288e+05   5.30e-26
  1.5643e+05   5.13e-26
  1.6006e+05   4.97e-26
  1.6377e+05   4.81e-26
  1.6757e+05   4.66e-26
  1.7146e+05   4.51e-26
  1.7544e+05   4.37e-26
  1.7951e+05   4.23e-26
  1.8368e+05   4.09e-26
  1.8794e+05   3.96e-26
  1.9230e+05   3.83e-26
  1.9676e+05   3.71e-26
  2.0132e+05   3.59e-26
  2.0600e+05   3.48e-26
  2.1078e+05   3.37e-26
  2.1567e+05   3.26e-26
  2.2067e+05   3.15e-26
  2.2579e+05   3.05e-26
  2.3103e+05   2.96e-26
  2.3639e+05   2.86e-26
  2.4187e+05   2.77e-26
  2.4748e+05   2.68e-26
  2.5323e+05   2.59e-26
  2.5910e+05   2.51e-26
  2.6511e+05   2.43e-26
  2.7126e+05   2.35e-26
  2.7756e+05   2.27e-26
  2.8400e+05   2.20e-26
  2.9059e+05   2.13e-26
  2.9733e+05   2.06e-26
  3.0423e+05   1.99e-26
  3.1129e+05   1.93e-26
  3.1851e+05   1.86e-26
  3.2590e+05   1.80e-26
  3.3346e+05   1.74e-26
  3.4120e+05   1.68e-26
  3.4911e+05   1.63e-26
  3.5721e+05   1.57e-26
  3.6550e+05   1.52e-26
  3.7398e+05   1.47e-26
  3.8266e+05   1.42e-26
  3.9154e+05   1.37e-26
  4.0062e+05   1.32e-26
  4.0991e+05   1.28e-26
  4.1943e+05   1.23e-26
  4.2916e+05   1.19e-26
  4.3911e+05   1.15e-26
  4.4930e+05   1.11e-26
  4.5973e+05   1.07e-26
  4.7039e+05   1.03e-26
  4.8131e+05   9.96e-27
  4.9247e+05   9.60e-27
  5.0390e+05   9.26e-27
  5.1559e+05   8.94e-27
  5.2755e+05   8.62e-27
  5.3979e+05   8.31e-27
  5.5232e+05   8.01e-27
  5.6513e+05   7.72e-27
  5.7824e+05   7.44e-27
  5.9166e+05   7.16e-27
  6.0539e+05   6.90e-27
  6.1943e+05   6.65e-27
  6.3381e+05   6.40e-27
  6.4851e+05   6.16e-27
  6.6356e+05   5.93e-27
  6.7895e+05   5.71e-27
  6.9471e+05   5.49e-27
  7.1082e+05   5.28e-27
  7.2732e+05   5.08e-27
  7.4419e+05   4.89e-27
  7.6146e+05   4.71e-27
  7.7912e+05   4.53e-27
  7.9720e+05   4.36e-27
  8.1570e+05   4.19e-27
  8.3462e+05   4.03e-27
  8.5399e+05   3.88e-27
  8.7380e+05   3.73e-27
  8.9407e+05   3.59e-27
  9.1482e+05   3.45e-27
  9.3604e+05   3.32e-27
  9.5776e+05   3.19e-27
  9.7998e+05   3.07e-27
  1.0027e+06   2.95e-27
  1.0260e+06   2.83e-27
  1.0498e+06   2.73e-27
  1.0741e+06   2.62e-27
  1.0991e+06   2.52e-27
  1.1246e+06   2.42e-27
  1.1507e+06   2.33e-27
  1.1774e+06   2.24e-27
  1.2047e+06   2.15e-27
  1.2326e+06   2.07e-27
  1.2612e+06   1.99e-27
  1.2905e+06   1.91e-27
  1.3204e+06   1.83e-27
  1.3511e+06   1.76e-27
  1.3824e+06   1.69e-27
  1.4145e+06   1.63e-27
  1.4473e+06   1.57e-27
  1.4809e+06   1.51e-27
  1.5152e+06   1.45e-27
  1.5504e+06   1.39e-27
  1.5864e+06   1.34e-27
  1.6232e+06   1.29e-27
  1.6608e+06   1.24e-27
  1.6994e+06   1.19e-27
  1.7388e+06   1.14e-27
  1.7791e+06   1.10e-27
  1.8204e+06   1.06e-27
  1.8626e+06   1.02e-27
  1.9059e+06   9.77e-28
  1.9501e+06   9.39e-28
  1.9953e+06   9.02e-28
  2.0416e+06   8.67e-28
  2.0890e+06   8.33e-28
  2.1375e+06   8.00e-28
  2.1870e+06   7.68e-28
  2.2378e+06   7.38e-28
  2.2897e+06   7.08e-28
  2.3428e+06   6.80e-28
  2.3972e+06   6.52e-28
  2.4528e+06   6.26e-28
  2.5097e+06   6.00e-28
  2.5680e+06   5.76e-28
  2.6275e+06   5.52e-28
  2.6885e+06   5.29e-28
  2.7509e+06   5.08e-28
  2.8147e+06   4.89e-28
  2.8800e+06   4.71e-28
