#  E [MeV]   Flux [# cm^{-2} s^{-1}  MeV^{-1}]
  3.0000e+04   8.00e-26
  3.1232e+04   7.65e-26
  3.2514e+04   7.32e-26
  3.3849e+04   7.00e-26
  3.5238e+04   6.69e-26
  3.6685e+04   6.40e-26
  3.8191e+04   6.11e-26
  3.9759e+04   5.85e-26
  4.1391e+04   5.59e-26
  4.3090e+04   5.34e-26
  4.4859e+04   5.10e-26
  4.6701e+04   4.88e-26
  4.8618e+04   4.66e-26
  5.0614e+04   4.45e-26
  5.2692e+04   4.25e-26
  5.4855e+04   4.06e-26
  5.7107e+04   3.88e-26
  5.9451e+04   3.71e-26
  6.1892e+04   3.54e-26
  6.4433e+04   3.38e-26
  6.7078e+04   3.23e-26
  6.9832e+04   3.08e-26
  7.2699e+04   2.94e-26
  7.5683e+04   2.80e-26
  7.8790e+04   2.68e-26
  8.2025e+04   2.55e-26
  8.5392e+04   2.43e-26
  8.8898e+04   2.32e-26
  9.2547e+04   2.21e-26
  9.6347e+04   2.11e-26
  1.0030e+05   2.01e-26
  1.0442e+05   1.92e-26
  1.0871e+05   1.83e-26
  1.1317e+05   1.74e-26
  1.1782e+05   1.66e-26
  1.2265e+05   1.58e-26
  1.2769e+05   1.50e-26
  1.3293e+05   1.43e-26
  1.3839e+05   1.36e-26
  1.4407e+05   1.29e-26
  1.4998e+05   1.23e-26
  1.5614e+05   1.17e-26
  1.6255e+05   1.11e-26
  1.6922e+05   1.05e-26
  1.7617e+05   9.96e-27
  1.8340e+05   9.44e-27
  1.9093e+05   8.95e-27
  1.9877e+05   8.47e-27
  2.0693e+05   8.02e-27
  2.1543e+05   7.58e-27
  2.2427e+05   7.17e-27
  2.3348e+05   6.77e-27
  2.4306e+05   6.39e-27
  2.5304e+05   6.02e-27
  2.6343e+05   5.67e-27
  2.7424e+05   5.34e-27
  2.8550e+05   5.02e-27
  2.9722e+05   4.72e-27
  3.0942e+05   4.43e-27
  3.2213e+05   4.15e-27
  3.3535e+05   3.89e-27
  3.4912e+05   3.63e-27
  3.6345e+05   3.40e-27
  3.7837e+05   3.17e-27
  3.9390e+05   2.96e-27
  4.1008e+05   2.75e-27
  4.2691e+05   2.56e-27
  4.4444e+05   2.38e-27
  4.6268e+05   2.21e-27
  4.8168e+05   2.05e-27
  5.0145e+05   1.90e-27
  5.2204e+05   1.76e-27
  5.4347e+05   1.62e-27
  5.6578e+05   1.50e-27
  5.8901e+05   1.38e-27
  6.1319e+05   1.27e-27
  6.3836e+05   1.17e-27
  6.6457e+05   1.08e-27
  6.9185e+05   9.93e-28
  7.2025e+05   9.13e-28
  7.4982e+05   8.39e-28
  7.8061e+05   7.70e-28
  8.1265e+05   7.07e-28
  8.4601e+05   6.49e-28
  8.8075e+05   5.95e-28
  9.1690e+05   5.46e-28
  9.5455e+05   5.01e-28
  9.9373e+05   4.59e-28
  1.0345e+06   4.21e-28
  1.0770e+06   3.86e-28
  1.1212e+06   3.54e-28
  1.1672e+06   3.25e-28
  1.2152e+06   2.98e-28
  1.2650e+06   2.73e-28
  1.3170e+06   2.51e-28
  1.3711e+06   2.30e-28
  1.4273e+06   2.11e-28
  1.4859e+06   1.94e-28
  1.5469e+06   1.78e-28
  1.6104e+06   1.64e-28
  1.6766e+06   1.50e-28
  1.7454e+06   1.38e-28
  1.8170e+06   1.27e-28
  1.8916e+06   1.16e-28
  1.9693e+06   1.07e-28
  2.0501e+06   9.82e-29
  2.1343e+06   9.01e-29
  2.2219e+06   8.27e-29
  2.3131e+06   7.58e-29
  2.4081e+06   6.94e-29
  2.5070e+06   6.36e-29
  2.6099e+06   5.82e-29
  2.7170e+06   5.32e-29
  2.8286e+06   4.86e-29
  2.9447e+06   4.43e-29
  3.0656e+06   4.04e-29
  3.1914e+06   3.68e-29
  3.3225e+06   3.34e-29
  3.4589e+06   3.03e-29
  3.6008e+06   2.75e-29
  3.7487e+06   2.48e-29
  3.9026e+06   2.24e-29
  4.0628e+06   2.02e-29
  4.2296e+06   1.81e-29
  4.4032e+06   1.62e-29
  4.5840e+06   1.45e-29
  4.7722e+06   1.29e-29
  4.9681e+06   1.15e-29
  5.1720e+06   1.02e-29
  5.3844e+06   8.96e-30
  5.6054e+06   7.88e-30
  5.8355e+06   6.88e-30
  6.0751e+06   6.00e-30
  6.3245e+06   5.20e-30
  6.5841e+06   4.48e-30
  6.8544e+06   3.85e-30
  7.1358e+06   3.28e-30
  7.4288e+06   2.78e-30
  7.7338e+06   2.34e-30
  8.0513e+06   1.95e-30
  8.3818e+06   1.61e-30
  8.7259e+06   1.33e-30
  9.0841e+06   1.08e-30
  9.4571e+06   8.62e-31
  9.8453e+06   6.85e-31
  1.0249e+07   5.36e-31
  1.0670e+07   4.14e-31
  1.1108e+07   3.15e-31
  1.1564e+07   2.34e-31
  1.2039e+07   1.72e-31
  1.2533e+07   1.23e-31
  1.3048e+07   8.58e-32
  1.3584e+07   5.85e-32
  1.4141e+07   3.87e-32
  1.4722e+07   2.46e-32
  1.5326e+07   1.51e-32
  1.5955e+07   8.91e-33
  1.6610e+07   4.97e-33
  1.7292e+07   2.64e-33
  1.8002e+07   1.31e-33
  1.8741e+07   6.03e-34
  1.9511e+07   2.57e-34
  2.0312e+07   9.91e-35
  2.1145e+07   3.42e-35
  2.2013e+07   1.04e-35
  2.2917e+07   2.72e-36
  2.3858e+07   5.95e-37
  2.4837e+07   1.07e-37
  2.5857e+07   1.48e-38
  2.6919e+07   1.55e-39
  2.8024e+07   1.16e-40
  2.9174e+07   5.63e-42
  3.0372e+07   1.69e-43
  3.1619e+07   2.76e-45
  3.2917e+07   2.14e-47
  3.4268e+07   6.82e-50
  3.5675e+07   7.11e-53
  3.7140e+07   1.83e-56
  3.8664e+07   8.58e-61
  4.0252e+07   4.47e-66
  4.1904e+07   7.17e-72
  4.3624e+07   6.09e-72
  4.5415e+07   5.08e-72
  4.7280e+07   4.21e-72
  4.9221e+07   3.56e-72
  5.1241e+07   2.95e-72
  5.3345e+07   2.44e-72
  5.5535e+07   2.05e-72
  5.7815e+07   1.69e-72
  6.0188e+07   1.40e-72
  6.2659e+07   1.16e-72
  6.5232e+07   9.38e-73
  6.7910e+07   7.72e-73
  7.0698e+07   6.33e-73
  7.3600e+07   5.03e-73
  7.6621e+07   4.03e-73
  7.9767e+07   3.14e-73
  8.3042e+07   2.31e-73
  8.6451e+07   1.72e-73
  9.0000e+07   1.17e-73
