#  E [MeV]   Flux [# cm^{-2} s^{-1}  MeV^{-1}]
  3.0000e+04   4.56e-23
  3.0782e+04   4.41e-23
  3.1585e+04   4.27e-23
  3.2409e+04   4.13e-23
  3.3255e+04   3.99e-23
  3.4122e+04   3.86e-23
  3.5012e+04   3.74e-23
  3.5925e+04   3.61e-23
  3.6862e+04   3.49e-23
  3.7824e+04   3.37e-23
  3.8810e+04   3.26e-23
  3.9822e+04   3.14e-23
  4.0861e+04   3.04e-23
  4.1927e+04   2.93e-23
  4.3021e+04   2.83e-23
  4.4143e+04   2.73e-23
  4.5294e+04   2.63e-23
  4.6475e+04   2.54e-23
  4.7688e+04   2.45e-23
  4.8931e+04   2.36e-23
  5.0208e+04   2.28e-23
  5.1517e+04   2.19e-23
  5.2861e+04   2.11e-23
  5.4240e+04   2.03e-23
  5.5654e+04   1.96e-23
  5.7106e+04   1.89e-23
  5.8596e+04   1.82e-23
  6.0124e+04   1.75e-23
  6.1692e+04   1.68e-23
  6.3301e+04   1.62e-23
  6.4952e+04   1.55e-23
  6.6647e+04   1.49e-23
  6.8385e+04   1.44e-23
  7.0169e+04   1.38e-23
  7.1999e+04   1.32e-23
  7.3877e+04   1.27e-23
  7.5804e+04   1.22e-23
  7.7781e+04   1.17e-23
  7.9810e+04   1.13e-23
  8.1891e+04   1.08e-23
  8.4027e+04   1.04e-23
  8.6219e+04   9.94e-24
  8.8468e+04   9.53e-24
  9.0775e+04   9.14e-24
  9.3143e+04   8.76e-24
  9.5572e+04   8.40e-24
  9.8065e+04   8.04e-24
  1.0062e+05   7.70e-24
  1.0325e+05   7.38e-24
  1.0594e+05   7.06e-24
  1.0870e+05   6.76e-24
  1.1154e+05   6.47e-24
  1.1445e+05   6.19e-24
  1.1743e+05   5.92e-24
  1.2050e+05   5.66e-24
  1.2364e+05   5.41e-24
  1.2686e+05   5.16e-24
  1.3017e+05   4.93e-24
  1.3357e+05   4.71e-24
  1.3705e+05   4.49e-24
  1.4063e+05   4.29e-24
  1.4429e+05   4.09e-24
  1.4806e+05   3.90e-24
  1.5192e+05   3.72e-24
  1.5588e+05   3.54e-24
  1.5995e+05   3.38e-24
  1.6412e+05   3.22e-24
  1.6840e+05   3.06e-24
  1.7279e+05   2.91e-24
  1.7730e+05   2.77e-24
  1.8193e+05   2.64e-24
  1.8667e+05   2.51e-24
  1.9154e+05   2.38e-24
  1.9654e+05   2.26e-24
  2.0166e+05   2.15e-24
  2.0692e+05   2.04e-24
  2.1232e+05   1.94e-24
  2.1786e+05   1.84e-24
  2.2354e+05   1.74e-24
  2.2937e+05   1.65e-24
  2.3535e+05   1.57e-24
  2.4149e+05   1.48e-24
  2.4779e+05   1.40e-24
  2.5425e+05   1.33e-24
  2.6088e+05   1.26e-24
  2.6769e+05   1.19e-24
  2.7467e+05   1.12e-24
  2.8184e+05   1.06e-24
  2.8919e+05   1.00e-24
  2.9673e+05   9.45e-25
  3.0447e+05   8.90e-25
  3.1241e+05   8.40e-25
  3.2056e+05   7.92e-25
  3.2892e+05   7.46e-25
  3.3750e+05   7.02e-25
  3.4630e+05   6.60e-25
  3.5533e+05   6.21e-25
  3.6460e+05   5.84e-25
  3.7411e+05   5.49e-25
  3.8387e+05   5.15e-25
  3.9388e+05   4.83e-25
  4.0416e+05   4.54e-25
  4.1470e+05   4.25e-25
  4.2551e+05   3.98e-25
  4.3661e+05   3.73e-25
  4.4800e+05   3.49e-25
  4.5969e+05   3.27e-25
  4.7168e+05   3.06e-25
  4.8398e+05   2.85e-25
  4.9660e+05   2.66e-25
  5.0956e+05   2.49e-25
  5.2285e+05   2.32e-25
  5.3648e+05   2.16e-25
  5.5048e+05   2.01e-25
  5.6483e+05   1.87e-25
  5.7957e+05   1.74e-25
  5.9468e+05   1.62e-25
  6.1020e+05   1.50e-25
  6.2611e+05   1.40e-25
  6.4244e+05   1.30e-25
  6.5920e+05   1.20e-25
  6.7639e+05   1.12e-25
  6.9403e+05   1.03e-25
  7.1214e+05   9.58e-26
  7.3071e+05   8.87e-26
  7.4977e+05   8.19e-26
  7.6933e+05   7.55e-26
  7.8939e+05   6.99e-26
  8.0998e+05   6.46e-26
  8.3111e+05   5.96e-26
  8.5279e+05   5.48e-26
  8.7503e+05   5.05e-26
  8.9785e+05   4.66e-26
  9.2127e+05   4.29e-26
  9.4530e+05   3.94e-26
  9.6996e+05   3.61e-26
  9.9526e+05   3.32e-26
  1.0212e+06   3.05e-26
  1.0479e+06   2.80e-26
  1.0752e+06   2.55e-26
  1.1032e+06   2.34e-26
  1.1320e+06   2.14e-26
  1.1615e+06   1.96e-26
  1.1918e+06   1.79e-26
  1.2229e+06   1.62e-26
  1.2548e+06   1.49e-26
  1.2875e+06   1.36e-26
  1.3211e+06   1.23e-26
  1.3556e+06   1.12e-26
  1.3909e+06   1.02e-26
  1.4272e+06   9.27e-27
  1.4644e+06   8.41e-27
  1.5026e+06   7.60e-27
  1.5418e+06   6.86e-27
  1.5820e+06   6.24e-27
  1.6233e+06   5.65e-27
  1.6657e+06   5.10e-27
  1.7091e+06   4.57e-27
  1.7537e+06   4.13e-27
  1.7994e+06   3.74e-27
  1.8464e+06   3.37e-27
  1.8945e+06   3.01e-27
  1.9439e+06   2.69e-27
  1.9946e+06   2.43e-27
  2.0467e+06   2.18e-27
  2.1000e+06   1.94e-27
  2.1548e+06   1.71e-27
  2.2110e+06   1.54e-27
  2.2687e+06   1.38e-27
  2.3279e+06   1.22e-27
  2.3886e+06   1.08e-27
  2.4509e+06   9.50e-28
  2.5148e+06   8.50e-28
  2.5804e+06   7.55e-28
  2.6477e+06   6.65e-28
  2.7168e+06   5.79e-28
  2.7876e+06   5.14e-28
  2.8603e+06   4.57e-28
  2.9349e+06   4.02e-28
  3.0115e+06   3.50e-28
  3.0900e+06   3.04e-28
  3.1706e+06   2.70e-28
  3.2533e+06   2.37e-28
  3.3382e+06   2.06e-28
  3.4253e+06   1.76e-28
  3.5146e+06   1.55e-28
  3.6063e+06   1.36e-28
  3.7003e+06   1.18e-28
  3.7969e+06   1.01e-28
  3.8959e+06   8.64e-29
  3.9975e+06   7.54e-29
  4.1018e+06   6.50e-29
  4.2088e+06   5.51e-29
  4.3185e+06   4.58e-29
  4.4312e+06   3.92e-29
  4.5467e+06   3.32e-29
  4.6653e+06   2.76e-29
  4.7870e+06   2.22e-29
  4.9119e+06   1.81e-29
  5.0400e+06   1.52e-29
