#  E [MeV]   Flux [# cm^{-2} s^{-1}  MeV^{-1}]
  3.0000e+04   9.37e-20
  3.0765e+04   9.05e-20
  3.1549e+04   8.75e-20
  3.2354e+04   8.45e-20
  3.3179e+04   8.16e-20
  3.4025e+04   7.88e-20
  3.4892e+04   7.61e-20
  3.5782e+04   7.34e-20
  3.6695e+04   7.09e-20
  3.7630e+04   6.84e-20
  3.8590e+04   6.60e-20
  3.9574e+04   6.36e-20
  4.0583e+04   6.14e-20
  4.1618e+04   5.92e-20
  4.2679e+04   5.70e-20
  4.3767e+04   5.50e-20
  4.4883e+04   5.30e-20
  4.6028e+04   5.10e-20
  4.7201e+04   4.91e-20
  4.8405e+04   4.73e-20
  4.9639e+04   4.55e-20
  5.0905e+04   4.38e-20
  5.2203e+04   4.21e-20
  5.3534e+04   4.05e-20
  5.4899e+04   3.89e-20
  5.6299e+04   3.74e-20
  5.7734e+04   3.59e-20
  5.9207e+04   3.45e-20
  6.0716e+04   3.31e-20
  6.2264e+04   3.18e-20
  6.3852e+04   3.05e-20
  6.5480e+04   2.92e-20
  6.7150e+04   2.80e-20
  6.8862e+04   2.69e-20
  7.0618e+04   2.58e-20
  7.2419e+04   2.47e-20
  7.4265e+04   2.37e-20
  7.6159e+04   2.27e-20
  7.8101e+04   2.18e-20
  8.0092e+04   2.09e-20
  8.2135e+04   2.00e-20
  8.4229e+04   1.91e-20
  8.6377e+04   1.83e-20
  8.8579e+04   1.76e-20
  9.0838e+04   1.68e-20
  9.3154e+04   1.61e-20
  9.5529e+04   1.54e-20
  9.7965e+04   1.48e-20
  1.0046e+05   1.41e-20
  1.0303e+05   1.35e-20
  1.0565e+05   1.29e-20
  1.0835e+05   1.23e-20
  1.1111e+05   1.18e-20
  1.1394e+05   1.13e-20
  1.1685e+05   1.07e-20
  1.1983e+05   1.02e-20
  1.2288e+05   9.78e-21
  1.2602e+05   9.32e-21
  1.2923e+05   8.89e-21
  1.3252e+05   8.47e-21
  1.3590e+05   8.07e-21
  1.3937e+05   7.68e-21
  1.4292e+05   7.31e-21
  1.4657e+05   6.96e-21
  1.5030e+05   6.61e-21
  1.5414e+05   6.29e-21
  1.5807e+05   5.98e-21
  1.6210e+05   5.68e-21
  1.6623e+05   5.39e-21
  1.7047e+05   5.11e-21
  1.7482e+05   4.85e-21
  1.7927e+05   4.60e-21
  1.8384e+05   4.36e-21
  1.8853e+05   4.13e-21
  1.9334e+05   3.91e-21
  1.9827e+05   3.70e-21
  2.0333e+05   3.50e-21
  2.0851e+05   3.31e-21
  2.1383e+05   3.12e-21
  2.1928e+05   2.95e-21
  2.2487e+05   2.78e-21
  2.3060e+05   2.62e-21
  2.3648e+05   2.47e-21
  2.4251e+05   2.32e-21
  2.4870e+05   2.19e-21
  2.5504e+05   2.06e-21
  2.6154e+05   1.93e-21
  2.6821e+05   1.81e-21
  2.7505e+05   1.70e-21
  2.8206e+05   1.60e-21
  2.8926e+05   1.50e-21
  2.9663e+05   1.40e-21
  3.0420e+05   1.31e-21
  3.1195e+05   1.23e-21
  3.1991e+05   1.15e-21
  3.2806e+05   1.07e-21
  3.3643e+05   9.96e-22
  3.4501e+05   9.29e-22
  3.5381e+05   8.66e-22
  3.6283e+05   8.06e-22
  3.7208e+05   7.48e-22
  3.8157e+05   6.94e-22
  3.9130e+05   6.45e-22
  4.0127e+05   5.99e-22
  4.1150e+05   5.55e-22
  4.2200e+05   5.12e-22
  4.3276e+05   4.74e-22
  4.4379e+05   4.38e-22
  4.5511e+05   4.05e-22
  4.6671e+05   3.72e-22
  4.7861e+05   3.42e-22
  4.9082e+05   3.15e-22
  5.0333e+05   2.90e-22
  5.1617e+05   2.66e-22
  5.2933e+05   2.44e-22
  5.4283e+05   2.23e-22
  5.5667e+05   2.05e-22
  5.7086e+05   1.88e-22
  5.8542e+05   1.71e-22
  6.0035e+05   1.56e-22
  6.1565e+05   1.43e-22
  6.3135e+05   1.30e-22
  6.4745e+05   1.19e-22
  6.6396e+05   1.08e-22
  6.8089e+05   9.75e-23
  6.9825e+05   8.90e-23
  7.1606e+05   8.09e-23
  7.3432e+05   7.32e-23
  7.5304e+05   6.60e-23
  7.7224e+05   5.98e-23
  7.9193e+05   5.43e-23
  8.1213e+05   4.91e-23
  8.3283e+05   4.42e-23
  8.5407e+05   3.97e-23
  8.7585e+05   3.59e-23
  8.9818e+05   3.24e-23
  9.2108e+05   2.91e-23
  9.4457e+05   2.60e-23
  9.6866e+05   2.33e-23
  9.9336e+05   2.11e-23
  1.0187e+06   1.89e-23
  1.0447e+06   1.69e-23
  1.0713e+06   1.49e-23
  1.0986e+06   1.35e-23
  1.1266e+06   1.21e-23
  1.1554e+06   1.08e-23
  1.1848e+06   9.58e-24
  1.2150e+06   8.52e-24
  1.2460e+06   7.66e-24
  1.2778e+06   6.84e-24
  1.3104e+06   6.06e-24
  1.3438e+06   5.33e-24
  1.3780e+06   4.78e-24
  1.4132e+06   4.27e-24
  1.4492e+06   3.79e-24
  1.4862e+06   3.34e-24
  1.5241e+06   2.94e-24
  1.5629e+06   2.63e-24
  1.6028e+06   2.34e-24
  1.6436e+06   2.07e-24
  1.6856e+06   1.81e-24
  1.7285e+06   1.60e-24
  1.7726e+06   1.43e-24
  1.8178e+06   1.27e-24
  1.8642e+06   1.11e-24
  1.9117e+06   9.73e-25
  1.9604e+06   8.73e-25
  2.0104e+06   7.78e-25
  2.0617e+06   6.88e-25
  2.1143e+06   6.03e-25
  2.1682e+06   5.35e-25
  2.2235e+06   4.80e-25
  2.2802e+06   4.28e-25
  2.3383e+06   3.79e-25
  2.3979e+06   3.32e-25
  2.4591e+06   3.01e-25
  2.5218e+06   2.71e-25
  2.5861e+06   2.42e-25
  2.6520e+06   2.15e-25
  2.7196e+06   1.93e-25
  2.7890e+06   1.76e-25
  2.8601e+06   1.60e-25
  2.9330e+06   1.45e-25
  3.0078e+06   1.31e-25
  3.0845e+06   1.20e-25
  3.1632e+06   1.10e-25
  3.2438e+06   1.01e-25
  3.3265e+06   9.22e-26
  3.4113e+06   8.43e-26
  3.4983e+06   7.76e-26
  3.5875e+06   7.13e-26
  3.6790e+06   6.53e-26
  3.7728e+06   5.95e-26
  3.8690e+06   5.44e-26
  3.9677e+06   4.97e-26
  4.0689e+06   4.52e-26
  4.1726e+06   4.09e-26
  4.2790e+06   3.70e-26
  4.3881e+06   3.42e-26
  4.5000e+06   3.15e-26
