#  E [GeV]   # per interaction  [GeV^{-1}]
  3.0000e+01   4.80e-01
  3.1051e+01   4.62e-01
  3.2139e+01   4.45e-01
  3.3266e+01   4.28e-01
  3.4432e+01   4.12e-01
  3.5638e+01   3.96e-01
  3.6887e+01   3.81e-01
  3.8180e+01   3.67e-01
  3.9518e+01   3.53e-01
  4.0903e+01   3.39e-01
  4.2336e+01   3.26e-01
  4.3820e+01   3.14e-01
  4.5355e+01   3.02e-01
  4.6945e+01   2.90e-01
  4.8590e+01   2.79e-01
  5.0293e+01   2.68e-01
  5.2055e+01   2.57e-01
  5.3879e+01   2.47e-01
  5.5767e+01   2.37e-01
  5.7722e+01   2.28e-01
  5.9745e+01   2.19e-01
  6.1838e+01   2.10e-01
  6.4005e+01   2.02e-01
  6.6248e+01   1.93e-01
  6.8570e+01   1.86e-01
  7.0973e+01   1.78e-01
  7.3460e+01   1.71e-01
  7.6034e+01   1.64e-01
  7.8699e+01   1.57e-01
  8.1457e+01   1.50e-01
  8.4311e+01   1.44e-01
  8.7266e+01   1.38e-01
  9.0324e+01   1.32e-01
  9.3490e+01   1.27e-01
  9.6766e+01   1.21e-01
  1.0016e+02   1.16e-01
  1.0367e+02   1.11e-01
  1.0730e+02   1.06e-01
  1.1106e+02   1.01e-01
  1.1495e+02   9.69e-02
  1.1898e+02   9.26e-02
  1.2315e+02   8.84e-02
  1.2747e+02   8.44e-02
  1.3193e+02   8.06e-02
  1.3656e+02   7.69e-02
  1.4134e+02   7.33e-02
  1.4629e+02   6.99e-02
  1.5142e+02   6.67e-02
  1.5673e+02   6.35e-02
  1.6222e+02   6.05e-02
  1.6790e+02   5.76e-02
  1.7379e+02   5.48e-02
  1.7988e+02   5.21e-02
  1.8618e+02   4.95e-02
  1.9271e+02   4.70e-02
  1.9946e+02   4.47e-02
  2.0645e+02   4.24e-02
  2.1369e+02   4.02e-02
  2.2117e+02   3.81e-02
  2.2892e+02   3.61e-02
  2.3695e+02   3.42e-02
  2.4525e+02   3.23e-02
  2.5385e+02   3.06e-02
  2.6274e+02   2.89e-02
  2.7195e+02   2.73e-02
  2.8148e+02   2.58e-02
  2.9134e+02   2.43e-02
  3.0155e+02   2.29e-02
  3.1212e+02   2.16e-02
  3.2306e+02   2.03e-02
  3.3438e+02   1.91e-02
  3.4610e+02   1.80e-02
  3.5823e+02   1.69e-02
  3.7078e+02   1.58e-02
  3.8377e+02   1.48e-02
  3.9722e+02   1.39e-02
  4.1114e+02   1.30e-02
  4.2555e+02   1.22e-02
  4.4046e+02   1.14e-02
  4.5590e+02   1.06e-02
  4.7188e+02   9.94e-03
  4.8841e+02   9.28e-03
  5.0553e+02   8.65e-03
  5.2324e+02   8.06e-03
  5.4158e+02   7.50e-03
  5.6056e+02   6.98e-03
  5.8020e+02   6.49e-03
  6.0054e+02   6.03e-03
  6.2158e+02   5.60e-03
  6.4337e+02   5.20e-03
  6.6591e+02   4.82e-03
  6.8925e+02   4.47e-03
  7.1340e+02   4.14e-03
  7.3840e+02   3.83e-03
  7.6428e+02   3.54e-03
  7.9106e+02   3.28e-03
  8.1878e+02   3.03e-03
  8.4748e+02   2.80e-03
  8.7718e+02   2.59e-03
  9.0792e+02   2.39e-03
  9.3973e+02   2.21e-03
  9.7267e+02   2.04e-03
  1.0068e+03   1.88e-03
  1.0420e+03   1.73e-03
  1.0785e+03   1.60e-03
  1.1163e+03   1.48e-03
  1.1555e+03   1.36e-03
  1.1960e+03   1.25e-03
  1.2379e+03   1.16e-03
  1.2813e+03   1.07e-03
  1.3262e+03   9.81e-04
  1.3726e+03   9.03e-04
  1.4207e+03   8.32e-04
  1.4705e+03   7.66e-04
  1.5220e+03   7.04e-04
  1.5754e+03   6.49e-04
  1.6306e+03   5.97e-04
  1.6877e+03   5.48e-04
  1.7469e+03   5.04e-04
  1.8081e+03   4.64e-04
  1.8715e+03   4.26e-04
  1.9370e+03   3.91e-04
  2.0049e+03   3.59e-04
  2.0752e+03   3.29e-04
  2.1479e+03   3.02e-04
  2.2232e+03   2.77e-04
  2.3011e+03   2.54e-04
  2.3817e+03   2.32e-04
  2.4652e+03   2.13e-04
  2.5516e+03   1.95e-04
  2.6410e+03   1.78e-04
  2.7336e+03   1.62e-04
  2.8294e+03   1.48e-04
  2.9285e+03   1.35e-04
  3.0311e+03   1.23e-04
  3.1374e+03   1.12e-04
  3.2473e+03   1.02e-04
  3.3611e+03   9.20e-05
  3.4789e+03   8.36e-05
  3.6008e+03   7.58e-05
  3.7270e+03   6.84e-05
  3.8576e+03   6.18e-05
  3.9928e+03   5.59e-05
  4.1327e+03   5.03e-05
  4.2775e+03   4.52e-05
  4.4274e+03   4.07e-05
  4.5826e+03   3.66e-05
  4.7432e+03   3.27e-05
  4.9094e+03   2.93e-05
  5.0815e+03   2.62e-05
  5.2595e+03   2.33e-05
  5.4438e+03   2.07e-05
  5.6346e+03   1.84e-05
  5.8321e+03   1.63e-05
  6.0365e+03   1.44e-05
  6.2480e+03   1.27e-05
  6.4670e+03   1.12e-05
  6.6936e+03   9.81e-06
  6.9282e+03   8.62e-06
  7.1709e+03   7.55e-06
  7.4222e+03   6.57e-06
  7.6823e+03   5.72e-06
  7.9516e+03   4.98e-06
  8.2302e+03   4.31e-06
  8.5186e+03   3.70e-06
  8.8172e+03   3.20e-06
  9.1262e+03   2.75e-06
  9.4460e+03   2.34e-06
  9.7770e+03   2.00e-06
  1.0120e+04   1.70e-06
  1.0474e+04   1.44e-06
  1.0841e+04   1.21e-06
  1.1221e+04   1.02e-06
  1.1614e+04   8.52e-07
  1.2022e+04   7.06e-07
  1.2443e+04   5.87e-07
  1.2879e+04   4.83e-07
  1.3330e+04   3.92e-07
  1.3797e+04   3.19e-07
  1.4281e+04   2.56e-07
  1.4781e+04   2.03e-07
  1.5299e+04   1.59e-07
  1.5835e+04   1.24e-07
  1.6390e+04   9.41e-08
  1.6965e+04   7.00e-08
  1.7559e+04   5.21e-08
  1.8175e+04   3.76e-08
  1.8812e+04   2.62e-08
  1.9471e+04   1.80e-08
  2.0153e+04   1.20e-08
  2.0859e+04   7.55e-09
  2.1590e+04   4.63e-09
  2.2347e+04   2.78e-09
  2.3130e+04   1.53e-09
  2.3941e+04   7.65e-10
  2.4780e+04   4.22e-10
  2.5648e+04   1.94e-10
  2.6547e+04   7.45e-11
  2.7477e+04   2.45e-11
  2.8440e+04   6.59e-12
