#  E [GeV]   # per interaction  [GeV^{-1}]
  3.0000e+01   3.51e-01
  3.0696e+01   3.39e-01
  3.1408e+01   3.27e-01
  3.2137e+01   3.16e-01
  3.2883e+01   3.05e-01
  3.3646e+01   2.95e-01
  3.4426e+01   2.84e-01
  3.5225e+01   2.74e-01
  3.6042e+01   2.64e-01
  3.6878e+01   2.55e-01
  3.7734e+01   2.46e-01
  3.8609e+01   2.37e-01
  3.9505e+01   2.28e-01
  4.0422e+01   2.20e-01
  4.1360e+01   2.12e-01
  4.2319e+01   2.04e-01
  4.3301e+01   1.96e-01
  4.4306e+01   1.89e-01
  4.5334e+01   1.82e-01
  4.6386e+01   1.75e-01
  4.7462e+01   1.69e-01
  4.8563e+01   1.62e-01
  4.9690e+01   1.56e-01
  5.0843e+01   1.50e-01
  5.2022e+01   1.45e-01
  5.3229e+01   1.39e-01
  5.4464e+01   1.34e-01
  5.5728e+01   1.29e-01
  5.7021e+01   1.24e-01
  5.8344e+01   1.19e-01
  5.9697e+01   1.15e-01
  6.1083e+01   1.10e-01
  6.2500e+01   1.06e-01
  6.3950e+01   1.02e-01
  6.5434e+01   9.77e-02
  6.6952e+01   9.38e-02
  6.8505e+01   9.01e-02
  7.0095e+01   8.64e-02
  7.1721e+01   8.29e-02
  7.3385e+01   7.95e-02
  7.5088e+01   7.62e-02
  7.6830e+01   7.31e-02
  7.8612e+01   7.00e-02
  8.0436e+01   6.71e-02
  8.2302e+01   6.42e-02
  8.4212e+01   6.15e-02
  8.6166e+01   5.88e-02
  8.8165e+01   5.63e-02
  9.0210e+01   5.38e-02
  9.2304e+01   5.15e-02
  9.4445e+01   4.92e-02
  9.6636e+01   4.70e-02
  9.8878e+01   4.49e-02
  1.0117e+02   4.29e-02
  1.0352e+02   4.09e-02
  1.0592e+02   3.90e-02
  1.0838e+02   3.73e-02
  1.1089e+02   3.55e-02
  1.1347e+02   3.39e-02
  1.1610e+02   3.23e-02
  1.1879e+02   3.07e-02
  1.2155e+02   2.93e-02
  1.2437e+02   2.78e-02
  1.2725e+02   2.65e-02
  1.3021e+02   2.52e-02
  1.3323e+02   2.39e-02
  1.3632e+02   2.27e-02
  1.3948e+02   2.16e-02
  1.4272e+02   2.05e-02
  1.4603e+02   1.94e-02
  1.4942e+02   1.84e-02
  1.5288e+02   1.74e-02
  1.5643e+02   1.65e-02
  1.6006e+02   1.56e-02
  1.6377e+02   1.48e-02
  1.6757e+02   1.40e-02
  1.7146e+02   1.32e-02
  1.7544e+02   1.25e-02
  1.7951e+02   1.18e-02
  1.8368e+02   1.11e-02
  1.8794e+02   1.04e-02
  1.9230e+02   9.85e-03
  1.9676e+02   9.28e-03
  2.0132e+02   8.72e-03
  2.0600e+02   8.20e-03
  2.1078e+02   7.69e-03
  2.1567e+02   7.23e-03
  2.2067e+02   6.79e-03
  2.2579e+02   6.36e-03
  2.3103e+02   5.95e-03
  2.3639e+02   5.56e-03
  2.4187e+02   5.21e-03
  2.4748e+02   4.88e-03
  2.5323e+02   4.56e-03
  2.5910e+02   4.25e-03
  2.6511e+02   3.95e-03
  2.7126e+02   3.69e-03
  2.7756e+02   3.43e-03
  2.8400e+02   3.19e-03
  2.9059e+02   2.96e-03
  2.9733e+02   2.74e-03
  3.0423e+02   2.55e-03
  3.1129e+02   2.36e-03
  3.1851e+02   2.19e-03
  3.2590e+02   2.02e-03
  3.3346e+02   1.86e-03
  3.4120e+02   1.72e-03
  3.4911e+02   1.59e-03
  3.5721e+02   1.46e-03
  3.6550e+02   1.35e-03
  3.7398e+02   1.23e-03
  3.8266e+02   1.14e-03
  3.9154e+02   1.04e-03
  4.0062e+02   9.58e-04
  4.0991e+02   8.75e-04
  4.1943e+02   7.97e-04
  4.2916e+02   7.32e-04
  4.3911e+02   6.70e-04
  4.4930e+02   6.12e-04
  4.5973e+02   5.56e-04
  4.7039e+02   5.04e-04
  4.8131e+02   4.60e-04
  4.9247e+02   4.20e-04
  5.0390e+02   3.81e-04
  5.1559e+02   3.45e-04
  5.2755e+02   3.10e-04
  5.3979e+02   2.83e-04
  5.5232e+02   2.56e-04
  5.6513e+02   2.32e-04
  5.7824e+02   2.08e-04
  5.9166e+02   1.86e-04
  6.0539e+02   1.69e-04
  6.1943e+02   1.53e-04
  6.3381e+02   1.37e-04
  6.4851e+02   1.23e-04
  6.6356e+02   1.09e-04
  6.7895e+02   9.88e-05
  6.9471e+02   8.90e-05
  7.1082e+02   7.97e-05
  7.2732e+02   7.10e-05
  7.4419e+02   6.29e-05
  7.6146e+02   5.66e-05
  7.7912e+02   5.08e-05
  7.9720e+02   4.54e-05
  8.1570e+02   4.03e-05
  8.3462e+02   3.56e-05
  8.5399e+02   3.19e-05
  8.7380e+02   2.86e-05
  8.9407e+02   2.55e-05
  9.1482e+02   2.25e-05
  9.3604e+02   1.98e-05
  9.5776e+02   1.77e-05
  9.7998e+02   1.59e-05
  1.0027e+03   1.41e-05
  1.0260e+03   1.24e-05
  1.0498e+03   1.09e-05
  1.0741e+03   9.73e-06
  1.0991e+03   8.69e-06
  1.1246e+03   7.71e-06
  1.1507e+03   6.79e-06
  1.1774e+03   5.93e-06
  1.2047e+03   5.30e-06
  1.2326e+03   4.74e-06
  1.2612e+03   4.21e-06
  1.2905e+03   3.71e-06
  1.3204e+03   3.25e-06
  1.3511e+03   2.91e-06
  1.3824e+03   2.61e-06
  1.4145e+03   2.32e-06
  1.4473e+03   2.06e-06
  1.4809e+03   1.81e-06
  1.5152e+03   1.63e-06
  1.5504e+03   1.47e-06
  1.5864e+03   1.32e-06
  1.6232e+03   1.17e-06
  1.6608e+03   1.04e-06
  1.6994e+03   9.42e-07
  1.7388e+03   8.59e-07
  1.7791e+03   7.81e-07
  1.8204e+03   7.06e-07
  1.8626e+03   6.36e-07
  1.9059e+03   5.83e-07
  1.9501e+03   5.37e-07
  1.9953e+03   4.93e-07
  2.0416e+03   4.52e-07
  2.0890e+03   4.13e-07
  2.1375e+03   3.81e-07
  2.1870e+03   3.53e-07
  2.2378e+03   3.26e-07
  2.2897e+03   3.01e-07
  2.3428e+03   2.76e-07
  2.3972e+03   2.55e-07
  2.4528e+03   2.34e-07
  2.5097e+03   2.15e-07
  2.5680e+03   1.97e-07
  2.6275e+03   1.80e-07
  2.6885e+03   1.67e-07
  2.7509e+03   1.56e-07
  2.8147e+03   1.45e-07
  2.8800e+03   1.36e-07
