#  E [MeV]   Flux [# cm^{-2} s^{-1}  MeV^{-1}]
  3.0000e+04   4.76e-26
  3.1232e+04   4.55e-26
  3.2514e+04   4.36e-26
  3.3849e+04   4.17e-26
  3.5238e+04   3.98e-26
  3.6685e+04   3.81e-26
  3.8191e+04   3.64e-26
  3.9759e+04   3.48e-26
  4.1391e+04   3.33e-26
  4.3090e+04   3.18e-26
  4.4859e+04   3.04e-26
  4.6701e+04   2.91e-26
  4.8618e+04   2.78e-26
  5.0614e+04   2.65e-26
  5.2692e+04   2.53e-26
  5.4855e+04   2.42e-26
  5.7107e+04   2.31e-26
  5.9451e+04   2.21e-26
  6.1892e+04   2.11e-26
  6.4433e+04   2.02e-26
  6.7078e+04   1.93e-26
  6.9832e+04   1.84e-26
  7.2699e+04   1.75e-26
  7.5683e+04   1.68e-26
  7.8790e+04   1.60e-26
  8.2025e+04   1.53e-26
  8.5392e+04   1.46e-26
  8.8898e+04   1.39e-26
  9.2547e+04   1.33e-26
  9.6347e+04   1.26e-26
  1.0030e+05   1.21e-26
  1.0442e+05   1.15e-26
  1.0871e+05   1.10e-26
  1.1317e+05   1.04e-26
  1.1782e+05   9.96e-27
  1.2265e+05   9.49e-27
  1.2769e+05   9.04e-27
  1.3293e+05   8.61e-27
  1.3839e+05   8.19e-27
  1.4407e+05   7.80e-27
  1.4998e+05   7.42e-27
  1.5614e+05   7.06e-27
  1.6255e+05   6.71e-27
  1.6922e+05   6.38e-27
  1.7617e+05   6.06e-27
  1.8340e+05   5.76e-27
  1.9093e+05   5.47e-27
  1.9877e+05   5.19e-27
  2.0693e+05   4.92e-27
  2.1543e+05   4.67e-27
  2.2427e+05   4.42e-27
  2.3348e+05   4.19e-27
  2.4306e+05   3.97e-27
  2.5304e+05   3.75e-27
  2.6343e+05   3.55e-27
  2.7424e+05   3.35e-27
  2.8550e+05   3.17e-27
  2.9722e+05   2.99e-27
  3.0942e+05   2.82e-27
  3.2213e+05   2.65e-27
  3.3535e+05   2.50e-27
  3.4912e+05   2.35e-27
  3.6345e+05   2.21e-27
  3.7837e+05   2.08e-27
  3.9390e+05   1.95e-27
  4.1008e+05   1.83e-27
  4.2691e+05   1.71e-27
  4.4444e+05   1.60e-27
  4.6268e+05   1.50e-27
  4.8168e+05   1.40e-27
  5.0145e+05   1.31e-27
  5.2204e+05   1.22e-27
  5.4347e+05   1.14e-27
  5.6578e+05   1.06e-27
  5.8901e+05   9.88e-28
  6.1319e+05   9.19e-28
  6.3836e+05   8.55e-28
  6.6457e+05   7.94e-28
  6.9185e+05   7.37e-28
  7.2025e+05   6.84e-28
  7.4982e+05   6.35e-28
  7.8061e+05   5.89e-28
  8.1265e+05   5.45e-28
  8.4601e+05   5.05e-28
  8.8075e+05   4.68e-28
  9.1690e+05   4.33e-28
  9.5455e+05   4.01e-28
  9.9373e+05   3.71e-28
  1.0345e+06   3.43e-28
  1.0770e+06   3.18e-28
  1.1212e+06   2.94e-28
  1.1672e+06   2.72e-28
  1.2152e+06   2.51e-28
  1.2650e+06   2.32e-28
  1.3170e+06   2.15e-28
  1.3711e+06   1.98e-28
  1.4273e+06   1.84e-28
  1.4859e+06   1.70e-28
  1.5469e+06   1.57e-28
  1.6104e+06   1.45e-28
  1.6766e+06   1.34e-28
  1.7454e+06   1.24e-28
  1.8170e+06   1.14e-28
  1.8916e+06   1.05e-28
  1.9693e+06   9.74e-29
  2.0501e+06   8.99e-29
  2.1343e+06   8.29e-29
  2.2219e+06   7.64e-29
  2.3131e+06   7.04e-29
  2.4081e+06   6.48e-29
  2.5070e+06   5.97e-29
  2.6099e+06   5.49e-29
  2.7170e+06   5.04e-29
  2.8286e+06   4.63e-29
  2.9447e+06   4.25e-29
  3.0656e+06   3.90e-29
  3.1914e+06   3.57e-29
  3.3225e+06   3.26e-29
  3.4589e+06   2.98e-29
  3.6008e+06   2.72e-29
  3.7487e+06   2.48e-29
  3.9026e+06   2.26e-29
  4.0628e+06   2.05e-29
  4.2296e+06   1.86e-29
  4.4032e+06   1.68e-29
  4.5840e+06   1.52e-29
  4.7722e+06   1.37e-29
  4.9681e+06   1.23e-29
  5.1720e+06   1.11e-29
  5.3844e+06   9.91e-30
  5.6054e+06   8.86e-30
  5.8355e+06   7.89e-30
  6.0751e+06   7.00e-30
  6.3245e+06   6.21e-30
  6.5841e+06   5.48e-30
  6.8544e+06   4.81e-30
  7.1358e+06   4.22e-30
  7.4288e+06   3.68e-30
  7.7338e+06   3.20e-30
  8.0513e+06   2.77e-30
  8.3818e+06   2.38e-30
  8.7259e+06   2.03e-30
  9.0841e+06   1.73e-30
  9.4571e+06   1.45e-30
  9.8453e+06   1.22e-30
  1.0249e+07   1.01e-30
  1.0670e+07   8.33e-31
  1.1108e+07   6.81e-31
  1.1564e+07   5.50e-31
  1.2039e+07   4.37e-31
  1.2533e+07   3.46e-31
  1.3048e+07   2.68e-31
  1.3584e+07   2.04e-31
  1.4141e+07   1.54e-31
  1.4722e+07   1.13e-31
  1.5326e+07   8.12e-32
  1.5955e+07   5.72e-32
  1.6610e+07   3.89e-32
  1.7292e+07   2.56e-32
  1.8002e+07   1.63e-32
  1.8741e+07   9.91e-33
  1.9511e+07   5.74e-33
  2.0312e+07   3.15e-33
  2.1145e+07   1.61e-33
  2.2013e+07   7.68e-34
  2.2917e+07   3.35e-34
  2.3858e+07   1.31e-34
  2.4837e+07   4.55e-35
  2.5857e+07   1.36e-35
  2.6919e+07   3.40e-36
  2.8024e+07   7.01e-37
  2.9174e+07   1.11e-37
  3.0372e+07   1.29e-38
  3.1619e+07   1.05e-39
  3.2917e+07   5.34e-41
  3.4268e+07   1.53e-42
  3.5675e+07   2.19e-44
  3.7140e+07   1.27e-46
  3.8664e+07   2.39e-49
  4.0252e+07   1.08e-52
  4.1904e+07   7.53e-57
  4.3624e+07   4.77e-62
  4.5415e+07   1.30e-68
  4.7280e+07   2.74e-72
  4.9221e+07   2.29e-72
  5.1241e+07   1.93e-72
  5.3345e+07   1.58e-72
  5.5535e+07   1.33e-72
  5.7815e+07   1.11e-72
  6.0188e+07   9.04e-73
  6.2659e+07   7.57e-73
  6.5232e+07   6.23e-73
  6.7910e+07   5.00e-73
  7.0698e+07   4.16e-73
  7.3600e+07   3.38e-73
  7.6621e+07   2.68e-73
  7.9767e+07   2.14e-73
  8.3042e+07   1.64e-73
  8.6451e+07   1.21e-73
  9.0000e+07   8.75e-74
