#  E [MeV]   Flux [# cm^{-2} s^{-1}  MeV^{-1}]
  3.0000e+04   2.33e-19
  3.0943e+04   2.26e-19
  3.1916e+04   2.18e-19
  3.2920e+04   2.11e-19
  3.3955e+04   2.04e-19
  3.5023e+04   1.97e-19
  3.6124e+04   1.90e-19
  3.7260e+04   1.84e-19
  3.8432e+04   1.78e-19
  3.9640e+04   1.72e-19
  4.0887e+04   1.66e-19
  4.2172e+04   1.60e-19
  4.3499e+04   1.55e-19
  4.4866e+04   1.49e-19
  4.6277e+04   1.44e-19
  4.7732e+04   1.39e-19
  4.9233e+04   1.34e-19
  5.0781e+04   1.29e-19
  5.2378e+04   1.24e-19
  5.4025e+04   1.20e-19
  5.5724e+04   1.16e-19
  5.7476e+04   1.11e-19
  5.9284e+04   1.07e-19
  6.1148e+04   1.03e-19
  6.3071e+04   9.92e-20
  6.5054e+04   9.55e-20
  6.7100e+04   9.18e-20
  6.9210e+04   8.83e-20
  7.1386e+04   8.49e-20
  7.3631e+04   8.16e-20
  7.5946e+04   7.84e-20
  7.8334e+04   7.53e-20
  8.0797e+04   7.23e-20
  8.3338e+04   6.94e-20
  8.5959e+04   6.66e-20
  8.8662e+04   6.38e-20
  9.1450e+04   6.12e-20
  9.4325e+04   5.86e-20
  9.7291e+04   5.62e-20
  1.0035e+05   5.38e-20
  1.0351e+05   5.15e-20
  1.0676e+05   4.93e-20
  1.1012e+05   4.71e-20
  1.1358e+05   4.50e-20
  1.1715e+05   4.31e-20
  1.2084e+05   4.11e-20
  1.2464e+05   3.93e-20
  1.2856e+05   3.75e-20
  1.3260e+05   3.58e-20
  1.3677e+05   3.42e-20
  1.4107e+05   3.26e-20
  1.4550e+05   3.10e-20
  1.5008e+05   2.96e-20
  1.5480e+05   2.82e-20
  1.5967e+05   2.68e-20
  1.6469e+05   2.55e-20
  1.6987e+05   2.43e-20
  1.7521e+05   2.30e-20
  1.8072e+05   2.19e-20
  1.8640e+05   2.08e-20
  1.9226e+05   1.97e-20
  1.9831e+05   1.87e-20
  2.0454e+05   1.77e-20
  2.1097e+05   1.68e-20
  2.1761e+05   1.59e-20
  2.2445e+05   1.51e-20
  2.3151e+05   1.43e-20
  2.3879e+05   1.35e-20
  2.4630e+05   1.28e-20
  2.5404e+05   1.21e-20
  2.6203e+05   1.14e-20
  2.7027e+05   1.08e-20
  2.7877e+05   1.02e-20
  2.8753e+05   9.60e-21
  2.9657e+05   9.05e-21
  3.0590e+05   8.53e-21
  3.1552e+05   8.03e-21
  3.2544e+05   7.56e-21
  3.3567e+05   7.11e-21
  3.4623e+05   6.68e-21
  3.5712e+05   6.28e-21
  3.6835e+05   5.89e-21
  3.7993e+05   5.52e-21
  3.9188e+05   5.18e-21
  4.0420e+05   4.85e-21
  4.1691e+05   4.54e-21
  4.3002e+05   4.24e-21
  4.4354e+05   3.97e-21
  4.5749e+05   3.71e-21
  4.7187e+05   3.46e-21
  4.8671e+05   3.23e-21
  5.0202e+05   3.01e-21
  5.1780e+05   2.80e-21
  5.3409e+05   2.61e-21
  5.5088e+05   2.43e-21
  5.6820e+05   2.26e-21
  5.8607e+05   2.10e-21
  6.0450e+05   1.95e-21
  6.2351e+05   1.81e-21
  6.4311e+05   1.67e-21
  6.6334e+05   1.55e-21
  6.8419e+05   1.43e-21
  7.0571e+05   1.33e-21
  7.2790e+05   1.23e-21
  7.5079e+05   1.13e-21
  7.7440e+05   1.05e-21
  7.9875e+05   9.66e-22
  8.2387e+05   8.90e-22
  8.4977e+05   8.19e-22
  8.7649e+05   7.54e-22
  9.0405e+05   6.95e-22
  9.3248e+05   6.39e-22
  9.6180e+05   5.86e-22
  9.9205e+05   5.39e-22
  1.0232e+06   4.95e-22
  1.0554e+06   4.54e-22
  1.0886e+06   4.15e-22
  1.1228e+06   3.81e-22
  1.1581e+06   3.49e-22
  1.1946e+06   3.19e-22
  1.2321e+06   2.91e-22
  1.2709e+06   2.67e-22
  1.3108e+06   2.44e-22
  1.3521e+06   2.22e-22
  1.3946e+06   2.03e-22
  1.4384e+06   1.85e-22
  1.4837e+06   1.68e-22
  1.5303e+06   1.53e-22
  1.5784e+06   1.39e-22
  1.6281e+06   1.27e-22
  1.6793e+06   1.15e-22
  1.7321e+06   1.04e-22
  1.7865e+06   9.48e-23
  1.8427e+06   8.60e-23
  1.9006e+06   7.78e-23
  1.9604e+06   7.04e-23
  2.0221e+06   6.39e-23
  2.0856e+06   5.78e-23
  2.1512e+06   5.20e-23
  2.2189e+06   4.70e-23
  2.2886e+06   4.25e-23
  2.3606e+06   3.83e-23
  2.4348e+06   3.43e-23
  2.5114e+06   3.11e-23
  2.5904e+06   2.80e-23
  2.6718e+06   2.51e-23
  2.7558e+06   2.25e-23
  2.8425e+06   2.03e-23
  2.9319e+06   1.82e-23
  3.0241e+06   1.62e-23
  3.1192e+06   1.45e-23
  3.2173e+06   1.30e-23
  3.3184e+06   1.16e-23
  3.4228e+06   1.03e-23
  3.5304e+06   9.24e-24
  3.6414e+06   8.26e-24
  3.7559e+06   7.34e-24
  3.8740e+06   6.49e-24
  3.9958e+06   5.81e-24
  4.1215e+06   5.17e-24
  4.2511e+06   4.57e-24
  4.3848e+06   4.04e-24
  4.5227e+06   3.60e-24
  4.6649e+06   3.19e-24
  4.8116e+06   2.80e-24
  4.9629e+06   2.48e-24
  5.1189e+06   2.20e-24
  5.2799e+06   1.94e-24
  5.4459e+06   1.70e-24
  5.6171e+06   1.51e-24
  5.7938e+06   1.33e-24
  5.9760e+06   1.17e-24
  6.1639e+06   1.02e-24
  6.3577e+06   9.03e-25
  6.5576e+06   7.91e-25
  6.7638e+06   6.86e-25
  6.9765e+06   5.99e-25
  7.1959e+06   5.27e-25
  7.4222e+06   4.60e-25
  7.6556e+06   3.97e-25
  7.8963e+06   3.49e-25
  8.1446e+06   3.07e-25
  8.4007e+06   2.68e-25
  8.6649e+06   2.32e-25
  8.9373e+06   2.07e-25
  9.2184e+06   1.83e-25
  9.5082e+06   1.61e-25
  9.8072e+06   1.42e-25
  1.0116e+07   1.27e-25
  1.0434e+07   1.13e-25
  1.0762e+07   9.97e-26
  1.1100e+07   8.93e-26
  1.1449e+07   8.05e-26
  1.1809e+07   7.22e-26
  1.2181e+07   6.45e-26
  1.2564e+07   5.81e-26
  1.2959e+07   5.22e-26
  1.3366e+07   4.67e-26
  1.3786e+07   4.15e-26
  1.4220e+07   3.68e-26
