#  E [MeV]   Flux [# cm^{-2} s^{-1}  MeV^{-1}]
  3.0000e+04   3.86e-26
  3.1232e+04   3.69e-26
  3.2514e+04   3.53e-26
  3.3849e+04   3.38e-26
  3.5238e+04   3.23e-26
  3.6685e+04   3.09e-26
  3.8191e+04   2.95e-26
  3.9759e+04   2.82e-26
  4.1391e+04   2.70e-26
  4.3090e+04   2.58e-26
  4.4859e+04   2.47e-26
  4.6701e+04   2.36e-26
  4.8618e+04   2.25e-26
  5.0614e+04   2.15e-26
  5.2692e+04   2.06e-26
  5.4855e+04   1.96e-26
  5.7107e+04   1.88e-26
  5.9451e+04   1.79e-26
  6.1892e+04   1.71e-26
  6.4433e+04   1.63e-26
  6.7078e+04   1.56e-26
  6.9832e+04   1.49e-26
  7.2699e+04   1.42e-26
  7.5683e+04   1.36e-26
  7.8790e+04   1.30e-26
  8.2025e+04   1.24e-26
  8.5392e+04   1.18e-26
  8.8898e+04   1.13e-26
  9.2547e+04   1.08e-26
  9.6347e+04   1.03e-26
  1.0030e+05   9.78e-27
  1.0442e+05   9.33e-27
  1.0871e+05   8.89e-27
  1.1317e+05   8.47e-27
  1.1782e+05   8.08e-27
  1.2265e+05   7.70e-27
  1.2769e+05   7.33e-27
  1.3293e+05   6.98e-27
  1.3839e+05   6.65e-27
  1.4407e+05   6.33e-27
  1.4998e+05   6.02e-27
  1.5614e+05   5.73e-27
  1.6255e+05   5.45e-27
  1.6922e+05   5.18e-27
  1.7617e+05   4.92e-27
  1.8340e+05   4.67e-27
  1.9093e+05   4.44e-27
  1.9877e+05   4.21e-27
  2.0693e+05   3.99e-27
  2.1543e+05   3.79e-27
  2.2427e+05   3.59e-27
  2.3348e+05   3.40e-27
  2.4306e+05   3.22e-27
  2.5304e+05   3.05e-27
  2.6343e+05   2.88e-27
  2.7424e+05   2.72e-27
  2.8550e+05   2.57e-27
  2.9722e+05   2.43e-27
  3.0942e+05   2.29e-27
  3.2213e+05   2.16e-27
  3.3535e+05   2.03e-27
  3.4912e+05   1.91e-27
  3.6345e+05   1.79e-27
  3.7837e+05   1.69e-27
  3.9390e+05   1.58e-27
  4.1008e+05   1.48e-27
  4.2691e+05   1.39e-27
  4.4444e+05   1.30e-27
  4.6268e+05   1.22e-27
  4.8168e+05   1.14e-27
  5.0145e+05   1.06e-27
  5.2204e+05   9.93e-28
  5.4347e+05   9.26e-28
  5.6578e+05   8.63e-28
  5.8901e+05   8.04e-28
  6.1319e+05   7.48e-28
  6.3836e+05   6.95e-28
  6.6457e+05   6.46e-28
  6.9185e+05   6.00e-28
  7.2025e+05   5.57e-28
  7.4982e+05   5.17e-28
  7.8061e+05   4.79e-28
  8.1265e+05   4.44e-28
  8.4601e+05   4.11e-28
  8.8075e+05   3.81e-28
  9.1690e+05   3.53e-28
  9.5455e+05   3.27e-28
  9.9373e+05   3.02e-28
  1.0345e+06   2.80e-28
  1.0770e+06   2.59e-28
  1.1212e+06   2.39e-28
  1.1672e+06   2.21e-28
  1.2152e+06   2.05e-28
  1.2650e+06   1.89e-28
  1.3170e+06   1.75e-28
  1.3711e+06   1.62e-28
  1.4273e+06   1.50e-28
  1.4859e+06   1.38e-28
  1.5469e+06   1.28e-28
  1.6104e+06   1.18e-28
  1.6766e+06   1.09e-28
  1.7454e+06   1.01e-28
  1.8170e+06   9.32e-29
  1.8916e+06   8.61e-29
  1.9693e+06   7.95e-29
  2.0501e+06   7.33e-29
  2.1343e+06   6.76e-29
  2.2219e+06   6.24e-29
  2.3131e+06   5.75e-29
  2.4081e+06   5.29e-29
  2.5070e+06   4.87e-29
  2.6099e+06   4.48e-29
  2.7170e+06   4.12e-29
  2.8286e+06   3.78e-29
  2.9447e+06   3.47e-29
  3.0656e+06   3.18e-29
  3.1914e+06   2.91e-29
  3.3225e+06   2.67e-29
  3.4589e+06   2.44e-29
  3.6008e+06   2.22e-29
  3.7487e+06   2.03e-29
  3.9026e+06   1.84e-29
  4.0628e+06   1.68e-29
  4.2296e+06   1.52e-29
  4.4032e+06   1.38e-29
  4.5840e+06   1.24e-29
  4.7722e+06   1.12e-29
  4.9681e+06   1.01e-29
  5.1720e+06   9.06e-30
  5.3844e+06   8.11e-30
  5.6054e+06   7.25e-30
  5.8355e+06   6.46e-30
  6.0751e+06   5.74e-30
  6.3245e+06   5.09e-30
  6.5841e+06   4.49e-30
  6.8544e+06   3.95e-30
  7.1358e+06   3.46e-30
  7.4288e+06   3.02e-30
  7.7338e+06   2.62e-30
  8.0513e+06   2.27e-30
  8.3818e+06   1.95e-30
  8.7259e+06   1.67e-30
  9.0841e+06   1.42e-30
  9.4571e+06   1.20e-30
  9.8453e+06   1.00e-30
  1.0249e+07   8.36e-31
  1.0670e+07   6.87e-31
  1.1108e+07   5.62e-31
  1.1564e+07   4.55e-31
  1.2039e+07   3.62e-31
  1.2533e+07   2.86e-31
  1.3048e+07   2.23e-31
  1.3584e+07   1.70e-31
  1.4141e+07   1.28e-31
  1.4722e+07   9.45e-32
  1.5326e+07   6.80e-32
  1.5955e+07   4.79e-32
  1.6610e+07   3.27e-32
  1.7292e+07   2.16e-32
  1.8002e+07   1.38e-32
  1.8741e+07   8.41e-33
  1.9511e+07   4.90e-33
  2.0312e+07   2.70e-33
  2.1145e+07   1.39e-33
  2.2013e+07   6.66e-34
  2.2917e+07   2.92e-34
  2.3858e+07   1.15e-34
  2.4837e+07   4.04e-35
  2.5857e+07   1.22e-35
  2.6919e+07   3.09e-36
  2.8024e+07   6.46e-37
  2.9174e+07   1.04e-37
  3.0372e+07   1.23e-38
  3.1619e+07   1.03e-39
  3.2917e+07   5.36e-41
  3.4268e+07   1.59e-42
  3.5675e+07   2.36e-44
  3.7140e+07   1.43e-46
  3.8664e+07   2.85e-49
  4.0252e+07   1.38e-52
  4.1904e+07   1.05e-56
  4.3624e+07   7.35e-62
  4.5415e+07   2.27e-68
  4.7280e+07   2.22e-72
  4.9221e+07   1.86e-72
  5.1241e+07   1.56e-72
  5.3345e+07   1.29e-72
  5.5535e+07   1.08e-72
  5.7815e+07   9.00e-73
  6.0188e+07   7.34e-73
  6.2659e+07   6.15e-73
  6.5232e+07   5.06e-73
  6.7910e+07   4.06e-73
  7.0698e+07   3.38e-73
  7.3600e+07   2.75e-73
  7.6621e+07   2.18e-73
  7.9767e+07   1.74e-73
  8.3042e+07   1.33e-73
  8.6451e+07   9.81e-74
  9.0000e+07   7.12e-74
