#  E [MeV]   Flux [# cm^{-2} s^{-1}  MeV^{-1}]
  3.0000e+04   1.87e-25
  3.0962e+04   1.81e-25
  3.1955e+04   1.74e-25
  3.2979e+04   1.68e-25
  3.4037e+04   1.62e-25
  3.5128e+04   1.56e-25
  3.6254e+04   1.51e-25
  3.7417e+04   1.45e-25
  3.8616e+04   1.40e-25
  3.9855e+04   1.35e-25
  4.1132e+04   1.30e-25
  4.2451e+04   1.26e-25
  4.3812e+04   1.21e-25
  4.5217e+04   1.17e-25
  4.6667e+04   1.12e-25
  4.8163e+04   1.08e-25
  4.9707e+04   1.04e-25
  5.1301e+04   1.01e-25
  5.2946e+04   9.70e-26
  5.4644e+04   9.34e-26
  5.6396e+04   9.00e-26
  5.8204e+04   8.67e-26
  6.0070e+04   8.36e-26
  6.1996e+04   8.05e-26
  6.3984e+04   7.76e-26
  6.6035e+04   7.47e-26
  6.8153e+04   7.20e-26
  7.0338e+04   6.94e-26
  7.2593e+04   6.69e-26
  7.4921e+04   6.44e-26
  7.7323e+04   6.21e-26
  7.9802e+04   5.98e-26
  8.2361e+04   5.77e-26
  8.5002e+04   5.56e-26
  8.7727e+04   5.36e-26
  9.0540e+04   5.17e-26
  9.3443e+04   4.98e-26
  9.6439e+04   4.81e-26
  9.9531e+04   4.64e-26
  1.0272e+05   4.47e-26
  1.0602e+05   4.32e-26
  1.0942e+05   4.17e-26
  1.1292e+05   4.02e-26
  1.1654e+05   3.88e-26
  1.2028e+05   3.75e-26
  1.2414e+05   3.62e-26
  1.2812e+05   3.50e-26
  1.3223e+05   3.39e-26
  1.3646e+05   3.27e-26
  1.4084e+05   3.16e-26
  1.4536e+05   3.06e-26
  1.5002e+05   2.96e-26
  1.5483e+05   2.86e-26
  1.5979e+05   2.77e-26
  1.6491e+05   2.68e-26
  1.7020e+05   2.60e-26
  1.7566e+05   2.52e-26
  1.8129e+05   2.44e-26
  1.8710e+05   2.36e-26
  1.9310e+05   2.29e-26
  1.9929e+05   2.22e-26
  2.0568e+05   2.16e-26
  2.1228e+05   2.09e-26
  2.1909e+05   2.03e-26
  2.2611e+05   1.97e-26
  2.3336e+05   1.92e-26
  2.4084e+05   1.86e-26
  2.4856e+05   1.81e-26
  2.5653e+05   1.76e-26
  2.6476e+05   1.71e-26
  2.7325e+05   1.66e-26
  2.8201e+05   1.62e-26
  2.9105e+05   1.58e-26
  3.0038e+05   1.53e-26
  3.1002e+05   1.49e-26
  3.1996e+05   1.45e-26
  3.3021e+05   1.42e-26
  3.4080e+05   1.38e-26
  3.5173e+05   1.34e-26
  3.6301e+05   1.31e-26
  3.7465e+05   1.28e-26
  3.8666e+05   1.24e-26
  3.9905e+05   1.21e-26
  4.1185e+05   1.18e-26
  4.2506e+05   1.15e-26
  4.3868e+05   1.12e-26
  4.5275e+05   1.10e-26
  4.6727e+05   1.07e-26
  4.8225e+05   1.04e-26
  4.9771e+05   1.02e-26
  5.1367e+05   9.93e-27
  5.3014e+05   9.69e-27
  5.4714e+05   9.45e-27
  5.6468e+05   9.22e-27
  5.8278e+05   9.00e-27
  6.0147e+05   8.78e-27
  6.2075e+05   8.57e-27
  6.4066e+05   8.36e-27
  6.6120e+05   8.15e-27
  6.8240e+05   7.95e-27
  7.0428e+05   7.76e-27
  7.2686e+05   7.57e-27
  7.5017e+05   7.39e-27
  7.7422e+05   7.20e-27
  7.9904e+05   7.03e-27
  8.2466e+05   6.85e-27
  8.5110e+05   6.68e-27
  8.7839e+05   6.52e-27
  9.0656e+05   6.35e-27
  9.3562e+05   6.19e-27
  9.6562e+05   6.03e-27
  9.9658e+05   5.88e-27
  1.0285e+06   5.73e-27
  1.0615e+06   5.58e-27
  1.0956e+06   5.43e-27
  1.1307e+06   5.29e-27
  1.1669e+06   5.15e-27
  1.2043e+06   5.01e-27
  1.2430e+06   4.88e-27
  1.2828e+06   4.75e-27
  1.3239e+06   4.61e-27
  1.3664e+06   4.49e-27
  1.4102e+06   4.36e-27
  1.4554e+06   4.24e-27
  1.5021e+06   4.12e-27
  1.5502e+06   4.00e-27
  1.6000e+06   3.88e-27
  1.6513e+06   3.77e-27
  1.7042e+06   3.65e-27
  1.7588e+06   3.54e-27
  1.8152e+06   3.43e-27
  1.8734e+06   3.32e-27
  1.9335e+06   3.22e-27
  1.9955e+06   3.11e-27
  2.0595e+06   3.01e-27
  2.1255e+06   2.91e-27
  2.1937e+06   2.81e-27
  2.2640e+06   2.71e-27
  2.3366e+06   2.62e-27
  2.4115e+06   2.52e-27
  2.4888e+06   2.43e-27
  2.5686e+06   2.34e-27
  2.6510e+06   2.25e-27
  2.7360e+06   2.17e-27
  2.8237e+06   2.08e-27
  2.9142e+06   2.00e-27
  3.0077e+06   1.91e-27
  3.1041e+06   1.84e-27
  3.2036e+06   1.76e-27
  3.3064e+06   1.68e-27
  3.4124e+06   1.60e-27
  3.5218e+06   1.53e-27
  3.6347e+06   1.46e-27
  3.7512e+06   1.38e-27
  3.8715e+06   1.32e-27
  3.9957e+06   1.25e-27
  4.1238e+06   1.18e-27
  4.2560e+06   1.12e-27
  4.3924e+06   1.06e-27
  4.5333e+06   1.00e-27
  4.6786e+06   9.44e-28
  4.8286e+06   8.89e-28
  4.9835e+06   8.36e-28
  5.1433e+06   7.84e-28
  5.3082e+06   7.34e-28
  5.4784e+06   6.87e-28
  5.6540e+06   6.41e-28
  5.8353e+06   5.97e-28
  6.0224e+06   5.56e-28
  6.2155e+06   5.16e-28
  6.4148e+06   4.77e-28
  6.6205e+06   4.40e-28
  6.8327e+06   4.05e-28
  7.0518e+06   3.71e-28
  7.2779e+06   3.40e-28
  7.5113e+06   3.10e-28
  7.7521e+06   2.82e-28
  8.0007e+06   2.56e-28
  8.2572e+06   2.32e-28
  8.5219e+06   2.09e-28
  8.7952e+06   1.87e-28
  9.0772e+06   1.68e-28
  9.3682e+06   1.50e-28
  9.6686e+06   1.34e-28
  9.9786e+06   1.18e-28
  1.0299e+07   1.05e-28
  1.0629e+07   9.21e-29
  1.0970e+07   8.02e-29
  1.1321e+07   7.00e-29
  1.1684e+07   6.11e-29
  1.2059e+07   5.29e-29
  1.2446e+07   4.52e-29
  1.2845e+07   3.93e-29
  1.3256e+07   3.40e-29
  1.3681e+07   2.90e-29
  1.4120e+07   2.47e-29
  1.4573e+07   2.15e-29
  1.5040e+07   1.86e-29
  1.5522e+07   1.59e-29
  1.6020e+07   1.39e-29
