#  E [GeV]   # per interaction  [GeV^{-1}]
  3.0000e+01   2.40e-02
  3.1051e+01   2.31e-02
  3.2139e+01   2.22e-02
  3.3266e+01   2.14e-02
  3.4432e+01   2.06e-02
  3.5638e+01   1.98e-02
  3.6887e+01   1.90e-02
  3.8180e+01   1.83e-02
  3.9518e+01   1.76e-02
  4.0903e+01   1.69e-02
  4.2336e+01   1.63e-02
  4.3820e+01   1.56e-02
  4.5355e+01   1.50e-02
  4.6945e+01   1.44e-02
  4.8590e+01   1.38e-02
  5.0293e+01   1.33e-02
  5.2055e+01   1.27e-02
  5.3879e+01   1.22e-02
  5.5767e+01   1.17e-02
  5.7722e+01   1.12e-02
  5.9745e+01   1.08e-02
  6.1838e+01   1.03e-02
  6.4005e+01   9.89e-03
  6.6248e+01   9.47e-03
  6.8570e+01   9.07e-03
  7.0973e+01   8.69e-03
  7.3460e+01   8.32e-03
  7.6034e+01   7.96e-03
  7.8699e+01   7.62e-03
  8.1457e+01   7.29e-03
  8.4311e+01   6.97e-03
  8.7266e+01   6.67e-03
  9.0324e+01   6.38e-03
  9.3490e+01   6.10e-03
  9.6766e+01   5.83e-03
  1.0016e+02   5.57e-03
  1.0367e+02   5.32e-03
  1.0730e+02   5.08e-03
  1.1106e+02   4.85e-03
  1.1495e+02   4.63e-03
  1.1898e+02   4.42e-03
  1.2315e+02   4.21e-03
  1.2747e+02   4.02e-03
  1.3193e+02   3.83e-03
  1.3656e+02   3.66e-03
  1.4134e+02   3.48e-03
  1.4629e+02   3.32e-03
  1.5142e+02   3.16e-03
  1.5673e+02   3.02e-03
  1.6222e+02   2.87e-03
  1.6790e+02   2.74e-03
  1.7379e+02   2.60e-03
  1.7988e+02   2.48e-03
  1.8618e+02   2.36e-03
  1.9271e+02   2.24e-03
  1.9946e+02   2.13e-03
  2.0645e+02   2.03e-03
  2.1369e+02   1.93e-03
  2.2117e+02   1.83e-03
  2.2892e+02   1.74e-03
  2.3695e+02   1.66e-03
  2.4525e+02   1.57e-03
  2.5385e+02   1.49e-03
  2.6274e+02   1.42e-03
  2.7195e+02   1.35e-03
  2.8148e+02   1.28e-03
  2.9134e+02   1.21e-03
  3.0155e+02   1.15e-03
  3.1212e+02   1.09e-03
  3.2306e+02   1.04e-03
  3.3438e+02   9.84e-04
  3.4610e+02   9.33e-04
  3.5823e+02   8.85e-04
  3.7078e+02   8.39e-04
  3.8377e+02   7.95e-04
  3.9722e+02   7.54e-04
  4.1114e+02   7.14e-04
  4.2555e+02   6.77e-04
  4.4046e+02   6.41e-04
  4.5590e+02   6.07e-04
  4.7188e+02   5.75e-04
  4.8841e+02   5.45e-04
  5.0553e+02   5.16e-04
  5.2324e+02   4.88e-04
  5.4158e+02   4.62e-04
  5.6056e+02   4.38e-04
  5.8020e+02   4.15e-04
  6.0054e+02   3.92e-04
  6.2158e+02   3.71e-04
  6.4337e+02   3.52e-04
  6.6591e+02   3.33e-04
  6.8925e+02   3.15e-04
  7.1340e+02   2.98e-04
  7.3840e+02   2.82e-04
  7.6428e+02   2.67e-04
  7.9106e+02   2.53e-04
  8.1878e+02   2.40e-04
  8.4748e+02   2.27e-04
  8.7718e+02   2.15e-04
  9.0792e+02   2.03e-04
  9.3973e+02   1.93e-04
  9.7267e+02   1.82e-04
  1.0068e+03   1.73e-04
  1.0420e+03   1.64e-04
  1.0785e+03   1.55e-04
  1.1163e+03   1.47e-04
  1.1555e+03   1.40e-04
  1.1960e+03   1.32e-04
  1.2379e+03   1.25e-04
  1.2813e+03   1.19e-04
  1.3262e+03   1.13e-04
  1.3726e+03   1.07e-04
  1.4207e+03   1.02e-04
  1.4705e+03   9.66e-05
  1.5220e+03   9.18e-05
  1.5754e+03   8.71e-05
  1.6306e+03   8.28e-05
  1.6877e+03   7.87e-05
  1.7469e+03   7.47e-05
  1.8081e+03   7.11e-05
  1.8715e+03   6.76e-05
  1.9370e+03   6.43e-05
  2.0049e+03   6.12e-05
  2.0752e+03   5.83e-05
  2.1479e+03   5.55e-05
  2.2232e+03   5.28e-05
  2.3011e+03   5.03e-05
  2.3817e+03   4.80e-05
  2.4652e+03   4.57e-05
  2.5516e+03   4.36e-05
  2.6410e+03   4.15e-05
  2.7336e+03   3.96e-05
  2.8294e+03   3.78e-05
  2.9285e+03   3.60e-05
  3.0311e+03   3.44e-05
  3.1374e+03   3.28e-05
  3.2473e+03   3.13e-05
  3.3611e+03   2.99e-05
  3.4789e+03   2.85e-05
  3.6008e+03   2.72e-05
  3.7270e+03   2.60e-05
  3.8576e+03   2.48e-05
  3.9928e+03   2.37e-05
  4.1327e+03   2.27e-05
  4.2775e+03   2.17e-05
  4.4274e+03   2.07e-05
  4.5826e+03   1.98e-05
  4.7432e+03   1.89e-05
  4.9094e+03   1.81e-05
  5.0815e+03   1.73e-05
  5.2595e+03   1.65e-05
  5.4438e+03   1.58e-05
  5.6346e+03   1.50e-05
  5.8321e+03   1.44e-05
  6.0365e+03   1.37e-05
  6.2480e+03   1.31e-05
  6.4670e+03   1.24e-05
  6.6936e+03   1.19e-05
  6.9282e+03   1.13e-05
  7.1709e+03   1.08e-05
  7.4222e+03   1.03e-05
  7.6823e+03   9.78e-06
  7.9516e+03   9.30e-06
  8.2302e+03   8.85e-06
  8.5186e+03   8.42e-06
  8.8172e+03   8.00e-06
  9.1262e+03   7.60e-06
  9.4460e+03   7.21e-06
  9.7770e+03   6.84e-06
  1.0120e+04   6.49e-06
  1.0474e+04   6.15e-06
  1.0841e+04   5.82e-06
  1.1221e+04   5.50e-06
  1.1614e+04   5.19e-06
  1.2022e+04   4.90e-06
  1.2443e+04   4.61e-06
  1.2879e+04   4.34e-06
  1.3330e+04   4.08e-06
  1.3797e+04   3.82e-06
  1.4281e+04   3.58e-06
  1.4781e+04   3.35e-06
  1.5299e+04   3.12e-06
  1.5835e+04   2.91e-06
  1.6390e+04   2.70e-06
  1.6965e+04   2.51e-06
  1.7559e+04   2.32e-06
  1.8175e+04   2.13e-06
  1.8812e+04   1.96e-06
  1.9471e+04   1.79e-06
  2.0153e+04   1.63e-06
  2.0859e+04   1.48e-06
  2.1590e+04   1.33e-06
  2.2347e+04   1.19e-06
  2.3130e+04   1.06e-06
  2.3941e+04   9.35e-07
  2.4780e+04   8.16e-07
  2.5648e+04   7.03e-07
  2.6547e+04   5.98e-07
  2.7477e+04   5.01e-07
  2.8440e+04   4.14e-07
