#  E [GeV]   # per interaction  [GeV^{-1}]
  3.0000e+01   5.91e-01
  3.0872e+01   5.69e-01
  3.1770e+01   5.48e-01
  3.2694e+01   5.27e-01
  3.3644e+01   5.08e-01
  3.4623e+01   4.89e-01
  3.5629e+01   4.71e-01
  3.6665e+01   4.53e-01
  3.7731e+01   4.36e-01
  3.8829e+01   4.19e-01
  3.9958e+01   4.04e-01
  4.1119e+01   3.88e-01
  4.2315e+01   3.74e-01
  4.3545e+01   3.59e-01
  4.4812e+01   3.46e-01
  4.6115e+01   3.32e-01
  4.7456e+01   3.20e-01
  4.8835e+01   3.07e-01
  5.0255e+01   2.96e-01
  5.1717e+01   2.84e-01
  5.3220e+01   2.73e-01
  5.4768e+01   2.62e-01
  5.6360e+01   2.52e-01
  5.7999e+01   2.42e-01
  5.9686e+01   2.33e-01
  6.1421e+01   2.24e-01
  6.3207e+01   2.15e-01
  6.5045e+01   2.06e-01
  6.6936e+01   1.98e-01
  6.8882e+01   1.90e-01
  7.0885e+01   1.82e-01
  7.2947e+01   1.75e-01
  7.5068e+01   1.68e-01
  7.7250e+01   1.61e-01
  7.9496e+01   1.54e-01
  8.1808e+01   1.48e-01
  8.4187e+01   1.41e-01
  8.6635e+01   1.35e-01
  8.9154e+01   1.30e-01
  9.1746e+01   1.24e-01
  9.4414e+01   1.19e-01
  9.7159e+01   1.14e-01
  9.9984e+01   1.09e-01
  1.0289e+02   1.04e-01
  1.0588e+02   9.92e-02
  1.0896e+02   9.47e-02
  1.1213e+02   9.04e-02
  1.1539e+02   8.62e-02
  1.1875e+02   8.22e-02
  1.2220e+02   7.83e-02
  1.2575e+02   7.46e-02
  1.2941e+02   7.11e-02
  1.3317e+02   6.77e-02
  1.3704e+02   6.45e-02
  1.4103e+02   6.14e-02
  1.4513e+02   5.84e-02
  1.4935e+02   5.56e-02
  1.5369e+02   5.29e-02
  1.5816e+02   5.03e-02
  1.6276e+02   4.79e-02
  1.6749e+02   4.55e-02
  1.7236e+02   4.33e-02
  1.7737e+02   4.11e-02
  1.8253e+02   3.91e-02
  1.8784e+02   3.71e-02
  1.9330e+02   3.52e-02
  1.9892e+02   3.34e-02
  2.0470e+02   3.17e-02
  2.1066e+02   3.01e-02
  2.1678e+02   2.85e-02
  2.2309e+02   2.70e-02
  2.2957e+02   2.55e-02
  2.3625e+02   2.41e-02
  2.4312e+02   2.28e-02
  2.5019e+02   2.16e-02
  2.5746e+02   2.04e-02
  2.6495e+02   1.92e-02
  2.7265e+02   1.81e-02
  2.8058e+02   1.71e-02
  2.8874e+02   1.61e-02
  2.9713e+02   1.52e-02
  3.0577e+02   1.43e-02
  3.1466e+02   1.34e-02
  3.2381e+02   1.26e-02
  3.3323e+02   1.18e-02
  3.4292e+02   1.11e-02
  3.5289e+02   1.04e-02
  3.6315e+02   9.76e-03
  3.7371e+02   9.14e-03
  3.8457e+02   8.55e-03
  3.9576e+02   8.00e-03
  4.0726e+02   7.47e-03
  4.1911e+02   6.97e-03
  4.3129e+02   6.50e-03
  4.4383e+02   6.06e-03
  4.5674e+02   5.64e-03
  4.7002e+02   5.25e-03
  4.8368e+02   4.87e-03
  4.9775e+02   4.53e-03
  5.1222e+02   4.20e-03
  5.2712e+02   3.90e-03
  5.4244e+02   3.60e-03
  5.5821e+02   3.34e-03
  5.7445e+02   3.09e-03
  5.9115e+02   2.85e-03
  6.0834e+02   2.63e-03
  6.2603e+02   2.43e-03
  6.4423e+02   2.24e-03
  6.6296e+02   2.06e-03
  6.8224e+02   1.89e-03
  7.0208e+02   1.74e-03
  7.2249e+02   1.60e-03
  7.4350e+02   1.47e-03
  7.6512e+02   1.34e-03
  7.8736e+02   1.23e-03
  8.1026e+02   1.13e-03
  8.3382e+02   1.03e-03
  8.5806e+02   9.40e-04
  8.8301e+02   8.60e-04
  9.0869e+02   7.84e-04
  9.3511e+02   7.13e-04
  9.6230e+02   6.46e-04
  9.9028e+02   5.90e-04
  1.0191e+03   5.36e-04
  1.0487e+03   4.86e-04
  1.0792e+03   4.39e-04
  1.1106e+03   3.99e-04
  1.1429e+03   3.61e-04
  1.1761e+03   3.26e-04
  1.2103e+03   2.93e-04
  1.2455e+03   2.66e-04
  1.2817e+03   2.40e-04
  1.3190e+03   2.16e-04
  1.3573e+03   1.94e-04
  1.3968e+03   1.75e-04
  1.4374e+03   1.58e-04
  1.4792e+03   1.41e-04
  1.5222e+03   1.26e-04
  1.5665e+03   1.14e-04
  1.6120e+03   1.02e-04
  1.6589e+03   9.11e-05
  1.7071e+03   8.08e-05
  1.7568e+03   7.25e-05
  1.8079e+03   6.48e-05
  1.8604e+03   5.76e-05
  1.9145e+03   5.08e-05
  1.9702e+03   4.54e-05
  2.0275e+03   4.05e-05
  2.0864e+03   3.59e-05
  2.1471e+03   3.15e-05
  2.2095e+03   2.81e-05
  2.2738e+03   2.49e-05
  2.3399e+03   2.20e-05
  2.4079e+03   1.92e-05
  2.4779e+03   1.71e-05
  2.5500e+03   1.51e-05
  2.6241e+03   1.33e-05
  2.7004e+03   1.15e-05
  2.7790e+03   1.02e-05
  2.8598e+03   9.01e-06
  2.9429e+03   7.88e-06
  3.0285e+03   6.82e-06
  3.1165e+03   6.01e-06
  3.2072e+03   5.30e-06
  3.3004e+03   4.62e-06
  3.3964e+03   3.98e-06
  3.4951e+03   3.50e-06
  3.5968e+03   3.08e-06
  3.7013e+03   2.68e-06
  3.8090e+03   2.31e-06
  3.9197e+03   2.03e-06
  4.0337e+03   1.78e-06
  4.1510e+03   1.55e-06
  4.2717e+03   1.34e-06
  4.3959e+03   1.18e-06
  4.5237e+03   1.04e-06
  4.6552e+03   9.09e-07
  4.7906e+03   7.87e-07
  4.9299e+03   6.96e-07
  5.0732e+03   6.18e-07
  5.2208e+03   5.44e-07
  5.3726e+03   4.75e-07
  5.5288e+03   4.24e-07
  5.6895e+03   3.80e-07
  5.8550e+03   3.39e-07
  6.0252e+03   3.01e-07
  6.2004e+03   2.71e-07
  6.3807e+03   2.44e-07
  6.5662e+03   2.20e-07
  6.7572e+03   1.97e-07
  6.9536e+03   1.77e-07
  7.1558e+03   1.59e-07
  7.3639e+03   1.42e-07
  7.5780e+03   1.26e-07
  7.7984e+03   1.12e-07
  8.0251e+03   9.92e-08
  8.2585e+03   8.73e-08
  8.4986e+03   7.62e-08
  8.7457e+03   6.73e-08
  9.0000e+03   5.97e-08
