#  E [MeV]   Flux [# cm^{-2} s^{-1}  MeV^{-1}]
  3.0000e+04   2.28e-24
  3.0962e+04   2.19e-24
  3.1955e+04   2.10e-24
  3.2979e+04   2.02e-24
  3.4037e+04   1.94e-24
  3.5128e+04   1.86e-24
  3.6254e+04   1.79e-24
  3.7417e+04   1.71e-24
  3.8616e+04   1.64e-24
  3.9855e+04   1.58e-24
  4.1132e+04   1.51e-24
  4.2451e+04   1.45e-24
  4.3812e+04   1.39e-24
  4.5217e+04   1.33e-24
  4.6667e+04   1.28e-24
  4.8163e+04   1.22e-24
  4.9707e+04   1.17e-24
  5.1301e+04   1.12e-24
  5.2946e+04   1.07e-24
  5.4644e+04   1.03e-24
  5.6396e+04   9.83e-25
  5.8204e+04   9.41e-25
  6.0070e+04   9.00e-25
  6.1996e+04   8.61e-25
  6.3984e+04   8.24e-25
  6.6035e+04   7.87e-25
  6.8153e+04   7.53e-25
  7.0338e+04   7.19e-25
  7.2593e+04   6.88e-25
  7.4921e+04   6.57e-25
  7.7323e+04   6.27e-25
  7.9802e+04   5.99e-25
  8.2361e+04   5.72e-25
  8.5002e+04   5.46e-25
  8.7727e+04   5.21e-25
  9.0540e+04   4.97e-25
  9.3443e+04   4.74e-25
  9.6439e+04   4.52e-25
  9.9531e+04   4.30e-25
  1.0272e+05   4.10e-25
  1.0602e+05   3.90e-25
  1.0942e+05   3.72e-25
  1.1292e+05   3.54e-25
  1.1654e+05   3.36e-25
  1.2028e+05   3.20e-25
  1.2414e+05   3.04e-25
  1.2812e+05   2.89e-25
  1.3223e+05   2.75e-25
  1.3646e+05   2.61e-25
  1.4084e+05   2.47e-25
  1.4536e+05   2.35e-25
  1.5002e+05   2.23e-25
  1.5483e+05   2.11e-25
  1.5979e+05   2.00e-25
  1.6491e+05   1.90e-25
  1.7020e+05   1.79e-25
  1.7566e+05   1.70e-25
  1.8129e+05   1.61e-25
  1.8710e+05   1.52e-25
  1.9310e+05   1.44e-25
  1.9929e+05   1.36e-25
  2.0568e+05   1.28e-25
  2.1228e+05   1.21e-25
  2.1909e+05   1.14e-25
  2.2611e+05   1.08e-25
  2.3336e+05   1.01e-25
  2.4084e+05   9.55e-26
  2.4856e+05   9.00e-26
  2.5653e+05   8.47e-26
  2.6476e+05   7.96e-26
  2.7325e+05   7.48e-26
  2.8201e+05   7.03e-26
  2.9105e+05   6.59e-26
  3.0038e+05   6.18e-26
  3.1002e+05   5.79e-26
  3.1996e+05   5.43e-26
  3.3021e+05   5.08e-26
  3.4080e+05   4.75e-26
  3.5173e+05   4.44e-26
  3.6301e+05   4.15e-26
  3.7465e+05   3.87e-26
  3.8666e+05   3.60e-26
  3.9905e+05   3.36e-26
  4.1185e+05   3.12e-26
  4.2506e+05   2.90e-26
  4.3868e+05   2.70e-26
  4.5275e+05   2.50e-26
  4.6727e+05   2.32e-26
  4.8225e+05   2.15e-26
  4.9771e+05   1.99e-26
  5.1367e+05   1.84e-26
  5.3014e+05   1.70e-26
  5.4714e+05   1.57e-26
  5.6468e+05   1.45e-26
  5.8278e+05   1.34e-26
  6.0147e+05   1.23e-26
  6.2075e+05   1.14e-26
  6.4066e+05   1.05e-26
  6.6120e+05   9.60e-27
  6.8240e+05   8.82e-27
  7.0428e+05   8.10e-27
  7.2686e+05   7.43e-27
  7.5017e+05   6.80e-27
  7.7422e+05   6.23e-27
  7.9904e+05   5.71e-27
  8.2466e+05   5.21e-27
  8.5110e+05   4.75e-27
  8.7839e+05   4.35e-27
  9.0656e+05   3.97e-27
  9.3562e+05   3.61e-27
  9.6562e+05   3.29e-27
  9.9658e+05   3.00e-27
  1.0285e+06   2.73e-27
  1.0615e+06   2.48e-27
  1.0956e+06   2.26e-27
  1.1307e+06   2.05e-27
  1.1669e+06   1.86e-27
  1.2043e+06   1.68e-27
  1.2430e+06   1.53e-27
  1.2828e+06   1.39e-27
  1.3239e+06   1.26e-27
  1.3664e+06   1.14e-27
  1.4102e+06   1.03e-27
  1.4554e+06   9.33e-28
  1.5021e+06   8.40e-28
  1.5502e+06   7.60e-28
  1.6000e+06   6.87e-28
  1.6513e+06   6.18e-28
  1.7042e+06   5.55e-28
  1.7588e+06   5.02e-28
  1.8152e+06   4.52e-28
  1.8734e+06   4.05e-28
  1.9335e+06   3.64e-28
  1.9955e+06   3.28e-28
  2.0595e+06   2.94e-28
  2.1255e+06   2.62e-28
  2.1937e+06   2.36e-28
  2.2640e+06   2.11e-28
  2.3366e+06   1.89e-28
  2.4115e+06   1.68e-28
  2.4888e+06   1.51e-28
  2.5686e+06   1.35e-28
  2.6510e+06   1.19e-28
  2.7360e+06   1.06e-28
  2.8237e+06   9.50e-29
  2.9142e+06   8.44e-29
  3.0077e+06   7.44e-29
  3.1041e+06   6.63e-29
  3.2036e+06   5.89e-29
  3.3064e+06   5.20e-29
  3.4124e+06   4.57e-29
  3.5218e+06   4.07e-29
  3.6347e+06   3.59e-29
  3.7512e+06   3.15e-29
  3.8715e+06   2.78e-29
  3.9957e+06   2.46e-29
  4.1238e+06   2.16e-29
  4.2560e+06   1.88e-29
  4.3924e+06   1.66e-29
  4.5333e+06   1.47e-29
  4.6786e+06   1.28e-29
  4.8286e+06   1.12e-29
  4.9835e+06   9.88e-30
  5.1433e+06   8.67e-30
  5.3082e+06   7.54e-30
  5.4784e+06   6.61e-30
  5.6540e+06   5.82e-30
  5.8353e+06   5.09e-30
  6.0224e+06   4.41e-30
  6.2155e+06   3.90e-30
  6.4148e+06   3.43e-30
  6.6205e+06   3.00e-30
  6.8327e+06   2.62e-30
  7.0518e+06   2.32e-30
  7.2779e+06   2.03e-30
  7.5113e+06   1.78e-30
  7.7521e+06   1.56e-30
  8.0007e+06   1.37e-30
  8.2572e+06   1.20e-30
  8.5219e+06   1.05e-30
  8.7952e+06   9.20e-31
  9.0772e+06   8.04e-31
  9.3682e+06   6.98e-31
  9.6686e+06   6.06e-31
  9.9786e+06   5.27e-31
  1.0299e+07   4.56e-31
  1.0629e+07   3.92e-31
  1.0970e+07   3.36e-31
  1.1321e+07   2.87e-31
  1.1684e+07   2.43e-31
  1.2059e+07   2.04e-31
  1.2446e+07   1.70e-31
  1.2845e+07   1.41e-31
  1.3256e+07   1.15e-31
  1.3681e+07   9.26e-32
  1.4120e+07   7.36e-32
  1.4573e+07   5.76e-32
  1.5040e+07   4.43e-32
  1.5522e+07   3.42e-32
  1.6020e+07   2.60e-32
