#  E [MeV]   Flux [# cm^{-2} s^{-1}  MeV^{-1}]
  3.0000e+04   1.29e-24
  3.0962e+04   1.25e-24
  3.1955e+04   1.21e-24
  3.2979e+04   1.17e-24
  3.4037e+04   1.13e-24
  3.5128e+04   1.09e-24
  3.6254e+04   1.05e-24
  3.7417e+04   1.02e-24
  3.8616e+04   9.81e-25
  3.9855e+04   9.47e-25
  4.1132e+04   9.14e-25
  4.2451e+04   8.83e-25
  4.3812e+04   8.52e-25
  4.5217e+04   8.22e-25
  4.6667e+04   7.93e-25
  4.8163e+04   7.65e-25
  4.9707e+04   7.37e-25
  5.1301e+04   7.10e-25
  5.2946e+04   6.85e-25
  5.4644e+04   6.60e-25
  5.6396e+04   6.35e-25
  5.8204e+04   6.12e-25
  6.0070e+04   5.89e-25
  6.1996e+04   5.67e-25
  6.3984e+04   5.45e-25
  6.6035e+04   5.24e-25
  6.8153e+04   5.04e-25
  7.0338e+04   4.84e-25
  7.2593e+04   4.66e-25
  7.4921e+04   4.47e-25
  7.7323e+04   4.30e-25
  7.9802e+04   4.12e-25
  8.2361e+04   3.96e-25
  8.5002e+04   3.80e-25
  8.7727e+04   3.64e-25
  9.0540e+04   3.49e-25
  9.3443e+04   3.35e-25
  9.6439e+04   3.21e-25
  9.9531e+04   3.07e-25
  1.0272e+05   2.94e-25
  1.0602e+05   2.81e-25
  1.0942e+05   2.69e-25
  1.1292e+05   2.57e-25
  1.1654e+05   2.46e-25
  1.2028e+05   2.35e-25
  1.2414e+05   2.24e-25
  1.2812e+05   2.14e-25
  1.3223e+05   2.04e-25
  1.3646e+05   1.95e-25
  1.4084e+05   1.86e-25
  1.4536e+05   1.77e-25
  1.5002e+05   1.69e-25
  1.5483e+05   1.60e-25
  1.5979e+05   1.53e-25
  1.6491e+05   1.45e-25
  1.7020e+05   1.38e-25
  1.7566e+05   1.31e-25
  1.8129e+05   1.25e-25
  1.8710e+05   1.18e-25
  1.9310e+05   1.12e-25
  1.9929e+05   1.06e-25
  2.0568e+05   1.01e-25
  2.1228e+05   9.52e-26
  2.1909e+05   9.01e-26
  2.2611e+05   8.52e-26
  2.3336e+05   8.06e-26
  2.4084e+05   7.61e-26
  2.4856e+05   7.19e-26
  2.5653e+05   6.78e-26
  2.6476e+05   6.40e-26
  2.7325e+05   6.03e-26
  2.8201e+05   5.68e-26
  2.9105e+05   5.35e-26
  3.0038e+05   5.03e-26
  3.1002e+05   4.73e-26
  3.1996e+05   4.44e-26
  3.3021e+05   4.17e-26
  3.4080e+05   3.91e-26
  3.5173e+05   3.67e-26
  3.6301e+05   3.44e-26
  3.7465e+05   3.22e-26
  3.8666e+05   3.01e-26
  3.9905e+05   2.81e-26
  4.1185e+05   2.62e-26
  4.2506e+05   2.45e-26
  4.3868e+05   2.28e-26
  4.5275e+05   2.12e-26
  4.6727e+05   1.98e-26
  4.8225e+05   1.84e-26
  4.9771e+05   1.71e-26
  5.1367e+05   1.59e-26
  5.3014e+05   1.47e-26
  5.4714e+05   1.36e-26
  5.6468e+05   1.26e-26
  5.8278e+05   1.17e-26
  6.0147e+05   1.08e-26
  6.2075e+05   9.98e-27
  6.4066e+05   9.22e-27
  6.6120e+05   8.51e-27
  6.8240e+05   7.84e-27
  7.0428e+05   7.23e-27
  7.2686e+05   6.66e-27
  7.5017e+05   6.13e-27
  7.7422e+05   5.63e-27
  7.9904e+05   5.18e-27
  8.2466e+05   4.75e-27
  8.5110e+05   4.36e-27
  8.7839e+05   4.00e-27
  9.0656e+05   3.67e-27
  9.3562e+05   3.36e-27
  9.6562e+05   3.07e-27
  9.9658e+05   2.81e-27
  1.0285e+06   2.58e-27
  1.0615e+06   2.35e-27
  1.0956e+06   2.15e-27
  1.1307e+06   1.97e-27
  1.1669e+06   1.79e-27
  1.2043e+06   1.63e-27
  1.2430e+06   1.49e-27
  1.2828e+06   1.36e-27
  1.3239e+06   1.24e-27
  1.3664e+06   1.12e-27
  1.4102e+06   1.02e-27
  1.4554e+06   9.31e-28
  1.5021e+06   8.44e-28
  1.5502e+06   7.68e-28
  1.6000e+06   6.98e-28
  1.6513e+06   6.32e-28
  1.7042e+06   5.71e-28
  1.7588e+06   5.19e-28
  1.8152e+06   4.71e-28
  1.8734e+06   4.25e-28
  1.9335e+06   3.84e-28
  1.9955e+06   3.48e-28
  2.0595e+06   3.14e-28
  2.1255e+06   2.83e-28
  2.1937e+06   2.55e-28
  2.2640e+06   2.31e-28
  2.3366e+06   2.07e-28
  2.4115e+06   1.86e-28
  2.4888e+06   1.68e-28
  2.5686e+06   1.51e-28
  2.6510e+06   1.35e-28
  2.7360e+06   1.21e-28
  2.8237e+06   1.09e-28
  2.9142e+06   9.75e-29
  3.0077e+06   8.67e-29
  3.1041e+06   7.77e-29
  3.2036e+06   6.95e-29
  3.3064e+06   6.18e-29
  3.4124e+06   5.48e-29
  3.5218e+06   4.90e-29
  3.6347e+06   4.36e-29
  3.7512e+06   3.85e-29
  3.8715e+06   3.41e-29
  3.9957e+06   3.03e-29
  4.1238e+06   2.68e-29
  4.2560e+06   2.35e-29
  4.3924e+06   2.08e-29
  4.5333e+06   1.84e-29
  4.6786e+06   1.62e-29
  4.8286e+06   1.41e-29
  4.9835e+06   1.25e-29
  5.1433e+06   1.09e-29
  5.3082e+06   9.53e-30
  5.4784e+06   8.33e-30
  5.6540e+06   7.31e-30
  5.8353e+06   6.36e-30
  6.0224e+06   5.48e-30
  6.2155e+06   4.80e-30
  6.4148e+06   4.18e-30
  6.6205e+06   3.61e-30
  6.8327e+06   3.10e-30
  7.0518e+06   2.69e-30
  7.2779e+06   2.31e-30
  7.5113e+06   1.96e-30
  7.7521e+06   1.68e-30
  8.0007e+06   1.45e-30
  8.2572e+06   1.23e-30
  8.5219e+06   1.04e-30
  8.7952e+06   8.91e-31
  9.0772e+06   7.60e-31
  9.3682e+06   6.42e-31
  9.6686e+06   5.42e-31
  9.9786e+06   4.65e-31
  1.0299e+07   3.95e-31
  1.0629e+07   3.33e-31
  1.0970e+07   2.83e-31
  1.1321e+07   2.42e-31
  1.1684e+07   2.04e-31
  1.2059e+07   1.71e-31
  1.2446e+07   1.46e-31
  1.2845e+07   1.23e-31
  1.3256e+07   1.03e-31
  1.3681e+07   8.62e-32
  1.4120e+07   7.18e-32
  1.4573e+07   5.91e-32
  1.5040e+07   4.81e-32
  1.5522e+07   3.87e-32
  1.6020e+07   3.07e-32
