#  E [GeV]   # per interaction  [GeV^{-1}]
  3.0000e+01   1.28e+00
  3.1232e+01   1.22e+00
  3.2514e+01   1.16e+00
  3.3849e+01   1.11e+00
  3.5238e+01   1.06e+00
  3.6685e+01   1.01e+00
  3.8191e+01   9.58e-01
  3.9759e+01   9.12e-01
  4.1391e+01   8.68e-01
  4.3090e+01   8.26e-01
  4.4859e+01   7.86e-01
  4.6701e+01   7.47e-01
  4.8618e+01   7.11e-01
  5.0614e+01   6.76e-01
  5.2692e+01   6.42e-01
  5.4855e+01   6.11e-01
  5.7107e+01   5.80e-01
  5.9451e+01   5.51e-01
  6.1892e+01   5.24e-01
  6.4433e+01   4.97e-01
  6.7078e+01   4.72e-01
  6.9832e+01   4.48e-01
  7.2699e+01   4.25e-01
  7.5683e+01   4.03e-01
  7.8790e+01   3.82e-01
  8.2025e+01   3.63e-01
  8.5392e+01   3.44e-01
  8.8898e+01   3.26e-01
  9.2547e+01   3.09e-01
  9.6347e+01   2.92e-01
  1.0030e+02   2.77e-01
  1.0442e+02   2.62e-01
  1.0871e+02   2.48e-01
  1.1317e+02   2.35e-01
  1.1782e+02   2.22e-01
  1.2265e+02   2.10e-01
  1.2769e+02   1.98e-01
  1.3293e+02   1.87e-01
  1.3839e+02   1.77e-01
  1.4407e+02   1.67e-01
  1.4998e+02   1.58e-01
  1.5614e+02   1.49e-01
  1.6255e+02   1.40e-01
  1.6922e+02   1.32e-01
  1.7617e+02   1.24e-01
  1.8340e+02   1.17e-01
  1.9093e+02   1.10e-01
  1.9877e+02   1.03e-01
  2.0693e+02   9.70e-02
  2.1543e+02   9.11e-02
  2.2427e+02   8.54e-02
  2.3348e+02   8.00e-02
  2.4306e+02   7.49e-02
  2.5304e+02   7.01e-02
  2.6343e+02   6.55e-02
  2.7424e+02   6.12e-02
  2.8550e+02   5.71e-02
  2.9722e+02   5.32e-02
  3.0942e+02   4.95e-02
  3.2213e+02   4.61e-02
  3.3535e+02   4.28e-02
  3.4912e+02   3.97e-02
  3.6345e+02   3.68e-02
  3.7837e+02   3.41e-02
  3.9390e+02   3.15e-02
  4.1008e+02   2.91e-02
  4.2691e+02   2.69e-02
  4.4444e+02   2.48e-02
  4.6268e+02   2.28e-02
  4.8168e+02   2.10e-02
  5.0145e+02   1.93e-02
  5.2204e+02   1.77e-02
  5.4347e+02   1.62e-02
  5.6578e+02   1.48e-02
  5.8901e+02   1.36e-02
  6.1319e+02   1.24e-02
  6.3836e+02   1.13e-02
  6.6457e+02   1.03e-02
  6.9185e+02   9.44e-03
  7.2025e+02   8.60e-03
  7.4982e+02   7.84e-03
  7.8061e+02   7.14e-03
  8.1265e+02   6.50e-03
  8.4601e+02   5.91e-03
  8.8075e+02   5.38e-03
  9.1690e+02   4.89e-03
  9.5455e+02   4.45e-03
  9.9373e+02   4.05e-03
  1.0345e+03   3.68e-03
  1.0770e+03   3.35e-03
  1.1212e+03   3.04e-03
  1.1672e+03   2.77e-03
  1.2152e+03   2.52e-03
  1.2650e+03   2.29e-03
  1.3170e+03   2.09e-03
  1.3711e+03   1.90e-03
  1.4273e+03   1.73e-03
  1.4859e+03   1.58e-03
  1.5469e+03   1.44e-03
  1.6104e+03   1.32e-03
  1.6766e+03   1.20e-03
  1.7454e+03   1.10e-03
  1.8170e+03   1.00e-03
  1.8916e+03   9.15e-04
  1.9693e+03   8.36e-04
  2.0501e+03   7.63e-04
  2.1343e+03   6.96e-04
  2.2219e+03   6.35e-04
  2.3131e+03   5.78e-04
  2.4081e+03   5.27e-04
  2.5070e+03   4.79e-04
  2.6099e+03   4.35e-04
  2.7170e+03   3.95e-04
  2.8286e+03   3.58e-04
  2.9447e+03   3.24e-04
  3.0656e+03   2.93e-04
  3.1914e+03   2.64e-04
  3.3225e+03   2.38e-04
  3.4589e+03   2.14e-04
  3.6008e+03   1.92e-04
  3.7487e+03   1.71e-04
  3.9026e+03   1.53e-04
  4.0628e+03   1.36e-04
  4.2296e+03   1.20e-04
  4.4032e+03   1.06e-04
  4.5840e+03   9.34e-05
  4.7722e+03   8.19e-05
  4.9681e+03   7.15e-05
  5.1720e+03   6.20e-05
  5.3844e+03   5.37e-05
  5.6054e+03   4.62e-05
  5.8355e+03   3.94e-05
  6.0751e+03   3.35e-05
  6.3245e+03   2.83e-05
  6.5841e+03   2.37e-05
  6.8544e+03   1.98e-05
  7.1358e+03   1.63e-05
  7.4288e+03   1.33e-05
  7.7338e+03   1.08e-05
  8.0513e+03   8.68e-06
  8.3818e+03   6.89e-06
  8.7259e+03   5.40e-06
  9.0841e+03   4.16e-06
  9.4571e+03   3.18e-06
  9.8453e+03   2.39e-06
  1.0249e+04   1.75e-06
  1.0670e+04   1.27e-06
  1.1108e+04   9.02e-07
  1.1564e+04   6.21e-07
  1.2039e+04   4.22e-07
  1.2533e+04   2.77e-07
  1.3048e+04   1.75e-07
  1.3584e+04   1.08e-07
  1.4141e+04   6.38e-08
  1.4722e+04   3.59e-08
  1.5326e+04   1.94e-08
  1.5955e+04   9.87e-09
  1.6610e+04   4.70e-09
  1.7292e+04   2.11e-09
  1.8002e+04   8.59e-10
  1.8741e+04   3.21e-10
  1.9511e+04   1.09e-10
  2.0312e+04   3.21e-11
  2.1145e+04   8.35e-12
  2.2013e+04   1.84e-12
  2.2917e+04   3.32e-13
  2.3858e+04   4.88e-14
  2.4837e+04   5.51e-15
  2.5857e+04   4.51e-16
  2.6919e+04   2.64e-17
  2.8024e+04   9.92e-19
  2.9174e+04   2.20e-20
  3.0372e+04   2.72e-22
  3.1619e+04   1.57e-24
  3.2917e+04   3.65e-27
  3.4268e+04   2.88e-30
  3.5675e+04   5.79e-34
  3.7140e+04   2.18e-38
  3.8664e+04   1.04e-43
  4.0252e+04   2.98e-47
  4.1904e+04   2.56e-47
  4.3624e+04   2.23e-47
  4.5415e+04   1.92e-47
  4.7280e+04   1.68e-47
  4.9221e+04   1.48e-47
  5.1241e+04   1.30e-47
  5.3345e+04   1.15e-47
  5.5535e+04   1.03e-47
  5.7815e+04   9.11e-48
  6.0188e+04   8.20e-48
  6.2659e+04   7.35e-48
  6.5232e+04   6.56e-48
  6.7910e+04   5.89e-48
  7.0698e+04   5.25e-48
  7.3600e+04   4.66e-48
  7.6621e+04   4.09e-48
  7.9767e+04   3.56e-48
  8.3042e+04   3.09e-48
  8.6451e+04   2.70e-48
  9.0000e+04   2.33e-48
