#  E [MeV]   Flux [# cm^{-2} s^{-1}  MeV^{-1}]
  3.0000e+04   5.45e-23
  3.0782e+04   5.28e-23
  3.1585e+04   5.10e-23
  3.2409e+04   4.93e-23
  3.3255e+04   4.77e-23
  3.4122e+04   4.61e-23
  3.5012e+04   4.45e-23
  3.5925e+04   4.30e-23
  3.6862e+04   4.15e-23
  3.7824e+04   4.00e-23
  3.8810e+04   3.87e-23
  3.9822e+04   3.73e-23
  4.0861e+04   3.60e-23
  4.1927e+04   3.47e-23
  4.3021e+04   3.34e-23
  4.4143e+04   3.22e-23
  4.5294e+04   3.10e-23
  4.6475e+04   2.99e-23
  4.7688e+04   2.88e-23
  4.8931e+04   2.77e-23
  5.0208e+04   2.67e-23
  5.1517e+04   2.57e-23
  5.2861e+04   2.47e-23
  5.4240e+04   2.37e-23
  5.5654e+04   2.28e-23
  5.7106e+04   2.19e-23
  5.8596e+04   2.11e-23
  6.0124e+04   2.02e-23
  6.1692e+04   1.94e-23
  6.3301e+04   1.86e-23
  6.4952e+04   1.79e-23
  6.6647e+04   1.72e-23
  6.8385e+04   1.65e-23
  7.0169e+04   1.58e-23
  7.1999e+04   1.51e-23
  7.3877e+04   1.45e-23
  7.5804e+04   1.39e-23
  7.7781e+04   1.33e-23
  7.9810e+04   1.27e-23
  8.1891e+04   1.22e-23
  8.4027e+04   1.17e-23
  8.6219e+04   1.12e-23
  8.8468e+04   1.07e-23
  9.0775e+04   1.02e-23
  9.3143e+04   9.77e-24
  9.5572e+04   9.34e-24
  9.8065e+04   8.92e-24
  1.0062e+05   8.52e-24
  1.0325e+05   8.14e-24
  1.0594e+05   7.77e-24
  1.0870e+05   7.42e-24
  1.1154e+05   7.08e-24
  1.1445e+05   6.75e-24
  1.1743e+05   6.44e-24
  1.2050e+05   6.14e-24
  1.2364e+05   5.85e-24
  1.2686e+05   5.57e-24
  1.3017e+05   5.30e-24
  1.3357e+05   5.04e-24
  1.3705e+05   4.80e-24
  1.4063e+05   4.56e-24
  1.4429e+05   4.34e-24
  1.4806e+05   4.12e-24
  1.5192e+05   3.91e-24
  1.5588e+05   3.71e-24
  1.5995e+05   3.53e-24
  1.6412e+05   3.35e-24
  1.6840e+05   3.17e-24
  1.7279e+05   3.01e-24
  1.7730e+05   2.85e-24
  1.8193e+05   2.70e-24
  1.8667e+05   2.56e-24
  1.9154e+05   2.42e-24
  1.9654e+05   2.29e-24
  2.0166e+05   2.16e-24
  2.0692e+05   2.04e-24
  2.1232e+05   1.93e-24
  2.1786e+05   1.82e-24
  2.2354e+05   1.72e-24
  2.2937e+05   1.62e-24
  2.3535e+05   1.53e-24
  2.4149e+05   1.44e-24
  2.4779e+05   1.36e-24
  2.5425e+05   1.28e-24
  2.6088e+05   1.20e-24
  2.6769e+05   1.13e-24
  2.7467e+05   1.06e-24
  2.8184e+05   9.98e-25
  2.8919e+05   9.37e-25
  2.9673e+05   8.79e-25
  3.0447e+05   8.23e-25
  3.1241e+05   7.71e-25
  3.2056e+05   7.23e-25
  3.2892e+05   6.77e-25
  3.3750e+05   6.33e-25
  3.4630e+05   5.91e-25
  3.5533e+05   5.53e-25
  3.6460e+05   5.17e-25
  3.7411e+05   4.83e-25
  3.8387e+05   4.49e-25
  3.9388e+05   4.19e-25
  4.0416e+05   3.91e-25
  4.1470e+05   3.64e-25
  4.2551e+05   3.39e-25
  4.3661e+05   3.14e-25
  4.4800e+05   2.93e-25
  4.5969e+05   2.72e-25
  4.7168e+05   2.52e-25
  4.8398e+05   2.34e-25
  4.9660e+05   2.17e-25
  5.0956e+05   2.01e-25
  5.2285e+05   1.86e-25
  5.3648e+05   1.72e-25
  5.5048e+05   1.58e-25
  5.6483e+05   1.47e-25
  5.7957e+05   1.36e-25
  5.9468e+05   1.25e-25
  6.1020e+05   1.15e-25
  6.2611e+05   1.06e-25
  6.4244e+05   9.80e-26
  6.5920e+05   9.02e-26
  6.7639e+05   8.29e-26
  6.9403e+05   7.59e-26
  7.1214e+05   7.00e-26
  7.3071e+05   6.44e-26
  7.4977e+05   5.91e-26
  7.6933e+05   5.40e-26
  7.8939e+05   4.96e-26
  8.0998e+05   4.56e-26
  8.3111e+05   4.18e-26
  8.5279e+05   3.81e-26
  8.7503e+05   3.48e-26
  8.9785e+05   3.19e-26
  9.2127e+05   2.93e-26
  9.4530e+05   2.67e-26
  9.6996e+05   2.43e-26
  9.9526e+05   2.22e-26
  1.0212e+06   2.03e-26
  1.0479e+06   1.85e-26
  1.0752e+06   1.68e-26
  1.1032e+06   1.53e-26
  1.1320e+06   1.40e-26
  1.1615e+06   1.27e-26
  1.1918e+06   1.16e-26
  1.2229e+06   1.05e-26
  1.2548e+06   9.54e-27
  1.2875e+06   8.71e-27
  1.3211e+06   7.92e-27
  1.3556e+06   7.17e-27
  1.3909e+06   6.48e-27
  1.4272e+06   5.92e-27
  1.4644e+06   5.39e-27
  1.5026e+06   4.88e-27
  1.5418e+06   4.40e-27
  1.5820e+06   4.00e-27
  1.6233e+06   3.65e-27
  1.6657e+06   3.31e-27
  1.7091e+06   2.98e-27
  1.7537e+06   2.69e-27
  1.7994e+06   2.46e-27
  1.8464e+06   2.23e-27
  1.8945e+06   2.02e-27
  1.9439e+06   1.82e-27
  1.9946e+06   1.66e-27
  2.0467e+06   1.51e-27
  2.1000e+06   1.37e-27
  2.1548e+06   1.23e-27
  2.2110e+06   1.11e-27
  2.2687e+06   1.02e-27
  2.3279e+06   9.21e-28
  2.3886e+06   8.32e-28
  2.4509e+06   7.46e-28
  2.5148e+06   6.81e-28
  2.5804e+06   6.21e-28
  2.6477e+06   5.63e-28
  2.7168e+06   5.08e-28
  2.7876e+06   4.61e-28
  2.8603e+06   4.23e-28
  2.9349e+06   3.87e-28
  3.0115e+06   3.53e-28
  3.0900e+06   3.20e-28
  3.1706e+06   2.97e-28
  3.2533e+06   2.76e-28
  3.3382e+06   2.56e-28
  3.4253e+06   2.37e-28
  3.5146e+06   2.21e-28
  3.6063e+06   2.09e-28
  3.7003e+06   1.96e-28
  3.7969e+06   1.85e-28
  3.8959e+06   1.74e-28
  3.9975e+06   1.67e-28
  4.1018e+06   1.60e-28
  4.2088e+06   1.53e-28
  4.3185e+06   1.46e-28
  4.4312e+06   1.41e-28
  4.5467e+06   1.36e-28
  4.6653e+06   1.32e-28
  4.7870e+06   1.28e-28
  4.9119e+06   1.24e-28
  5.0400e+06   1.20e-28
