#  E [MeV]   Flux [# cm^{-2} s^{-1}  MeV^{-1}]
  3.0000e+04   2.54e-20
  3.1033e+04   2.45e-20
  3.2102e+04   2.36e-20
  3.3207e+04   2.28e-20
  3.4350e+04   2.19e-20
  3.5533e+04   2.11e-20
  3.6757e+04   2.04e-20
  3.8022e+04   1.96e-20
  3.9332e+04   1.89e-20
  4.0686e+04   1.82e-20
  4.2087e+04   1.76e-20
  4.3536e+04   1.69e-20
  4.5035e+04   1.63e-20
  4.6586e+04   1.57e-20
  4.8190e+04   1.51e-20
  4.9850e+04   1.45e-20
  5.1566e+04   1.40e-20
  5.3342e+04   1.34e-20
  5.5178e+04   1.29e-20
  5.7078e+04   1.24e-20
  5.9044e+04   1.20e-20
  6.1077e+04   1.15e-20
  6.3180e+04   1.10e-20
  6.5356e+04   1.06e-20
  6.7606e+04   1.02e-20
  6.9934e+04   9.80e-21
  7.2342e+04   9.41e-21
  7.4833e+04   9.04e-21
  7.7410e+04   8.67e-21
  8.0075e+04   8.32e-21
  8.2833e+04   7.99e-21
  8.5685e+04   7.66e-21
  8.8635e+04   7.34e-21
  9.1687e+04   7.04e-21
  9.4844e+04   6.75e-21
  9.8110e+04   6.46e-21
  1.0149e+05   6.19e-21
  1.0498e+05   5.93e-21
  1.0860e+05   5.67e-21
  1.1234e+05   5.43e-21
  1.1621e+05   5.19e-21
  1.2021e+05   4.96e-21
  1.2435e+05   4.74e-21
  1.2863e+05   4.53e-21
  1.3306e+05   4.33e-21
  1.3764e+05   4.13e-21
  1.4238e+05   3.95e-21
  1.4728e+05   3.76e-21
  1.5235e+05   3.59e-21
  1.5760e+05   3.42e-21
  1.6302e+05   3.26e-21
  1.6864e+05   3.10e-21
  1.7445e+05   2.95e-21
  1.8045e+05   2.81e-21
  1.8667e+05   2.67e-21
  1.9309e+05   2.54e-21
  1.9974e+05   2.41e-21
  2.0662e+05   2.29e-21
  2.1373e+05   2.17e-21
  2.2109e+05   2.06e-21
  2.2871e+05   1.95e-21
  2.3658e+05   1.84e-21
  2.4473e+05   1.75e-21
  2.5316e+05   1.65e-21
  2.6187e+05   1.56e-21
  2.7089e+05   1.47e-21
  2.8022e+05   1.39e-21
  2.8987e+05   1.31e-21
  2.9985e+05   1.24e-21
  3.1017e+05   1.16e-21
  3.2085e+05   1.09e-21
  3.3190e+05   1.03e-21
  3.4333e+05   9.66e-22
  3.5515e+05   9.06e-22
  3.6738e+05   8.50e-22
  3.8003e+05   7.97e-22
  3.9312e+05   7.46e-22
  4.0665e+05   6.98e-22
  4.2066e+05   6.53e-22
  4.3514e+05   6.10e-22
  4.5013e+05   5.69e-22
  4.6562e+05   5.31e-22
  4.8166e+05   4.95e-22
  4.9824e+05   4.61e-22
  5.1540e+05   4.29e-22
  5.3315e+05   3.99e-22
  5.5150e+05   3.71e-22
  5.7050e+05   3.44e-22
  5.9014e+05   3.20e-22
  6.1046e+05   2.96e-22
  6.3148e+05   2.75e-22
  6.5322e+05   2.54e-22
  6.7572e+05   2.35e-22
  6.9898e+05   2.18e-22
  7.2305e+05   2.01e-22
  7.4795e+05   1.86e-22
  7.7371e+05   1.72e-22
  8.0035e+05   1.58e-22
  8.2791e+05   1.46e-22
  8.5641e+05   1.35e-22
  8.8590e+05   1.24e-22
  9.1641e+05   1.15e-22
  9.4796e+05   1.05e-22
  9.8061e+05   9.72e-23
  1.0144e+06   8.96e-23
  1.0493e+06   8.24e-23
  1.0854e+06   7.59e-23
  1.1228e+06   6.99e-23
  1.1615e+06   6.42e-23
  1.2015e+06   5.91e-23
  1.2428e+06   5.44e-23
  1.2856e+06   5.00e-23
  1.3299e+06   4.59e-23
  1.3757e+06   4.22e-23
  1.4231e+06   3.88e-23
  1.4721e+06   3.56e-23
  1.5228e+06   3.27e-23
  1.5752e+06   3.00e-23
  1.6294e+06   2.75e-23
  1.6855e+06   2.52e-23
  1.7436e+06   2.32e-23
  1.8036e+06   2.13e-23
  1.8657e+06   1.95e-23
  1.9300e+06   1.78e-23
  1.9964e+06   1.63e-23
  2.0652e+06   1.49e-23
  2.1363e+06   1.36e-23
  2.2098e+06   1.25e-23
  2.2859e+06   1.14e-23
  2.3646e+06   1.04e-23
  2.4461e+06   9.48e-24
  2.5303e+06   8.64e-24
  2.6174e+06   7.85e-24
  2.7075e+06   7.14e-24
  2.8008e+06   6.49e-24
  2.8972e+06   5.89e-24
  2.9970e+06   5.32e-24
  3.1002e+06   4.83e-24
  3.2069e+06   4.37e-24
  3.3173e+06   3.93e-24
  3.4316e+06   3.55e-24
  3.5497e+06   3.20e-24
  3.6720e+06   2.87e-24
  3.7984e+06   2.57e-24
  3.9292e+06   2.31e-24
  4.0645e+06   2.07e-24
  4.2044e+06   1.84e-24
  4.3492e+06   1.64e-24
  4.4990e+06   1.46e-24
  4.6539e+06   1.29e-24
  4.8141e+06   1.14e-24
  4.9799e+06   1.01e-24
  5.1514e+06   8.88e-25
  5.3288e+06   7.75e-25
  5.5123e+06   6.81e-25
  5.7021e+06   5.94e-25
  5.8984e+06   5.14e-25
  6.1015e+06   4.46e-25
  6.3116e+06   3.86e-25
  6.5289e+06   3.31e-25
  6.7538e+06   2.83e-25
  6.9863e+06   2.43e-25
  7.2269e+06   2.06e-25
  7.4757e+06   1.73e-25
  7.7331e+06   1.47e-25
  7.9994e+06   1.23e-25
  8.2749e+06   1.02e-25
  8.5598e+06   8.43e-26
  8.8546e+06   6.98e-26
  9.1594e+06   5.70e-26
  9.4748e+06   4.59e-26
  9.8011e+06   3.73e-26
  1.0139e+07   2.98e-26
  1.0488e+07   2.34e-26
  1.0849e+07   1.84e-26
  1.1222e+07   1.44e-26
  1.1609e+07   1.10e-26
  1.2009e+07   8.31e-27
  1.2422e+07   6.31e-27
  1.2850e+07   4.68e-27
  1.3292e+07   3.37e-27
  1.3750e+07   2.45e-27
  1.4223e+07   1.74e-27
  1.4713e+07   1.20e-27
  1.5220e+07   8.16e-28
  1.5744e+07   5.49e-28
  1.6286e+07   3.55e-28
  1.6847e+07   2.21e-28
  1.7427e+07   1.37e-28
  1.8027e+07   8.15e-29
  1.8648e+07   4.57e-29
  1.9290e+07   2.49e-29
  1.9954e+07   1.30e-29
  2.0641e+07   6.24e-30
  2.1352e+07   2.80e-30
  2.2087e+07   1.19e-30
  2.2848e+07   4.52e-31
  2.3634e+07   1.50e-31
  2.4448e+07   4.64e-32
  2.5290e+07   1.23e-32
