#  E [GeV]   # per interaction  [GeV^{-1}]
  3.0000e+01   2.48e-01
  3.0607e+01   2.40e-01
  3.1227e+01   2.32e-01
  3.1859e+01   2.24e-01
  3.2504e+01   2.16e-01
  3.3163e+01   2.08e-01
  3.3834e+01   2.01e-01
  3.4519e+01   1.94e-01
  3.5218e+01   1.87e-01
  3.5931e+01   1.80e-01
  3.6659e+01   1.74e-01
  3.7401e+01   1.67e-01
  3.8158e+01   1.61e-01
  3.8931e+01   1.55e-01
  3.9719e+01   1.50e-01
  4.0523e+01   1.44e-01
  4.1344e+01   1.39e-01
  4.2181e+01   1.33e-01
  4.3035e+01   1.28e-01
  4.3906e+01   1.24e-01
  4.4795e+01   1.19e-01
  4.5702e+01   1.14e-01
  4.6628e+01   1.10e-01
  4.7572e+01   1.05e-01
  4.8535e+01   1.01e-01
  4.9517e+01   9.74e-02
  5.0520e+01   9.35e-02
  5.1543e+01   8.98e-02
  5.2587e+01   8.62e-02
  5.3651e+01   8.27e-02
  5.4738e+01   7.93e-02
  5.5846e+01   7.61e-02
  5.6977e+01   7.30e-02
  5.8130e+01   7.00e-02
  5.9307e+01   6.71e-02
  6.0508e+01   6.42e-02
  6.1733e+01   6.16e-02
  6.2983e+01   5.90e-02
  6.4258e+01   5.65e-02
  6.5559e+01   5.41e-02
  6.6887e+01   5.17e-02
  6.8241e+01   4.95e-02
  6.9623e+01   4.73e-02
  7.1033e+01   4.53e-02
  7.2471e+01   4.33e-02
  7.3938e+01   4.14e-02
  7.5435e+01   3.95e-02
  7.6963e+01   3.77e-02
  7.8521e+01   3.60e-02
  8.0111e+01   3.44e-02
  8.1733e+01   3.28e-02
  8.3388e+01   3.13e-02
  8.5076e+01   2.98e-02
  8.6799e+01   2.84e-02
  8.8556e+01   2.71e-02
  9.0349e+01   2.58e-02
  9.2178e+01   2.46e-02
  9.4045e+01   2.34e-02
  9.5949e+01   2.22e-02
  9.7892e+01   2.12e-02
  9.9874e+01   2.01e-02
  1.0190e+02   1.92e-02
  1.0396e+02   1.82e-02
  1.0606e+02   1.73e-02
  1.0821e+02   1.64e-02
  1.1040e+02   1.56e-02
  1.1264e+02   1.48e-02
  1.1492e+02   1.40e-02
  1.1725e+02   1.33e-02
  1.1962e+02   1.26e-02
  1.2204e+02   1.19e-02
  1.2451e+02   1.13e-02
  1.2703e+02   1.07e-02
  1.2961e+02   1.02e-02
  1.3223e+02   9.62e-03
  1.3491e+02   9.08e-03
  1.3764e+02   8.59e-03
  1.4043e+02   8.14e-03
  1.4327e+02   7.69e-03
  1.4617e+02   7.27e-03
  1.4913e+02   6.85e-03
  1.5215e+02   6.45e-03
  1.5523e+02   6.10e-03
  1.5837e+02   5.76e-03
  1.6158e+02   5.43e-03
  1.6485e+02   5.11e-03
  1.6819e+02   4.80e-03
  1.7159e+02   4.51e-03
  1.7507e+02   4.26e-03
  1.7861e+02   4.01e-03
  1.8223e+02   3.77e-03
  1.8592e+02   3.54e-03
  1.8968e+02   3.32e-03
  1.9352e+02   3.11e-03
  1.9744e+02   2.93e-03
  2.0144e+02   2.75e-03
  2.0552e+02   2.58e-03
  2.0968e+02   2.42e-03
  2.1392e+02   2.26e-03
  2.1826e+02   2.12e-03
  2.2267e+02   1.99e-03
  2.2718e+02   1.86e-03
  2.3178e+02   1.74e-03
  2.3648e+02   1.62e-03
  2.4126e+02   1.51e-03
  2.4615e+02   1.42e-03
  2.5113e+02   1.33e-03
  2.5622e+02   1.24e-03
  2.6141e+02   1.16e-03
  2.6670e+02   1.07e-03
  2.7210e+02   9.99e-04
  2.7761e+02   9.34e-04
  2.8323e+02   8.72e-04
  2.8896e+02   8.13e-04
  2.9481e+02   7.55e-04
  3.0078e+02   7.00e-04
  3.0687e+02   6.50e-04
  3.1309e+02   6.06e-04
  3.1943e+02   5.64e-04
  3.2589e+02   5.24e-04
  3.3249e+02   4.85e-04
  3.3922e+02   4.48e-04
  3.4609e+02   4.16e-04
  3.5310e+02   3.87e-04
  3.6025e+02   3.59e-04
  3.6754e+02   3.33e-04
  3.7498e+02   3.07e-04
  3.8258e+02   2.82e-04
  3.9032e+02   2.63e-04
  3.9823e+02   2.44e-04
  4.0629e+02   2.26e-04
  4.1452e+02   2.08e-04
  4.2291e+02   1.92e-04
  4.3147e+02   1.77e-04
  4.4021e+02   1.64e-04
  4.4912e+02   1.52e-04
  4.5821e+02   1.40e-04
  4.6749e+02   1.29e-04
  4.7696e+02   1.19e-04
  4.8661e+02   1.09e-04
  4.9647e+02   1.01e-04
  5.0652e+02   9.36e-05
  5.1678e+02   8.63e-05
  5.2724e+02   7.93e-05
  5.3791e+02   7.26e-05
  5.4881e+02   6.71e-05
  5.5992e+02   6.21e-05
  5.7125e+02   5.73e-05
  5.8282e+02   5.27e-05
  5.9462e+02   4.83e-05
  6.0666e+02   4.42e-05
  6.1894e+02   4.09e-05
  6.3148e+02   3.78e-05
  6.4426e+02   3.49e-05
  6.5731e+02   3.21e-05
  6.7061e+02   2.94e-05
  6.8419e+02   2.69e-05
  6.9805e+02   2.49e-05
  7.1218e+02   2.30e-05
  7.2660e+02   2.12e-05
  7.4131e+02   1.94e-05
  7.5632e+02   1.77e-05
  7.7163e+02   1.63e-05
  7.8726e+02   1.51e-05
  8.0320e+02   1.40e-05
  8.1946e+02   1.29e-05
  8.3605e+02   1.18e-05
  8.5298e+02   1.08e-05
  8.7025e+02   1.01e-05
  8.8787e+02   9.36e-06
  9.0585e+02   8.69e-06
  9.2419e+02   8.06e-06
  9.4290e+02   7.45e-06
  9.6199e+02   6.87e-06
  9.8147e+02   6.48e-06
  1.0013e+03   6.10e-06
  1.0216e+03   5.73e-06
  1.0423e+03   5.38e-06
  1.0634e+03   5.05e-06
  1.0849e+03   4.76e-06
  1.1069e+03   4.54e-06
  1.1293e+03   4.34e-06
  1.1522e+03   4.14e-06
  1.1755e+03   3.95e-06
  1.1993e+03   3.76e-06
  1.2236e+03   3.62e-06
  1.2484e+03   3.50e-06
  1.2736e+03   3.38e-06
  1.2994e+03   3.27e-06
  1.3257e+03   3.16e-06
  1.3526e+03   3.06e-06
  1.3800e+03   2.98e-06
  1.4079e+03   2.90e-06
  1.4364e+03   2.83e-06
  1.4655e+03   2.75e-06
  1.4952e+03   2.68e-06
  1.5255e+03   2.62e-06
  1.5563e+03   2.55e-06
  1.5879e+03   2.49e-06
  1.6200e+03   2.43e-06
