#  E [MeV]   Flux [# cm^{-2} s^{-1}  MeV^{-1}]
  3.0000e+04   3.18e-22
  3.0696e+04   3.08e-22
  3.1408e+04   2.98e-22
  3.2137e+04   2.89e-22
  3.2883e+04   2.79e-22
  3.3646e+04   2.70e-22
  3.4426e+04   2.61e-22
  3.5225e+04   2.52e-22
  3.6042e+04   2.44e-22
  3.6878e+04   2.36e-22
  3.7734e+04   2.28e-22
  3.8609e+04   2.20e-22
  3.9505e+04   2.12e-22
  4.0422e+04   2.05e-22
  4.1360e+04   1.98e-22
  4.2319e+04   1.91e-22
  4.3301e+04   1.85e-22
  4.4306e+04   1.78e-22
  4.5334e+04   1.72e-22
  4.6386e+04   1.66e-22
  4.7462e+04   1.60e-22
  4.8563e+04   1.54e-22
  4.9690e+04   1.49e-22
  5.0843e+04   1.43e-22
  5.2022e+04   1.38e-22
  5.3229e+04   1.33e-22
  5.4464e+04   1.28e-22
  5.5728e+04   1.24e-22
  5.7021e+04   1.19e-22
  5.8344e+04   1.15e-22
  5.9697e+04   1.10e-22
  6.1083e+04   1.06e-22
  6.2500e+04   1.02e-22
  6.3950e+04   9.84e-23
  6.5434e+04   9.46e-23
  6.6952e+04   9.10e-23
  6.8505e+04   8.75e-23
  7.0095e+04   8.42e-23
  7.1721e+04   8.09e-23
  7.3385e+04   7.77e-23
  7.5088e+04   7.47e-23
  7.6830e+04   7.17e-23
  7.8612e+04   6.89e-23
  8.0436e+04   6.61e-23
  8.2302e+04   6.35e-23
  8.4212e+04   6.09e-23
  8.6166e+04   5.84e-23
  8.8165e+04   5.60e-23
  9.0210e+04   5.37e-23
  9.2304e+04   5.15e-23
  9.4445e+04   4.94e-23
  9.6636e+04   4.73e-23
  9.8878e+04   4.53e-23
  1.0117e+05   4.34e-23
  1.0352e+05   4.16e-23
  1.0592e+05   3.98e-23
  1.0838e+05   3.81e-23
  1.1089e+05   3.65e-23
  1.1347e+05   3.49e-23
  1.1610e+05   3.34e-23
  1.1879e+05   3.19e-23
  1.2155e+05   3.05e-23
  1.2437e+05   2.92e-23
  1.2725e+05   2.79e-23
  1.3021e+05   2.66e-23
  1.3323e+05   2.55e-23
  1.3632e+05   2.43e-23
  1.3948e+05   2.32e-23
  1.4272e+05   2.21e-23
  1.4603e+05   2.11e-23
  1.4942e+05   2.01e-23
  1.5288e+05   1.92e-23
  1.5643e+05   1.83e-23
  1.6006e+05   1.74e-23
  1.6377e+05   1.66e-23
  1.6757e+05   1.58e-23
  1.7146e+05   1.51e-23
  1.7544e+05   1.43e-23
  1.7951e+05   1.36e-23
  1.8368e+05   1.30e-23
  1.8794e+05   1.23e-23
  1.9230e+05   1.17e-23
  1.9676e+05   1.11e-23
  2.0132e+05   1.06e-23
  2.0600e+05   1.00e-23
  2.1078e+05   9.54e-24
  2.1567e+05   9.06e-24
  2.2067e+05   8.59e-24
  2.2579e+05   8.14e-24
  2.3103e+05   7.72e-24
  2.3639e+05   7.32e-24
  2.4187e+05   6.94e-24
  2.4748e+05   6.57e-24
  2.5323e+05   6.21e-24
  2.5910e+05   5.89e-24
  2.6511e+05   5.57e-24
  2.7126e+05   5.27e-24
  2.7756e+05   4.98e-24
  2.8400e+05   4.70e-24
  2.9059e+05   4.44e-24
  2.9733e+05   4.20e-24
  3.0423e+05   3.96e-24
  3.1129e+05   3.73e-24
  3.1851e+05   3.51e-24
  3.2590e+05   3.32e-24
  3.3346e+05   3.13e-24
  3.4120e+05   2.95e-24
  3.4911e+05   2.77e-24
  3.5721e+05   2.60e-24
  3.6550e+05   2.45e-24
  3.7398e+05   2.31e-24
  3.8266e+05   2.17e-24
  3.9154e+05   2.03e-24
  4.0062e+05   1.91e-24
  4.0991e+05   1.79e-24
  4.1943e+05   1.68e-24
  4.2916e+05   1.58e-24
  4.3911e+05   1.48e-24
  4.4930e+05   1.38e-24
  4.5973e+05   1.29e-24
  4.7039e+05   1.21e-24
  4.8131e+05   1.13e-24
  4.9247e+05   1.06e-24
  5.0390e+05   9.86e-25
  5.1559e+05   9.23e-25
  5.2755e+05   8.62e-25
  5.3979e+05   8.04e-25
  5.5232e+05   7.49e-25
  5.6513e+05   6.95e-25
  5.7824e+05   6.48e-25
  5.9166e+05   6.04e-25
  6.0539e+05   5.61e-25
  6.1943e+05   5.20e-25
  6.3381e+05   4.81e-25
  6.4851e+05   4.47e-25
  6.6356e+05   4.16e-25
  6.7895e+05   3.85e-25
  6.9471e+05   3.56e-25
  7.1082e+05   3.28e-25
  7.2732e+05   3.04e-25
  7.4419e+05   2.81e-25
  7.6146e+05   2.60e-25
  7.7912e+05   2.39e-25
  7.9720e+05   2.19e-25
  8.1570e+05   2.03e-25
  8.3462e+05   1.87e-25
  8.5399e+05   1.72e-25
  8.7380e+05   1.58e-25
  8.9407e+05   1.44e-25
  9.1482e+05   1.33e-25
  9.3604e+05   1.22e-25
  9.5776e+05   1.12e-25
  9.7998e+05   1.02e-25
  1.0027e+06   9.26e-26
  1.0260e+06   8.49e-26
  1.0498e+06   7.78e-26
  1.0741e+06   7.10e-26
  1.0991e+06   6.45e-26
  1.1246e+06   5.83e-26
  1.1507e+06   5.32e-26
  1.1774e+06   4.85e-26
  1.2047e+06   4.40e-26
  1.2326e+06   3.98e-26
  1.2612e+06   3.56e-26
  1.2905e+06   3.24e-26
  1.3204e+06   2.94e-26
  1.3511e+06   2.66e-26
  1.3824e+06   2.38e-26
  1.4145e+06   2.12e-26
  1.4473e+06   1.92e-26
  1.4809e+06   1.73e-26
  1.5152e+06   1.56e-26
  1.5504e+06   1.39e-26
  1.5864e+06   1.23e-26
  1.6232e+06   1.11e-26
  1.6608e+06   9.98e-27
  1.6994e+06   8.93e-27
  1.7388e+06   7.94e-27
  1.7791e+06   6.98e-27
  1.8204e+06   6.24e-27
  1.8626e+06   5.60e-27
  1.9059e+06   4.99e-27
  1.9501e+06   4.40e-27
  1.9953e+06   3.84e-27
  2.0416e+06   3.41e-27
  2.0890e+06   3.04e-27
  2.1375e+06   2.69e-27
  2.1870e+06   2.36e-27
  2.2378e+06   2.03e-27
  2.2897e+06   1.79e-27
  2.3428e+06   1.59e-27
  2.3972e+06   1.39e-27
  2.4528e+06   1.21e-27
  2.5097e+06   1.03e-27
  2.5680e+06   8.90e-28
  2.6275e+06   7.76e-28
  2.6885e+06   6.67e-28
  2.7509e+06   5.62e-28
  2.8147e+06   4.62e-28
  2.8800e+06   3.93e-28
