#  E [MeV]   Flux [# cm^{-2} s^{-1}  MeV^{-1}]
  3.0000e+04   1.29e-25
  3.1141e+04   1.24e-25
  3.2326e+04   1.19e-25
  3.3556e+04   1.14e-25
  3.4832e+04   1.09e-25
  3.6157e+04   1.05e-25
  3.7533e+04   1.01e-25
  3.8961e+04   9.67e-26
  4.0443e+04   9.28e-26
  4.1982e+04   8.91e-26
  4.3579e+04   8.55e-26
  4.5237e+04   8.20e-26
  4.6958e+04   7.87e-26
  4.8744e+04   7.55e-26
  5.0598e+04   7.24e-26
  5.2523e+04   6.94e-26
  5.4521e+04   6.66e-26
  5.6596e+04   6.38e-26
  5.8749e+04   6.12e-26
  6.0984e+04   5.87e-26
  6.3304e+04   5.62e-26
  6.5712e+04   5.39e-26
  6.8212e+04   5.16e-26
  7.0807e+04   4.95e-26
  7.3500e+04   4.74e-26
  7.6297e+04   4.54e-26
  7.9199e+04   4.35e-26
  8.2212e+04   4.16e-26
  8.5340e+04   3.98e-26
  8.8586e+04   3.81e-26
  9.1956e+04   3.65e-26
  9.5455e+04   3.49e-26
  9.9086e+04   3.34e-26
  1.0286e+05   3.19e-26
  1.0677e+05   3.05e-26
  1.1083e+05   2.92e-26
  1.1505e+05   2.79e-26
  1.1942e+05   2.66e-26
  1.2397e+05   2.54e-26
  1.2868e+05   2.43e-26
  1.3358e+05   2.32e-26
  1.3866e+05   2.21e-26
  1.4394e+05   2.11e-26
  1.4941e+05   2.01e-26
  1.5509e+05   1.92e-26
  1.6100e+05   1.83e-26
  1.6712e+05   1.74e-26
  1.7348e+05   1.66e-26
  1.8008e+05   1.58e-26
  1.8693e+05   1.50e-26
  1.9404e+05   1.43e-26
  2.0142e+05   1.35e-26
  2.0908e+05   1.29e-26
  2.1704e+05   1.22e-26
  2.2529e+05   1.16e-26
  2.3387e+05   1.10e-26
  2.4276e+05   1.04e-26
  2.5200e+05   9.84e-27
  2.6158e+05   9.31e-27
  2.7154e+05   8.80e-27
  2.8187e+05   8.32e-27
  2.9259e+05   7.85e-27
  3.0372e+05   7.41e-27
  3.1527e+05   6.98e-27
  3.2727e+05   6.58e-27
  3.3972e+05   6.19e-27
  3.5264e+05   5.82e-27
  3.6606e+05   5.47e-27
  3.7998e+05   5.13e-27
  3.9444e+05   4.82e-27
  4.0945e+05   4.51e-27
  4.2502e+05   4.23e-27
  4.4119e+05   3.95e-27
  4.5798e+05   3.70e-27
  4.7540e+05   3.45e-27
  4.9348e+05   3.22e-27
  5.1226e+05   3.01e-27
  5.3175e+05   2.80e-27
  5.5198e+05   2.61e-27
  5.7297e+05   2.43e-27
  5.9477e+05   2.26e-27
  6.1740e+05   2.10e-27
  6.4089e+05   1.95e-27
  6.6527e+05   1.81e-27
  6.9058e+05   1.68e-27
  7.1685e+05   1.55e-27
  7.4412e+05   1.44e-27
  7.7243e+05   1.33e-27
  8.0181e+05   1.23e-27
  8.3232e+05   1.14e-27
  8.6398e+05   1.06e-27
  8.9685e+05   9.76e-28
  9.3097e+05   9.02e-28
  9.6638e+05   8.34e-28
  1.0031e+06   7.71e-28
  1.0413e+06   7.12e-28
  1.0809e+06   6.57e-28
  1.1220e+06   6.07e-28
  1.1647e+06   5.61e-28
  1.2090e+06   5.18e-28
  1.2550e+06   4.78e-28
  1.3028e+06   4.41e-28
  1.3523e+06   4.07e-28
  1.4038e+06   3.75e-28
  1.4572e+06   3.46e-28
  1.5126e+06   3.19e-28
  1.5702e+06   2.94e-28
  1.6299e+06   2.71e-28
  1.6919e+06   2.50e-28
  1.7563e+06   2.30e-28
  1.8231e+06   2.12e-28
  1.8925e+06   1.95e-28
  1.9645e+06   1.80e-28
  2.0392e+06   1.66e-28
  2.1168e+06   1.52e-28
  2.1973e+06   1.40e-28
  2.2809e+06   1.29e-28
  2.3677e+06   1.18e-28
  2.4577e+06   1.08e-28
  2.5512e+06   9.94e-29
  2.6483e+06   9.10e-29
  2.7490e+06   8.33e-29
  2.8536e+06   7.62e-29
  2.9622e+06   6.96e-29
  3.0749e+06   6.35e-29
  3.1918e+06   5.80e-29
  3.3133e+06   5.28e-29
  3.4393e+06   4.80e-29
  3.5702e+06   4.36e-29
  3.7060e+06   3.95e-29
  3.8470e+06   3.58e-29
  3.9933e+06   3.24e-29
  4.1452e+06   2.93e-29
  4.3029e+06   2.63e-29
  4.4666e+06   2.37e-29
  4.6366e+06   2.13e-29
  4.8129e+06   1.91e-29
  4.9960e+06   1.71e-29
  5.1861e+06   1.52e-29
  5.3834e+06   1.35e-29
  5.5882e+06   1.20e-29
  5.8008e+06   1.06e-29
  6.0215e+06   9.32e-30
  6.2506e+06   8.22e-30
  6.4883e+06   7.20e-30
  6.7352e+06   6.27e-30
  6.9914e+06   5.47e-30
  7.2574e+06   4.74e-30
  7.5335e+06   4.07e-30
  7.8201e+06   3.50e-30
  8.1176e+06   3.00e-30
  8.4264e+06   2.54e-30
  8.7470e+06   2.15e-30
  9.0797e+06   1.81e-30
  9.4251e+06   1.50e-30
  9.7837e+06   1.25e-30
  1.0156e+07   1.02e-30
  1.0542e+07   8.31e-31
  1.0943e+07   6.71e-31
  1.1360e+07   5.37e-31
  1.1792e+07   4.23e-31
  1.2240e+07   3.30e-31
  1.2706e+07   2.55e-31
  1.3189e+07   1.93e-31
  1.3691e+07   1.44e-31
  1.4212e+07   1.06e-31
  1.4753e+07   7.60e-32
  1.5314e+07   5.34e-32
  1.5897e+07   3.69e-32
  1.6501e+07   2.46e-32
  1.7129e+07   1.59e-32
  1.7781e+07   1.00e-32
  1.8457e+07   6.05e-33
  1.9159e+07   3.47e-33
  1.9888e+07   1.92e-33
  2.0645e+07   9.92e-34
  2.1430e+07   4.76e-34
  2.2245e+07   2.16e-34
  2.3092e+07   8.91e-35
  2.3970e+07   3.27e-35
  2.4882e+07   1.10e-35
  2.5829e+07   3.18e-36
  2.6811e+07   7.67e-37
  2.7831e+07   1.58e-37
  2.8890e+07   2.56e-38
  2.9989e+07   3.11e-39
  3.1130e+07   2.80e-40
  3.2314e+07   1.69e-41
  3.3544e+07   6.19e-43
  3.4820e+07   1.29e-44
  3.6144e+07   1.30e-46
  3.7519e+07   5.27e-49
  3.8947e+07   7.18e-52
  4.0428e+07   2.43e-55
  4.1966e+07   1.38e-59
  4.3563e+07   8.25e-65
  4.5220e+07   2.74e-71
  4.6941e+07   8.13e-73
  4.8726e+07   6.12e-73
  5.0580e+07   4.53e-73
