#  E [MeV]   Flux [# cm^{-2} s^{-1}  MeV^{-1}]
  3.0000e+04   4.59e-22
  3.1123e+04   4.41e-22
  3.2288e+04   4.25e-22
  3.3497e+04   4.09e-22
  3.4751e+04   3.93e-22
  3.6051e+04   3.78e-22
  3.7401e+04   3.64e-22
  3.8801e+04   3.49e-22
  4.0253e+04   3.36e-22
  4.1760e+04   3.23e-22
  4.3324e+04   3.10e-22
  4.4945e+04   2.98e-22
  4.6628e+04   2.86e-22
  4.8373e+04   2.75e-22
  5.0184e+04   2.64e-22
  5.2063e+04   2.53e-22
  5.4011e+04   2.43e-22
  5.6033e+04   2.33e-22
  5.8131e+04   2.23e-22
  6.0307e+04   2.14e-22
  6.2564e+04   2.05e-22
  6.4906e+04   1.97e-22
  6.7336e+04   1.89e-22
  6.9857e+04   1.81e-22
  7.2472e+04   1.73e-22
  7.5184e+04   1.66e-22
  7.7999e+04   1.59e-22
  8.0919e+04   1.52e-22
  8.3948e+04   1.46e-22
  8.7090e+04   1.39e-22
  9.0350e+04   1.33e-22
  9.3732e+04   1.28e-22
  9.7241e+04   1.22e-22
  1.0088e+05   1.17e-22
  1.0466e+05   1.12e-22
  1.0858e+05   1.07e-22
  1.1264e+05   1.02e-22
  1.1686e+05   9.74e-23
  1.2123e+05   9.31e-23
  1.2577e+05   8.89e-23
  1.3048e+05   8.49e-23
  1.3536e+05   8.10e-23
  1.4043e+05   7.73e-23
  1.4568e+05   7.38e-23
  1.5114e+05   7.04e-23
  1.5680e+05   6.72e-23
  1.6266e+05   6.41e-23
  1.6875e+05   6.11e-23
  1.7507e+05   5.82e-23
  1.8162e+05   5.55e-23
  1.8842e+05   5.29e-23
  1.9548e+05   5.04e-23
  2.0279e+05   4.80e-23
  2.1039e+05   4.57e-23
  2.1826e+05   4.35e-23
  2.2643e+05   4.14e-23
  2.3491e+05   3.94e-23
  2.4370e+05   3.75e-23
  2.5282e+05   3.57e-23
  2.6229e+05   3.39e-23
  2.7211e+05   3.22e-23
  2.8229e+05   3.07e-23
  2.9286e+05   2.91e-23
  3.0382e+05   2.77e-23
  3.1519e+05   2.63e-23
  3.2699e+05   2.50e-23
  3.3923e+05   2.37e-23
  3.5193e+05   2.26e-23
  3.6511e+05   2.14e-23
  3.7877e+05   2.03e-23
  3.9295e+05   1.93e-23
  4.0766e+05   1.83e-23
  4.2292e+05   1.74e-23
  4.3875e+05   1.65e-23
  4.5518e+05   1.56e-23
  4.7222e+05   1.48e-23
  4.8989e+05   1.41e-23
  5.0823e+05   1.33e-23
  5.2726e+05   1.26e-23
  5.4699e+05   1.20e-23
  5.6747e+05   1.14e-23
  5.8871e+05   1.08e-23
  6.1075e+05   1.02e-23
  6.3361e+05   9.72e-24
  6.5733e+05   9.23e-24
  6.8194e+05   8.76e-24
  7.0746e+05   8.32e-24
  7.3395e+05   7.91e-24
  7.6142e+05   7.52e-24
  7.8992e+05   7.15e-24
  8.1949e+05   6.80e-24
  8.5017e+05   6.47e-24
  8.8199e+05   6.17e-24
  9.1501e+05   5.88e-24
  9.4926e+05   5.60e-24
  9.8479e+05   5.35e-24
  1.0217e+06   5.10e-24
  1.0599e+06   4.87e-24
  1.0996e+06   4.66e-24
  1.1407e+06   4.46e-24
  1.1834e+06   4.26e-24
  1.2277e+06   4.08e-24
  1.2737e+06   3.91e-24
  1.3214e+06   3.75e-24
  1.3708e+06   3.60e-24
  1.4222e+06   3.46e-24
  1.4754e+06   3.32e-24
  1.5306e+06   3.19e-24
  1.5879e+06   3.07e-24
  1.6474e+06   2.95e-24
  1.7090e+06   2.84e-24
  1.7730e+06   2.74e-24
  1.8394e+06   2.64e-24
  1.9082e+06   2.54e-24
  1.9797e+06   2.45e-24
  2.0538e+06   2.36e-24
  2.1306e+06   2.28e-24
  2.2104e+06   2.20e-24
  2.2931e+06   2.12e-24
  2.3790e+06   2.04e-24
  2.4680e+06   1.97e-24
  2.5604e+06   1.90e-24
  2.6563e+06   1.83e-24
  2.7557e+06   1.76e-24
  2.8589e+06   1.70e-24
  2.9659e+06   1.63e-24
  3.0769e+06   1.57e-24
  3.1921e+06   1.51e-24
  3.3116e+06   1.45e-24
  3.4355e+06   1.39e-24
  3.5641e+06   1.33e-24
  3.6976e+06   1.27e-24
  3.8360e+06   1.22e-24
  3.9796e+06   1.16e-24
  4.1285e+06   1.11e-24
  4.2831e+06   1.06e-24
  4.4434e+06   1.00e-24
  4.6097e+06   9.53e-25
  4.7823e+06   9.03e-25
  4.9613e+06   8.53e-25
  5.1470e+06   8.05e-25
  5.3397e+06   7.58e-25
  5.5396e+06   7.11e-25
  5.7470e+06   6.65e-25
  5.9621e+06   6.21e-25
  6.1853e+06   5.77e-25
  6.4168e+06   5.35e-25
  6.6570e+06   4.95e-25
  6.9062e+06   4.56e-25
  7.1647e+06   4.18e-25
  7.4329e+06   3.81e-25
  7.7112e+06   3.46e-25
  7.9998e+06   3.13e-25
  8.2993e+06   2.82e-25
  8.6100e+06   2.52e-25
  8.9323e+06   2.23e-25
  9.2666e+06   1.97e-25
  9.6135e+06   1.72e-25
  9.9734e+06   1.50e-25
  1.0347e+07   1.29e-25
  1.0734e+07   1.10e-25
  1.1136e+07   9.24e-26
  1.1553e+07   7.71e-26
  1.1985e+07   6.35e-26
  1.2434e+07   5.15e-26
  1.2899e+07   4.12e-26
  1.3382e+07   3.25e-26
  1.3883e+07   2.51e-26
  1.4403e+07   1.90e-26
  1.4942e+07   1.41e-26
  1.5501e+07   1.01e-26
  1.6081e+07   7.12e-27
  1.6683e+07   4.84e-27
  1.7308e+07   3.18e-27
  1.7956e+07   2.00e-27
  1.8628e+07   1.21e-27
  1.9325e+07   6.90e-28
  2.0049e+07   3.73e-28
  2.0799e+07   1.89e-28
  2.1578e+07   8.85e-29
  2.2386e+07   3.81e-29
  2.3224e+07   1.49e-29
  2.4093e+07   5.16e-30
  2.4995e+07   1.57e-30
  2.5930e+07   4.10e-31
  2.6901e+07   8.87e-32
  2.7908e+07   1.56e-32
  2.8953e+07   2.11e-33
  3.0037e+07   2.10e-34
  3.1161e+07   1.47e-35
  3.2327e+07   6.66e-37
  3.3537e+07   1.76e-38
  3.4793e+07   2.53e-40
  3.6095e+07   1.65e-42
  3.7446e+07   4.09e-45
  3.8848e+07   3.17e-48
  4.0302e+07   5.57e-52
  4.1811e+07   1.50e-56
  4.3376e+07   3.95e-62
  4.5000e+07   1.68e-66
