#  E [MeV]   Flux [# cm^{-2} s^{-1}  MeV^{-1}]
  3.0000e+04   8.70e-23
  3.0517e+04   8.44e-23
  3.1043e+04   8.19e-23
  3.1578e+04   7.94e-23
  3.2123e+04   7.70e-23
  3.2676e+04   7.46e-23
  3.3240e+04   7.23e-23
  3.3813e+04   7.00e-23
  3.4396e+04   6.79e-23
  3.4989e+04   6.58e-23
  3.5592e+04   6.37e-23
  3.6205e+04   6.17e-23
  3.6829e+04   5.98e-23
  3.7464e+04   5.79e-23
  3.8110e+04   5.60e-23
  3.8767e+04   5.42e-23
  3.9435e+04   5.25e-23
  4.0115e+04   5.08e-23
  4.0807e+04   4.92e-23
  4.1510e+04   4.76e-23
  4.2226e+04   4.60e-23
  4.2953e+04   4.45e-23
  4.3694e+04   4.31e-23
  4.4447e+04   4.16e-23
  4.5213e+04   4.03e-23
  4.5993e+04   3.89e-23
  4.6786e+04   3.76e-23
  4.7592e+04   3.63e-23
  4.8412e+04   3.51e-23
  4.9247e+04   3.39e-23
  5.0096e+04   3.28e-23
  5.0960e+04   3.17e-23
  5.1838e+04   3.06e-23
  5.2732e+04   2.95e-23
  5.3641e+04   2.85e-23
  5.4565e+04   2.75e-23
  5.5506e+04   2.65e-23
  5.6463e+04   2.56e-23
  5.7436e+04   2.47e-23
  5.8426e+04   2.38e-23
  5.9433e+04   2.30e-23
  6.0458e+04   2.21e-23
  6.1500e+04   2.14e-23
  6.2560e+04   2.06e-23
  6.3639e+04   1.99e-23
  6.4736e+04   1.91e-23
  6.5852e+04   1.84e-23
  6.6987e+04   1.77e-23
  6.8142e+04   1.71e-23
  6.9316e+04   1.65e-23
  7.0511e+04   1.59e-23
  7.1727e+04   1.53e-23
  7.2963e+04   1.47e-23
  7.4221e+04   1.41e-23
  7.5500e+04   1.36e-23
  7.6802e+04   1.31e-23
  7.8126e+04   1.26e-23
  7.9472e+04   1.21e-23
  8.0842e+04   1.17e-23
  8.2236e+04   1.12e-23
  8.3654e+04   1.08e-23
  8.5096e+04   1.04e-23
  8.6563e+04   9.95e-24
  8.8055e+04   9.57e-24
  8.9573e+04   9.19e-24
  9.1117e+04   8.82e-24
  9.2687e+04   8.47e-24
  9.4285e+04   8.12e-24
  9.5911e+04   7.78e-24
  9.7564e+04   7.47e-24
  9.9246e+04   7.17e-24
  1.0096e+05   6.88e-24
  1.0270e+05   6.59e-24
  1.0447e+05   6.32e-24
  1.0627e+05   6.05e-24
  1.0810e+05   5.79e-24
  1.0996e+05   5.55e-24
  1.1186e+05   5.32e-24
  1.1379e+05   5.09e-24
  1.1575e+05   4.87e-24
  1.1774e+05   4.66e-24
  1.1977e+05   4.45e-24
  1.2184e+05   4.26e-24
  1.2394e+05   4.08e-24
  1.2608e+05   3.90e-24
  1.2825e+05   3.73e-24
  1.3046e+05   3.56e-24
  1.3271e+05   3.40e-24
  1.3500e+05   3.24e-24
  1.3732e+05   3.10e-24
  1.3969e+05   2.96e-24
  1.4210e+05   2.83e-24
  1.4455e+05   2.70e-24
  1.4704e+05   2.57e-24
  1.4957e+05   2.45e-24
  1.5215e+05   2.33e-24
  1.5478e+05   2.22e-24
  1.5744e+05   2.12e-24
  1.6016e+05   2.02e-24
  1.6292e+05   1.92e-24
  1.6573e+05   1.83e-24
  1.6858e+05   1.74e-24
  1.7149e+05   1.65e-24
  1.7445e+05   1.57e-24
  1.7745e+05   1.49e-24
  1.8051e+05   1.42e-24
  1.8362e+05   1.35e-24
  1.8679e+05   1.28e-24
  1.9001e+05   1.21e-24
  1.9328e+05   1.15e-24
  1.9662e+05   1.09e-24
  2.0001e+05   1.04e-24
  2.0345e+05   9.83e-25
  2.0696e+05   9.31e-25
  2.1053e+05   8.80e-25
  2.1416e+05   8.31e-25
  2.1785e+05   7.89e-25
  2.2160e+05   7.48e-25
  2.2543e+05   7.09e-25
  2.2931e+05   6.70e-25
  2.3326e+05   6.33e-25
  2.3729e+05   5.97e-25
  2.4138e+05   5.63e-25
  2.4554e+05   5.34e-25
  2.4977e+05   5.05e-25
  2.5407e+05   4.77e-25
  2.5845e+05   4.50e-25
  2.6291e+05   4.24e-25
  2.6744e+05   3.99e-25
  2.7205e+05   3.76e-25
  2.7674e+05   3.56e-25
  2.8151e+05   3.36e-25
  2.8637e+05   3.17e-25
  2.9130e+05   2.99e-25
  2.9632e+05   2.81e-25
  3.0143e+05   2.63e-25
  3.0663e+05   2.49e-25
  3.1191e+05   2.35e-25
  3.1729e+05   2.22e-25
  3.2276e+05   2.09e-25
  3.2832e+05   1.96e-25
  3.3398e+05   1.84e-25
  3.3974e+05   1.73e-25
  3.4560e+05   1.63e-25
  3.5155e+05   1.54e-25
  3.5761e+05   1.46e-25
  3.6378e+05   1.37e-25
  3.7005e+05   1.29e-25
  3.7643e+05   1.21e-25
  3.8292e+05   1.14e-25
  3.8952e+05   1.08e-25
  3.9623e+05   1.03e-25
  4.0306e+05   9.71e-26
  4.1001e+05   9.18e-26
  4.1708e+05   8.66e-26
  4.2427e+05   8.16e-26
  4.3158e+05   7.74e-26
  4.3902e+05   7.37e-26
  4.4659e+05   7.02e-26
  4.5429e+05   6.67e-26
  4.6212e+05   6.34e-26
  4.7009e+05   6.02e-26
  4.7819e+05   5.71e-26
  4.8643e+05   5.46e-26
  4.9482e+05   5.23e-26
  5.0335e+05   5.01e-26
  5.1203e+05   4.80e-26
  5.2085e+05   4.59e-26
  5.2983e+05   4.39e-26
  5.3897e+05   4.20e-26
  5.4826e+05   4.08e-26
  5.5771e+05   3.95e-26
  5.6732e+05   3.83e-26
  5.7710e+05   3.71e-26
  5.8705e+05   3.60e-26
  5.9717e+05   3.49e-26
  6.0746e+05   3.40e-26
  6.1793e+05   3.34e-26
  6.2859e+05   3.28e-26
  6.3942e+05   3.23e-26
  6.5045e+05   3.17e-26
  6.6166e+05   3.11e-26
  6.7306e+05   3.06e-26
  6.8467e+05   3.03e-26
  6.9647e+05   3.01e-26
  7.0847e+05   2.99e-26
  7.2069e+05   2.97e-26
  7.3311e+05   2.95e-26
  7.4575e+05   2.93e-26
  7.5860e+05   2.91e-26
  7.7168e+05   2.59e-26
  7.8498e+05   2.25e-26
  7.9852e+05   1.93e-26
  8.1228e+05   1.62e-26
  8.2628e+05   1.32e-26
  8.4053e+05   1.04e-26
  8.5502e+05   7.88e-27
  8.6976e+05   6.59e-27
  8.8475e+05   5.35e-27
  9.0000e+05   4.17e-27
