#  E [MeV]   Flux [# cm^{-2} s^{-1}  MeV^{-1}]
  3.0000e+04   1.85e-19
  3.0411e+04   1.79e-19
  3.0828e+04   1.73e-19
  3.1250e+04   1.67e-19
  3.1678e+04   1.61e-19
  3.2112e+04   1.55e-19
  3.2552e+04   1.50e-19
  3.2998e+04   1.44e-19
  3.3450e+04   1.39e-19
  3.3909e+04   1.34e-19
  3.4373e+04   1.29e-19
  3.4844e+04   1.25e-19
  3.5322e+04   1.20e-19
  3.5806e+04   1.16e-19
  3.6296e+04   1.12e-19
  3.6794e+04   1.07e-19
  3.7298e+04   1.03e-19
  3.7809e+04   9.94e-20
  3.8327e+04   9.58e-20
  3.8852e+04   9.23e-20
  3.9384e+04   8.89e-20
  3.9924e+04   8.56e-20
  4.0471e+04   8.23e-20
  4.1025e+04   7.91e-20
  4.1587e+04   7.59e-20
  4.2157e+04   7.29e-20
  4.2735e+04   7.01e-20
  4.3320e+04   6.75e-20
  4.3914e+04   6.49e-20
  4.4516e+04   6.23e-20
  4.5125e+04   5.99e-20
  4.5744e+04   5.74e-20
  4.6370e+04   5.51e-20
  4.7006e+04   5.27e-20
  4.7650e+04   5.06e-20
  4.8303e+04   4.86e-20
  4.8965e+04   4.67e-20
  4.9635e+04   4.48e-20
  5.0315e+04   4.30e-20
  5.1005e+04   4.12e-20
  5.1704e+04   3.95e-20
  5.2412e+04   3.77e-20
  5.3130e+04   3.61e-20
  5.3858e+04   3.46e-20
  5.4596e+04   3.32e-20
  5.5344e+04   3.19e-20
  5.6102e+04   3.05e-20
  5.6871e+04   2.92e-20
  5.7650e+04   2.79e-20
  5.8440e+04   2.67e-20
  5.9241e+04   2.55e-20
  6.0053e+04   2.44e-20
  6.0875e+04   2.33e-20
  6.1709e+04   2.24e-20
  6.2555e+04   2.14e-20
  6.3412e+04   2.05e-20
  6.4281e+04   1.95e-20
  6.5162e+04   1.86e-20
  6.6054e+04   1.78e-20
  6.6959e+04   1.69e-20
  6.7877e+04   1.62e-20
  6.8807e+04   1.55e-20
  6.9750e+04   1.48e-20
  7.0705e+04   1.41e-20
  7.1674e+04   1.35e-20
  7.2656e+04   1.28e-20
  7.3652e+04   1.22e-20
  7.4661e+04   1.16e-20
  7.5684e+04   1.11e-20
  7.6721e+04   1.06e-20
  7.7772e+04   1.01e-20
  7.8837e+04   9.64e-21
  7.9917e+04   9.18e-21
  8.1012e+04   8.73e-21
  8.2122e+04   8.30e-21
  8.3248e+04   7.87e-21
  8.4388e+04   7.47e-21
  8.5544e+04   7.13e-21
  8.6717e+04   6.79e-21
  8.7905e+04   6.47e-21
  8.9109e+04   6.15e-21
  9.0330e+04   5.84e-21
  9.1568e+04   5.54e-21
  9.2822e+04   5.24e-21
  9.4094e+04   4.95e-21
  9.5383e+04   4.71e-21
  9.6690e+04   4.48e-21
  9.8015e+04   4.26e-21
  9.9358e+04   4.05e-21
  1.0072e+05   3.84e-21
  1.0210e+05   3.64e-21
  1.0350e+05   3.44e-21
  1.0492e+05   3.24e-21
  1.0635e+05   3.06e-21
  1.0781e+05   2.91e-21
  1.0929e+05   2.77e-21
  1.1079e+05   2.63e-21
  1.1230e+05   2.49e-21
  1.1384e+05   2.35e-21
  1.1540e+05   2.22e-21
  1.1698e+05   2.09e-21
  1.1859e+05   1.96e-21
  1.2021e+05   1.86e-21
  1.2186e+05   1.77e-21
  1.2353e+05   1.67e-21
  1.2522e+05   1.58e-21
  1.2694e+05   1.49e-21
  1.2867e+05   1.41e-21
  1.3044e+05   1.32e-21
  1.3222e+05   1.24e-21
  1.3404e+05   1.17e-21
  1.3587e+05   1.11e-21
  1.3773e+05   1.05e-21
  1.3962e+05   9.91e-22
  1.4153e+05   9.34e-22
  1.4347e+05   8.79e-22
  1.4544e+05   8.26e-22
  1.4743e+05   7.73e-22
  1.4945e+05   7.22e-22
  1.5150e+05   6.83e-22
  1.5358e+05   6.46e-22
  1.5568e+05   6.09e-22
  1.5781e+05   5.74e-22
  1.5997e+05   5.40e-22
  1.6217e+05   5.06e-22
  1.6439e+05   4.74e-22
  1.6664e+05   4.42e-22
  1.6892e+05   4.14e-22
  1.7124e+05   3.91e-22
  1.7358e+05   3.69e-22
  1.7596e+05   3.48e-22
  1.7837e+05   3.27e-22
  1.8082e+05   3.06e-22
  1.8330e+05   2.86e-22
  1.8581e+05   2.67e-22
  1.8835e+05   2.48e-22
  1.9093e+05   2.34e-22
  1.9355e+05   2.21e-22
  1.9620e+05   2.08e-22
  1.9889e+05   1.95e-22
  2.0161e+05   1.83e-22
  2.0438e+05   1.70e-22
  2.0718e+05   1.59e-22
  2.1002e+05   1.47e-22
  2.1289e+05   1.38e-22
  2.1581e+05   1.30e-22
  2.1877e+05   1.22e-22
  2.2176e+05   1.15e-22
  2.2480e+05   1.08e-22
  2.2788e+05   1.01e-22
  2.3101e+05   9.37e-23
  2.3417e+05   8.70e-23
  2.3738e+05   8.05e-23
  2.4063e+05   7.60e-23
  2.4393e+05   7.16e-23
  2.4727e+05   6.73e-23
  2.5066e+05   6.31e-23
  2.5409e+05   5.91e-23
  2.5757e+05   5.51e-23
  2.6110e+05   5.12e-23
  2.6468e+05   4.75e-23
  2.6831e+05   4.44e-23
  2.7198e+05   4.18e-23
  2.7571e+05   3.92e-23
  2.7949e+05   3.68e-23
  2.8332e+05   3.44e-23
  2.8720e+05   3.20e-23
  2.9113e+05   2.98e-23
  2.9512e+05   2.76e-23
  2.9917e+05   2.55e-23
  3.0327e+05   2.39e-23
  3.0742e+05   2.24e-23
  3.1163e+05   2.09e-23
  3.1590e+05   1.95e-23
  3.2023e+05   1.81e-23
  3.2462e+05   1.67e-23
  3.2907e+05   1.54e-23
  3.3357e+05   1.42e-23
  3.3814e+05   1.31e-23
  3.4278e+05   1.22e-23
  3.4747e+05   1.13e-23
  3.5223e+05   1.04e-23
  3.5706e+05   9.55e-24
  3.6195e+05   8.73e-24
  3.6691e+05   7.94e-24
  3.7194e+05   7.17e-24
  3.7704e+05   6.45e-24
  3.8220e+05   5.91e-24
  3.8744e+05   5.39e-24
  3.9275e+05   4.88e-24
  3.9813e+05   4.39e-24
  4.0358e+05   3.92e-24
  4.0911e+05   3.46e-24
  4.1472e+05   3.02e-24
  4.2040e+05   2.59e-24
  4.2616e+05   2.34e-24
  4.3200e+05   2.17e-24
  4.3792e+05   2.01e-24
  4.4392e+05   1.85e-24
  4.5000e+05   1.70e-24
