#  E [GeV]   # per interaction  [GeV^{-1}]
  3.0000e+01   1.59e-01
  3.0501e+01   1.54e-01
  3.1010e+01   1.49e-01
  3.1528e+01   1.44e-01
  3.2055e+01   1.39e-01
  3.2590e+01   1.35e-01
  3.3134e+01   1.31e-01
  3.3688e+01   1.26e-01
  3.4250e+01   1.22e-01
  3.4822e+01   1.18e-01
  3.5404e+01   1.14e-01
  3.5995e+01   1.10e-01
  3.6596e+01   1.07e-01
  3.7207e+01   1.03e-01
  3.7829e+01   9.96e-02
  3.8460e+01   9.62e-02
  3.9103e+01   9.29e-02
  3.9756e+01   8.97e-02
  4.0420e+01   8.66e-02
  4.1095e+01   8.36e-02
  4.1781e+01   8.06e-02
  4.2479e+01   7.77e-02
  4.3188e+01   7.49e-02
  4.3909e+01   7.22e-02
  4.4642e+01   6.97e-02
  4.5388e+01   6.71e-02
  4.6146e+01   6.47e-02
  4.6917e+01   6.23e-02
  4.7700e+01   6.00e-02
  4.8497e+01   5.77e-02
  4.9307e+01   5.56e-02
  5.0130e+01   5.35e-02
  5.0967e+01   5.15e-02
  5.1818e+01   4.95e-02
  5.2684e+01   4.76e-02
  5.3563e+01   4.58e-02
  5.4458e+01   4.40e-02
  5.5367e+01   4.22e-02
  5.6292e+01   4.06e-02
  5.7232e+01   3.90e-02
  5.8188e+01   3.75e-02
  5.9160e+01   3.59e-02
  6.0148e+01   3.45e-02
  6.1152e+01   3.30e-02
  6.2173e+01   3.17e-02
  6.3212e+01   3.04e-02
  6.4267e+01   2.92e-02
  6.5340e+01   2.80e-02
  6.6432e+01   2.68e-02
  6.7541e+01   2.56e-02
  6.8669e+01   2.45e-02
  6.9816e+01   2.35e-02
  7.0982e+01   2.25e-02
  7.2167e+01   2.15e-02
  7.3372e+01   2.06e-02
  7.4598e+01   1.97e-02
  7.5843e+01   1.88e-02
  7.7110e+01   1.79e-02
  7.8398e+01   1.71e-02
  7.9707e+01   1.63e-02
  8.1038e+01   1.56e-02
  8.2391e+01   1.49e-02
  8.3767e+01   1.42e-02
  8.5166e+01   1.35e-02
  8.6588e+01   1.28e-02
  8.8034e+01   1.22e-02
  8.9505e+01   1.17e-02
  9.0999e+01   1.11e-02
  9.2519e+01   1.06e-02
  9.4064e+01   1.01e-02
  9.5635e+01   9.55e-03
  9.7232e+01   9.05e-03
  9.8856e+01   8.61e-03
  1.0051e+02   8.19e-03
  1.0219e+02   7.79e-03
  1.0389e+02   7.39e-03
  1.0563e+02   7.01e-03
  1.0739e+02   6.64e-03
  1.0918e+02   6.27e-03
  1.1101e+02   5.95e-03
  1.1286e+02   5.65e-03
  1.1475e+02   5.36e-03
  1.1666e+02   5.08e-03
  1.1861e+02   4.80e-03
  1.2059e+02   4.53e-03
  1.2260e+02   4.27e-03
  1.2465e+02   4.04e-03
  1.2673e+02   3.83e-03
  1.2885e+02   3.62e-03
  1.3100e+02   3.42e-03
  1.3319e+02   3.23e-03
  1.3541e+02   3.04e-03
  1.3768e+02   2.85e-03
  1.3997e+02   2.70e-03
  1.4231e+02   2.55e-03
  1.4469e+02   2.40e-03
  1.4711e+02   2.26e-03
  1.4956e+02   2.13e-03
  1.5206e+02   1.99e-03
  1.5460e+02   1.87e-03
  1.5718e+02   1.76e-03
  1.5981e+02   1.66e-03
  1.6247e+02   1.56e-03
  1.6519e+02   1.46e-03
  1.6795e+02   1.37e-03
  1.7075e+02   1.28e-03
  1.7360e+02   1.19e-03
  1.7650e+02   1.12e-03
  1.7945e+02   1.05e-03
  1.8245e+02   9.88e-04
  1.8549e+02   9.25e-04
  1.8859e+02   8.63e-04
  1.9174e+02   8.03e-04
  1.9494e+02   7.45e-04
  1.9820e+02   7.00e-04
  2.0151e+02   6.56e-04
  2.0487e+02   6.13e-04
  2.0829e+02   5.72e-04
  2.1177e+02   5.32e-04
  2.1531e+02   4.93e-04
  2.1890e+02   4.56e-04
  2.2256e+02   4.27e-04
  2.2628e+02   3.99e-04
  2.3006e+02   3.72e-04
  2.3390e+02   3.46e-04
  2.3780e+02   3.21e-04
  2.4178e+02   2.96e-04
  2.4581e+02   2.73e-04
  2.4992e+02   2.55e-04
  2.5409e+02   2.38e-04
  2.5833e+02   2.21e-04
  2.6265e+02   2.05e-04
  2.6704e+02   1.89e-04
  2.7149e+02   1.74e-04
  2.7603e+02   1.60e-04
  2.8064e+02   1.49e-04
  2.8532e+02   1.38e-04
  2.9009e+02   1.28e-04
  2.9493e+02   1.18e-04
  2.9986e+02   1.09e-04
  3.0487e+02   9.95e-05
  3.0996e+02   9.11e-05
  3.1513e+02   8.47e-05
  3.2040e+02   7.85e-05
  3.2575e+02   7.25e-05
  3.3119e+02   6.66e-05
  3.3672e+02   6.10e-05
  3.4234e+02   5.55e-05
  3.4806e+02   5.06e-05
  3.5387e+02   4.70e-05
  3.5978e+02   4.35e-05
  3.6579e+02   4.01e-05
  3.7190e+02   3.68e-05
  3.7811e+02   3.36e-05
  3.8442e+02   3.05e-05
  3.9084e+02   2.78e-05
  3.9737e+02   2.58e-05
  4.0401e+02   2.39e-05
  4.1075e+02   2.20e-05
  4.1761e+02   2.02e-05
  4.2459e+02   1.84e-05
  4.3168e+02   1.67e-05
  4.3889e+02   1.53e-05
  4.4622e+02   1.42e-05
  4.5367e+02   1.31e-05
  4.6124e+02   1.21e-05
  4.6895e+02   1.11e-05
  4.7678e+02   1.02e-05
  4.8474e+02   9.26e-06
  4.9283e+02   8.50e-06
  5.0107e+02   7.94e-06
  5.0943e+02   7.39e-06
  5.1794e+02   6.86e-06
  5.2659e+02   6.35e-06
  5.3538e+02   5.86e-06
  5.4432e+02   5.39e-06
  5.5342e+02   5.00e-06
  5.6266e+02   4.70e-06
  5.7205e+02   4.41e-06
  5.8161e+02   4.12e-06
  5.9132e+02   3.85e-06
  6.0119e+02   3.59e-06
  6.1123e+02   3.34e-06
  6.2144e+02   3.13e-06
  6.3182e+02   2.96e-06
  6.4237e+02   2.79e-06
  6.5310e+02   2.63e-06
  6.6401e+02   2.47e-06
  6.7509e+02   2.32e-06
  6.8637e+02   2.18e-06
  6.9783e+02   2.05e-06
  7.0948e+02   1.94e-06
  7.2133e+02   1.84e-06
  7.3338e+02   1.73e-06
  7.4563e+02   1.63e-06
  7.5808e+02   1.54e-06
  7.7074e+02   1.44e-06
  7.8361e+02   1.37e-06
  7.9670e+02   1.31e-06
  8.1000e+02   1.25e-06
