#  E [MeV]   Flux [# cm^{-2} s^{-1}  MeV^{-1}]
  3.0000e+04   2.97e-20
  3.0943e+04   2.87e-20
  3.1916e+04   2.78e-20
  3.2920e+04   2.68e-20
  3.3955e+04   2.59e-20
  3.5023e+04   2.51e-20
  3.6124e+04   2.42e-20
  3.7260e+04   2.34e-20
  3.8432e+04   2.26e-20
  3.9640e+04   2.18e-20
  4.0887e+04   2.11e-20
  4.2172e+04   2.04e-20
  4.3499e+04   1.96e-20
  4.4866e+04   1.90e-20
  4.6277e+04   1.83e-20
  4.7732e+04   1.76e-20
  4.9233e+04   1.70e-20
  5.0781e+04   1.64e-20
  5.2378e+04   1.58e-20
  5.4025e+04   1.52e-20
  5.5724e+04   1.46e-20
  5.7476e+04   1.41e-20
  5.9284e+04   1.36e-20
  6.1148e+04   1.31e-20
  6.3071e+04   1.26e-20
  6.5054e+04   1.21e-20
  6.7100e+04   1.16e-20
  6.9210e+04   1.12e-20
  7.1386e+04   1.07e-20
  7.3631e+04   1.03e-20
  7.5946e+04   9.90e-21
  7.8334e+04   9.50e-21
  8.0797e+04   9.11e-21
  8.3338e+04   8.74e-21
  8.5959e+04   8.38e-21
  8.8662e+04   8.03e-21
  9.1450e+04   7.70e-21
  9.4325e+04   7.37e-21
  9.7291e+04   7.06e-21
  1.0035e+05   6.75e-21
  1.0351e+05   6.46e-21
  1.0676e+05   6.18e-21
  1.1012e+05   5.90e-21
  1.1358e+05   5.64e-21
  1.1715e+05   5.39e-21
  1.2084e+05   5.14e-21
  1.2464e+05   4.91e-21
  1.2856e+05   4.68e-21
  1.3260e+05   4.46e-21
  1.3677e+05   4.25e-21
  1.4107e+05   4.05e-21
  1.4550e+05   3.86e-21
  1.5008e+05   3.67e-21
  1.5480e+05   3.49e-21
  1.5967e+05   3.32e-21
  1.6469e+05   3.15e-21
  1.6987e+05   2.99e-21
  1.7521e+05   2.84e-21
  1.8072e+05   2.69e-21
  1.8640e+05   2.55e-21
  1.9226e+05   2.42e-21
  1.9831e+05   2.29e-21
  2.0454e+05   2.17e-21
  2.1097e+05   2.05e-21
  2.1761e+05   1.94e-21
  2.2445e+05   1.83e-21
  2.3151e+05   1.73e-21
  2.3879e+05   1.63e-21
  2.4630e+05   1.54e-21
  2.5404e+05   1.45e-21
  2.6203e+05   1.37e-21
  2.7027e+05   1.29e-21
  2.7877e+05   1.21e-21
  2.8753e+05   1.14e-21
  2.9657e+05   1.07e-21
  3.0590e+05   1.01e-21
  3.1552e+05   9.43e-22
  3.2544e+05   8.84e-22
  3.3567e+05   8.28e-22
  3.4623e+05   7.75e-22
  3.5712e+05   7.24e-22
  3.6835e+05   6.76e-22
  3.7993e+05   6.31e-22
  3.9188e+05   5.89e-22
  4.0420e+05   5.48e-22
  4.1691e+05   5.10e-22
  4.3002e+05   4.75e-22
  4.4354e+05   4.41e-22
  4.5749e+05   4.10e-22
  4.7187e+05   3.80e-22
  4.8671e+05   3.52e-22
  5.0202e+05   3.26e-22
  5.1780e+05   3.02e-22
  5.3409e+05   2.79e-22
  5.5088e+05   2.58e-22
  5.6820e+05   2.38e-22
  5.8607e+05   2.20e-22
  6.0450e+05   2.02e-22
  6.2351e+05   1.86e-22
  6.4311e+05   1.72e-22
  6.6334e+05   1.58e-22
  6.8419e+05   1.45e-22
  7.0571e+05   1.33e-22
  7.2790e+05   1.22e-22
  7.5079e+05   1.12e-22
  7.7440e+05   1.02e-22
  7.9875e+05   9.38e-23
  8.2387e+05   8.57e-23
  8.4977e+05   7.83e-23
  8.7649e+05   7.17e-23
  9.0405e+05   6.55e-23
  9.3248e+05   5.97e-23
  9.6180e+05   5.45e-23
  9.9205e+05   4.97e-23
  1.0232e+06   4.53e-23
  1.0554e+06   4.12e-23
  1.0886e+06   3.75e-23
  1.1228e+06   3.42e-23
  1.1581e+06   3.11e-23
  1.1946e+06   2.82e-23
  1.2321e+06   2.57e-23
  1.2709e+06   2.33e-23
  1.3108e+06   2.11e-23
  1.3521e+06   1.92e-23
  1.3946e+06   1.74e-23
  1.4384e+06   1.58e-23
  1.4837e+06   1.43e-23
  1.5303e+06   1.29e-23
  1.5784e+06   1.17e-23
  1.6281e+06   1.06e-23
  1.6793e+06   9.54e-24
  1.7321e+06   8.65e-24
  1.7865e+06   7.82e-24
  1.8427e+06   7.05e-24
  1.9006e+06   6.34e-24
  1.9604e+06   5.74e-24
  2.0221e+06   5.17e-24
  2.0856e+06   4.64e-24
  2.1512e+06   4.18e-24
  2.2189e+06   3.77e-24
  2.2886e+06   3.39e-24
  2.3606e+06   3.03e-24
  2.4348e+06   2.72e-24
  2.5114e+06   2.45e-24
  2.5904e+06   2.19e-24
  2.6718e+06   1.95e-24
  2.7558e+06   1.75e-24
  2.8425e+06   1.57e-24
  2.9319e+06   1.40e-24
  3.0241e+06   1.24e-24
  3.1192e+06   1.11e-24
  3.2173e+06   9.89e-25
  3.3184e+06   8.74e-25
  3.4228e+06   7.77e-25
  3.5304e+06   6.92e-25
  3.6414e+06   6.12e-25
  3.7559e+06   5.38e-25
  3.8740e+06   4.79e-25
  3.9958e+06   4.24e-25
  4.1215e+06   3.73e-25
  4.2511e+06   3.27e-25
  4.3848e+06   2.89e-25
  4.5227e+06   2.55e-25
  4.6649e+06   2.22e-25
  4.8116e+06   1.95e-25
  4.9629e+06   1.72e-25
  5.1189e+06   1.50e-25
  5.2799e+06   1.30e-25
  5.4459e+06   1.14e-25
  5.6171e+06   9.97e-26
  5.7938e+06   8.66e-26
  5.9760e+06   7.46e-26
  6.1639e+06   6.50e-26
  6.3577e+06   5.62e-26
  6.5576e+06   4.81e-26
  6.7638e+06   4.12e-26
  6.9765e+06   3.56e-26
  7.1959e+06   3.06e-26
  7.4222e+06   2.59e-26
  7.6556e+06   2.22e-26
  7.8963e+06   1.91e-26
  8.1446e+06   1.63e-26
  8.4007e+06   1.38e-26
  8.6649e+06   1.19e-26
  8.9373e+06   1.02e-26
  9.2184e+06   8.74e-27
  9.5082e+06   7.43e-27
  9.8072e+06   6.41e-27
  1.0116e+07   5.50e-27
  1.0434e+07   4.67e-27
  1.0762e+07   3.99e-27
  1.1100e+07   3.44e-27
  1.1449e+07   2.94e-27
  1.1809e+07   2.49e-27
  1.2181e+07   2.11e-27
  1.2564e+07   1.78e-27
  1.2959e+07   1.49e-27
  1.3366e+07   1.23e-27
  1.3786e+07   1.01e-27
  1.4220e+07   8.24e-28
