#  E [GeV]   # per interaction  [GeV^{-1}]
  3.0000e+01   6.63e-01
  3.1123e+01   6.37e-01
  3.2288e+01   6.13e-01
  3.3497e+01   5.89e-01
  3.4751e+01   5.67e-01
  3.6051e+01   5.45e-01
  3.7401e+01   5.24e-01
  3.8801e+01   5.04e-01
  4.0253e+01   4.84e-01
  4.1760e+01   4.66e-01
  4.3324e+01   4.47e-01
  4.4945e+01   4.30e-01
  4.6628e+01   4.13e-01
  4.8373e+01   3.97e-01
  5.0184e+01   3.82e-01
  5.2063e+01   3.67e-01
  5.4011e+01   3.52e-01
  5.6033e+01   3.38e-01
  5.8131e+01   3.25e-01
  6.0307e+01   3.12e-01
  6.2564e+01   3.00e-01
  6.4906e+01   2.88e-01
  6.7336e+01   2.76e-01
  6.9857e+01   2.65e-01
  7.2472e+01   2.55e-01
  7.5184e+01   2.44e-01
  7.7999e+01   2.34e-01
  8.0919e+01   2.25e-01
  8.3948e+01   2.16e-01
  8.7090e+01   2.07e-01
  9.0350e+01   1.98e-01
  9.3732e+01   1.90e-01
  9.7241e+01   1.82e-01
  1.0088e+02   1.74e-01
  1.0466e+02   1.67e-01
  1.0858e+02   1.60e-01
  1.1264e+02   1.53e-01
  1.1686e+02   1.47e-01
  1.2123e+02   1.41e-01
  1.2577e+02   1.34e-01
  1.3048e+02   1.29e-01
  1.3536e+02   1.23e-01
  1.4043e+02   1.18e-01
  1.4568e+02   1.12e-01
  1.5114e+02   1.07e-01
  1.5680e+02   1.03e-01
  1.6266e+02   9.80e-02
  1.6875e+02   9.35e-02
  1.7507e+02   8.93e-02
  1.8162e+02   8.51e-02
  1.8842e+02   8.12e-02
  1.9548e+02   7.74e-02
  2.0279e+02   7.38e-02
  2.1039e+02   7.03e-02
  2.1826e+02   6.69e-02
  2.2643e+02   6.37e-02
  2.3491e+02   6.06e-02
  2.4370e+02   5.76e-02
  2.5282e+02   5.48e-02
  2.6229e+02   5.20e-02
  2.7211e+02   4.94e-02
  2.8229e+02   4.69e-02
  2.9286e+02   4.45e-02
  3.0382e+02   4.22e-02
  3.1519e+02   4.00e-02
  3.2699e+02   3.79e-02
  3.3923e+02   3.59e-02
  3.5193e+02   3.39e-02
  3.6511e+02   3.21e-02
  3.7877e+02   3.03e-02
  3.9295e+02   2.87e-02
  4.0766e+02   2.71e-02
  4.2292e+02   2.55e-02
  4.3875e+02   2.41e-02
  4.5518e+02   2.27e-02
  4.7222e+02   2.14e-02
  4.8989e+02   2.01e-02
  5.0823e+02   1.89e-02
  5.2726e+02   1.78e-02
  5.4699e+02   1.67e-02
  5.6747e+02   1.57e-02
  5.8871e+02   1.48e-02
  6.1075e+02   1.38e-02
  6.3361e+02   1.30e-02
  6.5733e+02   1.22e-02
  6.8194e+02   1.14e-02
  7.0746e+02   1.07e-02
  7.3395e+02   9.99e-03
  7.6142e+02   9.34e-03
  7.8992e+02   8.73e-03
  8.1949e+02   8.16e-03
  8.5017e+02   7.62e-03
  8.8199e+02   7.11e-03
  9.1501e+02   6.64e-03
  9.4926e+02   6.19e-03
  9.8479e+02   5.77e-03
  1.0217e+03   5.38e-03
  1.0599e+03   5.01e-03
  1.0996e+03   4.66e-03
  1.1407e+03   4.33e-03
  1.1834e+03   4.02e-03
  1.2277e+03   3.74e-03
  1.2737e+03   3.47e-03
  1.3214e+03   3.22e-03
  1.3708e+03   2.98e-03
  1.4222e+03   2.76e-03
  1.4754e+03   2.56e-03
  1.5306e+03   2.37e-03
  1.5879e+03   2.19e-03
  1.6474e+03   2.03e-03
  1.7090e+03   1.87e-03
  1.7730e+03   1.73e-03
  1.8394e+03   1.59e-03
  1.9082e+03   1.47e-03
  1.9797e+03   1.35e-03
  2.0538e+03   1.25e-03
  2.1306e+03   1.15e-03
  2.2104e+03   1.05e-03
  2.2931e+03   9.67e-04
  2.3790e+03   8.87e-04
  2.4680e+03   8.11e-04
  2.5604e+03   7.44e-04
  2.6563e+03   6.81e-04
  2.7557e+03   6.22e-04
  2.8589e+03   5.68e-04
  2.9659e+03   5.19e-04
  3.0769e+03   4.72e-04
  3.1921e+03   4.30e-04
  3.3116e+03   3.92e-04
  3.4355e+03   3.56e-04
  3.5641e+03   3.23e-04
  3.6976e+03   2.94e-04
  3.8360e+03   2.66e-04
  3.9796e+03   2.40e-04
  4.1285e+03   2.18e-04
  4.2831e+03   1.97e-04
  4.4434e+03   1.77e-04
  4.6097e+03   1.60e-04
  4.7823e+03   1.44e-04
  4.9613e+03   1.29e-04
  5.1470e+03   1.16e-04
  5.3397e+03   1.04e-04
  5.5396e+03   9.26e-05
  5.7470e+03   8.30e-05
  5.9621e+03   7.42e-05
  6.1853e+03   6.59e-05
  6.4168e+03   5.88e-05
  6.6570e+03   5.23e-05
  6.9062e+03   4.63e-05
  7.1647e+03   4.10e-05
  7.4329e+03   3.64e-05
  7.7112e+03   3.20e-05
  7.9998e+03   2.82e-05
  8.2993e+03   2.49e-05
  8.6100e+03   2.18e-05
  8.9323e+03   1.91e-05
  9.2666e+03   1.68e-05
  9.6135e+03   1.46e-05
  9.9734e+03   1.27e-05
  1.0347e+04   1.11e-05
  1.0734e+04   9.60e-06
  1.1136e+04   8.26e-06
  1.1553e+04   7.17e-06
  1.1985e+04   6.16e-06
  1.2434e+04   5.23e-06
  1.2899e+04   4.51e-06
  1.3382e+04   3.84e-06
  1.3883e+04   3.23e-06
  1.4403e+04   2.75e-06
  1.4942e+04   2.32e-06
  1.5501e+04   1.93e-06
  1.6081e+04   1.62e-06
  1.6683e+04   1.34e-06
  1.7308e+04   1.10e-06
  1.7956e+04   9.03e-07
  1.8628e+04   7.37e-07
  1.9325e+04   5.90e-07
  2.0049e+04   4.70e-07
  2.0799e+04   3.72e-07
  2.1578e+04   2.89e-07
  2.2386e+04   2.20e-07
  2.3224e+04   1.68e-07
  2.4093e+04   1.24e-07
  2.4995e+04   8.97e-08
  2.5930e+04   6.45e-08
  2.6901e+04   4.45e-08
  2.7908e+04   2.95e-08
  2.8953e+04   1.93e-08
  3.0037e+04   1.19e-08
  3.1161e+04   6.85e-09
  3.2327e+04   3.78e-09
  3.3537e+04   1.91e-09
  3.4793e+04   8.63e-10
  3.6095e+04   3.51e-10
  3.7446e+04   1.23e-10
  3.8848e+04   3.52e-11
  4.0302e+04   7.99e-12
  4.1811e+04   1.35e-12
  4.3376e+04   1.54e-13
  4.5000e+04   1.09e-14
