#  E [GeV]   # per interaction  [GeV^{-1}]
  3.0000e+01   3.02e-02
  3.1232e+01   2.91e-02
  3.2514e+01   2.79e-02
  3.3849e+01   2.69e-02
  3.5238e+01   2.58e-02
  3.6685e+01   2.48e-02
  3.8191e+01   2.38e-02
  3.9759e+01   2.29e-02
  4.1391e+01   2.19e-02
  4.3090e+01   2.11e-02
  4.4859e+01   2.02e-02
  4.6701e+01   1.94e-02
  4.8618e+01   1.86e-02
  5.0614e+01   1.78e-02
  5.2692e+01   1.71e-02
  5.4855e+01   1.64e-02
  5.7107e+01   1.57e-02
  5.9451e+01   1.50e-02
  6.1892e+01   1.44e-02
  6.4433e+01   1.38e-02
  6.7078e+01   1.32e-02
  6.9832e+01   1.26e-02
  7.2699e+01   1.21e-02
  7.5683e+01   1.15e-02
  7.8790e+01   1.10e-02
  8.2025e+01   1.05e-02
  8.5392e+01   1.01e-02
  8.8898e+01   9.63e-03
  9.2547e+01   9.20e-03
  9.6347e+01   8.78e-03
  1.0030e+02   8.38e-03
  1.0442e+02   7.99e-03
  1.0871e+02   7.63e-03
  1.1317e+02   7.27e-03
  1.1782e+02   6.93e-03
  1.2265e+02   6.61e-03
  1.2769e+02   6.29e-03
  1.3293e+02   5.99e-03
  1.3839e+02   5.70e-03
  1.4407e+02   5.42e-03
  1.4998e+02   5.16e-03
  1.5614e+02   4.90e-03
  1.6255e+02   4.66e-03
  1.6922e+02   4.43e-03
  1.7617e+02   4.20e-03
  1.8340e+02   3.99e-03
  1.9093e+02   3.78e-03
  1.9877e+02   3.58e-03
  2.0693e+02   3.40e-03
  2.1543e+02   3.22e-03
  2.2427e+02   3.05e-03
  2.3348e+02   2.88e-03
  2.4306e+02   2.72e-03
  2.5304e+02   2.57e-03
  2.6343e+02   2.43e-03
  2.7424e+02   2.30e-03
  2.8550e+02   2.16e-03
  2.9722e+02   2.04e-03
  3.0942e+02   1.92e-03
  3.2213e+02   1.81e-03
  3.3535e+02   1.70e-03
  3.4912e+02   1.60e-03
  3.6345e+02   1.50e-03
  3.7837e+02   1.41e-03
  3.9390e+02   1.33e-03
  4.1008e+02   1.24e-03
  4.2691e+02   1.16e-03
  4.4444e+02   1.09e-03
  4.6268e+02   1.02e-03
  4.8168e+02   9.54e-04
  5.0145e+02   8.92e-04
  5.2204e+02   8.33e-04
  5.4347e+02   7.77e-04
  5.6578e+02   7.25e-04
  5.8901e+02   6.76e-04
  6.1319e+02   6.30e-04
  6.3836e+02   5.86e-04
  6.6457e+02   5.46e-04
  6.9185e+02   5.08e-04
  7.2025e+02   4.73e-04
  7.4982e+02   4.40e-04
  7.8061e+02   4.09e-04
  8.1265e+02   3.80e-04
  8.4601e+02   3.53e-04
  8.8075e+02   3.28e-04
  9.1690e+02   3.05e-04
  9.5455e+02   2.83e-04
  9.9373e+02   2.63e-04
  1.0345e+03   2.44e-04
  1.0770e+03   2.27e-04
  1.1212e+03   2.11e-04
  1.1672e+03   1.96e-04
  1.2152e+03   1.82e-04
  1.2650e+03   1.69e-04
  1.3170e+03   1.57e-04
  1.3711e+03   1.46e-04
  1.4273e+03   1.36e-04
  1.4859e+03   1.26e-04
  1.5469e+03   1.18e-04
  1.6104e+03   1.09e-04
  1.6766e+03   1.02e-04
  1.7454e+03   9.48e-05
  1.8170e+03   8.82e-05
  1.8916e+03   8.21e-05
  1.9693e+03   7.65e-05
  2.0501e+03   7.13e-05
  2.1343e+03   6.64e-05
  2.2219e+03   6.18e-05
  2.3131e+03   5.76e-05
  2.4081e+03   5.36e-05
  2.5070e+03   5.00e-05
  2.6099e+03   4.66e-05
  2.7170e+03   4.33e-05
  2.8286e+03   4.04e-05
  2.9447e+03   3.77e-05
  3.0656e+03   3.51e-05
  3.1914e+03   3.27e-05
  3.3225e+03   3.05e-05
  3.4589e+03   2.84e-05
  3.6008e+03   2.64e-05
  3.7487e+03   2.46e-05
  3.9026e+03   2.29e-05
  4.0628e+03   2.13e-05
  4.2296e+03   1.98e-05
  4.4032e+03   1.84e-05
  4.5840e+03   1.71e-05
  4.7722e+03   1.58e-05
  4.9681e+03   1.47e-05
  5.1720e+03   1.36e-05
  5.3844e+03   1.26e-05
  5.6054e+03   1.17e-05
  5.8355e+03   1.08e-05
  6.0751e+03   9.96e-06
  6.3245e+03   9.19e-06
  6.5841e+03   8.46e-06
  6.8544e+03   7.77e-06
  7.1358e+03   7.13e-06
  7.4288e+03   6.53e-06
  7.7338e+03   5.96e-06
  8.0513e+03   5.43e-06
  8.3818e+03   4.93e-06
  8.7259e+03   4.47e-06
  9.0841e+03   4.04e-06
  9.4571e+03   3.63e-06
  9.8453e+03   3.25e-06
  1.0249e+04   2.90e-06
  1.0670e+04   2.57e-06
  1.1108e+04   2.27e-06
  1.1564e+04   1.98e-06
  1.2039e+04   1.72e-06
  1.2533e+04   1.48e-06
  1.3048e+04   1.26e-06
  1.3584e+04   1.07e-06
  1.4141e+04   8.88e-07
  1.4722e+04   7.30e-07
  1.5326e+04   5.90e-07
  1.5955e+04   4.69e-07
  1.6610e+04   3.65e-07
  1.7292e+04   2.77e-07
  1.8002e+04   2.05e-07
  1.8741e+04   1.47e-07
  1.9511e+04   1.02e-07
  2.0312e+04   6.76e-08
  2.1145e+04   4.28e-08
  2.2013e+04   2.56e-08
  2.2917e+04   1.43e-08
  2.3858e+04   7.39e-09
  2.4837e+04   3.48e-09
  2.5857e+04   1.47e-09
  2.6919e+04   5.43e-10
  2.8024e+04   1.71e-10
  2.9174e+04   4.47e-11
  3.0372e+04   9.24e-12
  3.1619e+04   1.44e-12
  3.2917e+04   1.57e-13
  3.4268e+04   1.11e-14
  3.5675e+04   4.59e-16
  3.7140e+04   9.56e-18
  3.8664e+04   8.38e-20
  4.0252e+04   2.44e-22
  4.1904e+04   1.71e-25
  4.3624e+04   1.88e-29
  4.5415e+04   1.83e-34
  4.7280e+04   7.10e-41
  4.9221e+04   1.31e-46
  5.1241e+04   1.24e-46
  5.3345e+04   1.17e-46
  5.5535e+04   1.10e-46
  5.7815e+04   1.04e-46
  6.0188e+04   9.84e-47
  6.2659e+04   9.28e-47
  6.5232e+04   8.74e-47
  6.7910e+04   8.23e-47
  7.0698e+04   7.74e-47
  7.3600e+04   7.28e-47
  7.6621e+04   6.84e-47
  7.9767e+04   6.40e-47
  8.3042e+04   6.00e-47
  8.6451e+04   5.61e-47
  9.0000e+04   5.28e-47
