#  E [MeV]   Flux [# cm^{-2} s^{-1}  MeV^{-1}]
  3.0000e+04   9.07e-21
  3.1123e+04   8.71e-21
  3.2288e+04   8.37e-21
  3.3497e+04   8.04e-21
  3.4751e+04   7.73e-21
  3.6051e+04   7.42e-21
  3.7401e+04   7.13e-21
  3.8801e+04   6.84e-21
  4.0253e+04   6.57e-21
  4.1760e+04   6.31e-21
  4.3324e+04   6.06e-21
  4.4945e+04   5.82e-21
  4.6628e+04   5.59e-21
  4.8373e+04   5.36e-21
  5.0184e+04   5.14e-21
  5.2063e+04   4.94e-21
  5.4011e+04   4.74e-21
  5.6033e+04   4.55e-21
  5.8131e+04   4.36e-21
  6.0307e+04   4.18e-21
  6.2564e+04   4.01e-21
  6.4906e+04   3.85e-21
  6.7336e+04   3.69e-21
  6.9857e+04   3.53e-21
  7.2472e+04   3.39e-21
  7.5184e+04   3.25e-21
  7.7999e+04   3.11e-21
  8.0919e+04   2.98e-21
  8.3948e+04   2.85e-21
  8.7090e+04   2.73e-21
  9.0350e+04   2.61e-21
  9.3732e+04   2.50e-21
  9.7241e+04   2.39e-21
  1.0088e+05   2.29e-21
  1.0466e+05   2.19e-21
  1.0858e+05   2.10e-21
  1.1264e+05   2.00e-21
  1.1686e+05   1.91e-21
  1.2123e+05   1.83e-21
  1.2577e+05   1.75e-21
  1.3048e+05   1.67e-21
  1.3536e+05   1.59e-21
  1.4043e+05   1.52e-21
  1.4568e+05   1.45e-21
  1.5114e+05   1.38e-21
  1.5680e+05   1.31e-21
  1.6266e+05   1.25e-21
  1.6875e+05   1.19e-21
  1.7507e+05   1.13e-21
  1.8162e+05   1.08e-21
  1.8842e+05   1.03e-21
  1.9548e+05   9.74e-22
  2.0279e+05   9.25e-22
  2.1039e+05   8.78e-22
  2.1826e+05   8.33e-22
  2.2643e+05   7.90e-22
  2.3491e+05   7.48e-22
  2.4370e+05   7.08e-22
  2.5282e+05   6.70e-22
  2.6229e+05   6.34e-22
  2.7211e+05   5.98e-22
  2.8229e+05   5.65e-22
  2.9286e+05   5.33e-22
  3.0382e+05   5.02e-22
  3.1519e+05   4.73e-22
  3.2699e+05   4.45e-22
  3.3923e+05   4.18e-22
  3.5193e+05   3.92e-22
  3.6511e+05   3.68e-22
  3.7877e+05   3.45e-22
  3.9295e+05   3.24e-22
  4.0766e+05   3.03e-22
  4.2292e+05   2.83e-22
  4.3875e+05   2.65e-22
  4.5518e+05   2.47e-22
  4.7222e+05   2.30e-22
  4.8989e+05   2.15e-22
  5.0823e+05   2.00e-22
  5.2726e+05   1.86e-22
  5.4699e+05   1.73e-22
  5.6747e+05   1.61e-22
  5.8871e+05   1.49e-22
  6.1075e+05   1.38e-22
  6.3361e+05   1.28e-22
  6.5733e+05   1.19e-22
  6.8194e+05   1.10e-22
  7.0746e+05   1.02e-22
  7.3395e+05   9.40e-23
  7.6142e+05   8.69e-23
  7.8992e+05   8.03e-23
  8.1949e+05   7.42e-23
  8.5017e+05   6.85e-23
  8.8199e+05   6.32e-23
  9.1501e+05   5.83e-23
  9.4926e+05   5.38e-23
  9.8479e+05   4.96e-23
  1.0217e+06   4.58e-23
  1.0599e+06   4.22e-23
  1.0996e+06   3.89e-23
  1.1407e+06   3.58e-23
  1.1834e+06   3.30e-23
  1.2277e+06   3.04e-23
  1.2737e+06   2.80e-23
  1.3214e+06   2.58e-23
  1.3708e+06   2.37e-23
  1.4222e+06   2.19e-23
  1.4754e+06   2.01e-23
  1.5306e+06   1.85e-23
  1.5879e+06   1.71e-23
  1.6474e+06   1.57e-23
  1.7090e+06   1.44e-23
  1.7730e+06   1.33e-23
  1.8394e+06   1.22e-23
  1.9082e+06   1.12e-23
  1.9797e+06   1.03e-23
  2.0538e+06   9.49e-24
  2.1306e+06   8.71e-24
  2.2104e+06   8.00e-24
  2.2931e+06   7.33e-24
  2.3790e+06   6.71e-24
  2.4680e+06   6.15e-24
  2.5604e+06   5.63e-24
  2.6563e+06   5.14e-24
  2.7557e+06   4.70e-24
  2.8589e+06   4.29e-24
  2.9659e+06   3.91e-24
  3.0769e+06   3.56e-24
  3.1921e+06   3.24e-24
  3.3116e+06   2.95e-24
  3.4355e+06   2.67e-24
  3.5641e+06   2.43e-24
  3.6976e+06   2.19e-24
  3.8360e+06   1.98e-24
  3.9796e+06   1.79e-24
  4.1285e+06   1.61e-24
  4.2831e+06   1.45e-24
  4.4434e+06   1.30e-24
  4.6097e+06   1.16e-24
  4.7823e+06   1.03e-24
  4.9613e+06   9.22e-25
  5.1470e+06   8.19e-25
  5.3397e+06   7.23e-25
  5.5396e+06   6.41e-25
  5.7470e+06   5.64e-25
  5.9621e+06   4.94e-25
  6.1853e+06   4.33e-25
  6.4168e+06   3.78e-25
  6.6570e+06   3.27e-25
  6.9062e+06   2.84e-25
  7.1647e+06   2.45e-25
  7.4329e+06   2.09e-25
  7.7112e+06   1.79e-25
  7.9998e+06   1.52e-25
  8.2993e+06   1.28e-25
  8.6100e+06   1.07e-25
  8.9323e+06   8.95e-26
  9.2666e+06   7.38e-26
  9.6135e+06   6.05e-26
  9.9734e+06   4.94e-26
  1.0347e+07   3.97e-26
  1.0734e+07   3.16e-26
  1.1136e+07   2.51e-26
  1.1553e+07   1.96e-26
  1.1985e+07   1.50e-26
  1.2434e+07   1.15e-26
  1.2899e+07   8.62e-27
  1.3382e+07   6.30e-27
  1.3883e+07   4.60e-27
  1.4403e+07   3.26e-27
  1.4942e+07   2.24e-27
  1.5501e+07   1.53e-27
  1.6081e+07   1.01e-27
  1.6683e+07   6.39e-28
  1.7308e+07   3.96e-28
  1.7956e+07   2.35e-28
  1.8628e+07   1.32e-28
  1.9325e+07   7.12e-29
  2.0049e+07   3.64e-29
  2.0799e+07   1.73e-29
  2.1578e+07   7.64e-30
  2.2386e+07   3.13e-30
  2.3224e+07   1.15e-30
  2.4093e+07   3.77e-31
  2.4995e+07   1.10e-31
  2.5930e+07   2.73e-32
  2.6901e+07   5.59e-33
  2.7908e+07   9.50e-34
  2.8953e+07   1.23e-34
  3.0037e+07   1.17e-35
  3.1161e+07   7.97e-37
  3.2327e+07   3.46e-38
  3.3537e+07   8.68e-40
  3.4793e+07   1.20e-41
  3.6095e+07   7.49e-44
  3.7446e+07   1.74e-46
  3.8848e+07   1.25e-49
  4.0302e+07   1.97e-53
  4.1811e+07   4.61e-58
  4.3376e+07   1.02e-63
  4.5000e+07   3.48e-68
