#  E [GeV]   # per interaction  [GeV^{-1}]
  3.0000e+01   5.01e-03
  3.0589e+01   4.87e-03
  3.1190e+01   4.74e-03
  3.1803e+01   4.61e-03
  3.2428e+01   4.49e-03
  3.3065e+01   4.37e-03
  3.3714e+01   4.25e-03
  3.4376e+01   4.14e-03
  3.5052e+01   4.03e-03
  3.5740e+01   3.92e-03
  3.6442e+01   3.81e-03
  3.7158e+01   3.71e-03
  3.7888e+01   3.61e-03
  3.8632e+01   3.51e-03
  3.9391e+01   3.42e-03
  4.0165e+01   3.33e-03
  4.0954e+01   3.24e-03
  4.1758e+01   3.15e-03
  4.2579e+01   3.07e-03
  4.3415e+01   2.99e-03
  4.4268e+01   2.91e-03
  4.5138e+01   2.83e-03
  4.6024e+01   2.75e-03
  4.6928e+01   2.68e-03
  4.7850e+01   2.61e-03
  4.8790e+01   2.54e-03
  4.9749e+01   2.47e-03
  5.0726e+01   2.41e-03
  5.1722e+01   2.34e-03
  5.2738e+01   2.28e-03
  5.3774e+01   2.22e-03
  5.4831e+01   2.16e-03
  5.5908e+01   2.11e-03
  5.7006e+01   2.05e-03
  5.8126e+01   2.00e-03
  5.9268e+01   1.94e-03
  6.0432e+01   1.89e-03
  6.1619e+01   1.84e-03
  6.2829e+01   1.80e-03
  6.4064e+01   1.75e-03
  6.5322e+01   1.70e-03
  6.6605e+01   1.66e-03
  6.7913e+01   1.62e-03
  6.9248e+01   1.57e-03
  7.0608e+01   1.53e-03
  7.1995e+01   1.49e-03
  7.3409e+01   1.46e-03
  7.4851e+01   1.42e-03
  7.6321e+01   1.38e-03
  7.7821e+01   1.35e-03
  7.9349e+01   1.31e-03
  8.0908e+01   1.28e-03
  8.2497e+01   1.25e-03
  8.4118e+01   1.21e-03
  8.5770e+01   1.18e-03
  8.7455e+01   1.15e-03
  8.9173e+01   1.12e-03
  9.0925e+01   1.09e-03
  9.2711e+01   1.07e-03
  9.4532e+01   1.04e-03
  9.6389e+01   1.01e-03
  9.8283e+01   9.88e-04
  1.0021e+02   9.63e-04
  1.0218e+02   9.39e-04
  1.0419e+02   9.16e-04
  1.0624e+02   8.93e-04
  1.0832e+02   8.70e-04
  1.1045e+02   8.48e-04
  1.1262e+02   8.27e-04
  1.1483e+02   8.06e-04
  1.1709e+02   7.86e-04
  1.1939e+02   7.66e-04
  1.2173e+02   7.47e-04
  1.2412e+02   7.28e-04
  1.2656e+02   7.10e-04
  1.2905e+02   6.93e-04
  1.3158e+02   6.75e-04
  1.3417e+02   6.59e-04
  1.3680e+02   6.42e-04
  1.3949e+02   6.26e-04
  1.4223e+02   6.11e-04
  1.4503e+02   5.96e-04
  1.4787e+02   5.81e-04
  1.5078e+02   5.66e-04
  1.5374e+02   5.52e-04
  1.5676e+02   5.39e-04
  1.5984e+02   5.25e-04
  1.6298e+02   5.12e-04
  1.6618e+02   5.00e-04
  1.6945e+02   4.87e-04
  1.7278e+02   4.75e-04
  1.7617e+02   4.63e-04
  1.7963e+02   4.51e-04
  1.8316e+02   4.40e-04
  1.8676e+02   4.29e-04
  1.9042e+02   4.18e-04
  1.9417e+02   4.08e-04
  1.9798e+02   3.98e-04
  2.0187e+02   3.88e-04
  2.0583e+02   3.78e-04
  2.0988e+02   3.68e-04
  2.1400e+02   3.59e-04
  2.1820e+02   3.50e-04
  2.2249e+02   3.41e-04
  2.2686e+02   3.33e-04
  2.3132e+02   3.24e-04
  2.3586e+02   3.16e-04
  2.4049e+02   3.08e-04
  2.4522e+02   3.00e-04
  2.5004e+02   2.93e-04
  2.5495e+02   2.85e-04
  2.5996e+02   2.78e-04
  2.6506e+02   2.71e-04
  2.7027e+02   2.64e-04
  2.7558e+02   2.57e-04
  2.8099e+02   2.51e-04
  2.8651e+02   2.44e-04
  2.9214e+02   2.38e-04
  2.9788e+02   2.32e-04
  3.0373e+02   2.25e-04
  3.0970e+02   2.20e-04
  3.1578e+02   2.14e-04
  3.2198e+02   2.08e-04
  3.2831e+02   2.02e-04
  3.3476e+02   1.97e-04
  3.4133e+02   1.92e-04
  3.4804e+02   1.87e-04
  3.5487e+02   1.81e-04
  3.6185e+02   1.76e-04
  3.6895e+02   1.72e-04
  3.7620e+02   1.67e-04
  3.8359e+02   1.62e-04
  3.9113e+02   1.58e-04
  3.9881e+02   1.53e-04
  4.0664e+02   1.49e-04
  4.1463e+02   1.45e-04
  4.2278e+02   1.41e-04
  4.3108e+02   1.37e-04
  4.3955e+02   1.33e-04
  4.4818e+02   1.29e-04
  4.5699e+02   1.25e-04
  4.6596e+02   1.21e-04
  4.7512e+02   1.18e-04
  4.8445e+02   1.14e-04
  4.9397e+02   1.11e-04
  5.0367e+02   1.08e-04
  5.1356e+02   1.05e-04
  5.2365e+02   1.02e-04
  5.3394e+02   9.85e-05
  5.4443e+02   9.56e-05
  5.5512e+02   9.27e-05
  5.6603e+02   8.98e-05
  5.7715e+02   8.71e-05
  5.8848e+02   8.44e-05
  6.0004e+02   8.18e-05
  6.1183e+02   7.93e-05
  6.2385e+02   7.68e-05
  6.3610e+02   7.44e-05
  6.4860e+02   7.20e-05
  6.6134e+02   6.97e-05
  6.7433e+02   6.75e-05
  6.8758e+02   6.54e-05
  7.0108e+02   6.33e-05
  7.1486e+02   6.12e-05
  7.2890e+02   5.92e-05
  7.4322e+02   5.73e-05
  7.5782e+02   5.54e-05
  7.7270e+02   5.36e-05
  7.8788e+02   5.19e-05
  8.0336e+02   5.02e-05
  8.1914e+02   4.85e-05
  8.3523e+02   4.69e-05
  8.5164e+02   4.53e-05
  8.6837e+02   4.38e-05
  8.8542e+02   4.24e-05
  9.0282e+02   4.10e-05
  9.2055e+02   3.96e-05
  9.3863e+02   3.83e-05
  9.5707e+02   3.70e-05
  9.7587e+02   3.58e-05
  9.9504e+02   3.46e-05
  1.0146e+03   3.35e-05
  1.0345e+03   3.23e-05
  1.0548e+03   3.13e-05
  1.0756e+03   3.02e-05
  1.0967e+03   2.92e-05
  1.1182e+03   2.82e-05
  1.1402e+03   2.72e-05
  1.1626e+03   2.63e-05
  1.1854e+03   2.54e-05
  1.2087e+03   2.45e-05
  1.2325e+03   2.37e-05
  1.2567e+03   2.28e-05
  1.2814e+03   2.20e-05
  1.3065e+03   2.12e-05
  1.3322e+03   2.05e-05
  1.3584e+03   1.98e-05
  1.3851e+03   1.91e-05
  1.4123e+03   1.85e-05
  1.4400e+03   1.79e-05
