#  E [GeV]   # per interaction  [GeV^{-1}]
  3.0000e+01   6.11e-01
  3.1123e+01   5.88e-01
  3.2288e+01   5.65e-01
  3.3497e+01   5.43e-01
  3.4751e+01   5.22e-01
  3.6051e+01   5.02e-01
  3.7401e+01   4.83e-01
  3.8801e+01   4.64e-01
  4.0253e+01   4.46e-01
  4.1760e+01   4.28e-01
  4.3324e+01   4.12e-01
  4.4945e+01   3.95e-01
  4.6628e+01   3.80e-01
  4.8373e+01   3.65e-01
  5.0184e+01   3.50e-01
  5.2063e+01   3.37e-01
  5.4011e+01   3.23e-01
  5.6033e+01   3.10e-01
  5.8131e+01   2.98e-01
  6.0307e+01   2.86e-01
  6.2564e+01   2.74e-01
  6.4906e+01   2.63e-01
  6.7336e+01   2.52e-01
  6.9857e+01   2.42e-01
  7.2472e+01   2.32e-01
  7.5184e+01   2.22e-01
  7.7999e+01   2.13e-01
  8.0919e+01   2.04e-01
  8.3948e+01   1.96e-01
  8.7090e+01   1.87e-01
  9.0350e+01   1.79e-01
  9.3732e+01   1.72e-01
  9.7241e+01   1.64e-01
  1.0088e+02   1.57e-01
  1.0466e+02   1.50e-01
  1.0858e+02   1.43e-01
  1.1264e+02   1.37e-01
  1.1686e+02   1.31e-01
  1.2123e+02   1.25e-01
  1.2577e+02   1.19e-01
  1.3048e+02   1.14e-01
  1.3536e+02   1.09e-01
  1.4043e+02   1.03e-01
  1.4568e+02   9.85e-02
  1.5114e+02   9.38e-02
  1.5680e+02   8.92e-02
  1.6266e+02   8.48e-02
  1.6875e+02   8.06e-02
  1.7507e+02   7.65e-02
  1.8162e+02   7.26e-02
  1.8842e+02   6.88e-02
  1.9548e+02   6.52e-02
  2.0279e+02   6.18e-02
  2.1039e+02   5.84e-02
  2.1826e+02   5.52e-02
  2.2643e+02   5.22e-02
  2.3491e+02   4.92e-02
  2.4370e+02   4.64e-02
  2.5282e+02   4.37e-02
  2.6229e+02   4.11e-02
  2.7211e+02   3.86e-02
  2.8229e+02   3.62e-02
  2.9286e+02   3.40e-02
  3.0382e+02   3.18e-02
  3.1519e+02   2.97e-02
  3.2699e+02   2.78e-02
  3.3923e+02   2.59e-02
  3.5193e+02   2.41e-02
  3.6511e+02   2.24e-02
  3.7877e+02   2.08e-02
  3.9295e+02   1.93e-02
  4.0766e+02   1.79e-02
  4.2292e+02   1.66e-02
  4.3875e+02   1.53e-02
  4.5518e+02   1.42e-02
  4.7222e+02   1.31e-02
  4.8989e+02   1.20e-02
  5.0823e+02   1.11e-02
  5.2726e+02   1.02e-02
  5.4699e+02   9.32e-03
  5.6747e+02   8.54e-03
  5.8871e+02   7.82e-03
  6.1075e+02   7.16e-03
  6.3361e+02   6.54e-03
  6.5733e+02   5.97e-03
  6.8194e+02   5.45e-03
  7.0746e+02   4.97e-03
  7.3395e+02   4.53e-03
  7.6142e+02   4.13e-03
  7.8992e+02   3.76e-03
  8.1949e+02   3.42e-03
  8.5017e+02   3.11e-03
  8.8199e+02   2.83e-03
  9.1501e+02   2.57e-03
  9.4926e+02   2.34e-03
  9.8479e+02   2.13e-03
  1.0217e+03   1.94e-03
  1.0599e+03   1.76e-03
  1.0996e+03   1.60e-03
  1.1407e+03   1.45e-03
  1.1834e+03   1.32e-03
  1.2277e+03   1.20e-03
  1.2737e+03   1.09e-03
  1.3214e+03   9.90e-04
  1.3708e+03   9.00e-04
  1.4222e+03   8.18e-04
  1.4754e+03   7.43e-04
  1.5306e+03   6.76e-04
  1.5879e+03   6.14e-04
  1.6474e+03   5.58e-04
  1.7090e+03   5.07e-04
  1.7730e+03   4.61e-04
  1.8394e+03   4.18e-04
  1.9082e+03   3.80e-04
  1.9797e+03   3.45e-04
  2.0538e+03   3.13e-04
  2.1306e+03   2.84e-04
  2.2104e+03   2.57e-04
  2.2931e+03   2.32e-04
  2.3790e+03   2.10e-04
  2.4680e+03   1.90e-04
  2.5604e+03   1.71e-04
  2.6563e+03   1.55e-04
  2.7557e+03   1.39e-04
  2.8589e+03   1.25e-04
  2.9659e+03   1.12e-04
  3.0769e+03   1.01e-04
  3.1921e+03   9.02e-05
  3.3116e+03   8.06e-05
  3.4355e+03   7.20e-05
  3.5641e+03   6.40e-05
  3.6976e+03   5.68e-05
  3.8360e+03   5.04e-05
  3.9796e+03   4.45e-05
  4.1285e+03   3.92e-05
  4.2831e+03   3.45e-05
  4.4434e+03   3.02e-05
  4.6097e+03   2.63e-05
  4.7823e+03   2.30e-05
  4.9613e+03   1.99e-05
  5.1470e+03   1.71e-05
  5.3397e+03   1.48e-05
  5.5396e+03   1.27e-05
  5.7470e+03   1.08e-05
  5.9621e+03   9.18e-06
  6.1853e+03   7.76e-06
  6.4168e+03   6.49e-06
  6.6570e+03   5.43e-06
  6.9062e+03   4.51e-06
  7.1647e+03   3.70e-06
  7.4329e+03   3.03e-06
  7.7112e+03   2.47e-06
  7.9998e+03   1.98e-06
  8.2993e+03   1.58e-06
  8.6100e+03   1.25e-06
  8.9323e+03   9.74e-07
  9.2666e+03   7.50e-07
  9.6135e+03   5.75e-07
  9.9734e+03   4.32e-07
  1.0347e+04   3.19e-07
  1.0734e+04   2.34e-07
  1.1136e+04   1.68e-07
  1.1553e+04   1.17e-07
  1.1985e+04   8.10e-08
  1.2434e+04   5.45e-08
  1.2899e+04   3.53e-08
  1.3382e+04   2.27e-08
  1.3883e+04   1.40e-08
  1.4403e+04   8.28e-09
  1.4942e+04   4.77e-09
  1.5501e+04   2.63e-09
  1.6081e+04   1.36e-09
  1.6683e+04   6.76e-10
  1.7308e+04   3.16e-10
  1.7956e+04   1.36e-10
  1.8628e+04   5.47e-11
  1.9325e+04   2.02e-11
  2.0049e+04   6.66e-12
  2.0799e+04   1.97e-12
  2.1578e+04   5.15e-13
  2.2386e+04   1.15e-13
  2.3224e+04   2.15e-14
  2.4093e+04   3.36e-15
  2.4995e+04   4.12e-16
  2.5930e+04   3.85e-17
  2.6901e+04   2.69e-18
  2.7908e+04   1.29e-19
  2.8953e+04   4.01e-21
  3.0037e+04   7.66e-23
  3.1161e+04   7.95e-25
  3.2327e+04   3.99e-27
  3.3537e+04   8.64e-30
  3.4793e+04   6.63e-33
  3.6095e+04   1.44e-36
  3.7446e+04   6.90e-41
  3.8848e+04   5.11e-46
  4.0302e+04   1.14e-47
  4.1811e+04   1.07e-47
  4.3376e+04   1.00e-47
  4.5000e+04   9.39e-48
