#  E [GeV]   # per interaction  [GeV^{-1}]
  3.0000e+01   5.84e-01
  3.1033e+01   5.64e-01
  3.2102e+01   5.44e-01
  3.3207e+01   5.25e-01
  3.4350e+01   5.07e-01
  3.5533e+01   4.89e-01
  3.6757e+01   4.72e-01
  3.8022e+01   4.55e-01
  3.9332e+01   4.39e-01
  4.0686e+01   4.23e-01
  4.2087e+01   4.08e-01
  4.3536e+01   3.93e-01
  4.5035e+01   3.79e-01
  4.6586e+01   3.65e-01
  4.8190e+01   3.52e-01
  4.9850e+01   3.39e-01
  5.1566e+01   3.26e-01
  5.3342e+01   3.14e-01
  5.5178e+01   3.03e-01
  5.7078e+01   2.91e-01
  5.9044e+01   2.80e-01
  6.1077e+01   2.70e-01
  6.3180e+01   2.60e-01
  6.5356e+01   2.50e-01
  6.7606e+01   2.40e-01
  6.9934e+01   2.31e-01
  7.2342e+01   2.22e-01
  7.4833e+01   2.13e-01
  7.7410e+01   2.05e-01
  8.0075e+01   1.97e-01
  8.2833e+01   1.89e-01
  8.5685e+01   1.81e-01
  8.8635e+01   1.74e-01
  9.1687e+01   1.67e-01
  9.4844e+01   1.60e-01
  9.8110e+01   1.53e-01
  1.0149e+02   1.47e-01
  1.0498e+02   1.41e-01
  1.0860e+02   1.35e-01
  1.1234e+02   1.29e-01
  1.1621e+02   1.23e-01
  1.2021e+02   1.18e-01
  1.2435e+02   1.13e-01
  1.2863e+02   1.08e-01
  1.3306e+02   1.03e-01
  1.3764e+02   9.86e-02
  1.4238e+02   9.41e-02
  1.4728e+02   8.98e-02
  1.5235e+02   8.57e-02
  1.5760e+02   8.17e-02
  1.6302e+02   7.79e-02
  1.6864e+02   7.42e-02
  1.7445e+02   7.06e-02
  1.8045e+02   6.72e-02
  1.8667e+02   6.39e-02
  1.9309e+02   6.07e-02
  1.9974e+02   5.77e-02
  2.0662e+02   5.47e-02
  2.1373e+02   5.19e-02
  2.2109e+02   4.93e-02
  2.2871e+02   4.67e-02
  2.3658e+02   4.42e-02
  2.4473e+02   4.19e-02
  2.5316e+02   3.96e-02
  2.6187e+02   3.74e-02
  2.7089e+02   3.54e-02
  2.8022e+02   3.34e-02
  2.8987e+02   3.15e-02
  2.9985e+02   2.97e-02
  3.1017e+02   2.80e-02
  3.2085e+02   2.63e-02
  3.3190e+02   2.48e-02
  3.4333e+02   2.33e-02
  3.5515e+02   2.19e-02
  3.6738e+02   2.05e-02
  3.8003e+02   1.92e-02
  3.9312e+02   1.80e-02
  4.0665e+02   1.69e-02
  4.2066e+02   1.58e-02
  4.3514e+02   1.48e-02
  4.5013e+02   1.38e-02
  4.6562e+02   1.29e-02
  4.8166e+02   1.21e-02
  4.9824e+02   1.12e-02
  5.1540e+02   1.05e-02
  5.3315e+02   9.76e-03
  5.5150e+02   9.09e-03
  5.7050e+02   8.45e-03
  5.9014e+02   7.86e-03
  6.1046e+02   7.29e-03
  6.3148e+02   6.77e-03
  6.5322e+02   6.27e-03
  6.7572e+02   5.81e-03
  6.9898e+02   5.38e-03
  7.2305e+02   4.98e-03
  7.4795e+02   4.60e-03
  7.7371e+02   4.25e-03
  8.0035e+02   3.93e-03
  8.2791e+02   3.63e-03
  8.5641e+02   3.34e-03
  8.8590e+02   3.09e-03
  9.1641e+02   2.84e-03
  9.4796e+02   2.62e-03
  9.8061e+02   2.41e-03
  1.0144e+03   2.22e-03
  1.0493e+03   2.04e-03
  1.0854e+03   1.88e-03
  1.1228e+03   1.72e-03
  1.1615e+03   1.58e-03
  1.2015e+03   1.45e-03
  1.2428e+03   1.33e-03
  1.2856e+03   1.22e-03
  1.3299e+03   1.12e-03
  1.3757e+03   1.03e-03
  1.4231e+03   9.40e-04
  1.4721e+03   8.60e-04
  1.5228e+03   7.85e-04
  1.5752e+03   7.19e-04
  1.6294e+03   6.57e-04
  1.6855e+03   5.99e-04
  1.7436e+03   5.47e-04
  1.8036e+03   4.99e-04
  1.8657e+03   4.54e-04
  1.9300e+03   4.13e-04
  1.9964e+03   3.77e-04
  2.0652e+03   3.42e-04
  2.1363e+03   3.10e-04
  2.2098e+03   2.82e-04
  2.2859e+03   2.56e-04
  2.3646e+03   2.32e-04
  2.4461e+03   2.10e-04
  2.5303e+03   1.90e-04
  2.6174e+03   1.72e-04
  2.7075e+03   1.55e-04
  2.8008e+03   1.40e-04
  2.8972e+03   1.26e-04
  2.9970e+03   1.13e-04
  3.1002e+03   1.02e-04
  3.2069e+03   9.17e-05
  3.3173e+03   8.22e-05
  3.4316e+03   7.34e-05
  3.5497e+03   6.59e-05
  3.6720e+03   5.89e-05
  3.7984e+03   5.24e-05
  3.9292e+03   4.68e-05
  4.0645e+03   4.18e-05
  4.2044e+03   3.70e-05
  4.3492e+03   3.28e-05
  4.4990e+03   2.92e-05
  4.6539e+03   2.58e-05
  4.8141e+03   2.26e-05
  4.9799e+03   2.01e-05
  5.1514e+03   1.77e-05
  5.3288e+03   1.55e-05
  5.5123e+03   1.36e-05
  5.7021e+03   1.19e-05
  5.8984e+03   1.04e-05
  6.1015e+03   9.00e-06
  6.3116e+03   7.87e-06
  6.5289e+03   6.83e-06
  6.7538e+03   5.87e-06
  6.9863e+03   5.09e-06
  7.2269e+03   4.40e-06
  7.4757e+03   3.76e-06
  7.7331e+03   3.22e-06
  7.9994e+03   2.76e-06
  8.2749e+03   2.35e-06
  8.5598e+03   1.97e-06
  8.8546e+03   1.69e-06
  9.1594e+03   1.42e-06
  9.4748e+03   1.19e-06
  9.8011e+03   9.94e-07
  1.0139e+04   8.32e-07
  1.0488e+04   6.87e-07
  1.0849e+04   5.62e-07
  1.1222e+04   4.64e-07
  1.1609e+04   3.78e-07
  1.2009e+04   3.02e-07
  1.2422e+04   2.44e-07
  1.2850e+04   1.96e-07
  1.3292e+04   1.54e-07
  1.3750e+04   1.21e-07
  1.4223e+04   9.49e-08
  1.4713e+04   7.32e-08
  1.5220e+04   5.53e-08
  1.5744e+04   4.25e-08
  1.6286e+04   3.20e-08
  1.6847e+04   2.36e-08
  1.7427e+04   1.73e-08
  1.8027e+04   1.25e-08
  1.8648e+04   8.83e-09
  1.9290e+04   6.07e-09
  1.9954e+04   4.12e-09
  2.0641e+04   2.70e-09
  2.1352e+04   1.70e-09
  2.2087e+04   1.03e-09
  2.2848e+04   5.98e-10
  2.3634e+04   3.26e-10
  2.4448e+04   1.66e-10
  2.5290e+04   7.86e-11
