#  E [GeV]   # per interaction  [GeV^{-1}]
  3.0000e+01   2.97e-02
  3.1232e+01   2.85e-02
  3.2514e+01   2.74e-02
  3.3849e+01   2.64e-02
  3.5238e+01   2.53e-02
  3.6685e+01   2.43e-02
  3.8191e+01   2.34e-02
  3.9759e+01   2.24e-02
  4.1391e+01   2.16e-02
  4.3090e+01   2.07e-02
  4.4859e+01   1.99e-02
  4.6701e+01   1.90e-02
  4.8618e+01   1.83e-02
  5.0614e+01   1.75e-02
  5.2692e+01   1.68e-02
  5.4855e+01   1.61e-02
  5.7107e+01   1.54e-02
  5.9451e+01   1.48e-02
  6.1892e+01   1.42e-02
  6.4433e+01   1.36e-02
  6.7078e+01   1.30e-02
  6.9832e+01   1.24e-02
  7.2699e+01   1.19e-02
  7.5683e+01   1.14e-02
  7.8790e+01   1.09e-02
  8.2025e+01   1.04e-02
  8.5392e+01   9.94e-03
  8.8898e+01   9.50e-03
  9.2547e+01   9.08e-03
  9.6347e+01   8.67e-03
  1.0030e+02   8.28e-03
  1.0442e+02   7.90e-03
  1.0871e+02   7.54e-03
  1.1317e+02   7.19e-03
  1.1782e+02   6.86e-03
  1.2265e+02   6.53e-03
  1.2769e+02   6.23e-03
  1.3293e+02   5.93e-03
  1.3839e+02   5.65e-03
  1.4407e+02   5.37e-03
  1.4998e+02   5.11e-03
  1.5614e+02   4.86e-03
  1.6255e+02   4.62e-03
  1.6922e+02   4.39e-03
  1.7617e+02   4.17e-03
  1.8340e+02   3.96e-03
  1.9093e+02   3.75e-03
  1.9877e+02   3.56e-03
  2.0693e+02   3.37e-03
  2.1543e+02   3.20e-03
  2.2427e+02   3.03e-03
  2.3348e+02   2.86e-03
  2.4306e+02   2.71e-03
  2.5304e+02   2.56e-03
  2.6343e+02   2.42e-03
  2.7424e+02   2.28e-03
  2.8550e+02   2.15e-03
  2.9722e+02   2.03e-03
  3.0942e+02   1.91e-03
  3.2213e+02   1.80e-03
  3.3535e+02   1.69e-03
  3.4912e+02   1.59e-03
  3.6345e+02   1.49e-03
  3.7837e+02   1.40e-03
  3.9390e+02   1.31e-03
  4.1008e+02   1.23e-03
  4.2691e+02   1.15e-03
  4.4444e+02   1.08e-03
  4.6268e+02   1.01e-03
  4.8168e+02   9.45e-04
  5.0145e+02   8.84e-04
  5.2204e+02   8.26e-04
  5.4347e+02   7.71e-04
  5.6578e+02   7.20e-04
  5.8901e+02   6.72e-04
  6.1319e+02   6.27e-04
  6.3836e+02   5.86e-04
  6.6457e+02   5.46e-04
  6.9185e+02   5.10e-04
  7.2025e+02   4.76e-04
  7.4982e+02   4.45e-04
  7.8061e+02   4.16e-04
  8.1265e+02   3.89e-04
  8.4601e+02   3.63e-04
  8.8075e+02   3.40e-04
  9.1690e+02   3.18e-04
  9.5455e+02   2.98e-04
  9.9373e+02   2.80e-04
  1.0345e+03   2.62e-04
  1.0770e+03   2.47e-04
  1.1212e+03   2.32e-04
  1.1672e+03   2.18e-04
  1.2152e+03   2.06e-04
  1.2650e+03   1.94e-04
  1.3170e+03   1.83e-04
  1.3711e+03   1.73e-04
  1.4273e+03   1.64e-04
  1.4859e+03   1.55e-04
  1.5469e+03   1.47e-04
  1.6104e+03   1.40e-04
  1.6766e+03   1.33e-04
  1.7454e+03   1.26e-04
  1.8170e+03   1.20e-04
  1.8916e+03   1.15e-04
  1.9693e+03   1.10e-04
  2.0501e+03   1.05e-04
  2.1343e+03   9.99e-05
  2.2219e+03   9.55e-05
  2.3131e+03   9.13e-05
  2.4081e+03   8.74e-05
  2.5070e+03   8.37e-05
  2.6099e+03   8.01e-05
  2.7170e+03   7.67e-05
  2.8286e+03   7.34e-05
  2.9447e+03   7.02e-05
  3.0656e+03   6.72e-05
  3.1914e+03   6.43e-05
  3.3225e+03   6.15e-05
  3.4589e+03   5.88e-05
  3.6008e+03   5.61e-05
  3.7487e+03   5.35e-05
  3.9026e+03   5.10e-05
  4.0628e+03   4.85e-05
  4.2296e+03   4.61e-05
  4.4032e+03   4.38e-05
  4.5840e+03   4.15e-05
  4.7722e+03   3.93e-05
  4.9681e+03   3.71e-05
  5.1720e+03   3.49e-05
  5.3844e+03   3.28e-05
  5.6054e+03   3.07e-05
  5.8355e+03   2.87e-05
  6.0751e+03   2.67e-05
  6.3245e+03   2.48e-05
  6.5841e+03   2.29e-05
  6.8544e+03   2.11e-05
  7.1358e+03   1.93e-05
  7.4288e+03   1.76e-05
  7.7338e+03   1.59e-05
  8.0513e+03   1.43e-05
  8.3818e+03   1.28e-05
  8.7259e+03   1.14e-05
  9.0841e+03   1.00e-05
  9.4571e+03   8.77e-06
  9.8453e+03   7.58e-06
  1.0249e+04   6.48e-06
  1.0670e+04   5.48e-06
  1.1108e+04   4.57e-06
  1.1564e+04   3.76e-06
  1.2039e+04   3.05e-06
  1.2533e+04   2.42e-06
  1.3048e+04   1.89e-06
  1.3584e+04   1.44e-06
  1.4141e+04   1.07e-06
  1.4722e+04   7.73e-07
  1.5326e+04   5.41e-07
  1.5955e+04   3.65e-07
  1.6610e+04   2.37e-07
  1.7292e+04   1.47e-07
  1.8002e+04   8.60e-08
  1.8741e+04   4.75e-08
  1.9511e+04   2.45e-08
  2.0312e+04   1.16e-08
  2.1145e+04   5.04e-09
  2.2013e+04   1.96e-09
  2.2917e+04   6.71e-10
  2.3858e+04   1.99e-10
  2.4837e+04   4.93e-11
  2.5857e+04   9.96e-12
  2.6919e+04   1.57e-12
  2.8024e+04   1.86e-13
  2.9174e+04   1.54e-14
  3.0372e+04   8.33e-16
  3.1619e+04   2.68e-17
  3.2917e+04   4.59e-19
  3.4268e+04   3.59e-21
  3.5675e+04   1.07e-23
  3.7140e+04   9.46e-27
  3.8664e+04   1.84e-30
  4.0252e+04   5.20e-35
  4.1904e+04   1.25e-40
  4.3624e+04   5.71e-46
  4.5415e+04   5.07e-46
  4.7280e+04   4.47e-46
  4.9221e+04   3.95e-46
  5.1241e+04   3.46e-46
  5.3345e+04   3.02e-46
  5.5535e+04   2.63e-46
  5.7815e+04   2.27e-46
  6.0188e+04   1.95e-46
  6.2659e+04   1.69e-46
  6.5232e+04   1.44e-46
  6.7910e+04   1.23e-46
  7.0698e+04   1.06e-46
  7.3600e+04   9.03e-47
  7.6621e+04   7.81e-47
  7.9767e+04   6.83e-47
  8.3042e+04   5.92e-47
  8.6451e+04   5.32e-47
  9.0000e+04   4.85e-47
