#  E [MeV]   Flux [# cm^{-2} s^{-1}  MeV^{-1}]
  3.0000e+04   3.35e-26
  3.1051e+04   3.22e-26
  3.2139e+04   3.11e-26
  3.3266e+04   2.99e-26
  3.4432e+04   2.88e-26
  3.5638e+04   2.77e-26
  3.6887e+04   2.67e-26
  3.8180e+04   2.57e-26
  3.9518e+04   2.47e-26
  4.0903e+04   2.38e-26
  4.2336e+04   2.29e-26
  4.3820e+04   2.20e-26
  4.5355e+04   2.12e-26
  4.6945e+04   2.03e-26
  4.8590e+04   1.96e-26
  5.0293e+04   1.88e-26
  5.2055e+04   1.81e-26
  5.3879e+04   1.74e-26
  5.5767e+04   1.67e-26
  5.7722e+04   1.60e-26
  5.9745e+04   1.54e-26
  6.1838e+04   1.48e-26
  6.4005e+04   1.42e-26
  6.6248e+04   1.36e-26
  6.8570e+04   1.31e-26
  7.0973e+04   1.26e-26
  7.3460e+04   1.21e-26
  7.6034e+04   1.16e-26
  7.8699e+04   1.11e-26
  8.1457e+04   1.07e-26
  8.4311e+04   1.02e-26
  8.7266e+04   9.82e-27
  9.0324e+04   9.42e-27
  9.3490e+04   9.03e-27
  9.6766e+04   8.67e-27
  1.0016e+05   8.31e-27
  1.0367e+05   7.98e-27
  1.0730e+05   7.65e-27
  1.1106e+05   7.34e-27
  1.1495e+05   7.04e-27
  1.1898e+05   6.75e-27
  1.2315e+05   6.48e-27
  1.2747e+05   6.21e-27
  1.3193e+05   5.96e-27
  1.3656e+05   5.72e-27
  1.4134e+05   5.48e-27
  1.4629e+05   5.26e-27
  1.5142e+05   5.05e-27
  1.5673e+05   4.84e-27
  1.6222e+05   4.65e-27
  1.6790e+05   4.46e-27
  1.7379e+05   4.28e-27
  1.7988e+05   4.11e-27
  1.8618e+05   3.95e-27
  1.9271e+05   3.79e-27
  1.9946e+05   3.64e-27
  2.0645e+05   3.50e-27
  2.1369e+05   3.36e-27
  2.2117e+05   3.23e-27
  2.2892e+05   3.11e-27
  2.3695e+05   2.99e-27
  2.4525e+05   2.88e-27
  2.5385e+05   2.77e-27
  2.6274e+05   2.66e-27
  2.7195e+05   2.56e-27
  2.8148e+05   2.47e-27
  2.9134e+05   2.38e-27
  3.0155e+05   2.29e-27
  3.1212e+05   2.21e-27
  3.2306e+05   2.13e-27
  3.3438e+05   2.05e-27
  3.4610e+05   1.98e-27
  3.5823e+05   1.91e-27
  3.7078e+05   1.85e-27
  3.8377e+05   1.78e-27
  3.9722e+05   1.72e-27
  4.1114e+05   1.66e-27
  4.2555e+05   1.61e-27
  4.4046e+05   1.56e-27
  4.5590e+05   1.51e-27
  4.7188e+05   1.46e-27
  4.8841e+05   1.41e-27
  5.0553e+05   1.37e-27
  5.2324e+05   1.32e-27
  5.4158e+05   1.28e-27
  5.6056e+05   1.24e-27
  5.8020e+05   1.20e-27
  6.0054e+05   1.17e-27
  6.2158e+05   1.13e-27
  6.4337e+05   1.10e-27
  6.6591e+05   1.07e-27
  6.8925e+05   1.04e-27
  7.1340e+05   1.01e-27
  7.3840e+05   9.78e-28
  7.6428e+05   9.50e-28
  7.9106e+05   9.23e-28
  8.1878e+05   8.97e-28
  8.4748e+05   8.72e-28
  8.7718e+05   8.48e-28
  9.0792e+05   8.25e-28
  9.3973e+05   8.02e-28
  9.7267e+05   7.80e-28
  1.0068e+06   7.59e-28
  1.0420e+06   7.38e-28
  1.0785e+06   7.18e-28
  1.1163e+06   6.99e-28
  1.1555e+06   6.80e-28
  1.1960e+06   6.62e-28
  1.2379e+06   6.45e-28
  1.2813e+06   6.28e-28
  1.3262e+06   6.11e-28
  1.3726e+06   5.95e-28
  1.4207e+06   5.79e-28
  1.4705e+06   5.64e-28
  1.5220e+06   5.49e-28
  1.5754e+06   5.34e-28
  1.6306e+06   5.20e-28
  1.6877e+06   5.06e-28
  1.7469e+06   4.92e-28
  1.8081e+06   4.79e-28
  1.8715e+06   4.66e-28
  1.9370e+06   4.53e-28
  2.0049e+06   4.40e-28
  2.0752e+06   4.27e-28
  2.1479e+06   4.15e-28
  2.2232e+06   4.03e-28
  2.3011e+06   3.91e-28
  2.3817e+06   3.80e-28
  2.4652e+06   3.69e-28
  2.5516e+06   3.57e-28
  2.6410e+06   3.46e-28
  2.7336e+06   3.36e-28
  2.8294e+06   3.25e-28
  2.9285e+06   3.15e-28
  3.0311e+06   3.04e-28
  3.1374e+06   2.94e-28
  3.2473e+06   2.84e-28
  3.3611e+06   2.75e-28
  3.4789e+06   2.65e-28
  3.6008e+06   2.56e-28
  3.7270e+06   2.46e-28
  3.8576e+06   2.37e-28
  3.9928e+06   2.28e-28
  4.1327e+06   2.19e-28
  4.2775e+06   2.11e-28
  4.4274e+06   2.02e-28
  4.5826e+06   1.94e-28
  4.7432e+06   1.86e-28
  4.9094e+06   1.78e-28
  5.0815e+06   1.70e-28
  5.2595e+06   1.62e-28
  5.4438e+06   1.55e-28
  5.6346e+06   1.47e-28
  5.8321e+06   1.40e-28
  6.0365e+06   1.33e-28
  6.2480e+06   1.26e-28
  6.4670e+06   1.19e-28
  6.6936e+06   1.13e-28
  6.9282e+06   1.06e-28
  7.1709e+06   1.00e-28
  7.4222e+06   9.41e-29
  7.6823e+06   8.84e-29
  7.9516e+06   8.28e-29
  8.2302e+06   7.74e-29
  8.5186e+06   7.22e-29
  8.8172e+06   6.73e-29
  9.1262e+06   6.24e-29
  9.4460e+06   5.78e-29
  9.7770e+06   5.35e-29
  1.0120e+07   4.93e-29
  1.0474e+07   4.53e-29
  1.0841e+07   4.16e-29
  1.1221e+07   3.80e-29
  1.1614e+07   3.45e-29
  1.2022e+07   3.12e-29
  1.2443e+07   2.82e-29
  1.2879e+07   2.53e-29
  1.3330e+07   2.27e-29
  1.3797e+07   2.02e-29
  1.4281e+07   1.79e-29
  1.4781e+07   1.58e-29
  1.5299e+07   1.38e-29
  1.5835e+07   1.20e-29
  1.6390e+07   1.05e-29
  1.6965e+07   9.01e-30
  1.7559e+07   7.69e-30
  1.8175e+07   6.54e-30
  1.8812e+07   5.51e-30
  1.9471e+07   4.58e-30
  2.0153e+07   3.79e-30
  2.0859e+07   3.11e-30
  2.1590e+07   2.52e-30
  2.2347e+07   2.00e-30
  2.3130e+07   1.61e-30
  2.3941e+07   1.26e-30
  2.4780e+07   9.67e-31
  2.5648e+07   7.49e-31
  2.6547e+07   5.70e-31
  2.7477e+07   4.22e-31
  2.8440e+07   3.10e-31
