#  E [MeV]   Flux [# cm^{-2} s^{-1}  MeV^{-1}]
  3.0000e+04   2.37e-18
  3.0589e+04   2.30e-18
  3.1190e+04   2.22e-18
  3.1803e+04   2.15e-18
  3.2428e+04   2.08e-18
  3.3065e+04   2.02e-18
  3.3714e+04   1.95e-18
  3.4376e+04   1.89e-18
  3.5052e+04   1.83e-18
  3.5740e+04   1.77e-18
  3.6442e+04   1.71e-18
  3.7158e+04   1.65e-18
  3.7888e+04   1.60e-18
  3.8632e+04   1.54e-18
  3.9391e+04   1.49e-18
  4.0165e+04   1.44e-18
  4.0954e+04   1.39e-18
  4.1758e+04   1.34e-18
  4.2579e+04   1.29e-18
  4.3415e+04   1.25e-18
  4.4268e+04   1.21e-18
  4.5138e+04   1.16e-18
  4.6024e+04   1.12e-18
  4.6928e+04   1.08e-18
  4.7850e+04   1.04e-18
  4.8790e+04   1.01e-18
  4.9749e+04   9.69e-19
  5.0726e+04   9.34e-19
  5.1722e+04   9.00e-19
  5.2738e+04   8.67e-19
  5.3774e+04   8.34e-19
  5.4831e+04   8.03e-19
  5.5908e+04   7.73e-19
  5.7006e+04   7.44e-19
  5.8126e+04   7.16e-19
  5.9268e+04   6.89e-19
  6.0432e+04   6.62e-19
  6.1619e+04   6.36e-19
  6.2829e+04   6.11e-19
  6.4064e+04   5.88e-19
  6.5322e+04   5.65e-19
  6.6605e+04   5.42e-19
  6.7913e+04   5.21e-19
  6.9248e+04   5.00e-19
  7.0608e+04   4.79e-19
  7.1995e+04   4.60e-19
  7.3409e+04   4.41e-19
  7.4851e+04   4.23e-19
  7.6321e+04   4.05e-19
  7.7821e+04   3.88e-19
  7.9349e+04   3.71e-19
  8.0908e+04   3.56e-19
  8.2497e+04   3.41e-19
  8.4118e+04   3.26e-19
  8.5770e+04   3.12e-19
  8.7455e+04   2.98e-19
  8.9173e+04   2.85e-19
  9.0925e+04   2.72e-19
  9.2711e+04   2.60e-19
  9.4532e+04   2.49e-19
  9.6389e+04   2.37e-19
  9.8283e+04   2.26e-19
  1.0021e+05   2.16e-19
  1.0218e+05   2.06e-19
  1.0419e+05   1.96e-19
  1.0624e+05   1.87e-19
  1.0832e+05   1.78e-19
  1.1045e+05   1.70e-19
  1.1262e+05   1.61e-19
  1.1483e+05   1.54e-19
  1.1709e+05   1.46e-19
  1.1939e+05   1.39e-19
  1.2173e+05   1.32e-19
  1.2412e+05   1.25e-19
  1.2656e+05   1.19e-19
  1.2905e+05   1.13e-19
  1.3158e+05   1.07e-19
  1.3417e+05   1.02e-19
  1.3680e+05   9.66e-20
  1.3949e+05   9.15e-20
  1.4223e+05   8.65e-20
  1.4503e+05   8.20e-20
  1.4787e+05   7.77e-20
  1.5078e+05   7.34e-20
  1.5374e+05   6.94e-20
  1.5676e+05   6.54e-20
  1.5984e+05   6.17e-20
  1.6298e+05   5.83e-20
  1.6618e+05   5.51e-20
  1.6945e+05   5.20e-20
  1.7278e+05   4.89e-20
  1.7617e+05   4.60e-20
  1.7963e+05   4.32e-20
  1.8316e+05   4.08e-20
  1.8676e+05   3.84e-20
  1.9042e+05   3.61e-20
  1.9417e+05   3.39e-20
  1.9798e+05   3.18e-20
  2.0187e+05   2.98e-20
  2.0583e+05   2.80e-20
  2.0988e+05   2.63e-20
  2.1400e+05   2.47e-20
  2.1820e+05   2.31e-20
  2.2249e+05   2.16e-20
  2.2686e+05   2.02e-20
  2.3132e+05   1.89e-20
  2.3586e+05   1.77e-20
  2.4049e+05   1.66e-20
  2.4522e+05   1.55e-20
  2.5004e+05   1.44e-20
  2.5495e+05   1.34e-20
  2.5996e+05   1.25e-20
  2.6506e+05   1.17e-20
  2.7027e+05   1.09e-20
  2.7558e+05   1.01e-20
  2.8099e+05   9.39e-21
  2.8651e+05   8.74e-21
  2.9214e+05   8.15e-21
  2.9788e+05   7.59e-21
  3.0373e+05   7.04e-21
  3.0970e+05   6.51e-21
  3.1578e+05   6.00e-21
  3.2198e+05   5.56e-21
  3.2831e+05   5.18e-21
  3.3476e+05   4.80e-21
  3.4133e+05   4.44e-21
  3.4804e+05   4.09e-21
  3.5487e+05   3.75e-21
  3.6185e+05   3.47e-21
  3.6895e+05   3.22e-21
  3.7620e+05   2.97e-21
  3.8359e+05   2.74e-21
  3.9113e+05   2.51e-21
  3.9881e+05   2.29e-21
  4.0664e+05   2.12e-21
  4.1463e+05   1.96e-21
  4.2278e+05   1.81e-21
  4.3108e+05   1.66e-21
  4.3955e+05   1.51e-21
  4.4818e+05   1.38e-21
  4.5699e+05   1.27e-21
  4.6596e+05   1.17e-21
  4.7512e+05   1.08e-21
  4.8445e+05   9.84e-22
  4.9397e+05   8.95e-22
  5.0367e+05   8.10e-22
  5.1356e+05   7.47e-22
  5.2365e+05   6.87e-22
  5.3394e+05   6.29e-22
  5.4443e+05   5.73e-22
  5.5512e+05   5.19e-22
  5.6603e+05   4.68e-22
  5.7715e+05   4.31e-22
  5.8848e+05   3.95e-22
  6.0004e+05   3.60e-22
  6.1183e+05   3.27e-22
  6.2385e+05   2.94e-22
  6.3610e+05   2.64e-22
  6.4860e+05   2.43e-22
  6.6134e+05   2.23e-22
  6.7433e+05   2.03e-22
  6.8758e+05   1.84e-22
  7.0108e+05   1.65e-22
  7.1486e+05   1.49e-22
  7.2890e+05   1.37e-22
  7.4322e+05   1.25e-22
  7.5782e+05   1.14e-22
  7.7270e+05   1.04e-22
  7.8788e+05   9.34e-23
  8.0336e+05   8.45e-23
  8.1914e+05   7.79e-23
  8.3523e+05   7.15e-23
  8.5164e+05   6.54e-23
  8.6837e+05   5.95e-23
  8.8542e+05   5.38e-23
  9.0282e+05   4.91e-23
  9.2055e+05   4.56e-23
  9.3863e+05   4.22e-23
  9.5707e+05   3.90e-23
  9.7587e+05   3.58e-23
  9.9504e+05   3.28e-23
  1.0146e+06   3.03e-23
  1.0345e+06   2.84e-23
  1.0548e+06   2.65e-23
  1.0756e+06   2.48e-23
  1.0967e+06   2.30e-23
  1.1182e+06   2.13e-23
  1.1402e+06   2.00e-23
  1.1626e+06   1.88e-23
  1.1854e+06   1.76e-23
  1.2087e+06   1.65e-23
  1.2325e+06   1.55e-23
  1.2567e+06   1.45e-23
  1.2814e+06   1.36e-23
  1.3065e+06   1.27e-23
  1.3322e+06   1.19e-23
  1.3584e+06   1.12e-23
  1.3851e+06   1.04e-23
  1.4123e+06   9.72e-24
  1.4400e+06   9.19e-24
