#  E [GeV]   # per interaction  [GeV^{-1}]
  3.0000e+01   3.05e-02
  3.1232e+01   2.93e-02
  3.2514e+01   2.82e-02
  3.3849e+01   2.71e-02
  3.5238e+01   2.60e-02
  3.6685e+01   2.50e-02
  3.8191e+01   2.40e-02
  3.9759e+01   2.31e-02
  4.1391e+01   2.21e-02
  4.3090e+01   2.13e-02
  4.4859e+01   2.04e-02
  4.6701e+01   1.96e-02
  4.8618e+01   1.88e-02
  5.0614e+01   1.80e-02
  5.2692e+01   1.73e-02
  5.4855e+01   1.66e-02
  5.7107e+01   1.59e-02
  5.9451e+01   1.52e-02
  6.1892e+01   1.46e-02
  6.4433e+01   1.40e-02
  6.7078e+01   1.34e-02
  6.9832e+01   1.28e-02
  7.2699e+01   1.23e-02
  7.5683e+01   1.17e-02
  7.8790e+01   1.12e-02
  8.2025e+01   1.07e-02
  8.5392e+01   1.03e-02
  8.8898e+01   9.83e-03
  9.2547e+01   9.39e-03
  9.6347e+01   8.98e-03
  1.0030e+02   8.57e-03
  1.0442e+02   8.19e-03
  1.0871e+02   7.82e-03
  1.1317e+02   7.46e-03
  1.1782e+02   7.12e-03
  1.2265e+02   6.80e-03
  1.2769e+02   6.48e-03
  1.3293e+02   6.18e-03
  1.3839e+02   5.89e-03
  1.4407e+02   5.61e-03
  1.4998e+02   5.35e-03
  1.5614e+02   5.09e-03
  1.6255e+02   4.85e-03
  1.6922e+02   4.61e-03
  1.7617e+02   4.39e-03
  1.8340e+02   4.17e-03
  1.9093e+02   3.97e-03
  1.9877e+02   3.77e-03
  2.0693e+02   3.58e-03
  2.1543e+02   3.40e-03
  2.2427e+02   3.23e-03
  2.3348e+02   3.06e-03
  2.4306e+02   2.91e-03
  2.5304e+02   2.76e-03
  2.6343e+02   2.61e-03
  2.7424e+02   2.47e-03
  2.8550e+02   2.34e-03
  2.9722e+02   2.22e-03
  3.0942e+02   2.10e-03
  3.2213e+02   1.99e-03
  3.3535e+02   1.88e-03
  3.4912e+02   1.77e-03
  3.6345e+02   1.68e-03
  3.7837e+02   1.58e-03
  3.9390e+02   1.49e-03
  4.1008e+02   1.41e-03
  4.2691e+02   1.33e-03
  4.4444e+02   1.25e-03
  4.6268e+02   1.18e-03
  4.8168e+02   1.11e-03
  5.0145e+02   1.05e-03
  5.2204e+02   9.90e-04
  5.4347e+02   9.32e-04
  5.6578e+02   8.78e-04
  5.8901e+02   8.27e-04
  6.1319e+02   7.79e-04
  6.3836e+02   7.34e-04
  6.6457e+02   6.91e-04
  6.9185e+02   6.51e-04
  7.2025e+02   6.14e-04
  7.4982e+02   5.79e-04
  7.8061e+02   5.46e-04
  8.1265e+02   5.15e-04
  8.4601e+02   4.86e-04
  8.8075e+02   4.59e-04
  9.1690e+02   4.33e-04
  9.5455e+02   4.10e-04
  9.9373e+02   3.88e-04
  1.0345e+03   3.67e-04
  1.0770e+03   3.47e-04
  1.1212e+03   3.29e-04
  1.1672e+03   3.12e-04
  1.2152e+03   2.96e-04
  1.2650e+03   2.82e-04
  1.3170e+03   2.68e-04
  1.3711e+03   2.55e-04
  1.4273e+03   2.43e-04
  1.4859e+03   2.32e-04
  1.5469e+03   2.21e-04
  1.6104e+03   2.11e-04
  1.6766e+03   2.02e-04
  1.7454e+03   1.93e-04
  1.8170e+03   1.84e-04
  1.8916e+03   1.77e-04
  1.9693e+03   1.69e-04
  2.0501e+03   1.62e-04
  2.1343e+03   1.56e-04
  2.2219e+03   1.50e-04
  2.3131e+03   1.44e-04
  2.4081e+03   1.38e-04
  2.5070e+03   1.33e-04
  2.6099e+03   1.28e-04
  2.7170e+03   1.23e-04
  2.8286e+03   1.18e-04
  2.9447e+03   1.14e-04
  3.0656e+03   1.09e-04
  3.1914e+03   1.05e-04
  3.3225e+03   1.01e-04
  3.4589e+03   9.74e-05
  3.6008e+03   9.36e-05
  3.7487e+03   9.00e-05
  3.9026e+03   8.64e-05
  4.0628e+03   8.30e-05
  4.2296e+03   7.96e-05
  4.4032e+03   7.63e-05
  4.5840e+03   7.31e-05
  4.7722e+03   7.00e-05
  4.9681e+03   6.69e-05
  5.1720e+03   6.39e-05
  5.3844e+03   6.09e-05
  5.6054e+03   5.80e-05
  5.8355e+03   5.51e-05
  6.0751e+03   5.23e-05
  6.3245e+03   4.95e-05
  6.5841e+03   4.68e-05
  6.8544e+03   4.41e-05
  7.1358e+03   4.14e-05
  7.4288e+03   3.89e-05
  7.7338e+03   3.63e-05
  8.0513e+03   3.38e-05
  8.3818e+03   3.14e-05
  8.7259e+03   2.91e-05
  9.0841e+03   2.67e-05
  9.4571e+03   2.45e-05
  9.8453e+03   2.23e-05
  1.0249e+04   2.02e-05
  1.0670e+04   1.82e-05
  1.1108e+04   1.63e-05
  1.1564e+04   1.44e-05
  1.2039e+04   1.27e-05
  1.2533e+04   1.11e-05
  1.3048e+04   9.53e-06
  1.3584e+04   8.13e-06
  1.4141e+04   6.83e-06
  1.4722e+04   5.66e-06
  1.5326e+04   4.61e-06
  1.5955e+04   3.69e-06
  1.6610e+04   2.89e-06
  1.7292e+04   2.21e-06
  1.8002e+04   1.64e-06
  1.8741e+04   1.18e-06
  1.9511e+04   8.17e-07
  2.0312e+04   5.43e-07
  2.1145e+04   3.44e-07
  2.2013e+04   2.06e-07
  2.2917e+04   1.15e-07
  2.3858e+04   5.98e-08
  2.4837e+04   2.83e-08
  2.5857e+04   1.20e-08
  2.6919e+04   4.47e-09
  2.8024e+04   1.43e-09
  2.9174e+04   3.77e-10
  3.0372e+04   7.94e-11
  3.1619e+04   1.26e-11
  3.2917e+04   1.43e-12
  3.4268e+04   1.06e-13
  3.5675e+04   4.63e-15
  3.7140e+04   1.04e-16
  3.8664e+04   1.01e-18
  4.0252e+04   3.37e-21
  4.1904e+04   2.82e-24
  4.3624e+04   3.95e-28
  4.5415e+04   5.27e-33
  4.7280e+04   3.13e-39
  4.9221e+04   4.29e-46
  5.1241e+04   3.78e-46
  5.3345e+04   3.31e-46
  5.5535e+04   2.88e-46
  5.7815e+04   2.51e-46
  6.0188e+04   2.15e-46
  6.2659e+04   1.86e-46
  6.5232e+04   1.60e-46
  6.7910e+04   1.36e-46
  7.0698e+04   1.17e-46
  7.3600e+04   1.01e-46
  7.6621e+04   8.52e-47
  7.9767e+04   7.47e-47
  8.3042e+04   6.51e-47
  8.6451e+04   5.65e-47
  9.0000e+04   5.16e-47
