#  E [MeV]   Flux [# cm^{-2} s^{-1}  MeV^{-1}]
  3.0000e+04   7.62e-22
  3.1123e+04   7.33e-22
  3.2288e+04   7.05e-22
  3.3497e+04   6.78e-22
  3.4751e+04   6.52e-22
  3.6051e+04   6.26e-22
  3.7401e+04   6.02e-22
  3.8801e+04   5.78e-22
  4.0253e+04   5.55e-22
  4.1760e+04   5.33e-22
  4.3324e+04   5.12e-22
  4.4945e+04   4.91e-22
  4.6628e+04   4.71e-22
  4.8373e+04   4.52e-22
  5.0184e+04   4.33e-22
  5.2063e+04   4.16e-22
  5.4011e+04   3.98e-22
  5.6033e+04   3.82e-22
  5.8131e+04   3.66e-22
  6.0307e+04   3.50e-22
  6.2564e+04   3.36e-22
  6.4906e+04   3.21e-22
  6.7336e+04   3.08e-22
  6.9857e+04   2.94e-22
  7.2472e+04   2.81e-22
  7.5184e+04   2.69e-22
  7.7999e+04   2.57e-22
  8.0919e+04   2.46e-22
  8.3948e+04   2.35e-22
  8.7090e+04   2.24e-22
  9.0350e+04   2.14e-22
  9.3732e+04   2.04e-22
  9.7241e+04   1.95e-22
  1.0088e+05   1.86e-22
  1.0466e+05   1.78e-22
  1.0858e+05   1.69e-22
  1.1264e+05   1.61e-22
  1.1686e+05   1.54e-22
  1.2123e+05   1.46e-22
  1.2577e+05   1.39e-22
  1.3048e+05   1.33e-22
  1.3536e+05   1.26e-22
  1.4043e+05   1.20e-22
  1.4568e+05   1.14e-22
  1.5114e+05   1.08e-22
  1.5680e+05   1.03e-22
  1.6266e+05   9.76e-23
  1.6875e+05   9.26e-23
  1.7507e+05   8.78e-23
  1.8162e+05   8.33e-23
  1.8842e+05   7.89e-23
  1.9548e+05   7.47e-23
  2.0279e+05   7.07e-23
  2.1039e+05   6.69e-23
  2.1826e+05   6.33e-23
  2.2643e+05   5.98e-23
  2.3491e+05   5.64e-23
  2.4370e+05   5.33e-23
  2.5282e+05   5.02e-23
  2.6229e+05   4.74e-23
  2.7211e+05   4.46e-23
  2.8229e+05   4.20e-23
  2.9286e+05   3.95e-23
  3.0382e+05   3.71e-23
  3.1519e+05   3.49e-23
  3.2699e+05   3.28e-23
  3.3923e+05   3.07e-23
  3.5193e+05   2.88e-23
  3.6511e+05   2.70e-23
  3.7877e+05   2.53e-23
  3.9295e+05   2.36e-23
  4.0766e+05   2.21e-23
  4.2292e+05   2.06e-23
  4.3875e+05   1.93e-23
  4.5518e+05   1.80e-23
  4.7222e+05   1.67e-23
  4.8989e+05   1.56e-23
  5.0823e+05   1.45e-23
  5.2726e+05   1.35e-23
  5.4699e+05   1.26e-23
  5.6747e+05   1.17e-23
  5.8871e+05   1.08e-23
  6.1075e+05   1.01e-23
  6.3361e+05   9.35e-24
  6.5733e+05   8.67e-24
  6.8194e+05   8.04e-24
  7.0746e+05   7.46e-24
  7.3395e+05   6.92e-24
  7.6142e+05   6.41e-24
  7.8992e+05   5.95e-24
  8.1949e+05   5.51e-24
  8.5017e+05   5.11e-24
  8.8199e+05   4.74e-24
  9.1501e+05   4.40e-24
  9.4926e+05   4.08e-24
  9.8479e+05   3.78e-24
  1.0217e+06   3.51e-24
  1.0599e+06   3.26e-24
  1.0996e+06   3.03e-24
  1.1407e+06   2.81e-24
  1.1834e+06   2.61e-24
  1.2277e+06   2.43e-24
  1.2737e+06   2.26e-24
  1.3214e+06   2.11e-24
  1.3708e+06   1.96e-24
  1.4222e+06   1.83e-24
  1.4754e+06   1.71e-24
  1.5306e+06   1.59e-24
  1.5879e+06   1.49e-24
  1.6474e+06   1.39e-24
  1.7090e+06   1.30e-24
  1.7730e+06   1.22e-24
  1.8394e+06   1.14e-24
  1.9082e+06   1.06e-24
  1.9797e+06   9.96e-25
  2.0538e+06   9.33e-25
  2.1306e+06   8.74e-25
  2.2104e+06   8.20e-25
  2.2931e+06   7.69e-25
  2.3790e+06   7.22e-25
  2.4680e+06   6.78e-25
  2.5604e+06   6.36e-25
  2.6563e+06   5.97e-25
  2.7557e+06   5.61e-25
  2.8589e+06   5.27e-25
  2.9659e+06   4.94e-25
  3.0769e+06   4.64e-25
  3.1921e+06   4.36e-25
  3.3116e+06   4.09e-25
  3.4355e+06   3.84e-25
  3.5641e+06   3.60e-25
  3.6976e+06   3.38e-25
  3.8360e+06   3.17e-25
  3.9796e+06   2.97e-25
  4.1285e+06   2.78e-25
  4.2831e+06   2.60e-25
  4.4434e+06   2.43e-25
  4.6097e+06   2.26e-25
  4.7823e+06   2.11e-25
  4.9613e+06   1.97e-25
  5.1470e+06   1.83e-25
  5.3397e+06   1.70e-25
  5.5396e+06   1.58e-25
  5.7470e+06   1.46e-25
  5.9621e+06   1.35e-25
  6.1853e+06   1.24e-25
  6.4168e+06   1.14e-25
  6.6570e+06   1.05e-25
  6.9062e+06   9.58e-26
  7.1647e+06   8.73e-26
  7.4329e+06   7.92e-26
  7.7112e+06   7.17e-26
  7.9998e+06   6.45e-26
  8.2993e+06   5.78e-26
  8.6100e+06   5.16e-26
  8.9323e+06   4.58e-26
  9.2666e+06   4.04e-26
  9.6135e+06   3.54e-26
  9.9734e+06   3.08e-26
  1.0347e+07   2.66e-26
  1.0734e+07   2.27e-26
  1.1136e+07   1.92e-26
  1.1553e+07   1.61e-26
  1.1985e+07   1.33e-26
  1.2434e+07   1.09e-26
  1.2899e+07   8.79e-27
  1.3382e+07   6.97e-27
  1.3883e+07   5.43e-27
  1.4403e+07   4.14e-27
  1.4942e+07   3.10e-27
  1.5501e+07   2.25e-27
  1.6081e+07   1.60e-27
  1.6683e+07   1.10e-27
  1.7308e+07   7.26e-28
  1.7956e+07   4.62e-28
  1.8628e+07   2.81e-28
  1.9325e+07   1.62e-28
  2.0049e+07   8.83e-29
  2.0799e+07   4.50e-29
  2.1578e+07   2.12e-29
  2.2386e+07   9.13e-30
  2.3224e+07   3.55e-30
  2.4093e+07   1.23e-30
  2.4995e+07   3.68e-31
  2.5930e+07   9.38e-32
  2.6901e+07   1.97e-32
  2.7908e+07   3.32e-33
  2.8953e+07   4.26e-34
  3.0037e+07   3.98e-35
  3.1161e+07   2.54e-36
  3.2327e+07   1.02e-37
  3.3537e+07   2.38e-39
  3.4793e+07   2.81e-41
  3.6095e+07   1.46e-43
  3.7446e+07   2.74e-46
  3.8848e+07   1.47e-49
  4.0302e+07   1.65e-53
  4.1811e+07   2.60e-58
  4.3376e+07   3.46e-64
  4.5000e+07   2.97e-66
