#  E [MeV]   Flux [# cm^{-2} s^{-1}  MeV^{-1}]
  3.0000e+04   9.47e-23
  3.0696e+04   9.15e-23
  3.1408e+04   8.84e-23
  3.2137e+04   8.54e-23
  3.2883e+04   8.25e-23
  3.3646e+04   7.97e-23
  3.4426e+04   7.69e-23
  3.5225e+04   7.42e-23
  3.6042e+04   7.16e-23
  3.6878e+04   6.90e-23
  3.7734e+04   6.65e-23
  3.8609e+04   6.41e-23
  3.9505e+04   6.18e-23
  4.0422e+04   5.95e-23
  4.1360e+04   5.73e-23
  4.2319e+04   5.52e-23
  4.3301e+04   5.32e-23
  4.4306e+04   5.12e-23
  4.5334e+04   4.93e-23
  4.6386e+04   4.75e-23
  4.7462e+04   4.57e-23
  4.8563e+04   4.40e-23
  4.9690e+04   4.24e-23
  5.0843e+04   4.08e-23
  5.2022e+04   3.93e-23
  5.3229e+04   3.78e-23
  5.4464e+04   3.64e-23
  5.5728e+04   3.50e-23
  5.7021e+04   3.37e-23
  5.8344e+04   3.24e-23
  5.9697e+04   3.12e-23
  6.1083e+04   2.99e-23
  6.2500e+04   2.88e-23
  6.3950e+04   2.77e-23
  6.5434e+04   2.66e-23
  6.6952e+04   2.55e-23
  6.8505e+04   2.45e-23
  7.0095e+04   2.35e-23
  7.1721e+04   2.26e-23
  7.3385e+04   2.17e-23
  7.5088e+04   2.08e-23
  7.6830e+04   1.99e-23
  7.8612e+04   1.91e-23
  8.0436e+04   1.83e-23
  8.2302e+04   1.76e-23
  8.4212e+04   1.68e-23
  8.6166e+04   1.61e-23
  8.8165e+04   1.54e-23
  9.0210e+04   1.47e-23
  9.2304e+04   1.41e-23
  9.4445e+04   1.35e-23
  9.6636e+04   1.29e-23
  9.8878e+04   1.23e-23
  1.0117e+05   1.18e-23
  1.0352e+05   1.13e-23
  1.0592e+05   1.07e-23
  1.0838e+05   1.02e-23
  1.1089e+05   9.78e-24
  1.1347e+05   9.33e-24
  1.1610e+05   8.90e-24
  1.1879e+05   8.48e-24
  1.2155e+05   8.07e-24
  1.2437e+05   7.69e-24
  1.2725e+05   7.33e-24
  1.3021e+05   6.97e-24
  1.3323e+05   6.63e-24
  1.3632e+05   6.30e-24
  1.3948e+05   5.99e-24
  1.4272e+05   5.69e-24
  1.4603e+05   5.40e-24
  1.4942e+05   5.13e-24
  1.5288e+05   4.86e-24
  1.5643e+05   4.61e-24
  1.6006e+05   4.37e-24
  1.6377e+05   4.14e-24
  1.6757e+05   3.91e-24
  1.7146e+05   3.70e-24
  1.7544e+05   3.50e-24
  1.7951e+05   3.31e-24
  1.8368e+05   3.13e-24
  1.8794e+05   2.95e-24
  1.9230e+05   2.78e-24
  1.9676e+05   2.63e-24
  2.0132e+05   2.48e-24
  2.0600e+05   2.33e-24
  2.1078e+05   2.19e-24
  2.1567e+05   2.06e-24
  2.2067e+05   1.94e-24
  2.2579e+05   1.82e-24
  2.3103e+05   1.71e-24
  2.3639e+05   1.60e-24
  2.4187e+05   1.50e-24
  2.4748e+05   1.41e-24
  2.5323e+05   1.32e-24
  2.5910e+05   1.23e-24
  2.6511e+05   1.15e-24
  2.7126e+05   1.07e-24
  2.7756e+05   1.00e-24
  2.8400e+05   9.37e-25
  2.9059e+05   8.73e-25
  2.9733e+05   8.11e-25
  3.0423e+05   7.53e-25
  3.1129e+05   7.01e-25
  3.1851e+05   6.52e-25
  3.2590e+05   6.05e-25
  3.3346e+05   5.60e-25
  3.4120e+05   5.17e-25
  3.4911e+05   4.80e-25
  3.5721e+05   4.44e-25
  3.6550e+05   4.11e-25
  3.7398e+05   3.78e-25
  3.8266e+05   3.48e-25
  3.9154e+05   3.22e-25
  4.0062e+05   2.97e-25
  4.0991e+05   2.73e-25
  4.1943e+05   2.50e-25
  4.2916e+05   2.29e-25
  4.3911e+05   2.11e-25
  4.4930e+05   1.94e-25
  4.5973e+05   1.77e-25
  4.7039e+05   1.62e-25
  4.8131e+05   1.47e-25
  4.9247e+05   1.35e-25
  5.0390e+05   1.24e-25
  5.1559e+05   1.13e-25
  5.2755e+05   1.03e-25
  5.3979e+05   9.27e-26
  5.5232e+05   8.47e-26
  5.6513e+05   7.72e-26
  5.7824e+05   7.01e-26
  5.9166e+05   6.34e-26
  6.0539e+05   5.70e-26
  6.1943e+05   5.18e-26
  6.3381e+05   4.71e-26
  6.4851e+05   4.26e-26
  6.6356e+05   3.83e-26
  6.7895e+05   3.42e-26
  6.9471e+05   3.11e-26
  7.1082e+05   2.81e-26
  7.2732e+05   2.53e-26
  7.4419e+05   2.27e-26
  7.6146e+05   2.02e-26
  7.7912e+05   1.83e-26
  7.9720e+05   1.65e-26
  8.1570e+05   1.48e-26
  8.3462e+05   1.32e-26
  8.5399e+05   1.17e-26
  8.7380e+05   1.05e-26
  8.9407e+05   9.50e-27
  9.1482e+05   8.51e-27
  9.3604e+05   7.57e-27
  9.5776e+05   6.68e-27
  9.7998e+05   6.01e-27
  1.0027e+06   5.40e-27
  1.0260e+06   4.82e-27
  1.0498e+06   4.28e-27
  1.0741e+06   3.77e-27
  1.0991e+06   3.38e-27
  1.1246e+06   3.03e-27
  1.1507e+06   2.70e-27
  1.1774e+06   2.39e-27
  1.2047e+06   2.10e-27
  1.2326e+06   1.88e-27
  1.2612e+06   1.69e-27
  1.2905e+06   1.50e-27
  1.3204e+06   1.33e-27
  1.3511e+06   1.17e-27
  1.3824e+06   1.05e-27
  1.4145e+06   9.46e-28
  1.4473e+06   8.47e-28
  1.4809e+06   7.53e-28
  1.5152e+06   6.64e-28
  1.5504e+06   5.99e-28
  1.5864e+06   5.42e-28
  1.6232e+06   4.88e-28
  1.6608e+06   4.36e-28
  1.6994e+06   3.88e-28
  1.7388e+06   3.52e-28
  1.7791e+06   3.22e-28
  1.8204e+06   2.94e-28
  1.8626e+06   2.67e-28
  1.9059e+06   2.41e-28
  1.9501e+06   2.21e-28
  1.9953e+06   2.04e-28
  2.0416e+06   1.88e-28
  2.0890e+06   1.73e-28
  2.1375e+06   1.58e-28
  2.1870e+06   1.46e-28
  2.2378e+06   1.36e-28
  2.2897e+06   1.26e-28
  2.3428e+06   1.16e-28
  2.3972e+06   1.07e-28
  2.4528e+06   9.91e-29
  2.5097e+06   9.14e-29
  2.5680e+06   8.42e-29
  2.6275e+06   7.72e-29
  2.6885e+06   7.06e-29
  2.7509e+06   6.56e-29
  2.8147e+06   6.15e-29
  2.8800e+06   5.76e-29
