#  E [MeV]   Flux [# cm^{-2} s^{-1}  MeV^{-1}]
  3.0000e+04   9.32e-22
  3.1123e+04   8.97e-22
  3.2288e+04   8.63e-22
  3.3497e+04   8.31e-22
  3.4751e+04   7.99e-22
  3.6051e+04   7.68e-22
  3.7401e+04   7.38e-22
  3.8801e+04   7.10e-22
  4.0253e+04   6.82e-22
  4.1760e+04   6.56e-22
  4.3324e+04   6.30e-22
  4.4945e+04   6.05e-22
  4.6628e+04   5.81e-22
  4.8373e+04   5.58e-22
  5.0184e+04   5.35e-22
  5.2063e+04   5.14e-22
  5.4011e+04   4.93e-22
  5.6033e+04   4.73e-22
  5.8131e+04   4.54e-22
  6.0307e+04   4.35e-22
  6.2564e+04   4.17e-22
  6.4906e+04   4.00e-22
  6.7336e+04   3.83e-22
  6.9857e+04   3.67e-22
  7.2472e+04   3.52e-22
  7.5184e+04   3.37e-22
  7.7999e+04   3.22e-22
  8.0919e+04   3.09e-22
  8.3948e+04   2.96e-22
  8.7090e+04   2.83e-22
  9.0350e+04   2.71e-22
  9.3732e+04   2.59e-22
  9.7241e+04   2.47e-22
  1.0088e+05   2.37e-22
  1.0466e+05   2.26e-22
  1.0858e+05   2.16e-22
  1.1264e+05   2.07e-22
  1.1686e+05   1.97e-22
  1.2123e+05   1.88e-22
  1.2577e+05   1.80e-22
  1.3048e+05   1.72e-22
  1.3536e+05   1.64e-22
  1.4043e+05   1.56e-22
  1.4568e+05   1.49e-22
  1.5114e+05   1.42e-22
  1.5680e+05   1.36e-22
  1.6266e+05   1.29e-22
  1.6875e+05   1.23e-22
  1.7507e+05   1.18e-22
  1.8162e+05   1.12e-22
  1.8842e+05   1.07e-22
  1.9548e+05   1.02e-22
  2.0279e+05   9.67e-23
  2.1039e+05   9.20e-23
  2.1826e+05   8.75e-23
  2.2643e+05   8.33e-23
  2.3491e+05   7.92e-23
  2.4370e+05   7.53e-23
  2.5282e+05   7.16e-23
  2.6229e+05   6.80e-23
  2.7211e+05   6.46e-23
  2.8229e+05   6.14e-23
  2.9286e+05   5.82e-23
  3.0382e+05   5.53e-23
  3.1519e+05   5.25e-23
  3.2699e+05   4.98e-23
  3.3923e+05   4.72e-23
  3.5193e+05   4.48e-23
  3.6511e+05   4.25e-23
  3.7877e+05   4.03e-23
  3.9295e+05   3.82e-23
  4.0766e+05   3.62e-23
  4.2292e+05   3.42e-23
  4.3875e+05   3.24e-23
  4.5518e+05   3.07e-23
  4.7222e+05   2.91e-23
  4.8989e+05   2.75e-23
  5.0823e+05   2.60e-23
  5.2726e+05   2.46e-23
  5.4699e+05   2.33e-23
  5.6747e+05   2.21e-23
  5.8871e+05   2.09e-23
  6.1075e+05   1.98e-23
  6.3361e+05   1.88e-23
  6.5733e+05   1.78e-23
  6.8194e+05   1.68e-23
  7.0746e+05   1.60e-23
  7.3395e+05   1.51e-23
  7.6142e+05   1.44e-23
  7.8992e+05   1.36e-23
  8.1949e+05   1.29e-23
  8.5017e+05   1.23e-23
  8.8199e+05   1.17e-23
  9.1501e+05   1.11e-23
  9.4926e+05   1.06e-23
  9.8479e+05   1.01e-23
  1.0217e+06   9.57e-24
  1.0599e+06   9.12e-24
  1.0996e+06   8.71e-24
  1.1407e+06   8.31e-24
  1.1834e+06   7.94e-24
  1.2277e+06   7.59e-24
  1.2737e+06   7.26e-24
  1.3214e+06   6.95e-24
  1.3708e+06   6.65e-24
  1.4222e+06   6.38e-24
  1.4754e+06   6.12e-24
  1.5306e+06   5.87e-24
  1.5879e+06   5.64e-24
  1.6474e+06   5.42e-24
  1.7090e+06   5.21e-24
  1.7730e+06   5.01e-24
  1.8394e+06   4.82e-24
  1.9082e+06   4.64e-24
  1.9797e+06   4.47e-24
  2.0538e+06   4.30e-24
  2.1306e+06   4.15e-24
  2.2104e+06   3.99e-24
  2.2931e+06   3.85e-24
  2.3790e+06   3.70e-24
  2.4680e+06   3.57e-24
  2.5604e+06   3.43e-24
  2.6563e+06   3.31e-24
  2.7557e+06   3.18e-24
  2.8589e+06   3.06e-24
  2.9659e+06   2.94e-24
  3.0769e+06   2.82e-24
  3.1921e+06   2.71e-24
  3.3116e+06   2.59e-24
  3.4355e+06   2.48e-24
  3.5641e+06   2.38e-24
  3.6976e+06   2.27e-24
  3.8360e+06   2.17e-24
  3.9796e+06   2.06e-24
  4.1285e+06   1.97e-24
  4.2831e+06   1.87e-24
  4.4434e+06   1.77e-24
  4.6097e+06   1.67e-24
  4.7823e+06   1.58e-24
  4.9613e+06   1.49e-24
  5.1470e+06   1.40e-24
  5.3397e+06   1.31e-24
  5.5396e+06   1.23e-24
  5.7470e+06   1.14e-24
  5.9621e+06   1.06e-24
  6.1853e+06   9.83e-25
  6.4168e+06   9.06e-25
  6.6570e+06   8.33e-25
  6.9062e+06   7.61e-25
  7.1647e+06   6.93e-25
  7.4329e+06   6.29e-25
  7.7112e+06   5.66e-25
  7.9998e+06   5.08e-25
  8.2993e+06   4.53e-25
  8.6100e+06   4.00e-25
  8.9323e+06   3.51e-25
  9.2666e+06   3.06e-25
  9.6135e+06   2.64e-25
  9.9734e+06   2.26e-25
  1.0347e+07   1.92e-25
  1.0734e+07   1.61e-25
  1.1136e+07   1.33e-25
  1.1553e+07   1.09e-25
  1.1985e+07   8.77e-26
  1.2434e+07   6.95e-26
  1.2899e+07   5.42e-26
  1.3382e+07   4.15e-26
  1.3883e+07   3.11e-26
  1.4403e+07   2.27e-26
  1.4942e+07   1.62e-26
  1.5501e+07   1.12e-26
  1.6081e+07   7.54e-27
  1.6683e+07   4.88e-27
  1.7308e+07   3.03e-27
  1.7956e+07   1.79e-27
  1.8628e+07   1.01e-27
  1.9325e+07   5.35e-28
  2.0049e+07   2.66e-28
  2.0799e+07   1.22e-28
  2.1578e+07   5.16e-29
  2.2386e+07   1.97e-29
  2.3224e+07   6.72e-30
  2.4093e+07   2.01e-30
  2.4995e+07   5.17e-31
  2.5930e+07   1.11e-31
  2.6901e+07   1.93e-32
  2.7908e+07   2.64e-33
  2.8953e+07   2.68e-34
  3.0037e+07   1.93e-35
  3.1161e+07   9.29e-37
  3.2327e+07   2.72e-38
  3.3537e+07   4.37e-40
  3.4793e+07   3.50e-42
  3.6095e+07   1.16e-44
  3.7446e+07   1.30e-47
  3.8848e+07   3.99e-51
  4.0302e+07   2.34e-55
  4.1811e+07   1.73e-60
  4.3376e+07   3.69e-66
  4.5000e+07   3.39e-66
