#  E [MeV]   Flux [# cm^{-2} s^{-1}  MeV^{-1}]
  3.0000e+04   3.66e-23
  3.0782e+04   3.55e-23
  3.1585e+04   3.43e-23
  3.2409e+04   3.32e-23
  3.3255e+04   3.21e-23
  3.4122e+04   3.10e-23
  3.5012e+04   3.00e-23
  3.5925e+04   2.90e-23
  3.6862e+04   2.80e-23
  3.7824e+04   2.70e-23
  3.8810e+04   2.61e-23
  3.9822e+04   2.52e-23
  4.0861e+04   2.44e-23
  4.1927e+04   2.35e-23
  4.3021e+04   2.27e-23
  4.4143e+04   2.19e-23
  4.5294e+04   2.11e-23
  4.6475e+04   2.04e-23
  4.7688e+04   1.96e-23
  4.8931e+04   1.89e-23
  5.0208e+04   1.83e-23
  5.1517e+04   1.76e-23
  5.2861e+04   1.70e-23
  5.4240e+04   1.63e-23
  5.5654e+04   1.57e-23
  5.7106e+04   1.51e-23
  5.8596e+04   1.46e-23
  6.0124e+04   1.40e-23
  6.1692e+04   1.35e-23
  6.3301e+04   1.30e-23
  6.4952e+04   1.25e-23
  6.6647e+04   1.20e-23
  6.8385e+04   1.16e-23
  7.0169e+04   1.11e-23
  7.1999e+04   1.07e-23
  7.3877e+04   1.03e-23
  7.5804e+04   9.85e-24
  7.7781e+04   9.46e-24
  7.9810e+04   9.09e-24
  8.1891e+04   8.73e-24
  8.4027e+04   8.37e-24
  8.6219e+04   8.04e-24
  8.8468e+04   7.71e-24
  9.0775e+04   7.40e-24
  9.3143e+04   7.09e-24
  9.5572e+04   6.80e-24
  9.8065e+04   6.52e-24
  1.0062e+05   6.25e-24
  1.0325e+05   5.99e-24
  1.0594e+05   5.73e-24
  1.0870e+05   5.49e-24
  1.1154e+05   5.26e-24
  1.1445e+05   5.03e-24
  1.1743e+05   4.82e-24
  1.2050e+05   4.61e-24
  1.2364e+05   4.41e-24
  1.2686e+05   4.21e-24
  1.3017e+05   4.03e-24
  1.3357e+05   3.85e-24
  1.3705e+05   3.67e-24
  1.4063e+05   3.51e-24
  1.4429e+05   3.35e-24
  1.4806e+05   3.20e-24
  1.5192e+05   3.05e-24
  1.5588e+05   2.91e-24
  1.5995e+05   2.78e-24
  1.6412e+05   2.65e-24
  1.6840e+05   2.52e-24
  1.7279e+05   2.40e-24
  1.7730e+05   2.29e-24
  1.8193e+05   2.18e-24
  1.8667e+05   2.08e-24
  1.9154e+05   1.97e-24
  1.9654e+05   1.88e-24
  2.0166e+05   1.79e-24
  2.0692e+05   1.70e-24
  2.1232e+05   1.61e-24
  2.1786e+05   1.53e-24
  2.2354e+05   1.46e-24
  2.2937e+05   1.38e-24
  2.3535e+05   1.31e-24
  2.4149e+05   1.25e-24
  2.4779e+05   1.18e-24
  2.5425e+05   1.12e-24
  2.6088e+05   1.06e-24
  2.6769e+05   1.01e-24
  2.7467e+05   9.52e-25
  2.8184e+05   9.01e-25
  2.8919e+05   8.53e-25
  2.9673e+05   8.07e-25
  3.0447e+05   7.62e-25
  3.1241e+05   7.20e-25
  3.2056e+05   6.81e-25
  3.2892e+05   6.43e-25
  3.3750e+05   6.07e-25
  3.4630e+05   5.72e-25
  3.5533e+05   5.40e-25
  3.6460e+05   5.09e-25
  3.7411e+05   4.80e-25
  3.8387e+05   4.51e-25
  3.9388e+05   4.25e-25
  4.0416e+05   4.00e-25
  4.1470e+05   3.76e-25
  4.2551e+05   3.54e-25
  4.3661e+05   3.32e-25
  4.4800e+05   3.12e-25
  4.5969e+05   2.93e-25
  4.7168e+05   2.75e-25
  4.8398e+05   2.58e-25
  4.9660e+05   2.42e-25
  5.0956e+05   2.27e-25
  5.2285e+05   2.12e-25
  5.3648e+05   1.98e-25
  5.5048e+05   1.85e-25
  5.6483e+05   1.74e-25
  5.7957e+05   1.62e-25
  5.9468e+05   1.51e-25
  6.1020e+05   1.41e-25
  6.2611e+05   1.32e-25
  6.4244e+05   1.23e-25
  6.5920e+05   1.15e-25
  6.7639e+05   1.07e-25
  6.9403e+05   9.94e-26
  7.1214e+05   9.27e-26
  7.3071e+05   8.63e-26
  7.4977e+05   8.02e-26
  7.6933e+05   7.44e-26
  7.8939e+05   6.92e-26
  8.0998e+05   6.44e-26
  8.3111e+05   5.97e-26
  8.5279e+05   5.53e-26
  8.7503e+05   5.13e-26
  8.9785e+05   4.76e-26
  9.2127e+05   4.42e-26
  9.4530e+05   4.09e-26
  9.6996e+05   3.77e-26
  9.9526e+05   3.49e-26
  1.0212e+06   3.24e-26
  1.0479e+06   2.99e-26
  1.0752e+06   2.76e-26
  1.1032e+06   2.54e-26
  1.1320e+06   2.35e-26
  1.1615e+06   2.18e-26
  1.1918e+06   2.00e-26
  1.2229e+06   1.84e-26
  1.2548e+06   1.70e-26
  1.2875e+06   1.57e-26
  1.3211e+06   1.45e-26
  1.3556e+06   1.33e-26
  1.3909e+06   1.23e-26
  1.4272e+06   1.14e-26
  1.4644e+06   1.05e-26
  1.5026e+06   9.64e-27
  1.5418e+06   8.84e-27
  1.5820e+06   8.18e-27
  1.6233e+06   7.56e-27
  1.6657e+06   6.97e-27
  1.7091e+06   6.40e-27
  1.7537e+06   5.90e-27
  1.7994e+06   5.47e-27
  1.8464e+06   5.06e-27
  1.8945e+06   4.67e-27
  1.9439e+06   4.29e-27
  1.9946e+06   4.00e-27
  2.0467e+06   3.72e-27
  2.1000e+06   3.46e-27
  2.1548e+06   3.20e-27
  2.2110e+06   2.99e-27
  2.2687e+06   2.80e-27
  2.3279e+06   2.63e-27
  2.3886e+06   2.46e-27
  2.4509e+06   2.30e-27
  2.5148e+06   2.18e-27
  2.5804e+06   2.07e-27
  2.6477e+06   1.96e-27
  2.7168e+06   1.86e-27
  2.7876e+06   1.77e-27
  2.8603e+06   1.70e-27
  2.9349e+06   1.63e-27
  3.0115e+06   1.57e-27
  3.0900e+06   1.51e-27
  3.1706e+06   1.48e-27
  3.2533e+06   1.45e-27
  3.3382e+06   1.42e-27
  3.4253e+06   1.39e-27
  3.5146e+06   1.39e-27
  3.6063e+06   1.40e-27
  3.7003e+06   1.40e-27
  3.7969e+06   1.41e-27
  3.8959e+06   1.42e-27
  3.9975e+06   1.50e-27
  4.1018e+06   1.57e-27
  4.2088e+06   1.64e-27
  4.3185e+06   1.70e-27
  4.4312e+06   1.86e-27
  4.5467e+06   2.05e-27
  4.6653e+06   2.23e-27
  4.7870e+06   2.40e-27
  4.9119e+06   2.43e-27
  5.0400e+06   2.00e-27
