#  E [MeV]   Flux [# cm^{-2} s^{-1}  MeV^{-1}]
  3.0000e+04   3.48e-20
  3.1123e+04   3.33e-20
  3.2288e+04   3.18e-20
  3.3497e+04   3.04e-20
  3.4751e+04   2.91e-20
  3.6051e+04   2.78e-20
  3.7401e+04   2.66e-20
  3.8801e+04   2.54e-20
  4.0253e+04   2.43e-20
  4.1760e+04   2.32e-20
  4.3324e+04   2.21e-20
  4.4945e+04   2.11e-20
  4.6628e+04   2.02e-20
  4.8373e+04   1.92e-20
  5.0184e+04   1.84e-20
  5.2063e+04   1.75e-20
  5.4011e+04   1.67e-20
  5.6033e+04   1.60e-20
  5.8131e+04   1.52e-20
  6.0307e+04   1.45e-20
  6.2564e+04   1.38e-20
  6.4906e+04   1.32e-20
  6.7336e+04   1.26e-20
  6.9857e+04   1.20e-20
  7.2472e+04   1.14e-20
  7.5184e+04   1.09e-20
  7.7999e+04   1.03e-20
  8.0919e+04   9.84e-21
  8.3948e+04   9.36e-21
  8.7090e+04   8.91e-21
  9.0350e+04   8.48e-21
  9.3732e+04   8.06e-21
  9.7241e+04   7.67e-21
  1.0088e+05   7.29e-21
  1.0466e+05   6.93e-21
  1.0858e+05   6.58e-21
  1.1264e+05   6.25e-21
  1.1686e+05   5.94e-21
  1.2123e+05   5.64e-21
  1.2577e+05   5.35e-21
  1.3048e+05   5.08e-21
  1.3536e+05   4.81e-21
  1.4043e+05   4.56e-21
  1.4568e+05   4.33e-21
  1.5114e+05   4.10e-21
  1.5680e+05   3.88e-21
  1.6266e+05   3.67e-21
  1.6875e+05   3.48e-21
  1.7507e+05   3.29e-21
  1.8162e+05   3.11e-21
  1.8842e+05   2.94e-21
  1.9548e+05   2.77e-21
  2.0279e+05   2.62e-21
  2.1039e+05   2.47e-21
  2.1826e+05   2.33e-21
  2.2643e+05   2.20e-21
  2.3491e+05   2.07e-21
  2.4370e+05   1.95e-21
  2.5282e+05   1.83e-21
  2.6229e+05   1.72e-21
  2.7211e+05   1.62e-21
  2.8229e+05   1.52e-21
  2.9286e+05   1.42e-21
  3.0382e+05   1.33e-21
  3.1519e+05   1.25e-21
  3.2699e+05   1.17e-21
  3.3923e+05   1.09e-21
  3.5193e+05   1.02e-21
  3.6511e+05   9.48e-22
  3.7877e+05   8.84e-22
  3.9295e+05   8.23e-22
  4.0766e+05   7.66e-22
  4.2292e+05   7.11e-22
  4.3875e+05   6.61e-22
  4.5518e+05   6.13e-22
  4.7222e+05   5.68e-22
  4.8989e+05   5.26e-22
  5.0823e+05   4.87e-22
  5.2726e+05   4.50e-22
  5.4699e+05   4.16e-22
  5.6747e+05   3.84e-22
  5.8871e+05   3.54e-22
  6.1075e+05   3.27e-22
  6.3361e+05   3.01e-22
  6.5733e+05   2.77e-22
  6.8194e+05   2.55e-22
  7.0746e+05   2.34e-22
  7.3395e+05   2.15e-22
  7.6142e+05   1.98e-22
  7.8992e+05   1.82e-22
  8.1949e+05   1.67e-22
  8.5017e+05   1.53e-22
  8.8199e+05   1.40e-22
  9.1501e+05   1.28e-22
  9.4926e+05   1.18e-22
  9.8479e+05   1.08e-22
  1.0217e+06   9.86e-23
  1.0599e+06   9.02e-23
  1.0996e+06   8.26e-23
  1.1407e+06   7.55e-23
  1.1834e+06   6.89e-23
  1.2277e+06   6.30e-23
  1.2737e+06   5.76e-23
  1.3214e+06   5.25e-23
  1.3708e+06   4.80e-23
  1.4222e+06   4.38e-23
  1.4754e+06   3.99e-23
  1.5306e+06   3.64e-23
  1.5879e+06   3.32e-23
  1.6474e+06   3.03e-23
  1.7090e+06   2.76e-23
  1.7730e+06   2.51e-23
  1.8394e+06   2.28e-23
  1.9082e+06   2.08e-23
  1.9797e+06   1.89e-23
  2.0538e+06   1.72e-23
  2.1306e+06   1.56e-23
  2.2104e+06   1.41e-23
  2.2931e+06   1.28e-23
  2.3790e+06   1.15e-23
  2.4680e+06   1.05e-23
  2.5604e+06   9.44e-24
  2.6563e+06   8.49e-24
  2.7557e+06   7.67e-24
  2.8589e+06   6.90e-24
  2.9659e+06   6.18e-24
  3.0769e+06   5.56e-24
  3.1921e+06   4.98e-24
  3.3116e+06   4.45e-24
  3.4355e+06   3.98e-24
  3.5641e+06   3.55e-24
  3.6976e+06   3.15e-24
  3.8360e+06   2.80e-24
  3.9796e+06   2.49e-24
  4.1285e+06   2.20e-24
  4.2831e+06   1.94e-24
  4.4434e+06   1.71e-24
  4.6097e+06   1.50e-24
  4.7823e+06   1.31e-24
  4.9613e+06   1.15e-24
  5.1470e+06   1.00e-24
  5.3397e+06   8.65e-25
  5.5396e+06   7.53e-25
  5.7470e+06   6.50e-25
  5.9621e+06   5.56e-25
  6.1853e+06   4.80e-25
  6.4168e+06   4.10e-25
  6.6570e+06   3.47e-25
  6.9062e+06   2.96e-25
  7.1647e+06   2.51e-25
  7.4329e+06   2.10e-25
  7.7112e+06   1.76e-25
  7.9998e+06   1.47e-25
  8.2993e+06   1.21e-25
  8.6100e+06   1.00e-25
  8.9323e+06   8.23e-26
  9.2666e+06   6.66e-26
  9.6135e+06   5.37e-26
  9.9734e+06   4.33e-26
  1.0347e+07   3.44e-26
  1.0734e+07   2.70e-26
  1.1136e+07   2.13e-26
  1.1553e+07   1.65e-26
  1.1985e+07   1.25e-26
  1.2434e+07   9.56e-27
  1.2899e+07   7.14e-27
  1.3382e+07   5.21e-27
  1.3883e+07   3.82e-27
  1.4403e+07   2.72e-27
  1.4942e+07   1.88e-27
  1.5501e+07   1.30e-27
  1.6081e+07   8.70e-28
  1.6683e+07   5.60e-28
  1.7308e+07   3.55e-28
  1.7956e+07   2.17e-28
  1.8628e+07   1.26e-28
  1.9325e+07   7.05e-29
  2.0049e+07   3.76e-29
  2.0799e+07   1.87e-29
  2.1578e+07   8.71e-30
  2.2386e+07   3.75e-30
  2.3224e+07   1.46e-30
  2.4093e+07   5.10e-31
  2.4995e+07   1.57e-31
  2.5930e+07   4.12e-32
  2.6901e+07   9.03e-33
  2.7908e+07   1.61e-33
  2.8953e+07   2.22e-34
  3.0037e+07   2.26e-35
  3.1161e+07   1.61e-36
  3.2327e+07   7.36e-38
  3.3537e+07   1.98e-39
  3.4793e+07   2.80e-41
  3.6095e+07   1.79e-43
  3.7446e+07   4.30e-46
  3.8848e+07   3.09e-49
  4.0302e+07   4.92e-53
  4.1811e+07   1.17e-57
  4.3376e+07   2.60e-63
  4.5000e+07   3.91e-67
