#  E [MeV]   Flux [# cm^{-2} s^{-1}  MeV^{-1}]
  3.0000e+04   6.02e-25
  3.1141e+04   5.75e-25
  3.2326e+04   5.49e-25
  3.3556e+04   5.25e-25
  3.4832e+04   5.01e-25
  3.6157e+04   4.78e-25
  3.7533e+04   4.57e-25
  3.8961e+04   4.36e-25
  4.0443e+04   4.16e-25
  4.1982e+04   3.97e-25
  4.3579e+04   3.79e-25
  4.5237e+04   3.61e-25
  4.6958e+04   3.44e-25
  4.8744e+04   3.28e-25
  5.0598e+04   3.13e-25
  5.2523e+04   2.98e-25
  5.4521e+04   2.84e-25
  5.6596e+04   2.71e-25
  5.8749e+04   2.58e-25
  6.0984e+04   2.46e-25
  6.3304e+04   2.34e-25
  6.5712e+04   2.23e-25
  6.8212e+04   2.12e-25
  7.0807e+04   2.02e-25
  7.3500e+04   1.93e-25
  7.6297e+04   1.83e-25
  7.9199e+04   1.74e-25
  8.2212e+04   1.66e-25
  8.5340e+04   1.58e-25
  8.8586e+04   1.50e-25
  9.1956e+04   1.43e-25
  9.5455e+04   1.36e-25
  9.9086e+04   1.29e-25
  1.0286e+05   1.22e-25
  1.0677e+05   1.16e-25
  1.1083e+05   1.10e-25
  1.1505e+05   1.05e-25
  1.1942e+05   9.96e-26
  1.2397e+05   9.46e-26
  1.2868e+05   8.98e-26
  1.3358e+05   8.52e-26
  1.3866e+05   8.08e-26
  1.4394e+05   7.67e-26
  1.4941e+05   7.27e-26
  1.5509e+05   6.89e-26
  1.6100e+05   6.53e-26
  1.6712e+05   6.19e-26
  1.7348e+05   5.86e-26
  1.8008e+05   5.55e-26
  1.8693e+05   5.25e-26
  1.9404e+05   4.97e-26
  2.0142e+05   4.70e-26
  2.0908e+05   4.45e-26
  2.1704e+05   4.20e-26
  2.2529e+05   3.97e-26
  2.3387e+05   3.75e-26
  2.4276e+05   3.54e-26
  2.5200e+05   3.34e-26
  2.6158e+05   3.15e-26
  2.7154e+05   2.97e-26
  2.8187e+05   2.80e-26
  2.9259e+05   2.64e-26
  3.0372e+05   2.48e-26
  3.1527e+05   2.33e-26
  3.2727e+05   2.19e-26
  3.3972e+05   2.06e-26
  3.5264e+05   1.93e-26
  3.6606e+05   1.81e-26
  3.7998e+05   1.70e-26
  3.9444e+05   1.59e-26
  4.0945e+05   1.49e-26
  4.2502e+05   1.39e-26
  4.4119e+05   1.30e-26
  4.5798e+05   1.21e-26
  4.7540e+05   1.13e-26
  4.9348e+05   1.06e-26
  5.1226e+05   9.84e-27
  5.3175e+05   9.15e-27
  5.5198e+05   8.51e-27
  5.7297e+05   7.91e-27
  5.9477e+05   7.34e-27
  6.1740e+05   6.80e-27
  6.4089e+05   6.30e-27
  6.6527e+05   5.83e-27
  6.9058e+05   5.40e-27
  7.1685e+05   4.99e-27
  7.4412e+05   4.61e-27
  7.7243e+05   4.26e-27
  8.0181e+05   3.94e-27
  8.3232e+05   3.64e-27
  8.6398e+05   3.36e-27
  8.9685e+05   3.10e-27
  9.3097e+05   2.87e-27
  9.6638e+05   2.64e-27
  1.0031e+06   2.44e-27
  1.0413e+06   2.25e-27
  1.0809e+06   2.08e-27
  1.1220e+06   1.92e-27
  1.1647e+06   1.77e-27
  1.2090e+06   1.63e-27
  1.2550e+06   1.50e-27
  1.3028e+06   1.38e-27
  1.3523e+06   1.27e-27
  1.4038e+06   1.17e-27
  1.4572e+06   1.08e-27
  1.5126e+06   9.91e-28
  1.5702e+06   9.12e-28
  1.6299e+06   8.38e-28
  1.6919e+06   7.70e-28
  1.7563e+06   7.07e-28
  1.8231e+06   6.49e-28
  1.8925e+06   5.95e-28
  1.9645e+06   5.46e-28
  2.0392e+06   5.00e-28
  2.1168e+06   4.58e-28
  2.1973e+06   4.19e-28
  2.2809e+06   3.83e-28
  2.3677e+06   3.50e-28
  2.4577e+06   3.19e-28
  2.5512e+06   2.91e-28
  2.6483e+06   2.64e-28
  2.7490e+06   2.40e-28
  2.8536e+06   2.18e-28
  2.9622e+06   1.98e-28
  3.0749e+06   1.79e-28
  3.1918e+06   1.62e-28
  3.3133e+06   1.46e-28
  3.4393e+06   1.31e-28
  3.5702e+06   1.18e-28
  3.7060e+06   1.06e-28
  3.8470e+06   9.49e-29
  3.9933e+06   8.50e-29
  4.1452e+06   7.58e-29
  4.3029e+06   6.73e-29
  4.4666e+06   5.99e-29
  4.6366e+06   5.31e-29
  4.8129e+06   4.68e-29
  4.9960e+06   4.13e-29
  5.1861e+06   3.63e-29
  5.3834e+06   3.16e-29
  5.5882e+06   2.77e-29
  5.8008e+06   2.41e-29
  6.0215e+06   2.08e-29
  6.2506e+06   1.80e-29
  6.4883e+06   1.55e-29
  6.7352e+06   1.32e-29
  6.9914e+06   1.13e-29
  7.2574e+06   9.66e-30
  7.5335e+06   8.13e-30
  7.8201e+06   6.87e-30
  8.1176e+06   5.77e-30
  8.4264e+06   4.78e-30
  8.7470e+06   3.97e-30
  9.0797e+06   3.28e-30
  9.4251e+06   2.67e-30
  9.7837e+06   2.17e-30
  1.0156e+07   1.76e-30
  1.0542e+07   1.40e-30
  1.0943e+07   1.11e-30
  1.1360e+07   8.75e-31
  1.1792e+07   6.77e-31
  1.2240e+07   5.20e-31
  1.2706e+07   3.98e-31
  1.3189e+07   2.97e-31
  1.3691e+07   2.19e-31
  1.4212e+07   1.60e-31
  1.4753e+07   1.14e-31
  1.5314e+07   7.97e-32
  1.5897e+07   5.53e-32
  1.6501e+07   3.70e-32
  1.7129e+07   2.39e-32
  1.7781e+07   1.53e-32
  1.8457e+07   9.39e-33
  1.9159e+07   5.46e-33
  1.9888e+07   3.13e-33
  2.0645e+07   1.68e-33
  2.1430e+07   8.40e-34
  2.2245e+07   4.06e-34
  2.3092e+07   1.79e-34
  2.3970e+07   7.12e-35
  2.4882e+07   2.63e-35
  2.5829e+07   8.51e-36
  2.6811e+07   2.35e-36
  2.7831e+07   5.57e-37
  2.8890e+07   1.07e-37
  2.9989e+07   1.59e-38
  3.1130e+07   1.79e-39
  3.2314e+07   1.40e-40
  3.3544e+07   6.97e-42
  3.4820e+07   2.05e-43
  3.6144e+07   3.09e-45
  3.7519e+07   2.03e-47
  3.8947e+07   4.75e-50
  4.0428e+07   3.04e-53
  4.1966e+07   3.74e-57
  4.3563e+07   5.61e-62
  4.5220e+07   5.63e-68
  4.6941e+07   3.11e-72
  4.8726e+07   2.74e-72
  5.0580e+07   2.43e-72
