#  E [MeV]   Flux [# cm^{-2} s^{-1}  MeV^{-1}]
  3.0000e+04   2.89e-24
  3.0872e+04   2.80e-24
  3.1770e+04   2.70e-24
  3.2694e+04   2.61e-24
  3.3644e+04   2.53e-24
  3.4623e+04   2.44e-24
  3.5629e+04   2.36e-24
  3.6665e+04   2.28e-24
  3.7731e+04   2.20e-24
  3.8829e+04   2.12e-24
  3.9958e+04   2.05e-24
  4.1119e+04   1.97e-24
  4.2315e+04   1.91e-24
  4.3545e+04   1.84e-24
  4.4812e+04   1.77e-24
  4.6115e+04   1.71e-24
  4.7456e+04   1.65e-24
  4.8835e+04   1.59e-24
  5.0255e+04   1.53e-24
  5.1717e+04   1.47e-24
  5.3220e+04   1.42e-24
  5.4768e+04   1.37e-24
  5.6360e+04   1.31e-24
  5.7999e+04   1.26e-24
  5.9686e+04   1.22e-24
  6.1421e+04   1.17e-24
  6.3207e+04   1.13e-24
  6.5045e+04   1.08e-24
  6.6936e+04   1.04e-24
  6.8882e+04   9.99e-25
  7.0885e+04   9.59e-25
  7.2947e+04   9.21e-25
  7.5068e+04   8.85e-25
  7.7250e+04   8.49e-25
  7.9496e+04   8.15e-25
  8.1808e+04   7.82e-25
  8.4187e+04   7.50e-25
  8.6635e+04   7.19e-25
  8.9154e+04   6.89e-25
  9.1746e+04   6.61e-25
  9.4414e+04   6.33e-25
  9.7159e+04   6.06e-25
  9.9984e+04   5.81e-25
  1.0289e+05   5.56e-25
  1.0588e+05   5.32e-25
  1.0896e+05   5.09e-25
  1.1213e+05   4.87e-25
  1.1539e+05   4.65e-25
  1.1875e+05   4.45e-25
  1.2220e+05   4.25e-25
  1.2575e+05   4.06e-25
  1.2941e+05   3.87e-25
  1.3317e+05   3.70e-25
  1.3704e+05   3.53e-25
  1.4103e+05   3.37e-25
  1.4513e+05   3.21e-25
  1.4935e+05   3.06e-25
  1.5369e+05   2.92e-25
  1.5816e+05   2.78e-25
  1.6276e+05   2.65e-25
  1.6749e+05   2.52e-25
  1.7236e+05   2.40e-25
  1.7737e+05   2.28e-25
  1.8253e+05   2.17e-25
  1.8784e+05   2.06e-25
  1.9330e+05   1.96e-25
  1.9892e+05   1.86e-25
  2.0470e+05   1.77e-25
  2.1066e+05   1.68e-25
  2.1678e+05   1.59e-25
  2.2309e+05   1.51e-25
  2.2957e+05   1.43e-25
  2.3625e+05   1.35e-25
  2.4312e+05   1.28e-25
  2.5019e+05   1.21e-25
  2.5746e+05   1.14e-25
  2.6495e+05   1.08e-25
  2.7265e+05   1.02e-25
  2.8058e+05   9.65e-26
  2.8874e+05   9.10e-26
  2.9713e+05   8.58e-26
  3.0577e+05   8.09e-26
  3.1466e+05   7.62e-26
  3.2381e+05   7.17e-26
  3.3323e+05   6.75e-26
  3.4292e+05   6.34e-26
  3.5289e+05   5.97e-26
  3.6315e+05   5.60e-26
  3.7371e+05   5.26e-26
  3.8457e+05   4.93e-26
  3.9576e+05   4.63e-26
  4.0726e+05   4.33e-26
  4.1911e+05   4.06e-26
  4.3129e+05   3.80e-26
  4.4383e+05   3.55e-26
  4.5674e+05   3.32e-26
  4.7002e+05   3.09e-26
  4.8368e+05   2.89e-26
  4.9775e+05   2.69e-26
  5.1222e+05   2.51e-26
  5.2712e+05   2.34e-26
  5.4244e+05   2.18e-26
  5.5821e+05   2.03e-26
  5.7445e+05   1.88e-26
  5.9115e+05   1.75e-26
  6.0834e+05   1.62e-26
  6.2603e+05   1.51e-26
  6.4423e+05   1.40e-26
  6.6296e+05   1.30e-26
  6.8224e+05   1.20e-26
  7.0208e+05   1.11e-26
  7.2249e+05   1.03e-26
  7.4350e+05   9.53e-27
  7.6512e+05   8.81e-27
  7.8736e+05   8.16e-27
  8.1026e+05   7.54e-27
  8.3382e+05   6.96e-27
  8.5806e+05   6.42e-27
  8.8301e+05   5.93e-27
  9.0869e+05   5.47e-27
  9.3511e+05   5.04e-27
  9.6230e+05   4.64e-27
  9.9028e+05   4.28e-27
  1.0191e+06   3.94e-27
  1.0487e+06   3.63e-27
  1.0792e+06   3.33e-27
  1.1106e+06   3.07e-27
  1.1429e+06   2.83e-27
  1.1761e+06   2.60e-27
  1.2103e+06   2.38e-27
  1.2455e+06   2.19e-27
  1.2817e+06   2.02e-27
  1.3190e+06   1.85e-27
  1.3573e+06   1.69e-27
  1.3968e+06   1.56e-27
  1.4374e+06   1.43e-27
  1.4792e+06   1.31e-27
  1.5222e+06   1.20e-27
  1.5665e+06   1.10e-27
  1.6120e+06   1.01e-27
  1.6589e+06   9.24e-28
  1.7071e+06   8.44e-28
  1.7568e+06   7.75e-28
  1.8079e+06   7.09e-28
  1.8604e+06   6.47e-28
  1.9145e+06   5.91e-28
  1.9702e+06   5.42e-28
  2.0275e+06   4.95e-28
  2.0864e+06   4.52e-28
  2.1471e+06   4.11e-28
  2.2095e+06   3.77e-28
  2.2738e+06   3.45e-28
  2.3399e+06   3.14e-28
  2.4079e+06   2.86e-28
  2.4779e+06   2.62e-28
  2.5500e+06   2.39e-28
  2.6241e+06   2.18e-28
  2.7004e+06   1.98e-28
  2.7790e+06   1.82e-28
  2.8598e+06   1.66e-28
  2.9429e+06   1.52e-28
  3.0285e+06   1.38e-28
  3.1165e+06   1.27e-28
  3.2072e+06   1.16e-28
  3.3004e+06   1.06e-28
  3.3964e+06   9.69e-29
  3.4951e+06   8.95e-29
  3.5968e+06   8.25e-29
  3.7013e+06   7.58e-29
  3.8090e+06   6.97e-29
  3.9197e+06   6.48e-29
  4.0337e+06   6.02e-29
  4.1510e+06   5.58e-29
  4.2717e+06   5.17e-29
  4.3959e+06   4.86e-29
  4.5237e+06   4.56e-29
  4.6552e+06   4.27e-29
  4.7906e+06   4.01e-29
  4.9299e+06   3.80e-29
  5.0732e+06   3.61e-29
  5.2208e+06   3.42e-29
  5.3726e+06   3.25e-29
  5.5288e+06   3.15e-29
  5.6895e+06   3.05e-29
  5.8550e+06   2.95e-29
  6.0252e+06   2.85e-29
  6.2004e+06   2.83e-29
  6.3807e+06   2.81e-29
  6.5662e+06   2.77e-29
  6.7572e+06   2.74e-29
  6.9536e+06   2.86e-29
  7.1558e+06   2.96e-29
  7.3639e+06   3.03e-29
  7.5780e+06   3.09e-29
  7.7984e+06   3.54e-29
  8.0251e+06   3.91e-29
  8.2585e+06   4.21e-29
  8.4986e+06   4.43e-29
  8.7457e+06   3.96e-29
  9.0000e+06   3.52e-29
