#  E [GeV]   # per interaction  [GeV^{-1}]
  3.0000e+01   2.96e-02
  3.1232e+01   2.85e-02
  3.2514e+01   2.74e-02
  3.3849e+01   2.63e-02
  3.5238e+01   2.52e-02
  3.6685e+01   2.43e-02
  3.8191e+01   2.33e-02
  3.9759e+01   2.24e-02
  4.1391e+01   2.15e-02
  4.3090e+01   2.06e-02
  4.4859e+01   1.97e-02
  4.6701e+01   1.89e-02
  4.8618e+01   1.82e-02
  5.0614e+01   1.74e-02
  5.2692e+01   1.67e-02
  5.4855e+01   1.60e-02
  5.7107e+01   1.53e-02
  5.9451e+01   1.47e-02
  6.1892e+01   1.40e-02
  6.4433e+01   1.34e-02
  6.7078e+01   1.29e-02
  6.9832e+01   1.23e-02
  7.2699e+01   1.18e-02
  7.5683e+01   1.12e-02
  7.8790e+01   1.07e-02
  8.2025e+01   1.03e-02
  8.5392e+01   9.81e-03
  8.8898e+01   9.36e-03
  9.2547e+01   8.94e-03
  9.6347e+01   8.53e-03
  1.0030e+02   8.13e-03
  1.0442e+02   7.76e-03
  1.0871e+02   7.39e-03
  1.1317e+02   7.05e-03
  1.1782e+02   6.71e-03
  1.2265e+02   6.39e-03
  1.2769e+02   6.08e-03
  1.3293e+02   5.79e-03
  1.3839e+02   5.50e-03
  1.4407e+02   5.23e-03
  1.4998e+02   4.97e-03
  1.5614e+02   4.72e-03
  1.6255e+02   4.47e-03
  1.6922e+02   4.24e-03
  1.7617e+02   4.02e-03
  1.8340e+02   3.81e-03
  1.9093e+02   3.61e-03
  1.9877e+02   3.42e-03
  2.0693e+02   3.23e-03
  2.1543e+02   3.05e-03
  2.2427e+02   2.88e-03
  2.3348e+02   2.72e-03
  2.4306e+02   2.57e-03
  2.5304e+02   2.42e-03
  2.6343e+02   2.28e-03
  2.7424e+02   2.14e-03
  2.8550e+02   2.01e-03
  2.9722e+02   1.89e-03
  3.0942e+02   1.77e-03
  3.2213e+02   1.66e-03
  3.3535e+02   1.56e-03
  3.4912e+02   1.46e-03
  3.6345e+02   1.36e-03
  3.7837e+02   1.27e-03
  3.9390e+02   1.19e-03
  4.1008e+02   1.11e-03
  4.2691e+02   1.03e-03
  4.4444e+02   9.61e-04
  4.6268e+02   8.93e-04
  4.8168e+02   8.30e-04
  5.0145e+02   7.70e-04
  5.2204e+02   7.14e-04
  5.4347e+02   6.62e-04
  5.6578e+02   6.13e-04
  5.8901e+02   5.67e-04
  6.1319e+02   5.24e-04
  6.3836e+02   4.84e-04
  6.6457e+02   4.47e-04
  6.9185e+02   4.13e-04
  7.2025e+02   3.81e-04
  7.4982e+02   3.52e-04
  7.8061e+02   3.24e-04
  8.1265e+02   2.99e-04
  8.4601e+02   2.76e-04
  8.8075e+02   2.54e-04
  9.1690e+02   2.34e-04
  9.5455e+02   2.16e-04
  9.9373e+02   1.99e-04
  1.0345e+03   1.84e-04
  1.0770e+03   1.69e-04
  1.1212e+03   1.56e-04
  1.1672e+03   1.44e-04
  1.2152e+03   1.33e-04
  1.2650e+03   1.23e-04
  1.3170e+03   1.14e-04
  1.3711e+03   1.05e-04
  1.4273e+03   9.71e-05
  1.4859e+03   8.98e-05
  1.5469e+03   8.31e-05
  1.6104e+03   7.70e-05
  1.6766e+03   7.13e-05
  1.7454e+03   6.61e-05
  1.8170e+03   6.12e-05
  1.8916e+03   5.68e-05
  1.9693e+03   5.27e-05
  2.0501e+03   4.89e-05
  2.1343e+03   4.53e-05
  2.2219e+03   4.21e-05
  2.3131e+03   3.90e-05
  2.4081e+03   3.62e-05
  2.5070e+03   3.36e-05
  2.6099e+03   3.12e-05
  2.7170e+03   2.89e-05
  2.8286e+03   2.69e-05
  2.9447e+03   2.49e-05
  3.0656e+03   2.31e-05
  3.1914e+03   2.14e-05
  3.3225e+03   1.99e-05
  3.4589e+03   1.84e-05
  3.6008e+03   1.71e-05
  3.7487e+03   1.58e-05
  3.9026e+03   1.46e-05
  4.0628e+03   1.35e-05
  4.2296e+03   1.24e-05
  4.4032e+03   1.15e-05
  4.5840e+03   1.06e-05
  4.7722e+03   9.70e-06
  4.9681e+03   8.91e-06
  5.1720e+03   8.17e-06
  5.3844e+03   7.47e-06
  5.6054e+03   6.83e-06
  5.8355e+03   6.23e-06
  6.0751e+03   5.66e-06
  6.3245e+03   5.14e-06
  6.5841e+03   4.64e-06
  6.8544e+03   4.18e-06
  7.1358e+03   3.76e-06
  7.4288e+03   3.36e-06
  7.7338e+03   3.00e-06
  8.0513e+03   2.66e-06
  8.3818e+03   2.34e-06
  8.7259e+03   2.06e-06
  9.0841e+03   1.79e-06
  9.4571e+03   1.55e-06
  9.8453e+03   1.33e-06
  1.0249e+04   1.13e-06
  1.0670e+04   9.55e-07
  1.1108e+04   7.97e-07
  1.1564e+04   6.56e-07
  1.2039e+04   5.32e-07
  1.2533e+04   4.26e-07
  1.3048e+04   3.35e-07
  1.3584e+04   2.58e-07
  1.4141e+04   1.95e-07
  1.4722e+04   1.43e-07
  1.5326e+04   1.02e-07
  1.5955e+04   7.10e-08
  1.6610e+04   4.74e-08
  1.7292e+04   3.04e-08
  1.8002e+04   1.86e-08
  1.8741e+04   1.08e-08
  1.9511e+04   5.86e-09
  2.0312e+04   2.97e-09
  2.1145e+04   1.38e-09
  2.2013e+04   5.80e-10
  2.2917e+04   2.18e-10
  2.3858e+04   7.12e-11
  2.4837e+04   1.99e-11
  2.5857e+04   4.59e-12
  2.6919e+04   8.44e-13
  2.8024e+04   1.18e-13
  2.9174e+04   1.20e-14
  3.0372e+04   8.16e-16
  3.1619e+04   3.43e-17
  3.2917e+04   7.97e-19
  3.4268e+04   8.91e-21
  3.5675e+04   4.02e-23
  3.7140e+04   5.81e-26
  3.8664e+04   2.00e-29
  4.0252e+04   1.12e-33
  4.1904e+04   6.01e-39
  4.3624e+04   1.58e-45
  4.5415e+04   1.43e-46
  4.7280e+04   1.35e-46
  4.9221e+04   1.27e-46
  5.1241e+04   1.20e-46
  5.3345e+04   1.13e-46
  5.5535e+04   1.07e-46
  5.7815e+04   1.01e-46
  6.0188e+04   9.53e-47
  6.2659e+04   8.98e-47
  6.5232e+04   8.46e-47
  6.7910e+04   7.96e-47
  7.0698e+04   7.49e-47
  7.3600e+04   7.04e-47
  7.6621e+04   6.60e-47
  7.9767e+04   6.18e-47
  8.3042e+04   5.78e-47
  8.6451e+04   5.43e-47
  9.0000e+04   5.11e-47
