#  E [GeV]   # per interaction  [GeV^{-1}]
  3.0000e+01   4.90e-01
  3.1051e+01   4.71e-01
  3.2139e+01   4.54e-01
  3.3266e+01   4.37e-01
  3.4432e+01   4.20e-01
  3.5638e+01   4.04e-01
  3.6887e+01   3.89e-01
  3.8180e+01   3.74e-01
  3.9518e+01   3.60e-01
  4.0903e+01   3.46e-01
  4.2336e+01   3.33e-01
  4.3820e+01   3.20e-01
  4.5355e+01   3.08e-01
  4.6945e+01   2.96e-01
  4.8590e+01   2.84e-01
  5.0293e+01   2.73e-01
  5.2055e+01   2.63e-01
  5.3879e+01   2.52e-01
  5.5767e+01   2.42e-01
  5.7722e+01   2.33e-01
  5.9745e+01   2.24e-01
  6.1838e+01   2.15e-01
  6.4005e+01   2.06e-01
  6.6248e+01   1.98e-01
  6.8570e+01   1.90e-01
  7.0973e+01   1.82e-01
  7.3460e+01   1.75e-01
  7.6034e+01   1.68e-01
  7.8699e+01   1.61e-01
  8.1457e+01   1.54e-01
  8.4311e+01   1.48e-01
  8.7266e+01   1.42e-01
  9.0324e+01   1.36e-01
  9.3490e+01   1.30e-01
  9.6766e+01   1.24e-01
  1.0016e+02   1.19e-01
  1.0367e+02   1.14e-01
  1.0730e+02   1.09e-01
  1.1106e+02   1.04e-01
  1.1495e+02   9.96e-02
  1.1898e+02   9.53e-02
  1.2315e+02   9.11e-02
  1.2747e+02   8.70e-02
  1.3193e+02   8.31e-02
  1.3656e+02   7.93e-02
  1.4134e+02   7.57e-02
  1.4629e+02   7.22e-02
  1.5142e+02   6.89e-02
  1.5673e+02   6.57e-02
  1.6222e+02   6.26e-02
  1.6790e+02   5.97e-02
  1.7379e+02   5.69e-02
  1.7988e+02   5.41e-02
  1.8618e+02   5.15e-02
  1.9271e+02   4.90e-02
  1.9946e+02   4.66e-02
  2.0645e+02   4.43e-02
  2.1369e+02   4.21e-02
  2.2117e+02   3.99e-02
  2.2892e+02   3.79e-02
  2.3695e+02   3.59e-02
  2.4525e+02   3.41e-02
  2.5385e+02   3.23e-02
  2.6274e+02   3.06e-02
  2.7195e+02   2.90e-02
  2.8148e+02   2.74e-02
  2.9134e+02   2.59e-02
  3.0155e+02   2.45e-02
  3.1212e+02   2.31e-02
  3.2306e+02   2.18e-02
  3.3438e+02   2.06e-02
  3.4610e+02   1.94e-02
  3.5823e+02   1.83e-02
  3.7078e+02   1.72e-02
  3.8377e+02   1.62e-02
  3.9722e+02   1.53e-02
  4.1114e+02   1.44e-02
  4.2555e+02   1.35e-02
  4.4046e+02   1.27e-02
  4.5590e+02   1.19e-02
  4.7188e+02   1.11e-02
  4.8841e+02   1.04e-02
  5.0553e+02   9.79e-03
  5.2324e+02   9.16e-03
  5.4158e+02   8.57e-03
  5.6056e+02   8.02e-03
  5.8020e+02   7.50e-03
  6.0054e+02   7.00e-03
  6.2158e+02   6.54e-03
  6.4337e+02   6.10e-03
  6.6591e+02   5.69e-03
  6.8925e+02   5.30e-03
  7.1340e+02   4.94e-03
  7.3840e+02   4.60e-03
  7.6428e+02   4.28e-03
  7.9106e+02   3.98e-03
  8.1878e+02   3.70e-03
  8.4748e+02   3.44e-03
  8.7718e+02   3.20e-03
  9.0792e+02   2.97e-03
  9.3973e+02   2.76e-03
  9.7267e+02   2.56e-03
  1.0068e+03   2.37e-03
  1.0420e+03   2.20e-03
  1.0785e+03   2.04e-03
  1.1163e+03   1.89e-03
  1.1555e+03   1.75e-03
  1.1960e+03   1.62e-03
  1.2379e+03   1.50e-03
  1.2813e+03   1.39e-03
  1.3262e+03   1.29e-03
  1.3726e+03   1.19e-03
  1.4207e+03   1.10e-03
  1.4705e+03   1.02e-03
  1.5220e+03   9.40e-04
  1.5754e+03   8.68e-04
  1.6306e+03   8.02e-04
  1.6877e+03   7.40e-04
  1.7469e+03   6.82e-04
  1.8081e+03   6.30e-04
  1.8715e+03   5.80e-04
  1.9370e+03   5.34e-04
  2.0049e+03   4.92e-04
  2.0752e+03   4.53e-04
  2.1479e+03   4.16e-04
  2.2232e+03   3.83e-04
  2.3011e+03   3.52e-04
  2.3817e+03   3.23e-04
  2.4652e+03   2.97e-04
  2.5516e+03   2.72e-04
  2.6410e+03   2.50e-04
  2.7336e+03   2.28e-04
  2.8294e+03   2.09e-04
  2.9285e+03   1.91e-04
  3.0311e+03   1.75e-04
  3.1374e+03   1.60e-04
  3.2473e+03   1.46e-04
  3.3611e+03   1.33e-04
  3.4789e+03   1.21e-04
  3.6008e+03   1.10e-04
  3.7270e+03   9.99e-05
  3.8576e+03   9.05e-05
  3.9928e+03   8.23e-05
  4.1327e+03   7.46e-05
  4.2775e+03   6.74e-05
  4.4274e+03   6.09e-05
  4.5826e+03   5.51e-05
  4.7432e+03   4.97e-05
  4.9094e+03   4.47e-05
  5.0815e+03   4.03e-05
  5.2595e+03   3.62e-05
  5.4438e+03   3.24e-05
  5.6346e+03   2.91e-05
  5.8321e+03   2.61e-05
  6.0365e+03   2.32e-05
  6.2480e+03   2.07e-05
  6.4670e+03   1.85e-05
  6.6936e+03   1.65e-05
  6.9282e+03   1.46e-05
  7.1709e+03   1.30e-05
  7.4222e+03   1.15e-05
  7.6823e+03   1.01e-05
  7.9516e+03   9.00e-06
  8.2302e+03   7.95e-06
  8.5186e+03   6.99e-06
  8.8172e+03   6.15e-06
  9.1262e+03   5.42e-06
  9.4460e+03   4.75e-06
  9.7770e+03   4.15e-06
  1.0120e+04   3.64e-06
  1.0474e+04   3.18e-06
  1.0841e+04   2.76e-06
  1.1221e+04   2.42e-06
  1.1614e+04   2.11e-06
  1.2022e+04   1.82e-06
  1.2443e+04   1.58e-06
  1.2879e+04   1.37e-06
  1.3330e+04   1.18e-06
  1.3797e+04   1.02e-06
  1.4281e+04   8.75e-07
  1.4781e+04   7.47e-07
  1.5299e+04   6.31e-07
  1.5835e+04   5.36e-07
  1.6390e+04   4.50e-07
  1.6965e+04   3.72e-07
  1.7559e+04   3.08e-07
  1.8175e+04   2.54e-07
  1.8812e+04   2.04e-07
  1.9471e+04   1.62e-07
  2.0153e+04   1.29e-07
  2.0859e+04   9.96e-08
  2.1590e+04   7.40e-08
  2.2347e+04   5.66e-08
  2.3130e+04   4.14e-08
  2.3941e+04   2.84e-08
  2.4780e+04   2.04e-08
  2.5648e+04   1.44e-08
  2.6547e+04   8.92e-09
  2.7477e+04   4.88e-09
  2.8440e+04   2.41e-09
