#  E [MeV]   Flux [# cm^{-2} s^{-1}  MeV^{-1}]
  3.0000e+04   9.85e-25
  3.0607e+04   9.57e-25
  3.1227e+04   9.31e-25
  3.1859e+04   9.05e-25
  3.2504e+04   8.80e-25
  3.3163e+04   8.55e-25
  3.3834e+04   8.31e-25
  3.4519e+04   8.08e-25
  3.5218e+04   7.86e-25
  3.5931e+04   7.64e-25
  3.6659e+04   7.42e-25
  3.7401e+04   7.22e-25
  3.8158e+04   7.02e-25
  3.8931e+04   6.82e-25
  3.9719e+04   6.63e-25
  4.0523e+04   6.45e-25
  4.1344e+04   6.27e-25
  4.2181e+04   6.09e-25
  4.3035e+04   5.92e-25
  4.3906e+04   5.76e-25
  4.4795e+04   5.60e-25
  4.5702e+04   5.44e-25
  4.6628e+04   5.29e-25
  4.7572e+04   5.14e-25
  4.8535e+04   5.00e-25
  4.9517e+04   4.86e-25
  5.0520e+04   4.73e-25
  5.1543e+04   4.60e-25
  5.2587e+04   4.47e-25
  5.3651e+04   4.35e-25
  5.4738e+04   4.23e-25
  5.5846e+04   4.11e-25
  5.6977e+04   4.00e-25
  5.8130e+04   3.89e-25
  5.9307e+04   3.78e-25
  6.0508e+04   3.68e-25
  6.1733e+04   3.58e-25
  6.2983e+04   3.48e-25
  6.4258e+04   3.39e-25
  6.5559e+04   3.29e-25
  6.6887e+04   3.20e-25
  6.8241e+04   3.12e-25
  6.9623e+04   3.03e-25
  7.1033e+04   2.95e-25
  7.2471e+04   2.87e-25
  7.3938e+04   2.79e-25
  7.5435e+04   2.72e-25
  7.6963e+04   2.64e-25
  7.8521e+04   2.57e-25
  8.0111e+04   2.50e-25
  8.1733e+04   2.43e-25
  8.3388e+04   2.37e-25
  8.5076e+04   2.30e-25
  8.6799e+04   2.24e-25
  8.8556e+04   2.18e-25
  9.0349e+04   2.12e-25
  9.2178e+04   2.07e-25
  9.4045e+04   2.01e-25
  9.5949e+04   1.96e-25
  9.7892e+04   1.91e-25
  9.9874e+04   1.86e-25
  1.0190e+05   1.81e-25
  1.0396e+05   1.76e-25
  1.0606e+05   1.71e-25
  1.0821e+05   1.67e-25
  1.1040e+05   1.62e-25
  1.1264e+05   1.58e-25
  1.1492e+05   1.54e-25
  1.1725e+05   1.50e-25
  1.1962e+05   1.46e-25
  1.2204e+05   1.42e-25
  1.2451e+05   1.38e-25
  1.2703e+05   1.35e-25
  1.2961e+05   1.31e-25
  1.3223e+05   1.28e-25
  1.3491e+05   1.24e-25
  1.3764e+05   1.21e-25
  1.4043e+05   1.18e-25
  1.4327e+05   1.15e-25
  1.4617e+05   1.12e-25
  1.4913e+05   1.09e-25
  1.5215e+05   1.06e-25
  1.5523e+05   1.03e-25
  1.5837e+05   1.00e-25
  1.6158e+05   9.78e-26
  1.6485e+05   9.52e-26
  1.6819e+05   9.27e-26
  1.7159e+05   9.03e-26
  1.7507e+05   8.79e-26
  1.7861e+05   8.56e-26
  1.8223e+05   8.33e-26
  1.8592e+05   8.11e-26
  1.8968e+05   7.89e-26
  1.9352e+05   7.68e-26
  1.9744e+05   7.47e-26
  2.0144e+05   7.27e-26
  2.0552e+05   7.08e-26
  2.0968e+05   6.88e-26
  2.1392e+05   6.70e-26
  2.1826e+05   6.51e-26
  2.2267e+05   6.34e-26
  2.2718e+05   6.16e-26
  2.3178e+05   5.99e-26
  2.3648e+05   5.83e-26
  2.4126e+05   5.67e-26
  2.4615e+05   5.51e-26
  2.5113e+05   5.36e-26
  2.5622e+05   5.21e-26
  2.6141e+05   5.06e-26
  2.6670e+05   4.92e-26
  2.7210e+05   4.78e-26
  2.7761e+05   4.64e-26
  2.8323e+05   4.51e-26
  2.8896e+05   4.38e-26
  2.9481e+05   4.26e-26
  3.0078e+05   4.14e-26
  3.0687e+05   4.02e-26
  3.1309e+05   3.90e-26
  3.1943e+05   3.78e-26
  3.2589e+05   3.67e-26
  3.3249e+05   3.56e-26
  3.3922e+05   3.46e-26
  3.4609e+05   3.35e-26
  3.5310e+05   3.25e-26
  3.6025e+05   3.15e-26
  3.6754e+05   3.06e-26
  3.7498e+05   2.96e-26
  3.8258e+05   2.87e-26
  3.9032e+05   2.78e-26
  3.9823e+05   2.69e-26
  4.0629e+05   2.61e-26
  4.1452e+05   2.53e-26
  4.2291e+05   2.45e-26
  4.3147e+05   2.37e-26
  4.4021e+05   2.29e-26
  4.4912e+05   2.21e-26
  4.5821e+05   2.14e-26
  4.6749e+05   2.07e-26
  4.7696e+05   2.00e-26
  4.8661e+05   1.93e-26
  4.9647e+05   1.87e-26
  5.0652e+05   1.81e-26
  5.1678e+05   1.74e-26
  5.2724e+05   1.68e-26
  5.3791e+05   1.63e-26
  5.4881e+05   1.57e-26
  5.5992e+05   1.52e-26
  5.7125e+05   1.46e-26
  5.8282e+05   1.41e-26
  5.9462e+05   1.36e-26
  6.0666e+05   1.32e-26
  6.1894e+05   1.27e-26
  6.3148e+05   1.22e-26
  6.4426e+05   1.18e-26
  6.5731e+05   1.14e-26
  6.7061e+05   1.09e-26
  6.8419e+05   1.05e-26
  6.9805e+05   1.01e-26
  7.1218e+05   9.77e-27
  7.2660e+05   9.41e-27
  7.4131e+05   9.06e-27
  7.5632e+05   8.72e-27
  7.7163e+05   8.40e-27
  7.8726e+05   8.08e-27
  8.0320e+05   7.78e-27
  8.1946e+05   7.48e-27
  8.3605e+05   7.20e-27
  8.5298e+05   6.93e-27
  8.7025e+05   6.66e-27
  8.8787e+05   6.41e-27
  9.0585e+05   6.17e-27
  9.2419e+05   5.93e-27
  9.4290e+05   5.71e-27
  9.6199e+05   5.49e-27
  9.8147e+05   5.28e-27
  1.0013e+06   5.08e-27
  1.0216e+06   4.89e-27
  1.0423e+06   4.70e-27
  1.0634e+06   4.52e-27
  1.0849e+06   4.35e-27
  1.1069e+06   4.19e-27
  1.1293e+06   4.03e-27
  1.1522e+06   3.87e-27
  1.1755e+06   3.73e-27
  1.1993e+06   3.58e-27
  1.2236e+06   3.45e-27
  1.2484e+06   3.31e-27
  1.2736e+06   3.19e-27
  1.2994e+06   3.06e-27
  1.3257e+06   2.94e-27
  1.3526e+06   2.83e-27
  1.3800e+06   2.72e-27
  1.4079e+06   2.61e-27
  1.4364e+06   2.51e-27
  1.4655e+06   2.41e-27
  1.4952e+06   2.32e-27
  1.5255e+06   2.23e-27
  1.5563e+06   2.16e-27
  1.5879e+06   2.08e-27
  1.6200e+06   2.01e-27
