#  E [GeV]   # per interaction  [GeV^{-1}]
  3.0000e+01   1.37e+00
  3.1232e+01   1.31e+00
  3.2514e+01   1.25e+00
  3.3849e+01   1.19e+00
  3.5238e+01   1.13e+00
  3.6685e+01   1.08e+00
  3.8191e+01   1.03e+00
  3.9759e+01   9.77e-01
  4.1391e+01   9.30e-01
  4.3090e+01   8.85e-01
  4.4859e+01   8.43e-01
  4.6701e+01   8.02e-01
  4.8618e+01   7.63e-01
  5.0614e+01   7.26e-01
  5.2692e+01   6.90e-01
  5.4855e+01   6.57e-01
  5.7107e+01   6.24e-01
  5.9451e+01   5.93e-01
  6.1892e+01   5.64e-01
  6.4433e+01   5.36e-01
  6.7078e+01   5.09e-01
  6.9832e+01   4.84e-01
  7.2699e+01   4.59e-01
  7.5683e+01   4.36e-01
  7.8790e+01   4.14e-01
  8.2025e+01   3.93e-01
  8.5392e+01   3.73e-01
  8.8898e+01   3.54e-01
  9.2547e+01   3.36e-01
  9.6347e+01   3.18e-01
  1.0030e+02   3.02e-01
  1.0442e+02   2.86e-01
  1.0871e+02   2.71e-01
  1.1317e+02   2.57e-01
  1.1782e+02   2.43e-01
  1.2265e+02   2.31e-01
  1.2769e+02   2.18e-01
  1.3293e+02   2.07e-01
  1.3839e+02   1.96e-01
  1.4407e+02   1.85e-01
  1.4998e+02   1.75e-01
  1.5614e+02   1.66e-01
  1.6255e+02   1.57e-01
  1.6922e+02   1.48e-01
  1.7617e+02   1.40e-01
  1.8340e+02   1.32e-01
  1.9093e+02   1.25e-01
  1.9877e+02   1.18e-01
  2.0693e+02   1.12e-01
  2.1543e+02   1.05e-01
  2.2427e+02   9.93e-02
  2.3348e+02   9.37e-02
  2.4306e+02   8.83e-02
  2.5304e+02   8.32e-02
  2.6343e+02   7.84e-02
  2.7424e+02   7.38e-02
  2.8550e+02   6.95e-02
  2.9722e+02   6.54e-02
  3.0942e+02   6.15e-02
  3.2213e+02   5.78e-02
  3.3535e+02   5.44e-02
  3.4912e+02   5.11e-02
  3.6345e+02   4.79e-02
  3.7837e+02   4.50e-02
  3.9390e+02   4.22e-02
  4.1008e+02   3.96e-02
  4.2691e+02   3.71e-02
  4.4444e+02   3.47e-02
  4.6268e+02   3.25e-02
  4.8168e+02   3.04e-02
  5.0145e+02   2.85e-02
  5.2204e+02   2.66e-02
  5.4347e+02   2.49e-02
  5.6578e+02   2.32e-02
  5.8901e+02   2.17e-02
  6.1319e+02   2.02e-02
  6.3836e+02   1.89e-02
  6.6457e+02   1.76e-02
  6.9185e+02   1.64e-02
  7.2025e+02   1.53e-02
  7.4982e+02   1.42e-02
  7.8061e+02   1.32e-02
  8.1265e+02   1.23e-02
  8.4601e+02   1.14e-02
  8.8075e+02   1.06e-02
  9.1690e+02   9.85e-03
  9.5455e+02   9.14e-03
  9.9373e+02   8.48e-03
  1.0345e+03   7.87e-03
  1.0770e+03   7.29e-03
  1.1212e+03   6.76e-03
  1.1672e+03   6.26e-03
  1.2152e+03   5.79e-03
  1.2650e+03   5.36e-03
  1.3170e+03   4.96e-03
  1.3711e+03   4.59e-03
  1.4273e+03   4.25e-03
  1.4859e+03   3.93e-03
  1.5469e+03   3.63e-03
  1.6104e+03   3.36e-03
  1.6766e+03   3.11e-03
  1.7454e+03   2.87e-03
  1.8170e+03   2.66e-03
  1.8916e+03   2.45e-03
  1.9693e+03   2.27e-03
  2.0501e+03   2.09e-03
  2.1343e+03   1.93e-03
  2.2219e+03   1.78e-03
  2.3131e+03   1.64e-03
  2.4081e+03   1.51e-03
  2.5070e+03   1.39e-03
  2.6099e+03   1.28e-03
  2.7170e+03   1.17e-03
  2.8286e+03   1.08e-03
  2.9447e+03   9.88e-04
  3.0656e+03   9.04e-04
  3.1914e+03   8.28e-04
  3.3225e+03   7.56e-04
  3.4589e+03   6.90e-04
  3.6008e+03   6.29e-04
  3.7487e+03   5.72e-04
  3.9026e+03   5.20e-04
  4.0628e+03   4.72e-04
  4.2296e+03   4.27e-04
  4.4032e+03   3.86e-04
  4.5840e+03   3.49e-04
  4.7722e+03   3.14e-04
  4.9681e+03   2.82e-04
  5.1720e+03   2.53e-04
  5.3844e+03   2.26e-04
  5.6054e+03   2.02e-04
  5.8355e+03   1.80e-04
  6.0751e+03   1.60e-04
  6.3245e+03   1.42e-04
  6.5841e+03   1.25e-04
  6.8544e+03   1.10e-04
  7.1358e+03   9.66e-05
  7.4288e+03   8.44e-05
  7.7338e+03   7.33e-05
  8.0513e+03   6.38e-05
  8.3818e+03   5.51e-05
  8.7259e+03   4.73e-05
  9.0841e+03   4.06e-05
  9.4571e+03   3.45e-05
  9.8453e+03   2.91e-05
  1.0249e+04   2.46e-05
  1.0670e+04   2.05e-05
  1.1108e+04   1.70e-05
  1.1564e+04   1.40e-05
  1.2039e+04   1.14e-05
  1.2533e+04   9.26e-06
  1.3048e+04   7.44e-06
  1.3584e+04   5.87e-06
  1.4141e+04   4.62e-06
  1.4722e+04   3.58e-06
  1.5326e+04   2.71e-06
  1.5955e+04   2.04e-06
  1.6610e+04   1.51e-06
  1.7292e+04   1.08e-06
  1.8002e+04   7.65e-07
  1.8741e+04   5.24e-07
  1.9511e+04   3.46e-07
  2.0312e+04   2.24e-07
  2.1145e+04   1.38e-07
  2.2013e+04   8.08e-08
  2.2917e+04   4.55e-08
  2.3858e+04   2.37e-08
  2.4837e+04   1.15e-08
  2.5857e+04   5.15e-09
  2.6919e+04   2.05e-09
  2.8024e+04   7.22e-10
  2.9174e+04   2.20e-10
  3.0372e+04   5.48e-11
  3.1619e+04   1.11e-11
  3.2917e+04   1.70e-12
  3.4268e+04   1.82e-13
  3.5675e+04   1.30e-14
  3.7140e+04   5.40e-16
  3.8664e+04   1.12e-17
  4.0252e+04   1.02e-19
  4.1904e+04   3.01e-22
  4.3624e+04   2.08e-25
  4.5415e+04   2.26e-29
  4.7280e+04   2.00e-34
  4.9221e+04   6.38e-41
  5.1241e+04   1.56e-47
  5.3345e+04   1.37e-47
  5.5535e+04   1.20e-47
  5.7815e+04   1.08e-47
  6.0188e+04   9.56e-48
  6.2659e+04   8.54e-48
  6.5232e+04   7.68e-48
  6.7910e+04   6.86e-48
  7.0698e+04   6.15e-48
  7.3600e+04   5.50e-48
  7.6621e+04   4.89e-48
  7.9767e+04   4.31e-48
  8.3042e+04   3.77e-48
  8.6451e+04   3.26e-48
  9.0000e+04   2.85e-48
