#  E [GeV]   # per interaction  [GeV^{-1}]
  3.0000e+01   6.46e-01
  3.1232e+01   6.18e-01
  3.2514e+01   5.91e-01
  3.3849e+01   5.66e-01
  3.5238e+01   5.41e-01
  3.6685e+01   5.17e-01
  3.8191e+01   4.95e-01
  3.9759e+01   4.73e-01
  4.1391e+01   4.52e-01
  4.3090e+01   4.32e-01
  4.4859e+01   4.13e-01
  4.6701e+01   3.95e-01
  4.8618e+01   3.77e-01
  5.0614e+01   3.60e-01
  5.2692e+01   3.44e-01
  5.4855e+01   3.29e-01
  5.7107e+01   3.14e-01
  5.9451e+01   3.00e-01
  6.1892e+01   2.87e-01
  6.4433e+01   2.74e-01
  6.7078e+01   2.62e-01
  6.9832e+01   2.50e-01
  7.2699e+01   2.39e-01
  7.5683e+01   2.28e-01
  7.8790e+01   2.17e-01
  8.2025e+01   2.08e-01
  8.5392e+01   1.98e-01
  8.8898e+01   1.89e-01
  9.2547e+01   1.80e-01
  9.6347e+01   1.72e-01
  1.0030e+02   1.64e-01
  1.0442e+02   1.57e-01
  1.0871e+02   1.49e-01
  1.1317e+02   1.42e-01
  1.1782e+02   1.36e-01
  1.2265e+02   1.29e-01
  1.2769e+02   1.23e-01
  1.3293e+02   1.17e-01
  1.3839e+02   1.12e-01
  1.4407e+02   1.07e-01
  1.4998e+02   1.01e-01
  1.5614e+02   9.65e-02
  1.6255e+02   9.18e-02
  1.6922e+02   8.73e-02
  1.7617e+02   8.31e-02
  1.8340e+02   7.89e-02
  1.9093e+02   7.50e-02
  1.9877e+02   7.13e-02
  2.0693e+02   6.77e-02
  2.1543e+02   6.42e-02
  2.2427e+02   6.09e-02
  2.3348e+02   5.78e-02
  2.4306e+02   5.48e-02
  2.5304e+02   5.19e-02
  2.6343e+02   4.91e-02
  2.7424e+02   4.65e-02
  2.8550e+02   4.40e-02
  2.9722e+02   4.16e-02
  3.0942e+02   3.93e-02
  3.2213e+02   3.71e-02
  3.3535e+02   3.50e-02
  3.4912e+02   3.30e-02
  3.6345e+02   3.11e-02
  3.7837e+02   2.93e-02
  3.9390e+02   2.75e-02
  4.1008e+02   2.59e-02
  4.2691e+02   2.43e-02
  4.4444e+02   2.28e-02
  4.6268e+02   2.14e-02
  4.8168e+02   2.01e-02
  5.0145e+02   1.88e-02
  5.2204e+02   1.76e-02
  5.4347e+02   1.65e-02
  5.6578e+02   1.54e-02
  5.8901e+02   1.44e-02
  6.1319e+02   1.35e-02
  6.3836e+02   1.26e-02
  6.6457e+02   1.17e-02
  6.9185e+02   1.09e-02
  7.2025e+02   1.02e-02
  7.4982e+02   9.48e-03
  7.8061e+02   8.83e-03
  8.1265e+02   8.21e-03
  8.4601e+02   7.64e-03
  8.8075e+02   7.10e-03
  9.1690e+02   6.60e-03
  9.5455e+02   6.13e-03
  9.9373e+02   5.70e-03
  1.0345e+03   5.29e-03
  1.0770e+03   4.91e-03
  1.1212e+03   4.56e-03
  1.1672e+03   4.23e-03
  1.2152e+03   3.92e-03
  1.2650e+03   3.64e-03
  1.3170e+03   3.37e-03
  1.3711e+03   3.13e-03
  1.4273e+03   2.90e-03
  1.4859e+03   2.69e-03
  1.5469e+03   2.49e-03
  1.6104e+03   2.31e-03
  1.6766e+03   2.14e-03
  1.7454e+03   1.98e-03
  1.8170e+03   1.83e-03
  1.8916e+03   1.69e-03
  1.9693e+03   1.57e-03
  2.0501e+03   1.45e-03
  2.1343e+03   1.34e-03
  2.2219e+03   1.24e-03
  2.3131e+03   1.14e-03
  2.4081e+03   1.05e-03
  2.5070e+03   9.73e-04
  2.6099e+03   8.97e-04
  2.7170e+03   8.25e-04
  2.8286e+03   7.60e-04
  2.9447e+03   6.99e-04
  3.0656e+03   6.42e-04
  3.1914e+03   5.90e-04
  3.3225e+03   5.41e-04
  3.4589e+03   4.95e-04
  3.6008e+03   4.53e-04
  3.7487e+03   4.14e-04
  3.9026e+03   3.78e-04
  4.0628e+03   3.45e-04
  4.2296e+03   3.14e-04
  4.4032e+03   2.86e-04
  4.5840e+03   2.59e-04
  4.7722e+03   2.35e-04
  4.9681e+03   2.12e-04
  5.1720e+03   1.92e-04
  5.3844e+03   1.72e-04
  5.6054e+03   1.55e-04
  5.8355e+03   1.39e-04
  6.0751e+03   1.24e-04
  6.3245e+03   1.11e-04
  6.5841e+03   9.91e-05
  6.8544e+03   8.78e-05
  7.1358e+03   7.79e-05
  7.4288e+03   6.87e-05
  7.7338e+03   6.03e-05
  8.0513e+03   5.29e-05
  8.3818e+03   4.61e-05
  8.7259e+03   4.00e-05
  9.0841e+03   3.46e-05
  9.4571e+03   2.97e-05
  9.8453e+03   2.54e-05
  1.0249e+04   2.16e-05
  1.0670e+04   1.82e-05
  1.1108e+04   1.52e-05
  1.1564e+04   1.27e-05
  1.2039e+04   1.04e-05
  1.2533e+04   8.51e-06
  1.3048e+04   6.87e-06
  1.3584e+04   5.46e-06
  1.4141e+04   4.30e-06
  1.4722e+04   3.33e-06
  1.5326e+04   2.53e-06
  1.5955e+04   1.90e-06
  1.6610e+04   1.39e-06
  1.7292e+04   9.89e-07
  1.8002e+04   6.89e-07
  1.8741e+04   4.63e-07
  1.9511e+04   2.99e-07
  2.0312e+04   1.87e-07
  2.1145e+04   1.10e-07
  2.2013e+04   6.18e-08
  2.2917e+04   3.25e-08
  2.3858e+04   1.57e-08
  2.4837e+04   6.98e-09
  2.5857e+04   2.79e-09
  2.6919e+04   9.71e-10
  2.8024e+04   2.92e-10
  2.9174e+04   7.31e-11
  3.0372e+04   1.44e-11
  3.1619e+04   2.19e-12
  3.2917e+04   2.37e-13
  3.4268e+04   1.66e-14
  3.5675e+04   7.06e-16
  3.7140e+04   1.54e-17
  3.8664e+04   1.45e-19
  4.0252e+04   4.84e-22
  4.1904e+04   4.07e-25
  4.3624e+04   5.79e-29
  4.5415e+04   8.24e-34
  4.7280e+04   5.32e-40
  4.9221e+04   3.22e-47
  5.1241e+04   2.71e-47
  5.3345e+04   2.24e-47
  5.5535e+04   1.87e-47
  5.7815e+04   1.56e-47
  6.0188e+04   1.28e-47
  6.2659e+04   1.07e-47
  6.5232e+04   8.82e-48
  6.7910e+04   7.12e-48
  7.0698e+04   5.88e-48
  7.3600e+04   4.81e-48
  7.6621e+04   3.81e-48
  7.9767e+04   3.06e-48
  8.3042e+04   2.37e-48
  8.6451e+04   1.74e-48
  9.0000e+04   1.29e-48
