#  E [MeV]   Flux [# cm^{-2} s^{-1}  MeV^{-1}]
  3.0000e+04   1.71e-22
  3.0517e+04   1.66e-22
  3.1043e+04   1.61e-22
  3.1578e+04   1.56e-22
  3.2123e+04   1.51e-22
  3.2676e+04   1.47e-22
  3.3240e+04   1.42e-22
  3.3813e+04   1.38e-22
  3.4396e+04   1.34e-22
  3.4989e+04   1.30e-22
  3.5592e+04   1.26e-22
  3.6205e+04   1.22e-22
  3.6829e+04   1.18e-22
  3.7464e+04   1.14e-22
  3.8110e+04   1.11e-22
  3.8767e+04   1.07e-22
  3.9435e+04   1.04e-22
  4.0115e+04   1.00e-22
  4.0807e+04   9.72e-23
  4.1510e+04   9.41e-23
  4.2226e+04   9.10e-23
  4.2953e+04   8.81e-23
  4.3694e+04   8.52e-23
  4.4447e+04   8.24e-23
  4.5213e+04   7.97e-23
  4.5993e+04   7.71e-23
  4.6786e+04   7.46e-23
  4.7592e+04   7.21e-23
  4.8412e+04   6.96e-23
  4.9247e+04   6.73e-23
  5.0096e+04   6.50e-23
  5.0960e+04   6.28e-23
  5.1838e+04   6.07e-23
  5.2732e+04   5.86e-23
  5.3641e+04   5.66e-23
  5.4565e+04   5.47e-23
  5.5506e+04   5.28e-23
  5.6463e+04   5.09e-23
  5.7436e+04   4.92e-23
  5.8426e+04   4.75e-23
  5.9433e+04   4.58e-23
  6.0458e+04   4.42e-23
  6.1500e+04   4.26e-23
  6.2560e+04   4.11e-23
  6.3639e+04   3.96e-23
  6.4736e+04   3.82e-23
  6.5852e+04   3.68e-23
  6.6987e+04   3.55e-23
  6.8142e+04   3.42e-23
  6.9316e+04   3.29e-23
  7.0511e+04   3.17e-23
  7.1727e+04   3.06e-23
  7.2963e+04   2.95e-23
  7.4221e+04   2.84e-23
  7.5500e+04   2.73e-23
  7.6802e+04   2.63e-23
  7.8126e+04   2.53e-23
  7.9472e+04   2.43e-23
  8.0842e+04   2.34e-23
  8.2236e+04   2.26e-23
  8.3654e+04   2.17e-23
  8.5096e+04   2.09e-23
  8.6563e+04   2.01e-23
  8.8055e+04   1.93e-23
  8.9573e+04   1.85e-23
  9.1117e+04   1.78e-23
  9.2687e+04   1.71e-23
  9.4285e+04   1.64e-23
  9.5911e+04   1.58e-23
  9.7564e+04   1.51e-23
  9.9246e+04   1.45e-23
  1.0096e+05   1.39e-23
  1.0270e+05   1.34e-23
  1.0447e+05   1.28e-23
  1.0627e+05   1.23e-23
  1.0810e+05   1.18e-23
  1.0996e+05   1.13e-23
  1.1186e+05   1.08e-23
  1.1379e+05   1.04e-23
  1.1575e+05   9.95e-24
  1.1774e+05   9.53e-24
  1.1977e+05   9.13e-24
  1.2184e+05   8.73e-24
  1.2394e+05   8.35e-24
  1.2608e+05   7.98e-24
  1.2825e+05   7.65e-24
  1.3046e+05   7.32e-24
  1.3271e+05   7.00e-24
  1.3500e+05   6.69e-24
  1.3732e+05   6.39e-24
  1.3969e+05   6.09e-24
  1.4210e+05   5.83e-24
  1.4455e+05   5.57e-24
  1.4704e+05   5.32e-24
  1.4957e+05   5.08e-24
  1.5215e+05   4.85e-24
  1.5478e+05   4.62e-24
  1.5744e+05   4.40e-24
  1.6016e+05   4.20e-24
  1.6292e+05   4.01e-24
  1.6573e+05   3.82e-24
  1.6858e+05   3.64e-24
  1.7149e+05   3.47e-24
  1.7445e+05   3.30e-24
  1.7745e+05   3.13e-24
  1.8051e+05   2.99e-24
  1.8362e+05   2.84e-24
  1.8679e+05   2.71e-24
  1.9001e+05   2.57e-24
  1.9328e+05   2.44e-24
  1.9662e+05   2.31e-24
  2.0001e+05   2.20e-24
  2.0345e+05   2.09e-24
  2.0696e+05   1.99e-24
  2.1053e+05   1.89e-24
  2.1416e+05   1.79e-24
  2.1785e+05   1.70e-24
  2.2160e+05   1.60e-24
  2.2543e+05   1.52e-24
  2.2931e+05   1.45e-24
  2.3326e+05   1.37e-24
  2.3729e+05   1.30e-24
  2.4138e+05   1.23e-24
  2.4554e+05   1.16e-24
  2.4977e+05   1.10e-24
  2.5407e+05   1.04e-24
  2.5845e+05   9.87e-25
  2.6291e+05   9.35e-25
  2.6744e+05   8.84e-25
  2.7205e+05   8.35e-25
  2.7674e+05   7.87e-25
  2.8151e+05   7.42e-25
  2.8637e+05   7.04e-25
  2.9130e+05   6.67e-25
  2.9632e+05   6.30e-25
  3.0143e+05   5.95e-25
  3.0663e+05   5.61e-25
  3.1191e+05   5.28e-25
  3.1729e+05   4.99e-25
  3.2276e+05   4.72e-25
  3.2832e+05   4.47e-25
  3.3398e+05   4.22e-25
  3.3974e+05   3.98e-25
  3.4560e+05   3.75e-25
  3.5155e+05   3.52e-25
  3.5761e+05   3.34e-25
  3.6378e+05   3.17e-25
  3.7005e+05   3.00e-25
  3.7643e+05   2.84e-25
  3.8292e+05   2.68e-25
  3.8952e+05   2.52e-25
  3.9623e+05   2.38e-25
  4.0306e+05   2.26e-25
  4.1001e+05   2.15e-25
  4.1708e+05   2.04e-25
  4.2427e+05   1.94e-25
  4.3158e+05   1.84e-25
  4.3902e+05   1.74e-25
  4.4659e+05   1.65e-25
  4.5429e+05   1.58e-25
  4.6212e+05   1.51e-25
  4.7009e+05   1.44e-25
  4.7819e+05   1.38e-25
  4.8643e+05   1.31e-25
  4.9482e+05   1.25e-25
  5.0335e+05   1.20e-25
  5.1203e+05   1.15e-25
  5.2085e+05   1.11e-25
  5.2983e+05   1.07e-25
  5.3897e+05   1.03e-25
  5.4826e+05   9.87e-26
  5.5771e+05   9.48e-26
  5.6732e+05   9.22e-26
  5.7710e+05   8.98e-26
  5.8705e+05   8.75e-26
  5.9717e+05   8.53e-26
  6.0746e+05   8.31e-26
  6.1793e+05   8.09e-26
  6.2859e+05   7.90e-26
  6.3942e+05   7.80e-26
  6.5045e+05   7.71e-26
  6.6166e+05   7.61e-26
  6.7306e+05   7.52e-26
  6.8467e+05   7.43e-26
  6.9647e+05   7.34e-26
  7.0847e+05   7.28e-26
  7.2069e+05   7.28e-26
  7.3311e+05   7.28e-26
  7.4575e+05   7.27e-26
  7.5860e+05   7.26e-26
  7.7168e+05   7.25e-26
  7.8498e+05   7.24e-26
  7.9852e+05   6.66e-26
  8.1228e+05   5.84e-26
  8.2628e+05   5.04e-26
  8.4053e+05   4.27e-26
  8.5502e+05   3.53e-26
  8.6976e+05   2.82e-26
  8.8475e+05   2.12e-26
  9.0000e+05   1.78e-26
