#  E [GeV]   # per interaction  [GeV^{-1}]
  3.0000e+01   4.54e-01
  3.0765e+01   4.39e-01
  3.1549e+01   4.25e-01
  3.2354e+01   4.11e-01
  3.3179e+01   3.97e-01
  3.4025e+01   3.83e-01
  3.4892e+01   3.70e-01
  3.5782e+01   3.58e-01
  3.6695e+01   3.45e-01
  3.7630e+01   3.33e-01
  3.8590e+01   3.22e-01
  3.9574e+01   3.10e-01
  4.0583e+01   2.99e-01
  4.1618e+01   2.88e-01
  4.2679e+01   2.78e-01
  4.3767e+01   2.68e-01
  4.4883e+01   2.58e-01
  4.6028e+01   2.49e-01
  4.7201e+01   2.40e-01
  4.8405e+01   2.31e-01
  4.9639e+01   2.22e-01
  5.0905e+01   2.14e-01
  5.2203e+01   2.05e-01
  5.3534e+01   1.97e-01
  5.4899e+01   1.90e-01
  5.6299e+01   1.82e-01
  5.7734e+01   1.75e-01
  5.9207e+01   1.68e-01
  6.0716e+01   1.62e-01
  6.2264e+01   1.55e-01
  6.3852e+01   1.49e-01
  6.5480e+01   1.43e-01
  6.7150e+01   1.37e-01
  6.8862e+01   1.31e-01
  7.0618e+01   1.26e-01
  7.2419e+01   1.21e-01
  7.4265e+01   1.16e-01
  7.6159e+01   1.11e-01
  7.8101e+01   1.06e-01
  8.0092e+01   1.02e-01
  8.2135e+01   9.75e-02
  8.4229e+01   9.33e-02
  8.6377e+01   8.93e-02
  8.8579e+01   8.54e-02
  9.0838e+01   8.17e-02
  9.3154e+01   7.81e-02
  9.5529e+01   7.47e-02
  9.7965e+01   7.14e-02
  1.0046e+02   6.82e-02
  1.0303e+02   6.51e-02
  1.0565e+02   6.22e-02
  1.0835e+02   5.94e-02
  1.1111e+02   5.66e-02
  1.1394e+02   5.40e-02
  1.1685e+02   5.15e-02
  1.1983e+02   4.91e-02
  1.2288e+02   4.68e-02
  1.2602e+02   4.45e-02
  1.2923e+02   4.24e-02
  1.3252e+02   4.04e-02
  1.3590e+02   3.84e-02
  1.3937e+02   3.65e-02
  1.4292e+02   3.47e-02
  1.4657e+02   3.30e-02
  1.5030e+02   3.13e-02
  1.5414e+02   2.98e-02
  1.5807e+02   2.82e-02
  1.6210e+02   2.68e-02
  1.6623e+02   2.54e-02
  1.7047e+02   2.41e-02
  1.7482e+02   2.29e-02
  1.7927e+02   2.17e-02
  1.8384e+02   2.05e-02
  1.8853e+02   1.94e-02
  1.9334e+02   1.84e-02
  1.9827e+02   1.74e-02
  2.0333e+02   1.65e-02
  2.0851e+02   1.56e-02
  2.1383e+02   1.47e-02
  2.1928e+02   1.39e-02
  2.2487e+02   1.31e-02
  2.3060e+02   1.24e-02
  2.3648e+02   1.17e-02
  2.4251e+02   1.10e-02
  2.4870e+02   1.03e-02
  2.5504e+02   9.73e-03
  2.6154e+02   9.17e-03
  2.6821e+02   8.62e-03
  2.7505e+02   8.10e-03
  2.8206e+02   7.61e-03
  2.8926e+02   7.15e-03
  2.9663e+02   6.72e-03
  3.0420e+02   6.30e-03
  3.1195e+02   5.90e-03
  3.1991e+02   5.54e-03
  3.2806e+02   5.19e-03
  3.3643e+02   4.86e-03
  3.4501e+02   4.55e-03
  3.5381e+02   4.25e-03
  3.6283e+02   3.98e-03
  3.7208e+02   3.72e-03
  3.8157e+02   3.47e-03
  3.9130e+02   3.24e-03
  4.0127e+02   3.02e-03
  4.1150e+02   2.82e-03
  4.2200e+02   2.63e-03
  4.3276e+02   2.45e-03
  4.4379e+02   2.27e-03
  4.5511e+02   2.12e-03
  4.6671e+02   1.97e-03
  4.7861e+02   1.83e-03
  4.9082e+02   1.70e-03
  5.0333e+02   1.57e-03
  5.1617e+02   1.46e-03
  5.2933e+02   1.36e-03
  5.4283e+02   1.26e-03
  5.5667e+02   1.16e-03
  5.7086e+02   1.08e-03
  5.8542e+02   9.98e-04
  6.0035e+02   9.22e-04
  6.1565e+02   8.50e-04
  6.3135e+02   7.83e-04
  6.4745e+02   7.25e-04
  6.6396e+02   6.70e-04
  6.8089e+02   6.17e-04
  6.9825e+02   5.66e-04
  7.1606e+02   5.22e-04
  7.3432e+02   4.82e-04
  7.5304e+02   4.44e-04
  7.7224e+02   4.07e-04
  7.9193e+02   3.73e-04
  8.1213e+02   3.44e-04
  8.3283e+02   3.17e-04
  8.5407e+02   2.90e-04
  8.7585e+02   2.65e-04
  8.9818e+02   2.43e-04
  9.2108e+02   2.24e-04
  9.4457e+02   2.05e-04
  9.6866e+02   1.87e-04
  9.9336e+02   1.70e-04
  1.0187e+03   1.57e-04
  1.0447e+03   1.44e-04
  1.0713e+03   1.31e-04
  1.0986e+03   1.19e-04
  1.1266e+03   1.09e-04
  1.1554e+03   9.98e-05
  1.1848e+03   9.12e-05
  1.2150e+03   8.31e-05
  1.2460e+03   7.53e-05
  1.2778e+03   6.89e-05
  1.3104e+03   6.31e-05
  1.3438e+03   5.75e-05
  1.3780e+03   5.22e-05
  1.4132e+03   4.73e-05
  1.4492e+03   4.34e-05
  1.4862e+03   3.96e-05
  1.5241e+03   3.60e-05
  1.5629e+03   3.25e-05
  1.6028e+03   2.97e-05
  1.6436e+03   2.72e-05
  1.6856e+03   2.47e-05
  1.7285e+03   2.24e-05
  1.7726e+03   2.02e-05
  1.8178e+03   1.86e-05
  1.8642e+03   1.69e-05
  1.9117e+03   1.54e-05
  1.9604e+03   1.39e-05
  2.0104e+03   1.26e-05
  2.0617e+03   1.16e-05
  2.1143e+03   1.05e-05
  2.1682e+03   9.52e-06
  2.2235e+03   8.56e-06
  2.2802e+03   7.85e-06
  2.3383e+03   7.18e-06
  2.3979e+03   6.53e-06
  2.4591e+03   5.92e-06
  2.5218e+03   5.39e-06
  2.5861e+03   4.96e-06
  2.6520e+03   4.55e-06
  2.7196e+03   4.16e-06
  2.7890e+03   3.79e-06
  2.8601e+03   3.53e-06
  2.9330e+03   3.29e-06
  3.0078e+03   3.07e-06
  3.0845e+03   2.85e-06
  3.1632e+03   2.66e-06
  3.2438e+03   2.52e-06
  3.3265e+03   2.39e-06
  3.4113e+03   2.26e-06
  3.4983e+03   2.14e-06
  3.5875e+03   2.04e-06
  3.6790e+03   1.96e-06
  3.7728e+03   1.89e-06
  3.8690e+03   1.81e-06
  3.9677e+03   1.74e-06
  4.0689e+03   1.69e-06
  4.1726e+03   1.65e-06
  4.2790e+03   1.60e-06
  4.3881e+03   1.56e-06
  4.5000e+03   1.51e-06
