#  E [MeV]   Flux [# cm^{-2} s^{-1}  MeV^{-1}]
  3.0000e+04   8.39e-18
  3.0765e+04   8.12e-18
  3.1549e+04   7.85e-18
  3.2354e+04   7.58e-18
  3.3179e+04   7.33e-18
  3.4025e+04   7.08e-18
  3.4892e+04   6.84e-18
  3.5782e+04   6.61e-18
  3.6695e+04   6.38e-18
  3.7630e+04   6.16e-18
  3.8590e+04   5.94e-18
  3.9574e+04   5.73e-18
  4.0583e+04   5.53e-18
  4.1618e+04   5.33e-18
  4.2679e+04   5.14e-18
  4.3767e+04   4.95e-18
  4.4883e+04   4.77e-18
  4.6028e+04   4.59e-18
  4.7201e+04   4.42e-18
  4.8405e+04   4.26e-18
  4.9639e+04   4.10e-18
  5.0905e+04   3.94e-18
  5.2203e+04   3.79e-18
  5.3534e+04   3.65e-18
  5.4899e+04   3.51e-18
  5.6299e+04   3.37e-18
  5.7734e+04   3.24e-18
  5.9207e+04   3.11e-18
  6.0716e+04   2.99e-18
  6.2264e+04   2.87e-18
  6.3852e+04   2.75e-18
  6.5480e+04   2.64e-18
  6.7150e+04   2.53e-18
  6.8862e+04   2.43e-18
  7.0618e+04   2.33e-18
  7.2419e+04   2.23e-18
  7.4265e+04   2.14e-18
  7.6159e+04   2.05e-18
  7.8101e+04   1.96e-18
  8.0092e+04   1.88e-18
  8.2135e+04   1.80e-18
  8.4229e+04   1.72e-18
  8.6377e+04   1.65e-18
  8.8579e+04   1.58e-18
  9.0838e+04   1.51e-18
  9.3154e+04   1.44e-18
  9.5529e+04   1.38e-18
  9.7965e+04   1.32e-18
  1.0046e+05   1.26e-18
  1.0303e+05   1.20e-18
  1.0565e+05   1.15e-18
  1.0835e+05   1.10e-18
  1.1111e+05   1.05e-18
  1.1394e+05   9.98e-19
  1.1685e+05   9.52e-19
  1.1983e+05   9.07e-19
  1.2288e+05   8.64e-19
  1.2602e+05   8.22e-19
  1.2923e+05   7.83e-19
  1.3252e+05   7.46e-19
  1.3590e+05   7.09e-19
  1.3937e+05   6.74e-19
  1.4292e+05   6.41e-19
  1.4657e+05   6.10e-19
  1.5030e+05   5.79e-19
  1.5414e+05   5.50e-19
  1.5807e+05   5.22e-19
  1.6210e+05   4.95e-19
  1.6623e+05   4.70e-19
  1.7047e+05   4.46e-19
  1.7482e+05   4.22e-19
  1.7927e+05   4.00e-19
  1.8384e+05   3.79e-19
  1.8853e+05   3.59e-19
  1.9334e+05   3.40e-19
  1.9827e+05   3.21e-19
  2.0333e+05   3.04e-19
  2.0851e+05   2.87e-19
  2.1383e+05   2.72e-19
  2.1928e+05   2.56e-19
  2.2487e+05   2.42e-19
  2.3060e+05   2.28e-19
  2.3648e+05   2.15e-19
  2.4251e+05   2.03e-19
  2.4870e+05   1.91e-19
  2.5504e+05   1.80e-19
  2.6154e+05   1.69e-19
  2.6821e+05   1.59e-19
  2.7505e+05   1.50e-19
  2.8206e+05   1.40e-19
  2.8926e+05   1.32e-19
  2.9663e+05   1.24e-19
  3.0420e+05   1.16e-19
  3.1195e+05   1.09e-19
  3.1991e+05   1.02e-19
  3.2806e+05   9.59e-20
  3.3643e+05   8.98e-20
  3.4501e+05   8.40e-20
  3.5381e+05   7.85e-20
  3.6283e+05   7.35e-20
  3.7208e+05   6.87e-20
  3.8157e+05   6.42e-20
  3.9130e+05   5.98e-20
  4.0127e+05   5.58e-20
  4.1150e+05   5.21e-20
  4.2200e+05   4.86e-20
  4.3276e+05   4.52e-20
  4.4379e+05   4.20e-20
  4.5511e+05   3.92e-20
  4.6671e+05   3.64e-20
  4.7861e+05   3.39e-20
  4.9082e+05   3.14e-20
  5.0333e+05   2.91e-20
  5.1617e+05   2.70e-20
  5.2933e+05   2.51e-20
  5.4283e+05   2.32e-20
  5.5667e+05   2.14e-20
  5.7086e+05   1.99e-20
  5.8542e+05   1.84e-20
  6.0035e+05   1.70e-20
  6.1565e+05   1.57e-20
  6.3135e+05   1.45e-20
  6.4745e+05   1.34e-20
  6.6396e+05   1.24e-20
  6.8089e+05   1.14e-20
  6.9825e+05   1.05e-20
  7.1606e+05   9.65e-21
  7.3432e+05   8.91e-21
  7.5304e+05   8.20e-21
  7.7224e+05   7.52e-21
  7.9193e+05   6.89e-21
  8.1213e+05   6.36e-21
  8.3283e+05   5.85e-21
  8.5407e+05   5.36e-21
  8.7585e+05   4.90e-21
  8.9818e+05   4.49e-21
  9.2108e+05   4.13e-21
  9.4457e+05   3.79e-21
  9.6866e+05   3.46e-21
  9.9336e+05   3.14e-21
  1.0187e+06   2.89e-21
  1.0447e+06   2.65e-21
  1.0713e+06   2.42e-21
  1.0986e+06   2.20e-21
  1.1266e+06   2.01e-21
  1.1554e+06   1.84e-21
  1.1848e+06   1.69e-21
  1.2150e+06   1.53e-21
  1.2460e+06   1.39e-21
  1.2778e+06   1.27e-21
  1.3104e+06   1.17e-21
  1.3438e+06   1.06e-21
  1.3780e+06   9.64e-22
  1.4132e+06   8.74e-22
  1.4492e+06   8.01e-22
  1.4862e+06   7.32e-22
  1.5241e+06   6.65e-22
  1.5629e+06   6.01e-22
  1.6028e+06   5.48e-22
  1.6436e+06   5.02e-22
  1.6856e+06   4.57e-22
  1.7285e+06   4.14e-22
  1.7726e+06   3.74e-22
  1.8178e+06   3.43e-22
  1.8642e+06   3.13e-22
  1.9117e+06   2.84e-22
  1.9604e+06   2.57e-22
  2.0104e+06   2.34e-22
  2.0617e+06   2.13e-22
  2.1143e+06   1.94e-22
  2.1682e+06   1.76e-22
  2.2235e+06   1.58e-22
  2.2802e+06   1.45e-22
  2.3383e+06   1.33e-22
  2.3979e+06   1.21e-22
  2.4591e+06   1.09e-22
  2.5218e+06   9.95e-23
  2.5861e+06   9.16e-23
  2.6520e+06   8.41e-23
  2.7196e+06   7.69e-23
  2.7890e+06   7.00e-23
  2.8601e+06   6.51e-23
  2.9330e+06   6.08e-23
  3.0078e+06   5.66e-23
  3.0845e+06   5.26e-23
  3.1632e+06   4.91e-23
  3.2438e+06   4.65e-23
  3.3265e+06   4.41e-23
  3.4113e+06   4.17e-23
  3.4983e+06   3.94e-23
  3.5875e+06   3.77e-23
  3.6790e+06   3.62e-23
  3.7728e+06   3.48e-23
  3.8690e+06   3.34e-23
  3.9677e+06   3.22e-23
  4.0689e+06   3.13e-23
  4.1726e+06   3.04e-23
  4.2790e+06   2.96e-23
  4.3881e+06   2.87e-23
  4.5000e+06   2.80e-23
