#  E [GeV]   # per interaction  [GeV^{-1}]
  3.0000e+01   1.36e+00
  3.1232e+01   1.30e+00
  3.2514e+01   1.24e+00
  3.3849e+01   1.18e+00
  3.5238e+01   1.13e+00
  3.6685e+01   1.07e+00
  3.8191e+01   1.02e+00
  3.9759e+01   9.76e-01
  4.1391e+01   9.30e-01
  4.3090e+01   8.86e-01
  4.4859e+01   8.44e-01
  4.6701e+01   8.03e-01
  4.8618e+01   7.65e-01
  5.0614e+01   7.28e-01
  5.2692e+01   6.93e-01
  5.4855e+01   6.59e-01
  5.7107e+01   6.27e-01
  5.9451e+01   5.97e-01
  6.1892e+01   5.67e-01
  6.4433e+01   5.39e-01
  6.7078e+01   5.13e-01
  6.9832e+01   4.87e-01
  7.2699e+01   4.63e-01
  7.5683e+01   4.40e-01
  7.8790e+01   4.18e-01
  8.2025e+01   3.97e-01
  8.5392e+01   3.77e-01
  8.8898e+01   3.57e-01
  9.2547e+01   3.39e-01
  9.6347e+01   3.22e-01
  1.0030e+02   3.05e-01
  1.0442e+02   2.89e-01
  1.0871e+02   2.74e-01
  1.1317e+02   2.60e-01
  1.1782e+02   2.46e-01
  1.2265e+02   2.33e-01
  1.2769e+02   2.21e-01
  1.3293e+02   2.09e-01
  1.3839e+02   1.98e-01
  1.4407e+02   1.87e-01
  1.4998e+02   1.77e-01
  1.5614e+02   1.67e-01
  1.6255e+02   1.58e-01
  1.6922e+02   1.49e-01
  1.7617e+02   1.41e-01
  1.8340e+02   1.33e-01
  1.9093e+02   1.26e-01
  1.9877e+02   1.18e-01
  2.0693e+02   1.12e-01
  2.1543e+02   1.05e-01
  2.2427e+02   9.91e-02
  2.3348e+02   9.32e-02
  2.4306e+02   8.77e-02
  2.5304e+02   8.24e-02
  2.6343e+02   7.74e-02
  2.7424e+02   7.26e-02
  2.8550e+02   6.81e-02
  2.9722e+02   6.39e-02
  3.0942e+02   5.98e-02
  3.2213e+02   5.60e-02
  3.3535e+02   5.24e-02
  3.4912e+02   4.89e-02
  3.6345e+02   4.57e-02
  3.7837e+02   4.26e-02
  3.9390e+02   3.97e-02
  4.1008e+02   3.70e-02
  4.2691e+02   3.44e-02
  4.4444e+02   3.20e-02
  4.6268e+02   2.98e-02
  4.8168e+02   2.76e-02
  5.0145e+02   2.56e-02
  5.2204e+02   2.38e-02
  5.4347e+02   2.20e-02
  5.6578e+02   2.03e-02
  5.8901e+02   1.88e-02
  6.1319e+02   1.74e-02
  6.3836e+02   1.60e-02
  6.6457e+02   1.48e-02
  6.9185e+02   1.36e-02
  7.2025e+02   1.26e-02
  7.4982e+02   1.16e-02
  7.8061e+02   1.07e-02
  8.1265e+02   9.80e-03
  8.4601e+02   9.01e-03
  8.8075e+02   8.29e-03
  9.1690e+02   7.61e-03
  9.5455e+02   6.99e-03
  9.9373e+02   6.43e-03
  1.0345e+03   5.90e-03
  1.0770e+03   5.42e-03
  1.1212e+03   4.98e-03
  1.1672e+03   4.57e-03
  1.2152e+03   4.19e-03
  1.2650e+03   3.85e-03
  1.3170e+03   3.53e-03
  1.3711e+03   3.24e-03
  1.4273e+03   2.98e-03
  1.4859e+03   2.73e-03
  1.5469e+03   2.51e-03
  1.6104e+03   2.30e-03
  1.6766e+03   2.11e-03
  1.7454e+03   1.93e-03
  1.8170e+03   1.77e-03
  1.8916e+03   1.62e-03
  1.9693e+03   1.49e-03
  2.0501e+03   1.36e-03
  2.1343e+03   1.24e-03
  2.2219e+03   1.14e-03
  2.3131e+03   1.04e-03
  2.4081e+03   9.48e-04
  2.5070e+03   8.65e-04
  2.6099e+03   7.88e-04
  2.7170e+03   7.17e-04
  2.8286e+03   6.52e-04
  2.9447e+03   5.92e-04
  3.0656e+03   5.37e-04
  3.1914e+03   4.86e-04
  3.3225e+03   4.40e-04
  3.4589e+03   3.97e-04
  3.6008e+03   3.58e-04
  3.7487e+03   3.22e-04
  3.9026e+03   2.90e-04
  4.0628e+03   2.60e-04
  4.2296e+03   2.32e-04
  4.4032e+03   2.07e-04
  4.5840e+03   1.85e-04
  4.7722e+03   1.64e-04
  4.9681e+03   1.45e-04
  5.1720e+03   1.28e-04
  5.3844e+03   1.13e-04
  5.6054e+03   9.90e-05
  5.8355e+03   8.66e-05
  6.0751e+03   7.54e-05
  6.3245e+03   6.56e-05
  6.5841e+03   5.67e-05
  6.8544e+03   4.88e-05
  7.1358e+03   4.19e-05
  7.4288e+03   3.57e-05
  7.7338e+03   3.03e-05
  8.0513e+03   2.57e-05
  8.3818e+03   2.15e-05
  8.7259e+03   1.79e-05
  9.0841e+03   1.49e-05
  9.4571e+03   1.22e-05
  9.8453e+03   9.95e-06
  1.0249e+04   8.05e-06
  1.0670e+04   6.40e-06
  1.1108e+04   5.10e-06
  1.1564e+04   3.99e-06
  1.2039e+04   3.07e-06
  1.2533e+04   2.35e-06
  1.3048e+04   1.77e-06
  1.3584e+04   1.30e-06
  1.4141e+04   9.45e-07
  1.4722e+04   6.68e-07
  1.5326e+04   4.61e-07
  1.5955e+04   3.12e-07
  1.6610e+04   2.03e-07
  1.7292e+04   1.28e-07
  1.8002e+04   7.79e-08
  1.8741e+04   4.49e-08
  1.9511e+04   2.47e-08
  2.0312e+04   1.29e-08
  2.1145e+04   6.17e-09
  2.2013e+04   2.77e-09
  2.2917e+04   1.13e-09
  2.3858e+04   4.06e-10
  2.4837e+04   1.30e-10
  2.5857e+04   3.56e-11
  2.6919e+04   8.00e-12
  2.8024e+04   1.46e-12
  2.9174e+04   2.02e-13
  3.0372e+04   2.01e-14
  3.1619e+04   1.35e-15
  3.2917e+04   5.52e-17
  3.4268e+04   1.22e-18
  3.5675e+04   1.28e-20
  3.7140e+04   5.13e-23
  3.8664e+04   6.14e-26
  4.0252e+04   1.58e-29
  4.1904e+04   5.54e-34
  4.3624e+04   1.48e-39
  4.5415e+04   1.34e-46
  4.7280e+04   3.20e-47
  4.9221e+04   2.90e-47
  5.1241e+04   2.64e-47
  5.3345e+04   2.39e-47
  5.5535e+04   2.18e-47
  5.7815e+04   1.99e-47
  6.0188e+04   1.81e-47
  6.2659e+04   1.66e-47
  6.5232e+04   1.52e-47
  6.7910e+04   1.39e-47
  7.0698e+04   1.27e-47
  7.3600e+04   1.15e-47
  7.6621e+04   1.04e-47
  7.9767e+04   9.30e-48
  8.3042e+04   8.29e-48
  8.6451e+04   7.43e-48
  9.0000e+04   6.74e-48
