#  E [MeV]   Flux [# cm^{-2} s^{-1}  MeV^{-1}]
  3.0000e+04   2.89e-23
  3.0696e+04   2.80e-23
  3.1408e+04   2.70e-23
  3.2137e+04   2.62e-23
  3.2883e+04   2.53e-23
  3.3646e+04   2.45e-23
  3.4426e+04   2.37e-23
  3.5225e+04   2.29e-23
  3.6042e+04   2.21e-23
  3.6878e+04   2.13e-23
  3.7734e+04   2.06e-23
  3.8609e+04   1.99e-23
  3.9505e+04   1.92e-23
  4.0422e+04   1.86e-23
  4.1360e+04   1.79e-23
  4.2319e+04   1.73e-23
  4.3301e+04   1.67e-23
  4.4306e+04   1.61e-23
  4.5334e+04   1.55e-23
  4.6386e+04   1.50e-23
  4.7462e+04   1.45e-23
  4.8563e+04   1.39e-23
  4.9690e+04   1.34e-23
  5.0843e+04   1.30e-23
  5.2022e+04   1.25e-23
  5.3229e+04   1.20e-23
  5.4464e+04   1.16e-23
  5.5728e+04   1.12e-23
  5.7021e+04   1.07e-23
  5.8344e+04   1.03e-23
  5.9697e+04   9.96e-24
  6.1083e+04   9.59e-24
  6.2500e+04   9.22e-24
  6.3950e+04   8.87e-24
  6.5434e+04   8.53e-24
  6.6952e+04   8.21e-24
  6.8505e+04   7.89e-24
  7.0095e+04   7.58e-24
  7.1721e+04   7.28e-24
  7.3385e+04   7.00e-24
  7.5088e+04   6.72e-24
  7.6830e+04   6.45e-24
  7.8612e+04   6.20e-24
  8.0436e+04   5.95e-24
  8.2302e+04   5.71e-24
  8.4212e+04   5.47e-24
  8.6166e+04   5.25e-24
  8.8165e+04   5.04e-24
  9.0210e+04   4.83e-24
  9.2304e+04   4.63e-24
  9.4445e+04   4.43e-24
  9.6636e+04   4.25e-24
  9.8878e+04   4.07e-24
  1.0117e+05   3.90e-24
  1.0352e+05   3.73e-24
  1.0592e+05   3.57e-24
  1.0838e+05   3.42e-24
  1.1089e+05   3.27e-24
  1.1347e+05   3.13e-24
  1.1610e+05   2.99e-24
  1.1879e+05   2.86e-24
  1.2155e+05   2.73e-24
  1.2437e+05   2.61e-24
  1.2725e+05   2.49e-24
  1.3021e+05   2.38e-24
  1.3323e+05   2.27e-24
  1.3632e+05   2.17e-24
  1.3948e+05   2.07e-24
  1.4272e+05   1.97e-24
  1.4603e+05   1.88e-24
  1.4942e+05   1.79e-24
  1.5288e+05   1.70e-24
  1.5643e+05   1.62e-24
  1.6006e+05   1.55e-24
  1.6377e+05   1.47e-24
  1.6757e+05   1.40e-24
  1.7146e+05   1.33e-24
  1.7544e+05   1.26e-24
  1.7951e+05   1.20e-24
  1.8368e+05   1.14e-24
  1.8794e+05   1.08e-24
  1.9230e+05   1.03e-24
  1.9676e+05   9.75e-25
  2.0132e+05   9.25e-25
  2.0600e+05   8.76e-25
  2.1078e+05   8.29e-25
  2.1567e+05   7.86e-25
  2.2067e+05   7.44e-25
  2.2579e+05   7.04e-25
  2.3103e+05   6.66e-25
  2.3639e+05   6.29e-25
  2.4187e+05   5.95e-25
  2.4748e+05   5.62e-25
  2.5323e+05   5.30e-25
  2.5910e+05   5.00e-25
  2.6511e+05   4.71e-25
  2.7126e+05   4.44e-25
  2.7756e+05   4.19e-25
  2.8400e+05   3.94e-25
  2.9059e+05   3.70e-25
  2.9733e+05   3.48e-25
  3.0423e+05   3.27e-25
  3.1129e+05   3.07e-25
  3.1851e+05   2.88e-25
  3.2590e+05   2.70e-25
  3.3346e+05   2.53e-25
  3.4120e+05   2.37e-25
  3.4911e+05   2.22e-25
  3.5721e+05   2.08e-25
  3.6550e+05   1.94e-25
  3.7398e+05   1.81e-25
  3.8266e+05   1.70e-25
  3.9154e+05   1.58e-25
  4.0062e+05   1.48e-25
  4.0991e+05   1.38e-25
  4.1943e+05   1.28e-25
  4.2916e+05   1.19e-25
  4.3911e+05   1.11e-25
  4.4930e+05   1.03e-25
  4.5973e+05   9.59e-26
  4.7039e+05   8.89e-26
  4.8131e+05   8.26e-26
  4.9247e+05   7.67e-26
  5.0390e+05   7.11e-26
  5.1559e+05   6.58e-26
  5.2755e+05   6.08e-26
  5.3979e+05   5.63e-26
  5.5232e+05   5.21e-26
  5.6513e+05   4.81e-26
  5.7824e+05   4.44e-26
  5.9166e+05   4.08e-26
  6.0539e+05   3.77e-26
  6.1943e+05   3.48e-26
  6.3381e+05   3.21e-26
  6.4851e+05   2.95e-26
  6.6356e+05   2.70e-26
  6.7895e+05   2.49e-26
  6.9471e+05   2.30e-26
  7.1082e+05   2.11e-26
  7.2732e+05   1.94e-26
  7.4419e+05   1.78e-26
  7.6146e+05   1.63e-26
  7.7912e+05   1.50e-26
  7.9720e+05   1.38e-26
  8.1570e+05   1.27e-26
  8.3462e+05   1.16e-26
  8.5399e+05   1.07e-26
  8.7380e+05   9.81e-27
  8.9407e+05   9.01e-27
  9.1482e+05   8.26e-27
  9.3604e+05   7.56e-27
  9.5776e+05   6.95e-27
  9.7998e+05   6.41e-27
  1.0027e+06   5.90e-27
  1.0260e+06   5.42e-27
  1.0498e+06   4.96e-27
  1.0741e+06   4.58e-27
  1.0991e+06   4.24e-27
  1.1246e+06   3.92e-27
  1.1507e+06   3.62e-27
  1.1774e+06   3.34e-27
  1.2047e+06   3.10e-27
  1.2326e+06   2.89e-27
  1.2612e+06   2.69e-27
  1.2905e+06   2.51e-27
  1.3204e+06   2.33e-27
  1.3511e+06   2.18e-27
  1.3824e+06   2.06e-27
  1.4145e+06   1.94e-27
  1.4473e+06   1.82e-27
  1.4809e+06   1.71e-27
  1.5152e+06   1.62e-27
  1.5504e+06   1.55e-27
  1.5864e+06   1.48e-27
  1.6232e+06   1.41e-27
  1.6608e+06   1.34e-27
  1.6994e+06   1.29e-27
  1.7388e+06   1.26e-27
  1.7791e+06   1.22e-27
  1.8204e+06   1.19e-27
  1.8626e+06   1.16e-27
  1.9059e+06   1.14e-27
  1.9501e+06   1.13e-27
  1.9953e+06   1.13e-27
  2.0416e+06   1.12e-27
  2.0890e+06   1.11e-27
  2.1375e+06   1.13e-27
  2.1870e+06   1.17e-27
  2.2378e+06   1.20e-27
  2.2897e+06   1.23e-27
  2.3428e+06   1.26e-27
  2.3972e+06   1.31e-27
  2.4528e+06   1.37e-27
  2.5097e+06   1.43e-27
  2.5680e+06   1.48e-27
  2.6275e+06   1.53e-27
  2.6885e+06   1.39e-27
  2.7509e+06   1.06e-27
  2.8147e+06   7.50e-28
  2.8800e+06   4.55e-28
