#  E [GeV]   # per interaction  [GeV^{-1}]
  3.0000e+01   3.47e-01
  3.0854e+01   3.36e-01
  3.1733e+01   3.24e-01
  3.2636e+01   3.14e-01
  3.3566e+01   3.03e-01
  3.4521e+01   2.93e-01
  3.5504e+01   2.83e-01
  3.6515e+01   2.73e-01
  3.7555e+01   2.64e-01
  3.8625e+01   2.55e-01
  3.9724e+01   2.46e-01
  4.0855e+01   2.37e-01
  4.2019e+01   2.29e-01
  4.3215e+01   2.21e-01
  4.4446e+01   2.13e-01
  4.5711e+01   2.06e-01
  4.7013e+01   1.98e-01
  4.8352e+01   1.91e-01
  4.9728e+01   1.84e-01
  5.1144e+01   1.77e-01
  5.2601e+01   1.71e-01
  5.4099e+01   1.65e-01
  5.5639e+01   1.58e-01
  5.7223e+01   1.52e-01
  5.8853e+01   1.47e-01
  6.0528e+01   1.41e-01
  6.2252e+01   1.36e-01
  6.4025e+01   1.31e-01
  6.5848e+01   1.25e-01
  6.7723e+01   1.21e-01
  6.9651e+01   1.16e-01
  7.1634e+01   1.11e-01
  7.3674e+01   1.07e-01
  7.5772e+01   1.03e-01
  7.7929e+01   9.86e-02
  8.0148e+01   9.46e-02
  8.2431e+01   9.08e-02
  8.4778e+01   8.71e-02
  8.7192e+01   8.35e-02
  8.9674e+01   8.01e-02
  9.2228e+01   7.68e-02
  9.4854e+01   7.36e-02
  9.7555e+01   7.05e-02
  1.0033e+02   6.75e-02
  1.0319e+02   6.46e-02
  1.0613e+02   6.18e-02
  1.0915e+02   5.92e-02
  1.1226e+02   5.66e-02
  1.1545e+02   5.41e-02
  1.1874e+02   5.17e-02
  1.2212e+02   4.95e-02
  1.2560e+02   4.73e-02
  1.2918e+02   4.51e-02
  1.3286e+02   4.31e-02
  1.3664e+02   4.12e-02
  1.4053e+02   3.93e-02
  1.4453e+02   3.75e-02
  1.4865e+02   3.58e-02
  1.5288e+02   3.41e-02
  1.5723e+02   3.25e-02
  1.6171e+02   3.10e-02
  1.6631e+02   2.95e-02
  1.7105e+02   2.81e-02
  1.7592e+02   2.68e-02
  1.8093e+02   2.55e-02
  1.8608e+02   2.42e-02
  1.9138e+02   2.30e-02
  1.9683e+02   2.19e-02
  2.0243e+02   2.08e-02
  2.0820e+02   1.97e-02
  2.1413e+02   1.87e-02
  2.2022e+02   1.78e-02
  2.2649e+02   1.68e-02
  2.3294e+02   1.60e-02
  2.3958e+02   1.51e-02
  2.4640e+02   1.43e-02
  2.5341e+02   1.36e-02
  2.6063e+02   1.28e-02
  2.6805e+02   1.21e-02
  2.7568e+02   1.15e-02
  2.8353e+02   1.08e-02
  2.9161e+02   1.02e-02
  2.9991e+02   9.65e-03
  3.0845e+02   9.11e-03
  3.1723e+02   8.59e-03
  3.2627e+02   8.10e-03
  3.3556e+02   7.63e-03
  3.4511e+02   7.18e-03
  3.5494e+02   6.76e-03
  3.6504e+02   6.36e-03
  3.7544e+02   5.97e-03
  3.8613e+02   5.61e-03
  3.9712e+02   5.27e-03
  4.0843e+02   4.94e-03
  4.2006e+02   4.63e-03
  4.3202e+02   4.34e-03
  4.4432e+02   4.07e-03
  4.5698e+02   3.81e-03
  4.6999e+02   3.56e-03
  4.8337e+02   3.33e-03
  4.9713e+02   3.11e-03
  5.1129e+02   2.91e-03
  5.2585e+02   2.71e-03
  5.4082e+02   2.53e-03
  5.5622e+02   2.36e-03
  5.7206e+02   2.20e-03
  5.8835e+02   2.05e-03
  6.0510e+02   1.90e-03
  6.2233e+02   1.77e-03
  6.4005e+02   1.65e-03
  6.5828e+02   1.53e-03
  6.7702e+02   1.42e-03
  6.9630e+02   1.32e-03
  7.1613e+02   1.23e-03
  7.3652e+02   1.14e-03
  7.5749e+02   1.05e-03
  7.7906e+02   9.75e-04
  8.0124e+02   9.04e-04
  8.2406e+02   8.36e-04
  8.4752e+02   7.72e-04
  8.7165e+02   7.15e-04
  8.9647e+02   6.61e-04
  9.2200e+02   6.11e-04
  9.4825e+02   5.63e-04
  9.7526e+02   5.20e-04
  1.0030e+03   4.81e-04
  1.0316e+03   4.43e-04
  1.0610e+03   4.08e-04
  1.0912e+03   3.76e-04
  1.1222e+03   3.47e-04
  1.1542e+03   3.20e-04
  1.1871e+03   2.94e-04
  1.2209e+03   2.70e-04
  1.2556e+03   2.49e-04
  1.2914e+03   2.29e-04
  1.3281e+03   2.11e-04
  1.3660e+03   1.93e-04
  1.4049e+03   1.78e-04
  1.4449e+03   1.64e-04
  1.4860e+03   1.50e-04
  1.5283e+03   1.37e-04
  1.5718e+03   1.26e-04
  1.6166e+03   1.16e-04
  1.6626e+03   1.06e-04
  1.7100e+03   9.69e-05
  1.7587e+03   8.91e-05
  1.8087e+03   8.17e-05
  1.8602e+03   7.48e-05
  1.9132e+03   6.82e-05
  1.9677e+03   6.26e-05
  2.0237e+03   5.74e-05
  2.0813e+03   5.25e-05
  2.1406e+03   4.78e-05
  2.2016e+03   4.39e-05
  2.2642e+03   4.03e-05
  2.3287e+03   3.68e-05
  2.3950e+03   3.36e-05
  2.4632e+03   3.08e-05
  2.5334e+03   2.83e-05
  2.6055e+03   2.59e-05
  2.6797e+03   2.36e-05
  2.7560e+03   2.17e-05
  2.8345e+03   2.00e-05
  2.9152e+03   1.83e-05
  2.9982e+03   1.67e-05
  3.0836e+03   1.54e-05
  3.1714e+03   1.43e-05
  3.2617e+03   1.32e-05
  3.3545e+03   1.21e-05
  3.4501e+03   1.12e-05
  3.5483e+03   1.05e-05
  3.6493e+03   9.78e-06
  3.7532e+03   9.10e-06
  3.8601e+03   8.50e-06
  3.9700e+03   8.01e-06
  4.0831e+03   7.55e-06
  4.1993e+03   7.11e-06
  4.3189e+03   6.71e-06
  4.4419e+03   6.41e-06
  4.5684e+03   6.11e-06
  4.6985e+03   5.82e-06
  4.8322e+03   5.57e-06
  4.9698e+03   5.43e-06
  5.1114e+03   5.29e-06
  5.2569e+03   5.15e-06
  5.4066e+03   5.02e-06
  5.5605e+03   5.02e-06
  5.7189e+03   5.01e-06
  5.8817e+03   4.99e-06
  6.0492e+03   4.96e-06
  6.2214e+03   5.21e-06
  6.3986e+03   5.44e-06
  6.5808e+03   5.63e-06
  6.7682e+03   5.78e-06
  6.9609e+03   6.54e-06
  7.1591e+03   7.32e-06
  7.3630e+03   7.99e-06
  7.5726e+03   8.56e-06
  7.7882e+03   7.94e-06
  8.0100e+03   7.02e-06
