#  E [GeV]   # per interaction  [GeV^{-1}]
  3.0000e+01   1.20e+00
  3.1141e+01   1.15e+00
  3.2326e+01   1.10e+00
  3.3556e+01   1.05e+00
  3.4832e+01   1.00e+00
  3.6157e+01   9.59e-01
  3.7533e+01   9.17e-01
  3.8961e+01   8.76e-01
  4.0443e+01   8.37e-01
  4.1982e+01   7.99e-01
  4.3579e+01   7.63e-01
  4.5237e+01   7.29e-01
  4.6958e+01   6.96e-01
  4.8744e+01   6.64e-01
  5.0598e+01   6.33e-01
  5.2523e+01   6.04e-01
  5.4521e+01   5.77e-01
  5.6596e+01   5.50e-01
  5.8749e+01   5.24e-01
  6.0984e+01   5.00e-01
  6.3304e+01   4.77e-01
  6.5712e+01   4.55e-01
  6.8212e+01   4.33e-01
  7.0807e+01   4.13e-01
  7.3500e+01   3.93e-01
  7.6297e+01   3.75e-01
  7.9199e+01   3.57e-01
  8.2212e+01   3.40e-01
  8.5340e+01   3.24e-01
  8.8586e+01   3.08e-01
  9.1956e+01   2.93e-01
  9.5455e+01   2.79e-01
  9.9086e+01   2.65e-01
  1.0286e+02   2.52e-01
  1.0677e+02   2.40e-01
  1.1083e+02   2.28e-01
  1.1505e+02   2.17e-01
  1.1942e+02   2.06e-01
  1.2397e+02   1.96e-01
  1.2868e+02   1.86e-01
  1.3358e+02   1.77e-01
  1.3866e+02   1.68e-01
  1.4394e+02   1.60e-01
  1.4941e+02   1.51e-01
  1.5509e+02   1.44e-01
  1.6100e+02   1.36e-01
  1.6712e+02   1.29e-01
  1.7348e+02   1.23e-01
  1.8008e+02   1.16e-01
  1.8693e+02   1.10e-01
  1.9404e+02   1.04e-01
  2.0142e+02   9.90e-02
  2.0908e+02   9.37e-02
  2.1704e+02   8.87e-02
  2.2529e+02   8.40e-02
  2.3387e+02   7.95e-02
  2.4276e+02   7.52e-02
  2.5200e+02   7.11e-02
  2.6158e+02   6.72e-02
  2.7154e+02   6.35e-02
  2.8187e+02   6.00e-02
  2.9259e+02   5.67e-02
  3.0372e+02   5.35e-02
  3.1527e+02   5.05e-02
  3.2727e+02   4.76e-02
  3.3972e+02   4.49e-02
  3.5264e+02   4.23e-02
  3.6606e+02   3.99e-02
  3.7998e+02   3.75e-02
  3.9444e+02   3.53e-02
  4.0945e+02   3.32e-02
  4.2502e+02   3.12e-02
  4.4119e+02   2.94e-02
  4.5798e+02   2.76e-02
  4.7540e+02   2.59e-02
  4.9348e+02   2.43e-02
  5.1226e+02   2.28e-02
  5.3175e+02   2.14e-02
  5.5198e+02   2.00e-02
  5.7297e+02   1.88e-02
  5.9477e+02   1.76e-02
  6.1740e+02   1.65e-02
  6.4089e+02   1.54e-02
  6.6527e+02   1.44e-02
  6.9058e+02   1.35e-02
  7.1685e+02   1.26e-02
  7.4412e+02   1.17e-02
  7.7243e+02   1.10e-02
  8.0181e+02   1.02e-02
  8.3232e+02   9.54e-03
  8.6398e+02   8.89e-03
  8.9685e+02   8.28e-03
  9.3097e+02   7.71e-03
  9.6638e+02   7.18e-03
  1.0031e+03   6.67e-03
  1.0413e+03   6.21e-03
  1.0809e+03   5.77e-03
  1.1220e+03   5.35e-03
  1.1647e+03   4.97e-03
  1.2090e+03   4.61e-03
  1.2550e+03   4.27e-03
  1.3028e+03   3.96e-03
  1.3523e+03   3.66e-03
  1.4038e+03   3.39e-03
  1.4572e+03   3.13e-03
  1.5126e+03   2.89e-03
  1.5702e+03   2.67e-03
  1.6299e+03   2.46e-03
  1.6919e+03   2.27e-03
  1.7563e+03   2.09e-03
  1.8231e+03   1.92e-03
  1.8925e+03   1.77e-03
  1.9645e+03   1.62e-03
  2.0392e+03   1.49e-03
  2.1168e+03   1.37e-03
  2.1973e+03   1.25e-03
  2.2809e+03   1.15e-03
  2.3677e+03   1.05e-03
  2.4577e+03   9.60e-04
  2.5512e+03   8.77e-04
  2.6483e+03   8.00e-04
  2.7490e+03   7.28e-04
  2.8536e+03   6.62e-04
  2.9622e+03   6.03e-04
  3.0749e+03   5.47e-04
  3.1918e+03   4.96e-04
  3.3133e+03   4.50e-04
  3.4393e+03   4.07e-04
  3.5702e+03   3.67e-04
  3.7060e+03   3.32e-04
  3.8470e+03   2.99e-04
  3.9933e+03   2.69e-04
  4.1452e+03   2.43e-04
  4.3029e+03   2.18e-04
  4.4666e+03   1.95e-04
  4.6366e+03   1.76e-04
  4.8129e+03   1.57e-04
  4.9960e+03   1.40e-04
  5.1861e+03   1.25e-04
  5.3834e+03   1.12e-04
  5.5882e+03   9.89e-05
  5.8008e+03   8.82e-05
  6.0215e+03   7.83e-05
  6.2506e+03   6.90e-05
  6.4883e+03   6.13e-05
  6.7352e+03   5.42e-05
  6.9914e+03   4.76e-05
  7.2574e+03   4.21e-05
  7.5335e+03   3.71e-05
  7.8201e+03   3.24e-05
  8.1176e+03   2.85e-05
  8.4264e+03   2.50e-05
  8.7470e+03   2.18e-05
  9.0797e+03   1.90e-05
  9.4251e+03   1.67e-05
  9.7837e+03   1.44e-05
  1.0156e+04   1.25e-05
  1.0542e+04   1.09e-05
  1.0943e+04   9.42e-06
  1.1360e+04   8.13e-06
  1.1792e+04   7.06e-06
  1.2240e+04   6.06e-06
  1.2706e+04   5.20e-06
  1.3189e+04   4.50e-06
  1.3691e+04   3.85e-06
  1.4212e+04   3.29e-06
  1.4753e+04   2.83e-06
  1.5314e+04   2.42e-06
  1.5897e+04   2.05e-06
  1.6501e+04   1.76e-06
  1.7129e+04   1.49e-06
  1.7781e+04   1.25e-06
  1.8457e+04   1.07e-06
  1.9159e+04   9.03e-07
  1.9888e+04   7.52e-07
  2.0645e+04   6.37e-07
  2.1430e+04   5.32e-07
  2.2245e+04   4.38e-07
  2.3092e+04   3.65e-07
  2.3970e+04   3.00e-07
  2.4882e+04   2.42e-07
  2.5829e+04   1.95e-07
  2.6811e+04   1.54e-07
  2.7831e+04   1.19e-07
  2.8890e+04   9.06e-08
  2.9989e+04   6.69e-08
  3.1130e+04   4.75e-08
  3.2314e+04   3.26e-08
  3.3544e+04   2.12e-08
  3.4820e+04   1.29e-08
  3.6144e+04   7.34e-09
  3.7519e+04   3.78e-09
  3.8947e+04   1.73e-09
  4.0428e+04   6.76e-10
  4.1966e+04   2.19e-10
  4.3563e+04   5.57e-11
  4.5220e+04   1.04e-11
  4.6941e+04   1.30e-12
  4.8726e+04   9.78e-14
  5.0580e+04   3.77e-15
