#  E [GeV]   # per interaction  [GeV^{-1}]
  3.0000e+01   1.06e+00
  3.1123e+01   1.02e+00
  3.2288e+01   9.71e-01
  3.3497e+01   9.28e-01
  3.4751e+01   8.86e-01
  3.6051e+01   8.47e-01
  3.7401e+01   8.08e-01
  3.8801e+01   7.72e-01
  4.0253e+01   7.37e-01
  4.1760e+01   7.03e-01
  4.3324e+01   6.71e-01
  4.4945e+01   6.41e-01
  4.6628e+01   6.11e-01
  4.8373e+01   5.83e-01
  5.0184e+01   5.56e-01
  5.2063e+01   5.30e-01
  5.4011e+01   5.06e-01
  5.6033e+01   4.82e-01
  5.8131e+01   4.60e-01
  6.0307e+01   4.38e-01
  6.2564e+01   4.17e-01
  6.4906e+01   3.98e-01
  6.7336e+01   3.79e-01
  6.9857e+01   3.61e-01
  7.2472e+01   3.44e-01
  7.5184e+01   3.27e-01
  7.7999e+01   3.12e-01
  8.0919e+01   2.97e-01
  8.3948e+01   2.82e-01
  8.7090e+01   2.68e-01
  9.0350e+01   2.55e-01
  9.3732e+01   2.43e-01
  9.7241e+01   2.31e-01
  1.0088e+02   2.20e-01
  1.0466e+02   2.09e-01
  1.0858e+02   1.99e-01
  1.1264e+02   1.89e-01
  1.1686e+02   1.79e-01
  1.2123e+02   1.70e-01
  1.2577e+02   1.62e-01
  1.3048e+02   1.54e-01
  1.3536e+02   1.46e-01
  1.4043e+02   1.38e-01
  1.4568e+02   1.31e-01
  1.5114e+02   1.25e-01
  1.5680e+02   1.18e-01
  1.6266e+02   1.12e-01
  1.6875e+02   1.06e-01
  1.7507e+02   1.01e-01
  1.8162e+02   9.53e-02
  1.8842e+02   9.02e-02
  1.9548e+02   8.54e-02
  2.0279e+02   8.08e-02
  2.1039e+02   7.65e-02
  2.1826e+02   7.23e-02
  2.2643e+02   6.83e-02
  2.3491e+02   6.46e-02
  2.4370e+02   6.10e-02
  2.5282e+02   5.75e-02
  2.6229e+02   5.43e-02
  2.7211e+02   5.12e-02
  2.8229e+02   4.82e-02
  2.9286e+02   4.54e-02
  3.0382e+02   4.27e-02
  3.1519e+02   4.02e-02
  3.2699e+02   3.78e-02
  3.3923e+02   3.55e-02
  3.5193e+02   3.33e-02
  3.6511e+02   3.12e-02
  3.7877e+02   2.93e-02
  3.9295e+02   2.74e-02
  4.0766e+02   2.57e-02
  4.2292e+02   2.40e-02
  4.3875e+02   2.24e-02
  4.5518e+02   2.09e-02
  4.7222e+02   1.95e-02
  4.8989e+02   1.82e-02
  5.0823e+02   1.69e-02
  5.2726e+02   1.57e-02
  5.4699e+02   1.46e-02
  5.6747e+02   1.35e-02
  5.8871e+02   1.26e-02
  6.1075e+02   1.16e-02
  6.3361e+02   1.08e-02
  6.5733e+02   9.97e-03
  6.8194e+02   9.23e-03
  7.0746e+02   8.54e-03
  7.3395e+02   7.89e-03
  7.6142e+02   7.29e-03
  7.8992e+02   6.74e-03
  8.1949e+02   6.23e-03
  8.5017e+02   5.75e-03
  8.8199e+02   5.31e-03
  9.1501e+02   4.90e-03
  9.4926e+02   4.52e-03
  9.8479e+02   4.18e-03
  1.0217e+03   3.85e-03
  1.0599e+03   3.55e-03
  1.0996e+03   3.27e-03
  1.1407e+03   3.01e-03
  1.1834e+03   2.77e-03
  1.2277e+03   2.55e-03
  1.2737e+03   2.35e-03
  1.3214e+03   2.16e-03
  1.3708e+03   1.99e-03
  1.4222e+03   1.83e-03
  1.4754e+03   1.68e-03
  1.5306e+03   1.54e-03
  1.5879e+03   1.42e-03
  1.6474e+03   1.30e-03
  1.7090e+03   1.19e-03
  1.7730e+03   1.09e-03
  1.8394e+03   1.00e-03
  1.9082e+03   9.18e-04
  1.9797e+03   8.41e-04
  2.0538e+03   7.69e-04
  2.1306e+03   7.02e-04
  2.2104e+03   6.42e-04
  2.2931e+03   5.85e-04
  2.3790e+03   5.32e-04
  2.4680e+03   4.85e-04
  2.5604e+03   4.41e-04
  2.6563e+03   4.00e-04
  2.7557e+03   3.63e-04
  2.8589e+03   3.29e-04
  2.9659e+03   2.97e-04
  3.0769e+03   2.68e-04
  3.1921e+03   2.42e-04
  3.3116e+03   2.17e-04
  3.4355e+03   1.95e-04
  3.5641e+03   1.75e-04
  3.6976e+03   1.57e-04
  3.8360e+03   1.40e-04
  3.9796e+03   1.25e-04
  4.1285e+03   1.11e-04
  4.2831e+03   9.85e-05
  4.4434e+03   8.74e-05
  4.6097e+03   7.71e-05
  4.7823e+03   6.76e-05
  4.9613e+03   5.96e-05
  5.1470e+03   5.22e-05
  5.3397e+03   4.53e-05
  5.5396e+03   3.96e-05
  5.7470e+03   3.44e-05
  5.9621e+03   2.96e-05
  6.1853e+03   2.55e-05
  6.4168e+03   2.20e-05
  6.6570e+03   1.87e-05
  6.9062e+03   1.60e-05
  7.1647e+03   1.36e-05
  7.4329e+03   1.14e-05
  7.7112e+03   9.58e-06
  7.9998e+03   8.05e-06
  8.2993e+03   6.68e-06
  8.6100e+03   5.51e-06
  8.9323e+03   4.55e-06
  9.2666e+03   3.71e-06
  9.6135e+03   2.99e-06
  9.9734e+03   2.43e-06
  1.0347e+04   1.94e-06
  1.0734e+04   1.52e-06
  1.1136e+04   1.21e-06
  1.1553e+04   9.41e-07
  1.1985e+04   7.16e-07
  1.2434e+04   5.52e-07
  1.2899e+04   4.16e-07
  1.3382e+04   3.05e-07
  1.3883e+04   2.25e-07
  1.4403e+04   1.63e-07
  1.4942e+04   1.14e-07
  1.5501e+04   7.97e-08
  1.6081e+04   5.45e-08
  1.6683e+04   3.58e-08
  1.7308e+04   2.32e-08
  1.7956e+04   1.46e-08
  1.8628e+04   8.80e-09
  1.9325e+04   5.11e-09
  2.0049e+04   2.88e-09
  2.0799e+04   1.53e-09
  2.1578e+04   7.59e-10
  2.2386e+04   3.61e-10
  2.3224e+04   1.57e-10
  2.4093e+04   6.18e-11
  2.4995e+04   2.24e-11
  2.5930e+04   7.07e-12
  2.6901e+04   1.91e-12
  2.7908e+04   4.43e-13
  2.8953e+04   8.30e-14
  3.0037e+04   1.20e-14
  3.1161e+04   1.30e-15
  3.2327e+04   9.76e-17
  3.3537e+04   4.68e-18
  3.4793e+04   1.31e-19
  3.6095e+04   1.89e-21
  3.7446e+04   1.19e-23
  3.8848e+04   2.70e-26
  4.0302e+04   1.70e-29
  4.1811e+04   2.13e-33
  4.3376e+04   3.49e-38
  4.5000e+04   4.23e-44
