#  E [MeV]   Flux [# cm^{-2} s^{-1}  MeV^{-1}]
  3.0000e+04   2.58e-20
  3.1123e+04   2.47e-20
  3.2288e+04   2.36e-20
  3.3497e+04   2.26e-20
  3.4751e+04   2.16e-20
  3.6051e+04   2.07e-20
  3.7401e+04   1.97e-20
  3.8801e+04   1.89e-20
  4.0253e+04   1.80e-20
  4.1760e+04   1.72e-20
  4.3324e+04   1.64e-20
  4.4945e+04   1.57e-20
  4.6628e+04   1.50e-20
  4.8373e+04   1.43e-20
  5.0184e+04   1.37e-20
  5.2063e+04   1.30e-20
  5.4011e+04   1.24e-20
  5.6033e+04   1.19e-20
  5.8131e+04   1.13e-20
  6.0307e+04   1.08e-20
  6.2564e+04   1.03e-20
  6.4906e+04   9.80e-21
  6.7336e+04   9.34e-21
  6.9857e+04   8.90e-21
  7.2472e+04   8.48e-21
  7.5184e+04   8.07e-21
  7.7999e+04   7.69e-21
  8.0919e+04   7.32e-21
  8.3948e+04   6.97e-21
  8.7090e+04   6.63e-21
  9.0350e+04   6.31e-21
  9.3732e+04   6.00e-21
  9.7241e+04   5.71e-21
  1.0088e+05   5.43e-21
  1.0466e+05   5.16e-21
  1.0858e+05   4.90e-21
  1.1264e+05   4.66e-21
  1.1686e+05   4.42e-21
  1.2123e+05   4.20e-21
  1.2577e+05   3.99e-21
  1.3048e+05   3.78e-21
  1.3536e+05   3.59e-21
  1.4043e+05   3.40e-21
  1.4568e+05   3.23e-21
  1.5114e+05   3.06e-21
  1.5680e+05   2.90e-21
  1.6266e+05   2.74e-21
  1.6875e+05   2.60e-21
  1.7507e+05   2.46e-21
  1.8162e+05   2.32e-21
  1.8842e+05   2.20e-21
  1.9548e+05   2.08e-21
  2.0279e+05   1.96e-21
  2.1039e+05   1.85e-21
  2.1826e+05   1.75e-21
  2.2643e+05   1.65e-21
  2.3491e+05   1.55e-21
  2.4370e+05   1.46e-21
  2.5282e+05   1.38e-21
  2.6229e+05   1.29e-21
  2.7211e+05   1.22e-21
  2.8229e+05   1.14e-21
  2.9286e+05   1.07e-21
  3.0382e+05   1.01e-21
  3.1519e+05   9.42e-22
  3.2699e+05   8.82e-22
  3.3923e+05   8.25e-22
  3.5193e+05   7.72e-22
  3.6511e+05   7.21e-22
  3.7877e+05   6.72e-22
  3.9295e+05   6.27e-22
  4.0766e+05   5.84e-22
  4.2292e+05   5.44e-22
  4.3875e+05   5.06e-22
  4.5518e+05   4.70e-22
  4.7222e+05   4.37e-22
  4.8989e+05   4.05e-22
  5.0823e+05   3.76e-22
  5.2726e+05   3.48e-22
  5.4699e+05   3.22e-22
  5.6747e+05   2.98e-22
  5.8871e+05   2.76e-22
  6.1075e+05   2.54e-22
  6.3361e+05   2.35e-22
  6.5733e+05   2.17e-22
  6.8194e+05   2.00e-22
  7.0746e+05   1.84e-22
  7.3395e+05   1.70e-22
  7.6142e+05   1.56e-22
  7.8992e+05   1.44e-22
  8.1949e+05   1.32e-22
  8.5017e+05   1.21e-22
  8.8199e+05   1.12e-22
  9.1501e+05   1.02e-22
  9.4926e+05   9.40e-23
  9.8479e+05   8.63e-23
  1.0217e+06   7.92e-23
  1.0599e+06   7.25e-23
  1.0996e+06   6.65e-23
  1.1407e+06   6.09e-23
  1.1834e+06   5.58e-23
  1.2277e+06   5.11e-23
  1.2737e+06   4.67e-23
  1.3214e+06   4.27e-23
  1.3708e+06   3.91e-23
  1.4222e+06   3.57e-23
  1.4754e+06   3.26e-23
  1.5306e+06   2.98e-23
  1.5879e+06   2.72e-23
  1.6474e+06   2.48e-23
  1.7090e+06   2.26e-23
  1.7730e+06   2.07e-23
  1.8394e+06   1.88e-23
  1.9082e+06   1.71e-23
  1.9797e+06   1.56e-23
  2.0538e+06   1.42e-23
  2.1306e+06   1.29e-23
  2.2104e+06   1.17e-23
  2.2931e+06   1.06e-23
  2.3790e+06   9.59e-24
  2.4680e+06   8.69e-24
  2.5604e+06   7.86e-24
  2.6563e+06   7.08e-24
  2.7557e+06   6.40e-24
  2.8589e+06   5.77e-24
  2.9659e+06   5.18e-24
  3.0769e+06   4.66e-24
  3.1921e+06   4.18e-24
  3.3116e+06   3.74e-24
  3.4355e+06   3.35e-24
  3.5641e+06   2.99e-24
  3.6976e+06   2.67e-24
  3.8360e+06   2.37e-24
  3.9796e+06   2.11e-24
  4.1285e+06   1.87e-24
  4.2831e+06   1.65e-24
  4.4434e+06   1.46e-24
  4.6097e+06   1.28e-24
  4.7823e+06   1.12e-24
  4.9613e+06   9.89e-25
  5.1470e+06   8.65e-25
  5.3397e+06   7.50e-25
  5.5396e+06   6.55e-25
  5.7470e+06   5.68e-25
  5.9621e+06   4.88e-25
  6.1853e+06   4.22e-25
  6.4168e+06   3.63e-25
  6.6570e+06   3.10e-25
  6.9062e+06   2.65e-25
  7.1647e+06   2.26e-25
  7.4329e+06   1.90e-25
  7.7112e+06   1.60e-25
  7.9998e+06   1.35e-25
  8.2993e+06   1.13e-25
  8.6100e+06   9.34e-26
  8.9323e+06   7.76e-26
  9.2666e+06   6.36e-26
  9.6135e+06   5.17e-26
  9.9734e+06   4.23e-26
  1.0347e+07   3.40e-26
  1.0734e+07   2.70e-26
  1.1136e+07   2.16e-26
  1.1553e+07   1.70e-26
  1.1985e+07   1.32e-26
  1.2434e+07   1.03e-26
  1.2899e+07   7.84e-27
  1.3382e+07   5.86e-27
  1.3883e+07   4.39e-27
  1.4403e+07   3.23e-27
  1.4942e+07   2.31e-27
  1.5501e+07   1.64e-27
  1.6081e+07   1.14e-27
  1.6683e+07   7.68e-28
  1.7308e+07   5.08e-28
  1.7956e+07   3.27e-28
  1.8628e+07   2.01e-28
  1.9325e+07   1.20e-28
  2.0049e+07   6.85e-29
  2.0799e+07   3.69e-29
  2.1578e+07   1.88e-29
  2.2386e+07   8.94e-30
  2.3224e+07   3.90e-30
  2.4093e+07   1.54e-30
  2.4995e+07   5.48e-31
  2.5930e+07   1.70e-31
  2.6901e+07   4.49e-32
  2.7908e+07   9.92e-33
  2.8953e+07   1.75e-33
  3.0037e+07   2.37e-34
  3.1161e+07   2.35e-35
  3.2327e+07   1.58e-36
  3.3537e+07   6.67e-38
  3.4793e+07   1.59e-39
  3.6095e+07   1.89e-41
  3.7446e+07   9.51e-44
  3.8848e+07   1.64e-46
  4.0302e+07   7.44e-50
  4.1811e+07   6.28e-54
  4.3376e+07   6.37e-59
  4.5000e+07   4.28e-65
