#  E [MeV]   Flux [# cm^{-2} s^{-1}  MeV^{-1}]
  3.0000e+04   4.79e-22
  3.0517e+04   4.65e-22
  3.1043e+04   4.50e-22
  3.1578e+04   4.37e-22
  3.2123e+04   4.24e-22
  3.2676e+04   4.11e-22
  3.3240e+04   3.98e-22
  3.3813e+04   3.86e-22
  3.4396e+04   3.74e-22
  3.4989e+04   3.62e-22
  3.5592e+04   3.51e-22
  3.6205e+04   3.40e-22
  3.6829e+04   3.29e-22
  3.7464e+04   3.19e-22
  3.8110e+04   3.09e-22
  3.8767e+04   2.99e-22
  3.9435e+04   2.90e-22
  4.0115e+04   2.80e-22
  4.0807e+04   2.71e-22
  4.1510e+04   2.63e-22
  4.2226e+04   2.54e-22
  4.2953e+04   2.46e-22
  4.3694e+04   2.38e-22
  4.4447e+04   2.30e-22
  4.5213e+04   2.22e-22
  4.5993e+04   2.15e-22
  4.6786e+04   2.08e-22
  4.7592e+04   2.01e-22
  4.8412e+04   1.94e-22
  4.9247e+04   1.88e-22
  5.0096e+04   1.81e-22
  5.0960e+04   1.75e-22
  5.1838e+04   1.69e-22
  5.2732e+04   1.63e-22
  5.3641e+04   1.58e-22
  5.4565e+04   1.52e-22
  5.5506e+04   1.47e-22
  5.6463e+04   1.42e-22
  5.7436e+04   1.37e-22
  5.8426e+04   1.32e-22
  5.9433e+04   1.27e-22
  6.0458e+04   1.23e-22
  6.1500e+04   1.18e-22
  6.2560e+04   1.14e-22
  6.3639e+04   1.10e-22
  6.4736e+04   1.06e-22
  6.5852e+04   1.02e-22
  6.6987e+04   9.87e-23
  6.8142e+04   9.50e-23
  6.9316e+04   9.15e-23
  7.0511e+04   8.82e-23
  7.1727e+04   8.49e-23
  7.2963e+04   8.18e-23
  7.4221e+04   7.88e-23
  7.5500e+04   7.58e-23
  7.6802e+04   7.29e-23
  7.8126e+04   7.01e-23
  7.9472e+04   6.75e-23
  8.0842e+04   6.50e-23
  8.2236e+04   6.25e-23
  8.3654e+04   6.01e-23
  8.5096e+04   5.78e-23
  8.6563e+04   5.55e-23
  8.8055e+04   5.34e-23
  8.9573e+04   5.13e-23
  9.1117e+04   4.93e-23
  9.2687e+04   4.73e-23
  9.4285e+04   4.54e-23
  9.5911e+04   4.36e-23
  9.7564e+04   4.18e-23
  9.9246e+04   4.01e-23
  1.0096e+05   3.85e-23
  1.0270e+05   3.70e-23
  1.0447e+05   3.54e-23
  1.0627e+05   3.40e-23
  1.0810e+05   3.25e-23
  1.0996e+05   3.11e-23
  1.1186e+05   2.99e-23
  1.1379e+05   2.86e-23
  1.1575e+05   2.74e-23
  1.1774e+05   2.62e-23
  1.1977e+05   2.51e-23
  1.2184e+05   2.40e-23
  1.2394e+05   2.30e-23
  1.2608e+05   2.20e-23
  1.2825e+05   2.10e-23
  1.3046e+05   2.01e-23
  1.3271e+05   1.92e-23
  1.3500e+05   1.83e-23
  1.3732e+05   1.75e-23
  1.3969e+05   1.67e-23
  1.4210e+05   1.60e-23
  1.4455e+05   1.53e-23
  1.4704e+05   1.46e-23
  1.4957e+05   1.39e-23
  1.5215e+05   1.32e-23
  1.5478e+05   1.26e-23
  1.5744e+05   1.20e-23
  1.6016e+05   1.15e-23
  1.6292e+05   1.09e-23
  1.6573e+05   1.04e-23
  1.6858e+05   9.92e-24
  1.7149e+05   9.43e-24
  1.7445e+05   8.96e-24
  1.7745e+05   8.54e-24
  1.8051e+05   8.13e-24
  1.8362e+05   7.73e-24
  1.8679e+05   7.35e-24
  1.9001e+05   6.97e-24
  1.9328e+05   6.60e-24
  1.9662e+05   6.27e-24
  2.0001e+05   5.96e-24
  2.0345e+05   5.67e-24
  2.0696e+05   5.38e-24
  2.1053e+05   5.10e-24
  2.1416e+05   4.83e-24
  2.1785e+05   4.56e-24
  2.2160e+05   4.33e-24
  2.2543e+05   4.11e-24
  2.2931e+05   3.90e-24
  2.3326e+05   3.69e-24
  2.3729e+05   3.49e-24
  2.4138e+05   3.29e-24
  2.4554e+05   3.11e-24
  2.4977e+05   2.95e-24
  2.5407e+05   2.79e-24
  2.5845e+05   2.64e-24
  2.6291e+05   2.50e-24
  2.6744e+05   2.36e-24
  2.7205e+05   2.22e-24
  2.7674e+05   2.09e-24
  2.8151e+05   1.98e-24
  2.8637e+05   1.87e-24
  2.9130e+05   1.77e-24
  2.9632e+05   1.67e-24
  3.0143e+05   1.57e-24
  3.0663e+05   1.48e-24
  3.1191e+05   1.40e-24
  3.1729e+05   1.32e-24
  3.2276e+05   1.25e-24
  3.2832e+05   1.18e-24
  3.3398e+05   1.11e-24
  3.3974e+05   1.04e-24
  3.4560e+05   9.80e-25
  3.5155e+05   9.27e-25
  3.5761e+05   8.78e-25
  3.6378e+05   8.30e-25
  3.7005e+05   7.84e-25
  3.7643e+05   7.40e-25
  3.8292e+05   6.96e-25
  3.8952e+05   6.55e-25
  3.9623e+05   6.23e-25
  4.0306e+05   5.91e-25
  4.1001e+05   5.61e-25
  4.1708e+05   5.31e-25
  4.2427e+05   5.03e-25
  4.3158e+05   4.75e-25
  4.3902e+05   4.50e-25
  4.4659e+05   4.30e-25
  4.5429e+05   4.10e-25
  4.6212e+05   3.91e-25
  4.7009e+05   3.73e-25
  4.7819e+05   3.55e-25
  4.8643e+05   3.37e-25
  4.9482e+05   3.23e-25
  5.0335e+05   3.10e-25
  5.1203e+05   2.98e-25
  5.2085e+05   2.86e-25
  5.2983e+05   2.74e-25
  5.3897e+05   2.63e-25
  5.4826e+05   2.52e-25
  5.5771e+05   2.45e-25
  5.6732e+05   2.38e-25
  5.7710e+05   2.32e-25
  5.8705e+05   2.25e-25
  5.9717e+05   2.19e-25
  6.0746e+05   2.13e-25
  6.1793e+05   2.07e-25
  6.2859e+05   2.04e-25
  6.3942e+05   2.01e-25
  6.5045e+05   1.98e-25
  6.6166e+05   1.96e-25
  6.7306e+05   1.93e-25
  6.8467e+05   1.90e-25
  6.9647e+05   1.88e-25
  7.0847e+05   1.88e-25
  7.2069e+05   1.87e-25
  7.3311e+05   1.86e-25
  7.4575e+05   1.86e-25
  7.5860e+05   1.85e-25
  7.7168e+05   1.84e-25
  7.8498e+05   1.70e-25
  7.9852e+05   1.49e-25
  8.1228e+05   1.28e-25
  8.2628e+05   1.09e-25
  8.4053e+05   8.96e-26
  8.5502e+05   7.14e-26
  8.6976e+05   5.38e-26
  8.8475e+05   4.48e-26
  9.0000e+05   3.68e-26
