#  E [MeV]   Flux [# cm^{-2} s^{-1}  MeV^{-1}]
  3.0000e+04   6.52e-25
  3.0696e+04   6.31e-25
  3.1408e+04   6.11e-25
  3.2137e+04   5.92e-25
  3.2883e+04   5.73e-25
  3.3646e+04   5.54e-25
  3.4426e+04   5.36e-25
  3.5225e+04   5.19e-25
  3.6042e+04   5.02e-25
  3.6878e+04   4.86e-25
  3.7734e+04   4.70e-25
  3.8609e+04   4.55e-25
  3.9505e+04   4.40e-25
  4.0422e+04   4.26e-25
  4.1360e+04   4.12e-25
  4.2319e+04   3.98e-25
  4.3301e+04   3.85e-25
  4.4306e+04   3.73e-25
  4.5334e+04   3.61e-25
  4.6386e+04   3.49e-25
  4.7462e+04   3.37e-25
  4.8563e+04   3.26e-25
  4.9690e+04   3.16e-25
  5.0843e+04   3.05e-25
  5.2022e+04   2.95e-25
  5.3229e+04   2.85e-25
  5.4464e+04   2.76e-25
  5.5728e+04   2.67e-25
  5.7021e+04   2.58e-25
  5.8344e+04   2.50e-25
  5.9697e+04   2.41e-25
  6.1083e+04   2.34e-25
  6.2500e+04   2.26e-25
  6.3950e+04   2.18e-25
  6.5434e+04   2.11e-25
  6.6952e+04   2.04e-25
  6.8505e+04   1.97e-25
  7.0095e+04   1.91e-25
  7.1721e+04   1.85e-25
  7.3385e+04   1.79e-25
  7.5088e+04   1.73e-25
  7.6830e+04   1.67e-25
  7.8612e+04   1.62e-25
  8.0436e+04   1.56e-25
  8.2302e+04   1.51e-25
  8.4212e+04   1.46e-25
  8.6166e+04   1.41e-25
  8.8165e+04   1.37e-25
  9.0210e+04   1.32e-25
  9.2304e+04   1.28e-25
  9.4445e+04   1.24e-25
  9.6636e+04   1.20e-25
  9.8878e+04   1.16e-25
  1.0117e+05   1.12e-25
  1.0352e+05   1.08e-25
  1.0592e+05   1.05e-25
  1.0838e+05   1.01e-25
  1.1089e+05   9.80e-26
  1.1347e+05   9.47e-26
  1.1610e+05   9.16e-26
  1.1879e+05   8.86e-26
  1.2155e+05   8.57e-26
  1.2437e+05   8.29e-26
  1.2725e+05   8.02e-26
  1.3021e+05   7.75e-26
  1.3323e+05   7.50e-26
  1.3632e+05   7.25e-26
  1.3948e+05   7.02e-26
  1.4272e+05   6.79e-26
  1.4603e+05   6.56e-26
  1.4942e+05   6.35e-26
  1.5288e+05   6.14e-26
  1.5643e+05   5.94e-26
  1.6006e+05   5.75e-26
  1.6377e+05   5.56e-26
  1.6757e+05   5.37e-26
  1.7146e+05   5.20e-26
  1.7544e+05   5.03e-26
  1.7951e+05   4.86e-26
  1.8368e+05   4.70e-26
  1.8794e+05   4.54e-26
  1.9230e+05   4.39e-26
  1.9676e+05   4.25e-26
  2.0132e+05   4.11e-26
  2.0600e+05   3.97e-26
  2.1078e+05   3.83e-26
  2.1567e+05   3.71e-26
  2.2067e+05   3.58e-26
  2.2579e+05   3.46e-26
  2.3103e+05   3.34e-26
  2.3639e+05   3.23e-26
  2.4187e+05   3.12e-26
  2.4748e+05   3.01e-26
  2.5323e+05   2.91e-26
  2.5910e+05   2.81e-26
  2.6511e+05   2.71e-26
  2.7126e+05   2.62e-26
  2.7756e+05   2.52e-26
  2.8400e+05   2.44e-26
  2.9059e+05   2.35e-26
  2.9733e+05   2.27e-26
  3.0423e+05   2.19e-26
  3.1129e+05   2.11e-26
  3.1851e+05   2.03e-26
  3.2590e+05   1.96e-26
  3.3346e+05   1.88e-26
  3.4120e+05   1.82e-26
  3.4911e+05   1.75e-26
  3.5721e+05   1.68e-26
  3.6550e+05   1.62e-26
  3.7398e+05   1.56e-26
  3.8266e+05   1.50e-26
  3.9154e+05   1.44e-26
  4.0062e+05   1.39e-26
  4.0991e+05   1.33e-26
  4.1943e+05   1.28e-26
  4.2916e+05   1.23e-26
  4.3911e+05   1.18e-26
  4.4930e+05   1.13e-26
  4.5973e+05   1.09e-26
  4.7039e+05   1.04e-26
  4.8131e+05   1.00e-26
  4.9247e+05   9.62e-27
  5.0390e+05   9.23e-27
  5.1559e+05   8.85e-27
  5.2755e+05   8.48e-27
  5.3979e+05   8.13e-27
  5.5232e+05   7.79e-27
  5.6513e+05   7.46e-27
  5.7824e+05   7.14e-27
  5.9166e+05   6.84e-27
  6.0539e+05   6.55e-27
  6.1943e+05   6.26e-27
  6.3381e+05   5.99e-27
  6.4851e+05   5.73e-27
  6.6356e+05   5.48e-27
  6.7895e+05   5.24e-27
  6.9471e+05   5.01e-27
  7.1082e+05   4.79e-27
  7.2732e+05   4.58e-27
  7.4419e+05   4.38e-27
  7.6146e+05   4.18e-27
  7.7912e+05   4.00e-27
  7.9720e+05   3.82e-27
  8.1570e+05   3.65e-27
  8.3462e+05   3.49e-27
  8.5399e+05   3.33e-27
  8.7380e+05   3.19e-27
  8.9407e+05   3.04e-27
  9.1482e+05   2.91e-27
  9.3604e+05   2.78e-27
  9.5776e+05   2.66e-27
  9.7998e+05   2.54e-27
  1.0027e+06   2.43e-27
  1.0260e+06   2.32e-27
  1.0498e+06   2.22e-27
  1.0741e+06   2.12e-27
  1.0991e+06   2.02e-27
  1.1246e+06   1.93e-27
  1.1507e+06   1.85e-27
  1.1774e+06   1.77e-27
  1.2047e+06   1.69e-27
  1.2326e+06   1.61e-27
  1.2612e+06   1.54e-27
  1.2905e+06   1.48e-27
  1.3204e+06   1.41e-27
  1.3511e+06   1.35e-27
  1.3824e+06   1.29e-27
  1.4145e+06   1.24e-27
  1.4473e+06   1.18e-27
  1.4809e+06   1.13e-27
  1.5152e+06   1.08e-27
  1.5504e+06   1.04e-27
  1.5864e+06   9.93e-28
  1.6232e+06   9.51e-28
  1.6608e+06   9.11e-28
  1.6994e+06   8.73e-28
  1.7388e+06   8.36e-28
  1.7791e+06   8.00e-28
  1.8204e+06   7.66e-28
  1.8626e+06   7.34e-28
  1.9059e+06   7.03e-28
  1.9501e+06   6.73e-28
  1.9953e+06   6.44e-28
  2.0416e+06   6.17e-28
  2.0890e+06   5.90e-28
  2.1375e+06   5.65e-28
  2.1870e+06   5.41e-28
  2.2378e+06   5.17e-28
  2.2897e+06   4.95e-28
  2.3428e+06   4.74e-28
  2.3972e+06   4.53e-28
  2.4528e+06   4.33e-28
  2.5097e+06   4.14e-28
  2.5680e+06   3.95e-28
  2.6275e+06   3.78e-28
  2.6885e+06   3.62e-28
  2.7509e+06   3.48e-28
  2.8147e+06   3.34e-28
  2.8800e+06   3.21e-28
