#  E [MeV]   Flux [# cm^{-2} s^{-1}  MeV^{-1}]
  3.0000e+04   4.52e-25
  3.1141e+04   4.31e-25
  3.2326e+04   4.12e-25
  3.3556e+04   3.94e-25
  3.4832e+04   3.76e-25
  3.6157e+04   3.59e-25
  3.7533e+04   3.43e-25
  3.8961e+04   3.27e-25
  4.0443e+04   3.12e-25
  4.1982e+04   2.98e-25
  4.3579e+04   2.84e-25
  4.5237e+04   2.71e-25
  4.6958e+04   2.58e-25
  4.8744e+04   2.46e-25
  5.0598e+04   2.35e-25
  5.2523e+04   2.24e-25
  5.4521e+04   2.13e-25
  5.6596e+04   2.03e-25
  5.8749e+04   1.94e-25
  6.0984e+04   1.85e-25
  6.3304e+04   1.76e-25
  6.5712e+04   1.67e-25
  6.8212e+04   1.59e-25
  7.0807e+04   1.52e-25
  7.3500e+04   1.44e-25
  7.6297e+04   1.37e-25
  7.9199e+04   1.31e-25
  8.2212e+04   1.24e-25
  8.5340e+04   1.18e-25
  8.8586e+04   1.13e-25
  9.1956e+04   1.07e-25
  9.5455e+04   1.02e-25
  9.9086e+04   9.67e-26
  1.0286e+05   9.19e-26
  1.0677e+05   8.73e-26
  1.1083e+05   8.29e-26
  1.1505e+05   7.88e-26
  1.1942e+05   7.48e-26
  1.2397e+05   7.10e-26
  1.2868e+05   6.74e-26
  1.3358e+05   6.40e-26
  1.3866e+05   6.07e-26
  1.4394e+05   5.76e-26
  1.4941e+05   5.46e-26
  1.5509e+05   5.17e-26
  1.6100e+05   4.90e-26
  1.6712e+05   4.65e-26
  1.7348e+05   4.40e-26
  1.8008e+05   4.17e-26
  1.8693e+05   3.95e-26
  1.9404e+05   3.73e-26
  2.0142e+05   3.53e-26
  2.0908e+05   3.34e-26
  2.1704e+05   3.16e-26
  2.2529e+05   2.98e-26
  2.3387e+05   2.82e-26
  2.4276e+05   2.66e-26
  2.5200e+05   2.51e-26
  2.6158e+05   2.37e-26
  2.7154e+05   2.23e-26
  2.8187e+05   2.10e-26
  2.9259e+05   1.98e-26
  3.0372e+05   1.86e-26
  3.1527e+05   1.75e-26
  3.2727e+05   1.65e-26
  3.3972e+05   1.55e-26
  3.5264e+05   1.45e-26
  3.6606e+05   1.36e-26
  3.7998e+05   1.28e-26
  3.9444e+05   1.20e-26
  4.0945e+05   1.12e-26
  4.2502e+05   1.05e-26
  4.4119e+05   9.81e-27
  4.5798e+05   9.16e-27
  4.7540e+05   8.54e-27
  4.9348e+05   7.97e-27
  5.1226e+05   7.42e-27
  5.3175e+05   6.91e-27
  5.5198e+05   6.42e-27
  5.7297e+05   5.97e-27
  5.9477e+05   5.54e-27
  6.1740e+05   5.14e-27
  6.4089e+05   4.76e-27
  6.6527e+05   4.41e-27
  6.9058e+05   4.08e-27
  7.1685e+05   3.78e-27
  7.4412e+05   3.49e-27
  7.7243e+05   3.23e-27
  8.0181e+05   2.98e-27
  8.3232e+05   2.76e-27
  8.6398e+05   2.55e-27
  8.9685e+05   2.35e-27
  9.3097e+05   2.17e-27
  9.6638e+05   2.01e-27
  1.0031e+06   1.85e-27
  1.0413e+06   1.71e-27
  1.0809e+06   1.58e-27
  1.1220e+06   1.46e-27
  1.1647e+06   1.34e-27
  1.2090e+06   1.24e-27
  1.2550e+06   1.14e-27
  1.3028e+06   1.05e-27
  1.3523e+06   9.68e-28
  1.4038e+06   8.91e-28
  1.4572e+06   8.20e-28
  1.5126e+06   7.54e-28
  1.5702e+06   6.94e-28
  1.6299e+06   6.38e-28
  1.6919e+06   5.86e-28
  1.7563e+06   5.39e-28
  1.8231e+06   4.95e-28
  1.8925e+06   4.53e-28
  1.9645e+06   4.16e-28
  2.0392e+06   3.81e-28
  2.1168e+06   3.49e-28
  2.1973e+06   3.19e-28
  2.2809e+06   2.92e-28
  2.3677e+06   2.67e-28
  2.4577e+06   2.43e-28
  2.5512e+06   2.22e-28
  2.6483e+06   2.02e-28
  2.7490e+06   1.83e-28
  2.8536e+06   1.67e-28
  2.9622e+06   1.51e-28
  3.0749e+06   1.37e-28
  3.1918e+06   1.24e-28
  3.3133e+06   1.11e-28
  3.4393e+06   1.00e-28
  3.5702e+06   9.04e-29
  3.7060e+06   8.11e-29
  3.8470e+06   7.26e-29
  3.9933e+06   6.50e-29
  4.1452e+06   5.80e-29
  4.3029e+06   5.15e-29
  4.4666e+06   4.59e-29
  4.6366e+06   4.07e-29
  4.8129e+06   3.59e-29
  4.9960e+06   3.17e-29
  5.1861e+06   2.78e-29
  5.3834e+06   2.43e-29
  5.5882e+06   2.13e-29
  5.8008e+06   1.85e-29
  6.0215e+06   1.60e-29
  6.2506e+06   1.39e-29
  6.4883e+06   1.20e-29
  6.7352e+06   1.02e-29
  6.9914e+06   8.76e-30
  7.2574e+06   7.46e-30
  7.5335e+06   6.29e-30
  7.8201e+06   5.32e-30
  8.1176e+06   4.47e-30
  8.4264e+06   3.71e-30
  8.7470e+06   3.09e-30
  9.0797e+06   2.55e-30
  9.4251e+06   2.08e-30
  9.7837e+06   1.70e-30
  1.0156e+07   1.38e-30
  1.0542e+07   1.10e-30
  1.0943e+07   8.71e-31
  1.1360e+07   6.89e-31
  1.1792e+07   5.35e-31
  1.2240e+07   4.12e-31
  1.2706e+07   3.16e-31
  1.3189e+07   2.37e-31
  1.3691e+07   1.75e-31
  1.4212e+07   1.29e-31
  1.4753e+07   9.23e-32
  1.5314e+07   6.46e-32
  1.5897e+07   4.51e-32
  1.6501e+07   3.04e-32
  1.7129e+07   1.97e-32
  1.7781e+07   1.28e-32
  1.8457e+07   7.88e-33
  1.9159e+07   4.63e-33
  1.9888e+07   2.68e-33
  2.0645e+07   1.46e-33
  2.1430e+07   7.36e-34
  2.2245e+07   3.61e-34
  2.3092e+07   1.62e-34
  2.3970e+07   6.57e-35
  2.4882e+07   2.48e-35
  2.5829e+07   8.22e-36
  2.6811e+07   2.33e-36
  2.7831e+07   5.72e-37
  2.8890e+07   1.14e-37
  2.9989e+07   1.77e-38
  3.1130e+07   2.08e-39
  3.2314e+07   1.73e-40
  3.3544e+07   9.24e-42
  3.4820e+07   2.94e-43
  3.6144e+07   4.88e-45
  3.7519e+07   3.59e-47
  3.8947e+07   9.63e-50
  4.0428e+07   7.25e-53
  4.1966e+07   1.09e-56
  4.3563e+07   2.07e-61
  4.5220e+07   2.79e-67
  4.6941e+07   2.34e-72
  4.8726e+07   2.06e-72
  5.0580e+07   1.83e-72
