#  E [GeV]   # per interaction  [GeV^{-1}]
  3.0000e+01   1.16e+00
  3.1123e+01   1.11e+00
  3.2288e+01   1.06e+00
  3.3497e+01   1.02e+00
  3.4751e+01   9.74e-01
  3.6051e+01   9.31e-01
  3.7401e+01   8.90e-01
  3.8801e+01   8.51e-01
  4.0253e+01   8.13e-01
  4.1760e+01   7.77e-01
  4.3324e+01   7.42e-01
  4.4945e+01   7.09e-01
  4.6628e+01   6.77e-01
  4.8373e+01   6.46e-01
  5.0184e+01   6.17e-01
  5.2063e+01   5.89e-01
  5.4011e+01   5.62e-01
  5.6033e+01   5.36e-01
  5.8131e+01   5.12e-01
  6.0307e+01   4.88e-01
  6.2564e+01   4.66e-01
  6.4906e+01   4.44e-01
  6.7336e+01   4.23e-01
  6.9857e+01   4.04e-01
  7.2472e+01   3.85e-01
  7.5184e+01   3.67e-01
  7.7999e+01   3.49e-01
  8.0919e+01   3.33e-01
  8.3948e+01   3.17e-01
  8.7090e+01   3.02e-01
  9.0350e+01   2.87e-01
  9.3732e+01   2.74e-01
  9.7241e+01   2.60e-01
  1.0088e+02   2.48e-01
  1.0466e+02   2.36e-01
  1.0858e+02   2.24e-01
  1.1264e+02   2.13e-01
  1.1686e+02   2.03e-01
  1.2123e+02   1.93e-01
  1.2577e+02   1.83e-01
  1.3048e+02   1.74e-01
  1.3536e+02   1.66e-01
  1.4043e+02   1.57e-01
  1.4568e+02   1.49e-01
  1.5114e+02   1.42e-01
  1.5680e+02   1.35e-01
  1.6266e+02   1.28e-01
  1.6875e+02   1.21e-01
  1.7507e+02   1.15e-01
  1.8162e+02   1.09e-01
  1.8842e+02   1.03e-01
  1.9548e+02   9.79e-02
  2.0279e+02   9.28e-02
  2.1039e+02   8.79e-02
  2.1826e+02   8.32e-02
  2.2643e+02   7.88e-02
  2.3491e+02   7.45e-02
  2.4370e+02   7.05e-02
  2.5282e+02   6.67e-02
  2.6229e+02   6.31e-02
  2.7211e+02   5.96e-02
  2.8229e+02   5.63e-02
  2.9286e+02   5.32e-02
  3.0382e+02   5.02e-02
  3.1519e+02   4.73e-02
  3.2699e+02   4.46e-02
  3.3923e+02   4.21e-02
  3.5193e+02   3.96e-02
  3.6511e+02   3.73e-02
  3.7877e+02   3.51e-02
  3.9295e+02   3.31e-02
  4.0766e+02   3.11e-02
  4.2292e+02   2.92e-02
  4.3875e+02   2.75e-02
  4.5518e+02   2.58e-02
  4.7222e+02   2.42e-02
  4.8989e+02   2.27e-02
  5.0823e+02   2.13e-02
  5.2726e+02   2.00e-02
  5.4699e+02   1.88e-02
  5.6747e+02   1.76e-02
  5.8871e+02   1.65e-02
  6.1075e+02   1.54e-02
  6.3361e+02   1.44e-02
  6.5733e+02   1.35e-02
  6.8194e+02   1.26e-02
  7.0746e+02   1.18e-02
  7.3395e+02   1.10e-02
  7.6142e+02   1.03e-02
  7.8992e+02   9.56e-03
  8.1949e+02   8.92e-03
  8.5017e+02   8.31e-03
  8.8199e+02   7.74e-03
  9.1501e+02   7.21e-03
  9.4926e+02   6.71e-03
  9.8479e+02   6.23e-03
  1.0217e+03   5.80e-03
  1.0599e+03   5.39e-03
  1.0996e+03   5.00e-03
  1.1407e+03   4.64e-03
  1.1834e+03   4.30e-03
  1.2277e+03   3.98e-03
  1.2737e+03   3.68e-03
  1.3214e+03   3.41e-03
  1.3708e+03   3.15e-03
  1.4222e+03   2.91e-03
  1.4754e+03   2.69e-03
  1.5306e+03   2.48e-03
  1.5879e+03   2.28e-03
  1.6474e+03   2.11e-03
  1.7090e+03   1.94e-03
  1.7730e+03   1.78e-03
  1.8394e+03   1.64e-03
  1.9082e+03   1.50e-03
  1.9797e+03   1.38e-03
  2.0538e+03   1.27e-03
  2.1306e+03   1.16e-03
  2.2104e+03   1.06e-03
  2.2931e+03   9.69e-04
  2.3790e+03   8.85e-04
  2.4680e+03   8.06e-04
  2.5604e+03   7.35e-04
  2.6563e+03   6.70e-04
  2.7557e+03   6.08e-04
  2.8589e+03   5.52e-04
  2.9659e+03   5.02e-04
  3.0769e+03   4.54e-04
  3.1921e+03   4.11e-04
  3.3116e+03   3.73e-04
  3.4355e+03   3.36e-04
  3.5641e+03   3.03e-04
  3.6976e+03   2.74e-04
  3.8360e+03   2.46e-04
  3.9796e+03   2.21e-04
  4.1285e+03   1.99e-04
  4.2831e+03   1.79e-04
  4.4434e+03   1.59e-04
  4.6097e+03   1.43e-04
  4.7823e+03   1.28e-04
  4.9613e+03   1.14e-04
  5.1470e+03   1.02e-04
  5.3397e+03   9.04e-05
  5.5396e+03   8.00e-05
  5.7470e+03   7.11e-05
  5.9621e+03   6.31e-05
  6.1853e+03   5.56e-05
  6.4168e+03   4.92e-05
  6.6570e+03   4.35e-05
  6.9062e+03   3.82e-05
  7.1647e+03   3.36e-05
  7.4329e+03   2.97e-05
  7.7112e+03   2.60e-05
  7.9998e+03   2.27e-05
  8.2993e+03   2.00e-05
  8.6100e+03   1.75e-05
  8.9323e+03   1.52e-05
  9.2666e+03   1.33e-05
  9.6135e+03   1.16e-05
  9.9734e+03   9.98e-06
  1.0347e+04   8.73e-06
  1.0734e+04   7.57e-06
  1.1136e+04   6.50e-06
  1.1553e+04   5.67e-06
  1.1985e+04   4.91e-06
  1.2434e+04   4.20e-06
  1.2899e+04   3.65e-06
  1.3382e+04   3.16e-06
  1.3883e+04   2.70e-06
  1.4403e+04   2.33e-06
  1.4942e+04   2.01e-06
  1.5501e+04   1.72e-06
  1.6081e+04   1.48e-06
  1.6683e+04   1.27e-06
  1.7308e+04   1.08e-06
  1.7956e+04   9.26e-07
  1.8628e+04   7.96e-07
  1.9325e+04   6.78e-07
  2.0049e+04   5.75e-07
  2.0799e+04   4.91e-07
  2.1578e+04   4.16e-07
  2.2386e+04   3.48e-07
  2.3224e+04   2.93e-07
  2.4093e+04   2.44e-07
  2.4995e+04   1.99e-07
  2.5930e+04   1.63e-07
  2.6901e+04   1.30e-07
  2.7908e+04   1.02e-07
  2.8953e+04   7.83e-08
  3.0037e+04   5.87e-08
  3.1161e+04   4.24e-08
  3.2327e+04   2.95e-08
  3.3537e+04   1.96e-08
  3.4793e+04   1.22e-08
  3.6095e+04   7.09e-09
  3.7446e+04   3.74e-09
  3.8848e+04   1.76e-09
  4.0302e+04   7.19e-10
  4.1811e+04   2.46e-10
  4.3376e+04   6.72e-11
  4.5000e+04   1.40e-11
