#  E [MeV]   Flux [# cm^{-2} s^{-1}  MeV^{-1}]
  3.0000e+04   1.73e-20
  3.1123e+04   1.66e-20
  3.2288e+04   1.60e-20
  3.3497e+04   1.53e-20
  3.4751e+04   1.47e-20
  3.6051e+04   1.41e-20
  3.7401e+04   1.35e-20
  3.8801e+04   1.30e-20
  4.0253e+04   1.25e-20
  4.1760e+04   1.20e-20
  4.3324e+04   1.15e-20
  4.4945e+04   1.10e-20
  4.6628e+04   1.05e-20
  4.8373e+04   1.01e-20
  5.0184e+04   9.70e-21
  5.2063e+04   9.29e-21
  5.4011e+04   8.91e-21
  5.6033e+04   8.54e-21
  5.8131e+04   8.18e-21
  6.0307e+04   7.84e-21
  6.2564e+04   7.51e-21
  6.4906e+04   7.19e-21
  6.7336e+04   6.89e-21
  6.9857e+04   6.59e-21
  7.2472e+04   6.31e-21
  7.5184e+04   6.04e-21
  7.7999e+04   5.78e-21
  8.0919e+04   5.53e-21
  8.3948e+04   5.29e-21
  8.7090e+04   5.06e-21
  9.0350e+04   4.84e-21
  9.3732e+04   4.63e-21
  9.7241e+04   4.42e-21
  1.0088e+05   4.22e-21
  1.0466e+05   4.04e-21
  1.0858e+05   3.85e-21
  1.1264e+05   3.68e-21
  1.1686e+05   3.51e-21
  1.2123e+05   3.35e-21
  1.2577e+05   3.20e-21
  1.3048e+05   3.05e-21
  1.3536e+05   2.91e-21
  1.4043e+05   2.77e-21
  1.4568e+05   2.64e-21
  1.5114e+05   2.51e-21
  1.5680e+05   2.39e-21
  1.6266e+05   2.27e-21
  1.6875e+05   2.16e-21
  1.7507e+05   2.06e-21
  1.8162e+05   1.95e-21
  1.8842e+05   1.85e-21
  1.9548e+05   1.76e-21
  2.0279e+05   1.67e-21
  2.1039e+05   1.58e-21
  2.1826e+05   1.50e-21
  2.2643e+05   1.42e-21
  2.3491e+05   1.34e-21
  2.4370e+05   1.27e-21
  2.5282e+05   1.20e-21
  2.6229e+05   1.14e-21
  2.7211e+05   1.07e-21
  2.8229e+05   1.01e-21
  2.9286e+05   9.51e-22
  3.0382e+05   8.95e-22
  3.1519e+05   8.42e-22
  3.2699e+05   7.91e-22
  3.3923e+05   7.43e-22
  3.5193e+05   6.97e-22
  3.6511e+05   6.53e-22
  3.7877e+05   6.12e-22
  3.9295e+05   5.72e-22
  4.0766e+05   5.35e-22
  4.2292e+05   5.00e-22
  4.3875e+05   4.67e-22
  4.5518e+05   4.35e-22
  4.7222e+05   4.06e-22
  4.8989e+05   3.78e-22
  5.0823e+05   3.51e-22
  5.2726e+05   3.26e-22
  5.4699e+05   3.03e-22
  5.6747e+05   2.81e-22
  5.8871e+05   2.61e-22
  6.1075e+05   2.41e-22
  6.3361e+05   2.24e-22
  6.5733e+05   2.07e-22
  6.8194e+05   1.91e-22
  7.0746e+05   1.77e-22
  7.3395e+05   1.63e-22
  7.6142e+05   1.51e-22
  7.8992e+05   1.39e-22
  8.1949e+05   1.28e-22
  8.5017e+05   1.18e-22
  8.8199e+05   1.09e-22
  9.1501e+05   1.01e-22
  9.4926e+05   9.28e-23
  9.8479e+05   8.56e-23
  1.0217e+06   7.88e-23
  1.0599e+06   7.26e-23
  1.0996e+06   6.68e-23
  1.1407e+06   6.15e-23
  1.1834e+06   5.66e-23
  1.2277e+06   5.21e-23
  1.2737e+06   4.80e-23
  1.3214e+06   4.41e-23
  1.3708e+06   4.06e-23
  1.4222e+06   3.74e-23
  1.4754e+06   3.44e-23
  1.5306e+06   3.16e-23
  1.5879e+06   2.91e-23
  1.6474e+06   2.67e-23
  1.7090e+06   2.46e-23
  1.7730e+06   2.26e-23
  1.8394e+06   2.08e-23
  1.9082e+06   1.91e-23
  1.9797e+06   1.75e-23
  2.0538e+06   1.61e-23
  2.1306e+06   1.48e-23
  2.2104e+06   1.36e-23
  2.2931e+06   1.24e-23
  2.3790e+06   1.14e-23
  2.4680e+06   1.04e-23
  2.5604e+06   9.53e-24
  2.6563e+06   8.70e-24
  2.7557e+06   7.96e-24
  2.8589e+06   7.27e-24
  2.9659e+06   6.62e-24
  3.0769e+06   6.03e-24
  3.1921e+06   5.49e-24
  3.3116e+06   4.99e-24
  3.4355e+06   4.53e-24
  3.5641e+06   4.11e-24
  3.6976e+06   3.72e-24
  3.8360e+06   3.36e-24
  3.9796e+06   3.04e-24
  4.1285e+06   2.73e-24
  4.2831e+06   2.46e-24
  4.4434e+06   2.21e-24
  4.6097e+06   1.98e-24
  4.7823e+06   1.77e-24
  4.9613e+06   1.58e-24
  5.1470e+06   1.41e-24
  5.3397e+06   1.25e-24
  5.5396e+06   1.11e-24
  5.7470e+06   9.77e-25
  5.9621e+06   8.58e-25
  6.1853e+06   7.56e-25
  6.4168e+06   6.62e-25
  6.6570e+06   5.76e-25
  6.9062e+06   5.03e-25
  7.1647e+06   4.36e-25
  7.4329e+06   3.75e-25
  7.7112e+06   3.23e-25
  7.9998e+06   2.76e-25
  8.2993e+06   2.35e-25
  8.6100e+06   1.99e-25
  8.9323e+06   1.68e-25
  9.2666e+06   1.40e-25
  9.6135e+06   1.17e-25
  9.9734e+06   9.65e-26
  1.0347e+07   7.89e-26
  1.0734e+07   6.41e-26
  1.1136e+07   5.18e-26
  1.1553e+07   4.13e-26
  1.1985e+07   3.25e-26
  1.2434e+07   2.55e-26
  1.2899e+07   1.97e-26
  1.3382e+07   1.49e-26
  1.3883e+07   1.12e-26
  1.4403e+07   8.26e-27
  1.4942e+07   5.93e-27
  1.5501e+07   4.22e-27
  1.6081e+07   2.91e-27
  1.6683e+07   1.95e-27
  1.7308e+07   1.28e-27
  1.7956e+07   8.07e-28
  1.8628e+07   4.88e-28
  1.9325e+07   2.84e-28
  2.0049e+07   1.57e-28
  2.0799e+07   8.15e-29
  2.1578e+07   3.96e-29
  2.2386e+07   1.79e-29
  2.3224e+07   7.30e-30
  2.4093e+07   2.68e-30
  2.4995e+07   8.73e-31
  2.5930e+07   2.43e-31
  2.6901e+07   5.70e-32
  2.7908e+07   1.10e-32
  2.8953e+07   1.65e-33
  3.0037e+07   1.83e-34
  3.1161e+07   1.46e-35
  3.2327e+07   7.47e-37
  3.3537e+07   2.25e-38
  3.4793e+07   3.87e-40
  3.6095e+07   2.97e-42
  3.7446e+07   8.48e-45
  3.8848e+07   8.91e-48
  4.0302e+07   1.96e-51
  4.1811e+07   6.19e-56
  4.3376e+07   1.87e-61
  4.5000e+07   3.71e-65
