#  E [GeV]   # per interaction  [GeV^{-1}]
  3.0000e+01   4.02e-01
  3.0962e+01   3.88e-01
  3.1955e+01   3.74e-01
  3.2979e+01   3.61e-01
  3.4037e+01   3.48e-01
  3.5128e+01   3.36e-01
  3.6254e+01   3.24e-01
  3.7417e+01   3.12e-01
  3.8616e+01   3.01e-01
  3.9855e+01   2.90e-01
  4.1132e+01   2.80e-01
  4.2451e+01   2.69e-01
  4.3812e+01   2.60e-01
  4.5217e+01   2.50e-01
  4.6667e+01   2.41e-01
  4.8163e+01   2.32e-01
  4.9707e+01   2.23e-01
  5.1301e+01   2.15e-01
  5.2946e+01   2.07e-01
  5.4644e+01   1.99e-01
  5.6396e+01   1.91e-01
  5.8204e+01   1.84e-01
  6.0070e+01   1.77e-01
  6.1996e+01   1.70e-01
  6.3984e+01   1.63e-01
  6.6035e+01   1.57e-01
  6.8153e+01   1.50e-01
  7.0338e+01   1.44e-01
  7.2593e+01   1.39e-01
  7.4921e+01   1.33e-01
  7.7323e+01   1.28e-01
  7.9802e+01   1.22e-01
  8.2361e+01   1.17e-01
  8.5002e+01   1.12e-01
  8.7727e+01   1.08e-01
  9.0540e+01   1.03e-01
  9.3443e+01   9.89e-02
  9.6439e+01   9.46e-02
  9.9531e+01   9.06e-02
  1.0272e+02   8.67e-02
  1.0602e+02   8.29e-02
  1.0942e+02   7.92e-02
  1.1292e+02   7.57e-02
  1.1654e+02   7.23e-02
  1.2028e+02   6.90e-02
  1.2414e+02   6.59e-02
  1.2812e+02   6.29e-02
  1.3223e+02   6.00e-02
  1.3646e+02   5.72e-02
  1.4084e+02   5.45e-02
  1.4536e+02   5.19e-02
  1.5002e+02   4.94e-02
  1.5483e+02   4.70e-02
  1.5979e+02   4.47e-02
  1.6491e+02   4.25e-02
  1.7020e+02   4.04e-02
  1.7566e+02   3.84e-02
  1.8129e+02   3.65e-02
  1.8710e+02   3.46e-02
  1.9310e+02   3.28e-02
  1.9929e+02   3.11e-02
  2.0568e+02   2.94e-02
  2.1228e+02   2.79e-02
  2.1909e+02   2.64e-02
  2.2611e+02   2.49e-02
  2.3336e+02   2.36e-02
  2.4084e+02   2.22e-02
  2.4856e+02   2.10e-02
  2.5653e+02   1.98e-02
  2.6476e+02   1.87e-02
  2.7325e+02   1.76e-02
  2.8201e+02   1.65e-02
  2.9105e+02   1.55e-02
  3.0038e+02   1.46e-02
  3.1002e+02   1.37e-02
  3.1996e+02   1.29e-02
  3.3021e+02   1.21e-02
  3.4080e+02   1.13e-02
  3.5173e+02   1.06e-02
  3.6301e+02   9.88e-03
  3.7465e+02   9.23e-03
  3.8666e+02   8.62e-03
  3.9905e+02   8.04e-03
  4.1185e+02   7.48e-03
  4.2506e+02   6.97e-03
  4.3868e+02   6.48e-03
  4.5275e+02   6.02e-03
  4.6727e+02   5.59e-03
  4.8225e+02   5.19e-03
  4.9771e+02   4.81e-03
  5.1367e+02   4.45e-03
  5.3014e+02   4.12e-03
  5.4714e+02   3.81e-03
  5.6468e+02   3.52e-03
  5.8278e+02   3.25e-03
  6.0147e+02   3.00e-03
  6.2075e+02   2.77e-03
  6.4066e+02   2.55e-03
  6.6120e+02   2.35e-03
  6.8240e+02   2.16e-03
  7.0428e+02   1.99e-03
  7.2686e+02   1.83e-03
  7.5017e+02   1.68e-03
  7.7422e+02   1.54e-03
  7.9904e+02   1.42e-03
  8.2466e+02   1.30e-03
  8.5110e+02   1.19e-03
  8.7839e+02   1.09e-03
  9.0656e+02   1.00e-03
  9.3562e+02   9.18e-04
  9.6562e+02   8.42e-04
  9.9658e+02   7.72e-04
  1.0285e+03   7.07e-04
  1.0615e+03   6.48e-04
  1.0956e+03   5.94e-04
  1.1307e+03   5.43e-04
  1.1669e+03   4.97e-04
  1.2043e+03   4.55e-04
  1.2430e+03   4.16e-04
  1.2828e+03   3.80e-04
  1.3239e+03   3.47e-04
  1.3664e+03   3.18e-04
  1.4102e+03   2.91e-04
  1.4554e+03   2.66e-04
  1.5021e+03   2.43e-04
  1.5502e+03   2.23e-04
  1.6000e+03   2.04e-04
  1.6513e+03   1.86e-04
  1.7042e+03   1.70e-04
  1.7588e+03   1.55e-04
  1.8152e+03   1.42e-04
  1.8734e+03   1.29e-04
  1.9335e+03   1.18e-04
  1.9955e+03   1.08e-04
  2.0595e+03   9.80e-05
  2.1255e+03   8.94e-05
  2.1937e+03   8.15e-05
  2.2640e+03   7.42e-05
  2.3366e+03   6.73e-05
  2.4115e+03   6.14e-05
  2.4888e+03   5.58e-05
  2.5686e+03   5.07e-05
  2.6510e+03   4.59e-05
  2.7360e+03   4.18e-05
  2.8237e+03   3.79e-05
  2.9142e+03   3.42e-05
  3.0077e+03   3.10e-05
  3.1041e+03   2.81e-05
  3.2036e+03   2.53e-05
  3.3064e+03   2.27e-05
  3.4124e+03   2.06e-05
  3.5218e+03   1.85e-05
  3.6347e+03   1.66e-05
  3.7512e+03   1.49e-05
  3.8715e+03   1.34e-05
  3.9957e+03   1.21e-05
  4.1238e+03   1.08e-05
  4.2560e+03   9.65e-06
  4.3924e+03   8.66e-06
  4.5333e+03   7.72e-06
  4.6786e+03   6.86e-06
  4.8286e+03   6.15e-06
  4.9835e+03   5.49e-06
  5.1433e+03   4.88e-06
  5.3082e+03   4.33e-06
  5.4784e+03   3.87e-06
  5.6540e+03   3.44e-06
  5.8353e+03   3.04e-06
  6.0224e+03   2.71e-06
  6.2155e+03   2.41e-06
  6.4148e+03   2.14e-06
  6.6205e+03   1.89e-06
  6.8327e+03   1.69e-06
  7.0518e+03   1.51e-06
  7.2779e+03   1.33e-06
  7.5113e+03   1.19e-06
  7.7521e+03   1.06e-06
  8.0007e+03   9.40e-07
  8.2572e+03   8.31e-07
  8.5219e+03   7.41e-07
  8.7952e+03   6.59e-07
  9.0772e+03   5.83e-07
  9.3682e+03   5.14e-07
  9.6686e+03   4.61e-07
  9.9786e+03   4.10e-07
  1.0299e+04   3.61e-07
  1.0629e+04   3.21e-07
  1.0970e+04   2.88e-07
  1.1321e+04   2.54e-07
  1.1684e+04   2.21e-07
  1.2059e+04   2.03e-07
  1.2446e+04   1.83e-07
  1.2845e+04   1.61e-07
  1.3256e+04   1.45e-07
  1.3681e+04   1.42e-07
  1.4120e+04   1.31e-07
  1.4573e+04   1.14e-07
  1.5040e+04   9.24e-08
  1.5522e+04   7.05e-08
  1.6020e+04   5.20e-08
