#  E [MeV]   Flux [# cm^{-2} s^{-1}  MeV^{-1}]
  3.0000e+04   1.06e-24
  3.0962e+04   1.03e-24
  3.1955e+04   9.89e-25
  3.2979e+04   9.54e-25
  3.4037e+04   9.21e-25
  3.5128e+04   8.88e-25
  3.6254e+04   8.56e-25
  3.7417e+04   8.26e-25
  3.8616e+04   7.96e-25
  3.9855e+04   7.67e-25
  4.1132e+04   7.39e-25
  4.2451e+04   7.12e-25
  4.3812e+04   6.86e-25
  4.5217e+04   6.61e-25
  4.6667e+04   6.37e-25
  4.8163e+04   6.13e-25
  4.9707e+04   5.90e-25
  5.1301e+04   5.68e-25
  5.2946e+04   5.46e-25
  5.4644e+04   5.25e-25
  5.6396e+04   5.05e-25
  5.8204e+04   4.86e-25
  6.0070e+04   4.67e-25
  6.1996e+04   4.49e-25
  6.3984e+04   4.31e-25
  6.6035e+04   4.14e-25
  6.8153e+04   3.98e-25
  7.0338e+04   3.82e-25
  7.2593e+04   3.67e-25
  7.4921e+04   3.52e-25
  7.7323e+04   3.37e-25
  7.9802e+04   3.24e-25
  8.2361e+04   3.10e-25
  8.5002e+04   2.97e-25
  8.7727e+04   2.85e-25
  9.0540e+04   2.73e-25
  9.3443e+04   2.61e-25
  9.6439e+04   2.50e-25
  9.9531e+04   2.40e-25
  1.0272e+05   2.29e-25
  1.0602e+05   2.19e-25
  1.0942e+05   2.09e-25
  1.1292e+05   2.00e-25
  1.1654e+05   1.91e-25
  1.2028e+05   1.83e-25
  1.2414e+05   1.74e-25
  1.2812e+05   1.66e-25
  1.3223e+05   1.59e-25
  1.3646e+05   1.51e-25
  1.4084e+05   1.44e-25
  1.4536e+05   1.37e-25
  1.5002e+05   1.31e-25
  1.5483e+05   1.24e-25
  1.5979e+05   1.18e-25
  1.6491e+05   1.13e-25
  1.7020e+05   1.07e-25
  1.7566e+05   1.02e-25
  1.8129e+05   9.64e-26
  1.8710e+05   9.15e-26
  1.9310e+05   8.68e-26
  1.9929e+05   8.22e-26
  2.0568e+05   7.79e-26
  2.1228e+05   7.37e-26
  2.1909e+05   6.97e-26
  2.2611e+05   6.59e-26
  2.3336e+05   6.23e-26
  2.4084e+05   5.88e-26
  2.4856e+05   5.55e-26
  2.5653e+05   5.24e-26
  2.6476e+05   4.93e-26
  2.7325e+05   4.65e-26
  2.8201e+05   4.37e-26
  2.9105e+05   4.11e-26
  3.0038e+05   3.86e-26
  3.1002e+05   3.63e-26
  3.1996e+05   3.40e-26
  3.3021e+05   3.19e-26
  3.4080e+05   2.99e-26
  3.5173e+05   2.80e-26
  3.6301e+05   2.61e-26
  3.7465e+05   2.44e-26
  3.8666e+05   2.28e-26
  3.9905e+05   2.13e-26
  4.1185e+05   1.98e-26
  4.2506e+05   1.84e-26
  4.3868e+05   1.71e-26
  4.5275e+05   1.59e-26
  4.6727e+05   1.48e-26
  4.8225e+05   1.37e-26
  4.9771e+05   1.27e-26
  5.1367e+05   1.18e-26
  5.3014e+05   1.09e-26
  5.4714e+05   1.01e-26
  5.6468e+05   9.31e-27
  5.8278e+05   8.60e-27
  6.0147e+05   7.93e-27
  6.2075e+05   7.32e-27
  6.4066e+05   6.74e-27
  6.6120e+05   6.21e-27
  6.8240e+05   5.72e-27
  7.0428e+05   5.26e-27
  7.2686e+05   4.83e-27
  7.5017e+05   4.44e-27
  7.7422e+05   4.08e-27
  7.9904e+05   3.75e-27
  8.2466e+05   3.43e-27
  8.5110e+05   3.15e-27
  8.7839e+05   2.89e-27
  9.0656e+05   2.65e-27
  9.3562e+05   2.43e-27
  9.6562e+05   2.23e-27
  9.9658e+05   2.04e-27
  1.0285e+06   1.87e-27
  1.0615e+06   1.71e-27
  1.0956e+06   1.57e-27
  1.1307e+06   1.44e-27
  1.1669e+06   1.31e-27
  1.2043e+06   1.20e-27
  1.2430e+06   1.10e-27
  1.2828e+06   1.01e-27
  1.3239e+06   9.19e-28
  1.3664e+06   8.42e-28
  1.4102e+06   7.70e-28
  1.4554e+06   7.04e-28
  1.5021e+06   6.44e-28
  1.5502e+06   5.89e-28
  1.6000e+06   5.38e-28
  1.6513e+06   4.91e-28
  1.7042e+06   4.49e-28
  1.7588e+06   4.11e-28
  1.8152e+06   3.74e-28
  1.8734e+06   3.41e-28
  1.9335e+06   3.12e-28
  1.9955e+06   2.85e-28
  2.0595e+06   2.59e-28
  2.1255e+06   2.36e-28
  2.1937e+06   2.16e-28
  2.2640e+06   1.96e-28
  2.3366e+06   1.78e-28
  2.4115e+06   1.62e-28
  2.4888e+06   1.48e-28
  2.5686e+06   1.34e-28
  2.6510e+06   1.21e-28
  2.7360e+06   1.10e-28
  2.8237e+06   1.00e-28
  2.9142e+06   9.05e-29
  3.0077e+06   8.20e-29
  3.1041e+06   7.42e-29
  3.2036e+06   6.69e-29
  3.3064e+06   6.01e-29
  3.4124e+06   5.44e-29
  3.5218e+06   4.90e-29
  3.6347e+06   4.40e-29
  3.7512e+06   3.95e-29
  3.8715e+06   3.56e-29
  3.9957e+06   3.19e-29
  4.1238e+06   2.85e-29
  4.2560e+06   2.55e-29
  4.3924e+06   2.29e-29
  4.5333e+06   2.04e-29
  4.6786e+06   1.81e-29
  4.8286e+06   1.63e-29
  4.9835e+06   1.45e-29
  5.1433e+06   1.29e-29
  5.3082e+06   1.15e-29
  5.4784e+06   1.02e-29
  5.6540e+06   9.09e-30
  5.8353e+06   8.03e-30
  6.0224e+06   7.16e-30
  6.2155e+06   6.38e-30
  6.4148e+06   5.66e-30
  6.6205e+06   5.01e-30
  6.8327e+06   4.48e-30
  7.0518e+06   3.98e-30
  7.2779e+06   3.53e-30
  7.5113e+06   3.13e-30
  7.7521e+06   2.80e-30
  8.0007e+06   2.49e-30
  8.2572e+06   2.20e-30
  8.5219e+06   1.96e-30
  8.7952e+06   1.74e-30
  9.0772e+06   1.54e-30
  9.3682e+06   1.36e-30
  9.6686e+06   1.22e-30
  9.9786e+06   1.08e-30
  1.0299e+07   9.55e-31
  1.0629e+07   8.50e-31
  1.0970e+07   7.61e-31
  1.1321e+07   6.72e-31
  1.1684e+07   5.85e-31
  1.2059e+07   5.37e-31
  1.2446e+07   4.84e-31
  1.2845e+07   4.26e-31
  1.3256e+07   3.83e-31
  1.3681e+07   3.76e-31
  1.4120e+07   3.46e-31
  1.4573e+07   3.02e-31
  1.5040e+07   2.44e-31
  1.5522e+07   1.86e-31
  1.6020e+07   1.38e-31
