#  E [GeV]   # per interaction  [GeV^{-1}]
  3.0000e+01   4.85e-01
  3.1033e+01   4.67e-01
  3.2102e+01   4.50e-01
  3.3207e+01   4.33e-01
  3.4350e+01   4.17e-01
  3.5533e+01   4.02e-01
  3.6757e+01   3.87e-01
  3.8022e+01   3.72e-01
  3.9332e+01   3.58e-01
  4.0686e+01   3.45e-01
  4.2087e+01   3.32e-01
  4.3536e+01   3.19e-01
  4.5035e+01   3.07e-01
  4.6586e+01   2.95e-01
  4.8190e+01   2.84e-01
  4.9850e+01   2.73e-01
  5.1566e+01   2.63e-01
  5.3342e+01   2.53e-01
  5.5178e+01   2.43e-01
  5.7078e+01   2.33e-01
  5.9044e+01   2.24e-01
  6.1077e+01   2.16e-01
  6.3180e+01   2.07e-01
  6.5356e+01   1.99e-01
  6.7606e+01   1.91e-01
  6.9934e+01   1.83e-01
  7.2342e+01   1.76e-01
  7.4833e+01   1.69e-01
  7.7410e+01   1.62e-01
  8.0075e+01   1.56e-01
  8.2833e+01   1.49e-01
  8.5685e+01   1.43e-01
  8.8635e+01   1.37e-01
  9.1687e+01   1.31e-01
  9.4844e+01   1.26e-01
  9.8110e+01   1.21e-01
  1.0149e+02   1.16e-01
  1.0498e+02   1.11e-01
  1.0860e+02   1.06e-01
  1.1234e+02   1.01e-01
  1.1621e+02   9.70e-02
  1.2021e+02   9.28e-02
  1.2435e+02   8.87e-02
  1.2863e+02   8.48e-02
  1.3306e+02   8.11e-02
  1.3764e+02   7.75e-02
  1.4238e+02   7.40e-02
  1.4728e+02   7.07e-02
  1.5235e+02   6.75e-02
  1.5760e+02   6.44e-02
  1.6302e+02   6.14e-02
  1.6864e+02   5.86e-02
  1.7445e+02   5.59e-02
  1.8045e+02   5.32e-02
  1.8667e+02   5.07e-02
  1.9309e+02   4.83e-02
  1.9974e+02   4.60e-02
  2.0662e+02   4.38e-02
  2.1373e+02   4.16e-02
  2.2109e+02   3.96e-02
  2.2871e+02   3.76e-02
  2.3658e+02   3.58e-02
  2.4473e+02   3.40e-02
  2.5316e+02   3.23e-02
  2.6187e+02   3.06e-02
  2.7089e+02   2.91e-02
  2.8022e+02   2.76e-02
  2.8987e+02   2.61e-02
  2.9985e+02   2.48e-02
  3.1017e+02   2.35e-02
  3.2085e+02   2.22e-02
  3.3190e+02   2.10e-02
  3.4333e+02   1.99e-02
  3.5515e+02   1.88e-02
  3.6738e+02   1.78e-02
  3.8003e+02   1.68e-02
  3.9312e+02   1.59e-02
  4.0665e+02   1.50e-02
  4.2066e+02   1.41e-02
  4.3514e+02   1.33e-02
  4.5013e+02   1.26e-02
  4.6562e+02   1.19e-02
  4.8166e+02   1.12e-02
  4.9824e+02   1.05e-02
  5.1540e+02   9.90e-03
  5.3315e+02   9.32e-03
  5.5150e+02   8.76e-03
  5.7050e+02   8.24e-03
  5.9014e+02   7.74e-03
  6.1046e+02   7.27e-03
  6.3148e+02   6.82e-03
  6.5322e+02   6.40e-03
  6.7572e+02   6.00e-03
  6.9898e+02   5.62e-03
  7.2305e+02   5.27e-03
  7.4795e+02   4.93e-03
  7.7371e+02   4.62e-03
  8.0035e+02   4.32e-03
  8.2791e+02   4.04e-03
  8.5641e+02   3.78e-03
  8.8590e+02   3.53e-03
  9.1641e+02   3.30e-03
  9.4796e+02   3.08e-03
  9.8061e+02   2.87e-03
  1.0144e+03   2.68e-03
  1.0493e+03   2.50e-03
  1.0854e+03   2.33e-03
  1.1228e+03   2.17e-03
  1.1615e+03   2.02e-03
  1.2015e+03   1.88e-03
  1.2428e+03   1.75e-03
  1.2856e+03   1.63e-03
  1.3299e+03   1.51e-03
  1.3757e+03   1.40e-03
  1.4231e+03   1.30e-03
  1.4721e+03   1.21e-03
  1.5228e+03   1.12e-03
  1.5752e+03   1.04e-03
  1.6294e+03   9.64e-04
  1.6855e+03   8.93e-04
  1.7436e+03   8.26e-04
  1.8036e+03   7.65e-04
  1.8657e+03   7.07e-04
  1.9300e+03   6.53e-04
  1.9964e+03   6.03e-04
  2.0652e+03   5.57e-04
  2.1363e+03   5.14e-04
  2.2098e+03   4.73e-04
  2.2859e+03   4.37e-04
  2.3646e+03   4.03e-04
  2.4461e+03   3.70e-04
  2.5303e+03   3.41e-04
  2.6174e+03   3.13e-04
  2.7075e+03   2.88e-04
  2.8008e+03   2.64e-04
  2.8972e+03   2.42e-04
  2.9970e+03   2.22e-04
  3.1002e+03   2.03e-04
  3.2069e+03   1.86e-04
  3.3173e+03   1.70e-04
  3.4316e+03   1.56e-04
  3.5497e+03   1.42e-04
  3.6720e+03   1.30e-04
  3.7984e+03   1.18e-04
  3.9292e+03   1.08e-04
  4.0645e+03   9.83e-05
  4.2044e+03   8.95e-05
  4.3492e+03   8.12e-05
  4.4990e+03   7.38e-05
  4.6539e+03   6.72e-05
  4.8141e+03   6.09e-05
  4.9799e+03   5.51e-05
  5.1514e+03   5.00e-05
  5.3288e+03   4.53e-05
  5.5123e+03   4.08e-05
  5.7021e+03   3.70e-05
  5.8984e+03   3.35e-05
  6.1015e+03   3.02e-05
  6.3116e+03   2.72e-05
  6.5289e+03   2.47e-05
  6.7538e+03   2.22e-05
  6.9863e+03   1.99e-05
  7.2269e+03   1.81e-05
  7.4757e+03   1.63e-05
  7.7331e+03   1.47e-05
  7.9994e+03   1.33e-05
  8.2749e+03   1.20e-05
  8.5598e+03   1.08e-05
  8.8546e+03   9.74e-06
  9.1594e+03   8.84e-06
  9.4748e+03   8.00e-06
  9.8011e+03   7.21e-06
  1.0139e+04   6.57e-06
  1.0488e+04   6.00e-06
  1.0849e+04   5.45e-06
  1.1222e+04   4.97e-06
  1.1609e+04   4.57e-06
  1.2009e+04   4.19e-06
  1.2422e+04   3.83e-06
  1.2850e+04   3.56e-06
  1.3292e+04   3.29e-06
  1.3750e+04   3.04e-06
  1.4223e+04   2.83e-06
  1.4713e+04   2.65e-06
  1.5220e+04   2.47e-06
  1.5744e+04   2.30e-06
  1.6286e+04   2.19e-06
  1.6847e+04   2.07e-06
  1.7427e+04   1.95e-06
  1.8027e+04   1.88e-06
  1.8648e+04   1.81e-06
  1.9290e+04   1.72e-06
  1.9954e+04   1.68e-06
  2.0641e+04   1.69e-06
  2.1352e+04   1.66e-06
  2.2087e+04   1.60e-06
  2.2848e+04   1.83e-06
  2.3634e+04   1.94e-06
  2.4448e+04   1.94e-06
  2.5290e+04   1.87e-06
