#  E [MeV]   Flux [# cm^{-2} s^{-1}  MeV^{-1}]
  3.0000e+04   1.54e-20
  3.1123e+04   1.48e-20
  3.2288e+04   1.42e-20
  3.3497e+04   1.37e-20
  3.4751e+04   1.31e-20
  3.6051e+04   1.26e-20
  3.7401e+04   1.21e-20
  3.8801e+04   1.17e-20
  4.0253e+04   1.12e-20
  4.1760e+04   1.08e-20
  4.3324e+04   1.04e-20
  4.4945e+04   9.96e-21
  4.6628e+04   9.57e-21
  4.8373e+04   9.19e-21
  5.0184e+04   8.83e-21
  5.2063e+04   8.48e-21
  5.4011e+04   8.15e-21
  5.6033e+04   7.83e-21
  5.8131e+04   7.52e-21
  6.0307e+04   7.22e-21
  6.2564e+04   6.93e-21
  6.4906e+04   6.65e-21
  6.7336e+04   6.38e-21
  6.9857e+04   6.12e-21
  7.2472e+04   5.87e-21
  7.5184e+04   5.64e-21
  7.7999e+04   5.40e-21
  8.0919e+04   5.18e-21
  8.3948e+04   4.97e-21
  8.7090e+04   4.76e-21
  9.0350e+04   4.56e-21
  9.3732e+04   4.37e-21
  9.7241e+04   4.19e-21
  1.0088e+05   4.01e-21
  1.0466e+05   3.84e-21
  1.0858e+05   3.67e-21
  1.1264e+05   3.52e-21
  1.1686e+05   3.36e-21
  1.2123e+05   3.22e-21
  1.2577e+05   3.08e-21
  1.3048e+05   2.94e-21
  1.3536e+05   2.81e-21
  1.4043e+05   2.68e-21
  1.4568e+05   2.56e-21
  1.5114e+05   2.44e-21
  1.5680e+05   2.33e-21
  1.6266e+05   2.22e-21
  1.6875e+05   2.12e-21
  1.7507e+05   2.02e-21
  1.8162e+05   1.92e-21
  1.8842e+05   1.83e-21
  1.9548e+05   1.74e-21
  2.0279e+05   1.65e-21
  2.1039e+05   1.57e-21
  2.1826e+05   1.49e-21
  2.2643e+05   1.42e-21
  2.3491e+05   1.34e-21
  2.4370e+05   1.27e-21
  2.5282e+05   1.21e-21
  2.6229e+05   1.14e-21
  2.7211e+05   1.08e-21
  2.8229e+05   1.02e-21
  2.9286e+05   9.66e-22
  3.0382e+05   9.12e-22
  3.1519e+05   8.60e-22
  3.2699e+05   8.11e-22
  3.3923e+05   7.64e-22
  3.5193e+05   7.19e-22
  3.6511e+05   6.76e-22
  3.7877e+05   6.35e-22
  3.9295e+05   5.96e-22
  4.0766e+05   5.59e-22
  4.2292e+05   5.24e-22
  4.3875e+05   4.91e-22
  4.5518e+05   4.59e-22
  4.7222e+05   4.29e-22
  4.8989e+05   4.01e-22
  5.0823e+05   3.74e-22
  5.2726e+05   3.49e-22
  5.4699e+05   3.25e-22
  5.6747e+05   3.03e-22
  5.8871e+05   2.82e-22
  6.1075e+05   2.62e-22
  6.3361e+05   2.43e-22
  6.5733e+05   2.26e-22
  6.8194e+05   2.10e-22
  7.0746e+05   1.94e-22
  7.3395e+05   1.80e-22
  7.6142e+05   1.67e-22
  7.8992e+05   1.55e-22
  8.1949e+05   1.43e-22
  8.5017e+05   1.32e-22
  8.8199e+05   1.22e-22
  9.1501e+05   1.13e-22
  9.4926e+05   1.04e-22
  9.8479e+05   9.65e-23
  1.0217e+06   8.91e-23
  1.0599e+06   8.22e-23
  1.0996e+06   7.58e-23
  1.1407e+06   6.99e-23
  1.1834e+06   6.44e-23
  1.2277e+06   5.93e-23
  1.2737e+06   5.47e-23
  1.3214e+06   5.03e-23
  1.3708e+06   4.63e-23
  1.4222e+06   4.26e-23
  1.4754e+06   3.92e-23
  1.5306e+06   3.60e-23
  1.5879e+06   3.31e-23
  1.6474e+06   3.04e-23
  1.7090e+06   2.79e-23
  1.7730e+06   2.56e-23
  1.8394e+06   2.35e-23
  1.9082e+06   2.15e-23
  1.9797e+06   1.97e-23
  2.0538e+06   1.80e-23
  2.1306e+06   1.65e-23
  2.2104e+06   1.51e-23
  2.2931e+06   1.38e-23
  2.3790e+06   1.26e-23
  2.4680e+06   1.15e-23
  2.5604e+06   1.04e-23
  2.6563e+06   9.50e-24
  2.7557e+06   8.63e-24
  2.8589e+06   7.85e-24
  2.9659e+06   7.12e-24
  3.0769e+06   6.44e-24
  3.1921e+06   5.84e-24
  3.3116e+06   5.28e-24
  3.4355e+06   4.76e-24
  3.5641e+06   4.30e-24
  3.6976e+06   3.87e-24
  3.8360e+06   3.47e-24
  3.9796e+06   3.13e-24
  4.1285e+06   2.80e-24
  4.2831e+06   2.50e-24
  4.4434e+06   2.24e-24
  4.6097e+06   2.00e-24
  4.7823e+06   1.77e-24
  4.9613e+06   1.57e-24
  5.1470e+06   1.40e-24
  5.3397e+06   1.23e-24
  5.5396e+06   1.09e-24
  5.7470e+06   9.58e-25
  5.9621e+06   8.38e-25
  6.1853e+06   7.34e-25
  6.4168e+06   6.43e-25
  6.6570e+06   5.58e-25
  6.9062e+06   4.84e-25
  7.1647e+06   4.20e-25
  7.4329e+06   3.61e-25
  7.7112e+06   3.10e-25
  7.9998e+06   2.66e-25
  8.2993e+06   2.27e-25
  8.6100e+06   1.92e-25
  8.9323e+06   1.63e-25
  9.2666e+06   1.36e-25
  9.6135e+06   1.13e-25
  9.9734e+06   9.48e-26
  1.0347e+07   7.83e-26
  1.0734e+07   6.38e-26
  1.1136e+07   5.23e-26
  1.1553e+07   4.23e-26
  1.1985e+07   3.36e-26
  1.2434e+07   2.68e-26
  1.2899e+07   2.11e-26
  1.3382e+07   1.63e-26
  1.3883e+07   1.25e-26
  1.4403e+07   9.53e-27
  1.4942e+07   7.07e-27
  1.5501e+07   5.19e-27
  1.6081e+07   3.75e-27
  1.6683e+07   2.64e-27
  1.7308e+07   1.81e-27
  1.7956e+07   1.22e-27
  1.8628e+07   7.93e-28
  1.9325e+07   4.95e-28
  2.0049e+07   3.02e-28
  2.0799e+07   1.74e-28
  2.1578e+07   9.47e-29
  2.2386e+07   4.96e-29
  2.3224e+07   2.40e-29
  2.4093e+07   1.06e-29
  2.4995e+07   4.41e-30
  2.5930e+07   1.63e-30
  2.6901e+07   5.24e-31
  2.7908e+07   1.49e-31
  2.8953e+07   3.52e-32
  3.0037e+07   6.67e-33
  3.1161e+07   9.97e-34
  3.2327e+07   1.10e-34
  3.3537e+07   8.22e-36
  3.4793e+07   3.95e-37
  3.6095e+07   1.09e-38
  3.7446e+07   1.49e-40
  3.8848e+07   8.54e-43
  4.0302e+07   1.66e-45
  4.1811e+07   8.11e-49
  4.3376e+07   6.86e-53
  4.5000e+07   6.15e-58
