#  E [GeV]   # per interaction  [GeV^{-1}]
  3.0000e+01   9.32e-01
  3.1033e+01   8.94e-01
  3.2102e+01   8.57e-01
  3.3207e+01   8.21e-01
  3.4350e+01   7.87e-01
  3.5533e+01   7.54e-01
  3.6757e+01   7.22e-01
  3.8022e+01   6.92e-01
  3.9332e+01   6.62e-01
  4.0686e+01   6.34e-01
  4.2087e+01   6.07e-01
  4.3536e+01   5.81e-01
  4.5035e+01   5.56e-01
  4.6586e+01   5.32e-01
  4.8190e+01   5.09e-01
  4.9850e+01   4.87e-01
  5.1566e+01   4.66e-01
  5.3342e+01   4.45e-01
  5.5178e+01   4.26e-01
  5.7078e+01   4.07e-01
  5.9044e+01   3.89e-01
  6.1077e+01   3.72e-01
  6.3180e+01   3.55e-01
  6.5356e+01   3.39e-01
  6.7606e+01   3.24e-01
  6.9934e+01   3.09e-01
  7.2342e+01   2.95e-01
  7.4833e+01   2.82e-01
  7.7410e+01   2.69e-01
  8.0075e+01   2.57e-01
  8.2833e+01   2.45e-01
  8.5685e+01   2.34e-01
  8.8635e+01   2.23e-01
  9.1687e+01   2.12e-01
  9.4844e+01   2.02e-01
  9.8110e+01   1.93e-01
  1.0149e+02   1.84e-01
  1.0498e+02   1.75e-01
  1.0860e+02   1.66e-01
  1.1234e+02   1.58e-01
  1.1621e+02   1.51e-01
  1.2021e+02   1.43e-01
  1.2435e+02   1.36e-01
  1.2863e+02   1.30e-01
  1.3306e+02   1.23e-01
  1.3764e+02   1.17e-01
  1.4238e+02   1.11e-01
  1.4728e+02   1.06e-01
  1.5235e+02   1.00e-01
  1.5760e+02   9.52e-02
  1.6302e+02   9.03e-02
  1.6864e+02   8.56e-02
  1.7445e+02   8.11e-02
  1.8045e+02   7.68e-02
  1.8667e+02   7.27e-02
  1.9309e+02   6.88e-02
  1.9974e+02   6.51e-02
  2.0662e+02   6.15e-02
  2.1373e+02   5.81e-02
  2.2109e+02   5.49e-02
  2.2871e+02   5.18e-02
  2.3658e+02   4.89e-02
  2.4473e+02   4.61e-02
  2.5316e+02   4.35e-02
  2.6187e+02   4.10e-02
  2.7089e+02   3.86e-02
  2.8022e+02   3.63e-02
  2.8987e+02   3.41e-02
  2.9985e+02   3.21e-02
  3.1017e+02   3.02e-02
  3.2085e+02   2.83e-02
  3.3190e+02   2.66e-02
  3.4333e+02   2.49e-02
  3.5515e+02   2.34e-02
  3.6738e+02   2.19e-02
  3.8003e+02   2.05e-02
  3.9312e+02   1.92e-02
  4.0665e+02   1.79e-02
  4.2066e+02   1.67e-02
  4.3514e+02   1.56e-02
  4.5013e+02   1.46e-02
  4.6562e+02   1.36e-02
  4.8166e+02   1.27e-02
  4.9824e+02   1.18e-02
  5.1540e+02   1.10e-02
  5.3315e+02   1.02e-02
  5.5150e+02   9.48e-03
  5.7050e+02   8.81e-03
  5.9014e+02   8.18e-03
  6.1046e+02   7.58e-03
  6.3148e+02   7.02e-03
  6.5322e+02   6.50e-03
  6.7572e+02   6.01e-03
  6.9898e+02   5.56e-03
  7.2305e+02   5.14e-03
  7.4795e+02   4.74e-03
  7.7371e+02   4.37e-03
  8.0035e+02   4.03e-03
  8.2791e+02   3.72e-03
  8.5641e+02   3.42e-03
  8.8590e+02   3.15e-03
  9.1641e+02   2.90e-03
  9.4796e+02   2.66e-03
  9.8061e+02   2.45e-03
  1.0144e+03   2.25e-03
  1.0493e+03   2.06e-03
  1.0854e+03   1.89e-03
  1.1228e+03   1.73e-03
  1.1615e+03   1.59e-03
  1.2015e+03   1.45e-03
  1.2428e+03   1.33e-03
  1.2856e+03   1.22e-03
  1.3299e+03   1.11e-03
  1.3757e+03   1.01e-03
  1.4231e+03   9.25e-04
  1.4721e+03   8.43e-04
  1.5228e+03   7.66e-04
  1.5752e+03   6.99e-04
  1.6294e+03   6.36e-04
  1.6855e+03   5.78e-04
  1.7436e+03   5.25e-04
  1.8036e+03   4.77e-04
  1.8657e+03   4.33e-04
  1.9300e+03   3.91e-04
  1.9964e+03   3.55e-04
  2.0652e+03   3.22e-04
  2.1363e+03   2.90e-04
  2.2098e+03   2.62e-04
  2.2859e+03   2.37e-04
  2.3646e+03   2.13e-04
  2.4461e+03   1.92e-04
  2.5303e+03   1.73e-04
  2.6174e+03   1.55e-04
  2.7075e+03   1.39e-04
  2.8008e+03   1.25e-04
  2.8972e+03   1.12e-04
  2.9970e+03   9.99e-05
  3.1002e+03   8.92e-05
  3.2069e+03   7.99e-05
  3.3173e+03   7.11e-05
  3.4316e+03   6.30e-05
  3.5497e+03   5.63e-05
  3.6720e+03   5.00e-05
  3.7984e+03   4.42e-05
  3.9292e+03   3.92e-05
  4.0645e+03   3.48e-05
  4.2044e+03   3.06e-05
  4.3492e+03   2.69e-05
  4.4990e+03   2.38e-05
  4.6539e+03   2.10e-05
  4.8141e+03   1.83e-05
  4.9799e+03   1.61e-05
  5.1514e+03   1.42e-05
  5.3288e+03   1.23e-05
  5.5123e+03   1.07e-05
  5.7021e+03   9.41e-06
  5.8984e+03   8.18e-06
  6.1015e+03   7.05e-06
  6.3116e+03   6.18e-06
  6.5289e+03   5.37e-06
  6.7538e+03   4.61e-06
  6.9863e+03   4.00e-06
  7.2269e+03   3.47e-06
  7.4757e+03   2.99e-06
  7.7331e+03   2.56e-06
  7.9994e+03   2.22e-06
  8.2749e+03   1.91e-06
  8.5598e+03   1.63e-06
  8.8546e+03   1.40e-06
  9.1594e+03   1.21e-06
  9.4748e+03   1.02e-06
  9.8011e+03   8.74e-07
  1.0139e+04   7.51e-07
  1.0488e+04   6.40e-07
  1.0849e+04   5.40e-07
  1.1222e+04   4.63e-07
  1.1609e+04   3.93e-07
  1.2009e+04   3.30e-07
  1.2422e+04   2.79e-07
  1.2850e+04   2.35e-07
  1.3292e+04   1.95e-07
  1.3750e+04   1.62e-07
  1.4223e+04   1.34e-07
  1.4713e+04   1.10e-07
  1.5220e+04   8.88e-08
  1.5744e+04   7.17e-08
  1.6286e+04   5.72e-08
  1.6847e+04   4.48e-08
  1.7427e+04   3.47e-08
  1.8027e+04   2.64e-08
  1.8648e+04   1.97e-08
  1.9290e+04   1.43e-08
  1.9954e+04   1.01e-08
  2.0641e+04   6.96e-09
  2.1352e+04   4.60e-09
  2.2087e+04   2.92e-09
  2.2848e+04   1.76e-09
  2.3634e+04   1.01e-09
  2.4448e+04   5.48e-10
  2.5290e+04   2.82e-10
