#  E [MeV]   Flux [# cm^{-2} s^{-1}  MeV^{-1}]
  3.0000e+04   2.42e-21
  3.0765e+04   2.34e-21
  3.1549e+04   2.26e-21
  3.2354e+04   2.18e-21
  3.3179e+04   2.11e-21
  3.4025e+04   2.04e-21
  3.4892e+04   1.97e-21
  3.5782e+04   1.90e-21
  3.6695e+04   1.83e-21
  3.7630e+04   1.77e-21
  3.8590e+04   1.71e-21
  3.9574e+04   1.65e-21
  4.0583e+04   1.59e-21
  4.1618e+04   1.53e-21
  4.2679e+04   1.48e-21
  4.3767e+04   1.43e-21
  4.4883e+04   1.38e-21
  4.6028e+04   1.33e-21
  4.7201e+04   1.28e-21
  4.8405e+04   1.24e-21
  4.9639e+04   1.19e-21
  5.0905e+04   1.15e-21
  5.2203e+04   1.11e-21
  5.3534e+04   1.07e-21
  5.4899e+04   1.03e-21
  5.6299e+04   9.92e-22
  5.7734e+04   9.56e-22
  5.9207e+04   9.21e-22
  6.0716e+04   8.88e-22
  6.2264e+04   8.56e-22
  6.3852e+04   8.24e-22
  6.5480e+04   7.94e-22
  6.7150e+04   7.65e-22
  6.8862e+04   7.37e-22
  7.0618e+04   7.10e-22
  7.2419e+04   6.84e-22
  7.4265e+04   6.59e-22
  7.6159e+04   6.35e-22
  7.8101e+04   6.12e-22
  8.0092e+04   5.90e-22
  8.2135e+04   5.68e-22
  8.4229e+04   5.47e-22
  8.6377e+04   5.27e-22
  8.8579e+04   5.08e-22
  9.0838e+04   4.89e-22
  9.3154e+04   4.71e-22
  9.5529e+04   4.54e-22
  9.7965e+04   4.37e-22
  1.0046e+05   4.21e-22
  1.0303e+05   4.05e-22
  1.0565e+05   3.90e-22
  1.0835e+05   3.76e-22
  1.1111e+05   3.62e-22
  1.1394e+05   3.49e-22
  1.1685e+05   3.36e-22
  1.1983e+05   3.24e-22
  1.2288e+05   3.12e-22
  1.2602e+05   3.00e-22
  1.2923e+05   2.89e-22
  1.3252e+05   2.79e-22
  1.3590e+05   2.68e-22
  1.3937e+05   2.58e-22
  1.4292e+05   2.49e-22
  1.4657e+05   2.40e-22
  1.5030e+05   2.31e-22
  1.5414e+05   2.22e-22
  1.5807e+05   2.14e-22
  1.6210e+05   2.06e-22
  1.6623e+05   1.98e-22
  1.7047e+05   1.91e-22
  1.7482e+05   1.84e-22
  1.7927e+05   1.77e-22
  1.8384e+05   1.71e-22
  1.8853e+05   1.64e-22
  1.9334e+05   1.58e-22
  1.9827e+05   1.52e-22
  2.0333e+05   1.47e-22
  2.0851e+05   1.41e-22
  2.1383e+05   1.36e-22
  2.1928e+05   1.31e-22
  2.2487e+05   1.26e-22
  2.3060e+05   1.22e-22
  2.3648e+05   1.17e-22
  2.4251e+05   1.13e-22
  2.4870e+05   1.09e-22
  2.5504e+05   1.05e-22
  2.6154e+05   1.01e-22
  2.6821e+05   9.73e-23
  2.7505e+05   9.37e-23
  2.8206e+05   9.02e-23
  2.8926e+05   8.69e-23
  2.9663e+05   8.36e-23
  3.0420e+05   8.05e-23
  3.1195e+05   7.75e-23
  3.1991e+05   7.46e-23
  3.2806e+05   7.17e-23
  3.3643e+05   6.90e-23
  3.4501e+05   6.64e-23
  3.5381e+05   6.39e-23
  3.6283e+05   6.15e-23
  3.7208e+05   5.91e-23
  3.8157e+05   5.68e-23
  3.9130e+05   5.47e-23
  4.0127e+05   5.26e-23
  4.1150e+05   5.06e-23
  4.2200e+05   4.86e-23
  4.3276e+05   4.68e-23
  4.4379e+05   4.50e-23
  4.5511e+05   4.33e-23
  4.6671e+05   4.16e-23
  4.7861e+05   4.00e-23
  4.9082e+05   3.85e-23
  5.0333e+05   3.70e-23
  5.1617e+05   3.55e-23
  5.2933e+05   3.42e-23
  5.4283e+05   3.28e-23
  5.5667e+05   3.15e-23
  5.7086e+05   3.03e-23
  5.8542e+05   2.91e-23
  6.0035e+05   2.80e-23
  6.1565e+05   2.69e-23
  6.3135e+05   2.58e-23
  6.4745e+05   2.48e-23
  6.6396e+05   2.38e-23
  6.8089e+05   2.28e-23
  6.9825e+05   2.20e-23
  7.1606e+05   2.11e-23
  7.3432e+05   2.03e-23
  7.5304e+05   1.95e-23
  7.7224e+05   1.87e-23
  7.9193e+05   1.80e-23
  8.1213e+05   1.73e-23
  8.3283e+05   1.66e-23
  8.5407e+05   1.59e-23
  8.7585e+05   1.53e-23
  8.9818e+05   1.47e-23
  9.2108e+05   1.41e-23
  9.4457e+05   1.35e-23
  9.6866e+05   1.30e-23
  9.9336e+05   1.25e-23
  1.0187e+06   1.20e-23
  1.0447e+06   1.15e-23
  1.0713e+06   1.11e-23
  1.0986e+06   1.06e-23
  1.1266e+06   1.02e-23
  1.1554e+06   9.80e-24
  1.1848e+06   9.42e-24
  1.2150e+06   9.05e-24
  1.2460e+06   8.69e-24
  1.2778e+06   8.35e-24
  1.3104e+06   8.02e-24
  1.3438e+06   7.71e-24
  1.3780e+06   7.41e-24
  1.4132e+06   7.12e-24
  1.4492e+06   6.84e-24
  1.4862e+06   6.58e-24
  1.5241e+06   6.32e-24
  1.5629e+06   6.08e-24
  1.6028e+06   5.84e-24
  1.6436e+06   5.62e-24
  1.6856e+06   5.40e-24
  1.7285e+06   5.19e-24
  1.7726e+06   4.99e-24
  1.8178e+06   4.79e-24
  1.8642e+06   4.61e-24
  1.9117e+06   4.43e-24
  1.9604e+06   4.25e-24
  2.0104e+06   4.09e-24
  2.0617e+06   3.93e-24
  2.1143e+06   3.77e-24
  2.1682e+06   3.62e-24
  2.2235e+06   3.48e-24
  2.2802e+06   3.34e-24
  2.3383e+06   3.20e-24
  2.3979e+06   3.08e-24
  2.4591e+06   2.95e-24
  2.5218e+06   2.83e-24
  2.5861e+06   2.71e-24
  2.6520e+06   2.60e-24
  2.7196e+06   2.49e-24
  2.7890e+06   2.39e-24
  2.8601e+06   2.29e-24
  2.9330e+06   2.20e-24
  3.0078e+06   2.10e-24
  3.0845e+06   2.02e-24
  3.1632e+06   1.93e-24
  3.2438e+06   1.85e-24
  3.3265e+06   1.77e-24
  3.4113e+06   1.69e-24
  3.4983e+06   1.62e-24
  3.5875e+06   1.55e-24
  3.6790e+06   1.48e-24
  3.7728e+06   1.41e-24
  3.8690e+06   1.35e-24
  3.9677e+06   1.28e-24
  4.0689e+06   1.22e-24
  4.1726e+06   1.16e-24
  4.2790e+06   1.11e-24
  4.3881e+06   1.06e-24
  4.5000e+06   1.01e-24
