#  E [MeV]   Flux [# cm^{-2} s^{-1}  MeV^{-1}]
  3.0000e+04   1.91e-19
  3.0675e+04   1.84e-19
  3.1366e+04   1.77e-19
  3.2072e+04   1.71e-19
  3.2794e+04   1.65e-19
  3.3533e+04   1.59e-19
  3.4288e+04   1.54e-19
  3.5060e+04   1.48e-19
  3.5849e+04   1.43e-19
  3.6656e+04   1.38e-19
  3.7482e+04   1.33e-19
  3.8326e+04   1.28e-19
  3.9188e+04   1.23e-19
  4.0071e+04   1.19e-19
  4.0973e+04   1.14e-19
  4.1896e+04   1.10e-19
  4.2839e+04   1.06e-19
  4.3803e+04   1.02e-19
  4.4790e+04   9.81e-20
  4.5798e+04   9.44e-20
  4.6829e+04   9.08e-20
  4.7884e+04   8.73e-20
  4.8962e+04   8.40e-20
  5.0064e+04   8.07e-20
  5.1191e+04   7.75e-20
  5.2344e+04   7.45e-20
  5.3522e+04   7.16e-20
  5.4727e+04   6.87e-20
  5.5960e+04   6.60e-20
  5.7219e+04   6.33e-20
  5.8508e+04   6.08e-20
  5.9825e+04   5.83e-20
  6.1172e+04   5.59e-20
  6.2549e+04   5.36e-20
  6.3958e+04   5.13e-20
  6.5398e+04   4.92e-20
  6.6870e+04   4.71e-20
  6.8376e+04   4.51e-20
  6.9915e+04   4.32e-20
  7.1489e+04   4.13e-20
  7.3099e+04   3.95e-20
  7.4745e+04   3.78e-20
  7.6428e+04   3.61e-20
  7.8148e+04   3.46e-20
  7.9908e+04   3.30e-20
  8.1707e+04   3.15e-20
  8.3547e+04   3.01e-20
  8.5428e+04   2.87e-20
  8.7351e+04   2.74e-20
  8.9318e+04   2.62e-20
  9.1329e+04   2.50e-20
  9.3385e+04   2.38e-20
  9.5488e+04   2.27e-20
  9.7638e+04   2.16e-20
  9.9836e+04   2.06e-20
  1.0208e+05   1.96e-20
  1.0438e+05   1.87e-20
  1.0673e+05   1.78e-20
  1.0914e+05   1.69e-20
  1.1159e+05   1.61e-20
  1.1411e+05   1.53e-20
  1.1667e+05   1.45e-20
  1.1930e+05   1.38e-20
  1.2199e+05   1.31e-20
  1.2473e+05   1.24e-20
  1.2754e+05   1.18e-20
  1.3041e+05   1.12e-20
  1.3335e+05   1.06e-20
  1.3635e+05   1.00e-20
  1.3942e+05   9.50e-21
  1.4256e+05   8.99e-21
  1.4577e+05   8.50e-21
  1.4905e+05   8.03e-21
  1.5241e+05   7.60e-21
  1.5584e+05   7.19e-21
  1.5935e+05   6.79e-21
  1.6294e+05   6.41e-21
  1.6661e+05   6.04e-21
  1.7036e+05   5.70e-21
  1.7419e+05   5.38e-21
  1.7812e+05   5.07e-21
  1.8213e+05   4.77e-21
  1.8623e+05   4.49e-21
  1.9042e+05   4.22e-21
  1.9471e+05   3.98e-21
  1.9909e+05   3.74e-21
  2.0357e+05   3.51e-21
  2.0816e+05   3.29e-21
  2.1284e+05   3.09e-21
  2.1763e+05   2.90e-21
  2.2253e+05   2.73e-21
  2.2755e+05   2.55e-21
  2.3267e+05   2.39e-21
  2.3791e+05   2.23e-21
  2.4326e+05   2.09e-21
  2.4874e+05   1.96e-21
  2.5434e+05   1.83e-21
  2.6007e+05   1.70e-21
  2.6592e+05   1.58e-21
  2.7191e+05   1.48e-21
  2.7803e+05   1.38e-21
  2.8429e+05   1.29e-21
  2.9069e+05   1.20e-21
  2.9724e+05   1.11e-21
  3.0393e+05   1.04e-21
  3.1077e+05   9.64e-22
  3.1777e+05   8.96e-22
  3.2493e+05   8.30e-22
  3.3224e+05   7.67e-22
  3.3972e+05   7.13e-22
  3.4737e+05   6.62e-22
  3.5519e+05   6.13e-22
  3.6319e+05   5.67e-22
  3.7137e+05   5.22e-22
  3.7973e+05   4.83e-22
  3.8828e+05   4.48e-22
  3.9702e+05   4.14e-22
  4.0596e+05   3.81e-22
  4.1510e+05   3.51e-22
  4.2444e+05   3.23e-22
  4.3400e+05   2.98e-22
  4.4377e+05   2.75e-22
  4.5376e+05   2.53e-22
  4.6398e+05   2.32e-22
  4.7443e+05   2.13e-22
  4.8511e+05   1.96e-22
  4.9603e+05   1.80e-22
  5.0720e+05   1.66e-22
  5.1862e+05   1.51e-22
  5.3030e+05   1.38e-22
  5.4224e+05   1.27e-22
  5.5444e+05   1.17e-22
  5.6693e+05   1.07e-22
  5.7969e+05   9.76e-23
  5.9274e+05   8.87e-23
  6.0609e+05   8.15e-23
  6.1974e+05   7.47e-23
  6.3369e+05   6.83e-23
  6.4796e+05   6.22e-23
  6.6255e+05   5.65e-23
  6.7746e+05   5.17e-23
  6.9272e+05   4.74e-23
  7.0831e+05   4.33e-23
  7.2426e+05   3.94e-23
  7.4057e+05   3.57e-23
  7.5724e+05   3.26e-23
  7.7429e+05   2.99e-23
  7.9172e+05   2.73e-23
  8.0955e+05   2.48e-23
  8.2778e+05   2.25e-23
  8.4641e+05   2.05e-23
  8.6547e+05   1.88e-23
  8.8496e+05   1.72e-23
  9.0488e+05   1.57e-23
  9.2526e+05   1.42e-23
  9.4609e+05   1.29e-23
  9.6739e+05   1.19e-23
  9.8917e+05   1.08e-23
  1.0114e+06   9.89e-24
  1.0342e+06   8.98e-24
  1.0575e+06   8.14e-24
  1.0813e+06   7.46e-24
  1.1057e+06   6.82e-24
  1.1305e+06   6.22e-24
  1.1560e+06   5.64e-24
  1.1820e+06   5.10e-24
  1.2086e+06   4.68e-24
  1.2359e+06   4.29e-24
  1.2637e+06   3.93e-24
  1.2921e+06   3.58e-24
  1.3212e+06   3.25e-24
  1.3510e+06   3.00e-24
  1.3814e+06   2.77e-24
  1.4125e+06   2.55e-24
  1.4443e+06   2.35e-24
  1.4768e+06   2.15e-24
  1.5101e+06   2.00e-24
  1.5441e+06   1.87e-24
  1.5788e+06   1.75e-24
  1.6144e+06   1.64e-24
  1.6507e+06   1.53e-24
  1.6879e+06   1.43e-24
  1.7259e+06   1.36e-24
  1.7648e+06   1.29e-24
  1.8045e+06   1.23e-24
  1.8451e+06   1.16e-24
  1.8867e+06   1.11e-24
  1.9291e+06   1.07e-24
  1.9726e+06   1.03e-24
  2.0170e+06   9.93e-25
  2.0624e+06   9.57e-25
  2.1088e+06   9.23e-25
  2.1563e+06   8.97e-25
  2.2049e+06   8.72e-25
  2.2545e+06   8.47e-25
  2.3053e+06   8.24e-25
  2.3572e+06   8.00e-25
  2.4102e+06   7.79e-25
  2.4645e+06   7.58e-25
  2.5200e+06   7.37e-25
