#  E [GeV]   # per interaction  [GeV^{-1}]
  3.0000e+01   1.35e+00
  3.1232e+01   1.29e+00
  3.2514e+01   1.23e+00
  3.3849e+01   1.17e+00
  3.5238e+01   1.12e+00
  3.6685e+01   1.06e+00
  3.8191e+01   1.01e+00
  3.9759e+01   9.66e-01
  4.1391e+01   9.19e-01
  4.3090e+01   8.75e-01
  4.4859e+01   8.33e-01
  4.6701e+01   7.92e-01
  4.8618e+01   7.54e-01
  5.0614e+01   7.17e-01
  5.2692e+01   6.82e-01
  5.4855e+01   6.49e-01
  5.7107e+01   6.17e-01
  5.9451e+01   5.86e-01
  6.1892e+01   5.57e-01
  6.4433e+01   5.29e-01
  6.7078e+01   5.03e-01
  6.9832e+01   4.77e-01
  7.2699e+01   4.53e-01
  7.5683e+01   4.30e-01
  7.8790e+01   4.08e-01
  8.2025e+01   3.88e-01
  8.5392e+01   3.68e-01
  8.8898e+01   3.49e-01
  9.2547e+01   3.31e-01
  9.6347e+01   3.14e-01
  1.0030e+02   2.97e-01
  1.0442e+02   2.82e-01
  1.0871e+02   2.67e-01
  1.1317e+02   2.53e-01
  1.1782e+02   2.40e-01
  1.2265e+02   2.27e-01
  1.2769e+02   2.15e-01
  1.3293e+02   2.04e-01
  1.3839e+02   1.93e-01
  1.4407e+02   1.82e-01
  1.4998e+02   1.72e-01
  1.5614e+02   1.63e-01
  1.6255e+02   1.54e-01
  1.6922e+02   1.45e-01
  1.7617e+02   1.37e-01
  1.8340e+02   1.30e-01
  1.9093e+02   1.23e-01
  1.9877e+02   1.16e-01
  2.0693e+02   1.09e-01
  2.1543e+02   1.03e-01
  2.2427e+02   9.69e-02
  2.3348e+02   9.13e-02
  2.4306e+02   8.60e-02
  2.5304e+02   8.10e-02
  2.6343e+02   7.62e-02
  2.7424e+02   7.17e-02
  2.8550e+02   6.74e-02
  2.9722e+02   6.33e-02
  3.0942e+02   5.95e-02
  3.2213e+02   5.58e-02
  3.3535e+02   5.23e-02
  3.4912e+02   4.91e-02
  3.6345e+02   4.60e-02
  3.7837e+02   4.31e-02
  3.9390e+02   4.03e-02
  4.1008e+02   3.77e-02
  4.2691e+02   3.52e-02
  4.4444e+02   3.29e-02
  4.6268e+02   3.08e-02
  4.8168e+02   2.87e-02
  5.0145e+02   2.68e-02
  5.2204e+02   2.49e-02
  5.4347e+02   2.32e-02
  5.6578e+02   2.16e-02
  5.8901e+02   2.01e-02
  6.1319e+02   1.87e-02
  6.3836e+02   1.74e-02
  6.6457e+02   1.62e-02
  6.9185e+02   1.50e-02
  7.2025e+02   1.39e-02
  7.4982e+02   1.29e-02
  7.8061e+02   1.20e-02
  8.1265e+02   1.11e-02
  8.4601e+02   1.03e-02
  8.8075e+02   9.52e-03
  9.1690e+02   8.81e-03
  9.5455e+02   8.15e-03
  9.9373e+02   7.54e-03
  1.0345e+03   6.97e-03
  1.0770e+03   6.44e-03
  1.1212e+03   5.95e-03
  1.1672e+03   5.49e-03
  1.2152e+03   5.07e-03
  1.2650e+03   4.68e-03
  1.3170e+03   4.32e-03
  1.3711e+03   3.98e-03
  1.4273e+03   3.68e-03
  1.4859e+03   3.39e-03
  1.5469e+03   3.13e-03
  1.6104e+03   2.89e-03
  1.6766e+03   2.67e-03
  1.7454e+03   2.46e-03
  1.8170e+03   2.27e-03
  1.8916e+03   2.09e-03
  1.9693e+03   1.93e-03
  2.0501e+03   1.78e-03
  2.1343e+03   1.64e-03
  2.2219e+03   1.51e-03
  2.3131e+03   1.39e-03
  2.4081e+03   1.28e-03
  2.5070e+03   1.17e-03
  2.6099e+03   1.08e-03
  2.7170e+03   9.85e-04
  2.8286e+03   9.03e-04
  2.9447e+03   8.26e-04
  3.0656e+03   7.54e-04
  3.1914e+03   6.89e-04
  3.3225e+03   6.28e-04
  3.4589e+03   5.71e-04
  3.6008e+03   5.20e-04
  3.7487e+03   4.71e-04
  3.9026e+03   4.27e-04
  4.0628e+03   3.87e-04
  4.2296e+03   3.49e-04
  4.4032e+03   3.14e-04
  4.5840e+03   2.83e-04
  4.7722e+03   2.53e-04
  4.9681e+03   2.27e-04
  5.1720e+03   2.02e-04
  5.3844e+03   1.80e-04
  5.6054e+03   1.60e-04
  5.8355e+03   1.41e-04
  6.0751e+03   1.25e-04
  6.3245e+03   1.10e-04
  6.5841e+03   9.61e-05
  6.8544e+03   8.37e-05
  7.1358e+03   7.30e-05
  7.4288e+03   6.31e-05
  7.7338e+03   5.43e-05
  8.0513e+03   4.67e-05
  8.3818e+03   3.98e-05
  8.7259e+03   3.37e-05
  9.0841e+03   2.85e-05
  9.4571e+03   2.38e-05
  9.8453e+03   1.98e-05
  1.0249e+04   1.64e-05
  1.0670e+04   1.34e-05
  1.1108e+04   1.09e-05
  1.1564e+04   8.74e-06
  1.2039e+04   6.92e-06
  1.2533e+04   5.46e-06
  1.3048e+04   4.24e-06
  1.3584e+04   3.22e-06
  1.4141e+04   2.44e-06
  1.4722e+04   1.81e-06
  1.5326e+04   1.30e-06
  1.5955e+04   9.34e-07
  1.6610e+04   6.47e-07
  1.7292e+04   4.34e-07
  1.8002e+04   2.85e-07
  1.8741e+04   1.79e-07
  1.9511e+04   1.08e-07
  2.0312e+04   6.27e-08
  2.1145e+04   3.41e-08
  2.2013e+04   1.75e-08
  2.2917e+04   8.36e-09
  2.3858e+04   3.62e-09
  2.4837e+04   1.43e-09
  2.5857e+04   5.01e-10
  2.6919e+04   1.49e-10
  2.8024e+04   3.81e-11
  2.9174e+04   7.83e-12
  3.0372e+04   1.22e-12
  3.1619e+04   1.44e-13
  3.2917e+04   1.14e-14
  3.4268e+04   5.52e-16
  3.5675e+04   1.52e-17
  3.7140e+04   1.94e-19
  3.8664e+04   9.50e-22
  4.0252e+04   1.41e-24
  4.1904e+04   4.33e-28
  4.3624e+04   1.72e-32
  4.5415e+04   4.74e-38
  4.7280e+04   3.67e-45
  4.9221e+04   1.72e-47
  5.1241e+04   1.51e-47
  5.3345e+04   1.32e-47
  5.5535e+04   1.17e-47
  5.7815e+04   1.05e-47
  6.0188e+04   9.29e-48
  6.2659e+04   8.33e-48
  6.5232e+04   7.48e-48
  6.7910e+04   6.68e-48
  7.0698e+04   5.99e-48
  7.3600e+04   5.35e-48
  7.6621e+04   4.75e-48
  7.9767e+04   4.18e-48
  8.3042e+04   3.64e-48
  8.6451e+04   3.16e-48
  9.0000e+04   2.76e-48
