#  E [MeV]   Flux [# cm^{-2} s^{-1}  MeV^{-1}]
  3.0000e+04   6.22e-19
  3.0501e+04   6.00e-19
  3.1010e+04   5.80e-19
  3.1528e+04   5.60e-19
  3.2055e+04   5.40e-19
  3.2590e+04   5.21e-19
  3.3134e+04   5.03e-19
  3.3688e+04   4.84e-19
  3.4250e+04   4.67e-19
  3.4822e+04   4.51e-19
  3.5404e+04   4.34e-19
  3.5995e+04   4.19e-19
  3.6596e+04   4.03e-19
  3.7207e+04   3.89e-19
  3.7829e+04   3.74e-19
  3.8460e+04   3.60e-19
  3.9103e+04   3.47e-19
  3.9756e+04   3.34e-19
  4.0420e+04   3.21e-19
  4.1095e+04   3.09e-19
  4.1781e+04   2.97e-19
  4.2479e+04   2.85e-19
  4.3188e+04   2.74e-19
  4.3909e+04   2.64e-19
  4.4642e+04   2.54e-19
  4.5388e+04   2.44e-19
  4.6146e+04   2.34e-19
  4.6917e+04   2.25e-19
  4.7700e+04   2.16e-19
  4.8497e+04   2.07e-19
  4.9307e+04   1.99e-19
  5.0130e+04   1.91e-19
  5.0967e+04   1.83e-19
  5.1818e+04   1.76e-19
  5.2684e+04   1.68e-19
  5.3563e+04   1.61e-19
  5.4458e+04   1.55e-19
  5.5367e+04   1.48e-19
  5.6292e+04   1.42e-19
  5.7232e+04   1.36e-19
  5.8188e+04   1.30e-19
  5.9160e+04   1.25e-19
  6.0148e+04   1.19e-19
  6.1152e+04   1.14e-19
  6.2173e+04   1.09e-19
  6.3212e+04   1.05e-19
  6.4267e+04   1.00e-19
  6.5340e+04   9.56e-20
  6.6432e+04   9.13e-20
  6.7541e+04   8.71e-20
  6.8669e+04   8.33e-20
  6.9816e+04   7.97e-20
  7.0982e+04   7.61e-20
  7.2167e+04   7.27e-20
  7.3372e+04   6.94e-20
  7.4598e+04   6.61e-20
  7.5843e+04   6.29e-20
  7.7110e+04   6.01e-20
  7.8398e+04   5.74e-20
  7.9707e+04   5.47e-20
  8.1038e+04   5.21e-20
  8.2391e+04   4.96e-20
  8.3767e+04   4.72e-20
  8.5166e+04   4.48e-20
  8.6588e+04   4.27e-20
  8.8034e+04   4.07e-20
  8.9505e+04   3.88e-20
  9.0999e+04   3.69e-20
  9.2519e+04   3.51e-20
  9.4064e+04   3.33e-20
  9.5635e+04   3.15e-20
  9.7232e+04   3.00e-20
  9.8856e+04   2.86e-20
  1.0051e+05   2.72e-20
  1.0219e+05   2.58e-20
  1.0389e+05   2.45e-20
  1.0563e+05   2.32e-20
  1.0739e+05   2.19e-20
  1.0918e+05   2.08e-20
  1.1101e+05   1.98e-20
  1.1286e+05   1.88e-20
  1.1475e+05   1.78e-20
  1.1666e+05   1.69e-20
  1.1861e+05   1.59e-20
  1.2059e+05   1.50e-20
  1.2260e+05   1.43e-20
  1.2465e+05   1.36e-20
  1.2673e+05   1.28e-20
  1.2885e+05   1.22e-20
  1.3100e+05   1.15e-20
  1.3319e+05   1.08e-20
  1.3541e+05   1.02e-20
  1.3768e+05   9.68e-21
  1.3997e+05   9.17e-21
  1.4231e+05   8.68e-21
  1.4469e+05   8.20e-21
  1.4711e+05   7.73e-21
  1.4956e+05   7.28e-21
  1.5206e+05   6.84e-21
  1.5460e+05   6.48e-21
  1.5718e+05   6.14e-21
  1.5981e+05   5.80e-21
  1.6247e+05   5.47e-21
  1.6519e+05   5.15e-21
  1.6795e+05   4.84e-21
  1.7075e+05   4.54e-21
  1.7360e+05   4.29e-21
  1.7650e+05   4.06e-21
  1.7945e+05   3.83e-21
  1.8245e+05   3.60e-21
  1.8549e+05   3.39e-21
  1.8859e+05   3.18e-21
  1.9174e+05   2.98e-21
  1.9494e+05   2.81e-21
  1.9820e+05   2.65e-21
  2.0151e+05   2.50e-21
  2.0487e+05   2.35e-21
  2.0829e+05   2.21e-21
  2.1177e+05   2.07e-21
  2.1531e+05   1.93e-21
  2.1890e+05   1.83e-21
  2.2256e+05   1.72e-21
  2.2628e+05   1.62e-21
  2.3006e+05   1.52e-21
  2.3390e+05   1.43e-21
  2.3780e+05   1.33e-21
  2.4178e+05   1.25e-21
  2.4581e+05   1.18e-21
  2.4992e+05   1.11e-21
  2.5409e+05   1.04e-21
  2.5833e+05   9.78e-22
  2.6265e+05   9.16e-22
  2.6704e+05   8.56e-22
  2.7149e+05   8.01e-22
  2.7603e+05   7.55e-22
  2.8064e+05   7.11e-22
  2.8532e+05   6.68e-22
  2.9009e+05   6.27e-22
  2.9493e+05   5.87e-22
  2.9986e+05   5.48e-22
  3.0487e+05   5.13e-22
  3.0996e+05   4.83e-22
  3.1513e+05   4.55e-22
  3.2040e+05   4.27e-22
  3.2575e+05   4.00e-22
  3.3119e+05   3.74e-22
  3.3672e+05   3.49e-22
  3.4234e+05   3.27e-22
  3.4806e+05   3.08e-22
  3.5387e+05   2.89e-22
  3.5978e+05   2.71e-22
  3.6579e+05   2.54e-22
  3.7190e+05   2.37e-22
  3.7811e+05   2.21e-22
  3.8442e+05   2.06e-22
  3.9084e+05   1.94e-22
  3.9737e+05   1.83e-22
  4.0401e+05   1.72e-22
  4.1075e+05   1.61e-22
  4.1761e+05   1.50e-22
  4.2459e+05   1.40e-22
  4.3168e+05   1.32e-22
  4.3889e+05   1.24e-22
  4.4622e+05   1.17e-22
  4.5367e+05   1.11e-22
  4.6124e+05   1.04e-22
  4.6895e+05   9.78e-23
  4.7678e+05   9.17e-23
  4.8474e+05   8.68e-23
  4.9283e+05   8.28e-23
  5.0107e+05   7.89e-23
  5.0943e+05   7.52e-23
  5.1794e+05   7.16e-23
  5.2659e+05   6.81e-23
  5.3538e+05   6.48e-23
  5.4432e+05   6.20e-23
  5.5342e+05   5.97e-23
  5.6266e+05   5.74e-23
  5.7205e+05   5.53e-23
  5.8161e+05   5.32e-23
  5.9132e+05   5.11e-23
  6.0119e+05   4.92e-23
  6.1123e+05   4.76e-23
  6.2144e+05   4.63e-23
  6.3182e+05   4.50e-23
  6.4237e+05   4.37e-23
  6.5310e+05   4.25e-23
  6.6401e+05   4.13e-23
  6.7509e+05   4.01e-23
  6.8637e+05   3.91e-23
  6.9783e+05   3.82e-23
  7.0948e+05   3.73e-23
  7.2133e+05   3.64e-23
  7.3338e+05   3.55e-23
  7.4563e+05   3.46e-23
  7.5808e+05   3.38e-23
  7.7074e+05   3.30e-23
  7.8361e+05   3.22e-23
  7.9670e+05   3.14e-23
  8.1000e+05   3.07e-23
