#  E [MeV]   Flux [# cm^{-2} s^{-1}  MeV^{-1}]
  3.0000e+04   4.91e-19
  3.0943e+04   4.72e-19
  3.1916e+04   4.53e-19
  3.2920e+04   4.35e-19
  3.3955e+04   4.18e-19
  3.5023e+04   4.02e-19
  3.6124e+04   3.86e-19
  3.7260e+04   3.70e-19
  3.8432e+04   3.56e-19
  3.9640e+04   3.41e-19
  4.0887e+04   3.28e-19
  4.2172e+04   3.15e-19
  4.3499e+04   3.02e-19
  4.4866e+04   2.90e-19
  4.6277e+04   2.78e-19
  4.7732e+04   2.67e-19
  4.9233e+04   2.56e-19
  5.0781e+04   2.46e-19
  5.2378e+04   2.36e-19
  5.4025e+04   2.26e-19
  5.5724e+04   2.17e-19
  5.7476e+04   2.08e-19
  5.9284e+04   1.99e-19
  6.1148e+04   1.91e-19
  6.3071e+04   1.83e-19
  6.5054e+04   1.76e-19
  6.7100e+04   1.68e-19
  6.9210e+04   1.61e-19
  7.1386e+04   1.55e-19
  7.3631e+04   1.48e-19
  7.5946e+04   1.42e-19
  7.8334e+04   1.36e-19
  8.0797e+04   1.30e-19
  8.3338e+04   1.25e-19
  8.5959e+04   1.19e-19
  8.8662e+04   1.14e-19
  9.1450e+04   1.09e-19
  9.4325e+04   1.05e-19
  9.7291e+04   1.00e-19
  1.0035e+05   9.59e-20
  1.0351e+05   9.17e-20
  1.0676e+05   8.77e-20
  1.1012e+05   8.39e-20
  1.1358e+05   8.02e-20
  1.1715e+05   7.66e-20
  1.2084e+05   7.32e-20
  1.2464e+05   6.99e-20
  1.2856e+05   6.68e-20
  1.3260e+05   6.38e-20
  1.3677e+05   6.09e-20
  1.4107e+05   5.81e-20
  1.4550e+05   5.54e-20
  1.5008e+05   5.28e-20
  1.5480e+05   5.03e-20
  1.5967e+05   4.79e-20
  1.6469e+05   4.56e-20
  1.6987e+05   4.34e-20
  1.7521e+05   4.13e-20
  1.8072e+05   3.93e-20
  1.8640e+05   3.73e-20
  1.9226e+05   3.55e-20
  1.9831e+05   3.37e-20
  2.0454e+05   3.20e-20
  2.1097e+05   3.03e-20
  2.1761e+05   2.88e-20
  2.2445e+05   2.73e-20
  2.3151e+05   2.59e-20
  2.3879e+05   2.46e-20
  2.4630e+05   2.33e-20
  2.5404e+05   2.21e-20
  2.6203e+05   2.09e-20
  2.7027e+05   1.98e-20
  2.7877e+05   1.88e-20
  2.8753e+05   1.78e-20
  2.9657e+05   1.68e-20
  3.0590e+05   1.59e-20
  3.1552e+05   1.51e-20
  3.2544e+05   1.42e-20
  3.3567e+05   1.35e-20
  3.4623e+05   1.27e-20
  3.5712e+05   1.20e-20
  3.6835e+05   1.13e-20
  3.7993e+05   1.07e-20
  3.9188e+05   1.01e-20
  4.0420e+05   9.50e-21
  4.1691e+05   8.95e-21
  4.3002e+05   8.42e-21
  4.4354e+05   7.92e-21
  4.5749e+05   7.45e-21
  4.7187e+05   7.00e-21
  4.8671e+05   6.58e-21
  5.0202e+05   6.17e-21
  5.1780e+05   5.80e-21
  5.3409e+05   5.43e-21
  5.5088e+05   5.09e-21
  5.6820e+05   4.77e-21
  5.8607e+05   4.47e-21
  6.0450e+05   4.18e-21
  6.2351e+05   3.90e-21
  6.4311e+05   3.65e-21
  6.6334e+05   3.41e-21
  6.8419e+05   3.18e-21
  7.0571e+05   2.96e-21
  7.2790e+05   2.76e-21
  7.5079e+05   2.57e-21
  7.7440e+05   2.39e-21
  7.9875e+05   2.22e-21
  8.2387e+05   2.06e-21
  8.4977e+05   1.91e-21
  8.7649e+05   1.77e-21
  9.0405e+05   1.64e-21
  9.3248e+05   1.52e-21
  9.6180e+05   1.41e-21
  9.9205e+05   1.30e-21
  1.0232e+06   1.20e-21
  1.0554e+06   1.11e-21
  1.0886e+06   1.02e-21
  1.1228e+06   9.37e-22
  1.1581e+06   8.64e-22
  1.1946e+06   7.94e-22
  1.2321e+06   7.28e-22
  1.2709e+06   6.68e-22
  1.3108e+06   6.13e-22
  1.3521e+06   5.61e-22
  1.3946e+06   5.12e-22
  1.4384e+06   4.69e-22
  1.4837e+06   4.28e-22
  1.5303e+06   3.89e-22
  1.5784e+06   3.53e-22
  1.6281e+06   3.22e-22
  1.6793e+06   2.93e-22
  1.7321e+06   2.65e-22
  1.7865e+06   2.40e-22
  1.8427e+06   2.18e-22
  1.9006e+06   1.97e-22
  1.9604e+06   1.77e-22
  2.0221e+06   1.60e-22
  2.0856e+06   1.44e-22
  2.1512e+06   1.30e-22
  2.2189e+06   1.16e-22
  2.2886e+06   1.05e-22
  2.3606e+06   9.40e-23
  2.4348e+06   8.39e-23
  2.5114e+06   7.47e-23
  2.5904e+06   6.72e-23
  2.6718e+06   6.00e-23
  2.7558e+06   5.32e-23
  2.8425e+06   4.73e-23
  2.9319e+06   4.22e-23
  3.0241e+06   3.74e-23
  3.1192e+06   3.29e-23
  3.2173e+06   2.92e-23
  3.3184e+06   2.59e-23
  3.4228e+06   2.28e-23
  3.5304e+06   1.99e-23
  3.6414e+06   1.77e-23
  3.7559e+06   1.56e-23
  3.8740e+06   1.36e-23
  3.9958e+06   1.19e-23
  4.1215e+06   1.05e-23
  4.2511e+06   9.23e-24
  4.3848e+06   7.99e-24
  4.5227e+06   7.00e-24
  4.6649e+06   6.15e-24
  4.8116e+06   5.35e-24
  4.9629e+06   4.60e-24
  5.1189e+06   4.05e-24
  5.2799e+06   3.54e-24
  5.4459e+06   3.06e-24
  5.6171e+06   2.63e-24
  5.7938e+06   2.32e-24
  5.9760e+06   2.02e-24
  6.1639e+06   1.74e-24
  6.3577e+06   1.51e-24
  6.5576e+06   1.33e-24
  6.7638e+06   1.16e-24
  6.9765e+06   9.96e-25
  7.1959e+06   8.77e-25
  7.4222e+06   7.74e-25
  7.6556e+06   6.77e-25
  7.8963e+06   5.87e-25
  8.1446e+06   5.24e-25
  8.4007e+06   4.64e-25
  8.6649e+06   4.08e-25
  8.9373e+06   3.60e-25
  9.2184e+06   3.25e-25
  9.5082e+06   2.91e-25
  9.8072e+06   2.59e-25
  1.0116e+07   2.34e-25
  1.0434e+07   2.13e-25
  1.0762e+07   1.93e-25
  1.1100e+07   1.74e-25
  1.1449e+07   1.58e-25
  1.1809e+07   1.43e-25
  1.2181e+07   1.29e-25
  1.2564e+07   1.16e-25
  1.2959e+07   1.04e-25
  1.3366e+07   9.26e-26
  1.3786e+07   8.22e-26
  1.4220e+07   7.32e-26
