#  E [MeV]   Flux [# cm^{-2} s^{-1}  MeV^{-1}]
  3.0000e+04   6.00e-20
  3.0943e+04   5.77e-20
  3.1916e+04   5.54e-20
  3.2920e+04   5.32e-20
  3.3955e+04   5.11e-20
  3.5023e+04   4.90e-20
  3.6124e+04   4.71e-20
  3.7260e+04   4.52e-20
  3.8432e+04   4.34e-20
  3.9640e+04   4.16e-20
  4.0887e+04   4.00e-20
  4.2172e+04   3.84e-20
  4.3499e+04   3.68e-20
  4.4866e+04   3.53e-20
  4.6277e+04   3.39e-20
  4.7732e+04   3.25e-20
  4.9233e+04   3.11e-20
  5.0781e+04   2.99e-20
  5.2378e+04   2.86e-20
  5.4025e+04   2.75e-20
  5.5724e+04   2.63e-20
  5.7476e+04   2.52e-20
  5.9284e+04   2.42e-20
  6.1148e+04   2.32e-20
  6.3071e+04   2.22e-20
  6.5054e+04   2.13e-20
  6.7100e+04   2.04e-20
  6.9210e+04   1.95e-20
  7.1386e+04   1.87e-20
  7.3631e+04   1.79e-20
  7.5946e+04   1.71e-20
  7.8334e+04   1.64e-20
  8.0797e+04   1.57e-20
  8.3338e+04   1.50e-20
  8.5959e+04   1.43e-20
  8.8662e+04   1.37e-20
  9.1450e+04   1.31e-20
  9.4325e+04   1.25e-20
  9.7291e+04   1.20e-20
  1.0035e+05   1.14e-20
  1.0351e+05   1.09e-20
  1.0676e+05   1.04e-20
  1.1012e+05   9.96e-21
  1.1358e+05   9.51e-21
  1.1715e+05   9.07e-21
  1.2084e+05   8.65e-21
  1.2464e+05   8.24e-21
  1.2856e+05   7.85e-21
  1.3260e+05   7.48e-21
  1.3677e+05   7.12e-21
  1.4107e+05   6.77e-21
  1.4550e+05   6.44e-21
  1.5008e+05   6.12e-21
  1.5480e+05   5.81e-21
  1.5967e+05   5.52e-21
  1.6469e+05   5.23e-21
  1.6987e+05   4.96e-21
  1.7521e+05   4.70e-21
  1.8072e+05   4.45e-21
  1.8640e+05   4.21e-21
  1.9226e+05   3.98e-21
  1.9831e+05   3.76e-21
  2.0454e+05   3.55e-21
  2.1097e+05   3.35e-21
  2.1761e+05   3.16e-21
  2.2445e+05   2.98e-21
  2.3151e+05   2.81e-21
  2.3879e+05   2.65e-21
  2.4630e+05   2.50e-21
  2.5404e+05   2.35e-21
  2.6203e+05   2.21e-21
  2.7027e+05   2.08e-21
  2.7877e+05   1.95e-21
  2.8753e+05   1.83e-21
  2.9657e+05   1.72e-21
  3.0590e+05   1.61e-21
  3.1552e+05   1.51e-21
  3.2544e+05   1.41e-21
  3.3567e+05   1.32e-21
  3.4623e+05   1.23e-21
  3.5712e+05   1.15e-21
  3.6835e+05   1.07e-21
  3.7993e+05   9.98e-22
  3.9188e+05   9.28e-22
  4.0420e+05   8.62e-22
  4.1691e+05   8.00e-22
  4.3002e+05   7.42e-22
  4.4354e+05   6.88e-22
  4.5749e+05   6.36e-22
  4.7187e+05   5.88e-22
  4.8671e+05   5.44e-22
  5.0202e+05   5.02e-22
  5.1780e+05   4.62e-22
  5.3409e+05   4.26e-22
  5.5088e+05   3.92e-22
  5.6820e+05   3.60e-22
  5.8607e+05   3.30e-22
  6.0450e+05   3.03e-22
  6.2351e+05   2.78e-22
  6.4311e+05   2.55e-22
  6.6334e+05   2.33e-22
  6.8419e+05   2.13e-22
  7.0571e+05   1.95e-22
  7.2790e+05   1.77e-22
  7.5079e+05   1.62e-22
  7.7440e+05   1.47e-22
  7.9875e+05   1.34e-22
  8.2387e+05   1.22e-22
  8.4977e+05   1.11e-22
  8.7649e+05   1.01e-22
  9.0405e+05   9.14e-23
  9.3248e+05   8.28e-23
  9.6180e+05   7.52e-23
  9.9205e+05   6.81e-23
  1.0232e+06   6.16e-23
  1.0554e+06   5.57e-23
  1.0886e+06   5.05e-23
  1.1228e+06   4.56e-23
  1.1581e+06   4.11e-23
  1.1946e+06   3.72e-23
  1.2321e+06   3.36e-23
  1.2709e+06   3.02e-23
  1.3108e+06   2.72e-23
  1.3521e+06   2.45e-23
  1.3946e+06   2.21e-23
  1.4384e+06   1.98e-23
  1.4837e+06   1.78e-23
  1.5303e+06   1.60e-23
  1.5784e+06   1.43e-23
  1.6281e+06   1.28e-23
  1.6793e+06   1.15e-23
  1.7321e+06   1.03e-23
  1.7865e+06   9.18e-24
  1.8427e+06   8.15e-24
  1.9006e+06   7.31e-24
  1.9604e+06   6.53e-24
  2.0221e+06   5.80e-24
  2.0856e+06   5.14e-24
  2.1512e+06   4.59e-24
  2.2189e+06   4.08e-24
  2.2886e+06   3.60e-24
  2.3606e+06   3.19e-24
  2.4348e+06   2.84e-24
  2.5114e+06   2.50e-24
  2.5904e+06   2.19e-24
  2.6718e+06   1.94e-24
  2.7558e+06   1.71e-24
  2.8425e+06   1.50e-24
  2.9319e+06   1.30e-24
  3.0241e+06   1.15e-24
  3.1192e+06   1.01e-24
  3.2173e+06   8.73e-25
  3.3184e+06   7.57e-25
  3.4228e+06   6.63e-25
  3.5304e+06   5.76e-25
  3.6414e+06   4.94e-25
  3.7559e+06   4.28e-25
  3.8740e+06   3.72e-25
  3.9958e+06   3.20e-25
  4.1215e+06   2.71e-25
  4.2511e+06   2.35e-25
  4.3848e+06   2.02e-25
  4.5227e+06   1.72e-25
  4.6649e+06   1.45e-25
  4.8116e+06   1.25e-25
  4.9629e+06   1.06e-25
  5.1189e+06   8.93e-26
  5.2799e+06   7.54e-26
  5.4459e+06   6.43e-26
  5.6171e+06   5.41e-26
  5.7938e+06   4.49e-26
  5.9760e+06   3.80e-26
  6.1639e+06   3.22e-26
  6.3577e+06   2.68e-26
  6.5576e+06   2.21e-26
  6.7638e+06   1.88e-26
  6.9765e+06   1.58e-26
  7.1959e+06   1.30e-26
  7.4222e+06   1.08e-26
  7.6556e+06   9.07e-27
  7.8963e+06   7.54e-27
  8.1446e+06   6.19e-27
  8.4007e+06   5.14e-27
  8.6649e+06   4.29e-27
  8.9373e+06   3.54e-27
  9.2184e+06   2.89e-27
  9.5082e+06   2.39e-27
  9.8072e+06   1.97e-27
  1.0116e+07   1.60e-27
  1.0434e+07   1.29e-27
  1.0762e+07   1.04e-27
  1.1100e+07   8.21e-28
  1.1449e+07   6.42e-28
  1.1809e+07   4.95e-28
  1.2181e+07   3.77e-28
  1.2564e+07   2.81e-28
  1.2959e+07   2.06e-28
  1.3366e+07   1.50e-28
  1.3786e+07   1.08e-28
  1.4220e+07   7.58e-29
