#  E [GeV]   # per interaction  [GeV^{-1}]
  3.0000e+01   3.52e-01
  3.0854e+01   3.40e-01
  3.1733e+01   3.29e-01
  3.2636e+01   3.18e-01
  3.3566e+01   3.07e-01
  3.4521e+01   2.97e-01
  3.5504e+01   2.87e-01
  3.6515e+01   2.77e-01
  3.7555e+01   2.68e-01
  3.8625e+01   2.58e-01
  3.9724e+01   2.50e-01
  4.0855e+01   2.41e-01
  4.2019e+01   2.32e-01
  4.3215e+01   2.24e-01
  4.4446e+01   2.16e-01
  4.5711e+01   2.09e-01
  4.7013e+01   2.01e-01
  4.8352e+01   1.94e-01
  4.9728e+01   1.87e-01
  5.1144e+01   1.80e-01
  5.2601e+01   1.73e-01
  5.4099e+01   1.67e-01
  5.5639e+01   1.61e-01
  5.7223e+01   1.55e-01
  5.8853e+01   1.49e-01
  6.0528e+01   1.43e-01
  6.2252e+01   1.38e-01
  6.4025e+01   1.33e-01
  6.5848e+01   1.28e-01
  6.7723e+01   1.23e-01
  6.9651e+01   1.18e-01
  7.1634e+01   1.13e-01
  7.3674e+01   1.09e-01
  7.5772e+01   1.04e-01
  7.7929e+01   1.00e-01
  8.0148e+01   9.62e-02
  8.2431e+01   9.24e-02
  8.4778e+01   8.86e-02
  8.7192e+01   8.50e-02
  8.9674e+01   8.15e-02
  9.2228e+01   7.82e-02
  9.4854e+01   7.49e-02
  9.7555e+01   7.18e-02
  1.0033e+02   6.88e-02
  1.0319e+02   6.59e-02
  1.0613e+02   6.30e-02
  1.0915e+02   6.03e-02
  1.1226e+02   5.77e-02
  1.1545e+02   5.52e-02
  1.1874e+02   5.28e-02
  1.2212e+02   5.05e-02
  1.2560e+02   4.83e-02
  1.2918e+02   4.61e-02
  1.3286e+02   4.41e-02
  1.3664e+02   4.21e-02
  1.4053e+02   4.02e-02
  1.4453e+02   3.84e-02
  1.4865e+02   3.66e-02
  1.5288e+02   3.49e-02
  1.5723e+02   3.33e-02
  1.6171e+02   3.18e-02
  1.6631e+02   3.03e-02
  1.7105e+02   2.88e-02
  1.7592e+02   2.75e-02
  1.8093e+02   2.62e-02
  1.8608e+02   2.49e-02
  1.9138e+02   2.37e-02
  1.9683e+02   2.25e-02
  2.0243e+02   2.14e-02
  2.0820e+02   2.03e-02
  2.1413e+02   1.93e-02
  2.2022e+02   1.83e-02
  2.2649e+02   1.74e-02
  2.3294e+02   1.65e-02
  2.3958e+02   1.57e-02
  2.4640e+02   1.48e-02
  2.5341e+02   1.41e-02
  2.6063e+02   1.33e-02
  2.6805e+02   1.26e-02
  2.7568e+02   1.19e-02
  2.8353e+02   1.13e-02
  2.9161e+02   1.07e-02
  2.9991e+02   1.01e-02
  3.0845e+02   9.53e-03
  3.1723e+02   9.00e-03
  3.2627e+02   8.50e-03
  3.3556e+02   8.02e-03
  3.4511e+02   7.56e-03
  3.5494e+02   7.13e-03
  3.6504e+02   6.72e-03
  3.7544e+02   6.32e-03
  3.8613e+02   5.95e-03
  3.9712e+02   5.60e-03
  4.0843e+02   5.26e-03
  4.2006e+02   4.94e-03
  4.3202e+02   4.64e-03
  4.4432e+02   4.36e-03
  4.5698e+02   4.09e-03
  4.6999e+02   3.83e-03
  4.8337e+02   3.59e-03
  4.9713e+02   3.36e-03
  5.1129e+02   3.15e-03
  5.2585e+02   2.95e-03
  5.4082e+02   2.75e-03
  5.5622e+02   2.58e-03
  5.7206e+02   2.41e-03
  5.8835e+02   2.25e-03
  6.0510e+02   2.10e-03
  6.2233e+02   1.96e-03
  6.4005e+02   1.83e-03
  6.5828e+02   1.70e-03
  6.7702e+02   1.58e-03
  6.9630e+02   1.47e-03
  7.1613e+02   1.37e-03
  7.3652e+02   1.28e-03
  7.5749e+02   1.19e-03
  7.7906e+02   1.10e-03
  8.0124e+02   1.02e-03
  8.2406e+02   9.51e-04
  8.4752e+02   8.82e-04
  8.7165e+02   8.17e-04
  8.9647e+02   7.58e-04
  9.2200e+02   7.03e-04
  9.4825e+02   6.50e-04
  9.7526e+02   6.01e-04
  1.0030e+03   5.57e-04
  1.0316e+03   5.16e-04
  1.0610e+03   4.76e-04
  1.0912e+03   4.39e-04
  1.1222e+03   4.07e-04
  1.1542e+03   3.76e-04
  1.1871e+03   3.47e-04
  1.2209e+03   3.19e-04
  1.2556e+03   2.95e-04
  1.2914e+03   2.72e-04
  1.3281e+03   2.51e-04
  1.3660e+03   2.30e-04
  1.4049e+03   2.12e-04
  1.4449e+03   1.96e-04
  1.4860e+03   1.80e-04
  1.5283e+03   1.65e-04
  1.5718e+03   1.52e-04
  1.6166e+03   1.40e-04
  1.6626e+03   1.28e-04
  1.7100e+03   1.17e-04
  1.7587e+03   1.08e-04
  1.8087e+03   9.92e-05
  1.8602e+03   9.10e-05
  1.9132e+03   8.32e-05
  1.9677e+03   7.63e-05
  2.0237e+03   7.01e-05
  2.0813e+03   6.43e-05
  2.1406e+03   5.87e-05
  2.2016e+03   5.38e-05
  2.2642e+03   4.95e-05
  2.3287e+03   4.53e-05
  2.3950e+03   4.14e-05
  2.4632e+03   3.79e-05
  2.5334e+03   3.49e-05
  2.6055e+03   3.20e-05
  2.6797e+03   2.93e-05
  2.7560e+03   2.68e-05
  2.8345e+03   2.47e-05
  2.9152e+03   2.28e-05
  2.9982e+03   2.09e-05
  3.0836e+03   1.91e-05
  3.1714e+03   1.78e-05
  3.2617e+03   1.64e-05
  3.3545e+03   1.52e-05
  3.4501e+03   1.40e-05
  3.5483e+03   1.31e-05
  3.6493e+03   1.22e-05
  3.7532e+03   1.14e-05
  3.8601e+03   1.06e-05
  3.9700e+03   1.00e-05
  4.0831e+03   9.49e-06
  4.1993e+03   8.96e-06
  4.3189e+03   8.45e-06
  4.4419e+03   8.07e-06
  4.5684e+03   7.72e-06
  4.6985e+03   7.38e-06
  4.8322e+03   7.06e-06
  4.9698e+03   6.87e-06
  5.1114e+03   6.71e-06
  5.2569e+03   6.56e-06
  5.4066e+03   6.41e-06
  5.5605e+03   6.38e-06
  5.7189e+03   6.40e-06
  5.8817e+03   6.41e-06
  6.0492e+03   6.40e-06
  6.2214e+03   6.61e-06
  6.3986e+03   6.97e-06
  6.5808e+03   7.27e-06
  6.7682e+03   7.54e-06
  6.9609e+03   8.23e-06
  7.1591e+03   9.37e-06
  7.3630e+03   1.04e-05
  7.5726e+03   1.13e-05
  7.7882e+03   1.14e-05
  8.0100e+03   1.01e-05
