#  E [GeV]   # per interaction  [GeV^{-1}]
  3.0000e+01   1.54e-02
  3.0854e+01   1.49e-02
  3.1733e+01   1.45e-02
  3.2636e+01   1.40e-02
  3.3566e+01   1.36e-02
  3.4521e+01   1.31e-02
  3.5504e+01   1.27e-02
  3.6515e+01   1.23e-02
  3.7555e+01   1.19e-02
  3.8625e+01   1.16e-02
  3.9724e+01   1.12e-02
  4.0855e+01   1.09e-02
  4.2019e+01   1.05e-02
  4.3215e+01   1.02e-02
  4.4446e+01   9.91e-03
  4.5711e+01   9.61e-03
  4.7013e+01   9.32e-03
  4.8352e+01   9.04e-03
  4.9728e+01   8.77e-03
  5.1144e+01   8.51e-03
  5.2601e+01   8.26e-03
  5.4099e+01   8.02e-03
  5.5639e+01   7.78e-03
  5.7223e+01   7.56e-03
  5.8853e+01   7.34e-03
  6.0528e+01   7.13e-03
  6.2252e+01   6.93e-03
  6.4025e+01   6.73e-03
  6.5848e+01   6.54e-03
  6.7723e+01   6.36e-03
  6.9651e+01   6.18e-03
  7.1634e+01   6.01e-03
  7.3674e+01   5.85e-03
  7.5772e+01   5.69e-03
  7.7929e+01   5.53e-03
  8.0148e+01   5.39e-03
  8.2431e+01   5.24e-03
  8.4778e+01   5.10e-03
  8.7192e+01   4.97e-03
  8.9674e+01   4.84e-03
  9.2228e+01   4.72e-03
  9.4854e+01   4.60e-03
  9.7555e+01   4.48e-03
  1.0033e+02   4.37e-03
  1.0319e+02   4.26e-03
  1.0613e+02   4.16e-03
  1.0915e+02   4.06e-03
  1.1226e+02   3.96e-03
  1.1545e+02   3.87e-03
  1.1874e+02   3.77e-03
  1.2212e+02   3.69e-03
  1.2560e+02   3.60e-03
  1.2918e+02   3.52e-03
  1.3286e+02   3.44e-03
  1.3664e+02   3.36e-03
  1.4053e+02   3.28e-03
  1.4453e+02   3.21e-03
  1.4865e+02   3.14e-03
  1.5288e+02   3.07e-03
  1.5723e+02   3.00e-03
  1.6171e+02   2.93e-03
  1.6631e+02   2.87e-03
  1.7105e+02   2.81e-03
  1.7592e+02   2.75e-03
  1.8093e+02   2.69e-03
  1.8608e+02   2.63e-03
  1.9138e+02   2.57e-03
  1.9683e+02   2.51e-03
  2.0243e+02   2.46e-03
  2.0820e+02   2.41e-03
  2.1413e+02   2.35e-03
  2.2022e+02   2.30e-03
  2.2649e+02   2.25e-03
  2.3294e+02   2.20e-03
  2.3958e+02   2.15e-03
  2.4640e+02   2.11e-03
  2.5341e+02   2.06e-03
  2.6063e+02   2.01e-03
  2.6805e+02   1.97e-03
  2.7568e+02   1.92e-03
  2.8353e+02   1.88e-03
  2.9161e+02   1.84e-03
  2.9991e+02   1.79e-03
  3.0845e+02   1.75e-03
  3.1723e+02   1.71e-03
  3.2627e+02   1.67e-03
  3.3556e+02   1.63e-03
  3.4511e+02   1.59e-03
  3.5494e+02   1.55e-03
  3.6504e+02   1.51e-03
  3.7544e+02   1.47e-03
  3.8613e+02   1.43e-03
  3.9712e+02   1.40e-03
  4.0843e+02   1.36e-03
  4.2006e+02   1.32e-03
  4.3202e+02   1.29e-03
  4.4432e+02   1.25e-03
  4.5698e+02   1.22e-03
  4.6999e+02   1.18e-03
  4.8337e+02   1.15e-03
  4.9713e+02   1.12e-03
  5.1129e+02   1.08e-03
  5.2585e+02   1.05e-03
  5.4082e+02   1.02e-03
  5.5622e+02   9.89e-04
  5.7206e+02   9.58e-04
  5.8835e+02   9.29e-04
  6.0510e+02   9.00e-04
  6.2233e+02   8.71e-04
  6.4005e+02   8.43e-04
  6.5828e+02   8.15e-04
  6.7702e+02   7.89e-04
  6.9630e+02   7.62e-04
  7.1613e+02   7.37e-04
  7.3652e+02   7.12e-04
  7.5749e+02   6.88e-04
  7.7906e+02   6.64e-04
  8.0124e+02   6.40e-04
  8.2406e+02   6.17e-04
  8.4752e+02   5.96e-04
  8.7165e+02   5.74e-04
  8.9647e+02   5.53e-04
  9.2200e+02   5.33e-04
  9.4825e+02   5.13e-04
  9.7526e+02   4.94e-04
  1.0030e+03   4.75e-04
  1.0316e+03   4.57e-04
  1.0610e+03   4.40e-04
  1.0912e+03   4.23e-04
  1.1222e+03   4.06e-04
  1.1542e+03   3.90e-04
  1.1871e+03   3.75e-04
  1.2209e+03   3.60e-04
  1.2556e+03   3.45e-04
  1.2914e+03   3.31e-04
  1.3281e+03   3.17e-04
  1.3660e+03   3.04e-04
  1.4049e+03   2.91e-04
  1.4449e+03   2.79e-04
  1.4860e+03   2.67e-04
  1.5283e+03   2.56e-04
  1.5718e+03   2.44e-04
  1.6166e+03   2.33e-04
  1.6626e+03   2.23e-04
  1.7100e+03   2.12e-04
  1.7587e+03   2.02e-04
  1.8087e+03   1.93e-04
  1.8602e+03   1.83e-04
  1.9132e+03   1.75e-04
  1.9677e+03   1.66e-04
  2.0237e+03   1.57e-04
  2.0813e+03   1.49e-04
  2.1406e+03   1.42e-04
  2.2016e+03   1.34e-04
  2.2642e+03   1.27e-04
  2.3287e+03   1.20e-04
  2.3950e+03   1.13e-04
  2.4632e+03   1.06e-04
  2.5334e+03   1.00e-04
  2.6055e+03   9.42e-05
  2.6797e+03   8.85e-05
  2.7560e+03   8.30e-05
  2.8345e+03   7.77e-05
  2.9152e+03   7.27e-05
  2.9982e+03   6.79e-05
  3.0836e+03   6.32e-05
  3.1714e+03   5.87e-05
  3.2617e+03   5.44e-05
  3.3545e+03   5.03e-05
  3.4501e+03   4.65e-05
  3.5483e+03   4.28e-05
  3.6493e+03   3.94e-05
  3.7532e+03   3.61e-05
  3.8601e+03   3.30e-05
  3.9700e+03   3.01e-05
  4.0831e+03   2.74e-05
  4.1993e+03   2.49e-05
  4.3189e+03   2.25e-05
  4.4419e+03   2.04e-05
  4.5684e+03   1.84e-05
  4.6985e+03   1.65e-05
  4.8322e+03   1.47e-05
  4.9698e+03   1.32e-05
  5.1114e+03   1.17e-05
  5.2569e+03   1.03e-05
  5.4066e+03   9.08e-06
  5.5605e+03   8.05e-06
  5.7189e+03   7.08e-06
  5.8817e+03   6.17e-06
  6.0492e+03   5.34e-06
  6.2214e+03   4.71e-06
  6.3986e+03   4.11e-06
  6.5808e+03   3.56e-06
  6.7682e+03   3.05e-06
  6.9609e+03   2.69e-06
  7.1591e+03   2.36e-06
  7.3630e+03   2.06e-06
  7.5726e+03   1.78e-06
  7.7882e+03   1.60e-06
  8.0100e+03   1.44e-06
