#  E [MeV]   Flux [# cm^{-2} s^{-1}  MeV^{-1}]
  3.0000e+04   2.42e-19
  3.1033e+04   2.33e-19
  3.2102e+04   2.25e-19
  3.3207e+04   2.17e-19
  3.4350e+04   2.09e-19
  3.5533e+04   2.02e-19
  3.6757e+04   1.94e-19
  3.8022e+04   1.87e-19
  3.9332e+04   1.81e-19
  4.0686e+04   1.74e-19
  4.2087e+04   1.68e-19
  4.3536e+04   1.61e-19
  4.5035e+04   1.55e-19
  4.6586e+04   1.50e-19
  4.8190e+04   1.44e-19
  4.9850e+04   1.39e-19
  5.1566e+04   1.34e-19
  5.3342e+04   1.29e-19
  5.5178e+04   1.24e-19
  5.7078e+04   1.19e-19
  5.9044e+04   1.15e-19
  6.1077e+04   1.10e-19
  6.3180e+04   1.06e-19
  6.5356e+04   1.02e-19
  6.7606e+04   9.79e-20
  6.9934e+04   9.41e-20
  7.2342e+04   9.04e-20
  7.4833e+04   8.69e-20
  7.7410e+04   8.35e-20
  8.0075e+04   8.01e-20
  8.2833e+04   7.69e-20
  8.5685e+04   7.38e-20
  8.8635e+04   7.09e-20
  9.1687e+04   6.80e-20
  9.4844e+04   6.52e-20
  9.8110e+04   6.25e-20
  1.0149e+05   5.99e-20
  1.0498e+05   5.74e-20
  1.0860e+05   5.51e-20
  1.1234e+05   5.27e-20
  1.1621e+05   5.05e-20
  1.2021e+05   4.84e-20
  1.2435e+05   4.63e-20
  1.2863e+05   4.43e-20
  1.3306e+05   4.24e-20
  1.3764e+05   4.05e-20
  1.4238e+05   3.87e-20
  1.4728e+05   3.70e-20
  1.5235e+05   3.54e-20
  1.5760e+05   3.38e-20
  1.6302e+05   3.22e-20
  1.6864e+05   3.08e-20
  1.7445e+05   2.94e-20
  1.8045e+05   2.80e-20
  1.8667e+05   2.67e-20
  1.9309e+05   2.54e-20
  1.9974e+05   2.42e-20
  2.0662e+05   2.31e-20
  2.1373e+05   2.20e-20
  2.2109e+05   2.09e-20
  2.2871e+05   1.99e-20
  2.3658e+05   1.89e-20
  2.4473e+05   1.80e-20
  2.5316e+05   1.71e-20
  2.6187e+05   1.62e-20
  2.7089e+05   1.54e-20
  2.8022e+05   1.46e-20
  2.8987e+05   1.38e-20
  2.9985e+05   1.31e-20
  3.1017e+05   1.24e-20
  3.2085e+05   1.18e-20
  3.3190e+05   1.12e-20
  3.4333e+05   1.06e-20
  3.5515e+05   9.98e-21
  3.6738e+05   9.44e-21
  3.8003e+05   8.92e-21
  3.9312e+05   8.43e-21
  4.0665e+05   7.96e-21
  4.2066e+05   7.51e-21
  4.3514e+05   7.09e-21
  4.5013e+05   6.68e-21
  4.6562e+05   6.30e-21
  4.8166e+05   5.93e-21
  4.9824e+05   5.59e-21
  5.1540e+05   5.26e-21
  5.3315e+05   4.95e-21
  5.5150e+05   4.65e-21
  5.7050e+05   4.38e-21
  5.9014e+05   4.11e-21
  6.1046e+05   3.86e-21
  6.3148e+05   3.62e-21
  6.5322e+05   3.40e-21
  6.7572e+05   3.19e-21
  6.9898e+05   2.99e-21
  7.2305e+05   2.80e-21
  7.4795e+05   2.62e-21
  7.7371e+05   2.45e-21
  8.0035e+05   2.29e-21
  8.2791e+05   2.14e-21
  8.5641e+05   2.00e-21
  8.8590e+05   1.87e-21
  9.1641e+05   1.75e-21
  9.4796e+05   1.63e-21
  9.8061e+05   1.52e-21
  1.0144e+06   1.42e-21
  1.0493e+06   1.32e-21
  1.0854e+06   1.23e-21
  1.1228e+06   1.15e-21
  1.1615e+06   1.07e-21
  1.2015e+06   9.93e-22
  1.2428e+06   9.23e-22
  1.2856e+06   8.58e-22
  1.3299e+06   7.97e-22
  1.3757e+06   7.39e-22
  1.4231e+06   6.86e-22
  1.4721e+06   6.36e-22
  1.5228e+06   5.89e-22
  1.5752e+06   5.46e-22
  1.6294e+06   5.06e-22
  1.6855e+06   4.68e-22
  1.7436e+06   4.32e-22
  1.8036e+06   4.00e-22
  1.8657e+06   3.70e-22
  1.9300e+06   3.41e-22
  1.9964e+06   3.14e-22
  2.0652e+06   2.90e-22
  2.1363e+06   2.67e-22
  2.2098e+06   2.45e-22
  2.2859e+06   2.26e-22
  2.3646e+06   2.08e-22
  2.4461e+06   1.91e-22
  2.5303e+06   1.75e-22
  2.6174e+06   1.61e-22
  2.7075e+06   1.47e-22
  2.8008e+06   1.35e-22
  2.8972e+06   1.23e-22
  2.9970e+06   1.13e-22
  3.1002e+06   1.03e-22
  3.2069e+06   9.37e-23
  3.3173e+06   8.54e-23
  3.4316e+06   7.77e-23
  3.5497e+06   7.06e-23
  3.6720e+06   6.42e-23
  3.7984e+06   5.82e-23
  3.9292e+06   5.26e-23
  4.0645e+06   4.78e-23
  4.2044e+06   4.32e-23
  4.3492e+06   3.89e-23
  4.4990e+06   3.52e-23
  4.6539e+06   3.17e-23
  4.8141e+06   2.85e-23
  4.9799e+06   2.55e-23
  5.1514e+06   2.30e-23
  5.3288e+06   2.05e-23
  5.5123e+06   1.83e-23
  5.7021e+06   1.63e-23
  5.8984e+06   1.46e-23
  6.1015e+06   1.29e-23
  6.3116e+06   1.14e-23
  6.5289e+06   1.02e-23
  6.7538e+06   8.99e-24
  6.9863e+06   7.88e-24
  7.2269e+06   6.98e-24
  7.4757e+06   6.14e-24
  7.7331e+06   5.35e-24
  7.9994e+06   4.69e-24
  8.2749e+06   4.11e-24
  8.5598e+06   3.57e-24
  8.8546e+06   3.08e-24
  9.1594e+06   2.69e-24
  9.4748e+06   2.32e-24
  9.8011e+06   1.98e-24
  1.0139e+07   1.71e-24
  1.0488e+07   1.47e-24
  1.0849e+07   1.25e-24
  1.1222e+07   1.06e-24
  1.1609e+07   9.02e-25
  1.2009e+07   7.59e-25
  1.2422e+07   6.29e-25
  1.2850e+07   5.34e-25
  1.3292e+07   4.46e-25
  1.3750e+07   3.67e-25
  1.4223e+07   3.04e-25
  1.4713e+07   2.52e-25
  1.5220e+07   2.06e-25
  1.5744e+07   1.66e-25
  1.6286e+07   1.36e-25
  1.6847e+07   1.10e-25
  1.7427e+07   8.63e-26
  1.8027e+07   6.92e-26
  1.8648e+07   5.49e-26
  1.9290e+07   4.24e-26
  1.9954e+07   3.24e-26
  2.0641e+07   2.49e-26
  2.1352e+07   1.85e-26
  2.2087e+07   1.32e-26
  2.2848e+07   9.56e-27
  2.3634e+07   6.63e-27
  2.4448e+07   4.33e-27
  2.5290e+07   2.78e-27
