#  E [GeV]   # per interaction  [GeV^{-1}]
  3.0000e+01   1.81e-02
  3.0943e+01   1.74e-02
  3.1916e+01   1.68e-02
  3.2920e+01   1.61e-02
  3.3955e+01   1.55e-02
  3.5023e+01   1.49e-02
  3.6124e+01   1.44e-02
  3.7260e+01   1.38e-02
  3.8432e+01   1.33e-02
  3.9640e+01   1.28e-02
  4.0887e+01   1.23e-02
  4.2172e+01   1.18e-02
  4.3499e+01   1.14e-02
  4.4866e+01   1.09e-02
  4.6277e+01   1.05e-02
  4.7732e+01   1.01e-02
  4.9233e+01   9.68e-03
  5.0781e+01   9.30e-03
  5.2378e+01   8.92e-03
  5.4025e+01   8.57e-03
  5.5724e+01   8.22e-03
  5.7476e+01   7.89e-03
  5.9284e+01   7.57e-03
  6.1148e+01   7.26e-03
  6.3071e+01   6.96e-03
  6.5054e+01   6.67e-03
  6.7100e+01   6.40e-03
  6.9210e+01   6.13e-03
  7.1386e+01   5.87e-03
  7.3631e+01   5.63e-03
  7.5946e+01   5.39e-03
  7.8334e+01   5.16e-03
  8.0797e+01   4.95e-03
  8.3338e+01   4.73e-03
  8.5959e+01   4.53e-03
  8.8662e+01   4.34e-03
  9.1450e+01   4.15e-03
  9.4325e+01   3.97e-03
  9.7291e+01   3.80e-03
  1.0035e+02   3.63e-03
  1.0351e+02   3.47e-03
  1.0676e+02   3.32e-03
  1.1012e+02   3.17e-03
  1.1358e+02   3.03e-03
  1.1715e+02   2.90e-03
  1.2084e+02   2.77e-03
  1.2464e+02   2.64e-03
  1.2856e+02   2.52e-03
  1.3260e+02   2.41e-03
  1.3677e+02   2.30e-03
  1.4107e+02   2.20e-03
  1.4550e+02   2.10e-03
  1.5008e+02   2.00e-03
  1.5480e+02   1.91e-03
  1.5967e+02   1.82e-03
  1.6469e+02   1.74e-03
  1.6987e+02   1.65e-03
  1.7521e+02   1.58e-03
  1.8072e+02   1.50e-03
  1.8640e+02   1.43e-03
  1.9226e+02   1.36e-03
  1.9831e+02   1.30e-03
  2.0454e+02   1.24e-03
  2.1097e+02   1.18e-03
  2.1761e+02   1.12e-03
  2.2445e+02   1.07e-03
  2.3151e+02   1.02e-03
  2.3879e+02   9.67e-04
  2.4630e+02   9.20e-04
  2.5404e+02   8.76e-04
  2.6203e+02   8.33e-04
  2.7027e+02   7.91e-04
  2.7877e+02   7.52e-04
  2.8753e+02   7.15e-04
  2.9657e+02   6.79e-04
  3.0590e+02   6.45e-04
  3.1552e+02   6.13e-04
  3.2544e+02   5.82e-04
  3.3567e+02   5.52e-04
  3.4623e+02   5.24e-04
  3.5712e+02   4.97e-04
  3.6835e+02   4.72e-04
  3.7993e+02   4.47e-04
  3.9188e+02   4.24e-04
  4.0420e+02   4.02e-04
  4.1691e+02   3.81e-04
  4.3002e+02   3.61e-04
  4.4354e+02   3.42e-04
  4.5749e+02   3.24e-04
  4.7187e+02   3.07e-04
  4.8671e+02   2.91e-04
  5.0202e+02   2.75e-04
  5.1780e+02   2.61e-04
  5.3409e+02   2.47e-04
  5.5088e+02   2.34e-04
  5.6820e+02   2.21e-04
  5.8607e+02   2.09e-04
  6.0450e+02   1.98e-04
  6.2351e+02   1.88e-04
  6.4311e+02   1.78e-04
  6.6334e+02   1.68e-04
  6.8419e+02   1.59e-04
  7.0571e+02   1.51e-04
  7.2790e+02   1.43e-04
  7.5079e+02   1.35e-04
  7.7440e+02   1.28e-04
  7.9875e+02   1.21e-04
  8.2387e+02   1.15e-04
  8.4977e+02   1.09e-04
  8.7649e+02   1.03e-04
  9.0405e+02   9.78e-05
  9.3248e+02   9.27e-05
  9.6180e+02   8.79e-05
  9.9205e+02   8.34e-05
  1.0232e+03   7.92e-05
  1.0554e+03   7.52e-05
  1.0886e+03   7.14e-05
  1.1228e+03   6.78e-05
  1.1581e+03   6.44e-05
  1.1946e+03   6.12e-05
  1.2321e+03   5.82e-05
  1.2709e+03   5.54e-05
  1.3108e+03   5.27e-05
  1.3521e+03   5.02e-05
  1.3946e+03   4.78e-05
  1.4384e+03   4.55e-05
  1.4837e+03   4.34e-05
  1.5303e+03   4.13e-05
  1.5784e+03   3.94e-05
  1.6281e+03   3.76e-05
  1.6793e+03   3.59e-05
  1.7321e+03   3.42e-05
  1.7865e+03   3.27e-05
  1.8427e+03   3.12e-05
  1.9006e+03   2.98e-05
  1.9604e+03   2.84e-05
  2.0221e+03   2.72e-05
  2.0856e+03   2.59e-05
  2.1512e+03   2.48e-05
  2.2189e+03   2.37e-05
  2.2886e+03   2.26e-05
  2.3606e+03   2.16e-05
  2.4348e+03   2.07e-05
  2.5114e+03   1.98e-05
  2.5904e+03   1.89e-05
  2.6718e+03   1.81e-05
  2.7558e+03   1.73e-05
  2.8425e+03   1.65e-05
  2.9319e+03   1.58e-05
  3.0241e+03   1.51e-05
  3.1192e+03   1.44e-05
  3.2173e+03   1.38e-05
  3.3184e+03   1.31e-05
  3.4228e+03   1.25e-05
  3.5304e+03   1.20e-05
  3.6414e+03   1.14e-05
  3.7559e+03   1.09e-05
  3.8740e+03   1.04e-05
  3.9958e+03   9.87e-06
  4.1215e+03   9.40e-06
  4.2511e+03   8.94e-06
  4.3848e+03   8.50e-06
  4.5227e+03   8.07e-06
  4.6649e+03   7.66e-06
  4.8116e+03   7.26e-06
  4.9629e+03   6.88e-06
  5.1189e+03   6.51e-06
  5.2799e+03   6.16e-06
  5.4459e+03   5.82e-06
  5.6171e+03   5.49e-06
  5.7938e+03   5.18e-06
  5.9760e+03   4.87e-06
  6.1639e+03   4.58e-06
  6.3577e+03   4.30e-06
  6.5576e+03   4.04e-06
  6.7638e+03   3.78e-06
  6.9765e+03   3.53e-06
  7.1959e+03   3.29e-06
  7.4222e+03   3.07e-06
  7.6556e+03   2.85e-06
  7.8963e+03   2.65e-06
  8.1446e+03   2.45e-06
  8.4007e+03   2.26e-06
  8.6649e+03   2.08e-06
  8.9373e+03   1.91e-06
  9.2184e+03   1.75e-06
  9.5082e+03   1.60e-06
  9.8072e+03   1.46e-06
  1.0116e+04   1.32e-06
  1.0434e+04   1.19e-06
  1.0762e+04   1.07e-06
  1.1100e+04   9.62e-07
  1.1449e+04   8.57e-07
  1.1809e+04   7.60e-07
  1.2181e+04   6.69e-07
  1.2564e+04   5.85e-07
  1.2959e+04   5.08e-07
  1.3366e+04   4.38e-07
  1.3786e+04   3.76e-07
  1.4220e+04   3.21e-07
