#  E [MeV]   Flux [# cm^{-2} s^{-1}  MeV^{-1}]
  3.0000e+04   5.74e-21
  3.1123e+04   5.52e-21
  3.2288e+04   5.31e-21
  3.3497e+04   5.11e-21
  3.4751e+04   4.91e-21
  3.6051e+04   4.72e-21
  3.7401e+04   4.54e-21
  3.8801e+04   4.36e-21
  4.0253e+04   4.19e-21
  4.1760e+04   4.03e-21
  4.3324e+04   3.87e-21
  4.4945e+04   3.71e-21
  4.6628e+04   3.56e-21
  4.8373e+04   3.42e-21
  5.0184e+04   3.28e-21
  5.2063e+04   3.15e-21
  5.4011e+04   3.02e-21
  5.6033e+04   2.89e-21
  5.8131e+04   2.77e-21
  6.0307e+04   2.66e-21
  6.2564e+04   2.55e-21
  6.4906e+04   2.44e-21
  6.7336e+04   2.34e-21
  6.9857e+04   2.24e-21
  7.2472e+04   2.14e-21
  7.5184e+04   2.05e-21
  7.7999e+04   1.96e-21
  8.0919e+04   1.88e-21
  8.3948e+04   1.80e-21
  8.7090e+04   1.72e-21
  9.0350e+04   1.64e-21
  9.3732e+04   1.57e-21
  9.7241e+04   1.50e-21
  1.0088e+05   1.43e-21
  1.0466e+05   1.37e-21
  1.0858e+05   1.30e-21
  1.1264e+05   1.24e-21
  1.1686e+05   1.19e-21
  1.2123e+05   1.13e-21
  1.2577e+05   1.08e-21
  1.3048e+05   1.03e-21
  1.3536e+05   9.81e-22
  1.4043e+05   9.35e-22
  1.4568e+05   8.90e-22
  1.5114e+05   8.48e-22
  1.5680e+05   8.07e-22
  1.6266e+05   7.68e-22
  1.6875e+05   7.31e-22
  1.7507e+05   6.96e-22
  1.8162e+05   6.61e-22
  1.8842e+05   6.29e-22
  1.9548e+05   5.98e-22
  2.0279e+05   5.68e-22
  2.1039e+05   5.40e-22
  2.1826e+05   5.12e-22
  2.2643e+05   4.86e-22
  2.3491e+05   4.62e-22
  2.4370e+05   4.38e-22
  2.5282e+05   4.16e-22
  2.6229e+05   3.94e-22
  2.7211e+05   3.74e-22
  2.8229e+05   3.54e-22
  2.9286e+05   3.36e-22
  3.0382e+05   3.18e-22
  3.1519e+05   3.01e-22
  3.2699e+05   2.85e-22
  3.3923e+05   2.70e-22
  3.5193e+05   2.55e-22
  3.6511e+05   2.42e-22
  3.7877e+05   2.29e-22
  3.9295e+05   2.16e-22
  4.0766e+05   2.04e-22
  4.2292e+05   1.93e-22
  4.3875e+05   1.82e-22
  4.5518e+05   1.72e-22
  4.7222e+05   1.63e-22
  4.8989e+05   1.54e-22
  5.0823e+05   1.45e-22
  5.2726e+05   1.37e-22
  5.4699e+05   1.29e-22
  5.6747e+05   1.22e-22
  5.8871e+05   1.15e-22
  6.1075e+05   1.08e-22
  6.3361e+05   1.02e-22
  6.5733e+05   9.64e-23
  6.8194e+05   9.08e-23
  7.0746e+05   8.56e-23
  7.3395e+05   8.07e-23
  7.6142e+05   7.60e-23
  7.8992e+05   7.16e-23
  8.1949e+05   6.75e-23
  8.5017e+05   6.36e-23
  8.8199e+05   5.99e-23
  9.1501e+05   5.65e-23
  9.4926e+05   5.32e-23
  9.8479e+05   5.01e-23
  1.0217e+06   4.73e-23
  1.0599e+06   4.45e-23
  1.0996e+06   4.19e-23
  1.1407e+06   3.95e-23
  1.1834e+06   3.73e-23
  1.2277e+06   3.51e-23
  1.2737e+06   3.31e-23
  1.3214e+06   3.12e-23
  1.3708e+06   2.94e-23
  1.4222e+06   2.77e-23
  1.4754e+06   2.62e-23
  1.5306e+06   2.47e-23
  1.5879e+06   2.33e-23
  1.6474e+06   2.20e-23
  1.7090e+06   2.07e-23
  1.7730e+06   1.96e-23
  1.8394e+06   1.85e-23
  1.9082e+06   1.74e-23
  1.9797e+06   1.65e-23
  2.0538e+06   1.56e-23
  2.1306e+06   1.47e-23
  2.2104e+06   1.39e-23
  2.2931e+06   1.31e-23
  2.3790e+06   1.24e-23
  2.4680e+06   1.17e-23
  2.5604e+06   1.11e-23
  2.6563e+06   1.05e-23
  2.7557e+06   9.95e-24
  2.8589e+06   9.42e-24
  2.9659e+06   8.92e-24
  3.0769e+06   8.45e-24
  3.1921e+06   8.01e-24
  3.3116e+06   7.59e-24
  3.4355e+06   7.20e-24
  3.5641e+06   6.82e-24
  3.6976e+06   6.48e-24
  3.8360e+06   6.14e-24
  3.9796e+06   5.83e-24
  4.1285e+06   5.53e-24
  4.2831e+06   5.25e-24
  4.4434e+06   4.98e-24
  4.6097e+06   4.74e-24
  4.7823e+06   4.50e-24
  4.9613e+06   4.27e-24
  5.1470e+06   4.06e-24
  5.3397e+06   3.86e-24
  5.5396e+06   3.67e-24
  5.7470e+06   3.49e-24
  5.9621e+06   3.31e-24
  6.1853e+06   3.15e-24
  6.4168e+06   2.99e-24
  6.6570e+06   2.85e-24
  6.9062e+06   2.70e-24
  7.1647e+06   2.57e-24
  7.4329e+06   2.44e-24
  7.7112e+06   2.32e-24
  7.9998e+06   2.20e-24
  8.2993e+06   2.09e-24
  8.6100e+06   1.98e-24
  8.9323e+06   1.88e-24
  9.2666e+06   1.78e-24
  9.6135e+06   1.68e-24
  9.9734e+06   1.59e-24
  1.0347e+07   1.51e-24
  1.0734e+07   1.42e-24
  1.1136e+07   1.34e-24
  1.1553e+07   1.27e-24
  1.1985e+07   1.19e-24
  1.2434e+07   1.12e-24
  1.2899e+07   1.05e-24
  1.3382e+07   9.88e-25
  1.3883e+07   9.25e-25
  1.4403e+07   8.64e-25
  1.4942e+07   8.05e-25
  1.5501e+07   7.48e-25
  1.6081e+07   6.94e-25
  1.6683e+07   6.41e-25
  1.7308e+07   5.90e-25
  1.7956e+07   5.41e-25
  1.8628e+07   4.94e-25
  1.9325e+07   4.49e-25
  2.0049e+07   4.06e-25
  2.0799e+07   3.65e-25
  2.1578e+07   3.25e-25
  2.2386e+07   2.88e-25
  2.3224e+07   2.52e-25
  2.4093e+07   2.18e-25
  2.4995e+07   1.86e-25
  2.5930e+07   1.57e-25
  2.6901e+07   1.30e-25
  2.7908e+07   1.05e-25
  2.8953e+07   8.32e-26
  3.0037e+07   6.38e-26
  3.1161e+07   4.73e-26
  3.2327e+07   3.36e-26
  3.3537e+07   2.27e-26
  3.4793e+07   1.44e-26
  3.6095e+07   8.45e-27
  3.7446e+07   4.53e-27
  3.8848e+07   2.16e-27
  4.0302e+07   8.95e-28
  4.1811e+07   3.09e-28
  4.3376e+07   8.53e-29
  4.5000e+07   1.77e-29
