#  E [GeV]   # per interaction  [GeV^{-1}]
  3.0000e+01   1.36e-02
  3.0854e+01   1.31e-02
  3.1733e+01   1.26e-02
  3.2636e+01   1.22e-02
  3.3566e+01   1.17e-02
  3.4521e+01   1.13e-02
  3.5504e+01   1.09e-02
  3.6515e+01   1.05e-02
  3.7555e+01   1.01e-02
  3.8625e+01   9.72e-03
  3.9724e+01   9.36e-03
  4.0855e+01   9.01e-03
  4.2019e+01   8.67e-03
  4.3215e+01   8.34e-03
  4.4446e+01   8.03e-03
  4.5711e+01   7.73e-03
  4.7013e+01   7.43e-03
  4.8352e+01   7.15e-03
  4.9728e+01   6.87e-03
  5.1144e+01   6.61e-03
  5.2601e+01   6.36e-03
  5.4099e+01   6.11e-03
  5.5639e+01   5.87e-03
  5.7223e+01   5.64e-03
  5.8853e+01   5.42e-03
  6.0528e+01   5.21e-03
  6.2252e+01   5.00e-03
  6.4025e+01   4.81e-03
  6.5848e+01   4.62e-03
  6.7723e+01   4.43e-03
  6.9651e+01   4.26e-03
  7.1634e+01   4.09e-03
  7.3674e+01   3.92e-03
  7.5772e+01   3.77e-03
  7.7929e+01   3.61e-03
  8.0148e+01   3.47e-03
  8.2431e+01   3.33e-03
  8.4778e+01   3.19e-03
  8.7192e+01   3.06e-03
  8.9674e+01   2.94e-03
  9.2228e+01   2.82e-03
  9.4854e+01   2.70e-03
  9.7555e+01   2.59e-03
  1.0033e+02   2.48e-03
  1.0319e+02   2.38e-03
  1.0613e+02   2.28e-03
  1.0915e+02   2.19e-03
  1.1226e+02   2.10e-03
  1.1545e+02   2.01e-03
  1.1874e+02   1.93e-03
  1.2212e+02   1.85e-03
  1.2560e+02   1.77e-03
  1.2918e+02   1.69e-03
  1.3286e+02   1.62e-03
  1.3664e+02   1.55e-03
  1.4053e+02   1.49e-03
  1.4453e+02   1.42e-03
  1.4865e+02   1.36e-03
  1.5288e+02   1.30e-03
  1.5723e+02   1.25e-03
  1.6171e+02   1.20e-03
  1.6631e+02   1.14e-03
  1.7105e+02   1.09e-03
  1.7592e+02   1.05e-03
  1.8093e+02   1.00e-03
  1.8608e+02   9.57e-04
  1.9138e+02   9.15e-04
  1.9683e+02   8.75e-04
  2.0243e+02   8.36e-04
  2.0820e+02   7.99e-04
  2.1413e+02   7.64e-04
  2.2022e+02   7.30e-04
  2.2649e+02   6.97e-04
  2.3294e+02   6.66e-04
  2.3958e+02   6.36e-04
  2.4640e+02   6.07e-04
  2.5341e+02   5.80e-04
  2.6063e+02   5.54e-04
  2.6805e+02   5.28e-04
  2.7568e+02   5.04e-04
  2.8353e+02   4.81e-04
  2.9161e+02   4.59e-04
  2.9991e+02   4.38e-04
  3.0845e+02   4.17e-04
  3.1723e+02   3.98e-04
  3.2627e+02   3.79e-04
  3.3556e+02   3.62e-04
  3.4511e+02   3.45e-04
  3.5494e+02   3.29e-04
  3.6504e+02   3.13e-04
  3.7544e+02   2.98e-04
  3.8613e+02   2.84e-04
  3.9712e+02   2.70e-04
  4.0843e+02   2.57e-04
  4.2006e+02   2.45e-04
  4.3202e+02   2.33e-04
  4.4432e+02   2.22e-04
  4.5698e+02   2.11e-04
  4.6999e+02   2.00e-04
  4.8337e+02   1.91e-04
  4.9713e+02   1.81e-04
  5.1129e+02   1.72e-04
  5.2585e+02   1.64e-04
  5.4082e+02   1.56e-04
  5.5622e+02   1.48e-04
  5.7206e+02   1.41e-04
  5.8835e+02   1.33e-04
  6.0510e+02   1.27e-04
  6.2233e+02   1.21e-04
  6.4005e+02   1.15e-04
  6.5828e+02   1.09e-04
  6.7702e+02   1.03e-04
  6.9630e+02   9.82e-05
  7.1613e+02   9.33e-05
  7.3652e+02   8.86e-05
  7.5749e+02   8.42e-05
  7.7906e+02   8.00e-05
  8.0124e+02   7.60e-05
  8.2406e+02   7.22e-05
  8.4752e+02   6.86e-05
  8.7165e+02   6.52e-05
  8.9647e+02   6.20e-05
  9.2200e+02   5.90e-05
  9.4825e+02   5.61e-05
  9.7526e+02   5.34e-05
  1.0030e+03   5.08e-05
  1.0316e+03   4.84e-05
  1.0610e+03   4.61e-05
  1.0912e+03   4.39e-05
  1.1222e+03   4.19e-05
  1.1542e+03   3.99e-05
  1.1871e+03   3.80e-05
  1.2209e+03   3.63e-05
  1.2556e+03   3.46e-05
  1.2914e+03   3.30e-05
  1.3281e+03   3.15e-05
  1.3660e+03   3.01e-05
  1.4049e+03   2.87e-05
  1.4449e+03   2.74e-05
  1.4860e+03   2.62e-05
  1.5283e+03   2.51e-05
  1.5718e+03   2.40e-05
  1.6166e+03   2.29e-05
  1.6626e+03   2.19e-05
  1.7100e+03   2.10e-05
  1.7587e+03   2.01e-05
  1.8087e+03   1.92e-05
  1.8602e+03   1.84e-05
  1.9132e+03   1.76e-05
  1.9677e+03   1.68e-05
  2.0237e+03   1.61e-05
  2.0813e+03   1.54e-05
  2.1406e+03   1.48e-05
  2.2016e+03   1.41e-05
  2.2642e+03   1.35e-05
  2.3287e+03   1.29e-05
  2.3950e+03   1.24e-05
  2.4632e+03   1.18e-05
  2.5334e+03   1.13e-05
  2.6055e+03   1.08e-05
  2.6797e+03   1.03e-05
  2.7560e+03   9.89e-06
  2.8345e+03   9.45e-06
  2.9152e+03   9.02e-06
  2.9982e+03   8.61e-06
  3.0836e+03   8.21e-06
  3.1714e+03   7.83e-06
  3.2617e+03   7.46e-06
  3.3545e+03   7.11e-06
  3.4501e+03   6.77e-06
  3.5483e+03   6.44e-06
  3.6493e+03   6.13e-06
  3.7532e+03   5.83e-06
  3.8601e+03   5.53e-06
  3.9700e+03   5.25e-06
  4.0831e+03   4.98e-06
  4.1993e+03   4.72e-06
  4.3189e+03   4.47e-06
  4.4419e+03   4.23e-06
  4.5684e+03   4.00e-06
  4.6985e+03   3.78e-06
  4.8322e+03   3.57e-06
  4.9698e+03   3.36e-06
  5.1114e+03   3.16e-06
  5.2569e+03   2.98e-06
  5.4066e+03   2.80e-06
  5.5605e+03   2.62e-06
  5.7189e+03   2.46e-06
  5.8817e+03   2.30e-06
  6.0492e+03   2.15e-06
  6.2214e+03   2.00e-06
  6.3986e+03   1.86e-06
  6.5808e+03   1.73e-06
  6.7682e+03   1.60e-06
  6.9609e+03   1.48e-06
  7.1591e+03   1.36e-06
  7.3630e+03   1.25e-06
  7.5726e+03   1.15e-06
  7.7882e+03   1.06e-06
  8.0100e+03   9.73e-07
