#  E [MeV]   Flux [# cm^{-2} s^{-1}  MeV^{-1}]
  3.0000e+04   6.39e-22
  3.1123e+04   6.14e-22
  3.2288e+04   5.91e-22
  3.3497e+04   5.68e-22
  3.4751e+04   5.46e-22
  3.6051e+04   5.25e-22
  3.7401e+04   5.04e-22
  3.8801e+04   4.84e-22
  4.0253e+04   4.65e-22
  4.1760e+04   4.47e-22
  4.3324e+04   4.29e-22
  4.4945e+04   4.12e-22
  4.6628e+04   3.95e-22
  4.8373e+04   3.79e-22
  5.0184e+04   3.63e-22
  5.2063e+04   3.48e-22
  5.4011e+04   3.34e-22
  5.6033e+04   3.20e-22
  5.8131e+04   3.07e-22
  6.0307e+04   2.94e-22
  6.2564e+04   2.81e-22
  6.4906e+04   2.69e-22
  6.7336e+04   2.58e-22
  6.9857e+04   2.47e-22
  7.2472e+04   2.36e-22
  7.5184e+04   2.26e-22
  7.7999e+04   2.16e-22
  8.0919e+04   2.06e-22
  8.3948e+04   1.97e-22
  8.7090e+04   1.88e-22
  9.0350e+04   1.80e-22
  9.3732e+04   1.72e-22
  9.7241e+04   1.64e-22
  1.0088e+05   1.56e-22
  1.0466e+05   1.49e-22
  1.0858e+05   1.42e-22
  1.1264e+05   1.35e-22
  1.1686e+05   1.29e-22
  1.2123e+05   1.23e-22
  1.2577e+05   1.17e-22
  1.3048e+05   1.11e-22
  1.3536e+05   1.06e-22
  1.4043e+05   1.01e-22
  1.4568e+05   9.57e-23
  1.5114e+05   9.09e-23
  1.5680e+05   8.64e-23
  1.6266e+05   8.20e-23
  1.6875e+05   7.78e-23
  1.7507e+05   7.38e-23
  1.8162e+05   7.00e-23
  1.8842e+05   6.64e-23
  1.9548e+05   6.29e-23
  2.0279e+05   5.95e-23
  2.1039e+05   5.63e-23
  2.1826e+05   5.33e-23
  2.2643e+05   5.03e-23
  2.3491e+05   4.76e-23
  2.4370e+05   4.49e-23
  2.5282e+05   4.24e-23
  2.6229e+05   3.99e-23
  2.7211e+05   3.76e-23
  2.8229e+05   3.55e-23
  2.9286e+05   3.34e-23
  3.0382e+05   3.14e-23
  3.1519e+05   2.95e-23
  3.2699e+05   2.77e-23
  3.3923e+05   2.60e-23
  3.5193e+05   2.44e-23
  3.6511e+05   2.29e-23
  3.7877e+05   2.14e-23
  3.9295e+05   2.01e-23
  4.0766e+05   1.88e-23
  4.2292e+05   1.75e-23
  4.3875e+05   1.64e-23
  4.5518e+05   1.53e-23
  4.7222e+05   1.43e-23
  4.8989e+05   1.33e-23
  5.0823e+05   1.24e-23
  5.2726e+05   1.15e-23
  5.4699e+05   1.07e-23
  5.6747e+05   1.00e-23
  5.8871e+05   9.29e-24
  6.1075e+05   8.64e-24
  6.3361e+05   8.02e-24
  6.5733e+05   7.45e-24
  6.8194e+05   6.92e-24
  7.0746e+05   6.42e-24
  7.3395e+05   5.96e-24
  7.6142e+05   5.53e-24
  7.8992e+05   5.14e-24
  8.1949e+05   4.77e-24
  8.5017e+05   4.42e-24
  8.8199e+05   4.11e-24
  9.1501e+05   3.81e-24
  9.4926e+05   3.54e-24
  9.8479e+05   3.29e-24
  1.0217e+06   3.05e-24
  1.0599e+06   2.84e-24
  1.0996e+06   2.64e-24
  1.1407e+06   2.45e-24
  1.1834e+06   2.28e-24
  1.2277e+06   2.12e-24
  1.2737e+06   1.98e-24
  1.3214e+06   1.84e-24
  1.3708e+06   1.72e-24
  1.4222e+06   1.60e-24
  1.4754e+06   1.50e-24
  1.5306e+06   1.40e-24
  1.5879e+06   1.31e-24
  1.6474e+06   1.22e-24
  1.7090e+06   1.14e-24
  1.7730e+06   1.07e-24
  1.8394e+06   1.00e-24
  1.9082e+06   9.36e-25
  1.9797e+06   8.77e-25
  2.0538e+06   8.22e-25
  2.1306e+06   7.71e-25
  2.2104e+06   7.23e-25
  2.2931e+06   6.79e-25
  2.3790e+06   6.37e-25
  2.4680e+06   5.98e-25
  2.5604e+06   5.62e-25
  2.6563e+06   5.28e-25
  2.7557e+06   4.96e-25
  2.8589e+06   4.66e-25
  2.9659e+06   4.38e-25
  3.0769e+06   4.11e-25
  3.1921e+06   3.87e-25
  3.3116e+06   3.63e-25
  3.4355e+06   3.41e-25
  3.5641e+06   3.20e-25
  3.6976e+06   3.00e-25
  3.8360e+06   2.82e-25
  3.9796e+06   2.64e-25
  4.1285e+06   2.47e-25
  4.2831e+06   2.32e-25
  4.4434e+06   2.17e-25
  4.6097e+06   2.02e-25
  4.7823e+06   1.89e-25
  4.9613e+06   1.76e-25
  5.1470e+06   1.64e-25
  5.3397e+06   1.53e-25
  5.5396e+06   1.42e-25
  5.7470e+06   1.32e-25
  5.9621e+06   1.22e-25
  6.1853e+06   1.13e-25
  6.4168e+06   1.04e-25
  6.6570e+06   9.53e-26
  6.9062e+06   8.74e-26
  7.1647e+06   7.99e-26
  7.4329e+06   7.28e-26
  7.7112e+06   6.60e-26
  7.9998e+06   5.97e-26
  8.2993e+06   5.37e-26
  8.6100e+06   4.81e-26
  8.9323e+06   4.29e-26
  9.2666e+06   3.80e-26
  9.6135e+06   3.35e-26
  9.9734e+06   2.93e-26
  1.0347e+07   2.55e-26
  1.0734e+07   2.19e-26
  1.1136e+07   1.87e-26
  1.1553e+07   1.58e-26
  1.1985e+07   1.32e-26
  1.2434e+07   1.09e-26
  1.2899e+07   8.89e-27
  1.3382e+07   7.13e-27
  1.3883e+07   5.63e-27
  1.4403e+07   4.36e-27
  1.4942e+07   3.31e-27
  1.5501e+07   2.45e-27
  1.6081e+07   1.77e-27
  1.6683e+07   1.24e-27
  1.7308e+07   8.42e-28
  1.7956e+07   5.50e-28
  1.8628e+07   3.45e-28
  1.9325e+07   2.06e-28
  2.0049e+07   1.16e-28
  2.0799e+07   6.16e-29
  2.1578e+07   3.04e-29
  2.2386e+07   1.38e-29
  2.3224e+07   5.68e-30
  2.4093e+07   2.09e-30
  2.4995e+07   6.76e-31
  2.5930e+07   1.87e-31
  2.6901e+07   4.34e-32
  2.7908e+07   8.12e-33
  2.8953e+07   1.18e-33
  3.0037e+07   1.27e-34
  3.1161e+07   9.56e-36
  3.2327e+07   4.66e-37
  3.3537e+07   1.35e-38
  3.4793e+07   2.05e-40
  3.6095e+07   1.43e-42
  3.7446e+07   3.82e-45
  3.8848e+07   3.08e-48
  4.0302e+07   5.62e-52
  4.1811e+07   1.57e-56
  4.3376e+07   4.13e-62
  4.5000e+07   2.49e-66
