#  E [GeV]   # per interaction  [GeV^{-1}]
  3.0000e+01   2.28e-01
  3.0696e+01   2.21e-01
  3.1408e+01   2.13e-01
  3.2137e+01   2.06e-01
  3.2883e+01   2.00e-01
  3.3646e+01   1.93e-01
  3.4426e+01   1.87e-01
  3.5225e+01   1.80e-01
  3.6042e+01   1.74e-01
  3.6878e+01   1.68e-01
  3.7734e+01   1.63e-01
  3.8609e+01   1.57e-01
  3.9505e+01   1.52e-01
  4.0422e+01   1.46e-01
  4.1360e+01   1.41e-01
  4.2319e+01   1.36e-01
  4.3301e+01   1.32e-01
  4.4306e+01   1.27e-01
  4.5334e+01   1.23e-01
  4.6386e+01   1.18e-01
  4.7462e+01   1.14e-01
  4.8563e+01   1.10e-01
  4.9690e+01   1.06e-01
  5.0843e+01   1.02e-01
  5.2022e+01   9.84e-02
  5.3229e+01   9.48e-02
  5.4464e+01   9.13e-02
  5.5728e+01   8.80e-02
  5.7021e+01   8.47e-02
  5.8344e+01   8.15e-02
  5.9697e+01   7.85e-02
  6.1083e+01   7.55e-02
  6.2500e+01   7.27e-02
  6.3950e+01   6.99e-02
  6.5434e+01   6.72e-02
  6.6952e+01   6.46e-02
  6.8505e+01   6.21e-02
  7.0095e+01   5.97e-02
  7.1721e+01   5.74e-02
  7.3385e+01   5.51e-02
  7.5088e+01   5.29e-02
  7.6830e+01   5.08e-02
  7.8612e+01   4.88e-02
  8.0436e+01   4.68e-02
  8.2302e+01   4.49e-02
  8.4212e+01   4.31e-02
  8.6166e+01   4.13e-02
  8.8165e+01   3.96e-02
  9.0210e+01   3.80e-02
  9.2304e+01   3.64e-02
  9.4445e+01   3.49e-02
  9.6636e+01   3.34e-02
  9.8878e+01   3.20e-02
  1.0117e+02   3.07e-02
  1.0352e+02   2.93e-02
  1.0592e+02   2.81e-02
  1.0838e+02   2.69e-02
  1.1089e+02   2.57e-02
  1.1347e+02   2.46e-02
  1.1610e+02   2.35e-02
  1.1879e+02   2.24e-02
  1.2155e+02   2.15e-02
  1.2437e+02   2.05e-02
  1.2725e+02   1.96e-02
  1.3021e+02   1.87e-02
  1.3323e+02   1.78e-02
  1.3632e+02   1.70e-02
  1.3948e+02   1.62e-02
  1.4272e+02   1.55e-02
  1.4603e+02   1.47e-02
  1.4942e+02   1.40e-02
  1.5288e+02   1.34e-02
  1.5643e+02   1.27e-02
  1.6006e+02   1.21e-02
  1.6377e+02   1.15e-02
  1.6757e+02   1.09e-02
  1.7146e+02   1.04e-02
  1.7544e+02   9.90e-03
  1.7951e+02   9.40e-03
  1.8368e+02   8.92e-03
  1.8794e+02   8.46e-03
  1.9230e+02   8.03e-03
  1.9676e+02   7.62e-03
  2.0132e+02   7.23e-03
  2.0600e+02   6.84e-03
  2.1078e+02   6.48e-03
  2.1567e+02   6.14e-03
  2.2067e+02   5.81e-03
  2.2579e+02   5.49e-03
  2.3103e+02   5.19e-03
  2.3639e+02   4.90e-03
  2.4187e+02   4.63e-03
  2.4748e+02   4.37e-03
  2.5323e+02   4.13e-03
  2.5910e+02   3.89e-03
  2.6511e+02   3.66e-03
  2.7126e+02   3.45e-03
  2.7756e+02   3.25e-03
  2.8400e+02   3.06e-03
  2.9059e+02   2.87e-03
  2.9733e+02   2.69e-03
  3.0423e+02   2.53e-03
  3.1129e+02   2.38e-03
  3.1851e+02   2.23e-03
  3.2590e+02   2.09e-03
  3.3346e+02   1.95e-03
  3.4120e+02   1.83e-03
  3.4911e+02   1.72e-03
  3.5721e+02   1.60e-03
  3.6550e+02   1.50e-03
  3.7398e+02   1.40e-03
  3.8266e+02   1.30e-03
  3.9154e+02   1.22e-03
  4.0062e+02   1.13e-03
  4.0991e+02   1.06e-03
  4.1943e+02   9.80e-04
  4.2916e+02   9.13e-04
  4.3911e+02   8.50e-04
  4.4930e+02   7.89e-04
  4.5973e+02   7.32e-04
  4.7039e+02   6.77e-04
  4.8131e+02   6.29e-04
  4.9247e+02   5.83e-04
  5.0390e+02   5.40e-04
  5.1559e+02   4.99e-04
  5.2755e+02   4.60e-04
  5.3979e+02   4.26e-04
  5.5232e+02   3.94e-04
  5.6513e+02   3.64e-04
  5.7824e+02   3.35e-04
  5.9166e+02   3.07e-04
  6.0539e+02   2.84e-04
  6.1943e+02   2.62e-04
  6.3381e+02   2.41e-04
  6.4851e+02   2.21e-04
  6.6356e+02   2.02e-04
  6.7895e+02   1.87e-04
  6.9471e+02   1.72e-04
  7.1082e+02   1.58e-04
  7.2732e+02   1.45e-04
  7.4419e+02   1.32e-04
  7.6146e+02   1.22e-04
  7.7912e+02   1.12e-04
  7.9720e+02   1.03e-04
  8.1570e+02   9.39e-05
  8.3462e+02   8.57e-05
  8.5399e+02   7.89e-05
  8.7380e+02   7.25e-05
  8.9407e+02   6.65e-05
  9.1482e+02   6.09e-05
  9.3604e+02   5.56e-05
  9.5776e+02   5.12e-05
  9.7998e+02   4.71e-05
  1.0027e+03   4.33e-05
  1.0260e+03   3.97e-05
  1.0498e+03   3.63e-05
  1.0741e+03   3.36e-05
  1.0991e+03   3.11e-05
  1.1246e+03   2.87e-05
  1.1507e+03   2.64e-05
  1.1774e+03   2.43e-05
  1.2047e+03   2.26e-05
  1.2326e+03   2.11e-05
  1.2612e+03   1.96e-05
  1.2905e+03   1.83e-05
  1.3204e+03   1.70e-05
  1.3511e+03   1.59e-05
  1.3824e+03   1.50e-05
  1.4145e+03   1.41e-05
  1.4473e+03   1.33e-05
  1.4809e+03   1.25e-05
  1.5152e+03   1.18e-05
  1.5504e+03   1.13e-05
  1.5864e+03   1.07e-05
  1.6232e+03   1.02e-05
  1.6608e+03   9.73e-06
  1.6994e+03   9.42e-06
  1.7388e+03   9.15e-06
  1.7791e+03   8.90e-06
  1.8204e+03   8.65e-06
  1.8626e+03   8.41e-06
  1.9059e+03   8.32e-06
  1.9501e+03   8.28e-06
  1.9953e+03   8.23e-06
  2.0416e+03   8.17e-06
  2.0890e+03   8.12e-06
  2.1375e+03   8.31e-06
  2.1870e+03   8.57e-06
  2.2378e+03   8.81e-06
  2.2897e+03   9.03e-06
  2.3428e+03   9.22e-06
  2.3972e+03   9.62e-06
  2.4528e+03   1.01e-05
  2.5097e+03   1.05e-05
  2.5680e+03   1.08e-05
  2.6275e+03   1.12e-05
  2.6885e+03   9.55e-06
  2.7509e+03   7.17e-06
  2.8147e+03   4.93e-06
  2.8800e+03   2.82e-06
