#  E [MeV]   Flux [# cm^{-2} s^{-1}  MeV^{-1}]
  3.0000e+04   6.85e-25
  3.1051e+04   6.56e-25
  3.2139e+04   6.28e-25
  3.3266e+04   6.01e-25
  3.4432e+04   5.76e-25
  3.5638e+04   5.51e-25
  3.6887e+04   5.27e-25
  3.8180e+04   5.05e-25
  3.9518e+04   4.83e-25
  4.0903e+04   4.62e-25
  4.2336e+04   4.42e-25
  4.3820e+04   4.22e-25
  4.5355e+04   4.04e-25
  4.6945e+04   3.86e-25
  4.8590e+04   3.69e-25
  5.0293e+04   3.53e-25
  5.2055e+04   3.37e-25
  5.3879e+04   3.22e-25
  5.5767e+04   3.08e-25
  5.7722e+04   2.94e-25
  5.9745e+04   2.81e-25
  6.1838e+04   2.68e-25
  6.4005e+04   2.56e-25
  6.6248e+04   2.44e-25
  6.8570e+04   2.33e-25
  7.0973e+04   2.23e-25
  7.3460e+04   2.13e-25
  7.6034e+04   2.03e-25
  7.8699e+04   1.94e-25
  8.1457e+04   1.85e-25
  8.4311e+04   1.76e-25
  8.7266e+04   1.68e-25
  9.0324e+04   1.60e-25
  9.3490e+04   1.53e-25
  9.6766e+04   1.46e-25
  1.0016e+05   1.39e-25
  1.0367e+05   1.32e-25
  1.0730e+05   1.26e-25
  1.1106e+05   1.20e-25
  1.1495e+05   1.14e-25
  1.1898e+05   1.09e-25
  1.2315e+05   1.04e-25
  1.2747e+05   9.86e-26
  1.3193e+05   9.38e-26
  1.3656e+05   8.93e-26
  1.4134e+05   8.49e-26
  1.4629e+05   8.08e-26
  1.5142e+05   7.68e-26
  1.5673e+05   7.30e-26
  1.6222e+05   6.94e-26
  1.6790e+05   6.59e-26
  1.7379e+05   6.26e-26
  1.7988e+05   5.94e-26
  1.8618e+05   5.63e-26
  1.9271e+05   5.34e-26
  1.9946e+05   5.07e-26
  2.0645e+05   4.80e-26
  2.1369e+05   4.55e-26
  2.2117e+05   4.30e-26
  2.2892e+05   4.07e-26
  2.3695e+05   3.85e-26
  2.4525e+05   3.64e-26
  2.5385e+05   3.44e-26
  2.6274e+05   3.24e-26
  2.7195e+05   3.06e-26
  2.8148e+05   2.88e-26
  2.9134e+05   2.72e-26
  3.0155e+05   2.56e-26
  3.1212e+05   2.40e-26
  3.2306e+05   2.26e-26
  3.3438e+05   2.12e-26
  3.4610e+05   1.99e-26
  3.5823e+05   1.86e-26
  3.7078e+05   1.74e-26
  3.8377e+05   1.63e-26
  3.9722e+05   1.52e-26
  4.1114e+05   1.42e-26
  4.2555e+05   1.33e-26
  4.4046e+05   1.24e-26
  4.5590e+05   1.15e-26
  4.7188e+05   1.07e-26
  4.8841e+05   1.00e-26
  5.0553e+05   9.32e-27
  5.2324e+05   8.67e-27
  5.4158e+05   8.06e-27
  5.6056e+05   7.49e-27
  5.8020e+05   6.95e-27
  6.0054e+05   6.45e-27
  6.2158e+05   5.98e-27
  6.4337e+05   5.54e-27
  6.6591e+05   5.13e-27
  6.8925e+05   4.75e-27
  7.1340e+05   4.39e-27
  7.3840e+05   4.05e-27
  7.6428e+05   3.74e-27
  7.9106e+05   3.45e-27
  8.1878e+05   3.18e-27
  8.4748e+05   2.93e-27
  8.7718e+05   2.70e-27
  9.0792e+05   2.49e-27
  9.3973e+05   2.29e-27
  9.7267e+05   2.11e-27
  1.0068e+06   1.94e-27
  1.0420e+06   1.78e-27
  1.0785e+06   1.64e-27
  1.1163e+06   1.50e-27
  1.1555e+06   1.38e-27
  1.1960e+06   1.27e-27
  1.2379e+06   1.16e-27
  1.2813e+06   1.07e-27
  1.3262e+06   9.76e-28
  1.3726e+06   8.93e-28
  1.4207e+06   8.18e-28
  1.4705e+06   7.47e-28
  1.5220e+06   6.82e-28
  1.5754e+06   6.24e-28
  1.6306e+06   5.69e-28
  1.6877e+06   5.18e-28
  1.7469e+06   4.73e-28
  1.8081e+06   4.31e-28
  1.8715e+06   3.92e-28
  1.9370e+06   3.56e-28
  2.0049e+06   3.24e-28
  2.0752e+06   2.94e-28
  2.1479e+06   2.66e-28
  2.2232e+06   2.41e-28
  2.3011e+06   2.18e-28
  2.3817e+06   1.97e-28
  2.4652e+06   1.78e-28
  2.5516e+06   1.60e-28
  2.6410e+06   1.44e-28
  2.7336e+06   1.30e-28
  2.8294e+06   1.16e-28
  2.9285e+06   1.04e-28
  3.0311e+06   9.28e-29
  3.1374e+06   8.31e-29
  3.2473e+06   7.41e-29
  3.3611e+06   6.56e-29
  3.4789e+06   5.84e-29
  3.6008e+06   5.18e-29
  3.7270e+06   4.57e-29
  3.8576e+06   4.03e-29
  3.9928e+06   3.56e-29
  4.1327e+06   3.13e-29
  4.2775e+06   2.73e-29
  4.4274e+06   2.40e-29
  4.5826e+06   2.09e-29
  4.7432e+06   1.81e-29
  4.9094e+06   1.58e-29
  5.0815e+06   1.37e-29
  5.2595e+06   1.18e-29
  5.4438e+06   1.02e-29
  5.6346e+06   8.76e-30
  5.8321e+06   7.47e-30
  6.0365e+06   6.32e-30
  6.2480e+06   5.42e-30
  6.4670e+06   4.60e-30
  6.6936e+06   3.84e-30
  6.9282e+06   3.25e-30
  7.1709e+06   2.74e-30
  7.4222e+06   2.27e-30
  7.6823e+06   1.89e-30
  7.9516e+06   1.58e-30
  8.2302e+06   1.30e-30
  8.5186e+06   1.05e-30
  8.8172e+06   8.70e-31
  9.1262e+06   7.09e-31
  9.4460e+06   5.67e-31
  9.7770e+06   4.59e-31
  1.0120e+07   3.70e-31
  1.0474e+07   2.92e-31
  1.0841e+07   2.30e-31
  1.1221e+07   1.82e-31
  1.1614e+07   1.42e-31
  1.2022e+07   1.08e-31
  1.2443e+07   8.43e-32
  1.2879e+07   6.44e-32
  1.3330e+07   4.81e-32
  1.3797e+07   3.61e-32
  1.4281e+07   2.69e-32
  1.4781e+07   1.96e-32
  1.5299e+07   1.40e-32
  1.5835e+07   1.00e-32
  1.6390e+07   6.99e-33
  1.6965e+07   4.72e-33
  1.7559e+07   3.20e-33
  1.8175e+07   2.09e-33
  1.8812e+07   1.31e-33
  1.9471e+07   8.04e-34
  2.0153e+07   4.73e-34
  2.0859e+07   2.63e-34
  2.1590e+07   1.39e-34
  2.2347e+07   6.89e-35
  2.3130e+07   3.16e-35
  2.3941e+07   1.33e-35
  2.4780e+07   5.05e-36
  2.5648e+07   1.70e-36
  2.6547e+07   4.99e-37
  2.7477e+07   1.27e-37
  2.8440e+07   2.71e-38
