#  E [MeV]   Flux [# cm^{-2} s^{-1}  MeV^{-1}]
  3.0000e+04   5.00e-20
  3.0943e+04   4.84e-20
  3.1916e+04   4.68e-20
  3.2920e+04   4.52e-20
  3.3955e+04   4.37e-20
  3.5023e+04   4.23e-20
  3.6124e+04   4.08e-20
  3.7260e+04   3.95e-20
  3.8432e+04   3.81e-20
  3.9640e+04   3.68e-20
  4.0887e+04   3.55e-20
  4.2172e+04   3.43e-20
  4.3499e+04   3.31e-20
  4.4866e+04   3.19e-20
  4.6277e+04   3.08e-20
  4.7732e+04   2.97e-20
  4.9233e+04   2.86e-20
  5.0781e+04   2.76e-20
  5.2378e+04   2.66e-20
  5.4025e+04   2.56e-20
  5.5724e+04   2.47e-20
  5.7476e+04   2.37e-20
  5.9284e+04   2.29e-20
  6.1148e+04   2.20e-20
  6.3071e+04   2.12e-20
  6.5054e+04   2.03e-20
  6.7100e+04   1.96e-20
  6.9210e+04   1.88e-20
  7.1386e+04   1.81e-20
  7.3631e+04   1.73e-20
  7.5946e+04   1.67e-20
  7.8334e+04   1.60e-20
  8.0797e+04   1.53e-20
  8.3338e+04   1.47e-20
  8.5959e+04   1.41e-20
  8.8662e+04   1.35e-20
  9.1450e+04   1.30e-20
  9.4325e+04   1.24e-20
  9.7291e+04   1.19e-20
  1.0035e+05   1.14e-20
  1.0351e+05   1.09e-20
  1.0676e+05   1.04e-20
  1.1012e+05   9.93e-21
  1.1358e+05   9.49e-21
  1.1715e+05   9.06e-21
  1.2084e+05   8.65e-21
  1.2464e+05   8.25e-21
  1.2856e+05   7.87e-21
  1.3260e+05   7.50e-21
  1.3677e+05   7.15e-21
  1.4107e+05   6.81e-21
  1.4550e+05   6.48e-21
  1.5008e+05   6.16e-21
  1.5480e+05   5.86e-21
  1.5967e+05   5.57e-21
  1.6469e+05   5.29e-21
  1.6987e+05   5.03e-21
  1.7521e+05   4.77e-21
  1.8072e+05   4.52e-21
  1.8640e+05   4.28e-21
  1.9226e+05   4.06e-21
  1.9831e+05   3.84e-21
  2.0454e+05   3.63e-21
  2.1097e+05   3.44e-21
  2.1761e+05   3.25e-21
  2.2445e+05   3.07e-21
  2.3151e+05   2.90e-21
  2.3879e+05   2.73e-21
  2.4630e+05   2.58e-21
  2.5404e+05   2.43e-21
  2.6203e+05   2.29e-21
  2.7027e+05   2.15e-21
  2.7877e+05   2.03e-21
  2.8753e+05   1.90e-21
  2.9657e+05   1.79e-21
  3.0590e+05   1.68e-21
  3.1552e+05   1.57e-21
  3.2544e+05   1.47e-21
  3.3567e+05   1.38e-21
  3.4623e+05   1.29e-21
  3.5712e+05   1.20e-21
  3.6835e+05   1.12e-21
  3.7993e+05   1.05e-21
  3.9188e+05   9.77e-22
  4.0420e+05   9.10e-22
  4.1691e+05   8.46e-22
  4.3002e+05   7.87e-22
  4.4354e+05   7.31e-22
  4.5749e+05   6.78e-22
  4.7187e+05   6.28e-22
  4.8671e+05   5.82e-22
  5.0202e+05   5.39e-22
  5.1780e+05   4.98e-22
  5.3409e+05   4.60e-22
  5.5088e+05   4.25e-22
  5.6820e+05   3.92e-22
  5.8607e+05   3.61e-22
  6.0450e+05   3.32e-22
  6.2351e+05   3.06e-22
  6.4311e+05   2.81e-22
  6.6334e+05   2.58e-22
  6.8419e+05   2.37e-22
  7.0571e+05   2.17e-22
  7.2790e+05   1.99e-22
  7.5079e+05   1.82e-22
  7.7440e+05   1.67e-22
  7.9875e+05   1.53e-22
  8.2387e+05   1.39e-22
  8.4977e+05   1.27e-22
  8.7649e+05   1.16e-22
  9.0405e+05   1.06e-22
  9.3248e+05   9.66e-23
  9.6180e+05   8.81e-23
  9.9205e+05   8.04e-23
  1.0232e+06   7.31e-23
  1.0554e+06   6.64e-23
  1.0886e+06   6.05e-23
  1.1228e+06   5.51e-23
  1.1581e+06   5.00e-23
  1.1946e+06   4.53e-23
  1.2321e+06   4.13e-23
  1.2709e+06   3.75e-23
  1.3108e+06   3.39e-23
  1.3521e+06   3.07e-23
  1.3946e+06   2.79e-23
  1.4384e+06   2.53e-23
  1.4837e+06   2.28e-23
  1.5303e+06   2.07e-23
  1.5784e+06   1.87e-23
  1.6281e+06   1.69e-23
  1.6793e+06   1.52e-23
  1.7321e+06   1.38e-23
  1.7865e+06   1.25e-23
  1.8427e+06   1.12e-23
  1.9006e+06   1.01e-23
  1.9604e+06   9.13e-24
  2.0221e+06   8.22e-24
  2.0856e+06   7.38e-24
  2.1512e+06   6.64e-24
  2.2189e+06   5.99e-24
  2.2886e+06   5.37e-24
  2.3606e+06   4.79e-24
  2.4348e+06   4.32e-24
  2.5114e+06   3.88e-24
  2.5904e+06   3.46e-24
  2.6718e+06   3.09e-24
  2.7558e+06   2.77e-24
  2.8425e+06   2.48e-24
  2.9319e+06   2.20e-24
  3.0241e+06   1.96e-24
  3.1192e+06   1.75e-24
  3.2173e+06   1.56e-24
  3.3184e+06   1.38e-24
  3.4228e+06   1.22e-24
  3.5304e+06   1.09e-24
  3.6414e+06   9.62e-25
  3.7559e+06   8.45e-25
  3.8740e+06   7.52e-25
  3.9958e+06   6.65e-25
  4.1215e+06   5.84e-25
  4.2511e+06   5.12e-25
  4.3848e+06   4.53e-25
  4.5227e+06   3.98e-25
  4.6649e+06   3.47e-25
  4.8116e+06   3.04e-25
  4.9629e+06   2.67e-25
  5.1189e+06   2.33e-25
  5.2799e+06   2.01e-25
  5.4459e+06   1.77e-25
  5.6171e+06   1.54e-25
  5.7938e+06   1.34e-25
  5.9760e+06   1.15e-25
  6.1639e+06   1.00e-25
  6.3577e+06   8.63e-26
  6.5576e+06   7.36e-26
  6.7638e+06   6.30e-26
  6.9765e+06   5.44e-26
  7.1959e+06   4.65e-26
  7.4222e+06   3.93e-26
  7.6556e+06   3.37e-26
  7.8963e+06   2.89e-26
  8.1446e+06   2.45e-26
  8.4007e+06   2.06e-26
  8.6649e+06   1.78e-26
  8.9373e+06   1.52e-26
  9.2184e+06   1.29e-26
  9.5082e+06   1.10e-26
  9.8072e+06   9.43e-27
  1.0116e+07   8.03e-27
  1.0434e+07   6.79e-27
  1.0762e+07   5.78e-27
  1.1100e+07   4.94e-27
  1.1449e+07   4.19e-27
  1.1809e+07   3.52e-27
  1.2181e+07   2.97e-27
  1.2564e+07   2.48e-27
  1.2959e+07   2.06e-27
  1.3366e+07   1.68e-27
  1.3786e+07   1.37e-27
  1.4220e+07   1.10e-27
