#  E [MeV]   Flux [# cm^{-2} s^{-1}  MeV^{-1}]
  3.0000e+04   1.49e-20
  3.1123e+04   1.43e-20
  3.2288e+04   1.38e-20
  3.3497e+04   1.33e-20
  3.4751e+04   1.27e-20
  3.6051e+04   1.23e-20
  3.7401e+04   1.18e-20
  3.8801e+04   1.13e-20
  4.0253e+04   1.09e-20
  4.1760e+04   1.05e-20
  4.3324e+04   1.01e-20
  4.4945e+04   9.66e-21
  4.6628e+04   9.28e-21
  4.8373e+04   8.92e-21
  5.0184e+04   8.57e-21
  5.2063e+04   8.23e-21
  5.4011e+04   7.90e-21
  5.6033e+04   7.59e-21
  5.8131e+04   7.29e-21
  6.0307e+04   7.00e-21
  6.2564e+04   6.72e-21
  6.4906e+04   6.45e-21
  6.7336e+04   6.19e-21
  6.9857e+04   5.94e-21
  7.2472e+04   5.69e-21
  7.5184e+04   5.46e-21
  7.7999e+04   5.24e-21
  8.0919e+04   5.02e-21
  8.3948e+04   4.81e-21
  8.7090e+04   4.61e-21
  9.0350e+04   4.42e-21
  9.3732e+04   4.23e-21
  9.7241e+04   4.05e-21
  1.0088e+05   3.88e-21
  1.0466e+05   3.72e-21
  1.0858e+05   3.56e-21
  1.1264e+05   3.40e-21
  1.1686e+05   3.25e-21
  1.2123e+05   3.11e-21
  1.2577e+05   2.97e-21
  1.3048e+05   2.84e-21
  1.3536e+05   2.71e-21
  1.4043e+05   2.59e-21
  1.4568e+05   2.47e-21
  1.5114e+05   2.36e-21
  1.5680e+05   2.25e-21
  1.6266e+05   2.14e-21
  1.6875e+05   2.04e-21
  1.7507e+05   1.94e-21
  1.8162e+05   1.85e-21
  1.8842e+05   1.76e-21
  1.9548e+05   1.67e-21
  2.0279e+05   1.59e-21
  2.1039e+05   1.51e-21
  2.1826e+05   1.43e-21
  2.2643e+05   1.36e-21
  2.3491e+05   1.29e-21
  2.4370e+05   1.22e-21
  2.5282e+05   1.15e-21
  2.6229e+05   1.09e-21
  2.7211e+05   1.03e-21
  2.8229e+05   9.73e-22
  2.9286e+05   9.18e-22
  3.0382e+05   8.66e-22
  3.1519e+05   8.15e-22
  3.2699e+05   7.67e-22
  3.3923e+05   7.21e-22
  3.5193e+05   6.78e-22
  3.6511e+05   6.36e-22
  3.7877e+05   5.96e-22
  3.9295e+05   5.59e-22
  4.0766e+05   5.23e-22
  4.2292e+05   4.89e-22
  4.3875e+05   4.57e-22
  4.5518e+05   4.27e-22
  4.7222e+05   3.98e-22
  4.8989e+05   3.71e-22
  5.0823e+05   3.45e-22
  5.2726e+05   3.21e-22
  5.4699e+05   2.98e-22
  5.6747e+05   2.77e-22
  5.8871e+05   2.57e-22
  6.1075e+05   2.38e-22
  6.3361e+05   2.21e-22
  6.5733e+05   2.04e-22
  6.8194e+05   1.89e-22
  7.0746e+05   1.75e-22
  7.3395e+05   1.62e-22
  7.6142e+05   1.49e-22
  7.8992e+05   1.38e-22
  8.1949e+05   1.27e-22
  8.5017e+05   1.17e-22
  8.8199e+05   1.08e-22
  9.1501e+05   9.97e-23
  9.4926e+05   9.18e-23
  9.8479e+05   8.46e-23
  1.0217e+06   7.79e-23
  1.0599e+06   7.16e-23
  1.0996e+06   6.59e-23
  1.1407e+06   6.06e-23
  1.1834e+06   5.57e-23
  1.2277e+06   5.12e-23
  1.2737e+06   4.70e-23
  1.3214e+06   4.32e-23
  1.3708e+06   3.97e-23
  1.4222e+06   3.64e-23
  1.4754e+06   3.34e-23
  1.5306e+06   3.06e-23
  1.5879e+06   2.81e-23
  1.6474e+06   2.58e-23
  1.7090e+06   2.36e-23
  1.7730e+06   2.16e-23
  1.8394e+06   1.98e-23
  1.9082e+06   1.81e-23
  1.9797e+06   1.66e-23
  2.0538e+06   1.51e-23
  2.1306e+06   1.38e-23
  2.2104e+06   1.26e-23
  2.2931e+06   1.15e-23
  2.3790e+06   1.05e-23
  2.4680e+06   9.54e-24
  2.5604e+06   8.68e-24
  2.6563e+06   7.88e-24
  2.7557e+06   7.16e-24
  2.8589e+06   6.49e-24
  2.9659e+06   5.87e-24
  3.0769e+06   5.31e-24
  3.1921e+06   4.81e-24
  3.3116e+06   4.33e-24
  3.4355e+06   3.90e-24
  3.5641e+06   3.52e-24
  3.6976e+06   3.16e-24
  3.8360e+06   2.83e-24
  3.9796e+06   2.54e-24
  4.1285e+06   2.27e-24
  4.2831e+06   2.02e-24
  4.4434e+06   1.80e-24
  4.6097e+06   1.60e-24
  4.7823e+06   1.41e-24
  4.9613e+06   1.25e-24
  5.1470e+06   1.10e-24
  5.3397e+06   9.68e-25
  5.5396e+06   8.53e-25
  5.7470e+06   7.47e-25
  5.9621e+06   6.50e-25
  6.1853e+06   5.67e-25
  6.4168e+06   4.92e-25
  6.6570e+06   4.24e-25
  6.9062e+06   3.66e-25
  7.1647e+06   3.15e-25
  7.4329e+06   2.68e-25
  7.7112e+06   2.28e-25
  7.9998e+06   1.94e-25
  8.2993e+06   1.63e-25
  8.6100e+06   1.37e-25
  8.9323e+06   1.14e-25
  9.2666e+06   9.46e-26
  9.6135e+06   7.76e-26
  9.9734e+06   6.38e-26
  1.0347e+07   5.18e-26
  1.0734e+07   4.14e-26
  1.1136e+07   3.33e-26
  1.1553e+07   2.63e-26
  1.1985e+07   2.04e-26
  1.2434e+07   1.59e-26
  1.2899e+07   1.21e-26
  1.3382e+07   9.05e-27
  1.3883e+07   6.76e-27
  1.4403e+07   4.94e-27
  1.4942e+07   3.51e-27
  1.5501e+07   2.47e-27
  1.6081e+07   1.69e-27
  1.6683e+07   1.12e-27
  1.7308e+07   7.28e-28
  1.7956e+07   4.58e-28
  1.8628e+07   2.75e-28
  1.9325e+07   1.59e-28
  2.0049e+07   8.77e-29
  2.0799e+07   4.54e-29
  2.1578e+07   2.21e-29
  2.2386e+07   1.01e-29
  2.3224e+07   4.19e-30
  2.4093e+07   1.57e-30
  2.4995e+07   5.38e-31
  2.5930e+07   1.59e-31
  2.6901e+07   3.99e-32
  2.7908e+07   8.51e-33
  2.8953e+07   1.44e-33
  3.0037e+07   1.86e-34
  3.1161e+07   1.80e-35
  3.2327e+07   1.18e-36
  3.3537e+07   4.81e-38
  3.4793e+07   1.14e-39
  3.6095e+07   1.36e-41
  3.7446e+07   6.83e-44
  3.8848e+07   1.20e-46
  4.0302e+07   5.57e-50
  4.1811e+07   4.82e-54
  4.3376e+07   5.01e-59
  4.5000e+07   3.44e-65
