#  E [GeV]   # per interaction  [GeV^{-1}]
  3.0000e+01   9.51e-01
  3.1051e+01   9.11e-01
  3.2139e+01   8.73e-01
  3.3266e+01   8.36e-01
  3.4432e+01   8.01e-01
  3.5638e+01   7.67e-01
  3.6887e+01   7.34e-01
  3.8180e+01   7.03e-01
  3.9518e+01   6.73e-01
  4.0903e+01   6.44e-01
  4.2336e+01   6.16e-01
  4.3820e+01   5.89e-01
  4.5355e+01   5.64e-01
  4.6945e+01   5.39e-01
  4.8590e+01   5.15e-01
  5.0293e+01   4.93e-01
  5.2055e+01   4.71e-01
  5.3879e+01   4.50e-01
  5.5767e+01   4.30e-01
  5.7722e+01   4.11e-01
  5.9745e+01   3.92e-01
  6.1838e+01   3.75e-01
  6.4005e+01   3.58e-01
  6.6248e+01   3.42e-01
  6.8570e+01   3.26e-01
  7.0973e+01   3.11e-01
  7.3460e+01   2.97e-01
  7.6034e+01   2.83e-01
  7.8699e+01   2.70e-01
  8.1457e+01   2.58e-01
  8.4311e+01   2.45e-01
  8.7266e+01   2.34e-01
  9.0324e+01   2.23e-01
  9.3490e+01   2.12e-01
  9.6766e+01   2.02e-01
  1.0016e+02   1.92e-01
  1.0367e+02   1.83e-01
  1.0730e+02   1.74e-01
  1.1106e+02   1.66e-01
  1.1495e+02   1.58e-01
  1.1898e+02   1.50e-01
  1.2315e+02   1.43e-01
  1.2747e+02   1.35e-01
  1.3193e+02   1.29e-01
  1.3656e+02   1.22e-01
  1.4134e+02   1.16e-01
  1.4629e+02   1.10e-01
  1.5142e+02   1.04e-01
  1.5673e+02   9.90e-02
  1.6222e+02   9.38e-02
  1.6790e+02   8.89e-02
  1.7379e+02   8.42e-02
  1.7988e+02   7.96e-02
  1.8618e+02   7.53e-02
  1.9271e+02   7.12e-02
  1.9946e+02   6.73e-02
  2.0645e+02   6.35e-02
  2.1369e+02   6.00e-02
  2.2117e+02   5.66e-02
  2.2892e+02   5.33e-02
  2.3695e+02   5.02e-02
  2.4525e+02   4.73e-02
  2.5385e+02   4.45e-02
  2.6274e+02   4.18e-02
  2.7195e+02   3.93e-02
  2.8148e+02   3.69e-02
  2.9134e+02   3.47e-02
  3.0155e+02   3.25e-02
  3.1212e+02   3.05e-02
  3.2306e+02   2.85e-02
  3.3438e+02   2.67e-02
  3.4610e+02   2.50e-02
  3.5823e+02   2.33e-02
  3.7078e+02   2.18e-02
  3.8377e+02   2.03e-02
  3.9722e+02   1.89e-02
  4.1114e+02   1.76e-02
  4.2555e+02   1.64e-02
  4.4046e+02   1.53e-02
  4.5590e+02   1.42e-02
  4.7188e+02   1.32e-02
  4.8841e+02   1.22e-02
  5.0553e+02   1.13e-02
  5.2324e+02   1.05e-02
  5.4158e+02   9.73e-03
  5.6056e+02   9.00e-03
  5.8020e+02   8.32e-03
  6.0054e+02   7.68e-03
  6.2158e+02   7.09e-03
  6.4337e+02   6.54e-03
  6.6591e+02   6.03e-03
  6.8925e+02   5.55e-03
  7.1340e+02   5.11e-03
  7.3840e+02   4.70e-03
  7.6428e+02   4.31e-03
  7.9106e+02   3.96e-03
  8.1878e+02   3.64e-03
  8.4748e+02   3.33e-03
  8.7718e+02   3.06e-03
  9.0792e+02   2.80e-03
  9.3973e+02   2.56e-03
  9.7267e+02   2.35e-03
  1.0068e+03   2.15e-03
  1.0420e+03   1.96e-03
  1.0785e+03   1.79e-03
  1.1163e+03   1.64e-03
  1.1555e+03   1.50e-03
  1.1960e+03   1.37e-03
  1.2379e+03   1.25e-03
  1.2813e+03   1.14e-03
  1.3262e+03   1.04e-03
  1.3726e+03   9.43e-04
  1.4207e+03   8.59e-04
  1.4705e+03   7.81e-04
  1.5220e+03   7.09e-04
  1.5754e+03   6.45e-04
  1.6306e+03   5.86e-04
  1.6877e+03   5.31e-04
  1.7469e+03   4.82e-04
  1.8081e+03   4.37e-04
  1.8715e+03   3.95e-04
  1.9370e+03   3.58e-04
  2.0049e+03   3.24e-04
  2.0752e+03   2.93e-04
  2.1479e+03   2.64e-04
  2.2232e+03   2.38e-04
  2.3011e+03   2.15e-04
  2.3817e+03   1.93e-04
  2.4652e+03   1.74e-04
  2.5516e+03   1.57e-04
  2.6410e+03   1.40e-04
  2.7336e+03   1.26e-04
  2.8294e+03   1.13e-04
  2.9285e+03   1.01e-04
  3.0311e+03   8.95e-05
  3.1374e+03   8.01e-05
  3.2473e+03   7.13e-05
  3.3611e+03   6.31e-05
  3.4789e+03   5.62e-05
  3.6008e+03   4.99e-05
  3.7270e+03   4.40e-05
  3.8576e+03   3.89e-05
  3.9928e+03   3.44e-05
  4.1327e+03   3.03e-05
  4.2775e+03   2.65e-05
  4.4274e+03   2.34e-05
  4.5826e+03   2.05e-05
  4.7432e+03   1.78e-05
  4.9094e+03   1.56e-05
  5.0815e+03   1.36e-05
  5.2595e+03   1.18e-05
  5.4438e+03   1.02e-05
  5.6346e+03   8.88e-06
  5.8321e+03   7.65e-06
  6.0365e+03   6.54e-06
  6.2480e+03   5.66e-06
  6.4670e+03   4.86e-06
  6.6936e+03   4.12e-06
  6.9282e+03   3.54e-06
  7.1709e+03   3.02e-06
  7.4222e+03   2.55e-06
  7.6823e+03   2.16e-06
  7.9516e+03   1.83e-06
  8.2302e+03   1.54e-06
  8.5186e+03   1.28e-06
  8.8172e+03   1.08e-06
  9.1262e+03   9.05e-07
  9.4460e+03   7.46e-07
  9.7770e+03   6.20e-07
  1.0120e+04   5.13e-07
  1.0474e+04   4.19e-07
  1.0841e+04   3.42e-07
  1.1221e+04   2.80e-07
  1.1614e+04   2.27e-07
  1.2022e+04   1.81e-07
  1.2443e+04   1.46e-07
  1.2879e+04   1.16e-07
  1.3330e+04   9.06e-08
  1.3797e+04   7.07e-08
  1.4281e+04   5.46e-08
  1.4781e+04   4.14e-08
  1.5299e+04   3.09e-08
  1.5835e+04   2.28e-08
  1.6390e+04   1.65e-08
  1.6965e+04   1.16e-08
  1.7559e+04   8.02e-09
  1.8175e+04   5.38e-09
  1.8812e+04   3.49e-09
  1.9471e+04   2.18e-09
  2.0153e+04   1.31e-09
  2.0859e+04   7.48e-10
  2.1590e+04   4.02e-10
  2.2347e+04   2.03e-10
  2.3130e+04   9.47e-11
  2.3941e+04   4.05e-11
  2.4780e+04   1.56e-11
  2.5648e+04   5.37e-12
  2.6547e+04   1.61e-12
  2.7477e+04   4.19e-13
  2.8440e+04   9.16e-14
