#  E [GeV]   # per interaction  [GeV^{-1}]
  3.0000e+01   6.62e-01
  3.1123e+01   6.37e-01
  3.2288e+01   6.12e-01
  3.3497e+01   5.89e-01
  3.4751e+01   5.66e-01
  3.6051e+01   5.44e-01
  3.7401e+01   5.23e-01
  3.8801e+01   5.03e-01
  4.0253e+01   4.84e-01
  4.1760e+01   4.65e-01
  4.3324e+01   4.47e-01
  4.4945e+01   4.30e-01
  4.6628e+01   4.13e-01
  4.8373e+01   3.97e-01
  5.0184e+01   3.81e-01
  5.2063e+01   3.66e-01
  5.4011e+01   3.52e-01
  5.6033e+01   3.38e-01
  5.8131e+01   3.25e-01
  6.0307e+01   3.12e-01
  6.2564e+01   2.99e-01
  6.4906e+01   2.87e-01
  6.7336e+01   2.76e-01
  6.9857e+01   2.65e-01
  7.2472e+01   2.54e-01
  7.5184e+01   2.44e-01
  7.7999e+01   2.34e-01
  8.0919e+01   2.24e-01
  8.3948e+01   2.15e-01
  8.7090e+01   2.06e-01
  9.0350e+01   1.98e-01
  9.3732e+01   1.90e-01
  9.7241e+01   1.82e-01
  1.0088e+02   1.74e-01
  1.0466e+02   1.67e-01
  1.0858e+02   1.60e-01
  1.1264e+02   1.53e-01
  1.1686e+02   1.47e-01
  1.2123e+02   1.40e-01
  1.2577e+02   1.34e-01
  1.3048e+02   1.28e-01
  1.3536e+02   1.23e-01
  1.4043e+02   1.17e-01
  1.4568e+02   1.12e-01
  1.5114e+02   1.07e-01
  1.5680e+02   1.02e-01
  1.6266e+02   9.78e-02
  1.6875e+02   9.33e-02
  1.7507e+02   8.91e-02
  1.8162e+02   8.50e-02
  1.8842e+02   8.10e-02
  1.9548e+02   7.72e-02
  2.0279e+02   7.36e-02
  2.1039e+02   7.01e-02
  2.1826e+02   6.67e-02
  2.2643e+02   6.35e-02
  2.3491e+02   6.04e-02
  2.4370e+02   5.75e-02
  2.5282e+02   5.46e-02
  2.6229e+02   5.19e-02
  2.7211e+02   4.93e-02
  2.8229e+02   4.68e-02
  2.9286e+02   4.44e-02
  3.0382e+02   4.21e-02
  3.1519e+02   3.99e-02
  3.2699e+02   3.77e-02
  3.3923e+02   3.57e-02
  3.5193e+02   3.38e-02
  3.6511e+02   3.20e-02
  3.7877e+02   3.02e-02
  3.9295e+02   2.85e-02
  4.0766e+02   2.69e-02
  4.2292e+02   2.54e-02
  4.3875e+02   2.39e-02
  4.5518e+02   2.26e-02
  4.7222e+02   2.13e-02
  4.8989e+02   2.00e-02
  5.0823e+02   1.88e-02
  5.2726e+02   1.77e-02
  5.4699e+02   1.66e-02
  5.6747e+02   1.56e-02
  5.8871e+02   1.46e-02
  6.1075e+02   1.37e-02
  6.3361e+02   1.29e-02
  6.5733e+02   1.21e-02
  6.8194e+02   1.13e-02
  7.0746e+02   1.06e-02
  7.3395e+02   9.89e-03
  7.6142e+02   9.24e-03
  7.8992e+02   8.64e-03
  8.1949e+02   8.07e-03
  8.5017e+02   7.53e-03
  8.8199e+02   7.03e-03
  9.1501e+02   6.56e-03
  9.4926e+02   6.11e-03
  9.8479e+02   5.69e-03
  1.0217e+03   5.30e-03
  1.0599e+03   4.94e-03
  1.0996e+03   4.59e-03
  1.1407e+03   4.27e-03
  1.1834e+03   3.97e-03
  1.2277e+03   3.68e-03
  1.2737e+03   3.42e-03
  1.3214e+03   3.17e-03
  1.3708e+03   2.94e-03
  1.4222e+03   2.72e-03
  1.4754e+03   2.52e-03
  1.5306e+03   2.33e-03
  1.5879e+03   2.15e-03
  1.6474e+03   1.99e-03
  1.7090e+03   1.84e-03
  1.7730e+03   1.70e-03
  1.8394e+03   1.56e-03
  1.9082e+03   1.44e-03
  1.9797e+03   1.33e-03
  2.0538e+03   1.22e-03
  2.1306e+03   1.12e-03
  2.2104e+03   1.03e-03
  2.2931e+03   9.49e-04
  2.3790e+03   8.70e-04
  2.4680e+03   7.96e-04
  2.5604e+03   7.30e-04
  2.6563e+03   6.68e-04
  2.7557e+03   6.09e-04
  2.8589e+03   5.57e-04
  2.9659e+03   5.08e-04
  3.0769e+03   4.63e-04
  3.1921e+03   4.22e-04
  3.3116e+03   3.84e-04
  3.4355e+03   3.48e-04
  3.5641e+03   3.16e-04
  3.6976e+03   2.87e-04
  3.8360e+03   2.60e-04
  3.9796e+03   2.35e-04
  4.1285e+03   2.13e-04
  4.2831e+03   1.92e-04
  4.4434e+03   1.73e-04
  4.6097e+03   1.56e-04
  4.7823e+03   1.40e-04
  4.9613e+03   1.26e-04
  5.1470e+03   1.13e-04
  5.3397e+03   1.01e-04
  5.5396e+03   9.02e-05
  5.7470e+03   8.09e-05
  5.9621e+03   7.22e-05
  6.1853e+03   6.41e-05
  6.4168e+03   5.71e-05
  6.6570e+03   5.08e-05
  6.9062e+03   4.49e-05
  7.1647e+03   3.98e-05
  7.4329e+03   3.53e-05
  7.7112e+03   3.10e-05
  7.9998e+03   2.73e-05
  8.2993e+03   2.41e-05
  8.6100e+03   2.11e-05
  8.9323e+03   1.84e-05
  9.2666e+03   1.62e-05
  9.6135e+03   1.40e-05
  9.9734e+03   1.22e-05
  1.0347e+04   1.06e-05
  1.0734e+04   9.18e-06
  1.1136e+04   7.88e-06
  1.1553e+04   6.82e-06
  1.1985e+04   5.85e-06
  1.2434e+04   4.96e-06
  1.2899e+04   4.26e-06
  1.3382e+04   3.62e-06
  1.3883e+04   3.03e-06
  1.4403e+04   2.57e-06
  1.4942e+04   2.16e-06
  1.5501e+04   1.79e-06
  1.6081e+04   1.49e-06
  1.6683e+04   1.23e-06
  1.7308e+04   1.00e-06
  1.7956e+04   8.16e-07
  1.8628e+04   6.61e-07
  1.9325e+04   5.25e-07
  2.0049e+04   4.14e-07
  2.0799e+04   3.25e-07
  2.1578e+04   2.49e-07
  2.2386e+04   1.87e-07
  2.3224e+04   1.41e-07
  2.4093e+04   1.02e-07
  2.4995e+04   7.23e-08
  2.5930e+04   5.08e-08
  2.6901e+04   3.42e-08
  2.7908e+04   2.20e-08
  2.8953e+04   1.39e-08
  3.0037e+04   8.21e-09
  3.1161e+04   4.52e-09
  3.2327e+04   2.36e-09
  3.3537e+04   1.12e-09
  3.4793e+04   4.68e-10
  3.6095e+04   1.74e-10
  3.7446e+04   5.44e-11
  3.8848e+04   1.37e-11
  4.0302e+04   2.65e-12
  4.1811e+04   3.67e-13
  4.3376e+04   3.31e-14
  4.5000e+04   1.74e-15
