#  E [MeV]   Flux [# cm^{-2} s^{-1}  MeV^{-1}]
  3.0000e+04   3.92e-19
  3.0765e+04   3.79e-19
  3.1549e+04   3.67e-19
  3.2354e+04   3.55e-19
  3.3179e+04   3.43e-19
  3.4025e+04   3.32e-19
  3.4892e+04   3.21e-19
  3.5782e+04   3.10e-19
  3.6695e+04   2.99e-19
  3.7630e+04   2.89e-19
  3.8590e+04   2.80e-19
  3.9574e+04   2.70e-19
  4.0583e+04   2.61e-19
  4.1618e+04   2.52e-19
  4.2679e+04   2.43e-19
  4.3767e+04   2.34e-19
  4.4883e+04   2.26e-19
  4.6028e+04   2.18e-19
  4.7201e+04   2.10e-19
  4.8405e+04   2.03e-19
  4.9639e+04   1.96e-19
  5.0905e+04   1.88e-19
  5.2203e+04   1.82e-19
  5.3534e+04   1.75e-19
  5.4899e+04   1.69e-19
  5.6299e+04   1.62e-19
  5.7734e+04   1.56e-19
  5.9207e+04   1.50e-19
  6.0716e+04   1.45e-19
  6.2264e+04   1.39e-19
  6.3852e+04   1.34e-19
  6.5480e+04   1.29e-19
  6.7150e+04   1.24e-19
  6.8862e+04   1.19e-19
  7.0618e+04   1.15e-19
  7.2419e+04   1.10e-19
  7.4265e+04   1.06e-19
  7.6159e+04   1.02e-19
  7.8101e+04   9.76e-20
  8.0092e+04   9.37e-20
  8.2135e+04   8.99e-20
  8.4229e+04   8.63e-20
  8.6377e+04   8.28e-20
  8.8579e+04   7.95e-20
  9.0838e+04   7.62e-20
  9.3154e+04   7.31e-20
  9.5529e+04   7.01e-20
  9.7965e+04   6.72e-20
  1.0046e+05   6.44e-20
  1.0303e+05   6.17e-20
  1.0565e+05   5.91e-20
  1.0835e+05   5.66e-20
  1.1111e+05   5.42e-20
  1.1394e+05   5.19e-20
  1.1685e+05   4.96e-20
  1.1983e+05   4.74e-20
  1.2288e+05   4.54e-20
  1.2602e+05   4.34e-20
  1.2923e+05   4.15e-20
  1.3252e+05   3.96e-20
  1.3590e+05   3.78e-20
  1.3937e+05   3.61e-20
  1.4292e+05   3.45e-20
  1.4657e+05   3.29e-20
  1.5030e+05   3.14e-20
  1.5414e+05   2.99e-20
  1.5807e+05   2.86e-20
  1.6210e+05   2.72e-20
  1.6623e+05   2.60e-20
  1.7047e+05   2.47e-20
  1.7482e+05   2.35e-20
  1.7927e+05   2.24e-20
  1.8384e+05   2.14e-20
  1.8853e+05   2.03e-20
  1.9334e+05   1.93e-20
  1.9827e+05   1.84e-20
  2.0333e+05   1.75e-20
  2.0851e+05   1.66e-20
  2.1383e+05   1.58e-20
  2.1928e+05   1.50e-20
  2.2487e+05   1.42e-20
  2.3060e+05   1.35e-20
  2.3648e+05   1.28e-20
  2.4251e+05   1.21e-20
  2.4870e+05   1.15e-20
  2.5504e+05   1.09e-20
  2.6154e+05   1.03e-20
  2.6821e+05   9.76e-21
  2.7505e+05   9.23e-21
  2.8206e+05   8.74e-21
  2.8926e+05   8.26e-21
  2.9663e+05   7.81e-21
  3.0420e+05   7.37e-21
  3.1195e+05   6.96e-21
  3.1991e+05   6.58e-21
  3.2806e+05   6.21e-21
  3.3643e+05   5.85e-21
  3.4501e+05   5.51e-21
  3.5381e+05   5.20e-21
  3.6283e+05   4.90e-21
  3.7208e+05   4.61e-21
  3.8157e+05   4.33e-21
  3.9130e+05   4.07e-21
  4.0127e+05   3.83e-21
  4.1150e+05   3.60e-21
  4.2200e+05   3.38e-21
  4.3276e+05   3.17e-21
  4.4379e+05   2.98e-21
  4.5511e+05   2.79e-21
  4.6671e+05   2.62e-21
  4.7861e+05   2.45e-21
  4.9082e+05   2.29e-21
  5.0333e+05   2.14e-21
  5.1617e+05   2.01e-21
  5.2933e+05   1.87e-21
  5.4283e+05   1.75e-21
  5.5667e+05   1.63e-21
  5.7086e+05   1.53e-21
  5.8542e+05   1.42e-21
  6.0035e+05   1.33e-21
  6.1565e+05   1.23e-21
  6.3135e+05   1.15e-21
  6.4745e+05   1.07e-21
  6.6396e+05   9.97e-22
  6.8089e+05   9.26e-22
  6.9825e+05   8.61e-22
  7.1606e+05   8.01e-22
  7.3432e+05   7.44e-22
  7.5304e+05   6.90e-22
  7.7224e+05   6.38e-22
  7.9193e+05   5.93e-22
  8.1213e+05   5.51e-22
  8.3283e+05   5.10e-22
  8.5407e+05   4.71e-22
  8.7585e+05   4.36e-22
  8.9818e+05   4.04e-22
  9.2108e+05   3.74e-22
  9.4457e+05   3.45e-22
  9.6866e+05   3.17e-22
  9.9336e+05   2.94e-22
  1.0187e+06   2.72e-22
  1.0447e+06   2.51e-22
  1.0713e+06   2.31e-22
  1.0986e+06   2.13e-22
  1.1266e+06   1.97e-22
  1.1554e+06   1.82e-22
  1.1848e+06   1.67e-22
  1.2150e+06   1.54e-22
  1.2460e+06   1.42e-22
  1.2778e+06   1.31e-22
  1.3104e+06   1.21e-22
  1.3438e+06   1.11e-22
  1.3780e+06   1.02e-22
  1.4132e+06   9.46e-23
  1.4492e+06   8.73e-23
  1.4862e+06   8.05e-23
  1.5241e+06   7.40e-23
  1.5629e+06   6.83e-23
  1.6028e+06   6.33e-23
  1.6436e+06   5.85e-23
  1.6856e+06   5.40e-23
  1.7285e+06   4.97e-23
  1.7726e+06   4.63e-23
  1.8178e+06   4.31e-23
  1.8642e+06   4.00e-23
  1.9117e+06   3.71e-23
  1.9604e+06   3.45e-23
  2.0104e+06   3.24e-23
  2.0617e+06   3.04e-23
  2.1143e+06   2.84e-23
  2.1682e+06   2.66e-23
  2.2235e+06   2.52e-23
  2.2802e+06   2.39e-23
  2.3383e+06   2.26e-23
  2.3979e+06   2.14e-23
  2.4591e+06   2.03e-23
  2.5218e+06   1.95e-23
  2.5861e+06   1.87e-23
  2.6520e+06   1.80e-23
  2.7196e+06   1.72e-23
  2.7890e+06   1.68e-23
  2.8601e+06   1.64e-23
  2.9330e+06   1.61e-23
  3.0078e+06   1.58e-23
  3.0845e+06   1.55e-23
  3.1632e+06   1.56e-23
  3.2438e+06   1.57e-23
  3.3265e+06   1.57e-23
  3.4113e+06   1.57e-23
  3.4983e+06   1.63e-23
  3.5875e+06   1.70e-23
  3.6790e+06   1.77e-23
  3.7728e+06   1.84e-23
  3.8690e+06   1.91e-23
  3.9677e+06   2.11e-23
  4.0689e+06   2.30e-23
  4.1726e+06   2.47e-23
  4.2790e+06   2.64e-23
  4.3881e+06   2.46e-23
  4.5000e+06   1.96e-23
