#  E [MeV]   Flux [# cm^{-2} s^{-1}  MeV^{-1}]
  3.0000e+04   2.45e-27
  3.1232e+04   2.35e-27
  3.2514e+04   2.26e-27
  3.3849e+04   2.18e-27
  3.5238e+04   2.09e-27
  3.6685e+04   2.01e-27
  3.8191e+04   1.93e-27
  3.9759e+04   1.85e-27
  4.1391e+04   1.78e-27
  4.3090e+04   1.71e-27
  4.4859e+04   1.64e-27
  4.6701e+04   1.57e-27
  4.8618e+04   1.51e-27
  5.0614e+04   1.45e-27
  5.2692e+04   1.39e-27
  5.4855e+04   1.33e-27
  5.7107e+04   1.28e-27
  5.9451e+04   1.22e-27
  6.1892e+04   1.17e-27
  6.4433e+04   1.12e-27
  6.7078e+04   1.07e-27
  6.9832e+04   1.03e-27
  7.2699e+04   9.84e-28
  7.5683e+04   9.42e-28
  7.8790e+04   9.00e-28
  8.2025e+04   8.61e-28
  8.5392e+04   8.23e-28
  8.8898e+04   7.87e-28
  9.2547e+04   7.52e-28
  9.6347e+04   7.19e-28
  1.0030e+05   6.86e-28
  1.0442e+05   6.55e-28
  1.0871e+05   6.25e-28
  1.1317e+05   5.97e-28
  1.1782e+05   5.69e-28
  1.2265e+05   5.43e-28
  1.2769e+05   5.17e-28
  1.3293e+05   4.93e-28
  1.3839e+05   4.70e-28
  1.4407e+05   4.47e-28
  1.4998e+05   4.26e-28
  1.5614e+05   4.05e-28
  1.6255e+05   3.85e-28
  1.6922e+05   3.66e-28
  1.7617e+05   3.48e-28
  1.8340e+05   3.31e-28
  1.9093e+05   3.14e-28
  1.9877e+05   2.98e-28
  2.0693e+05   2.83e-28
  2.1543e+05   2.68e-28
  2.2427e+05   2.54e-28
  2.3348e+05   2.41e-28
  2.4306e+05   2.28e-28
  2.5304e+05   2.16e-28
  2.6343e+05   2.04e-28
  2.7424e+05   1.93e-28
  2.8550e+05   1.83e-28
  2.9722e+05   1.73e-28
  3.0942e+05   1.63e-28
  3.2213e+05   1.54e-28
  3.3535e+05   1.45e-28
  3.4912e+05   1.37e-28
  3.6345e+05   1.29e-28
  3.7837e+05   1.21e-28
  3.9390e+05   1.14e-28
  4.1008e+05   1.07e-28
  4.2691e+05   1.01e-28
  4.4444e+05   9.46e-29
  4.6268e+05   8.88e-29
  4.8168e+05   8.34e-29
  5.0145e+05   7.83e-29
  5.2204e+05   7.34e-29
  5.4347e+05   6.89e-29
  5.6578e+05   6.46e-29
  5.8901e+05   6.05e-29
  6.1319e+05   5.67e-29
  6.3836e+05   5.32e-29
  6.6457e+05   4.98e-29
  6.9185e+05   4.67e-29
  7.2025e+05   4.38e-29
  7.4982e+05   4.11e-29
  7.8061e+05   3.86e-29
  8.1265e+05   3.62e-29
  8.4601e+05   3.40e-29
  8.8075e+05   3.20e-29
  9.1690e+05   3.01e-29
  9.5455e+05   2.83e-29
  9.9373e+05   2.66e-29
  1.0345e+06   2.51e-29
  1.0770e+06   2.37e-29
  1.1212e+06   2.24e-29
  1.1672e+06   2.11e-29
  1.2152e+06   2.00e-29
  1.2650e+06   1.89e-29
  1.3170e+06   1.79e-29
  1.3711e+06   1.70e-29
  1.4273e+06   1.61e-29
  1.4859e+06   1.53e-29
  1.5469e+06   1.46e-29
  1.6104e+06   1.39e-29
  1.6766e+06   1.32e-29
  1.7454e+06   1.26e-29
  1.8170e+06   1.20e-29
  1.8916e+06   1.15e-29
  1.9693e+06   1.10e-29
  2.0501e+06   1.05e-29
  2.1343e+06   1.01e-29
  2.2219e+06   9.65e-30
  2.3131e+06   9.25e-30
  2.4081e+06   8.86e-30
  2.5070e+06   8.51e-30
  2.6099e+06   8.16e-30
  2.7170e+06   7.83e-30
  2.8286e+06   7.51e-30
  2.9447e+06   7.21e-30
  3.0656e+06   6.92e-30
  3.1914e+06   6.64e-30
  3.3225e+06   6.36e-30
  3.4589e+06   6.10e-30
  3.6008e+06   5.84e-30
  3.7487e+06   5.59e-30
  3.9026e+06   5.35e-30
  4.0628e+06   5.11e-30
  4.2296e+06   4.88e-30
  4.4032e+06   4.65e-30
  4.5840e+06   4.43e-30
  4.7722e+06   4.22e-30
  4.9681e+06   4.01e-30
  5.1720e+06   3.80e-30
  5.3844e+06   3.59e-30
  5.6054e+06   3.39e-30
  5.8355e+06   3.20e-30
  6.0751e+06   3.00e-30
  6.3245e+06   2.81e-30
  6.5841e+06   2.63e-30
  6.8544e+06   2.45e-30
  7.1358e+06   2.27e-30
  7.4288e+06   2.10e-30
  7.7338e+06   1.93e-30
  8.0513e+06   1.77e-30
  8.3818e+06   1.61e-30
  8.7259e+06   1.46e-30
  9.0841e+06   1.31e-30
  9.4571e+06   1.17e-30
  9.8453e+06   1.04e-30
  1.0249e+07   9.15e-31
  1.0670e+07   7.99e-31
  1.1108e+07   6.89e-31
  1.1564e+07   5.88e-31
  1.2039e+07   4.96e-31
  1.2533e+07   4.13e-31
  1.3048e+07   3.38e-31
  1.3584e+07   2.72e-31
  1.4141e+07   2.15e-31
  1.4722e+07   1.66e-31
  1.5326e+07   1.26e-31
  1.5955e+07   9.22e-32
  1.6610e+07   6.57e-32
  1.7292e+07   4.51e-32
  1.8002e+07   2.97e-32
  1.8741e+07   1.87e-32
  1.9511e+07   1.12e-32
  2.0312e+07   6.28e-33
  2.1145e+07   3.29e-33
  2.2013e+07   1.58e-33
  2.2917e+07   6.90e-34
  2.3858e+07   2.69e-34
  2.4837e+07   9.18e-35
  2.5857e+07   2.67e-35
  2.6919e+07   6.42e-36
  2.8024e+07   1.23e-36
  2.9174e+07   1.79e-37
  3.0372e+07   1.87e-38
  3.1619e+07   1.30e-39
  3.2917e+07   5.46e-41
  3.4268e+07   1.24e-42
  3.5675e+07   1.31e-44
  3.7140e+07   5.23e-47
  3.8664e+07   6.19e-50
  4.0252e+07   1.54e-53
  4.1904e+07   5.21e-58
  4.3624e+07   1.31e-63
  4.5415e+07   1.10e-70
  4.7280e+07   3.79e-71
  4.9221e+07   3.35e-71
  5.1241e+07   2.94e-71
  5.3345e+07   2.57e-71
  5.5535e+07   2.24e-71
  5.7815e+07   1.94e-71
  6.0188e+07   1.66e-71
  6.2659e+07   1.44e-71
  6.5232e+07   1.23e-71
  6.7910e+07   1.05e-71
  7.0698e+07   9.07e-72
  7.3600e+07   7.75e-72
  7.6621e+07   6.63e-72
  7.9767e+07   5.81e-72
  8.3042e+07   5.05e-72
  8.6451e+07   4.46e-72
  9.0000e+07   4.07e-72
