#  E [MeV]   Flux [# cm^{-2} s^{-1}  MeV^{-1}]
  3.0000e+04   2.00e-18
  3.0411e+04   1.93e-18
  3.0828e+04   1.86e-18
  3.1250e+04   1.79e-18
  3.1678e+04   1.73e-18
  3.2112e+04   1.67e-18
  3.2552e+04   1.62e-18
  3.2998e+04   1.56e-18
  3.3450e+04   1.51e-18
  3.3909e+04   1.45e-18
  3.4373e+04   1.40e-18
  3.4844e+04   1.35e-18
  3.5322e+04   1.30e-18
  3.5806e+04   1.25e-18
  3.6296e+04   1.21e-18
  3.6794e+04   1.17e-18
  3.7298e+04   1.12e-18
  3.7809e+04   1.08e-18
  3.8327e+04   1.04e-18
  3.8852e+04   1.00e-18
  3.9384e+04   9.63e-19
  3.9924e+04   9.29e-19
  4.0471e+04   8.95e-19
  4.1025e+04   8.62e-19
  4.1587e+04   8.29e-19
  4.2157e+04   7.98e-19
  4.2735e+04   7.67e-19
  4.3320e+04   7.37e-19
  4.3914e+04   7.07e-19
  4.4516e+04   6.80e-19
  4.5125e+04   6.54e-19
  4.5744e+04   6.29e-19
  4.6370e+04   6.05e-19
  4.7006e+04   5.81e-19
  4.7650e+04   5.57e-19
  4.8303e+04   5.35e-19
  4.8965e+04   5.12e-19
  4.9635e+04   4.91e-19
  5.0315e+04   4.72e-19
  5.1005e+04   4.53e-19
  5.1704e+04   4.35e-19
  5.2412e+04   4.18e-19
  5.3130e+04   4.00e-19
  5.3858e+04   3.83e-19
  5.4596e+04   3.67e-19
  5.5344e+04   3.51e-19
  5.6102e+04   3.36e-19
  5.6871e+04   3.23e-19
  5.7650e+04   3.10e-19
  5.8440e+04   2.97e-19
  5.9241e+04   2.84e-19
  6.0053e+04   2.72e-19
  6.0875e+04   2.60e-19
  6.1709e+04   2.48e-19
  6.2555e+04   2.37e-19
  6.3412e+04   2.27e-19
  6.4281e+04   2.17e-19
  6.5162e+04   2.08e-19
  6.6054e+04   1.99e-19
  6.6959e+04   1.90e-19
  6.7877e+04   1.81e-19
  6.8807e+04   1.73e-19
  6.9750e+04   1.65e-19
  7.0705e+04   1.58e-19
  7.1674e+04   1.51e-19
  7.2656e+04   1.44e-19
  7.3652e+04   1.38e-19
  7.4661e+04   1.31e-19
  7.5684e+04   1.25e-19
  7.6721e+04   1.19e-19
  7.7772e+04   1.13e-19
  7.8837e+04   1.08e-19
  7.9917e+04   1.03e-19
  8.1012e+04   9.85e-20
  8.2122e+04   9.40e-20
  8.3248e+04   8.96e-20
  8.4388e+04   8.53e-20
  8.5544e+04   8.11e-20
  8.6717e+04   7.70e-20
  8.7905e+04   7.29e-20
  8.9109e+04   6.96e-20
  9.0330e+04   6.64e-20
  9.1568e+04   6.32e-20
  9.2822e+04   6.02e-20
  9.4094e+04   5.72e-20
  9.5383e+04   5.42e-20
  9.6690e+04   5.14e-20
  9.8015e+04   4.86e-20
  9.9358e+04   4.61e-20
  1.0072e+05   4.39e-20
  1.0210e+05   4.18e-20
  1.0350e+05   3.97e-20
  1.0492e+05   3.77e-20
  1.0635e+05   3.57e-20
  1.0781e+05   3.38e-20
  1.0929e+05   3.19e-20
  1.1079e+05   3.00e-20
  1.1230e+05   2.86e-20
  1.1384e+05   2.72e-20
  1.1540e+05   2.58e-20
  1.1698e+05   2.45e-20
  1.1859e+05   2.31e-20
  1.2021e+05   2.19e-20
  1.2186e+05   2.06e-20
  1.2353e+05   1.94e-20
  1.2522e+05   1.83e-20
  1.2694e+05   1.74e-20
  1.2867e+05   1.65e-20
  1.3044e+05   1.56e-20
  1.3222e+05   1.48e-20
  1.3404e+05   1.39e-20
  1.3587e+05   1.31e-20
  1.3773e+05   1.23e-20
  1.3962e+05   1.15e-20
  1.4153e+05   1.10e-20
  1.4347e+05   1.04e-20
  1.4544e+05   9.82e-21
  1.4743e+05   9.27e-21
  1.4945e+05   8.73e-21
  1.5150e+05   8.21e-21
  1.5358e+05   7.70e-21
  1.5568e+05   7.20e-21
  1.5781e+05   6.78e-21
  1.5997e+05   6.42e-21
  1.6217e+05   6.07e-21
  1.6439e+05   5.73e-21
  1.6664e+05   5.39e-21
  1.6892e+05   5.06e-21
  1.7124e+05   4.74e-21
  1.7358e+05   4.43e-21
  1.7596e+05   4.14e-21
  1.7837e+05   3.92e-21
  1.8082e+05   3.70e-21
  1.8330e+05   3.49e-21
  1.8581e+05   3.28e-21
  1.8835e+05   3.08e-21
  1.9093e+05   2.89e-21
  1.9355e+05   2.69e-21
  1.9620e+05   2.51e-21
  1.9889e+05   2.36e-21
  2.0161e+05   2.23e-21
  2.0438e+05   2.10e-21
  2.0718e+05   1.97e-21
  2.1002e+05   1.85e-21
  2.1289e+05   1.73e-21
  2.1581e+05   1.62e-21
  2.1877e+05   1.50e-21
  2.2176e+05   1.40e-21
  2.2480e+05   1.32e-21
  2.2788e+05   1.25e-21
  2.3101e+05   1.17e-21
  2.3417e+05   1.10e-21
  2.3738e+05   1.03e-21
  2.4063e+05   9.64e-22
  2.4393e+05   8.98e-22
  2.4727e+05   8.33e-22
  2.5066e+05   7.84e-22
  2.5409e+05   7.40e-22
  2.5757e+05   6.97e-22
  2.6110e+05   6.55e-22
  2.6468e+05   6.14e-22
  2.6831e+05   5.74e-22
  2.7198e+05   5.36e-22
  2.7571e+05   4.98e-22
  2.7949e+05   4.64e-22
  2.8332e+05   4.38e-22
  2.8720e+05   4.12e-22
  2.9113e+05   3.87e-22
  2.9512e+05   3.63e-22
  2.9917e+05   3.40e-22
  3.0327e+05   3.16e-22
  3.0742e+05   2.94e-22
  3.1163e+05   2.72e-22
  3.1590e+05   2.55e-22
  3.2023e+05   2.40e-22
  3.2462e+05   2.25e-22
  3.2907e+05   2.10e-22
  3.3357e+05   1.96e-22
  3.3814e+05   1.82e-22
  3.4278e+05   1.68e-22
  3.4747e+05   1.55e-22
  3.5223e+05   1.43e-22
  3.5706e+05   1.33e-22
  3.6195e+05   1.24e-22
  3.6691e+05   1.15e-22
  3.7194e+05   1.06e-22
  3.7704e+05   9.72e-23
  3.8220e+05   8.88e-23
  3.8744e+05   8.05e-23
  3.9275e+05   7.25e-23
  3.9813e+05   6.66e-23
  4.0358e+05   6.10e-23
  4.0911e+05   5.56e-23
  4.1472e+05   5.03e-23
  4.2040e+05   4.51e-23
  4.2616e+05   4.01e-23
  4.3200e+05   3.52e-23
  4.3792e+05   3.04e-23
  4.4392e+05   2.70e-23
  4.5000e+05   2.52e-23
