#  E [GeV]   # per interaction  [GeV^{-1}]
  3.0000e+01   2.70e-02
  3.1141e+01   2.60e-02
  3.2326e+01   2.50e-02
  3.3556e+01   2.40e-02
  3.4832e+01   2.31e-02
  3.6157e+01   2.22e-02
  3.7533e+01   2.14e-02
  3.8961e+01   2.05e-02
  4.0443e+01   1.97e-02
  4.1982e+01   1.89e-02
  4.3579e+01   1.82e-02
  4.5237e+01   1.74e-02
  4.6958e+01   1.67e-02
  4.8744e+01   1.61e-02
  5.0598e+01   1.54e-02
  5.2523e+01   1.48e-02
  5.4521e+01   1.42e-02
  5.6596e+01   1.36e-02
  5.8749e+01   1.30e-02
  6.0984e+01   1.25e-02
  6.3304e+01   1.19e-02
  6.5712e+01   1.14e-02
  6.8212e+01   1.09e-02
  7.0807e+01   1.05e-02
  7.3500e+01   1.00e-02
  7.6297e+01   9.59e-03
  7.9199e+01   9.17e-03
  8.2212e+01   8.76e-03
  8.5340e+01   8.38e-03
  8.8586e+01   8.00e-03
  9.1956e+01   7.64e-03
  9.5455e+01   7.30e-03
  9.9086e+01   6.97e-03
  1.0286e+02   6.65e-03
  1.0677e+02   6.35e-03
  1.1083e+02   6.05e-03
  1.1505e+02   5.77e-03
  1.1942e+02   5.50e-03
  1.2397e+02   5.24e-03
  1.2868e+02   5.00e-03
  1.3358e+02   4.76e-03
  1.3866e+02   4.53e-03
  1.4394e+02   4.31e-03
  1.4941e+02   4.10e-03
  1.5509e+02   3.90e-03
  1.6100e+02   3.71e-03
  1.6712e+02   3.52e-03
  1.7348e+02   3.35e-03
  1.8008e+02   3.18e-03
  1.8693e+02   3.02e-03
  1.9404e+02   2.86e-03
  2.0142e+02   2.72e-03
  2.0908e+02   2.58e-03
  2.1704e+02   2.44e-03
  2.2529e+02   2.31e-03
  2.3387e+02   2.19e-03
  2.4276e+02   2.07e-03
  2.5200e+02   1.96e-03
  2.6158e+02   1.85e-03
  2.7154e+02   1.75e-03
  2.8187e+02   1.66e-03
  2.9259e+02   1.56e-03
  3.0372e+02   1.47e-03
  3.1527e+02   1.39e-03
  3.2727e+02   1.31e-03
  3.3972e+02   1.24e-03
  3.5264e+02   1.16e-03
  3.6606e+02   1.10e-03
  3.7998e+02   1.03e-03
  3.9444e+02   9.71e-04
  4.0945e+02   9.12e-04
  4.2502e+02   8.57e-04
  4.4119e+02   8.05e-04
  4.5798e+02   7.56e-04
  4.7540e+02   7.09e-04
  4.9348e+02   6.65e-04
  5.1226e+02   6.23e-04
  5.3175e+02   5.84e-04
  5.5198e+02   5.47e-04
  5.7297e+02   5.12e-04
  5.9477e+02   4.80e-04
  6.1740e+02   4.49e-04
  6.4089e+02   4.20e-04
  6.6527e+02   3.93e-04
  6.9058e+02   3.67e-04
  7.1685e+02   3.43e-04
  7.4412e+02   3.21e-04
  7.7243e+02   2.99e-04
  8.0181e+02   2.80e-04
  8.3232e+02   2.61e-04
  8.6398e+02   2.44e-04
  8.9685e+02   2.28e-04
  9.3097e+02   2.13e-04
  9.6638e+02   1.99e-04
  1.0031e+03   1.86e-04
  1.0413e+03   1.74e-04
  1.0809e+03   1.63e-04
  1.1220e+03   1.52e-04
  1.1647e+03   1.42e-04
  1.2090e+03   1.33e-04
  1.2550e+03   1.24e-04
  1.3028e+03   1.16e-04
  1.3523e+03   1.09e-04
  1.4038e+03   1.02e-04
  1.4572e+03   9.55e-05
  1.5126e+03   8.95e-05
  1.5702e+03   8.39e-05
  1.6299e+03   7.87e-05
  1.6919e+03   7.37e-05
  1.7563e+03   6.92e-05
  1.8231e+03   6.49e-05
  1.8925e+03   6.09e-05
  1.9645e+03   5.72e-05
  2.0392e+03   5.37e-05
  2.1168e+03   5.05e-05
  2.1973e+03   4.74e-05
  2.2809e+03   4.46e-05
  2.3677e+03   4.19e-05
  2.4577e+03   3.94e-05
  2.5512e+03   3.71e-05
  2.6483e+03   3.49e-05
  2.7490e+03   3.28e-05
  2.8536e+03   3.09e-05
  2.9622e+03   2.91e-05
  3.0749e+03   2.74e-05
  3.1918e+03   2.58e-05
  3.3133e+03   2.43e-05
  3.4393e+03   2.29e-05
  3.5702e+03   2.16e-05
  3.7060e+03   2.03e-05
  3.8470e+03   1.91e-05
  3.9933e+03   1.80e-05
  4.1452e+03   1.70e-05
  4.3029e+03   1.60e-05
  4.4666e+03   1.50e-05
  4.6366e+03   1.41e-05
  4.8129e+03   1.33e-05
  4.9960e+03   1.25e-05
  5.1861e+03   1.17e-05
  5.3834e+03   1.10e-05
  5.5882e+03   1.03e-05
  5.8008e+03   9.69e-06
  6.0215e+03   9.08e-06
  6.2506e+03   8.50e-06
  6.4883e+03   7.95e-06
  6.7352e+03   7.42e-06
  6.9914e+03   6.92e-06
  7.2574e+03   6.44e-06
  7.5335e+03   5.99e-06
  7.8201e+03   5.56e-06
  8.1176e+03   5.15e-06
  8.4264e+03   4.76e-06
  8.7470e+03   4.38e-06
  9.0797e+03   4.03e-06
  9.4251e+03   3.69e-06
  9.7837e+03   3.37e-06
  1.0156e+04   3.06e-06
  1.0542e+04   2.78e-06
  1.0943e+04   2.50e-06
  1.1360e+04   2.25e-06
  1.1792e+04   2.01e-06
  1.2240e+04   1.78e-06
  1.2706e+04   1.57e-06
  1.3189e+04   1.37e-06
  1.3691e+04   1.19e-06
  1.4212e+04   1.02e-06
  1.4753e+04   8.65e-07
  1.5314e+04   7.26e-07
  1.5897e+04   6.01e-07
  1.6501e+04   4.90e-07
  1.7129e+04   3.93e-07
  1.7781e+04   3.09e-07
  1.8457e+04   2.38e-07
  1.9159e+04   1.78e-07
  1.9888e+04   1.30e-07
  2.0645e+04   9.16e-08
  2.1430e+04   6.22e-08
  2.2245e+04   4.04e-08
  2.3092e+04   2.50e-08
  2.3970e+04   1.45e-08
  2.4882e+04   7.90e-09
  2.5829e+04   3.96e-09
  2.6811e+04   1.80e-09
  2.7831e+04   7.33e-10
  2.8890e+04   2.61e-10
  2.9989e+04   7.88e-11
  3.1130e+04   1.96e-11
  3.2314e+04   3.86e-12
  3.3544e+04   5.71e-13
  3.4820e+04   5.96e-14
  3.6144e+04   4.05e-15
  3.7519e+04   1.62e-16
  3.8947e+04   3.33e-18
  4.0428e+04   2.98e-20
  4.1966e+04   9.30e-23
  4.3563e+04   7.60e-26
  4.5220e+04   1.11e-29
  4.6941e+04   1.73e-34
  4.8726e+04   1.47e-40
  5.0580e+04   9.29e-47
