#  E [MeV]   Flux [# cm^{-2} s^{-1}  MeV^{-1}]
  3.0000e+04   1.53e-26
  3.1141e+04   1.47e-26
  3.2326e+04   1.42e-26
  3.3556e+04   1.36e-26
  3.4832e+04   1.31e-26
  3.6157e+04   1.26e-26
  3.7533e+04   1.21e-26
  3.8961e+04   1.16e-26
  4.0443e+04   1.12e-26
  4.1982e+04   1.07e-26
  4.3579e+04   1.03e-26
  4.5237e+04   9.88e-27
  4.6958e+04   9.48e-27
  4.8744e+04   9.10e-27
  5.0598e+04   8.73e-27
  5.2523e+04   8.37e-27
  5.4521e+04   8.02e-27
  5.6596e+04   7.69e-27
  5.8749e+04   7.37e-27
  6.0984e+04   7.06e-27
  6.3304e+04   6.76e-27
  6.5712e+04   6.48e-27
  6.8212e+04   6.20e-27
  7.0807e+04   5.93e-27
  7.3500e+04   5.68e-27
  7.6297e+04   5.43e-27
  7.9199e+04   5.20e-27
  8.2212e+04   4.97e-27
  8.5340e+04   4.75e-27
  8.8586e+04   4.54e-27
  9.1956e+04   4.33e-27
  9.5455e+04   4.14e-27
  9.9086e+04   3.95e-27
  1.0286e+05   3.77e-27
  1.0677e+05   3.60e-27
  1.1083e+05   3.43e-27
  1.1505e+05   3.27e-27
  1.1942e+05   3.12e-27
  1.2397e+05   2.97e-27
  1.2868e+05   2.83e-27
  1.3358e+05   2.70e-27
  1.3866e+05   2.57e-27
  1.4394e+05   2.44e-27
  1.4941e+05   2.32e-27
  1.5509e+05   2.21e-27
  1.6100e+05   2.10e-27
  1.6712e+05   2.00e-27
  1.7348e+05   1.90e-27
  1.8008e+05   1.80e-27
  1.8693e+05   1.71e-27
  1.9404e+05   1.62e-27
  2.0142e+05   1.54e-27
  2.0908e+05   1.46e-27
  2.1704e+05   1.38e-27
  2.2529e+05   1.31e-27
  2.3387e+05   1.24e-27
  2.4276e+05   1.17e-27
  2.5200e+05   1.11e-27
  2.6158e+05   1.05e-27
  2.7154e+05   9.93e-28
  2.8187e+05   9.38e-28
  2.9259e+05   8.86e-28
  3.0372e+05   8.36e-28
  3.1527e+05   7.88e-28
  3.2727e+05   7.43e-28
  3.3972e+05   7.01e-28
  3.5264e+05   6.60e-28
  3.6606e+05   6.21e-28
  3.7998e+05   5.85e-28
  3.9444e+05   5.50e-28
  4.0945e+05   5.17e-28
  4.2502e+05   4.86e-28
  4.4119e+05   4.56e-28
  4.5798e+05   4.28e-28
  4.7540e+05   4.02e-28
  4.9348e+05   3.77e-28
  5.1226e+05   3.53e-28
  5.3175e+05   3.31e-28
  5.5198e+05   3.10e-28
  5.7297e+05   2.90e-28
  5.9477e+05   2.72e-28
  6.1740e+05   2.54e-28
  6.4089e+05   2.38e-28
  6.6527e+05   2.23e-28
  6.9058e+05   2.08e-28
  7.1685e+05   1.94e-28
  7.4412e+05   1.82e-28
  7.7243e+05   1.70e-28
  8.0181e+05   1.59e-28
  8.3232e+05   1.48e-28
  8.6398e+05   1.38e-28
  8.9685e+05   1.29e-28
  9.3097e+05   1.21e-28
  9.6638e+05   1.13e-28
  1.0031e+06   1.06e-28
  1.0413e+06   9.86e-29
  1.0809e+06   9.22e-29
  1.1220e+06   8.62e-29
  1.1647e+06   8.06e-29
  1.2090e+06   7.53e-29
  1.2550e+06   7.05e-29
  1.3028e+06   6.60e-29
  1.3523e+06   6.17e-29
  1.4038e+06   5.78e-29
  1.4572e+06   5.41e-29
  1.5126e+06   5.07e-29
  1.5702e+06   4.75e-29
  1.6299e+06   4.46e-29
  1.6919e+06   4.18e-29
  1.7563e+06   3.92e-29
  1.8231e+06   3.68e-29
  1.8925e+06   3.45e-29
  1.9645e+06   3.24e-29
  2.0392e+06   3.05e-29
  2.1168e+06   2.86e-29
  2.1973e+06   2.69e-29
  2.2809e+06   2.53e-29
  2.3677e+06   2.38e-29
  2.4577e+06   2.23e-29
  2.5512e+06   2.10e-29
  2.6483e+06   1.98e-29
  2.7490e+06   1.86e-29
  2.8536e+06   1.75e-29
  2.9622e+06   1.65e-29
  3.0749e+06   1.55e-29
  3.1918e+06   1.46e-29
  3.3133e+06   1.38e-29
  3.4393e+06   1.30e-29
  3.5702e+06   1.22e-29
  3.7060e+06   1.15e-29
  3.8470e+06   1.08e-29
  3.9933e+06   1.02e-29
  4.1452e+06   9.61e-30
  4.3029e+06   9.04e-30
  4.4666e+06   8.51e-30
  4.6366e+06   8.01e-30
  4.8129e+06   7.53e-30
  4.9960e+06   7.08e-30
  5.1861e+06   6.65e-30
  5.3834e+06   6.24e-30
  5.5882e+06   5.86e-30
  5.8008e+06   5.49e-30
  6.0215e+06   5.14e-30
  6.2506e+06   4.82e-30
  6.4883e+06   4.50e-30
  6.7352e+06   4.20e-30
  6.9914e+06   3.92e-30
  7.2574e+06   3.65e-30
  7.5335e+06   3.39e-30
  7.8201e+06   3.15e-30
  8.1176e+06   2.92e-30
  8.4264e+06   2.69e-30
  8.7470e+06   2.48e-30
  9.0797e+06   2.28e-30
  9.4251e+06   2.09e-30
  9.7837e+06   1.91e-30
  1.0156e+07   1.74e-30
  1.0542e+07   1.57e-30
  1.0943e+07   1.42e-30
  1.1360e+07   1.27e-30
  1.1792e+07   1.14e-30
  1.2240e+07   1.01e-30
  1.2706e+07   8.88e-31
  1.3189e+07   7.76e-31
  1.3691e+07   6.72e-31
  1.4212e+07   5.77e-31
  1.4753e+07   4.90e-31
  1.5314e+07   4.11e-31
  1.5897e+07   3.40e-31
  1.6501e+07   2.78e-31
  1.7129e+07   2.23e-31
  1.7781e+07   1.75e-31
  1.8457e+07   1.35e-31
  1.9159e+07   1.01e-31
  1.9888e+07   7.36e-32
  2.0645e+07   5.19e-32
  2.1430e+07   3.53e-32
  2.2245e+07   2.29e-32
  2.3092e+07   1.42e-32
  2.3970e+07   8.24e-33
  2.4882e+07   4.48e-33
  2.5829e+07   2.24e-33
  2.6811e+07   1.02e-33
  2.7831e+07   4.16e-34
  2.8890e+07   1.48e-34
  2.9989e+07   4.46e-35
  3.1130e+07   1.11e-35
  3.2314e+07   2.19e-36
  3.3544e+07   3.24e-37
  3.4820e+07   3.38e-38
  3.6144e+07   2.30e-39
  3.7519e+07   9.17e-41
  3.8947e+07   1.89e-42
  4.0428e+07   1.69e-44
  4.1966e+07   5.27e-47
  4.3563e+07   4.31e-50
  4.5220e+07   6.28e-54
  4.6941e+07   9.83e-59
  4.8726e+07   8.33e-65
  5.0580e+07   5.26e-71
