#  E [MeV]   Flux [# cm^{-2} s^{-1}  MeV^{-1}]
  3.0000e+04   1.50e-19
  3.0943e+04   1.45e-19
  3.1916e+04   1.41e-19
  3.2920e+04   1.36e-19
  3.3955e+04   1.31e-19
  3.5023e+04   1.27e-19
  3.6124e+04   1.23e-19
  3.7260e+04   1.18e-19
  3.8432e+04   1.14e-19
  3.9640e+04   1.10e-19
  4.0887e+04   1.06e-19
  4.2172e+04   1.03e-19
  4.3499e+04   9.92e-20
  4.4866e+04   9.57e-20
  4.6277e+04   9.23e-20
  4.7732e+04   8.90e-20
  4.9233e+04   8.58e-20
  5.0781e+04   8.27e-20
  5.2378e+04   7.97e-20
  5.4025e+04   7.68e-20
  5.5724e+04   7.40e-20
  5.7476e+04   7.12e-20
  5.9284e+04   6.86e-20
  6.1148e+04   6.60e-20
  6.3071e+04   6.35e-20
  6.5054e+04   6.11e-20
  6.7100e+04   5.88e-20
  6.9210e+04   5.66e-20
  7.1386e+04   5.44e-20
  7.3631e+04   5.23e-20
  7.5946e+04   5.02e-20
  7.8334e+04   4.83e-20
  8.0797e+04   4.63e-20
  8.3338e+04   4.45e-20
  8.5959e+04   4.27e-20
  8.8662e+04   4.10e-20
  9.1450e+04   3.93e-20
  9.4325e+04   3.77e-20
  9.7291e+04   3.62e-20
  1.0035e+05   3.47e-20
  1.0351e+05   3.32e-20
  1.0676e+05   3.18e-20
  1.1012e+05   3.05e-20
  1.1358e+05   2.92e-20
  1.1715e+05   2.79e-20
  1.2084e+05   2.67e-20
  1.2464e+05   2.55e-20
  1.2856e+05   2.44e-20
  1.3260e+05   2.33e-20
  1.3677e+05   2.23e-20
  1.4107e+05   2.13e-20
  1.4550e+05   2.03e-20
  1.5008e+05   1.94e-20
  1.5480e+05   1.85e-20
  1.5967e+05   1.77e-20
  1.6469e+05   1.68e-20
  1.6987e+05   1.60e-20
  1.7521e+05   1.53e-20
  1.8072e+05   1.46e-20
  1.8640e+05   1.39e-20
  1.9226e+05   1.32e-20
  1.9831e+05   1.25e-20
  2.0454e+05   1.19e-20
  2.1097e+05   1.13e-20
  2.1761e+05   1.08e-20
  2.2445e+05   1.02e-20
  2.3151e+05   9.71e-21
  2.3879e+05   9.22e-21
  2.4630e+05   8.74e-21
  2.5404e+05   8.29e-21
  2.6203e+05   7.86e-21
  2.7027e+05   7.45e-21
  2.7877e+05   7.05e-21
  2.8753e+05   6.68e-21
  2.9657e+05   6.32e-21
  3.0590e+05   5.97e-21
  3.1552e+05   5.65e-21
  3.2544e+05   5.34e-21
  3.3567e+05   5.04e-21
  3.4623e+05   4.76e-21
  3.5712e+05   4.49e-21
  3.6835e+05   4.23e-21
  3.7993e+05   3.99e-21
  3.9188e+05   3.75e-21
  4.0420e+05   3.54e-21
  4.1691e+05   3.33e-21
  4.3002e+05   3.13e-21
  4.4354e+05   2.94e-21
  4.5749e+05   2.76e-21
  4.7187e+05   2.59e-21
  4.8671e+05   2.43e-21
  5.0202e+05   2.28e-21
  5.1780e+05   2.14e-21
  5.3409e+05   2.00e-21
  5.5088e+05   1.87e-21
  5.6820e+05   1.76e-21
  5.8607e+05   1.64e-21
  6.0450e+05   1.53e-21
  6.2351e+05   1.43e-21
  6.4311e+05   1.34e-21
  6.6334e+05   1.25e-21
  6.8419e+05   1.17e-21
  7.0571e+05   1.09e-21
  7.2790e+05   1.01e-21
  7.5079e+05   9.43e-22
  7.7440e+05   8.77e-22
  7.9875e+05   8.17e-22
  8.2387e+05   7.60e-22
  8.4977e+05   7.06e-22
  8.7649e+05   6.55e-22
  9.0405e+05   6.09e-22
  9.3248e+05   5.65e-22
  9.6180e+05   5.24e-22
  9.9205e+05   4.86e-22
  1.0232e+06   4.51e-22
  1.0554e+06   4.17e-22
  1.0886e+06   3.86e-22
  1.1228e+06   3.58e-22
  1.1581e+06   3.31e-22
  1.1946e+06   3.06e-22
  1.2321e+06   2.82e-22
  1.2709e+06   2.61e-22
  1.3108e+06   2.41e-22
  1.3521e+06   2.22e-22
  1.3946e+06   2.05e-22
  1.4384e+06   1.89e-22
  1.4837e+06   1.74e-22
  1.5303e+06   1.60e-22
  1.5784e+06   1.47e-22
  1.6281e+06   1.35e-22
  1.6793e+06   1.24e-22
  1.7321e+06   1.14e-22
  1.7865e+06   1.05e-22
  1.8427e+06   9.59e-23
  1.9006e+06   8.78e-23
  1.9604e+06   8.02e-23
  2.0221e+06   7.36e-23
  2.0856e+06   6.73e-23
  2.1512e+06   6.13e-23
  2.2189e+06   5.60e-23
  2.2886e+06   5.12e-23
  2.3606e+06   4.66e-23
  2.4348e+06   4.23e-23
  2.5114e+06   3.85e-23
  2.5904e+06   3.51e-23
  2.6718e+06   3.18e-23
  2.7558e+06   2.87e-23
  2.8425e+06   2.61e-23
  2.9319e+06   2.36e-23
  3.0241e+06   2.13e-23
  3.1192e+06   1.92e-23
  3.2173e+06   1.73e-23
  3.3184e+06   1.56e-23
  3.4228e+06   1.39e-23
  3.5304e+06   1.25e-23
  3.6414e+06   1.13e-23
  3.7559e+06   1.01e-23
  3.8740e+06   8.92e-24
  3.9958e+06   8.00e-24
  4.1215e+06   7.14e-24
  4.2511e+06   6.33e-24
  4.3848e+06   5.59e-24
  4.5227e+06   4.99e-24
  4.6649e+06   4.42e-24
  4.8116e+06   3.88e-24
  4.9629e+06   3.42e-24
  5.1189e+06   3.02e-24
  5.2799e+06   2.65e-24
  5.4459e+06   2.30e-24
  5.6171e+06   2.02e-24
  5.7938e+06   1.77e-24
  5.9760e+06   1.53e-24
  6.1639e+06   1.32e-24
  6.3577e+06   1.15e-24
  6.5576e+06   9.96e-25
  6.7638e+06   8.51e-25
  6.9765e+06   7.27e-25
  7.1959e+06   6.30e-25
  7.4222e+06   5.39e-25
  7.6556e+06   4.54e-25
  7.8963e+06   3.87e-25
  8.1446e+06   3.32e-25
  8.4007e+06   2.80e-25
  8.6649e+06   2.32e-25
  8.9373e+06   1.98e-25
  9.2184e+06   1.67e-25
  9.5082e+06   1.38e-25
  9.8072e+06   1.14e-25
  1.0116e+07   9.59e-26
  1.0434e+07   7.95e-26
  1.0762e+07   6.46e-26
  1.1100e+07   5.27e-26
  1.1449e+07   4.33e-26
  1.1809e+07   3.49e-26
  1.2181e+07   2.74e-26
  1.2564e+07   2.17e-26
  1.2959e+07   1.71e-26
  1.3366e+07   1.29e-26
  1.3786e+07   9.38e-27
  1.4220e+07   7.13e-27
