#  E [MeV]   Flux [# cm^{-2} s^{-1}  MeV^{-1}]
  3.0000e+04   8.84e-20
  3.0943e+04   8.55e-20
  3.1916e+04   8.27e-20
  3.2920e+04   8.00e-20
  3.3955e+04   7.74e-20
  3.5023e+04   7.48e-20
  3.6124e+04   7.23e-20
  3.7260e+04   6.98e-20
  3.8432e+04   6.75e-20
  3.9640e+04   6.52e-20
  4.0887e+04   6.29e-20
  4.2172e+04   6.08e-20
  4.3499e+04   5.87e-20
  4.4866e+04   5.66e-20
  4.6277e+04   5.46e-20
  4.7732e+04   5.27e-20
  4.9233e+04   5.08e-20
  5.0781e+04   4.90e-20
  5.2378e+04   4.72e-20
  5.4025e+04   4.55e-20
  5.5724e+04   4.38e-20
  5.7476e+04   4.22e-20
  5.9284e+04   4.06e-20
  6.1148e+04   3.91e-20
  6.3071e+04   3.76e-20
  6.5054e+04   3.62e-20
  6.7100e+04   3.48e-20
  6.9210e+04   3.35e-20
  7.1386e+04   3.22e-20
  7.3631e+04   3.09e-20
  7.5946e+04   2.97e-20
  7.8334e+04   2.85e-20
  8.0797e+04   2.74e-20
  8.3338e+04   2.63e-20
  8.5959e+04   2.52e-20
  8.8662e+04   2.42e-20
  9.1450e+04   2.32e-20
  9.4325e+04   2.22e-20
  9.7291e+04   2.13e-20
  1.0035e+05   2.04e-20
  1.0351e+05   1.95e-20
  1.0676e+05   1.87e-20
  1.1012e+05   1.79e-20
  1.1358e+05   1.71e-20
  1.1715e+05   1.63e-20
  1.2084e+05   1.56e-20
  1.2464e+05   1.49e-20
  1.2856e+05   1.42e-20
  1.3260e+05   1.36e-20
  1.3677e+05   1.29e-20
  1.4107e+05   1.23e-20
  1.4550e+05   1.17e-20
  1.5008e+05   1.12e-20
  1.5480e+05   1.07e-20
  1.5967e+05   1.01e-20
  1.6469e+05   9.65e-21
  1.6987e+05   9.17e-21
  1.7521e+05   8.72e-21
  1.8072e+05   8.28e-21
  1.8640e+05   7.86e-21
  1.9226e+05   7.46e-21
  1.9831e+05   7.07e-21
  2.0454e+05   6.71e-21
  2.1097e+05   6.36e-21
  2.1761e+05   6.02e-21
  2.2445e+05   5.70e-21
  2.3151e+05   5.40e-21
  2.3879e+05   5.10e-21
  2.4630e+05   4.83e-21
  2.5404e+05   4.56e-21
  2.6203e+05   4.31e-21
  2.7027e+05   4.07e-21
  2.7877e+05   3.84e-21
  2.8753e+05   3.62e-21
  2.9657e+05   3.41e-21
  3.0590e+05   3.21e-21
  3.1552e+05   3.02e-21
  3.2544e+05   2.85e-21
  3.3567e+05   2.68e-21
  3.4623e+05   2.51e-21
  3.5712e+05   2.36e-21
  3.6835e+05   2.21e-21
  3.7993e+05   2.07e-21
  3.9188e+05   1.94e-21
  4.0420e+05   1.82e-21
  4.1691e+05   1.70e-21
  4.3002e+05   1.59e-21
  4.4354e+05   1.49e-21
  4.5749e+05   1.39e-21
  4.7187e+05   1.30e-21
  4.8671e+05   1.21e-21
  5.0202e+05   1.13e-21
  5.1780e+05   1.05e-21
  5.3409e+05   9.74e-22
  5.5088e+05   9.06e-22
  5.6820e+05   8.42e-22
  5.8607e+05   7.82e-22
  6.0450e+05   7.25e-22
  6.2351e+05   6.72e-22
  6.4311e+05   6.23e-22
  6.6334e+05   5.77e-22
  6.8419e+05   5.33e-22
  7.0571e+05   4.93e-22
  7.2790e+05   4.56e-22
  7.5079e+05   4.20e-22
  7.7440e+05   3.87e-22
  7.9875e+05   3.57e-22
  8.2387e+05   3.29e-22
  8.4977e+05   3.03e-22
  8.7649e+05   2.79e-22
  9.0405e+05   2.56e-22
  9.3248e+05   2.36e-22
  9.6180e+05   2.16e-22
  9.9205e+05   1.98e-22
  1.0232e+06   1.82e-22
  1.0554e+06   1.67e-22
  1.0886e+06   1.53e-22
  1.1228e+06   1.40e-22
  1.1581e+06   1.28e-22
  1.1946e+06   1.17e-22
  1.2321e+06   1.07e-22
  1.2709e+06   9.78e-23
  1.3108e+06   8.93e-23
  1.3521e+06   8.13e-23
  1.3946e+06   7.42e-23
  1.4384e+06   6.77e-23
  1.4837e+06   6.15e-23
  1.5303e+06   5.58e-23
  1.5784e+06   5.09e-23
  1.6281e+06   4.63e-23
  1.6793e+06   4.20e-23
  1.7321e+06   3.80e-23
  1.7865e+06   3.46e-23
  1.8427e+06   3.13e-23
  1.9006e+06   2.83e-23
  1.9604e+06   2.56e-23
  2.0221e+06   2.32e-23
  2.0856e+06   2.10e-23
  2.1512e+06   1.89e-23
  2.2189e+06   1.71e-23
  2.2886e+06   1.55e-23
  2.3606e+06   1.39e-23
  2.4348e+06   1.25e-23
  2.5114e+06   1.13e-23
  2.5904e+06   1.02e-23
  2.6718e+06   9.10e-24
  2.7558e+06   8.15e-24
  2.8425e+06   7.35e-24
  2.9319e+06   6.59e-24
  3.0241e+06   5.87e-24
  3.1192e+06   5.26e-24
  3.2173e+06   4.72e-24
  3.3184e+06   4.21e-24
  3.4228e+06   3.73e-24
  3.5304e+06   3.34e-24
  3.6414e+06   2.98e-24
  3.7559e+06   2.65e-24
  3.8740e+06   2.34e-24
  3.9958e+06   2.09e-24
  4.1215e+06   1.86e-24
  4.2511e+06   1.64e-24
  4.3848e+06   1.45e-24
  4.5227e+06   1.29e-24
  4.6649e+06   1.15e-24
  4.8116e+06   1.00e-24
  4.9629e+06   8.91e-25
  5.1189e+06   7.90e-25
  5.2799e+06   6.95e-25
  5.4459e+06   6.06e-25
  5.6171e+06   5.39e-25
  5.7938e+06   4.76e-25
  5.9760e+06   4.17e-25
  6.1639e+06   3.64e-25
  6.3577e+06   3.21e-25
  6.5576e+06   2.80e-25
  6.7638e+06   2.43e-25
  6.9765e+06   2.12e-25
  7.1959e+06   1.86e-25
  7.4222e+06   1.62e-25
  7.6556e+06   1.40e-25
  7.8963e+06   1.23e-25
  8.1446e+06   1.08e-25
  8.4007e+06   9.36e-26
  8.6649e+06   8.11e-26
  8.9373e+06   7.20e-26
  9.2184e+06   6.35e-26
  9.5082e+06   5.56e-26
  9.8072e+06   4.90e-26
  1.0116e+07   4.36e-26
  1.0434e+07   3.86e-26
  1.0762e+07   3.41e-26
  1.1100e+07   3.04e-26
  1.1449e+07   2.73e-26
  1.1809e+07   2.44e-26
  1.2181e+07   2.17e-26
  1.2564e+07   1.94e-26
  1.2959e+07   1.73e-26
  1.3366e+07   1.54e-26
  1.3786e+07   1.36e-26
  1.4220e+07   1.20e-26
