#  E [MeV]   Flux [# cm^{-2} s^{-1}  MeV^{-1}]
  3.0000e+04   1.57e-21
  3.1033e+04   1.52e-21
  3.2102e+04   1.46e-21
  3.3207e+04   1.41e-21
  3.4350e+04   1.35e-21
  3.5533e+04   1.30e-21
  3.6757e+04   1.26e-21
  3.8022e+04   1.21e-21
  3.9332e+04   1.16e-21
  4.0686e+04   1.12e-21
  4.2087e+04   1.08e-21
  4.3536e+04   1.03e-21
  4.5035e+04   9.95e-22
  4.6586e+04   9.56e-22
  4.8190e+04   9.19e-22
  4.9850e+04   8.83e-22
  5.1566e+04   8.49e-22
  5.3342e+04   8.16e-22
  5.5178e+04   7.84e-22
  5.7078e+04   7.53e-22
  5.9044e+04   7.23e-22
  6.1077e+04   6.95e-22
  6.3180e+04   6.67e-22
  6.5356e+04   6.41e-22
  6.7606e+04   6.15e-22
  6.9934e+04   5.90e-22
  7.2342e+04   5.67e-22
  7.4833e+04   5.44e-22
  7.7410e+04   5.22e-22
  8.0075e+04   5.01e-22
  8.2833e+04   4.81e-22
  8.5685e+04   4.61e-22
  8.8635e+04   4.42e-22
  9.1687e+04   4.24e-22
  9.4844e+04   4.07e-22
  9.8110e+04   3.90e-22
  1.0149e+05   3.75e-22
  1.0498e+05   3.59e-22
  1.0860e+05   3.44e-22
  1.1234e+05   3.30e-22
  1.1621e+05   3.17e-22
  1.2021e+05   3.04e-22
  1.2435e+05   2.91e-22
  1.2863e+05   2.79e-22
  1.3306e+05   2.68e-22
  1.3764e+05   2.57e-22
  1.4238e+05   2.46e-22
  1.4728e+05   2.36e-22
  1.5235e+05   2.27e-22
  1.5760e+05   2.17e-22
  1.6302e+05   2.08e-22
  1.6864e+05   2.00e-22
  1.7445e+05   1.92e-22
  1.8045e+05   1.84e-22
  1.8667e+05   1.76e-22
  1.9309e+05   1.69e-22
  1.9974e+05   1.62e-22
  2.0662e+05   1.55e-22
  2.1373e+05   1.49e-22
  2.2109e+05   1.43e-22
  2.2871e+05   1.37e-22
  2.3658e+05   1.31e-22
  2.4473e+05   1.26e-22
  2.5316e+05   1.21e-22
  2.6187e+05   1.16e-22
  2.7089e+05   1.11e-22
  2.8022e+05   1.06e-22
  2.8987e+05   1.02e-22
  2.9985e+05   9.75e-23
  3.1017e+05   9.35e-23
  3.2085e+05   8.95e-23
  3.3190e+05   8.57e-23
  3.4333e+05   8.21e-23
  3.5515e+05   7.87e-23
  3.6738e+05   7.53e-23
  3.8003e+05   7.21e-23
  3.9312e+05   6.90e-23
  4.0665e+05   6.60e-23
  4.2066e+05   6.31e-23
  4.3514e+05   6.04e-23
  4.5013e+05   5.78e-23
  4.6562e+05   5.52e-23
  4.8166e+05   5.28e-23
  4.9824e+05   5.04e-23
  5.1540e+05   4.82e-23
  5.3315e+05   4.60e-23
  5.5150e+05   4.40e-23
  5.7050e+05   4.20e-23
  5.9014e+05   4.01e-23
  6.1046e+05   3.83e-23
  6.3148e+05   3.66e-23
  6.5322e+05   3.49e-23
  6.7572e+05   3.34e-23
  6.9898e+05   3.19e-23
  7.2305e+05   3.04e-23
  7.4795e+05   2.91e-23
  7.7371e+05   2.78e-23
  8.0035e+05   2.65e-23
  8.2791e+05   2.53e-23
  8.5641e+05   2.42e-23
  8.8590e+05   2.31e-23
  9.1641e+05   2.21e-23
  9.4796e+05   2.12e-23
  9.8061e+05   2.03e-23
  1.0144e+06   1.94e-23
  1.0493e+06   1.86e-23
  1.0854e+06   1.78e-23
  1.1228e+06   1.70e-23
  1.1615e+06   1.63e-23
  1.2015e+06   1.57e-23
  1.2428e+06   1.50e-23
  1.2856e+06   1.44e-23
  1.3299e+06   1.38e-23
  1.3757e+06   1.33e-23
  1.4231e+06   1.28e-23
  1.4721e+06   1.23e-23
  1.5228e+06   1.18e-23
  1.5752e+06   1.13e-23
  1.6294e+06   1.09e-23
  1.6855e+06   1.05e-23
  1.7436e+06   1.01e-23
  1.8036e+06   9.67e-24
  1.8657e+06   9.30e-24
  1.9300e+06   8.93e-24
  1.9964e+06   8.59e-24
  2.0652e+06   8.26e-24
  2.1363e+06   7.94e-24
  2.2098e+06   7.62e-24
  2.2859e+06   7.32e-24
  2.3646e+06   7.03e-24
  2.4461e+06   6.75e-24
  2.5303e+06   6.47e-24
  2.6174e+06   6.20e-24
  2.7075e+06   5.94e-24
  2.8008e+06   5.68e-24
  2.8972e+06   5.44e-24
  2.9970e+06   5.19e-24
  3.1002e+06   4.95e-24
  3.2069e+06   4.72e-24
  3.3173e+06   4.50e-24
  3.4316e+06   4.27e-24
  3.5497e+06   4.06e-24
  3.6720e+06   3.85e-24
  3.7984e+06   3.64e-24
  3.9292e+06   3.44e-24
  4.0645e+06   3.24e-24
  4.2044e+06   3.05e-24
  4.3492e+06   2.86e-24
  4.4990e+06   2.68e-24
  4.6539e+06   2.51e-24
  4.8141e+06   2.33e-24
  4.9799e+06   2.17e-24
  5.1514e+06   2.01e-24
  5.3288e+06   1.86e-24
  5.5123e+06   1.71e-24
  5.7021e+06   1.57e-24
  5.8984e+06   1.43e-24
  6.1015e+06   1.30e-24
  6.3116e+06   1.18e-24
  6.5289e+06   1.07e-24
  6.7538e+06   9.57e-25
  6.9863e+06   8.55e-25
  7.2269e+06   7.60e-25
  7.4757e+06   6.72e-25
  7.7331e+06   5.90e-25
  7.9994e+06   5.15e-25
  8.2749e+06   4.47e-25
  8.5598e+06   3.85e-25
  8.8546e+06   3.28e-25
  9.1594e+06   2.78e-25
  9.4748e+06   2.33e-25
  9.8011e+06   1.93e-25
  1.0139e+07   1.58e-25
  1.0488e+07   1.28e-25
  1.0849e+07   1.03e-25
  1.1222e+07   8.10e-26
  1.1609e+07   6.30e-26
  1.2009e+07   4.83e-26
  1.2422e+07   3.63e-26
  1.2850e+07   2.68e-26
  1.3292e+07   1.94e-26
  1.3750e+07   1.38e-26
  1.4223e+07   9.51e-27
  1.4713e+07   6.38e-27
  1.5220e+07   4.18e-27
  1.5744e+07   2.65e-27
  1.6286e+07   1.61e-27
  1.6847e+07   9.44e-28
  1.7427e+07   5.33e-28
  1.8027e+07   2.85e-28
  1.8648e+07   1.44e-28
  1.9290e+07   6.99e-29
  1.9954e+07   3.16e-29
  2.0641e+07   1.31e-29
  2.1352e+07   5.14e-30
  2.2087e+07   1.84e-30
  2.2848e+07   5.89e-31
  2.3634e+07   1.69e-31
  2.4448e+07   4.36e-32
  2.5290e+07   9.59e-33
