#  E [MeV]   Flux [# cm^{-2} s^{-1}  MeV^{-1}]
  3.0000e+04   2.97e-20
  3.0943e+04   2.86e-20
  3.1916e+04   2.76e-20
  3.2920e+04   2.67e-20
  3.3955e+04   2.58e-20
  3.5023e+04   2.49e-20
  3.6124e+04   2.40e-20
  3.7260e+04   2.31e-20
  3.8432e+04   2.23e-20
  3.9640e+04   2.15e-20
  4.0887e+04   2.08e-20
  4.2172e+04   2.00e-20
  4.3499e+04   1.93e-20
  4.4866e+04   1.86e-20
  4.6277e+04   1.79e-20
  4.7732e+04   1.72e-20
  4.9233e+04   1.66e-20
  5.0781e+04   1.60e-20
  5.2378e+04   1.54e-20
  5.4025e+04   1.48e-20
  5.5724e+04   1.43e-20
  5.7476e+04   1.37e-20
  5.9284e+04   1.32e-20
  6.1148e+04   1.27e-20
  6.3071e+04   1.22e-20
  6.5054e+04   1.17e-20
  6.7100e+04   1.13e-20
  6.9210e+04   1.08e-20
  7.1386e+04   1.04e-20
  7.3631e+04   9.98e-21
  7.5946e+04   9.58e-21
  7.8334e+04   9.19e-21
  8.0797e+04   8.82e-21
  8.3338e+04   8.46e-21
  8.5959e+04   8.11e-21
  8.8662e+04   7.78e-21
  9.1450e+04   7.45e-21
  9.4325e+04   7.14e-21
  9.7291e+04   6.84e-21
  1.0035e+05   6.54e-21
  1.0351e+05   6.26e-21
  1.0676e+05   5.99e-21
  1.1012e+05   5.73e-21
  1.1358e+05   5.48e-21
  1.1715e+05   5.24e-21
  1.2084e+05   5.01e-21
  1.2464e+05   4.78e-21
  1.2856e+05   4.57e-21
  1.3260e+05   4.36e-21
  1.3677e+05   4.16e-21
  1.4107e+05   3.97e-21
  1.4550e+05   3.79e-21
  1.5008e+05   3.61e-21
  1.5480e+05   3.44e-21
  1.5967e+05   3.28e-21
  1.6469e+05   3.12e-21
  1.6987e+05   2.97e-21
  1.7521e+05   2.82e-21
  1.8072e+05   2.68e-21
  1.8640e+05   2.55e-21
  1.9226e+05   2.42e-21
  1.9831e+05   2.30e-21
  2.0454e+05   2.18e-21
  2.1097e+05   2.07e-21
  2.1761e+05   1.96e-21
  2.2445e+05   1.86e-21
  2.3151e+05   1.76e-21
  2.3879e+05   1.67e-21
  2.4630e+05   1.58e-21
  2.5404e+05   1.49e-21
  2.6203e+05   1.41e-21
  2.7027e+05   1.33e-21
  2.7877e+05   1.26e-21
  2.8753e+05   1.19e-21
  2.9657e+05   1.12e-21
  3.0590e+05   1.06e-21
  3.1552e+05   9.96e-22
  3.2544e+05   9.38e-22
  3.3567e+05   8.82e-22
  3.4623e+05   8.30e-22
  3.5712e+05   7.79e-22
  3.6835e+05   7.32e-22
  3.7993e+05   6.86e-22
  3.9188e+05   6.43e-22
  4.0420e+05   6.03e-22
  4.1691e+05   5.64e-22
  4.3002e+05   5.28e-22
  4.4354e+05   4.94e-22
  4.5749e+05   4.61e-22
  4.7187e+05   4.31e-22
  4.8671e+05   4.02e-22
  5.0202e+05   3.75e-22
  5.1780e+05   3.49e-22
  5.3409e+05   3.25e-22
  5.5088e+05   3.03e-22
  5.6820e+05   2.82e-22
  5.8607e+05   2.62e-22
  6.0450e+05   2.43e-22
  6.2351e+05   2.26e-22
  6.4311e+05   2.10e-22
  6.6334e+05   1.94e-22
  6.8419e+05   1.80e-22
  7.0571e+05   1.67e-22
  7.2790e+05   1.55e-22
  7.5079e+05   1.43e-22
  7.7440e+05   1.32e-22
  7.9875e+05   1.22e-22
  8.2387e+05   1.13e-22
  8.4977e+05   1.04e-22
  8.7649e+05   9.65e-23
  9.0405e+05   8.91e-23
  9.3248e+05   8.22e-23
  9.6180e+05   7.58e-23
  9.9205e+05   7.00e-23
  1.0232e+06   6.45e-23
  1.0554e+06   5.94e-23
  1.0886e+06   5.48e-23
  1.1228e+06   5.05e-23
  1.1581e+06   4.65e-23
  1.1946e+06   4.27e-23
  1.2321e+06   3.94e-23
  1.2709e+06   3.62e-23
  1.3108e+06   3.33e-23
  1.3521e+06   3.06e-23
  1.3946e+06   2.82e-23
  1.4384e+06   2.59e-23
  1.4837e+06   2.38e-23
  1.5303e+06   2.18e-23
  1.5784e+06   2.00e-23
  1.6281e+06   1.84e-23
  1.6793e+06   1.68e-23
  1.7321e+06   1.55e-23
  1.7865e+06   1.42e-23
  1.8427e+06   1.30e-23
  1.9006e+06   1.19e-23
  1.9604e+06   1.09e-23
  2.0221e+06   9.98e-24
  2.0856e+06   9.11e-24
  2.1512e+06   8.33e-24
  2.2189e+06   7.63e-24
  2.2886e+06   6.97e-24
  2.3606e+06   6.34e-24
  2.4348e+06   5.79e-24
  2.5114e+06   5.29e-24
  2.5904e+06   4.82e-24
  2.6718e+06   4.38e-24
  2.7558e+06   4.00e-24
  2.8425e+06   3.64e-24
  2.9319e+06   3.30e-24
  3.0241e+06   2.99e-24
  3.1192e+06   2.73e-24
  3.2173e+06   2.47e-24
  3.3184e+06   2.24e-24
  3.4228e+06   2.03e-24
  3.5304e+06   1.84e-24
  3.6414e+06   1.66e-24
  3.7559e+06   1.50e-24
  3.8740e+06   1.36e-24
  3.9958e+06   1.23e-24
  4.1215e+06   1.11e-24
  4.2511e+06   1.00e-24
  4.3848e+06   9.08e-25
  4.5227e+06   8.21e-25
  4.6649e+06   7.40e-25
  4.8116e+06   6.67e-25
  4.9629e+06   6.05e-25
  5.1189e+06   5.46e-25
  5.2799e+06   4.92e-25
  5.4459e+06   4.46e-25
  5.6171e+06   4.06e-25
  5.7938e+06   3.68e-25
  5.9760e+06   3.33e-25
  6.1639e+06   3.04e-25
  6.3577e+06   2.78e-25
  6.5576e+06   2.53e-25
  6.7638e+06   2.30e-25
  6.9765e+06   2.12e-25
  7.1959e+06   1.95e-25
  7.4222e+06   1.79e-25
  7.6556e+06   1.65e-25
  7.8963e+06   1.53e-25
  8.1446e+06   1.41e-25
  8.4007e+06   1.30e-25
  8.6649e+06   1.22e-25
  8.9373e+06   1.15e-25
  9.2184e+06   1.08e-25
  9.5082e+06   1.00e-25
  9.8072e+06   9.64e-26
  1.0116e+07   9.20e-26
  1.0434e+07   8.71e-26
  1.0762e+07   8.37e-26
  1.1100e+07   8.36e-26
  1.1449e+07   8.20e-26
  1.1809e+07   7.93e-26
  1.2181e+07   8.34e-26
  1.2564e+07   8.97e-26
  1.2959e+07   9.20e-26
  1.3366e+07   9.12e-26
  1.3786e+07   8.23e-26
  1.4220e+07   7.24e-26
