#  E [GeV]   # per interaction  [GeV^{-1}]
  3.0000e+01   1.04e+00
  3.1123e+01   9.98e-01
  3.2288e+01   9.54e-01
  3.3497e+01   9.11e-01
  3.4751e+01   8.70e-01
  3.6051e+01   8.31e-01
  3.7401e+01   7.94e-01
  3.8801e+01   7.58e-01
  4.0253e+01   7.23e-01
  4.1760e+01   6.91e-01
  4.3324e+01   6.59e-01
  4.4945e+01   6.29e-01
  4.6628e+01   6.00e-01
  4.8373e+01   5.72e-01
  5.0184e+01   5.46e-01
  5.2063e+01   5.20e-01
  5.4011e+01   4.96e-01
  5.6033e+01   4.73e-01
  5.8131e+01   4.51e-01
  6.0307e+01   4.30e-01
  6.2564e+01   4.09e-01
  6.4906e+01   3.90e-01
  6.7336e+01   3.71e-01
  6.9857e+01   3.54e-01
  7.2472e+01   3.37e-01
  7.5184e+01   3.21e-01
  7.7999e+01   3.05e-01
  8.0919e+01   2.90e-01
  8.3948e+01   2.76e-01
  8.7090e+01   2.63e-01
  9.0350e+01   2.50e-01
  9.3732e+01   2.38e-01
  9.7241e+01   2.26e-01
  1.0088e+02   2.15e-01
  1.0466e+02   2.04e-01
  1.0858e+02   1.94e-01
  1.1264e+02   1.84e-01
  1.1686e+02   1.75e-01
  1.2123e+02   1.66e-01
  1.2577e+02   1.58e-01
  1.3048e+02   1.50e-01
  1.3536e+02   1.42e-01
  1.4043e+02   1.35e-01
  1.4568e+02   1.28e-01
  1.5114e+02   1.21e-01
  1.5680e+02   1.15e-01
  1.6266e+02   1.09e-01
  1.6875e+02   1.03e-01
  1.7507e+02   9.75e-02
  1.8162e+02   9.23e-02
  1.8842e+02   8.73e-02
  1.9548e+02   8.25e-02
  2.0279e+02   7.80e-02
  2.1039e+02   7.37e-02
  2.1826e+02   6.96e-02
  2.2643e+02   6.57e-02
  2.3491e+02   6.19e-02
  2.4370e+02   5.84e-02
  2.5282e+02   5.50e-02
  2.6229e+02   5.18e-02
  2.7211e+02   4.88e-02
  2.8229e+02   4.58e-02
  2.9286e+02   4.31e-02
  3.0382e+02   4.04e-02
  3.1519e+02   3.79e-02
  3.2699e+02   3.56e-02
  3.3923e+02   3.33e-02
  3.5193e+02   3.12e-02
  3.6511e+02   2.91e-02
  3.7877e+02   2.72e-02
  3.9295e+02   2.54e-02
  4.0766e+02   2.37e-02
  4.2292e+02   2.21e-02
  4.3875e+02   2.05e-02
  4.5518e+02   1.91e-02
  4.7222e+02   1.77e-02
  4.8989e+02   1.64e-02
  5.0823e+02   1.52e-02
  5.2726e+02   1.41e-02
  5.4699e+02   1.30e-02
  5.6747e+02   1.20e-02
  5.8871e+02   1.11e-02
  6.1075e+02   1.02e-02
  6.3361e+02   9.44e-03
  6.5733e+02   8.69e-03
  6.8194e+02   8.01e-03
  7.0746e+02   7.37e-03
  7.3395e+02   6.78e-03
  7.6142e+02   6.23e-03
  7.8992e+02   5.73e-03
  8.1949e+02   5.27e-03
  8.5017e+02   4.84e-03
  8.8199e+02   4.45e-03
  9.1501e+02   4.09e-03
  9.4926e+02   3.75e-03
  9.8479e+02   3.45e-03
  1.0217e+03   3.17e-03
  1.0599e+03   2.90e-03
  1.0996e+03   2.66e-03
  1.1407e+03   2.44e-03
  1.1834e+03   2.24e-03
  1.2277e+03   2.05e-03
  1.2737e+03   1.88e-03
  1.3214e+03   1.72e-03
  1.3708e+03   1.58e-03
  1.4222e+03   1.45e-03
  1.4754e+03   1.32e-03
  1.5306e+03   1.21e-03
  1.5879e+03   1.11e-03
  1.6474e+03   1.02e-03
  1.7090e+03   9.29e-04
  1.7730e+03   8.50e-04
  1.8394e+03   7.76e-04
  1.9082e+03   7.09e-04
  1.9797e+03   6.47e-04
  2.0538e+03   5.90e-04
  2.1306e+03   5.37e-04
  2.2104e+03   4.89e-04
  2.2931e+03   4.45e-04
  2.3790e+03   4.04e-04
  2.4680e+03   3.67e-04
  2.5604e+03   3.32e-04
  2.6563e+03   3.01e-04
  2.7557e+03   2.72e-04
  2.8589e+03   2.46e-04
  2.9659e+03   2.21e-04
  3.0769e+03   1.99e-04
  3.1921e+03   1.79e-04
  3.3116e+03   1.60e-04
  3.4355e+03   1.44e-04
  3.5641e+03   1.28e-04
  3.6976e+03   1.14e-04
  3.8360e+03   1.02e-04
  3.9796e+03   9.04e-05
  4.1285e+03   7.98e-05
  4.2831e+03   7.05e-05
  4.4434e+03   6.21e-05
  4.6097e+03   5.44e-05
  4.7823e+03   4.75e-05
  4.9613e+03   4.15e-05
  5.1470e+03   3.60e-05
  5.3397e+03   3.11e-05
  5.5396e+03   2.69e-05
  5.7470e+03   2.31e-05
  5.9621e+03   1.97e-05
  6.1853e+03   1.69e-05
  6.4168e+03   1.43e-05
  6.6570e+03   1.20e-05
  6.9062e+03   1.02e-05
  7.1647e+03   8.49e-06
  7.4329e+03   7.01e-06
  7.7112e+03   5.83e-06
  7.9998e+03   4.80e-06
  8.2993e+03   3.89e-06
  8.6100e+03   3.16e-06
  8.9323e+03   2.55e-06
  9.2666e+03   2.02e-06
  9.6135e+03   1.60e-06
  9.9734e+03   1.26e-06
  1.0347e+04   9.68e-07
  1.0734e+04   7.41e-07
  1.1136e+04   5.65e-07
  1.1553e+04   4.21e-07
  1.1985e+04   3.09e-07
  1.2434e+04   2.27e-07
  1.2899e+04   1.61e-07
  1.3382e+04   1.12e-07
  1.3883e+04   7.82e-08
  1.4403e+04   5.26e-08
  1.4942e+04   3.41e-08
  1.5501e+04   2.21e-08
  1.6081e+04   1.37e-08
  1.6683e+04   8.11e-09
  1.7308e+04   4.76e-09
  1.7956e+04   2.64e-09
  1.8628e+04   1.38e-09
  1.9325e+04   6.97e-10
  2.0049e+04   3.30e-10
  2.0799e+04   1.44e-10
  2.1578e+04   5.87e-11
  2.2386e+04   2.19e-11
  2.3224e+04   7.23e-12
  2.4093e+04   2.13e-12
  2.4995e+04   5.44e-13
  2.5930e+04   1.16e-13
  2.6901e+04   2.02e-14
  2.7908e+04   2.82e-15
  2.8953e+04   2.94e-16
  3.0037e+04   2.18e-17
  3.1161e+04   1.09e-18
  3.2327e+04   3.33e-20
  3.3537e+04   5.62e-22
  3.4793e+04   4.66e-24
  3.6095e+04   1.60e-26
  3.7446e+04   1.88e-29
  3.8848e+04   5.81e-33
  4.0302e+04   3.43e-37
  4.1811e+04   2.55e-42
  4.3376e+04   5.30e-48
  4.5000e+04   4.70e-48
