#  E [GeV]   # per interaction  [GeV^{-1}]
  3.0000e+01   2.57e-02
  3.1123e+01   2.47e-02
  3.2288e+01   2.38e-02
  3.3497e+01   2.29e-02
  3.4751e+01   2.20e-02
  3.6051e+01   2.12e-02
  3.7401e+01   2.03e-02
  3.8801e+01   1.96e-02
  4.0253e+01   1.88e-02
  4.1760e+01   1.81e-02
  4.3324e+01   1.73e-02
  4.4945e+01   1.67e-02
  4.6628e+01   1.60e-02
  4.8373e+01   1.54e-02
  5.0184e+01   1.47e-02
  5.2063e+01   1.41e-02
  5.4011e+01   1.36e-02
  5.6033e+01   1.30e-02
  5.8131e+01   1.25e-02
  6.0307e+01   1.20e-02
  6.2564e+01   1.15e-02
  6.4906e+01   1.10e-02
  6.7336e+01   1.05e-02
  6.9857e+01   1.01e-02
  7.2472e+01   9.67e-03
  7.5184e+01   9.26e-03
  7.7999e+01   8.86e-03
  8.0919e+01   8.48e-03
  8.3948e+01   8.12e-03
  8.7090e+01   7.77e-03
  9.0350e+01   7.43e-03
  9.3732e+01   7.10e-03
  9.7241e+01   6.79e-03
  1.0088e+02   6.49e-03
  1.0466e+02   6.20e-03
  1.0858e+02   5.93e-03
  1.1264e+02   5.66e-03
  1.1686e+02   5.41e-03
  1.2123e+02   5.16e-03
  1.2577e+02   4.93e-03
  1.3048e+02   4.70e-03
  1.3536e+02   4.49e-03
  1.4043e+02   4.28e-03
  1.4568e+02   4.08e-03
  1.5114e+02   3.89e-03
  1.5680e+02   3.71e-03
  1.6266e+02   3.53e-03
  1.6875e+02   3.36e-03
  1.7507e+02   3.20e-03
  1.8162e+02   3.05e-03
  1.8842e+02   2.90e-03
  1.9548e+02   2.76e-03
  2.0279e+02   2.63e-03
  2.1039e+02   2.50e-03
  2.1826e+02   2.37e-03
  2.2643e+02   2.25e-03
  2.3491e+02   2.14e-03
  2.4370e+02   2.03e-03
  2.5282e+02   1.93e-03
  2.6229e+02   1.83e-03
  2.7211e+02   1.74e-03
  2.8229e+02   1.65e-03
  2.9286e+02   1.56e-03
  3.0382e+02   1.48e-03
  3.1519e+02   1.40e-03
  3.2699e+02   1.33e-03
  3.3923e+02   1.26e-03
  3.5193e+02   1.19e-03
  3.6511e+02   1.12e-03
  3.7877e+02   1.06e-03
  3.9295e+02   1.01e-03
  4.0766e+02   9.50e-04
  4.2292e+02   8.97e-04
  4.3875e+02   8.48e-04
  4.5518e+02   8.00e-04
  4.7222e+02   7.55e-04
  4.8989e+02   7.13e-04
  5.0823e+02   6.72e-04
  5.2726e+02   6.34e-04
  5.4699e+02   5.98e-04
  5.6747e+02   5.65e-04
  5.8871e+02   5.33e-04
  6.1075e+02   5.03e-04
  6.3361e+02   4.74e-04
  6.5733e+02   4.47e-04
  6.8194e+02   4.23e-04
  7.0746e+02   3.99e-04
  7.3395e+02   3.77e-04
  7.6142e+02   3.56e-04
  7.8992e+02   3.37e-04
  8.1949e+02   3.18e-04
  8.5017e+02   3.01e-04
  8.8199e+02   2.85e-04
  9.1501e+02   2.70e-04
  9.4926e+02   2.56e-04
  9.8479e+02   2.43e-04
  1.0217e+03   2.31e-04
  1.0599e+03   2.19e-04
  1.0996e+03   2.08e-04
  1.1407e+03   1.98e-04
  1.1834e+03   1.89e-04
  1.2277e+03   1.80e-04
  1.2737e+03   1.72e-04
  1.3214e+03   1.64e-04
  1.3708e+03   1.56e-04
  1.4222e+03   1.50e-04
  1.4754e+03   1.43e-04
  1.5306e+03   1.37e-04
  1.5879e+03   1.31e-04
  1.6474e+03   1.26e-04
  1.7090e+03   1.21e-04
  1.7730e+03   1.16e-04
  1.8394e+03   1.11e-04
  1.9082e+03   1.07e-04
  1.9797e+03   1.03e-04
  2.0538e+03   9.87e-05
  2.1306e+03   9.49e-05
  2.2104e+03   9.12e-05
  2.2931e+03   8.77e-05
  2.3790e+03   8.43e-05
  2.4680e+03   8.10e-05
  2.5604e+03   7.78e-05
  2.6563e+03   7.47e-05
  2.7557e+03   7.17e-05
  2.8589e+03   6.88e-05
  2.9659e+03   6.60e-05
  3.0769e+03   6.32e-05
  3.1921e+03   6.05e-05
  3.3116e+03   5.79e-05
  3.4355e+03   5.52e-05
  3.5641e+03   5.27e-05
  3.6976e+03   5.02e-05
  3.8360e+03   4.77e-05
  3.9796e+03   4.53e-05
  4.1285e+03   4.30e-05
  4.2831e+03   4.06e-05
  4.4434e+03   3.84e-05
  4.6097e+03   3.61e-05
  4.7823e+03   3.39e-05
  4.9613e+03   3.18e-05
  5.1470e+03   2.97e-05
  5.3397e+03   2.77e-05
  5.5396e+03   2.57e-05
  5.7470e+03   2.38e-05
  5.9621e+03   2.19e-05
  6.1853e+03   2.01e-05
  6.4168e+03   1.84e-05
  6.6570e+03   1.67e-05
  6.9062e+03   1.51e-05
  7.1647e+03   1.36e-05
  7.4329e+03   1.22e-05
  7.7112e+03   1.08e-05
  7.9998e+03   9.55e-06
  8.2993e+03   8.38e-06
  8.6100e+03   7.28e-06
  8.9323e+03   6.27e-06
  9.2666e+03   5.36e-06
  9.6135e+03   4.52e-06
  9.9734e+03   3.78e-06
  1.0347e+04   3.12e-06
  1.0734e+04   2.54e-06
  1.1136e+04   2.04e-06
  1.1553e+04   1.61e-06
  1.1985e+04   1.25e-06
  1.2434e+04   9.52e-07
  1.2899e+04   7.10e-07
  1.3382e+04   5.17e-07
  1.3883e+04   3.67e-07
  1.4403e+04   2.53e-07
  1.4942e+04   1.69e-07
  1.5501e+04   1.09e-07
  1.6081e+04   6.77e-08
  1.6683e+04   4.01e-08
  1.7308e+04   2.26e-08
  1.7956e+04   1.20e-08
  1.8628e+04   6.01e-09
  1.9325e+04   2.79e-09
  2.0049e+04   1.20e-09
  2.0799e+04   4.67e-10
  2.1578e+04   1.64e-10
  2.2386e+04   5.10e-11
  2.3224e+04   1.38e-11
  2.4093e+04   3.18e-12
  2.4995e+04   6.07e-13
  2.5930e+04   9.31e-14
  2.6901e+04   1.11e-14
  2.7908e+04   9.85e-16
  2.8953e+04   6.11e-17
  3.0037e+04   2.52e-18
  3.1161e+04   6.37e-20
  3.2327e+04   8.87e-22
  3.3537e+04   6.13e-24
  3.4793e+04   1.83e-26
  3.6095e+04   1.92e-29
  3.7446e+04   5.73e-33
  3.8848e+04   3.72e-37
  4.0302e+04   3.53e-42
  4.1811e+04   1.09e-46
  4.3376e+04   1.00e-46
  4.5000e+04   9.20e-47
