#  E [MeV]   Flux [# cm^{-2} s^{-1}  MeV^{-1}]
  3.0000e+04   1.87e-26
  3.1051e+04   1.80e-26
  3.2139e+04   1.73e-26
  3.3266e+04   1.66e-26
  3.4432e+04   1.60e-26
  3.5638e+04   1.54e-26
  3.6887e+04   1.48e-26
  3.8180e+04   1.42e-26
  3.9518e+04   1.36e-26
  4.0903e+04   1.31e-26
  4.2336e+04   1.26e-26
  4.3820e+04   1.21e-26
  4.5355e+04   1.16e-26
  4.6945e+04   1.11e-26
  4.8590e+04   1.07e-26
  5.0293e+04   1.02e-26
  5.2055e+04   9.82e-27
  5.3879e+04   9.41e-27
  5.5767e+04   9.02e-27
  5.7722e+04   8.64e-27
  5.9745e+04   8.28e-27
  6.1838e+04   7.93e-27
  6.4005e+04   7.59e-27
  6.6248e+04   7.27e-27
  6.8570e+04   6.95e-27
  7.0973e+04   6.65e-27
  7.3460e+04   6.36e-27
  7.6034e+04   6.08e-27
  7.8699e+04   5.82e-27
  8.1457e+04   5.56e-27
  8.4311e+04   5.31e-27
  8.7266e+04   5.07e-27
  9.0324e+04   4.84e-27
  9.3490e+04   4.62e-27
  9.6766e+04   4.41e-27
  1.0016e+05   4.21e-27
  1.0367e+05   4.01e-27
  1.0730e+05   3.83e-27
  1.1106e+05   3.65e-27
  1.1495e+05   3.48e-27
  1.1898e+05   3.31e-27
  1.2315e+05   3.15e-27
  1.2747e+05   3.00e-27
  1.3193e+05   2.86e-27
  1.3656e+05   2.72e-27
  1.4134e+05   2.58e-27
  1.4629e+05   2.46e-27
  1.5142e+05   2.33e-27
  1.5673e+05   2.22e-27
  1.6222e+05   2.10e-27
  1.6790e+05   2.00e-27
  1.7379e+05   1.89e-27
  1.7988e+05   1.79e-27
  1.8618e+05   1.70e-27
  1.9271e+05   1.61e-27
  1.9946e+05   1.53e-27
  2.0645e+05   1.44e-27
  2.1369e+05   1.36e-27
  2.2117e+05   1.29e-27
  2.2892e+05   1.22e-27
  2.3695e+05   1.15e-27
  2.4525e+05   1.09e-27
  2.5385e+05   1.02e-27
  2.6274e+05   9.64e-28
  2.7195e+05   9.09e-28
  2.8148e+05   8.55e-28
  2.9134e+05   8.04e-28
  3.0155e+05   7.56e-28
  3.1212e+05   7.11e-28
  3.2306e+05   6.67e-28
  3.3438e+05   6.26e-28
  3.4610e+05   5.87e-28
  3.5823e+05   5.50e-28
  3.7078e+05   5.15e-28
  3.8377e+05   4.82e-28
  3.9722e+05   4.50e-28
  4.1114e+05   4.20e-28
  4.2555e+05   3.93e-28
  4.4046e+05   3.66e-28
  4.5590e+05   3.42e-28
  4.7188e+05   3.18e-28
  4.8841e+05   2.96e-28
  5.0553e+05   2.76e-28
  5.2324e+05   2.57e-28
  5.4158e+05   2.39e-28
  5.6056e+05   2.22e-28
  5.8020e+05   2.06e-28
  6.0054e+05   1.91e-28
  6.2158e+05   1.78e-28
  6.4337e+05   1.65e-28
  6.6591e+05   1.53e-28
  6.8925e+05   1.42e-28
  7.1340e+05   1.32e-28
  7.3840e+05   1.22e-28
  7.6428e+05   1.13e-28
  7.9106e+05   1.05e-28
  8.1878e+05   9.77e-29
  8.4748e+05   9.07e-29
  8.7718e+05   8.42e-29
  9.0792e+05   7.82e-29
  9.3973e+05   7.26e-29
  9.7267e+05   6.75e-29
  1.0068e+06   6.28e-29
  1.0420e+06   5.84e-29
  1.0785e+06   5.44e-29
  1.1163e+06   5.07e-29
  1.1555e+06   4.72e-29
  1.1960e+06   4.41e-29
  1.2379e+06   4.11e-29
  1.2813e+06   3.84e-29
  1.3262e+06   3.59e-29
  1.3726e+06   3.36e-29
  1.4207e+06   3.14e-29
  1.4705e+06   2.94e-29
  1.5220e+06   2.76e-29
  1.5754e+06   2.59e-29
  1.6306e+06   2.43e-29
  1.6877e+06   2.28e-29
  1.7469e+06   2.14e-29
  1.8081e+06   2.01e-29
  1.8715e+06   1.89e-29
  1.9370e+06   1.78e-29
  2.0049e+06   1.68e-29
  2.0752e+06   1.58e-29
  2.1479e+06   1.49e-29
  2.2232e+06   1.41e-29
  2.3011e+06   1.33e-29
  2.3817e+06   1.25e-29
  2.4652e+06   1.18e-29
  2.5516e+06   1.12e-29
  2.6410e+06   1.05e-29
  2.7336e+06   9.96e-30
  2.8294e+06   9.40e-30
  2.9285e+06   8.87e-30
  3.0311e+06   8.37e-30
  3.1374e+06   7.90e-30
  3.2473e+06   7.44e-30
  3.3611e+06   7.02e-30
  3.4789e+06   6.61e-30
  3.6008e+06   6.22e-30
  3.7270e+06   5.85e-30
  3.8576e+06   5.51e-30
  3.9928e+06   5.17e-30
  4.1327e+06   4.85e-30
  4.2775e+06   4.55e-30
  4.4274e+06   4.26e-30
  4.5826e+06   3.98e-30
  4.7432e+06   3.72e-30
  4.9094e+06   3.46e-30
  5.0815e+06   3.22e-30
  5.2595e+06   2.99e-30
  5.4438e+06   2.77e-30
  5.6346e+06   2.55e-30
  5.8321e+06   2.35e-30
  6.0365e+06   2.16e-30
  6.2480e+06   1.98e-30
  6.4670e+06   1.80e-30
  6.6936e+06   1.64e-30
  6.9282e+06   1.49e-30
  7.1709e+06   1.34e-30
  7.4222e+06   1.21e-30
  7.6823e+06   1.08e-30
  7.9516e+06   9.60e-31
  8.2302e+06   8.50e-31
  8.5186e+06   7.47e-31
  8.8172e+06   6.53e-31
  9.1262e+06   5.67e-31
  9.4460e+06   4.88e-31
  9.7770e+06   4.17e-31
  1.0120e+07   3.53e-31
  1.0474e+07   2.96e-31
  1.0841e+07   2.45e-31
  1.1221e+07   2.00e-31
  1.1614e+07   1.62e-31
  1.2022e+07   1.29e-31
  1.2443e+07   1.01e-31
  1.2879e+07   7.78e-32
  1.3330e+07   5.88e-32
  1.3797e+07   4.36e-32
  1.4281e+07   3.15e-32
  1.4781e+07   2.22e-32
  1.5299e+07   1.52e-32
  1.5835e+07   1.01e-32
  1.6390e+07   6.48e-33
  1.6965e+07   3.99e-33
  1.7559e+07   2.35e-33
  1.8175e+07   1.32e-33
  1.8812e+07   7.01e-34
  1.9471e+07   3.49e-34
  2.0153e+07   1.62e-34
  2.0859e+07   6.94e-35
  2.1590e+07   2.71e-35
  2.2347e+07   9.56e-36
  2.3130e+07   2.99e-36
  2.3941e+07   8.14e-37
  2.4780e+07   1.89e-37
  2.5648e+07   3.67e-38
  2.6547e+07   5.80e-39
  2.7477e+07   7.20e-40
  2.8440e+07   6.73e-41
