#  E [MeV]   Flux [# cm^{-2} s^{-1}  MeV^{-1}]
  3.0000e+04   1.76e-24
  3.1051e+04   1.69e-24
  3.2139e+04   1.62e-24
  3.3266e+04   1.55e-24
  3.4432e+04   1.48e-24
  3.5638e+04   1.42e-24
  3.6887e+04   1.36e-24
  3.8180e+04   1.30e-24
  3.9518e+04   1.24e-24
  4.0903e+04   1.19e-24
  4.2336e+04   1.14e-24
  4.3820e+04   1.09e-24
  4.5355e+04   1.04e-24
  4.6945e+04   9.97e-25
  4.8590e+04   9.53e-25
  5.0293e+04   9.11e-25
  5.2055e+04   8.71e-25
  5.3879e+04   8.32e-25
  5.5767e+04   7.95e-25
  5.7722e+04   7.59e-25
  5.9745e+04   7.25e-25
  6.1838e+04   6.93e-25
  6.4005e+04   6.61e-25
  6.6248e+04   6.31e-25
  6.8570e+04   6.02e-25
  7.0973e+04   5.75e-25
  7.3460e+04   5.48e-25
  7.6034e+04   5.23e-25
  7.8699e+04   4.99e-25
  8.1457e+04   4.75e-25
  8.4311e+04   4.53e-25
  8.7266e+04   4.32e-25
  9.0324e+04   4.11e-25
  9.3490e+04   3.92e-25
  9.6766e+04   3.73e-25
  1.0016e+05   3.55e-25
  1.0367e+05   3.38e-25
  1.0730e+05   3.21e-25
  1.1106e+05   3.06e-25
  1.1495e+05   2.91e-25
  1.1898e+05   2.76e-25
  1.2315e+05   2.63e-25
  1.2747e+05   2.49e-25
  1.3193e+05   2.37e-25
  1.3656e+05   2.25e-25
  1.4134e+05   2.13e-25
  1.4629e+05   2.02e-25
  1.5142e+05   1.92e-25
  1.5673e+05   1.82e-25
  1.6222e+05   1.72e-25
  1.6790e+05   1.63e-25
  1.7379e+05   1.54e-25
  1.7988e+05   1.46e-25
  1.8618e+05   1.38e-25
  1.9271e+05   1.30e-25
  1.9946e+05   1.23e-25
  2.0645e+05   1.16e-25
  2.1369e+05   1.10e-25
  2.2117e+05   1.03e-25
  2.2892e+05   9.72e-26
  2.3695e+05   9.15e-26
  2.4525e+05   8.61e-26
  2.5385e+05   8.09e-26
  2.6274e+05   7.60e-26
  2.7195e+05   7.13e-26
  2.8148e+05   6.69e-26
  2.9134e+05   6.27e-26
  3.0155e+05   5.87e-26
  3.1212e+05   5.50e-26
  3.2306e+05   5.14e-26
  3.3438e+05   4.80e-26
  3.4610e+05   4.48e-26
  3.5823e+05   4.18e-26
  3.7078e+05   3.90e-26
  3.8377e+05   3.63e-26
  3.9722e+05   3.38e-26
  4.1114e+05   3.14e-26
  4.2555e+05   2.92e-26
  4.4046e+05   2.71e-26
  4.5590e+05   2.51e-26
  4.7188e+05   2.32e-26
  4.8841e+05   2.15e-26
  5.0553e+05   1.99e-26
  5.2324e+05   1.84e-26
  5.4158e+05   1.70e-26
  5.6056e+05   1.57e-26
  5.8020e+05   1.44e-26
  6.0054e+05   1.33e-26
  6.2158e+05   1.23e-26
  6.4337e+05   1.13e-26
  6.6591e+05   1.04e-26
  6.8925e+05   9.51e-27
  7.1340e+05   8.72e-27
  7.3840e+05   7.99e-27
  7.6428e+05   7.32e-27
  7.9106e+05   6.71e-27
  8.1878e+05   6.14e-27
  8.4748e+05   5.61e-27
  8.7718e+05   5.13e-27
  9.0792e+05   4.69e-27
  9.3973e+05   4.28e-27
  9.7267e+05   3.91e-27
  1.0068e+06   3.57e-27
  1.0420e+06   3.25e-27
  1.0785e+06   2.96e-27
  1.1163e+06   2.70e-27
  1.1555e+06   2.46e-27
  1.1960e+06   2.24e-27
  1.2379e+06   2.04e-27
  1.2813e+06   1.85e-27
  1.3262e+06   1.68e-27
  1.3726e+06   1.53e-27
  1.4207e+06   1.39e-27
  1.4705e+06   1.26e-27
  1.5220e+06   1.14e-27
  1.5754e+06   1.04e-27
  1.6306e+06   9.41e-28
  1.6877e+06   8.51e-28
  1.7469e+06   7.72e-28
  1.8081e+06   6.99e-28
  1.8715e+06   6.30e-28
  1.9370e+06   5.70e-28
  2.0049e+06   5.15e-28
  2.0752e+06   4.64e-28
  2.1479e+06   4.18e-28
  2.2232e+06   3.78e-28
  2.3011e+06   3.40e-28
  2.3817e+06   3.04e-28
  2.4652e+06   2.74e-28
  2.5516e+06   2.46e-28
  2.6410e+06   2.20e-28
  2.7336e+06   1.97e-28
  2.8294e+06   1.76e-28
  2.9285e+06   1.57e-28
  3.0311e+06   1.40e-28
  3.1374e+06   1.25e-28
  3.2473e+06   1.11e-28
  3.3611e+06   9.78e-29
  3.4789e+06   8.70e-29
  3.6008e+06   7.70e-29
  3.7270e+06   6.77e-29
  3.8576e+06   5.98e-29
  3.9928e+06   5.28e-29
  4.1327e+06   4.62e-29
  4.2775e+06   4.04e-29
  4.4274e+06   3.55e-29
  4.5826e+06   3.10e-29
  4.7432e+06   2.68e-29
  4.9094e+06   2.35e-29
  5.0815e+06   2.04e-29
  5.2595e+06   1.75e-29
  5.4438e+06   1.52e-29
  5.6346e+06   1.31e-29
  5.8321e+06   1.12e-29
  6.0365e+06   9.57e-30
  6.2480e+06   8.23e-30
  6.4670e+06   7.00e-30
  6.6936e+06   5.89e-30
  6.9282e+06   5.04e-30
  7.1709e+06   4.26e-30
  7.4222e+06   3.56e-30
  7.6823e+06   3.00e-30
  7.9516e+06   2.52e-30
  8.2302e+06   2.09e-30
  8.5186e+06   1.73e-30
  8.8172e+06   1.44e-30
  9.1262e+06   1.19e-30
  9.4460e+06   9.64e-31
  9.7770e+06   7.93e-31
  1.0120e+07   6.45e-31
  1.0474e+07   5.16e-31
  1.0841e+07   4.16e-31
  1.1221e+07   3.33e-31
  1.1614e+07   2.63e-31
  1.2022e+07   2.06e-31
  1.2443e+07   1.62e-31
  1.2879e+07   1.25e-31
  1.3330e+07   9.44e-32
  1.3797e+07   7.16e-32
  1.4281e+07   5.32e-32
  1.4781e+07   3.87e-32
  1.5299e+07   2.77e-32
  1.5835e+07   1.95e-32
  1.6390e+07   1.33e-32
  1.6965e+07   8.87e-33
  1.7559e+07   5.76e-33
  1.8175e+07   3.60e-33
  1.8812e+07   2.15e-33
  1.9471e+07   1.24e-33
  2.0153e+07   6.75e-34
  2.0859e+07   3.46e-34
  2.1590e+07   1.65e-34
  2.2347e+07   7.28e-35
  2.3130e+07   2.93e-35
  2.3941e+07   1.06e-35
  2.4780e+07   3.39e-36
  2.5648e+07   9.42e-37
  2.6547e+07   2.22e-37
  2.7477e+07   4.45e-38
  2.8440e+07   7.15e-39
