#  E [MeV]   Flux [# cm^{-2} s^{-1}  MeV^{-1}]
  3.0000e+04   8.49e-25
  3.1051e+04   8.18e-25
  3.2139e+04   7.88e-25
  3.3266e+04   7.59e-25
  3.4432e+04   7.32e-25
  3.5638e+04   7.05e-25
  3.6887e+04   6.79e-25
  3.8180e+04   6.54e-25
  3.9518e+04   6.30e-25
  4.0903e+04   6.06e-25
  4.2336e+04   5.84e-25
  4.3820e+04   5.62e-25
  4.5355e+04   5.41e-25
  4.6945e+04   5.20e-25
  4.8590e+04   5.01e-25
  5.0293e+04   4.82e-25
  5.2055e+04   4.63e-25
  5.3879e+04   4.46e-25
  5.5767e+04   4.29e-25
  5.7722e+04   4.12e-25
  5.9745e+04   3.96e-25
  6.1838e+04   3.81e-25
  6.4005e+04   3.66e-25
  6.6248e+04   3.52e-25
  6.8570e+04   3.38e-25
  7.0973e+04   3.25e-25
  7.3460e+04   3.12e-25
  7.6034e+04   2.99e-25
  7.8699e+04   2.87e-25
  8.1457e+04   2.76e-25
  8.4311e+04   2.65e-25
  8.7266e+04   2.54e-25
  9.0324e+04   2.43e-25
  9.3490e+04   2.33e-25
  9.6766e+04   2.24e-25
  1.0016e+05   2.14e-25
  1.0367e+05   2.05e-25
  1.0730e+05   1.97e-25
  1.1106e+05   1.88e-25
  1.1495e+05   1.80e-25
  1.1898e+05   1.72e-25
  1.2315e+05   1.65e-25
  1.2747e+05   1.58e-25
  1.3193e+05   1.51e-25
  1.3656e+05   1.44e-25
  1.4134e+05   1.38e-25
  1.4629e+05   1.31e-25
  1.5142e+05   1.26e-25
  1.5673e+05   1.20e-25
  1.6222e+05   1.14e-25
  1.6790e+05   1.09e-25
  1.7379e+05   1.04e-25
  1.7988e+05   9.90e-26
  1.8618e+05   9.43e-26
  1.9271e+05   8.98e-26
  1.9946e+05   8.54e-26
  2.0645e+05   8.12e-26
  2.1369e+05   7.72e-26
  2.2117e+05   7.34e-26
  2.2892e+05   6.97e-26
  2.3695e+05   6.61e-26
  2.4525e+05   6.27e-26
  2.5385e+05   5.95e-26
  2.6274e+05   5.64e-26
  2.7195e+05   5.34e-26
  2.8148e+05   5.06e-26
  2.9134e+05   4.79e-26
  3.0155e+05   4.53e-26
  3.1212e+05   4.28e-26
  3.2306e+05   4.04e-26
  3.3438e+05   3.81e-26
  3.4610e+05   3.60e-26
  3.5823e+05   3.39e-26
  3.7078e+05   3.20e-26
  3.8377e+05   3.01e-26
  3.9722e+05   2.83e-26
  4.1114e+05   2.66e-26
  4.2555e+05   2.50e-26
  4.4046e+05   2.35e-26
  4.5590e+05   2.21e-26
  4.7188e+05   2.07e-26
  4.8841e+05   1.94e-26
  5.0553e+05   1.82e-26
  5.2324e+05   1.71e-26
  5.4158e+05   1.60e-26
  5.6056e+05   1.49e-26
  5.8020e+05   1.40e-26
  6.0054e+05   1.31e-26
  6.2158e+05   1.22e-26
  6.4337e+05   1.14e-26
  6.6591e+05   1.06e-26
  6.8925e+05   9.91e-27
  7.1340e+05   9.24e-27
  7.3840e+05   8.60e-27
  7.6428e+05   8.01e-27
  7.9106e+05   7.45e-27
  8.1878e+05   6.93e-27
  8.4748e+05   6.44e-27
  8.7718e+05   5.99e-27
  9.0792e+05   5.56e-27
  9.3973e+05   5.16e-27
  9.7267e+05   4.79e-27
  1.0068e+06   4.45e-27
  1.0420e+06   4.12e-27
  1.0785e+06   3.82e-27
  1.1163e+06   3.54e-27
  1.1555e+06   3.28e-27
  1.1960e+06   3.04e-27
  1.2379e+06   2.81e-27
  1.2813e+06   2.61e-27
  1.3262e+06   2.41e-27
  1.3726e+06   2.23e-27
  1.4207e+06   2.06e-27
  1.4705e+06   1.90e-27
  1.5220e+06   1.76e-27
  1.5754e+06   1.62e-27
  1.6306e+06   1.50e-27
  1.6877e+06   1.38e-27
  1.7469e+06   1.27e-27
  1.8081e+06   1.17e-27
  1.8715e+06   1.08e-27
  1.9370e+06   9.94e-28
  2.0049e+06   9.16e-28
  2.0752e+06   8.43e-28
  2.1479e+06   7.74e-28
  2.2232e+06   7.11e-28
  2.3011e+06   6.53e-28
  2.3817e+06   5.99e-28
  2.4652e+06   5.48e-28
  2.5516e+06   5.03e-28
  2.6410e+06   4.60e-28
  2.7336e+06   4.20e-28
  2.8294e+06   3.84e-28
  2.9285e+06   3.51e-28
  3.0311e+06   3.19e-28
  3.1374e+06   2.91e-28
  3.2473e+06   2.65e-28
  3.3611e+06   2.40e-28
  3.4789e+06   2.18e-28
  3.6008e+06   1.98e-28
  3.7270e+06   1.79e-28
  3.8576e+06   1.61e-28
  3.9928e+06   1.46e-28
  4.1327e+06   1.32e-28
  4.2775e+06   1.18e-28
  4.4274e+06   1.07e-28
  4.5826e+06   9.58e-29
  4.7432e+06   8.57e-29
  4.9094e+06   7.65e-29
  5.0815e+06   6.85e-29
  5.2595e+06   6.10e-29
  5.4438e+06   5.40e-29
  5.6346e+06   4.81e-29
  5.8321e+06   4.26e-29
  6.0365e+06   3.75e-29
  6.2480e+06   3.30e-29
  6.4670e+06   2.91e-29
  6.6936e+06   2.54e-29
  6.9282e+06   2.21e-29
  7.1709e+06   1.94e-29
  7.4222e+06   1.68e-29
  7.6823e+06   1.45e-29
  7.9516e+06   1.25e-29
  8.2302e+06   1.08e-29
  8.5186e+06   9.21e-30
  8.8172e+06   7.86e-30
  9.1262e+06   6.71e-30
  9.4460e+06   5.66e-30
  9.7770e+06   4.74e-30
  1.0120e+07   4.00e-30
  1.0474e+07   3.33e-30
  1.0841e+07   2.73e-30
  1.1221e+07   2.27e-30
  1.1614e+07   1.86e-30
  1.2022e+07   1.50e-30
  1.2443e+07   1.21e-30
  1.2879e+07   9.73e-31
  1.3330e+07   7.67e-31
  1.3797e+07   5.96e-31
  1.4281e+07   4.69e-31
  1.4781e+07   3.61e-31
  1.5299e+07   2.70e-31
  1.5835e+07   2.05e-31
  1.6390e+07   1.53e-31
  1.6965e+07   1.10e-31
  1.7559e+07   7.88e-32
  1.8175e+07   5.59e-32
  1.8812e+07   3.83e-32
  1.9471e+07   2.54e-32
  2.0153e+07   1.68e-32
  2.0859e+07   1.06e-32
  2.1590e+07   6.38e-33
  2.2347e+07   3.77e-33
  2.3130e+07   2.11e-33
  2.3941e+07   1.10e-33
  2.4780e+07   5.36e-34
  2.5648e+07   2.46e-34
  2.6547e+07   1.00e-34
  2.7477e+07   3.61e-35
  2.8440e+07   1.20e-35
