#  E [GeV]   # per interaction  [GeV^{-1}]
  3.0000e+01   2.28e-01
  3.0675e+01   2.20e-01
  3.1366e+01   2.13e-01
  3.2072e+01   2.06e-01
  3.2794e+01   2.00e-01
  3.3533e+01   1.93e-01
  3.4288e+01   1.87e-01
  3.5060e+01   1.81e-01
  3.5849e+01   1.75e-01
  3.6656e+01   1.69e-01
  3.7482e+01   1.63e-01
  3.8326e+01   1.58e-01
  3.9188e+01   1.52e-01
  4.0071e+01   1.47e-01
  4.0973e+01   1.42e-01
  4.1896e+01   1.37e-01
  4.2839e+01   1.33e-01
  4.3803e+01   1.28e-01
  4.4790e+01   1.24e-01
  4.5798e+01   1.19e-01
  4.6829e+01   1.15e-01
  4.7884e+01   1.11e-01
  4.8962e+01   1.07e-01
  5.0064e+01   1.03e-01
  5.1191e+01   9.97e-02
  5.2344e+01   9.61e-02
  5.3522e+01   9.26e-02
  5.4727e+01   8.93e-02
  5.5960e+01   8.60e-02
  5.7219e+01   8.29e-02
  5.8508e+01   7.99e-02
  5.9825e+01   7.69e-02
  6.1172e+01   7.41e-02
  6.2549e+01   7.13e-02
  6.3958e+01   6.86e-02
  6.5398e+01   6.60e-02
  6.6870e+01   6.35e-02
  6.8376e+01   6.11e-02
  6.9915e+01   5.88e-02
  7.1489e+01   5.65e-02
  7.3099e+01   5.43e-02
  7.4745e+01   5.22e-02
  7.6428e+01   5.02e-02
  7.8148e+01   4.82e-02
  7.9908e+01   4.63e-02
  8.1707e+01   4.45e-02
  8.3547e+01   4.27e-02
  8.5428e+01   4.10e-02
  8.7351e+01   3.94e-02
  8.9318e+01   3.78e-02
  9.1329e+01   3.62e-02
  9.3385e+01   3.48e-02
  9.5488e+01   3.33e-02
  9.7638e+01   3.20e-02
  9.9836e+01   3.06e-02
  1.0208e+02   2.94e-02
  1.0438e+02   2.81e-02
  1.0673e+02   2.70e-02
  1.0914e+02   2.58e-02
  1.1159e+02   2.47e-02
  1.1411e+02   2.37e-02
  1.1667e+02   2.27e-02
  1.1930e+02   2.17e-02
  1.2199e+02   2.07e-02
  1.2473e+02   1.98e-02
  1.2754e+02   1.90e-02
  1.3041e+02   1.81e-02
  1.3335e+02   1.73e-02
  1.3635e+02   1.65e-02
  1.3942e+02   1.58e-02
  1.4256e+02   1.51e-02
  1.4577e+02   1.44e-02
  1.4905e+02   1.37e-02
  1.5241e+02   1.31e-02
  1.5584e+02   1.25e-02
  1.5935e+02   1.19e-02
  1.6294e+02   1.14e-02
  1.6661e+02   1.08e-02
  1.7036e+02   1.03e-02
  1.7419e+02   9.81e-03
  1.7812e+02   9.35e-03
  1.8213e+02   8.90e-03
  1.8623e+02   8.46e-03
  1.9042e+02   8.04e-03
  1.9471e+02   7.65e-03
  1.9909e+02   7.28e-03
  2.0357e+02   6.91e-03
  2.0816e+02   6.57e-03
  2.1284e+02   6.23e-03
  2.1763e+02   5.91e-03
  2.2253e+02   5.62e-03
  2.2755e+02   5.33e-03
  2.3267e+02   5.05e-03
  2.3791e+02   4.79e-03
  2.4326e+02   4.53e-03
  2.4874e+02   4.30e-03
  2.5434e+02   4.07e-03
  2.6007e+02   3.85e-03
  2.6592e+02   3.64e-03
  2.7191e+02   3.43e-03
  2.7803e+02   3.25e-03
  2.8429e+02   3.07e-03
  2.9069e+02   2.90e-03
  2.9724e+02   2.74e-03
  3.0393e+02   2.58e-03
  3.1077e+02   2.43e-03
  3.1777e+02   2.30e-03
  3.2493e+02   2.16e-03
  3.3224e+02   2.03e-03
  3.3972e+02   1.91e-03
  3.4737e+02   1.80e-03
  3.5519e+02   1.70e-03
  3.6319e+02   1.59e-03
  3.7137e+02   1.50e-03
  3.7973e+02   1.40e-03
  3.8828e+02   1.32e-03
  3.9702e+02   1.24e-03
  4.0596e+02   1.16e-03
  4.1510e+02   1.09e-03
  4.2444e+02   1.02e-03
  4.3400e+02   9.52e-04
  4.4377e+02   8.93e-04
  4.5376e+02   8.36e-04
  4.6398e+02   7.81e-04
  4.7443e+02   7.29e-04
  4.8511e+02   6.80e-04
  4.9603e+02   6.36e-04
  5.0720e+02   5.94e-04
  5.1862e+02   5.54e-04
  5.3030e+02   5.15e-04
  5.4224e+02   4.78e-04
  5.5444e+02   4.47e-04
  5.6693e+02   4.16e-04
  5.7969e+02   3.87e-04
  5.9274e+02   3.59e-04
  6.0609e+02   3.33e-04
  6.1974e+02   3.10e-04
  6.3369e+02   2.89e-04
  6.4796e+02   2.68e-04
  6.6255e+02   2.48e-04
  6.7746e+02   2.30e-04
  6.9272e+02   2.14e-04
  7.0831e+02   1.99e-04
  7.2426e+02   1.84e-04
  7.4057e+02   1.71e-04
  7.5724e+02   1.58e-04
  7.7429e+02   1.46e-04
  7.9172e+02   1.36e-04
  8.0955e+02   1.26e-04
  8.2778e+02   1.17e-04
  8.4641e+02   1.08e-04
  8.6547e+02   9.97e-05
  8.8496e+02   9.28e-05
  9.0488e+02   8.62e-05
  9.2526e+02   7.99e-05
  9.4609e+02   7.39e-05
  9.6739e+02   6.84e-05
  9.8917e+02   6.39e-05
  1.0114e+03   5.96e-05
  1.0342e+03   5.55e-05
  1.0575e+03   5.16e-05
  1.0813e+03   4.79e-05
  1.1057e+03   4.50e-05
  1.1305e+03   4.22e-05
  1.1560e+03   3.96e-05
  1.1820e+03   3.71e-05
  1.2086e+03   3.47e-05
  1.2359e+03   3.28e-05
  1.2637e+03   3.11e-05
  1.2921e+03   2.94e-05
  1.3212e+03   2.79e-05
  1.3510e+03   2.63e-05
  1.3814e+03   2.52e-05
  1.4125e+03   2.41e-05
  1.4443e+03   2.31e-05
  1.4768e+03   2.21e-05
  1.5101e+03   2.11e-05
  1.5441e+03   2.05e-05
  1.5788e+03   2.00e-05
  1.6144e+03   1.95e-05
  1.6507e+03   1.90e-05
  1.6879e+03   1.86e-05
  1.7259e+03   1.83e-05
  1.7648e+03   1.83e-05
  1.8045e+03   1.82e-05
  1.8451e+03   1.82e-05
  1.8867e+03   1.81e-05
  1.9291e+03   1.82e-05
  1.9726e+03   1.88e-05
  2.0170e+03   1.94e-05
  2.0624e+03   1.99e-05
  2.1088e+03   2.04e-05
  2.1563e+03   2.09e-05
  2.2049e+03   2.17e-05
  2.2545e+03   2.25e-05
  2.3053e+03   2.32e-05
  2.3572e+03   2.38e-05
  2.4102e+03   2.44e-05
  2.4645e+03   1.99e-05
  2.5200e+03   1.49e-05
