#  E [GeV]   # per interaction  [GeV^{-1}]
  3.0000e+01   7.68e-01
  3.1232e+01   7.34e-01
  3.2514e+01   7.03e-01
  3.3849e+01   6.72e-01
  3.5238e+01   6.43e-01
  3.6685e+01   6.15e-01
  3.8191e+01   5.88e-01
  3.9759e+01   5.63e-01
  4.1391e+01   5.38e-01
  4.3090e+01   5.15e-01
  4.4859e+01   4.92e-01
  4.6701e+01   4.70e-01
  4.8618e+01   4.50e-01
  5.0614e+01   4.30e-01
  5.2692e+01   4.11e-01
  5.4855e+01   3.93e-01
  5.7107e+01   3.76e-01
  5.9451e+01   3.59e-01
  6.1892e+01   3.43e-01
  6.4433e+01   3.28e-01
  6.7078e+01   3.13e-01
  6.9832e+01   2.99e-01
  7.2699e+01   2.86e-01
  7.5683e+01   2.73e-01
  7.8790e+01   2.61e-01
  8.2025e+01   2.49e-01
  8.5392e+01   2.38e-01
  8.8898e+01   2.27e-01
  9.2547e+01   2.17e-01
  9.6347e+01   2.07e-01
  1.0030e+02   1.98e-01
  1.0442e+02   1.89e-01
  1.0871e+02   1.80e-01
  1.1317e+02   1.72e-01
  1.1782e+02   1.64e-01
  1.2265e+02   1.56e-01
  1.2769e+02   1.49e-01
  1.3293e+02   1.42e-01
  1.3839e+02   1.35e-01
  1.4407e+02   1.29e-01
  1.4998e+02   1.23e-01
  1.5614e+02   1.17e-01
  1.6255e+02   1.11e-01
  1.6922e+02   1.06e-01
  1.7617e+02   1.01e-01
  1.8340e+02   9.59e-02
  1.9093e+02   9.11e-02
  1.9877e+02   8.66e-02
  2.0693e+02   8.23e-02
  2.1543e+02   7.82e-02
  2.2427e+02   7.42e-02
  2.3348e+02   7.04e-02
  2.4306e+02   6.68e-02
  2.5304e+02   6.33e-02
  2.6343e+02   6.00e-02
  2.7424e+02   5.68e-02
  2.8550e+02   5.37e-02
  2.9722e+02   5.08e-02
  3.0942e+02   4.80e-02
  3.2213e+02   4.54e-02
  3.3535e+02   4.28e-02
  3.4912e+02   4.04e-02
  3.6345e+02   3.81e-02
  3.7837e+02   3.59e-02
  3.9390e+02   3.38e-02
  4.1008e+02   3.17e-02
  4.2691e+02   2.98e-02
  4.4444e+02   2.80e-02
  4.6268e+02   2.63e-02
  4.8168e+02   2.47e-02
  5.0145e+02   2.31e-02
  5.2204e+02   2.17e-02
  5.4347e+02   2.03e-02
  5.6578e+02   1.90e-02
  5.8901e+02   1.77e-02
  6.1319e+02   1.65e-02
  6.3836e+02   1.54e-02
  6.6457e+02   1.44e-02
  6.9185e+02   1.34e-02
  7.2025e+02   1.25e-02
  7.4982e+02   1.16e-02
  7.8061e+02   1.08e-02
  8.1265e+02   1.00e-02
  8.4601e+02   9.34e-03
  8.8075e+02   8.68e-03
  9.1690e+02   8.05e-03
  9.5455e+02   7.48e-03
  9.9373e+02   6.94e-03
  1.0345e+03   6.43e-03
  1.0770e+03   5.96e-03
  1.1212e+03   5.53e-03
  1.1672e+03   5.12e-03
  1.2152e+03   4.74e-03
  1.2650e+03   4.39e-03
  1.3170e+03   4.06e-03
  1.3711e+03   3.76e-03
  1.4273e+03   3.48e-03
  1.4859e+03   3.21e-03
  1.5469e+03   2.97e-03
  1.6104e+03   2.75e-03
  1.6766e+03   2.54e-03
  1.7454e+03   2.34e-03
  1.8170e+03   2.17e-03
  1.8916e+03   2.00e-03
  1.9693e+03   1.84e-03
  2.0501e+03   1.70e-03
  2.1343e+03   1.57e-03
  2.2219e+03   1.44e-03
  2.3131e+03   1.33e-03
  2.4081e+03   1.22e-03
  2.5070e+03   1.12e-03
  2.6099e+03   1.03e-03
  2.7170e+03   9.45e-04
  2.8286e+03   8.67e-04
  2.9447e+03   7.94e-04
  3.0656e+03   7.26e-04
  3.1914e+03   6.64e-04
  3.3225e+03   6.06e-04
  3.4589e+03   5.52e-04
  3.6008e+03   5.03e-04
  3.7487e+03   4.58e-04
  3.9026e+03   4.16e-04
  4.0628e+03   3.77e-04
  4.2296e+03   3.42e-04
  4.4032e+03   3.09e-04
  4.5840e+03   2.79e-04
  4.7722e+03   2.51e-04
  4.9681e+03   2.26e-04
  5.1720e+03   2.03e-04
  5.3844e+03   1.81e-04
  5.6054e+03   1.62e-04
  5.8355e+03   1.45e-04
  6.0751e+03   1.28e-04
  6.3245e+03   1.14e-04
  6.5841e+03   1.01e-04
  6.8544e+03   8.87e-05
  7.1358e+03   7.82e-05
  7.4288e+03   6.86e-05
  7.7338e+03   5.98e-05
  8.0513e+03   5.21e-05
  8.3818e+03   4.52e-05
  8.7259e+03   3.89e-05
  9.0841e+03   3.35e-05
  9.4571e+03   2.86e-05
  9.8453e+03   2.42e-05
  1.0249e+04   2.05e-05
  1.0670e+04   1.72e-05
  1.1108e+04   1.43e-05
  1.1564e+04   1.19e-05
  1.2039e+04   9.69e-06
  1.2533e+04   7.89e-06
  1.3048e+04   6.35e-06
  1.3584e+04   5.03e-06
  1.4141e+04   3.96e-06
  1.4722e+04   3.06e-06
  1.5326e+04   2.32e-06
  1.5955e+04   1.75e-06
  1.6610e+04   1.28e-06
  1.7292e+04   9.12e-07
  1.8002e+04   6.39e-07
  1.8741e+04   4.32e-07
  1.9511e+04   2.82e-07
  2.0312e+04   1.78e-07
  2.1145e+04   1.07e-07
  2.2013e+04   6.06e-08
  2.2917e+04   3.25e-08
  2.3858e+04   1.61e-08
  2.4837e+04   7.35e-09
  2.5857e+04   3.04e-09
  2.6919e+04   1.10e-09
  2.8024e+04   3.48e-10
  2.9174e+04   9.22e-11
  3.0372e+04   1.95e-11
  3.1619e+04   3.22e-12
  3.2917e+04   3.84e-13
  3.4268e+04   3.04e-14
  3.5675e+04   1.49e-15
  3.7140e+04   3.88e-17
  3.8664e+04   4.55e-19
  4.0252e+04   1.98e-21
  4.1904e+04   2.34e-24
  4.3624e+04   5.09e-28
  4.5415e+04   1.24e-32
  4.7280e+04   1.61e-38
  4.9221e+04   4.17e-46
  5.1241e+04   2.52e-47
  5.3345e+04   2.14e-47
  5.5535e+04   1.84e-47
  5.7815e+04   1.59e-47
  6.0188e+04   1.36e-47
  6.2659e+04   1.18e-47
  6.5232e+04   1.03e-47
  6.7910e+04   8.95e-48
  7.0698e+04   7.92e-48
  7.3600e+04   7.03e-48
  7.6621e+04   6.20e-48
  7.9767e+04   5.59e-48
  8.3042e+04   5.03e-48
  8.6451e+04   4.51e-48
  9.0000e+04   4.13e-48
