#  E [GeV]   # per interaction  [GeV^{-1}]
  3.0000e+01   1.36e-02
  3.0782e+01   1.33e-02
  3.1585e+01   1.29e-02
  3.2409e+01   1.26e-02
  3.3255e+01   1.23e-02
  3.4122e+01   1.20e-02
  3.5012e+01   1.17e-02
  3.5925e+01   1.14e-02
  3.6862e+01   1.11e-02
  3.7824e+01   1.08e-02
  3.8810e+01   1.05e-02
  3.9822e+01   1.03e-02
  4.0861e+01   1.00e-02
  4.1927e+01   9.76e-03
  4.3021e+01   9.52e-03
  4.4143e+01   9.29e-03
  4.5294e+01   9.07e-03
  4.6475e+01   8.85e-03
  4.7688e+01   8.64e-03
  4.8931e+01   8.44e-03
  5.0208e+01   8.24e-03
  5.1517e+01   8.05e-03
  5.2861e+01   7.87e-03
  5.4240e+01   7.69e-03
  5.5654e+01   7.52e-03
  5.7106e+01   7.35e-03
  5.8596e+01   7.19e-03
  6.0124e+01   7.03e-03
  6.1692e+01   6.87e-03
  6.3301e+01   6.73e-03
  6.4952e+01   6.59e-03
  6.6647e+01   6.45e-03
  6.8385e+01   6.31e-03
  7.0169e+01   6.18e-03
  7.1999e+01   6.06e-03
  7.3877e+01   5.93e-03
  7.5804e+01   5.81e-03
  7.7781e+01   5.70e-03
  7.9810e+01   5.59e-03
  8.1891e+01   5.48e-03
  8.4027e+01   5.37e-03
  8.6219e+01   5.27e-03
  8.8468e+01   5.17e-03
  9.0775e+01   5.07e-03
  9.3143e+01   4.97e-03
  9.5572e+01   4.88e-03
  9.8065e+01   4.79e-03
  1.0062e+02   4.70e-03
  1.0325e+02   4.61e-03
  1.0594e+02   4.53e-03
  1.0870e+02   4.44e-03
  1.1154e+02   4.36e-03
  1.1445e+02   4.29e-03
  1.1743e+02   4.21e-03
  1.2050e+02   4.13e-03
  1.2364e+02   4.06e-03
  1.2686e+02   3.99e-03
  1.3017e+02   3.92e-03
  1.3357e+02   3.85e-03
  1.3705e+02   3.78e-03
  1.4063e+02   3.71e-03
  1.4429e+02   3.65e-03
  1.4806e+02   3.59e-03
  1.5192e+02   3.52e-03
  1.5588e+02   3.46e-03
  1.5995e+02   3.40e-03
  1.6412e+02   3.34e-03
  1.6840e+02   3.28e-03
  1.7279e+02   3.22e-03
  1.7730e+02   3.16e-03
  1.8193e+02   3.11e-03
  1.8667e+02   3.05e-03
  1.9154e+02   2.99e-03
  1.9654e+02   2.94e-03
  2.0166e+02   2.88e-03
  2.0692e+02   2.83e-03
  2.1232e+02   2.78e-03
  2.1786e+02   2.73e-03
  2.2354e+02   2.68e-03
  2.2937e+02   2.62e-03
  2.3535e+02   2.57e-03
  2.4149e+02   2.52e-03
  2.4779e+02   2.47e-03
  2.5425e+02   2.43e-03
  2.6088e+02   2.38e-03
  2.6769e+02   2.33e-03
  2.7467e+02   2.28e-03
  2.8184e+02   2.23e-03
  2.8919e+02   2.19e-03
  2.9673e+02   2.14e-03
  3.0447e+02   2.10e-03
  3.1241e+02   2.05e-03
  3.2056e+02   2.00e-03
  3.2892e+02   1.96e-03
  3.3750e+02   1.92e-03
  3.4630e+02   1.87e-03
  3.5533e+02   1.83e-03
  3.6460e+02   1.78e-03
  3.7411e+02   1.74e-03
  3.8387e+02   1.70e-03
  3.9388e+02   1.66e-03
  4.0416e+02   1.61e-03
  4.1470e+02   1.57e-03
  4.2551e+02   1.53e-03
  4.3661e+02   1.49e-03
  4.4800e+02   1.45e-03
  4.5969e+02   1.41e-03
  4.7168e+02   1.38e-03
  4.8398e+02   1.34e-03
  4.9660e+02   1.30e-03
  5.0956e+02   1.26e-03
  5.2285e+02   1.23e-03
  5.3648e+02   1.19e-03
  5.5048e+02   1.15e-03
  5.6483e+02   1.12e-03
  5.7957e+02   1.08e-03
  5.9468e+02   1.05e-03
  6.1020e+02   1.02e-03
  6.2611e+02   9.83e-04
  6.4244e+02   9.51e-04
  6.5920e+02   9.20e-04
  6.7639e+02   8.89e-04
  6.9403e+02   8.59e-04
  7.1214e+02   8.29e-04
  7.3071e+02   8.00e-04
  7.4977e+02   7.72e-04
  7.6933e+02   7.45e-04
  7.8939e+02   7.17e-04
  8.0998e+02   6.91e-04
  8.3111e+02   6.65e-04
  8.5279e+02   6.41e-04
  8.7503e+02   6.16e-04
  8.9785e+02   5.92e-04
  9.2127e+02   5.69e-04
  9.4530e+02   5.46e-04
  9.6996e+02   5.25e-04
  9.9526e+02   5.02e-04
  1.0212e+03   4.81e-04
  1.0479e+03   4.61e-04
  1.0752e+03   4.41e-04
  1.1032e+03   4.22e-04
  1.1320e+03   4.03e-04
  1.1615e+03   3.85e-04
  1.1918e+03   3.68e-04
  1.2229e+03   3.51e-04
  1.2548e+03   3.34e-04
  1.2875e+03   3.18e-04
  1.3211e+03   3.03e-04
  1.3556e+03   2.89e-04
  1.3909e+03   2.74e-04
  1.4272e+03   2.61e-04
  1.4644e+03   2.47e-04
  1.5026e+03   2.35e-04
  1.5418e+03   2.22e-04
  1.5820e+03   2.11e-04
  1.6233e+03   1.99e-04
  1.6657e+03   1.88e-04
  1.7091e+03   1.78e-04
  1.7537e+03   1.68e-04
  1.7994e+03   1.58e-04
  1.8464e+03   1.49e-04
  1.8945e+03   1.40e-04
  1.9439e+03   1.31e-04
  1.9946e+03   1.23e-04
  2.0467e+03   1.15e-04
  2.1000e+03   1.07e-04
  2.1548e+03   9.99e-05
  2.2110e+03   9.30e-05
  2.2687e+03   8.65e-05
  2.3279e+03   8.02e-05
  2.3886e+03   7.43e-05
  2.4509e+03   6.87e-05
  2.5148e+03   6.34e-05
  2.5804e+03   5.84e-05
  2.6477e+03   5.37e-05
  2.7168e+03   4.91e-05
  2.7876e+03   4.51e-05
  2.8603e+03   4.13e-05
  2.9349e+03   3.77e-05
  3.0115e+03   3.43e-05
  3.0900e+03   3.11e-05
  3.1706e+03   2.83e-05
  3.2533e+03   2.55e-05
  3.3382e+03   2.29e-05
  3.4253e+03   2.05e-05
  3.5146e+03   1.85e-05
  3.6063e+03   1.66e-05
  3.7003e+03   1.48e-05
  3.7969e+03   1.31e-05
  3.8959e+03   1.17e-05
  3.9975e+03   1.05e-05
  4.1018e+03   9.38e-06
  4.2088e+03   8.28e-06
  4.3185e+03   7.30e-06
  4.4312e+03   6.60e-06
  4.5467e+03   5.94e-06
  4.6653e+03   5.31e-06
  4.7870e+03   4.72e-06
  4.9119e+03   4.32e-06
  5.0400e+03   4.01e-06
