#  E [MeV]   Flux [# cm^{-2} s^{-1}  MeV^{-1}]
  3.0000e+04   4.70e-23
  3.0607e+04   4.54e-23
  3.1227e+04   4.37e-23
  3.1859e+04   4.22e-23
  3.2504e+04   4.07e-23
  3.3163e+04   3.92e-23
  3.3834e+04   3.78e-23
  3.4519e+04   3.64e-23
  3.5218e+04   3.51e-23
  3.5931e+04   3.38e-23
  3.6659e+04   3.25e-23
  3.7401e+04   3.13e-23
  3.8158e+04   3.01e-23
  3.8931e+04   2.90e-23
  3.9719e+04   2.79e-23
  4.0523e+04   2.68e-23
  4.1344e+04   2.58e-23
  4.2181e+04   2.48e-23
  4.3035e+04   2.38e-23
  4.3906e+04   2.29e-23
  4.4795e+04   2.20e-23
  4.5702e+04   2.11e-23
  4.6628e+04   2.03e-23
  4.7572e+04   1.95e-23
  4.8535e+04   1.87e-23
  4.9517e+04   1.80e-23
  5.0520e+04   1.72e-23
  5.1543e+04   1.65e-23
  5.2587e+04   1.58e-23
  5.3651e+04   1.52e-23
  5.4738e+04   1.46e-23
  5.5846e+04   1.39e-23
  5.6977e+04   1.34e-23
  5.8130e+04   1.28e-23
  5.9307e+04   1.22e-23
  6.0508e+04   1.17e-23
  6.1733e+04   1.12e-23
  6.2983e+04   1.07e-23
  6.4258e+04   1.03e-23
  6.5559e+04   9.81e-24
  6.6887e+04   9.37e-24
  6.8241e+04   8.96e-24
  6.9623e+04   8.57e-24
  7.1033e+04   8.18e-24
  7.2471e+04   7.81e-24
  7.3938e+04   7.45e-24
  7.5435e+04   7.11e-24
  7.6963e+04   6.78e-24
  7.8521e+04   6.47e-24
  8.0111e+04   6.17e-24
  8.1733e+04   5.87e-24
  8.3388e+04   5.59e-24
  8.5076e+04   5.32e-24
  8.6799e+04   5.07e-24
  8.8556e+04   4.83e-24
  9.0349e+04   4.59e-24
  9.2178e+04   4.36e-24
  9.4045e+04   4.14e-24
  9.5949e+04   3.94e-24
  9.7892e+04   3.74e-24
  9.9874e+04   3.55e-24
  1.0190e+05   3.37e-24
  1.0396e+05   3.20e-24
  1.0606e+05   3.03e-24
  1.0821e+05   2.88e-24
  1.1040e+05   2.73e-24
  1.1264e+05   2.59e-24
  1.1492e+05   2.45e-24
  1.1725e+05   2.31e-24
  1.1962e+05   2.19e-24
  1.2204e+05   2.07e-24
  1.2451e+05   1.96e-24
  1.2703e+05   1.85e-24
  1.2961e+05   1.75e-24
  1.3223e+05   1.65e-24
  1.3491e+05   1.56e-24
  1.3764e+05   1.47e-24
  1.4043e+05   1.39e-24
  1.4327e+05   1.31e-24
  1.4617e+05   1.24e-24
  1.4913e+05   1.16e-24
  1.5215e+05   1.09e-24
  1.5523e+05   1.03e-24
  1.5837e+05   9.71e-25
  1.6158e+05   9.12e-25
  1.6485e+05   8.56e-25
  1.6819e+05   8.02e-25
  1.7159e+05   7.55e-25
  1.7507e+05   7.10e-25
  1.7861e+05   6.66e-25
  1.8223e+05   6.24e-25
  1.8592e+05   5.83e-25
  1.8968e+05   5.45e-25
  1.9352e+05   5.12e-25
  1.9744e+05   4.80e-25
  2.0144e+05   4.49e-25
  2.0552e+05   4.19e-25
  2.0968e+05   3.90e-25
  2.1392e+05   3.64e-25
  2.1826e+05   3.41e-25
  2.2267e+05   3.19e-25
  2.2718e+05   2.97e-25
  2.3178e+05   2.76e-25
  2.3648e+05   2.56e-25
  2.4126e+05   2.39e-25
  2.4615e+05   2.23e-25
  2.5113e+05   2.08e-25
  2.5622e+05   1.93e-25
  2.6141e+05   1.79e-25
  2.6670e+05   1.65e-25
  2.7210e+05   1.54e-25
  2.7761e+05   1.43e-25
  2.8323e+05   1.33e-25
  2.8896e+05   1.23e-25
  2.9481e+05   1.13e-25
  3.0078e+05   1.05e-25
  3.0687e+05   9.71e-26
  3.1309e+05   8.99e-26
  3.1943e+05   8.30e-26
  3.2589e+05   7.64e-26
  3.3249e+05   7.01e-26
  3.3922e+05   6.46e-26
  3.4609e+05   5.98e-26
  3.5310e+05   5.51e-26
  3.6025e+05   5.07e-26
  3.6754e+05   4.65e-26
  3.7498e+05   4.24e-26
  3.8258e+05   3.91e-26
  3.9032e+05   3.60e-26
  3.9823e+05   3.31e-26
  4.0629e+05   3.03e-26
  4.1452e+05   2.77e-26
  4.2291e+05   2.52e-26
  4.3147e+05   2.32e-26
  4.4021e+05   2.13e-26
  4.4912e+05   1.95e-26
  4.5821e+05   1.78e-26
  4.6749e+05   1.61e-26
  4.7696e+05   1.47e-26
  4.8661e+05   1.35e-26
  4.9647e+05   1.24e-26
  5.0652e+05   1.13e-26
  5.1678e+05   1.03e-26
  5.2724e+05   9.28e-27
  5.3791e+05   8.47e-27
  5.4881e+05   7.77e-27
  5.5992e+05   7.10e-27
  5.7125e+05   6.46e-27
  5.8282e+05   5.86e-27
  5.9462e+05   5.29e-27
  6.0666e+05   4.85e-27
  6.1894e+05   4.44e-27
  6.3148e+05   4.06e-27
  6.4426e+05   3.70e-27
  6.5731e+05   3.35e-27
  6.7061e+05   3.03e-27
  6.8419e+05   2.79e-27
  6.9805e+05   2.56e-27
  7.1218e+05   2.35e-27
  7.2660e+05   2.14e-27
  7.4131e+05   1.94e-27
  7.5632e+05   1.77e-27
  7.7163e+05   1.64e-27
  7.8726e+05   1.51e-27
  8.0320e+05   1.38e-27
  8.1946e+05   1.26e-27
  8.3605e+05   1.15e-27
  8.5298e+05   1.06e-27
  8.7025e+05   9.81e-28
  8.8787e+05   9.05e-28
  9.0585e+05   8.34e-28
  9.2419e+05   7.65e-28
  9.4290e+05   7.01e-28
  9.6199e+05   6.51e-28
  9.8147e+05   6.06e-28
  1.0013e+06   5.63e-28
  1.0216e+06   5.22e-28
  1.0423e+06   4.82e-28
  1.0634e+06   4.46e-28
  1.0849e+06   4.17e-28
  1.1069e+06   3.89e-28
  1.1293e+06   3.62e-28
  1.1522e+06   3.37e-28
  1.1755e+06   3.13e-28
  1.1993e+06   2.91e-28
  1.2236e+06   2.71e-28
  1.2484e+06   2.52e-28
  1.2736e+06   2.34e-28
  1.2994e+06   2.17e-28
  1.3257e+06   2.01e-28
  1.3526e+06   1.86e-28
  1.3800e+06   1.72e-28
  1.4079e+06   1.59e-28
  1.4364e+06   1.46e-28
  1.4655e+06   1.34e-28
  1.4952e+06   1.23e-28
  1.5255e+06   1.15e-28
  1.5563e+06   1.08e-28
  1.5879e+06   1.01e-28
  1.6200e+06   9.38e-29
