#  E [GeV]   # per interaction  [GeV^{-1}]
  3.0000e+01   1.15e-01
  3.0501e+01   1.11e-01
  3.1010e+01   1.07e-01
  3.1528e+01   1.04e-01
  3.2055e+01   9.99e-02
  3.2590e+01   9.63e-02
  3.3134e+01   9.28e-02
  3.3688e+01   8.95e-02
  3.4250e+01   8.62e-02
  3.4822e+01   8.31e-02
  3.5404e+01   8.00e-02
  3.5995e+01   7.70e-02
  3.6596e+01   7.41e-02
  3.7207e+01   7.13e-02
  3.7829e+01   6.87e-02
  3.8460e+01   6.61e-02
  3.9103e+01   6.35e-02
  3.9756e+01   6.11e-02
  4.0420e+01   5.87e-02
  4.1095e+01   5.64e-02
  4.1781e+01   5.41e-02
  4.2479e+01   5.21e-02
  4.3188e+01   5.00e-02
  4.3909e+01   4.80e-02
  4.4642e+01   4.61e-02
  4.5388e+01   4.42e-02
  4.6146e+01   4.24e-02
  4.6917e+01   4.07e-02
  4.7700e+01   3.91e-02
  4.8497e+01   3.75e-02
  4.9307e+01   3.59e-02
  5.0130e+01   3.44e-02
  5.0967e+01   3.30e-02
  5.1818e+01   3.15e-02
  5.2684e+01   3.02e-02
  5.3563e+01   2.90e-02
  5.4458e+01   2.78e-02
  5.5367e+01   2.66e-02
  5.6292e+01   2.54e-02
  5.7232e+01   2.43e-02
  5.8188e+01   2.32e-02
  5.9160e+01   2.22e-02
  6.0148e+01   2.13e-02
  6.1152e+01   2.03e-02
  6.2173e+01   1.94e-02
  6.3212e+01   1.86e-02
  6.4267e+01   1.77e-02
  6.5340e+01   1.69e-02
  6.6432e+01   1.61e-02
  6.7541e+01   1.54e-02
  6.8669e+01   1.47e-02
  6.9816e+01   1.40e-02
  7.0982e+01   1.34e-02
  7.2167e+01   1.27e-02
  7.3372e+01   1.21e-02
  7.4598e+01   1.15e-02
  7.5843e+01   1.10e-02
  7.7110e+01   1.05e-02
  7.8398e+01   9.98e-03
  7.9707e+01   9.49e-03
  8.1038e+01   9.01e-03
  8.2391e+01   8.55e-03
  8.3767e+01   8.14e-03
  8.5166e+01   7.75e-03
  8.6588e+01   7.37e-03
  8.8034e+01   7.00e-03
  8.9505e+01   6.64e-03
  9.0999e+01   6.29e-03
  9.2519e+01   5.95e-03
  9.4064e+01   5.66e-03
  9.5635e+01   5.38e-03
  9.7232e+01   5.10e-03
  9.8856e+01   4.84e-03
  1.0051e+02   4.58e-03
  1.0219e+02   4.33e-03
  1.0389e+02   4.09e-03
  1.0563e+02   3.88e-03
  1.0739e+02   3.68e-03
  1.0918e+02   3.48e-03
  1.1101e+02   3.30e-03
  1.1286e+02   3.11e-03
  1.1475e+02   2.94e-03
  1.1666e+02   2.76e-03
  1.1861e+02   2.62e-03
  1.2059e+02   2.48e-03
  1.2260e+02   2.34e-03
  1.2465e+02   2.21e-03
  1.2673e+02   2.08e-03
  1.2885e+02   1.96e-03
  1.3100e+02   1.84e-03
  1.3319e+02   1.74e-03
  1.3541e+02   1.64e-03
  1.3768e+02   1.55e-03
  1.3997e+02   1.46e-03
  1.4231e+02   1.37e-03
  1.4469e+02   1.29e-03
  1.4711e+02   1.20e-03
  1.4956e+02   1.14e-03
  1.5206e+02   1.07e-03
  1.5460e+02   1.01e-03
  1.5718e+02   9.45e-04
  1.5981e+02   8.86e-04
  1.6247e+02   8.28e-04
  1.6519e+02   7.72e-04
  1.6795e+02   7.28e-04
  1.7075e+02   6.84e-04
  1.7360e+02   6.42e-04
  1.7650e+02   6.01e-04
  1.7945e+02   5.62e-04
  1.8245e+02   5.24e-04
  1.8549e+02   4.87e-04
  1.8859e+02   4.58e-04
  1.9174e+02   4.30e-04
  1.9494e+02   4.02e-04
  1.9820e+02   3.76e-04
  2.0151e+02   3.50e-04
  2.0487e+02   3.25e-04
  2.0829e+02   3.02e-04
  2.1177e+02   2.83e-04
  2.1531e+02   2.65e-04
  2.1890e+02   2.47e-04
  2.2256e+02   2.30e-04
  2.2628e+02   2.14e-04
  2.3006e+02   1.98e-04
  2.3390e+02   1.83e-04
  2.3780e+02   1.71e-04
  2.4178e+02   1.60e-04
  2.4581e+02   1.49e-04
  2.4992e+02   1.38e-04
  2.5409e+02   1.28e-04
  2.5833e+02   1.18e-04
  2.6265e+02   1.09e-04
  2.6704e+02   1.02e-04
  2.7149e+02   9.50e-05
  2.7603e+02   8.83e-05
  2.8064e+02   8.18e-05
  2.8532e+02   7.55e-05
  2.9009e+02   6.95e-05
  2.9493e+02   6.40e-05
  2.9986e+02   5.97e-05
  3.0487e+02   5.55e-05
  3.0996e+02   5.15e-05
  3.1513e+02   4.76e-05
  3.2040e+02   4.39e-05
  3.2575e+02   4.03e-05
  3.3119e+02   3.71e-05
  3.3672e+02   3.46e-05
  3.4234e+02   3.22e-05
  3.4806e+02   2.98e-05
  3.5387e+02   2.76e-05
  3.5978e+02   2.54e-05
  3.6579e+02   2.33e-05
  3.7190e+02   2.15e-05
  3.7811e+02   2.00e-05
  3.8442e+02   1.86e-05
  3.9084e+02   1.73e-05
  3.9737e+02   1.60e-05
  4.0401e+02   1.47e-05
  4.1075e+02   1.35e-05
  4.1761e+02   1.25e-05
  4.2459e+02   1.17e-05
  4.3168e+02   1.09e-05
  4.3889e+02   1.01e-05
  4.4622e+02   9.33e-06
  4.5367e+02   8.61e-06
  4.6124e+02   7.92e-06
  4.6895e+02   7.33e-06
  4.7678e+02   6.84e-06
  4.8474e+02   6.37e-06
  4.9283e+02   5.92e-06
  5.0107e+02   5.48e-06
  5.0943e+02   5.07e-06
  5.1794e+02   4.67e-06
  5.2659e+02   4.33e-06
  5.3538e+02   4.04e-06
  5.4432e+02   3.76e-06
  5.5342e+02   3.49e-06
  5.6266e+02   3.23e-06
  5.7205e+02   2.99e-06
  5.8161e+02   2.75e-06
  5.9132e+02   2.55e-06
  6.0119e+02   2.37e-06
  6.1123e+02   2.20e-06
  6.2144e+02   2.04e-06
  6.3182e+02   1.89e-06
  6.4237e+02   1.74e-06
  6.5310e+02   1.60e-06
  6.6401e+02   1.47e-06
  6.7509e+02   1.34e-06
  6.8637e+02   1.23e-06
  6.9783e+02   1.12e-06
  7.0948e+02   1.01e-06
  7.2133e+02   9.09e-07
  7.3338e+02   8.13e-07
  7.4563e+02   7.42e-07
  7.5808e+02   6.84e-07
  7.7074e+02   6.28e-07
  7.8361e+02   5.75e-07
  7.9670e+02   5.25e-07
  8.1000e+02   4.77e-07
