#  E [GeV]   # per interaction  [GeV^{-1}]
  3.0000e+01   6.68e-02
  3.0411e+01   6.50e-02
  3.0828e+01   6.31e-02
  3.1250e+01   6.13e-02
  3.1678e+01   5.96e-02
  3.2112e+01   5.79e-02
  3.2552e+01   5.63e-02
  3.2998e+01   5.47e-02
  3.3450e+01   5.31e-02
  3.3909e+01   5.16e-02
  3.4373e+01   5.01e-02
  3.4844e+01   4.86e-02
  3.5322e+01   4.72e-02
  3.5806e+01   4.59e-02
  3.6296e+01   4.45e-02
  3.6794e+01   4.32e-02
  3.7298e+01   4.20e-02
  3.7809e+01   4.07e-02
  3.8327e+01   3.95e-02
  3.8852e+01   3.83e-02
  3.9384e+01   3.71e-02
  3.9924e+01   3.60e-02
  4.0471e+01   3.50e-02
  4.1025e+01   3.39e-02
  4.1587e+01   3.29e-02
  4.2157e+01   3.19e-02
  4.2735e+01   3.09e-02
  4.3320e+01   2.99e-02
  4.3914e+01   2.90e-02
  4.4516e+01   2.81e-02
  4.5125e+01   2.72e-02
  4.5744e+01   2.64e-02
  4.6370e+01   2.56e-02
  4.7006e+01   2.47e-02
  4.7650e+01   2.40e-02
  4.8303e+01   2.32e-02
  4.8965e+01   2.24e-02
  4.9635e+01   2.17e-02
  5.0315e+01   2.10e-02
  5.1005e+01   2.03e-02
  5.1704e+01   1.97e-02
  5.2412e+01   1.90e-02
  5.3130e+01   1.84e-02
  5.3858e+01   1.78e-02
  5.4596e+01   1.72e-02
  5.5344e+01   1.66e-02
  5.6102e+01   1.60e-02
  5.6871e+01   1.55e-02
  5.7650e+01   1.50e-02
  5.8440e+01   1.45e-02
  5.9241e+01   1.40e-02
  6.0053e+01   1.35e-02
  6.0875e+01   1.31e-02
  6.1709e+01   1.26e-02
  6.2555e+01   1.21e-02
  6.3412e+01   1.17e-02
  6.4281e+01   1.13e-02
  6.5162e+01   1.09e-02
  6.6054e+01   1.06e-02
  6.6959e+01   1.02e-02
  6.7877e+01   9.82e-03
  6.8807e+01   9.46e-03
  6.9750e+01   9.11e-03
  7.0705e+01   8.78e-03
  7.1674e+01   8.48e-03
  7.2656e+01   8.18e-03
  7.3652e+01   7.88e-03
  7.4661e+01   7.60e-03
  7.5684e+01   7.32e-03
  7.6721e+01   7.05e-03
  7.7772e+01   6.78e-03
  7.8837e+01   6.52e-03
  7.9917e+01   6.28e-03
  8.1012e+01   6.06e-03
  8.2122e+01   5.84e-03
  8.3248e+01   5.62e-03
  8.4388e+01   5.41e-03
  8.5544e+01   5.21e-03
  8.6717e+01   5.01e-03
  8.7905e+01   4.81e-03
  8.9109e+01   4.62e-03
  9.0330e+01   4.45e-03
  9.1568e+01   4.28e-03
  9.2822e+01   4.12e-03
  9.4094e+01   3.95e-03
  9.5383e+01   3.80e-03
  9.6690e+01   3.64e-03
  9.8015e+01   3.49e-03
  9.9358e+01   3.34e-03
  1.0072e+02   3.21e-03
  1.0210e+02   3.09e-03
  1.0350e+02   2.96e-03
  1.0492e+02   2.84e-03
  1.0635e+02   2.73e-03
  1.0781e+02   2.61e-03
  1.0929e+02   2.50e-03
  1.1079e+02   2.39e-03
  1.1230e+02   2.29e-03
  1.1384e+02   2.20e-03
  1.1540e+02   2.11e-03
  1.1698e+02   2.02e-03
  1.1859e+02   1.93e-03
  1.2021e+02   1.85e-03
  1.2186e+02   1.77e-03
  1.2353e+02   1.69e-03
  1.2522e+02   1.61e-03
  1.2694e+02   1.54e-03
  1.2867e+02   1.48e-03
  1.3044e+02   1.42e-03
  1.3222e+02   1.36e-03
  1.3404e+02   1.30e-03
  1.3587e+02   1.24e-03
  1.3773e+02   1.18e-03
  1.3962e+02   1.12e-03
  1.4153e+02   1.07e-03
  1.4347e+02   1.03e-03
  1.4544e+02   9.83e-04
  1.4743e+02   9.40e-04
  1.4945e+02   8.98e-04
  1.5150e+02   8.56e-04
  1.5358e+02   8.16e-04
  1.5568e+02   7.76e-04
  1.5781e+02   7.38e-04
  1.5997e+02   7.07e-04
  1.6217e+02   6.76e-04
  1.6439e+02   6.46e-04
  1.6664e+02   6.17e-04
  1.6892e+02   5.88e-04
  1.7124e+02   5.60e-04
  1.7358e+02   5.33e-04
  1.7596e+02   5.06e-04
  1.7837e+02   4.84e-04
  1.8082e+02   4.63e-04
  1.8330e+02   4.42e-04
  1.8581e+02   4.22e-04
  1.8835e+02   4.03e-04
  1.9093e+02   3.84e-04
  1.9355e+02   3.65e-04
  1.9620e+02   3.47e-04
  1.9889e+02   3.30e-04
  2.0161e+02   3.17e-04
  2.0438e+02   3.03e-04
  2.0718e+02   2.90e-04
  2.1002e+02   2.78e-04
  2.1289e+02   2.65e-04
  2.1581e+02   2.53e-04
  2.1877e+02   2.41e-04
  2.2176e+02   2.30e-04
  2.2480e+02   2.20e-04
  2.2788e+02   2.12e-04
  2.3101e+02   2.04e-04
  2.3417e+02   1.95e-04
  2.3738e+02   1.88e-04
  2.4063e+02   1.80e-04
  2.4393e+02   1.72e-04
  2.4727e+02   1.65e-04
  2.5066e+02   1.58e-04
  2.5409e+02   1.52e-04
  2.5757e+02   1.47e-04
  2.6110e+02   1.42e-04
  2.6468e+02   1.37e-04
  2.6831e+02   1.32e-04
  2.7198e+02   1.27e-04
  2.7571e+02   1.22e-04
  2.7949e+02   1.18e-04
  2.8332e+02   1.14e-04
  2.8720e+02   1.11e-04
  2.9113e+02   1.08e-04
  2.9512e+02   1.05e-04
  2.9917e+02   1.02e-04
  3.0327e+02   9.91e-05
  3.0742e+02   9.63e-05
  3.1163e+02   9.35e-05
  3.1590e+02   9.10e-05
  3.2023e+02   8.90e-05
  3.2462e+02   8.70e-05
  3.2907e+02   8.50e-05
  3.3357e+02   8.31e-05
  3.3814e+02   8.12e-05
  3.4278e+02   7.93e-05
  3.4747e+02   7.75e-05
  3.5223e+02   7.57e-05
  3.5706e+02   7.17e-05
  3.6195e+02   6.75e-05
  3.6691e+02   6.34e-05
  3.7194e+02   5.94e-05
  3.7704e+02   5.55e-05
  3.8220e+02   5.17e-05
  3.8744e+02   4.80e-05
  3.9275e+02   4.44e-05
  3.9813e+02   4.03e-05
  4.0358e+02   3.57e-05
  4.0911e+02   3.11e-05
  4.1472e+02   2.67e-05
  4.2040e+02   2.24e-05
  4.2616e+02   1.82e-05
  4.3200e+02   1.42e-05
  4.3792e+02   1.02e-05
  4.4392e+02   6.34e-06
  4.5000e+02   5.67e-06
