#  E [MeV]   Flux [# cm^{-2} s^{-1}  MeV^{-1}]
  3.0000e+04   1.04e-20
  3.0675e+04   1.01e-20
  3.1366e+04   9.78e-21
  3.2072e+04   9.48e-21
  3.2794e+04   9.18e-21
  3.3533e+04   8.89e-21
  3.4288e+04   8.61e-21
  3.5060e+04   8.34e-21
  3.5849e+04   8.08e-21
  3.6656e+04   7.83e-21
  3.7482e+04   7.58e-21
  3.8326e+04   7.34e-21
  3.9188e+04   7.11e-21
  4.0071e+04   6.88e-21
  4.0973e+04   6.67e-21
  4.1896e+04   6.45e-21
  4.2839e+04   6.25e-21
  4.3803e+04   6.05e-21
  4.4790e+04   5.86e-21
  4.5798e+04   5.68e-21
  4.6829e+04   5.50e-21
  4.7884e+04   5.32e-21
  4.8962e+04   5.16e-21
  5.0064e+04   4.99e-21
  5.1191e+04   4.84e-21
  5.2344e+04   4.68e-21
  5.3522e+04   4.53e-21
  5.4727e+04   4.39e-21
  5.5960e+04   4.25e-21
  5.7219e+04   4.12e-21
  5.8508e+04   3.99e-21
  5.9825e+04   3.86e-21
  6.1172e+04   3.74e-21
  6.2549e+04   3.62e-21
  6.3958e+04   3.51e-21
  6.5398e+04   3.39e-21
  6.6870e+04   3.29e-21
  6.8376e+04   3.18e-21
  6.9915e+04   3.08e-21
  7.1489e+04   2.99e-21
  7.3099e+04   2.89e-21
  7.4745e+04   2.80e-21
  7.6428e+04   2.71e-21
  7.8148e+04   2.63e-21
  7.9908e+04   2.54e-21
  8.1707e+04   2.46e-21
  8.3547e+04   2.39e-21
  8.5428e+04   2.31e-21
  8.7351e+04   2.24e-21
  8.9318e+04   2.17e-21
  9.1329e+04   2.10e-21
  9.3385e+04   2.04e-21
  9.5488e+04   1.97e-21
  9.7638e+04   1.91e-21
  9.9836e+04   1.85e-21
  1.0208e+05   1.79e-21
  1.0438e+05   1.74e-21
  1.0673e+05   1.68e-21
  1.0914e+05   1.63e-21
  1.1159e+05   1.58e-21
  1.1411e+05   1.53e-21
  1.1667e+05   1.48e-21
  1.1930e+05   1.44e-21
  1.2199e+05   1.39e-21
  1.2473e+05   1.35e-21
  1.2754e+05   1.31e-21
  1.3041e+05   1.27e-21
  1.3335e+05   1.23e-21
  1.3635e+05   1.19e-21
  1.3942e+05   1.15e-21
  1.4256e+05   1.12e-21
  1.4577e+05   1.08e-21
  1.4905e+05   1.05e-21
  1.5241e+05   1.02e-21
  1.5584e+05   9.88e-22
  1.5935e+05   9.57e-22
  1.6294e+05   9.28e-22
  1.6661e+05   8.99e-22
  1.7036e+05   8.72e-22
  1.7419e+05   8.45e-22
  1.7812e+05   8.19e-22
  1.8213e+05   7.94e-22
  1.8623e+05   7.69e-22
  1.9042e+05   7.45e-22
  1.9471e+05   7.23e-22
  1.9909e+05   7.00e-22
  2.0357e+05   6.79e-22
  2.0816e+05   6.58e-22
  2.1284e+05   6.37e-22
  2.1763e+05   6.17e-22
  2.2253e+05   5.98e-22
  2.2755e+05   5.80e-22
  2.3267e+05   5.62e-22
  2.3791e+05   5.44e-22
  2.4326e+05   5.27e-22
  2.4874e+05   5.11e-22
  2.5434e+05   4.95e-22
  2.6007e+05   4.79e-22
  2.6592e+05   4.64e-22
  2.7191e+05   4.49e-22
  2.7803e+05   4.35e-22
  2.8429e+05   4.21e-22
  2.9069e+05   4.07e-22
  2.9724e+05   3.94e-22
  3.0393e+05   3.82e-22
  3.1077e+05   3.69e-22
  3.1777e+05   3.57e-22
  3.2493e+05   3.46e-22
  3.3224e+05   3.34e-22
  3.3972e+05   3.23e-22
  3.4737e+05   3.13e-22
  3.5519e+05   3.02e-22
  3.6319e+05   2.92e-22
  3.7137e+05   2.83e-22
  3.7973e+05   2.73e-22
  3.8828e+05   2.64e-22
  3.9702e+05   2.55e-22
  4.0596e+05   2.46e-22
  4.1510e+05   2.38e-22
  4.2444e+05   2.30e-22
  4.3400e+05   2.22e-22
  4.4377e+05   2.14e-22
  4.5376e+05   2.07e-22
  4.6398e+05   1.99e-22
  4.7443e+05   1.92e-22
  4.8511e+05   1.85e-22
  4.9603e+05   1.79e-22
  5.0720e+05   1.72e-22
  5.1862e+05   1.66e-22
  5.3030e+05   1.60e-22
  5.4224e+05   1.54e-22
  5.5444e+05   1.49e-22
  5.6693e+05   1.43e-22
  5.7969e+05   1.38e-22
  5.9274e+05   1.33e-22
  6.0609e+05   1.28e-22
  6.1974e+05   1.23e-22
  6.3369e+05   1.18e-22
  6.4796e+05   1.14e-22
  6.6255e+05   1.09e-22
  6.7746e+05   1.05e-22
  6.9272e+05   1.01e-22
  7.0831e+05   9.73e-23
  7.2426e+05   9.36e-23
  7.4057e+05   9.00e-23
  7.5724e+05   8.65e-23
  7.7429e+05   8.32e-23
  7.9172e+05   7.99e-23
  8.0955e+05   7.68e-23
  8.2778e+05   7.38e-23
  8.4641e+05   7.10e-23
  8.6547e+05   6.82e-23
  8.8496e+05   6.55e-23
  9.0488e+05   6.29e-23
  9.2526e+05   6.05e-23
  9.4609e+05   5.81e-23
  9.6739e+05   5.58e-23
  9.8917e+05   5.36e-23
  1.0114e+06   5.15e-23
  1.0342e+06   4.94e-23
  1.0575e+06   4.75e-23
  1.0813e+06   4.56e-23
  1.1057e+06   4.38e-23
  1.1305e+06   4.21e-23
  1.1560e+06   4.04e-23
  1.1820e+06   3.88e-23
  1.2086e+06   3.73e-23
  1.2359e+06   3.58e-23
  1.2637e+06   3.44e-23
  1.2921e+06   3.30e-23
  1.3212e+06   3.18e-23
  1.3510e+06   3.05e-23
  1.3814e+06   2.93e-23
  1.4125e+06   2.82e-23
  1.4443e+06   2.71e-23
  1.4768e+06   2.60e-23
  1.5101e+06   2.50e-23
  1.5441e+06   2.40e-23
  1.5788e+06   2.31e-23
  1.6144e+06   2.22e-23
  1.6507e+06   2.13e-23
  1.6879e+06   2.05e-23
  1.7259e+06   1.97e-23
  1.7648e+06   1.89e-23
  1.8045e+06   1.82e-23
  1.8451e+06   1.75e-23
  1.8867e+06   1.68e-23
  1.9291e+06   1.61e-23
  1.9726e+06   1.55e-23
  2.0170e+06   1.48e-23
  2.0624e+06   1.43e-23
  2.1088e+06   1.37e-23
  2.1563e+06   1.31e-23
  2.2049e+06   1.26e-23
  2.2545e+06   1.21e-23
  2.3053e+06   1.16e-23
  2.3572e+06   1.11e-23
  2.4102e+06   1.07e-23
  2.4645e+06   1.03e-23
  2.5200e+06   9.91e-24
