#  E [MeV]   Flux [# cm^{-2} s^{-1}  MeV^{-1}]
  3.0000e+04   5.66e-26
  3.1232e+04   5.41e-26
  3.2514e+04   5.17e-26
  3.3849e+04   4.95e-26
  3.5238e+04   4.73e-26
  3.6685e+04   4.52e-26
  3.8191e+04   4.32e-26
  3.9759e+04   4.13e-26
  4.1391e+04   3.95e-26
  4.3090e+04   3.78e-26
  4.4859e+04   3.61e-26
  4.6701e+04   3.45e-26
  4.8618e+04   3.29e-26
  5.0614e+04   3.15e-26
  5.2692e+04   3.01e-26
  5.4855e+04   2.87e-26
  5.7107e+04   2.74e-26
  5.9451e+04   2.62e-26
  6.1892e+04   2.50e-26
  6.4433e+04   2.39e-26
  6.7078e+04   2.28e-26
  6.9832e+04   2.18e-26
  7.2699e+04   2.08e-26
  7.5683e+04   1.98e-26
  7.8790e+04   1.89e-26
  8.2025e+04   1.80e-26
  8.5392e+04   1.72e-26
  8.8898e+04   1.64e-26
  9.2547e+04   1.56e-26
  9.6347e+04   1.49e-26
  1.0030e+05   1.42e-26
  1.0442e+05   1.35e-26
  1.0871e+05   1.29e-26
  1.1317e+05   1.23e-26
  1.1782e+05   1.17e-26
  1.2265e+05   1.11e-26
  1.2769e+05   1.06e-26
  1.3293e+05   1.01e-26
  1.3839e+05   9.57e-27
  1.4407e+05   9.10e-27
  1.4998e+05   8.64e-27
  1.5614e+05   8.21e-27
  1.6255e+05   7.79e-27
  1.6922e+05   7.39e-27
  1.7617e+05   7.01e-27
  1.8340e+05   6.64e-27
  1.9093e+05   6.29e-27
  1.9877e+05   5.95e-27
  2.0693e+05   5.63e-27
  2.1543e+05   5.32e-27
  2.2427e+05   5.03e-27
  2.3348e+05   4.74e-27
  2.4306e+05   4.47e-27
  2.5304e+05   4.22e-27
  2.6343e+05   3.97e-27
  2.7424e+05   3.73e-27
  2.8550e+05   3.51e-27
  2.9722e+05   3.29e-27
  3.0942e+05   3.08e-27
  3.2213e+05   2.89e-27
  3.3535e+05   2.70e-27
  3.4912e+05   2.52e-27
  3.6345e+05   2.36e-27
  3.7837e+05   2.20e-27
  3.9390e+05   2.04e-27
  4.1008e+05   1.90e-27
  4.2691e+05   1.77e-27
  4.4444e+05   1.64e-27
  4.6268e+05   1.52e-27
  4.8168e+05   1.41e-27
  5.0145e+05   1.30e-27
  5.2204e+05   1.20e-27
  5.4347e+05   1.11e-27
  5.6578e+05   1.02e-27
  5.8901e+05   9.40e-28
  6.1319e+05   8.65e-28
  6.3836e+05   7.95e-28
  6.6457e+05   7.30e-28
  6.9185e+05   6.70e-28
  7.2025e+05   6.14e-28
  7.4982e+05   5.63e-28
  7.8061e+05   5.16e-28
  8.1265e+05   4.73e-28
  8.4601e+05   4.33e-28
  8.8075e+05   3.96e-28
  9.1690e+05   3.63e-28
  9.5455e+05   3.32e-28
  9.9373e+05   3.04e-28
  1.0345e+06   2.78e-28
  1.0770e+06   2.55e-28
  1.1212e+06   2.33e-28
  1.1672e+06   2.13e-28
  1.2152e+06   1.96e-28
  1.2650e+06   1.79e-28
  1.3170e+06   1.64e-28
  1.3711e+06   1.50e-28
  1.4273e+06   1.38e-28
  1.4859e+06   1.26e-28
  1.5469e+06   1.16e-28
  1.6104e+06   1.06e-28
  1.6766e+06   9.76e-29
  1.7454e+06   8.95e-29
  1.8170e+06   8.21e-29
  1.8916e+06   7.54e-29
  1.9693e+06   6.91e-29
  2.0501e+06   6.34e-29
  2.1343e+06   5.81e-29
  2.2219e+06   5.33e-29
  2.3131e+06   4.88e-29
  2.4081e+06   4.46e-29
  2.5070e+06   4.08e-29
  2.6099e+06   3.73e-29
  2.7170e+06   3.41e-29
  2.8286e+06   3.11e-29
  2.9447e+06   2.83e-29
  3.0656e+06   2.58e-29
  3.1914e+06   2.34e-29
  3.3225e+06   2.13e-29
  3.4589e+06   1.93e-29
  3.6008e+06   1.74e-29
  3.7487e+06   1.57e-29
  3.9026e+06   1.42e-29
  4.0628e+06   1.27e-29
  4.2296e+06   1.14e-29
  4.4032e+06   1.02e-29
  4.5840e+06   9.09e-30
  4.7722e+06   8.08e-30
  4.9681e+06   7.16e-30
  5.1720e+06   6.31e-30
  5.3844e+06   5.55e-30
  5.6054e+06   4.86e-30
  5.8355e+06   4.23e-30
  6.0751e+06   3.67e-30
  6.3245e+06   3.17e-30
  6.5841e+06   2.72e-30
  6.8544e+06   2.32e-30
  7.1358e+06   1.97e-30
  7.4288e+06   1.65e-30
  7.7338e+06   1.38e-30
  8.0513e+06   1.14e-30
  8.3818e+06   9.38e-31
  8.7259e+06   7.63e-31
  9.0841e+06   6.12e-31
  9.4571e+06   4.86e-31
  9.8453e+06   3.81e-31
  1.0249e+07   2.94e-31
  1.0670e+07   2.24e-31
  1.1108e+07   1.67e-31
  1.1564e+07   1.22e-31
  1.2039e+07   8.79e-32
  1.2533e+07   6.16e-32
  1.3048e+07   4.19e-32
  1.3584e+07   2.78e-32
  1.4141e+07   1.78e-32
  1.4722e+07   1.10e-32
  1.5326e+07   6.52e-33
  1.5955e+07   3.68e-33
  1.6610e+07   1.96e-33
  1.7292e+07   9.91e-34
  1.8002e+07   4.64e-34
  1.8741e+07   2.01e-34
  1.9511e+07   7.97e-35
  2.0312e+07   2.83e-35
  2.1145e+07   8.91e-36
  2.2013e+07   2.45e-36
  2.2917e+07   5.67e-37
  2.3858e+07   1.09e-37
  2.4837e+07   1.67e-38
  2.5857e+07   1.95e-39
  2.6919e+07   1.68e-40
  2.8024e+07   9.91e-42
  2.9174e+07   3.70e-43
  3.0372e+07   8.15e-45
  3.1619e+07   9.31e-47
  3.2917e+07   4.74e-49
  3.4268e+07   9.31e-52
  3.5675e+07   5.45e-55
  3.7140e+07   7.15e-59
  3.8664e+07   1.50e-63
  4.0252e+07   3.00e-69
  4.1904e+07   5.00e-72
  4.3624e+07   4.24e-72
  4.5415e+07   3.53e-72
  4.7280e+07   2.93e-72
  4.9221e+07   2.47e-72
  5.1241e+07   2.04e-72
  5.3345e+07   1.70e-72
  5.5535e+07   1.43e-72
  5.7815e+07   1.17e-72
  6.0188e+07   9.71e-73
  6.2659e+07   8.04e-73
  6.5232e+07   6.48e-73
  6.7910e+07   5.36e-73
  7.0698e+07   4.38e-73
  7.3600e+07   3.47e-73
  7.6621e+07   2.78e-73
  7.9767e+07   2.15e-73
  8.3042e+07   1.58e-73
  8.6451e+07   1.17e-73
  9.0000e+07   7.85e-74
