#  E [GeV]   # per interaction  [GeV^{-1}]
  3.0000e+01   2.19e-02
  3.1033e+01   2.11e-02
  3.2102e+01   2.03e-02
  3.3207e+01   1.95e-02
  3.4350e+01   1.87e-02
  3.5533e+01   1.80e-02
  3.6757e+01   1.73e-02
  3.8022e+01   1.67e-02
  3.9332e+01   1.60e-02
  4.0686e+01   1.54e-02
  4.2087e+01   1.48e-02
  4.3536e+01   1.42e-02
  4.5035e+01   1.36e-02
  4.6586e+01   1.31e-02
  4.8190e+01   1.25e-02
  4.9850e+01   1.20e-02
  5.1566e+01   1.15e-02
  5.3342e+01   1.11e-02
  5.5178e+01   1.06e-02
  5.7078e+01   1.02e-02
  5.9044e+01   9.75e-03
  6.1077e+01   9.34e-03
  6.3180e+01   8.95e-03
  6.5356e+01   8.57e-03
  6.7606e+01   8.21e-03
  6.9934e+01   7.85e-03
  7.2342e+01   7.52e-03
  7.4833e+01   7.19e-03
  7.7410e+01   6.88e-03
  8.0075e+01   6.58e-03
  8.2833e+01   6.29e-03
  8.5685e+01   6.01e-03
  8.8635e+01   5.74e-03
  9.1687e+01   5.48e-03
  9.4844e+01   5.24e-03
  9.8110e+01   5.00e-03
  1.0149e+02   4.77e-03
  1.0498e+02   4.55e-03
  1.0860e+02   4.34e-03
  1.1234e+02   4.14e-03
  1.1621e+02   3.95e-03
  1.2021e+02   3.77e-03
  1.2435e+02   3.59e-03
  1.2863e+02   3.42e-03
  1.3306e+02   3.26e-03
  1.3764e+02   3.10e-03
  1.4238e+02   2.95e-03
  1.4728e+02   2.81e-03
  1.5235e+02   2.67e-03
  1.5760e+02   2.54e-03
  1.6302e+02   2.41e-03
  1.6864e+02   2.29e-03
  1.7445e+02   2.18e-03
  1.8045e+02   2.07e-03
  1.8667e+02   1.96e-03
  1.9309e+02   1.86e-03
  1.9974e+02   1.77e-03
  2.0662e+02   1.67e-03
  2.1373e+02   1.59e-03
  2.2109e+02   1.50e-03
  2.2871e+02   1.42e-03
  2.3658e+02   1.35e-03
  2.4473e+02   1.27e-03
  2.5316e+02   1.20e-03
  2.6187e+02   1.14e-03
  2.7089e+02   1.08e-03
  2.8022e+02   1.02e-03
  2.8987e+02   9.59e-04
  2.9985e+02   9.05e-04
  3.1017e+02   8.53e-04
  3.2085e+02   8.04e-04
  3.3190e+02   7.57e-04
  3.4333e+02   7.13e-04
  3.5515e+02   6.71e-04
  3.6738e+02   6.31e-04
  3.8003e+02   5.93e-04
  3.9312e+02   5.58e-04
  4.0665e+02   5.24e-04
  4.2066e+02   4.91e-04
  4.3514e+02   4.61e-04
  4.5013e+02   4.32e-04
  4.6562e+02   4.05e-04
  4.8166e+02   3.80e-04
  4.9824e+02   3.56e-04
  5.1540e+02   3.33e-04
  5.3315e+02   3.12e-04
  5.5150e+02   2.92e-04
  5.7050e+02   2.73e-04
  5.9014e+02   2.55e-04
  6.1046e+02   2.39e-04
  6.3148e+02   2.23e-04
  6.5322e+02   2.08e-04
  6.7572e+02   1.95e-04
  6.9898e+02   1.82e-04
  7.2305e+02   1.70e-04
  7.4795e+02   1.59e-04
  7.7371e+02   1.49e-04
  8.0035e+02   1.39e-04
  8.2791e+02   1.30e-04
  8.5641e+02   1.21e-04
  8.8590e+02   1.13e-04
  9.1641e+02   1.06e-04
  9.4796e+02   9.93e-05
  9.8061e+02   9.30e-05
  1.0144e+03   8.71e-05
  1.0493e+03   8.16e-05
  1.0854e+03   7.65e-05
  1.1228e+03   7.18e-05
  1.1615e+03   6.73e-05
  1.2015e+03   6.32e-05
  1.2428e+03   5.94e-05
  1.2856e+03   5.58e-05
  1.3299e+03   5.24e-05
  1.3757e+03   4.93e-05
  1.4231e+03   4.64e-05
  1.4721e+03   4.37e-05
  1.5228e+03   4.12e-05
  1.5752e+03   3.88e-05
  1.6294e+03   3.66e-05
  1.6855e+03   3.46e-05
  1.7436e+03   3.27e-05
  1.8036e+03   3.09e-05
  1.8657e+03   2.92e-05
  1.9300e+03   2.76e-05
  1.9964e+03   2.62e-05
  2.0652e+03   2.48e-05
  2.1363e+03   2.34e-05
  2.2098e+03   2.22e-05
  2.2859e+03   2.10e-05
  2.3646e+03   1.99e-05
  2.4461e+03   1.89e-05
  2.5303e+03   1.79e-05
  2.6174e+03   1.70e-05
  2.7075e+03   1.61e-05
  2.8008e+03   1.53e-05
  2.8972e+03   1.45e-05
  2.9970e+03   1.37e-05
  3.1002e+03   1.30e-05
  3.2069e+03   1.23e-05
  3.3173e+03   1.17e-05
  3.4316e+03   1.11e-05
  3.5497e+03   1.05e-05
  3.6720e+03   9.92e-06
  3.7984e+03   9.38e-06
  3.9292e+03   8.87e-06
  4.0645e+03   8.38e-06
  4.2044e+03   7.91e-06
  4.3492e+03   7.47e-06
  4.4990e+03   7.03e-06
  4.6539e+03   6.62e-06
  4.8141e+03   6.22e-06
  4.9799e+03   5.84e-06
  5.1514e+03   5.47e-06
  5.3288e+03   5.12e-06
  5.5123e+03   4.78e-06
  5.7021e+03   4.46e-06
  5.8984e+03   4.16e-06
  6.1015e+03   3.86e-06
  6.3116e+03   3.58e-06
  6.5289e+03   3.31e-06
  6.7538e+03   3.06e-06
  6.9863e+03   2.81e-06
  7.2269e+03   2.58e-06
  7.4757e+03   2.36e-06
  7.7331e+03   2.15e-06
  7.9994e+03   1.96e-06
  8.2749e+03   1.77e-06
  8.5598e+03   1.60e-06
  8.8546e+03   1.43e-06
  9.1594e+03   1.28e-06
  9.4748e+03   1.14e-06
  9.8011e+03   1.00e-06
  1.0139e+04   8.78e-07
  1.0488e+04   7.65e-07
  1.0849e+04   6.61e-07
  1.1222e+04   5.67e-07
  1.1609e+04   4.82e-07
  1.2009e+04   4.05e-07
  1.2422e+04   3.37e-07
  1.2850e+04   2.78e-07
  1.3292e+04   2.25e-07
  1.3750e+04   1.81e-07
  1.4223e+04   1.42e-07
  1.4713e+04   1.10e-07
  1.5220e+04   8.40e-08
  1.5744e+04   6.26e-08
  1.6286e+04   4.56e-08
  1.6847e+04   3.23e-08
  1.7427e+04   2.22e-08
  1.8027e+04   1.48e-08
  1.8648e+04   9.50e-09
  1.9290e+04   5.85e-09
  1.9954e+04   3.43e-09
  2.0641e+04   1.91e-09
  2.1352e+04   1.00e-09
  2.2087e+04   4.89e-10
  2.2848e+04   2.21e-10
  2.3634e+04   9.11e-11
  2.4448e+04   3.41e-11
  2.5290e+04   1.13e-11
