#  E [GeV]   # per interaction  [GeV^{-1}]
  3.0000e+01   4.89e-01
  3.0854e+01   4.73e-01
  3.1733e+01   4.57e-01
  3.2636e+01   4.42e-01
  3.3566e+01   4.28e-01
  3.4521e+01   4.14e-01
  3.5504e+01   4.00e-01
  3.6515e+01   3.86e-01
  3.7555e+01   3.73e-01
  3.8625e+01   3.60e-01
  3.9724e+01   3.48e-01
  4.0855e+01   3.36e-01
  4.2019e+01   3.24e-01
  4.3215e+01   3.12e-01
  4.4446e+01   3.01e-01
  4.5711e+01   2.90e-01
  4.7013e+01   2.80e-01
  4.8352e+01   2.70e-01
  4.9728e+01   2.60e-01
  5.1144e+01   2.50e-01
  5.2601e+01   2.41e-01
  5.4099e+01   2.32e-01
  5.5639e+01   2.23e-01
  5.7223e+01   2.14e-01
  5.8853e+01   2.06e-01
  6.0528e+01   1.98e-01
  6.2252e+01   1.90e-01
  6.4025e+01   1.83e-01
  6.5848e+01   1.75e-01
  6.7723e+01   1.68e-01
  6.9651e+01   1.62e-01
  7.1634e+01   1.55e-01
  7.3674e+01   1.49e-01
  7.5772e+01   1.42e-01
  7.7929e+01   1.37e-01
  8.0148e+01   1.31e-01
  8.2431e+01   1.25e-01
  8.4778e+01   1.20e-01
  8.7192e+01   1.15e-01
  8.9674e+01   1.10e-01
  9.2228e+01   1.05e-01
  9.4854e+01   1.00e-01
  9.7555e+01   9.58e-02
  1.0033e+02   9.14e-02
  1.0319e+02   8.73e-02
  1.0613e+02   8.33e-02
  1.0915e+02   7.95e-02
  1.1226e+02   7.58e-02
  1.1545e+02   7.22e-02
  1.1874e+02   6.88e-02
  1.2212e+02   6.56e-02
  1.2560e+02   6.25e-02
  1.2918e+02   5.95e-02
  1.3286e+02   5.66e-02
  1.3664e+02   5.38e-02
  1.4053e+02   5.12e-02
  1.4453e+02   4.87e-02
  1.4865e+02   4.63e-02
  1.5288e+02   4.39e-02
  1.5723e+02   4.17e-02
  1.6171e+02   3.96e-02
  1.6631e+02   3.76e-02
  1.7105e+02   3.56e-02
  1.7592e+02   3.38e-02
  1.8093e+02   3.20e-02
  1.8608e+02   3.03e-02
  1.9138e+02   2.86e-02
  1.9683e+02   2.71e-02
  2.0243e+02   2.55e-02
  2.0820e+02   2.41e-02
  2.1413e+02   2.28e-02
  2.2022e+02   2.15e-02
  2.2649e+02   2.02e-02
  2.3294e+02   1.90e-02
  2.3958e+02   1.79e-02
  2.4640e+02   1.69e-02
  2.5341e+02   1.59e-02
  2.6063e+02   1.49e-02
  2.6805e+02   1.40e-02
  2.7568e+02   1.31e-02
  2.8353e+02   1.23e-02
  2.9161e+02   1.15e-02
  2.9991e+02   1.08e-02
  3.0845e+02   1.01e-02
  3.1723e+02   9.42e-03
  3.2627e+02   8.80e-03
  3.3556e+02   8.20e-03
  3.4511e+02   7.66e-03
  3.5494e+02   7.14e-03
  3.6504e+02   6.64e-03
  3.7544e+02   6.17e-03
  3.8613e+02   5.74e-03
  3.9712e+02   5.33e-03
  4.0843e+02   4.94e-03
  4.2006e+02   4.57e-03
  4.3202e+02   4.24e-03
  4.4432e+02   3.92e-03
  4.5698e+02   3.62e-03
  4.6999e+02   3.34e-03
  4.8337e+02   3.08e-03
  4.9713e+02   2.84e-03
  5.1129e+02   2.62e-03
  5.2585e+02   2.41e-03
  5.4082e+02   2.21e-03
  5.5622e+02   2.04e-03
  5.7206e+02   1.87e-03
  5.8835e+02   1.71e-03
  6.0510e+02   1.57e-03
  6.2233e+02   1.44e-03
  6.4005e+02   1.32e-03
  6.5828e+02   1.20e-03
  6.7702e+02   1.10e-03
  6.9630e+02   1.00e-03
  7.1613e+02   9.17e-04
  7.3652e+02   8.35e-04
  7.5749e+02   7.60e-04
  7.7906e+02   6.93e-04
  8.0124e+02   6.31e-04
  8.2406e+02   5.72e-04
  8.4752e+02   5.19e-04
  8.7165e+02   4.73e-04
  8.9647e+02   4.29e-04
  9.2200e+02   3.89e-04
  9.4825e+02   3.52e-04
  9.7526e+02   3.20e-04
  1.0030e+03   2.90e-04
  1.0316e+03   2.62e-04
  1.0610e+03   2.36e-04
  1.0912e+03   2.15e-04
  1.1222e+03   1.94e-04
  1.1542e+03   1.75e-04
  1.1871e+03   1.58e-04
  1.2209e+03   1.43e-04
  1.2556e+03   1.29e-04
  1.2914e+03   1.17e-04
  1.3281e+03   1.05e-04
  1.3660e+03   9.48e-05
  1.4049e+03   8.56e-05
  1.4449e+03   7.71e-05
  1.4860e+03   6.91e-05
  1.5283e+03   6.24e-05
  1.5718e+03   5.63e-05
  1.6166e+03   5.06e-05
  1.6626e+03   4.53e-05
  1.7100e+03   4.08e-05
  1.7587e+03   3.68e-05
  1.8087e+03   3.31e-05
  1.8602e+03   2.95e-05
  1.9132e+03   2.66e-05
  1.9677e+03   2.40e-05
  2.0237e+03   2.15e-05
  2.0813e+03   1.92e-05
  2.1406e+03   1.72e-05
  2.2016e+03   1.55e-05
  2.2642e+03   1.39e-05
  2.3287e+03   1.24e-05
  2.3950e+03   1.11e-05
  2.4632e+03   9.99e-06
  2.5334e+03   8.95e-06
  2.6055e+03   7.98e-06
  2.6797e+03   7.11e-06
  2.7560e+03   6.40e-06
  2.8345e+03   5.73e-06
  2.9152e+03   5.10e-06
  2.9982e+03   4.53e-06
  3.0836e+03   4.08e-06
  3.1714e+03   3.65e-06
  3.2617e+03   3.24e-06
  3.3545e+03   2.87e-06
  3.4501e+03   2.58e-06
  3.5483e+03   2.30e-06
  3.6493e+03   2.04e-06
  3.7532e+03   1.79e-06
  3.8601e+03   1.61e-06
  3.9700e+03   1.44e-06
  4.0831e+03   1.27e-06
  4.1993e+03   1.12e-06
  4.3189e+03   1.01e-06
  4.4419e+03   9.04e-07
  4.5684e+03   8.06e-07
  4.6985e+03   7.14e-07
  4.8322e+03   6.46e-07
  4.9698e+03   5.86e-07
  5.1114e+03   5.30e-07
  5.2569e+03   4.77e-07
  5.4066e+03   4.36e-07
  5.5605e+03   4.00e-07
  5.7189e+03   3.66e-07
  5.8817e+03   3.34e-07
  6.0492e+03   3.08e-07
  6.2214e+03   2.86e-07
  6.3986e+03   2.64e-07
  6.5808e+03   2.44e-07
  6.7682e+03   2.27e-07
  6.9609e+03   2.11e-07
  7.1591e+03   1.96e-07
  7.3630e+03   1.82e-07
  7.5726e+03   1.69e-07
  7.7882e+03   1.57e-07
  8.0100e+03   1.45e-07
