#  E [MeV]   Flux [# cm^{-2} s^{-1}  MeV^{-1}]
  3.0000e+04   5.15e-25
  3.1141e+04   4.94e-25
  3.2326e+04   4.75e-25
  3.3556e+04   4.56e-25
  3.4832e+04   4.38e-25
  3.6157e+04   4.20e-25
  3.7533e+04   4.03e-25
  3.8961e+04   3.87e-25
  4.0443e+04   3.72e-25
  4.1982e+04   3.57e-25
  4.3579e+04   3.42e-25
  4.5237e+04   3.28e-25
  4.6958e+04   3.15e-25
  4.8744e+04   3.02e-25
  5.0598e+04   2.90e-25
  5.2523e+04   2.78e-25
  5.4521e+04   2.67e-25
  5.6596e+04   2.56e-25
  5.8749e+04   2.45e-25
  6.0984e+04   2.35e-25
  6.3304e+04   2.26e-25
  6.5712e+04   2.16e-25
  6.8212e+04   2.07e-25
  7.0807e+04   1.99e-25
  7.3500e+04   1.91e-25
  7.6297e+04   1.83e-25
  7.9199e+04   1.75e-25
  8.2212e+04   1.68e-25
  8.5340e+04   1.61e-25
  8.8586e+04   1.54e-25
  9.1956e+04   1.47e-25
  9.5455e+04   1.41e-25
  9.9086e+04   1.35e-25
  1.0286e+05   1.29e-25
  1.0677e+05   1.24e-25
  1.1083e+05   1.18e-25
  1.1505e+05   1.13e-25
  1.1942e+05   1.08e-25
  1.2397e+05   1.03e-25
  1.2868e+05   9.89e-26
  1.3358e+05   9.45e-26
  1.3866e+05   9.04e-26
  1.4394e+05   8.63e-26
  1.4941e+05   8.24e-26
  1.5509e+05   7.87e-26
  1.6100e+05   7.52e-26
  1.6712e+05   7.17e-26
  1.7348e+05   6.84e-26
  1.8008e+05   6.53e-26
  1.8693e+05   6.22e-26
  1.9404e+05   5.93e-26
  2.0142e+05   5.65e-26
  2.0908e+05   5.38e-26
  2.1704e+05   5.13e-26
  2.2529e+05   4.88e-26
  2.3387e+05   4.64e-26
  2.4276e+05   4.42e-26
  2.5200e+05   4.20e-26
  2.6158e+05   3.99e-26
  2.7154e+05   3.79e-26
  2.8187e+05   3.60e-26
  2.9259e+05   3.42e-26
  3.0372e+05   3.25e-26
  3.1527e+05   3.08e-26
  3.2727e+05   2.92e-26
  3.3972e+05   2.77e-26
  3.5264e+05   2.62e-26
  3.6606e+05   2.48e-26
  3.7998e+05   2.35e-26
  3.9444e+05   2.22e-26
  4.0945e+05   2.10e-26
  4.2502e+05   1.99e-26
  4.4119e+05   1.88e-26
  4.5798e+05   1.77e-26
  4.7540e+05   1.67e-26
  4.9348e+05   1.58e-26
  5.1226e+05   1.49e-26
  5.3175e+05   1.40e-26
  5.5198e+05   1.32e-26
  5.7297e+05   1.24e-26
  5.9477e+05   1.17e-26
  6.1740e+05   1.10e-26
  6.4089e+05   1.04e-26
  6.6527e+05   9.73e-27
  6.9058e+05   9.14e-27
  7.1685e+05   8.58e-27
  7.4412e+05   8.05e-27
  7.7243e+05   7.55e-27
  8.0181e+05   7.08e-27
  8.3232e+05   6.64e-27
  8.6398e+05   6.22e-27
  8.9685e+05   5.82e-27
  9.3097e+05   5.45e-27
  9.6638e+05   5.10e-27
  1.0031e+06   4.77e-27
  1.0413e+06   4.46e-27
  1.0809e+06   4.17e-27
  1.1220e+06   3.89e-27
  1.1647e+06   3.64e-27
  1.2090e+06   3.39e-27
  1.2550e+06   3.16e-27
  1.3028e+06   2.95e-27
  1.3523e+06   2.75e-27
  1.4038e+06   2.56e-27
  1.4572e+06   2.38e-27
  1.5126e+06   2.22e-27
  1.5702e+06   2.06e-27
  1.6299e+06   1.92e-27
  1.6919e+06   1.78e-27
  1.7563e+06   1.66e-27
  1.8231e+06   1.54e-27
  1.8925e+06   1.43e-27
  1.9645e+06   1.32e-27
  2.0392e+06   1.23e-27
  2.1168e+06   1.14e-27
  2.1973e+06   1.05e-27
  2.2809e+06   9.73e-28
  2.3677e+06   9.00e-28
  2.4577e+06   8.31e-28
  2.5512e+06   7.68e-28
  2.6483e+06   7.08e-28
  2.7490e+06   6.53e-28
  2.8536e+06   6.01e-28
  2.9622e+06   5.54e-28
  3.0749e+06   5.09e-28
  3.1918e+06   4.68e-28
  3.3133e+06   4.30e-28
  3.4393e+06   3.95e-28
  3.5702e+06   3.62e-28
  3.7060e+06   3.32e-28
  3.8470e+06   3.03e-28
  3.9933e+06   2.77e-28
  4.1452e+06   2.54e-28
  4.3029e+06   2.31e-28
  4.4666e+06   2.11e-28
  4.6366e+06   1.92e-28
  4.8129e+06   1.75e-28
  4.9960e+06   1.59e-28
  5.1861e+06   1.44e-28
  5.3834e+06   1.31e-28
  5.5882e+06   1.18e-28
  5.8008e+06   1.07e-28
  6.0215e+06   9.66e-29
  6.2506e+06   8.68e-29
  6.4883e+06   7.84e-29
  6.7352e+06   7.05e-29
  6.9914e+06   6.31e-29
  7.2574e+06   5.66e-29
  7.5335e+06   5.07e-29
  7.8201e+06   4.51e-29
  8.1176e+06   4.03e-29
  8.4264e+06   3.59e-29
  8.7470e+06   3.17e-29
  9.0797e+06   2.82e-29
  9.4251e+06   2.49e-29
  9.7837e+06   2.19e-29
  1.0156e+07   1.93e-29
  1.0542e+07   1.69e-29
  1.0943e+07   1.48e-29
  1.1360e+07   1.29e-29
  1.1792e+07   1.12e-29
  1.2240e+07   9.66e-30
  1.2706e+07   8.33e-30
  1.3189e+07   7.18e-30
  1.3691e+07   6.12e-30
  1.4212e+07   5.20e-30
  1.4753e+07   4.43e-30
  1.5314e+07   3.72e-30
  1.5897e+07   3.11e-30
  1.6501e+07   2.61e-30
  1.7129e+07   2.15e-30
  1.7781e+07   1.76e-30
  1.8457e+07   1.44e-30
  1.9159e+07   1.16e-30
  1.9888e+07   9.21e-31
  2.0645e+07   7.33e-31
  2.1430e+07   5.69e-31
  2.2245e+07   4.32e-31
  2.3092e+07   3.29e-31
  2.3970e+07   2.44e-31
  2.4882e+07   1.74e-31
  2.5829e+07   1.24e-31
  2.6811e+07   8.54e-32
  2.7831e+07   5.58e-32
  2.8890e+07   3.60e-32
  2.9989e+07   2.20e-32
  3.1130e+07   1.24e-32
  3.2314e+07   6.76e-33
  3.3544e+07   3.37e-33
  3.4820e+07   1.49e-33
  3.6144e+07   5.94e-34
  3.7519e+07   2.03e-34
  3.8947e+07   5.65e-35
  4.0428e+07   1.27e-35
  4.1966e+07   2.13e-36
  4.3563e+07   2.41e-37
  4.5220e+07   1.70e-38
  4.6941e+07   6.49e-40
  4.8726e+07   1.08e-41
  5.0580e+07   6.27e-44
