#  E [GeV]   # per interaction  [GeV^{-1}]
  3.0000e+01   2.66e-02
  3.1141e+01   2.56e-02
  3.2326e+01   2.46e-02
  3.3556e+01   2.36e-02
  3.4832e+01   2.27e-02
  3.6157e+01   2.18e-02
  3.7533e+01   2.10e-02
  3.8961e+01   2.02e-02
  4.0443e+01   1.94e-02
  4.1982e+01   1.86e-02
  4.3579e+01   1.79e-02
  4.5237e+01   1.71e-02
  4.6958e+01   1.64e-02
  4.8744e+01   1.58e-02
  5.0598e+01   1.51e-02
  5.2523e+01   1.45e-02
  5.4521e+01   1.39e-02
  5.6596e+01   1.33e-02
  5.8749e+01   1.28e-02
  6.0984e+01   1.22e-02
  6.3304e+01   1.17e-02
  6.5712e+01   1.12e-02
  6.8212e+01   1.07e-02
  7.0807e+01   1.03e-02
  7.3500e+01   9.82e-03
  7.6297e+01   9.39e-03
  7.9199e+01   8.98e-03
  8.2212e+01   8.58e-03
  8.5340e+01   8.20e-03
  8.8586e+01   7.83e-03
  9.1956e+01   7.48e-03
  9.5455e+01   7.14e-03
  9.9086e+01   6.81e-03
  1.0286e+02   6.50e-03
  1.0677e+02   6.20e-03
  1.1083e+02   5.91e-03
  1.1505e+02   5.63e-03
  1.1942e+02   5.37e-03
  1.2397e+02   5.11e-03
  1.2868e+02   4.87e-03
  1.3358e+02   4.63e-03
  1.3866e+02   4.41e-03
  1.4394e+02   4.19e-03
  1.4941e+02   3.99e-03
  1.5509e+02   3.79e-03
  1.6100e+02   3.60e-03
  1.6712e+02   3.42e-03
  1.7348e+02   3.24e-03
  1.8008e+02   3.08e-03
  1.8693e+02   2.92e-03
  1.9404e+02   2.76e-03
  2.0142e+02   2.62e-03
  2.0908e+02   2.48e-03
  2.1704e+02   2.35e-03
  2.2529e+02   2.22e-03
  2.3387e+02   2.10e-03
  2.4276e+02   1.98e-03
  2.5200e+02   1.87e-03
  2.6158e+02   1.77e-03
  2.7154e+02   1.67e-03
  2.8187e+02   1.57e-03
  2.9259e+02   1.48e-03
  3.0372e+02   1.39e-03
  3.1527e+02   1.31e-03
  3.2727e+02   1.23e-03
  3.3972e+02   1.16e-03
  3.5264e+02   1.09e-03
  3.6606e+02   1.02e-03
  3.7998e+02   9.57e-04
  3.9444e+02   8.97e-04
  4.0945e+02   8.40e-04
  4.2502e+02   7.86e-04
  4.4119e+02   7.36e-04
  4.5798e+02   6.88e-04
  4.7540e+02   6.42e-04
  4.9348e+02   6.00e-04
  5.1226e+02   5.60e-04
  5.3175e+02   5.22e-04
  5.5198e+02   4.87e-04
  5.7297e+02   4.54e-04
  5.9477e+02   4.22e-04
  6.1740e+02   3.93e-04
  6.4089e+02   3.66e-04
  6.6527e+02   3.40e-04
  6.9058e+02   3.17e-04
  7.1685e+02   2.94e-04
  7.4412e+02   2.74e-04
  7.7243e+02   2.54e-04
  8.0181e+02   2.36e-04
  8.3232e+02   2.20e-04
  8.6398e+02   2.04e-04
  8.9685e+02   1.90e-04
  9.3097e+02   1.76e-04
  9.6638e+02   1.64e-04
  1.0031e+03   1.53e-04
  1.0413e+03   1.42e-04
  1.0809e+03   1.32e-04
  1.1220e+03   1.23e-04
  1.1647e+03   1.14e-04
  1.2090e+03   1.06e-04
  1.2550e+03   9.92e-05
  1.3028e+03   9.25e-05
  1.3523e+03   8.62e-05
  1.4038e+03   8.04e-05
  1.4572e+03   7.51e-05
  1.5126e+03   7.01e-05
  1.5702e+03   6.55e-05
  1.6299e+03   6.12e-05
  1.6919e+03   5.72e-05
  1.7563e+03   5.35e-05
  1.8231e+03   5.01e-05
  1.8925e+03   4.69e-05
  1.9645e+03   4.39e-05
  2.0392e+03   4.11e-05
  2.1168e+03   3.85e-05
  2.1973e+03   3.61e-05
  2.2809e+03   3.39e-05
  2.3677e+03   3.18e-05
  2.4577e+03   2.98e-05
  2.5512e+03   2.80e-05
  2.6483e+03   2.62e-05
  2.7490e+03   2.46e-05
  2.8536e+03   2.31e-05
  2.9622e+03   2.17e-05
  3.0749e+03   2.04e-05
  3.1918e+03   1.92e-05
  3.3133e+03   1.80e-05
  3.4393e+03   1.69e-05
  3.5702e+03   1.58e-05
  3.7060e+03   1.49e-05
  3.8470e+03   1.39e-05
  3.9933e+03   1.31e-05
  4.1452e+03   1.22e-05
  4.3029e+03   1.15e-05
  4.4666e+03   1.07e-05
  4.6366e+03   1.00e-05
  4.8129e+03   9.38e-06
  4.9960e+03   8.76e-06
  5.1861e+03   8.17e-06
  5.3834e+03   7.61e-06
  5.5882e+03   7.08e-06
  5.8008e+03   6.58e-06
  6.0215e+03   6.11e-06
  6.2506e+03   5.66e-06
  6.4883e+03   5.23e-06
  6.7352e+03   4.82e-06
  6.9914e+03   4.44e-06
  7.2574e+03   4.08e-06
  7.5335e+03   3.73e-06
  7.8201e+03   3.41e-06
  8.1176e+03   3.10e-06
  8.4264e+03   2.81e-06
  8.7470e+03   2.53e-06
  9.0797e+03   2.27e-06
  9.4251e+03   2.03e-06
  9.7837e+03   1.81e-06
  1.0156e+04   1.60e-06
  1.0542e+04   1.40e-06
  1.0943e+04   1.22e-06
  1.1360e+04   1.06e-06
  1.1792e+04   9.05e-07
  1.2240e+04   7.67e-07
  1.2706e+04   6.44e-07
  1.3189e+04   5.33e-07
  1.3691e+04   4.36e-07
  1.4212e+04   3.51e-07
  1.4753e+04   2.78e-07
  1.5314e+04   2.16e-07
  1.5897e+04   1.64e-07
  1.6501e+04   1.21e-07
  1.7129e+04   8.77e-08
  1.7781e+04   6.13e-08
  1.8457e+04   4.14e-08
  1.9159e+04   2.69e-08
  1.9888e+04   1.66e-08
  2.0645e+04   9.78e-09
  2.1430e+04   5.41e-09
  2.2245e+04   2.79e-09
  2.3092e+04   1.33e-09
  2.3970e+04   5.73e-10
  2.4882e+04   2.22e-10
  2.5829e+04   7.54e-11
  2.6811e+04   2.20e-11
  2.7831e+04   5.35e-12
  2.8890e+04   1.05e-12
  2.9989e+04   1.59e-13
  3.1130e+04   1.76e-14
  3.2314e+04   1.34e-15
  3.3544e+04   6.43e-17
  3.4820e+04   1.77e-18
  3.6144e+04   2.45e-20
  3.7519e+04   1.44e-22
  3.8947e+04   2.92e-25
  4.0428e+04   1.56e-28
  4.1966e+04   1.53e-32
  4.3563e+04   1.73e-37
  4.5220e+04   1.22e-43
  4.6941e+04   1.02e-46
  4.8726e+04   9.58e-47
  5.0580e+04   9.07e-47
