#  E [MeV]   Flux [# cm^{-2} s^{-1}  MeV^{-1}]
  3.0000e+04   1.15e-19
  3.0943e+04   1.10e-19
  3.1916e+04   1.06e-19
  3.2920e+04   1.02e-19
  3.3955e+04   9.75e-20
  3.5023e+04   9.36e-20
  3.6124e+04   8.99e-20
  3.7260e+04   8.63e-20
  3.8432e+04   8.29e-20
  3.9640e+04   7.96e-20
  4.0887e+04   7.64e-20
  4.2172e+04   7.33e-20
  4.3499e+04   7.04e-20
  4.4866e+04   6.75e-20
  4.6277e+04   6.48e-20
  4.7732e+04   6.22e-20
  4.9233e+04   5.96e-20
  5.0781e+04   5.72e-20
  5.2378e+04   5.48e-20
  5.4025e+04   5.26e-20
  5.5724e+04   5.04e-20
  5.7476e+04   4.84e-20
  5.9284e+04   4.64e-20
  6.1148e+04   4.44e-20
  6.3071e+04   4.26e-20
  6.5054e+04   4.08e-20
  6.7100e+04   3.91e-20
  6.9210e+04   3.75e-20
  7.1386e+04   3.59e-20
  7.3631e+04   3.44e-20
  7.5946e+04   3.30e-20
  7.8334e+04   3.16e-20
  8.0797e+04   3.02e-20
  8.3338e+04   2.89e-20
  8.5959e+04   2.77e-20
  8.8662e+04   2.65e-20
  9.1450e+04   2.54e-20
  9.4325e+04   2.43e-20
  9.7291e+04   2.32e-20
  1.0035e+05   2.22e-20
  1.0351e+05   2.12e-20
  1.0676e+05   2.03e-20
  1.1012e+05   1.94e-20
  1.1358e+05   1.85e-20
  1.1715e+05   1.77e-20
  1.2084e+05   1.69e-20
  1.2464e+05   1.61e-20
  1.2856e+05   1.54e-20
  1.3260e+05   1.47e-20
  1.3677e+05   1.40e-20
  1.4107e+05   1.33e-20
  1.4550e+05   1.27e-20
  1.5008e+05   1.21e-20
  1.5480e+05   1.15e-20
  1.5967e+05   1.10e-20
  1.6469e+05   1.04e-20
  1.6987e+05   9.91e-21
  1.7521e+05   9.42e-21
  1.8072e+05   8.94e-21
  1.8640e+05   8.48e-21
  1.9226e+05   8.04e-21
  1.9831e+05   7.63e-21
  2.0454e+05   7.23e-21
  2.1097e+05   6.85e-21
  2.1761e+05   6.48e-21
  2.2445e+05   6.14e-21
  2.3151e+05   5.81e-21
  2.3879e+05   5.50e-21
  2.4630e+05   5.20e-21
  2.5404e+05   4.92e-21
  2.6203e+05   4.66e-21
  2.7027e+05   4.40e-21
  2.7877e+05   4.16e-21
  2.8753e+05   3.93e-21
  2.9657e+05   3.71e-21
  3.0590e+05   3.49e-21
  3.1552e+05   3.30e-21
  3.2544e+05   3.11e-21
  3.3567e+05   2.93e-21
  3.4623e+05   2.75e-21
  3.5712e+05   2.59e-21
  3.6835e+05   2.44e-21
  3.7993e+05   2.29e-21
  3.9188e+05   2.15e-21
  4.0420e+05   2.01e-21
  4.1691e+05   1.89e-21
  4.3002e+05   1.77e-21
  4.4354e+05   1.66e-21
  4.5749e+05   1.55e-21
  4.7187e+05   1.45e-21
  4.8671e+05   1.35e-21
  5.0202e+05   1.26e-21
  5.1780e+05   1.18e-21
  5.3409e+05   1.10e-21
  5.5088e+05   1.02e-21
  5.6820e+05   9.53e-22
  5.8607e+05   8.86e-22
  6.0450e+05   8.23e-22
  6.2351e+05   7.65e-22
  6.4311e+05   7.10e-22
  6.6334e+05   6.58e-22
  6.8419e+05   6.10e-22
  7.0571e+05   5.65e-22
  7.2790e+05   5.23e-22
  7.5079e+05   4.83e-22
  7.7440e+05   4.46e-22
  7.9875e+05   4.12e-22
  8.2387e+05   3.80e-22
  8.4977e+05   3.50e-22
  8.7649e+05   3.22e-22
  9.0405e+05   2.96e-22
  9.3248e+05   2.72e-22
  9.6180e+05   2.50e-22
  9.9205e+05   2.30e-22
  1.0232e+06   2.11e-22
  1.0554e+06   1.93e-22
  1.0886e+06   1.76e-22
  1.1228e+06   1.62e-22
  1.1581e+06   1.48e-22
  1.1946e+06   1.35e-22
  1.2321e+06   1.23e-22
  1.2709e+06   1.12e-22
  1.3108e+06   1.02e-22
  1.3521e+06   9.31e-23
  1.3946e+06   8.47e-23
  1.4384e+06   7.70e-23
  1.4837e+06   6.98e-23
  1.5303e+06   6.31e-23
  1.5784e+06   5.73e-23
  1.6281e+06   5.19e-23
  1.6793e+06   4.68e-23
  1.7321e+06   4.21e-23
  1.7865e+06   3.81e-23
  1.8427e+06   3.43e-23
  1.9006e+06   3.08e-23
  1.9604e+06   2.77e-23
  2.0221e+06   2.49e-23
  2.0856e+06   2.24e-23
  2.1512e+06   1.99e-23
  2.2189e+06   1.79e-23
  2.2886e+06   1.60e-23
  2.3606e+06   1.43e-23
  2.4348e+06   1.27e-23
  2.5114e+06   1.14e-23
  2.5904e+06   1.01e-23
  2.6718e+06   8.96e-24
  2.7558e+06   7.92e-24
  2.8425e+06   7.05e-24
  2.9319e+06   6.24e-24
  3.0241e+06   5.47e-24
  3.1192e+06   4.83e-24
  3.2173e+06   4.28e-24
  3.3184e+06   3.75e-24
  3.4228e+06   3.26e-24
  3.5304e+06   2.88e-24
  3.6414e+06   2.54e-24
  3.7559e+06   2.21e-24
  3.8740e+06   1.91e-24
  3.9958e+06   1.69e-24
  4.1215e+06   1.47e-24
  4.2511e+06   1.27e-24
  4.3848e+06   1.10e-24
  4.5227e+06   9.63e-25
  4.6649e+06   8.34e-25
  4.8116e+06   7.14e-25
  4.9629e+06   6.20e-25
  5.1189e+06   5.39e-25
  5.2799e+06   4.64e-25
  5.4459e+06   3.93e-25
  5.6171e+06   3.43e-25
  5.7938e+06   2.97e-25
  5.9760e+06   2.53e-25
  6.1639e+06   2.16e-25
  6.3577e+06   1.88e-25
  6.5576e+06   1.62e-25
  6.7638e+06   1.38e-25
  6.9765e+06   1.19e-25
  7.1959e+06   1.04e-25
  7.4222e+06   8.95e-26
  7.6556e+06   7.62e-26
  7.8963e+06   6.65e-26
  8.1446e+06   5.79e-26
  8.4007e+06   4.99e-26
  8.6649e+06   4.28e-26
  8.9373e+06   3.77e-26
  9.2184e+06   3.30e-26
  9.5082e+06   2.86e-26
  9.8072e+06   2.50e-26
  1.0116e+07   2.20e-26
  1.0434e+07   1.93e-26
  1.0762e+07   1.68e-26
  1.1100e+07   1.47e-26
  1.1449e+07   1.28e-26
  1.1809e+07   1.10e-26
  1.2181e+07   9.43e-27
  1.2564e+07   8.04e-27
  1.2959e+07   6.80e-27
  1.3366e+07   5.69e-27
  1.3786e+07   4.73e-27
  1.4220e+07   3.97e-27
