#  E [GeV]   # per interaction  [GeV^{-1}]
  3.0000e+01   2.73e-02
  3.1141e+01   2.63e-02
  3.2326e+01   2.53e-02
  3.3556e+01   2.44e-02
  3.4832e+01   2.34e-02
  3.6157e+01   2.25e-02
  3.7533e+01   2.17e-02
  3.8961e+01   2.08e-02
  4.0443e+01   2.00e-02
  4.1982e+01   1.92e-02
  4.3579e+01   1.85e-02
  4.5237e+01   1.78e-02
  4.6958e+01   1.71e-02
  4.8744e+01   1.64e-02
  5.0598e+01   1.57e-02
  5.2523e+01   1.51e-02
  5.4521e+01   1.45e-02
  5.6596e+01   1.39e-02
  5.8749e+01   1.33e-02
  6.0984e+01   1.28e-02
  6.3304e+01   1.23e-02
  6.5712e+01   1.17e-02
  6.8212e+01   1.13e-02
  7.0807e+01   1.08e-02
  7.3500e+01   1.03e-02
  7.6297e+01   9.90e-03
  7.9199e+01   9.48e-03
  8.2212e+01   9.08e-03
  8.5340e+01   8.69e-03
  8.8586e+01   8.32e-03
  9.1956e+01   7.96e-03
  9.5455e+01   7.62e-03
  9.9086e+01   7.29e-03
  1.0286e+02   6.97e-03
  1.0677e+02   6.66e-03
  1.1083e+02   6.37e-03
  1.1505e+02   6.09e-03
  1.1942e+02   5.82e-03
  1.2397e+02   5.56e-03
  1.2868e+02   5.31e-03
  1.3358e+02   5.07e-03
  1.3866e+02   4.84e-03
  1.4394e+02   4.62e-03
  1.4941e+02   4.41e-03
  1.5509e+02   4.21e-03
  1.6100e+02   4.02e-03
  1.6712e+02   3.83e-03
  1.7348e+02   3.66e-03
  1.8008e+02   3.49e-03
  1.8693e+02   3.32e-03
  1.9404e+02   3.17e-03
  2.0142e+02   3.02e-03
  2.0908e+02   2.88e-03
  2.1704e+02   2.74e-03
  2.2529e+02   2.61e-03
  2.3387e+02   2.49e-03
  2.4276e+02   2.37e-03
  2.5200e+02   2.26e-03
  2.6158e+02   2.15e-03
  2.7154e+02   2.05e-03
  2.8187e+02   1.95e-03
  2.9259e+02   1.86e-03
  3.0372e+02   1.77e-03
  3.1527e+02   1.68e-03
  3.2727e+02   1.60e-03
  3.3972e+02   1.52e-03
  3.5264e+02   1.45e-03
  3.6606e+02   1.38e-03
  3.7998e+02   1.32e-03
  3.9444e+02   1.25e-03
  4.0945e+02   1.19e-03
  4.2502e+02   1.13e-03
  4.4119e+02   1.08e-03
  4.5798e+02   1.03e-03
  4.7540e+02   9.79e-04
  4.9348e+02   9.32e-04
  5.1226e+02   8.88e-04
  5.3175e+02   8.45e-04
  5.5198e+02   8.05e-04
  5.7297e+02   7.67e-04
  5.9477e+02   7.31e-04
  6.1740e+02   6.97e-04
  6.4089e+02   6.65e-04
  6.6527e+02   6.34e-04
  6.9058e+02   6.05e-04
  7.1685e+02   5.78e-04
  7.4412e+02   5.52e-04
  7.7243e+02   5.28e-04
  8.0181e+02   5.05e-04
  8.3232e+02   4.83e-04
  8.6398e+02   4.61e-04
  8.9685e+02   4.42e-04
  9.3097e+02   4.23e-04
  9.6638e+02   4.06e-04
  1.0031e+03   3.89e-04
  1.0413e+03   3.73e-04
  1.0809e+03   3.58e-04
  1.1220e+03   3.44e-04
  1.1647e+03   3.31e-04
  1.2090e+03   3.18e-04
  1.2550e+03   3.06e-04
  1.3028e+03   2.95e-04
  1.3523e+03   2.84e-04
  1.4038e+03   2.74e-04
  1.4572e+03   2.64e-04
  1.5126e+03   2.54e-04
  1.5702e+03   2.45e-04
  1.6299e+03   2.37e-04
  1.6919e+03   2.29e-04
  1.7563e+03   2.21e-04
  1.8231e+03   2.14e-04
  1.8925e+03   2.06e-04
  1.9645e+03   2.00e-04
  2.0392e+03   1.93e-04
  2.1168e+03   1.87e-04
  2.1973e+03   1.81e-04
  2.2809e+03   1.75e-04
  2.3677e+03   1.69e-04
  2.4577e+03   1.64e-04
  2.5512e+03   1.58e-04
  2.6483e+03   1.53e-04
  2.7490e+03   1.48e-04
  2.8536e+03   1.43e-04
  2.9622e+03   1.39e-04
  3.0749e+03   1.34e-04
  3.1918e+03   1.29e-04
  3.3133e+03   1.25e-04
  3.4393e+03   1.20e-04
  3.5702e+03   1.16e-04
  3.7060e+03   1.12e-04
  3.8470e+03   1.08e-04
  3.9933e+03   1.04e-04
  4.1452e+03   9.96e-05
  4.3029e+03   9.57e-05
  4.4666e+03   9.18e-05
  4.6366e+03   8.79e-05
  4.8129e+03   8.42e-05
  4.9960e+03   8.05e-05
  5.1861e+03   7.68e-05
  5.3834e+03   7.32e-05
  5.5882e+03   6.96e-05
  5.8008e+03   6.61e-05
  6.0215e+03   6.27e-05
  6.2506e+03   5.94e-05
  6.4883e+03   5.60e-05
  6.7352e+03   5.28e-05
  6.9914e+03   4.97e-05
  7.2574e+03   4.65e-05
  7.5335e+03   4.35e-05
  7.8201e+03   4.06e-05
  8.1176e+03   3.77e-05
  8.4264e+03   3.49e-05
  8.7470e+03   3.22e-05
  9.0797e+03   2.96e-05
  9.4251e+03   2.71e-05
  9.7837e+03   2.47e-05
  1.0156e+04   2.24e-05
  1.0542e+04   2.02e-05
  1.0943e+04   1.81e-05
  1.1360e+04   1.61e-05
  1.1792e+04   1.42e-05
  1.2240e+04   1.25e-05
  1.2706e+04   1.08e-05
  1.3189e+04   9.35e-06
  1.3691e+04   7.98e-06
  1.4212e+04   6.73e-06
  1.4753e+04   5.61e-06
  1.5314e+04   4.62e-06
  1.5897e+04   3.74e-06
  1.6501e+04   2.97e-06
  1.7129e+04   2.32e-06
  1.7781e+04   1.78e-06
  1.8457e+04   1.33e-06
  1.9159e+04   9.64e-07
  1.9888e+04   6.78e-07
  2.0645e+04   4.60e-07
  2.1430e+04   3.00e-07
  2.2245e+04   1.86e-07
  2.3092e+04   1.10e-07
  2.3970e+04   6.07e-08
  2.4882e+04   3.13e-08
  2.5829e+04   1.48e-08
  2.6811e+04   6.35e-09
  2.7831e+04   2.43e-09
  2.8890e+04   8.09e-10
  2.9989e+04   2.28e-10
  3.1130e+04   5.27e-11
  3.2314e+04   9.64e-12
  3.3544e+04   1.31e-12
  3.4820e+04   1.26e-13
  3.6144e+04   7.88e-15
  3.7519e+04   2.87e-16
  3.8947e+04   5.37e-18
  4.0428e+04   4.44e-20
  4.1966e+04   1.27e-22
  4.3563e+04   9.43e-26
  4.5220e+04   1.29e-29
  4.6941e+04   1.88e-34
  4.8726e+04   1.48e-40
  5.0580e+04   9.05e-47
