#  E [MeV]   Flux [# cm^{-2} s^{-1}  MeV^{-1}]
  3.0000e+04   6.01e-23
  3.0696e+04   5.81e-23
  3.1408e+04   5.61e-23
  3.2137e+04   5.41e-23
  3.2883e+04   5.23e-23
  3.3646e+04   5.04e-23
  3.4426e+04   4.87e-23
  3.5225e+04   4.69e-23
  3.6042e+04   4.52e-23
  3.6878e+04   4.36e-23
  3.7734e+04   4.20e-23
  3.8609e+04   4.05e-23
  3.9505e+04   3.90e-23
  4.0422e+04   3.76e-23
  4.1360e+04   3.62e-23
  4.2319e+04   3.48e-23
  4.3301e+04   3.35e-23
  4.4306e+04   3.23e-23
  4.5334e+04   3.10e-23
  4.6386e+04   2.99e-23
  4.7462e+04   2.87e-23
  4.8563e+04   2.76e-23
  4.9690e+04   2.66e-23
  5.0843e+04   2.55e-23
  5.2022e+04   2.45e-23
  5.3229e+04   2.36e-23
  5.4464e+04   2.26e-23
  5.5728e+04   2.17e-23
  5.7021e+04   2.09e-23
  5.8344e+04   2.00e-23
  5.9697e+04   1.92e-23
  6.1083e+04   1.84e-23
  6.2500e+04   1.77e-23
  6.3950e+04   1.70e-23
  6.5434e+04   1.63e-23
  6.6952e+04   1.56e-23
  6.8505e+04   1.49e-23
  7.0095e+04   1.43e-23
  7.1721e+04   1.37e-23
  7.3385e+04   1.31e-23
  7.5088e+04   1.25e-23
  7.6830e+04   1.20e-23
  7.8612e+04   1.15e-23
  8.0436e+04   1.10e-23
  8.2302e+04   1.05e-23
  8.4212e+04   1.00e-23
  8.6166e+04   9.56e-24
  8.8165e+04   9.13e-24
  9.0210e+04   8.72e-24
  9.2304e+04   8.32e-24
  9.4445e+04   7.93e-24
  9.6636e+04   7.56e-24
  9.8878e+04   7.21e-24
  1.0117e+05   6.87e-24
  1.0352e+05   6.55e-24
  1.0592e+05   6.23e-24
  1.0838e+05   5.93e-24
  1.1089e+05   5.65e-24
  1.1347e+05   5.38e-24
  1.1610e+05   5.11e-24
  1.1879e+05   4.86e-24
  1.2155e+05   4.61e-24
  1.2437e+05   4.39e-24
  1.2725e+05   4.17e-24
  1.3021e+05   3.96e-24
  1.3323e+05   3.75e-24
  1.3632e+05   3.56e-24
  1.3948e+05   3.37e-24
  1.4272e+05   3.20e-24
  1.4603e+05   3.03e-24
  1.4942e+05   2.87e-24
  1.5288e+05   2.71e-24
  1.5643e+05   2.56e-24
  1.6006e+05   2.43e-24
  1.6377e+05   2.29e-24
  1.6757e+05   2.16e-24
  1.7146e+05   2.04e-24
  1.7544e+05   1.93e-24
  1.7951e+05   1.82e-24
  1.8368e+05   1.72e-24
  1.8794e+05   1.62e-24
  1.9230e+05   1.52e-24
  1.9676e+05   1.43e-24
  2.0132e+05   1.35e-24
  2.0600e+05   1.27e-24
  2.1078e+05   1.19e-24
  2.1567e+05   1.12e-24
  2.2067e+05   1.05e-24
  2.2579e+05   9.88e-25
  2.3103e+05   9.27e-25
  2.3639e+05   8.69e-25
  2.4187e+05   8.12e-25
  2.4748e+05   7.62e-25
  2.5323e+05   7.14e-25
  2.5910e+05   6.68e-25
  2.6511e+05   6.24e-25
  2.7126e+05   5.82e-25
  2.7756e+05   5.44e-25
  2.8400e+05   5.08e-25
  2.9059e+05   4.74e-25
  2.9733e+05   4.41e-25
  3.0423e+05   4.10e-25
  3.1129e+05   3.82e-25
  3.1851e+05   3.56e-25
  3.2590e+05   3.31e-25
  3.3346e+05   3.07e-25
  3.4120e+05   2.84e-25
  3.4911e+05   2.64e-25
  3.5721e+05   2.46e-25
  3.6550e+05   2.28e-25
  3.7398e+05   2.11e-25
  3.8266e+05   1.94e-25
  3.9154e+05   1.80e-25
  4.0062e+05   1.67e-25
  4.0991e+05   1.54e-25
  4.1943e+05   1.42e-25
  4.2916e+05   1.31e-25
  4.3911e+05   1.21e-25
  4.4930e+05   1.12e-25
  4.5973e+05   1.03e-25
  4.7039e+05   9.48e-26
  4.8131e+05   8.69e-26
  4.9247e+05   8.01e-26
  5.0390e+05   7.39e-26
  5.1559e+05   6.79e-26
  5.2755e+05   6.23e-26
  5.3979e+05   5.69e-26
  5.5232e+05   5.23e-26
  5.6513e+05   4.81e-26
  5.7824e+05   4.41e-26
  5.9166e+05   4.04e-26
  6.0539e+05   3.68e-26
  6.1943e+05   3.37e-26
  6.3381e+05   3.09e-26
  6.4851e+05   2.83e-26
  6.6356e+05   2.58e-26
  6.7895e+05   2.35e-26
  6.9471e+05   2.15e-26
  7.1082e+05   1.97e-26
  7.2732e+05   1.80e-26
  7.4419e+05   1.64e-26
  7.6146e+05   1.49e-26
  7.7912e+05   1.36e-26
  7.9720e+05   1.24e-26
  8.1570e+05   1.14e-26
  8.3462e+05   1.03e-26
  8.5399e+05   9.36e-27
  8.7380e+05   8.54e-27
  8.9407e+05   7.82e-27
  9.1482e+05   7.14e-27
  9.3604e+05   6.49e-27
  9.5776e+05   5.88e-27
  9.7998e+05   5.36e-27
  1.0027e+06   4.91e-27
  1.0260e+06   4.48e-27
  1.0498e+06   4.08e-27
  1.0741e+06   3.70e-27
  1.0991e+06   3.37e-27
  1.1246e+06   3.09e-27
  1.1507e+06   2.82e-27
  1.1774e+06   2.57e-27
  1.2047e+06   2.33e-27
  1.2326e+06   2.12e-27
  1.2612e+06   1.94e-27
  1.2905e+06   1.77e-27
  1.3204e+06   1.61e-27
  1.3511e+06   1.46e-27
  1.3824e+06   1.33e-27
  1.4145e+06   1.22e-27
  1.4473e+06   1.12e-27
  1.4809e+06   1.02e-27
  1.5152e+06   9.27e-28
  1.5504e+06   8.48e-28
  1.5864e+06   7.84e-28
  1.6232e+06   7.23e-28
  1.6608e+06   6.64e-28
  1.6994e+06   6.09e-28
  1.7388e+06   5.63e-28
  1.7791e+06   5.28e-28
  1.8204e+06   4.94e-28
  1.8626e+06   4.61e-28
  1.9059e+06   4.31e-28
  1.9501e+06   4.05e-28
  1.9953e+06   3.84e-28
  2.0416e+06   3.65e-28
  2.0890e+06   3.46e-28
  2.1375e+06   3.28e-28
  2.1870e+06   3.13e-28
  2.2378e+06   3.02e-28
  2.2897e+06   2.90e-28
  2.3428e+06   2.80e-28
  2.3972e+06   2.69e-28
  2.4528e+06   2.60e-28
  2.5097e+06   2.53e-28
  2.5680e+06   2.45e-28
  2.6275e+06   2.38e-28
  2.6885e+06   2.31e-28
  2.7509e+06   2.25e-28
  2.8147e+06   2.19e-28
  2.8800e+06   2.13e-28
