#  E [GeV]   # per interaction  [GeV^{-1}]
  3.0000e+01   2.60e-02
  3.1123e+01   2.50e-02
  3.2288e+01   2.41e-02
  3.3497e+01   2.32e-02
  3.4751e+01   2.23e-02
  3.6051e+01   2.14e-02
  3.7401e+01   2.06e-02
  3.8801e+01   1.97e-02
  4.0253e+01   1.90e-02
  4.1760e+01   1.82e-02
  4.3324e+01   1.75e-02
  4.4945e+01   1.68e-02
  4.6628e+01   1.61e-02
  4.8373e+01   1.54e-02
  5.0184e+01   1.48e-02
  5.2063e+01   1.42e-02
  5.4011e+01   1.36e-02
  5.6033e+01   1.31e-02
  5.8131e+01   1.25e-02
  6.0307e+01   1.20e-02
  6.2564e+01   1.15e-02
  6.4906e+01   1.10e-02
  6.7336e+01   1.05e-02
  6.9857e+01   1.01e-02
  7.2472e+01   9.63e-03
  7.5184e+01   9.21e-03
  7.7999e+01   8.81e-03
  8.0919e+01   8.42e-03
  8.3948e+01   8.05e-03
  8.7090e+01   7.69e-03
  9.0350e+01   7.34e-03
  9.3732e+01   7.01e-03
  9.7241e+01   6.69e-03
  1.0088e+02   6.38e-03
  1.0466e+02   6.09e-03
  1.0858e+02   5.81e-03
  1.1264e+02   5.53e-03
  1.1686e+02   5.28e-03
  1.2123e+02   5.03e-03
  1.2577e+02   4.79e-03
  1.3048e+02   4.56e-03
  1.3536e+02   4.34e-03
  1.4043e+02   4.12e-03
  1.4568e+02   3.92e-03
  1.5114e+02   3.73e-03
  1.5680e+02   3.54e-03
  1.6266e+02   3.37e-03
  1.6875e+02   3.20e-03
  1.7507e+02   3.03e-03
  1.8162e+02   2.88e-03
  1.8842e+02   2.73e-03
  1.9548e+02   2.59e-03
  2.0279e+02   2.45e-03
  2.1039e+02   2.32e-03
  2.1826e+02   2.20e-03
  2.2643e+02   2.08e-03
  2.3491e+02   1.96e-03
  2.4370e+02   1.86e-03
  2.5282e+02   1.75e-03
  2.6229e+02   1.65e-03
  2.7211e+02   1.56e-03
  2.8229e+02   1.47e-03
  2.9286e+02   1.39e-03
  3.0382e+02   1.31e-03
  3.1519e+02   1.23e-03
  3.2699e+02   1.16e-03
  3.3923e+02   1.09e-03
  3.5193e+02   1.02e-03
  3.6511e+02   9.59e-04
  3.7877e+02   9.00e-04
  3.9295e+02   8.44e-04
  4.0766e+02   7.91e-04
  4.2292e+02   7.40e-04
  4.3875e+02   6.93e-04
  4.5518e+02   6.48e-04
  4.7222e+02   6.06e-04
  4.8989e+02   5.66e-04
  5.0823e+02   5.29e-04
  5.2726e+02   4.94e-04
  5.4699e+02   4.61e-04
  5.6747e+02   4.30e-04
  5.8871e+02   4.00e-04
  6.1075e+02   3.73e-04
  6.3361e+02   3.48e-04
  6.5733e+02   3.24e-04
  6.8194e+02   3.01e-04
  7.0746e+02   2.80e-04
  7.3395e+02   2.61e-04
  7.6142e+02   2.43e-04
  7.8992e+02   2.26e-04
  8.1949e+02   2.10e-04
  8.5017e+02   1.96e-04
  8.8199e+02   1.82e-04
  9.1501e+02   1.69e-04
  9.4926e+02   1.58e-04
  9.8479e+02   1.47e-04
  1.0217e+03   1.37e-04
  1.0599e+03   1.27e-04
  1.0996e+03   1.19e-04
  1.1407e+03   1.11e-04
  1.1834e+03   1.03e-04
  1.2277e+03   9.61e-05
  1.2737e+03   8.98e-05
  1.3214e+03   8.38e-05
  1.3708e+03   7.83e-05
  1.4222e+03   7.32e-05
  1.4754e+03   6.84e-05
  1.5306e+03   6.39e-05
  1.5879e+03   5.99e-05
  1.6474e+03   5.60e-05
  1.7090e+03   5.25e-05
  1.7730e+03   4.92e-05
  1.8394e+03   4.61e-05
  1.9082e+03   4.32e-05
  1.9797e+03   4.06e-05
  2.0538e+03   3.81e-05
  2.1306e+03   3.57e-05
  2.2104e+03   3.36e-05
  2.2931e+03   3.15e-05
  2.3790e+03   2.96e-05
  2.4680e+03   2.79e-05
  2.5604e+03   2.62e-05
  2.6563e+03   2.46e-05
  2.7557e+03   2.32e-05
  2.8589e+03   2.18e-05
  2.9659e+03   2.05e-05
  3.0769e+03   1.93e-05
  3.1921e+03   1.82e-05
  3.3116e+03   1.71e-05
  3.4355e+03   1.61e-05
  3.5641e+03   1.51e-05
  3.6976e+03   1.42e-05
  3.8360e+03   1.34e-05
  3.9796e+03   1.26e-05
  4.1285e+03   1.18e-05
  4.2831e+03   1.11e-05
  4.4434e+03   1.04e-05
  4.6097e+03   9.72e-06
  4.7823e+03   9.10e-06
  4.9613e+03   8.52e-06
  5.1470e+03   7.97e-06
  5.3397e+03   7.44e-06
  5.5396e+03   6.94e-06
  5.7470e+03   6.47e-06
  5.9621e+03   6.01e-06
  6.1853e+03   5.58e-06
  6.4168e+03   5.18e-06
  6.6570e+03   4.79e-06
  6.9062e+03   4.42e-06
  7.1647e+03   4.07e-06
  7.4329e+03   3.73e-06
  7.7112e+03   3.42e-06
  7.9998e+03   3.12e-06
  8.2993e+03   2.83e-06
  8.6100e+03   2.56e-06
  8.9323e+03   2.31e-06
  9.2666e+03   2.08e-06
  9.6135e+03   1.85e-06
  9.9734e+03   1.65e-06
  1.0347e+04   1.45e-06
  1.0734e+04   1.27e-06
  1.1136e+04   1.11e-06
  1.1553e+04   9.54e-07
  1.1985e+04   8.16e-07
  1.2434e+04   6.90e-07
  1.2899e+04   5.77e-07
  1.3382e+04   4.77e-07
  1.3883e+04   3.89e-07
  1.4403e+04   3.12e-07
  1.4942e+04   2.46e-07
  1.5501e+04   1.90e-07
  1.6081e+04   1.44e-07
  1.6683e+04   1.06e-07
  1.7308e+04   7.64e-08
  1.7956e+04   5.32e-08
  1.8628e+04   3.58e-08
  1.9325e+04   2.31e-08
  2.0049e+04   1.42e-08
  2.0799e+04   8.33e-09
  2.1578e+04   4.59e-09
  2.2386e+04   2.36e-09
  2.3224e+04   1.12e-09
  2.4093e+04   4.82e-10
  2.4995e+04   1.86e-10
  2.5930e+04   6.33e-11
  2.6901e+04   1.85e-11
  2.7908e+04   4.52e-12
  2.8953e+04   8.93e-13
  3.0037e+04   1.37e-13
  3.1161e+04   1.55e-14
  3.2327e+04   1.22e-15
  3.3537e+04   6.13e-17
  3.4793e+04   1.80e-18
  3.6095e+04   2.71e-20
  3.7446e+04   1.80e-22
  3.8848e+04   4.30e-25
  4.0302e+04   2.88e-28
  4.1811e+04   3.86e-32
  4.3376e+04   6.76e-37
  4.5000e+04   8.73e-43
