#  E [GeV]   # per interaction  [GeV^{-1}]
  3.0000e+01   2.43e-02
  3.1051e+01   2.34e-02
  3.2139e+01   2.25e-02
  3.3266e+01   2.17e-02
  3.4432e+01   2.09e-02
  3.5638e+01   2.01e-02
  3.6887e+01   1.94e-02
  3.8180e+01   1.86e-02
  3.9518e+01   1.79e-02
  4.0903e+01   1.73e-02
  4.2336e+01   1.66e-02
  4.3820e+01   1.60e-02
  4.5355e+01   1.53e-02
  4.6945e+01   1.48e-02
  4.8590e+01   1.42e-02
  5.0293e+01   1.36e-02
  5.2055e+01   1.31e-02
  5.3879e+01   1.26e-02
  5.5767e+01   1.21e-02
  5.7722e+01   1.16e-02
  5.9745e+01   1.12e-02
  6.1838e+01   1.07e-02
  6.4005e+01   1.03e-02
  6.6248e+01   9.89e-03
  6.8570e+01   9.49e-03
  7.0973e+01   9.11e-03
  7.3460e+01   8.75e-03
  7.6034e+01   8.39e-03
  7.8699e+01   8.06e-03
  8.1457e+01   7.73e-03
  8.4311e+01   7.42e-03
  8.7266e+01   7.12e-03
  9.0324e+01   6.83e-03
  9.3490e+01   6.55e-03
  9.6766e+01   6.28e-03
  1.0016e+02   6.03e-03
  1.0367e+02   5.78e-03
  1.0730e+02   5.54e-03
  1.1106e+02   5.32e-03
  1.1495e+02   5.10e-03
  1.1898e+02   4.89e-03
  1.2315e+02   4.69e-03
  1.2747e+02   4.50e-03
  1.3193e+02   4.32e-03
  1.3656e+02   4.14e-03
  1.4134e+02   3.97e-03
  1.4629e+02   3.81e-03
  1.5142e+02   3.65e-03
  1.5673e+02   3.51e-03
  1.6222e+02   3.37e-03
  1.6790e+02   3.23e-03
  1.7379e+02   3.10e-03
  1.7988e+02   2.98e-03
  1.8618e+02   2.86e-03
  1.9271e+02   2.74e-03
  1.9946e+02   2.63e-03
  2.0645e+02   2.53e-03
  2.1369e+02   2.43e-03
  2.2117e+02   2.34e-03
  2.2892e+02   2.25e-03
  2.3695e+02   2.16e-03
  2.4525e+02   2.08e-03
  2.5385e+02   2.00e-03
  2.6274e+02   1.92e-03
  2.7195e+02   1.85e-03
  2.8148e+02   1.78e-03
  2.9134e+02   1.71e-03
  3.0155e+02   1.65e-03
  3.1212e+02   1.59e-03
  3.2306e+02   1.53e-03
  3.3438e+02   1.48e-03
  3.4610e+02   1.42e-03
  3.5823e+02   1.37e-03
  3.7078e+02   1.33e-03
  3.8377e+02   1.28e-03
  3.9722e+02   1.24e-03
  4.1114e+02   1.19e-03
  4.2555e+02   1.15e-03
  4.4046e+02   1.11e-03
  4.5590e+02   1.08e-03
  4.7188e+02   1.04e-03
  4.8841e+02   1.01e-03
  5.0553e+02   9.75e-04
  5.2324e+02   9.44e-04
  5.4158e+02   9.13e-04
  5.6056e+02   8.84e-04
  5.8020e+02   8.57e-04
  6.0054e+02   8.30e-04
  6.2158e+02   8.04e-04
  6.4337e+02   7.80e-04
  6.6591e+02   7.56e-04
  6.8925e+02   7.33e-04
  7.1340e+02   7.11e-04
  7.3840e+02   6.90e-04
  7.6428e+02   6.70e-04
  7.9106e+02   6.50e-04
  8.1878e+02   6.32e-04
  8.4748e+02   6.13e-04
  8.7718e+02   5.95e-04
  9.0792e+02   5.78e-04
  9.3973e+02   5.62e-04
  9.7267e+02   5.46e-04
  1.0068e+03   5.31e-04
  1.0420e+03   5.16e-04
  1.0785e+03   5.01e-04
  1.1163e+03   4.87e-04
  1.1555e+03   4.74e-04
  1.1960e+03   4.61e-04
  1.2379e+03   4.48e-04
  1.2813e+03   4.36e-04
  1.3262e+03   4.24e-04
  1.3726e+03   4.13e-04
  1.4207e+03   4.01e-04
  1.4705e+03   3.90e-04
  1.5220e+03   3.80e-04
  1.5754e+03   3.69e-04
  1.6306e+03   3.59e-04
  1.6877e+03   3.49e-04
  1.7469e+03   3.39e-04
  1.8081e+03   3.30e-04
  1.8715e+03   3.21e-04
  1.9370e+03   3.12e-04
  2.0049e+03   3.03e-04
  2.0752e+03   2.94e-04
  2.1479e+03   2.85e-04
  2.2232e+03   2.77e-04
  2.3011e+03   2.69e-04
  2.3817e+03   2.60e-04
  2.4652e+03   2.53e-04
  2.5516e+03   2.45e-04
  2.6410e+03   2.37e-04
  2.7336e+03   2.30e-04
  2.8294e+03   2.22e-04
  2.9285e+03   2.15e-04
  3.0311e+03   2.08e-04
  3.1374e+03   2.01e-04
  3.2473e+03   1.94e-04
  3.3611e+03   1.87e-04
  3.4789e+03   1.80e-04
  3.6008e+03   1.74e-04
  3.7270e+03   1.67e-04
  3.8576e+03   1.61e-04
  3.9928e+03   1.55e-04
  4.1327e+03   1.49e-04
  4.2775e+03   1.43e-04
  4.4274e+03   1.37e-04
  4.5826e+03   1.31e-04
  4.7432e+03   1.25e-04
  4.9094e+03   1.20e-04
  5.0815e+03   1.14e-04
  5.2595e+03   1.09e-04
  5.4438e+03   1.04e-04
  5.6346e+03   9.85e-05
  5.8321e+03   9.34e-05
  6.0365e+03   8.85e-05
  6.2480e+03   8.38e-05
  6.4670e+03   7.91e-05
  6.6936e+03   7.45e-05
  6.9282e+03   7.02e-05
  7.1709e+03   6.59e-05
  7.4222e+03   6.18e-05
  7.6823e+03   5.78e-05
  7.9516e+03   5.40e-05
  8.2302e+03   5.03e-05
  8.5186e+03   4.67e-05
  8.8172e+03   4.34e-05
  9.1262e+03   4.01e-05
  9.4460e+03   3.69e-05
  9.7770e+03   3.40e-05
  1.0120e+04   3.12e-05
  1.0474e+04   2.85e-05
  1.0841e+04   2.59e-05
  1.1221e+04   2.35e-05
  1.1614e+04   2.12e-05
  1.2022e+04   1.91e-05
  1.2443e+04   1.70e-05
  1.2879e+04   1.52e-05
  1.3330e+04   1.34e-05
  1.3797e+04   1.18e-05
  1.4281e+04   1.03e-05
  1.4781e+04   9.00e-06
  1.5299e+04   7.77e-06
  1.5835e+04   6.66e-06
  1.6390e+04   5.69e-06
  1.6965e+04   4.81e-06
  1.7559e+04   4.01e-06
  1.8175e+04   3.34e-06
  1.8812e+04   2.74e-06
  1.9471e+04   2.21e-06
  2.0153e+04   1.77e-06
  2.0859e+04   1.41e-06
  2.1590e+04   1.09e-06
  2.2347e+04   8.35e-07
  2.3130e+04   6.37e-07
  2.3941e+04   4.73e-07
  2.4780e+04   3.40e-07
  2.5648e+04   2.47e-07
  2.6547e+04   1.73e-07
  2.7477e+04   1.17e-07
  2.8440e+04   7.82e-08
