#  E [MeV]   Flux [# cm^{-2} s^{-1}  MeV^{-1}]
  3.0000e+04   9.84e-26
  3.1232e+04   9.41e-26
  3.2514e+04   8.99e-26
  3.3849e+04   8.59e-26
  3.5238e+04   8.21e-26
  3.6685e+04   7.85e-26
  3.8191e+04   7.50e-26
  3.9759e+04   7.17e-26
  4.1391e+04   6.85e-26
  4.3090e+04   6.54e-26
  4.4859e+04   6.25e-26
  4.6701e+04   5.97e-26
  4.8618e+04   5.70e-26
  5.0614e+04   5.45e-26
  5.2692e+04   5.20e-26
  5.4855e+04   4.97e-26
  5.7107e+04   4.74e-26
  5.9451e+04   4.53e-26
  6.1892e+04   4.32e-26
  6.4433e+04   4.12e-26
  6.7078e+04   3.94e-26
  6.9832e+04   3.76e-26
  7.2699e+04   3.59e-26
  7.5683e+04   3.42e-26
  7.8790e+04   3.26e-26
  8.2025e+04   3.11e-26
  8.5392e+04   2.97e-26
  8.8898e+04   2.83e-26
  9.2547e+04   2.70e-26
  9.6347e+04   2.58e-26
  1.0030e+05   2.46e-26
  1.0442e+05   2.34e-26
  1.0871e+05   2.23e-26
  1.1317e+05   2.13e-26
  1.1782e+05   2.03e-26
  1.2265e+05   1.93e-26
  1.2769e+05   1.84e-26
  1.3293e+05   1.75e-26
  1.3839e+05   1.67e-26
  1.4407e+05   1.59e-26
  1.4998e+05   1.51e-26
  1.5614e+05   1.44e-26
  1.6255e+05   1.37e-26
  1.6922e+05   1.30e-26
  1.7617e+05   1.24e-26
  1.8340e+05   1.18e-26
  1.9093e+05   1.12e-26
  1.9877e+05   1.07e-26
  2.0693e+05   1.01e-26
  2.1543e+05   9.63e-27
  2.2427e+05   9.15e-27
  2.3348e+05   8.68e-27
  2.4306e+05   8.25e-27
  2.5304e+05   7.83e-27
  2.6343e+05   7.43e-27
  2.7424e+05   7.05e-27
  2.8550e+05   6.69e-27
  2.9722e+05   6.34e-27
  3.0942e+05   6.00e-27
  3.2213e+05   5.69e-27
  3.3535e+05   5.38e-27
  3.4912e+05   5.10e-27
  3.6345e+05   4.82e-27
  3.7837e+05   4.56e-27
  3.9390e+05   4.31e-27
  4.1008e+05   4.08e-27
  4.2691e+05   3.85e-27
  4.4444e+05   3.64e-27
  4.6268e+05   3.43e-27
  4.8168e+05   3.24e-27
  5.0145e+05   3.06e-27
  5.2204e+05   2.88e-27
  5.4347e+05   2.71e-27
  5.6578e+05   2.56e-27
  5.8901e+05   2.41e-27
  6.1319e+05   2.26e-27
  6.3836e+05   2.13e-27
  6.6457e+05   2.00e-27
  6.9185e+05   1.88e-27
  7.2025e+05   1.77e-27
  7.4982e+05   1.66e-27
  7.8061e+05   1.55e-27
  8.1265e+05   1.46e-27
  8.4601e+05   1.37e-27
  8.8075e+05   1.28e-27
  9.1690e+05   1.20e-27
  9.5455e+05   1.12e-27
  9.9373e+05   1.05e-27
  1.0345e+06   9.83e-28
  1.0770e+06   9.19e-28
  1.1212e+06   8.59e-28
  1.1672e+06   8.02e-28
  1.2152e+06   7.49e-28
  1.2650e+06   6.99e-28
  1.3170e+06   6.52e-28
  1.3711e+06   6.08e-28
  1.4273e+06   5.67e-28
  1.4859e+06   5.28e-28
  1.5469e+06   4.92e-28
  1.6104e+06   4.58e-28
  1.6766e+06   4.26e-28
  1.7454e+06   3.96e-28
  1.8170e+06   3.69e-28
  1.8916e+06   3.42e-28
  1.9693e+06   3.18e-28
  2.0501e+06   2.95e-28
  2.1343e+06   2.74e-28
  2.2219e+06   2.54e-28
  2.3131e+06   2.35e-28
  2.4081e+06   2.18e-28
  2.5070e+06   2.02e-28
  2.6099e+06   1.87e-28
  2.7170e+06   1.72e-28
  2.8286e+06   1.59e-28
  2.9447e+06   1.47e-28
  3.0656e+06   1.36e-28
  3.1914e+06   1.25e-28
  3.3225e+06   1.15e-28
  3.4589e+06   1.06e-28
  3.6008e+06   9.75e-29
  3.7487e+06   8.97e-29
  3.9026e+06   8.23e-29
  4.0628e+06   7.56e-29
  4.2296e+06   6.93e-29
  4.4032e+06   6.34e-29
  4.5840e+06   5.81e-29
  4.7722e+06   5.31e-29
  4.9681e+06   4.84e-29
  5.1720e+06   4.42e-29
  5.3844e+06   4.03e-29
  5.6054e+06   3.67e-29
  5.8355e+06   3.34e-29
  6.0751e+06   3.04e-29
  6.3245e+06   2.75e-29
  6.5841e+06   2.50e-29
  6.8544e+06   2.26e-29
  7.1358e+06   2.04e-29
  7.4288e+06   1.85e-29
  7.7338e+06   1.67e-29
  8.0513e+06   1.50e-29
  8.3818e+06   1.35e-29
  8.7259e+06   1.21e-29
  9.0841e+06   1.09e-29
  9.4571e+06   9.74e-30
  9.8453e+06   8.68e-30
  1.0249e+07   7.75e-30
  1.0670e+07   6.91e-30
  1.1108e+07   6.12e-30
  1.1564e+07   5.44e-30
  1.2039e+07   4.81e-30
  1.2533e+07   4.23e-30
  1.3048e+07   3.73e-30
  1.3584e+07   3.27e-30
  1.4141e+07   2.86e-30
  1.4722e+07   2.50e-30
  1.5326e+07   2.17e-30
  1.5955e+07   1.87e-30
  1.6610e+07   1.62e-30
  1.7292e+07   1.38e-30
  1.8002e+07   1.18e-30
  1.8741e+07   1.00e-30
  1.9511e+07   8.39e-31
  2.0312e+07   7.00e-31
  2.1145e+07   5.80e-31
  2.2013e+07   4.72e-31
  2.2917e+07   3.82e-31
  2.3858e+07   3.05e-31
  2.4837e+07   2.37e-31
  2.5857e+07   1.83e-31
  2.6919e+07   1.37e-31
  2.8024e+07   9.91e-32
  2.9174e+07   7.00e-32
  3.0372e+07   4.71e-32
  3.1619e+07   3.00e-32
  3.2917e+07   1.80e-32
  3.4268e+07   9.98e-33
  3.5675e+07   5.00e-33
  3.7140e+07   2.23e-33
  3.8664e+07   8.42e-34
  4.0252e+07   2.61e-34
  4.1904e+07   6.27e-35
  4.3624e+07   1.07e-35
  4.5415e+07   1.19e-36
  4.7280e+07   7.40e-38
  4.9221e+07   2.13e-39
  5.1241e+07   2.20e-41
  5.3345e+07   5.59e-44
  5.5535e+07   2.07e-47
  5.7815e+07   5.43e-52
  6.0188e+07   3.33e-58
  6.2659e+07   9.74e-67
  6.5232e+07   2.10e-71
  6.7910e+07   2.18e-71
  7.0698e+07   2.27e-71
  7.3600e+07   2.58e-71
  7.6621e+07   2.85e-71
  7.9767e+07   3.39e-71
  8.3042e+07   4.68e-71
  8.6451e+07   5.87e-71
  9.0000e+07   7.69e-71
