#  E [MeV]   Flux [# cm^{-2} s^{-1}  MeV^{-1}]
  3.0000e+04   1.07e-24
  3.1051e+04   1.03e-24
  3.2139e+04   9.98e-25
  3.3266e+04   9.63e-25
  3.4432e+04   9.29e-25
  3.5638e+04   8.95e-25
  3.6887e+04   8.63e-25
  3.8180e+04   8.32e-25
  3.9518e+04   8.02e-25
  4.0903e+04   7.73e-25
  4.2336e+04   7.45e-25
  4.3820e+04   7.18e-25
  4.5355e+04   6.92e-25
  4.6945e+04   6.67e-25
  4.8590e+04   6.42e-25
  5.0293e+04   6.18e-25
  5.2055e+04   5.95e-25
  5.3879e+04   5.73e-25
  5.5767e+04   5.51e-25
  5.7722e+04   5.31e-25
  5.9745e+04   5.11e-25
  6.1838e+04   4.91e-25
  6.4005e+04   4.72e-25
  6.6248e+04   4.54e-25
  6.8570e+04   4.37e-25
  7.0973e+04   4.20e-25
  7.3460e+04   4.03e-25
  7.6034e+04   3.88e-25
  7.8699e+04   3.72e-25
  8.1457e+04   3.57e-25
  8.4311e+04   3.43e-25
  8.7266e+04   3.29e-25
  9.0324e+04   3.16e-25
  9.3490e+04   3.03e-25
  9.6766e+04   2.91e-25
  1.0016e+05   2.79e-25
  1.0367e+05   2.67e-25
  1.0730e+05   2.56e-25
  1.1106e+05   2.45e-25
  1.1495e+05   2.34e-25
  1.1898e+05   2.24e-25
  1.2315e+05   2.15e-25
  1.2747e+05   2.05e-25
  1.3193e+05   1.96e-25
  1.3656e+05   1.88e-25
  1.4134e+05   1.79e-25
  1.4629e+05   1.71e-25
  1.5142e+05   1.63e-25
  1.5673e+05   1.56e-25
  1.6222e+05   1.49e-25
  1.6790e+05   1.42e-25
  1.7379e+05   1.35e-25
  1.7988e+05   1.29e-25
  1.8618e+05   1.22e-25
  1.9271e+05   1.16e-25
  1.9946e+05   1.11e-25
  2.0645e+05   1.05e-25
  2.1369e+05   1.00e-25
  2.2117e+05   9.49e-26
  2.2892e+05   9.00e-26
  2.3695e+05   8.54e-26
  2.4525e+05   8.09e-26
  2.5385e+05   7.66e-26
  2.6274e+05   7.25e-26
  2.7195e+05   6.86e-26
  2.8148e+05   6.49e-26
  2.9134e+05   6.13e-26
  3.0155e+05   5.79e-26
  3.1212e+05   5.46e-26
  3.2306e+05   5.15e-26
  3.3438e+05   4.85e-26
  3.4610e+05   4.57e-26
  3.5823e+05   4.30e-26
  3.7078e+05   4.04e-26
  3.8377e+05   3.79e-26
  3.9722e+05   3.56e-26
  4.1114e+05   3.34e-26
  4.2555e+05   3.13e-26
  4.4046e+05   2.94e-26
  4.5590e+05   2.75e-26
  4.7188e+05   2.57e-26
  4.8841e+05   2.41e-26
  5.0553e+05   2.25e-26
  5.2324e+05   2.10e-26
  5.4158e+05   1.96e-26
  5.6056e+05   1.83e-26
  5.8020e+05   1.71e-26
  6.0054e+05   1.59e-26
  6.2158e+05   1.48e-26
  6.4337e+05   1.38e-26
  6.6591e+05   1.28e-26
  6.8925e+05   1.19e-26
  7.1340e+05   1.11e-26
  7.3840e+05   1.03e-26
  7.6428e+05   9.51e-27
  7.9106e+05   8.81e-27
  8.1878e+05   8.16e-27
  8.4748e+05   7.55e-27
  8.7718e+05   6.99e-27
  9.0792e+05   6.46e-27
  9.3973e+05   5.97e-27
  9.7267e+05   5.51e-27
  1.0068e+06   5.09e-27
  1.0420e+06   4.70e-27
  1.0785e+06   4.33e-27
  1.1163e+06   3.99e-27
  1.1555e+06   3.68e-27
  1.1960e+06   3.39e-27
  1.2379e+06   3.12e-27
  1.2813e+06   2.87e-27
  1.3262e+06   2.64e-27
  1.3726e+06   2.42e-27
  1.4207e+06   2.23e-27
  1.4705e+06   2.04e-27
  1.5220e+06   1.87e-27
  1.5754e+06   1.72e-27
  1.6306e+06   1.57e-27
  1.6877e+06   1.44e-27
  1.7469e+06   1.32e-27
  1.8081e+06   1.21e-27
  1.8715e+06   1.10e-27
  1.9370e+06   1.00e-27
  2.0049e+06   9.18e-28
  2.0752e+06   8.37e-28
  2.1479e+06   7.61e-28
  2.2232e+06   6.94e-28
  2.3011e+06   6.32e-28
  2.3817e+06   5.74e-28
  2.4652e+06   5.21e-28
  2.5516e+06   4.73e-28
  2.6410e+06   4.29e-28
  2.7336e+06   3.87e-28
  2.8294e+06   3.51e-28
  2.9285e+06   3.18e-28
  3.0311e+06   2.86e-28
  3.1374e+06   2.58e-28
  3.2473e+06   2.33e-28
  3.3611e+06   2.09e-28
  3.4789e+06   1.87e-28
  3.6008e+06   1.69e-28
  3.7270e+06   1.51e-28
  3.8576e+06   1.35e-28
  3.9928e+06   1.21e-28
  4.1327e+06   1.08e-28
  4.2775e+06   9.60e-29
  4.4274e+06   8.56e-29
  4.5826e+06   7.63e-29
  4.7432e+06   6.76e-29
  4.9094e+06   5.97e-29
  5.0815e+06   5.31e-29
  5.2595e+06   4.69e-29
  5.4438e+06   4.11e-29
  5.6346e+06   3.64e-29
  5.8321e+06   3.20e-29
  6.0365e+06   2.79e-29
  6.2480e+06   2.45e-29
  6.4670e+06   2.14e-29
  6.6936e+06   1.86e-29
  6.9282e+06   1.61e-29
  7.1709e+06   1.41e-29
  7.4222e+06   1.22e-29
  7.6823e+06   1.04e-29
  7.9516e+06   9.05e-30
  8.2302e+06   7.79e-30
  8.5186e+06   6.63e-30
  8.8172e+06   5.66e-30
  9.1262e+06   4.84e-30
  9.4460e+06   4.10e-30
  9.7770e+06   3.44e-30
  1.0120e+07   2.92e-30
  1.0474e+07   2.45e-30
  1.0841e+07   2.03e-30
  1.1221e+07   1.70e-30
  1.1614e+07   1.41e-30
  1.2022e+07   1.15e-30
  1.2443e+07   9.43e-31
  1.2879e+07   7.69e-31
  1.3330e+07   6.17e-31
  1.3797e+07   4.90e-31
  1.4281e+07   3.92e-31
  1.4781e+07   3.09e-31
  1.5299e+07   2.38e-31
  1.5835e+07   1.86e-31
  1.6390e+07   1.43e-31
  1.6965e+07   1.07e-31
  1.7559e+07   7.99e-32
  1.8175e+07   5.95e-32
  1.8812e+07   4.31e-32
  1.9471e+07   3.06e-32
  2.0153e+07   2.16e-32
  2.0859e+07   1.48e-32
  2.1590e+07   9.75e-33
  2.2347e+07   6.32e-33
  2.3130e+07   3.93e-33
  2.3941e+07   2.32e-33
  2.4780e+07   1.30e-33
  2.5648e+07   6.88e-34
  2.6547e+07   3.36e-34
  2.7477e+07   1.50e-34
  2.8440e+07   6.04e-35
