#  E [MeV]   Flux [# cm^{-2} s^{-1}  MeV^{-1}]
  3.0000e+04   2.64e-20
  3.1033e+04   2.53e-20
  3.2102e+04   2.43e-20
  3.3207e+04   2.33e-20
  3.4350e+04   2.23e-20
  3.5533e+04   2.13e-20
  3.6757e+04   2.04e-20
  3.8022e+04   1.96e-20
  3.9332e+04   1.87e-20
  4.0686e+04   1.79e-20
  4.2087e+04   1.72e-20
  4.3536e+04   1.64e-20
  4.5035e+04   1.57e-20
  4.6586e+04   1.50e-20
  4.8190e+04   1.44e-20
  4.9850e+04   1.37e-20
  5.1566e+04   1.31e-20
  5.3342e+04   1.26e-20
  5.5178e+04   1.20e-20
  5.7078e+04   1.15e-20
  5.9044e+04   1.09e-20
  6.1077e+04   1.05e-20
  6.3180e+04   9.98e-21
  6.5356e+04   9.53e-21
  6.7606e+04   9.10e-21
  6.9934e+04   8.68e-21
  7.2342e+04   8.28e-21
  7.4833e+04   7.90e-21
  7.7410e+04   7.53e-21
  8.0075e+04   7.18e-21
  8.2833e+04   6.84e-21
  8.5685e+04   6.52e-21
  8.8635e+04   6.21e-21
  9.1687e+04   5.91e-21
  9.4844e+04   5.63e-21
  9.8110e+04   5.36e-21
  1.0149e+05   5.10e-21
  1.0498e+05   4.85e-21
  1.0860e+05   4.61e-21
  1.1234e+05   4.38e-21
  1.1621e+05   4.16e-21
  1.2021e+05   3.95e-21
  1.2435e+05   3.75e-21
  1.2863e+05   3.56e-21
  1.3306e+05   3.38e-21
  1.3764e+05   3.20e-21
  1.4238e+05   3.04e-21
  1.4728e+05   2.87e-21
  1.5235e+05   2.72e-21
  1.5760e+05   2.57e-21
  1.6302e+05   2.43e-21
  1.6864e+05   2.30e-21
  1.7445e+05   2.17e-21
  1.8045e+05   2.05e-21
  1.8667e+05   1.93e-21
  1.9309e+05   1.82e-21
  1.9974e+05   1.72e-21
  2.0662e+05   1.62e-21
  2.1373e+05   1.52e-21
  2.2109e+05   1.43e-21
  2.2871e+05   1.34e-21
  2.3658e+05   1.26e-21
  2.4473e+05   1.18e-21
  2.5316e+05   1.10e-21
  2.6187e+05   1.03e-21
  2.7089e+05   9.67e-22
  2.8022e+05   9.03e-22
  2.8987e+05   8.43e-22
  2.9985e+05   7.86e-22
  3.1017e+05   7.32e-22
  3.2085e+05   6.81e-22
  3.3190e+05   6.34e-22
  3.4333e+05   5.88e-22
  3.5515e+05   5.46e-22
  3.6738e+05   5.06e-22
  3.8003e+05   4.68e-22
  3.9312e+05   4.33e-22
  4.0665e+05   4.00e-22
  4.2066e+05   3.69e-22
  4.3514e+05   3.40e-22
  4.5013e+05   3.13e-22
  4.6562e+05   2.88e-22
  4.8166e+05   2.65e-22
  4.9824e+05   2.43e-22
  5.1540e+05   2.22e-22
  5.3315e+05   2.04e-22
  5.5150e+05   1.87e-22
  5.7050e+05   1.70e-22
  5.9014e+05   1.56e-22
  6.1046e+05   1.42e-22
  6.3148e+05   1.29e-22
  6.5322e+05   1.18e-22
  6.7572e+05   1.07e-22
  6.9898e+05   9.72e-23
  7.2305e+05   8.82e-23
  7.4795e+05   8.01e-23
  7.7371e+05   7.27e-23
  8.0035e+05   6.58e-23
  8.2791e+05   5.96e-23
  8.5641e+05   5.40e-23
  8.8590e+05   4.89e-23
  9.1641e+05   4.41e-23
  9.4796e+05   4.00e-23
  9.8061e+05   3.61e-23
  1.0144e+06   3.26e-23
  1.0493e+06   2.95e-23
  1.0854e+06   2.66e-23
  1.1228e+06   2.40e-23
  1.1615e+06   2.17e-23
  1.2015e+06   1.96e-23
  1.2428e+06   1.77e-23
  1.2856e+06   1.59e-23
  1.3299e+06   1.43e-23
  1.3757e+06   1.29e-23
  1.4231e+06   1.16e-23
  1.4721e+06   1.05e-23
  1.5228e+06   9.44e-24
  1.5752e+06   8.49e-24
  1.6294e+06   7.62e-24
  1.6855e+06   6.87e-24
  1.7436e+06   6.18e-24
  1.8036e+06   5.54e-24
  1.8657e+06   4.98e-24
  1.9300e+06   4.47e-24
  1.9964e+06   4.01e-24
  2.0652e+06   3.58e-24
  2.1363e+06   3.22e-24
  2.2098e+06   2.88e-24
  2.2859e+06   2.57e-24
  2.3646e+06   2.30e-24
  2.4461e+06   2.05e-24
  2.5303e+06   1.82e-24
  2.6174e+06   1.62e-24
  2.7075e+06   1.44e-24
  2.8008e+06   1.28e-24
  2.8972e+06   1.13e-24
  2.9970e+06   1.00e-24
  3.1002e+06   8.88e-25
  3.2069e+06   7.80e-25
  3.3173e+06   6.88e-25
  3.4316e+06   6.07e-25
  3.5497e+06   5.31e-25
  3.6720e+06   4.63e-25
  3.7984e+06   4.07e-25
  3.9292e+06   3.55e-25
  4.0645e+06   3.07e-25
  4.2044e+06   2.68e-25
  4.3492e+06   2.32e-25
  4.4990e+06   2.00e-25
  4.6539e+06   1.72e-25
  4.8141e+06   1.48e-25
  4.9799e+06   1.27e-25
  5.1514e+06   1.07e-25
  5.3288e+06   9.23e-26
  5.5123e+06   7.85e-26
  5.7021e+06   6.60e-26
  5.8984e+06   5.57e-26
  6.1015e+06   4.71e-26
  6.3116e+06   3.93e-26
  6.5289e+06   3.26e-26
  6.7538e+06   2.73e-26
  6.9863e+06   2.26e-26
  7.2269e+06   1.85e-26
  7.4757e+06   1.53e-26
  7.7331e+06   1.25e-26
  7.9994e+06   1.01e-26
  8.2749e+06   8.14e-27
  8.5598e+06   6.58e-27
  8.8546e+06   5.24e-27
  9.1594e+06   4.10e-27
  9.4748e+06   3.26e-27
  9.8011e+06   2.56e-27
  1.0139e+07   1.97e-27
  1.0488e+07   1.51e-27
  1.0849e+07   1.16e-27
  1.1222e+07   8.66e-28
  1.1609e+07   6.38e-28
  1.2009e+07   4.69e-28
  1.2422e+07   3.37e-28
  1.2850e+07   2.37e-28
  1.3292e+07   1.64e-28
  1.3750e+07   1.11e-28
  1.4223e+07   7.32e-29
  1.4713e+07   4.68e-29
  1.5220e+07   2.92e-29
  1.5744e+07   1.75e-29
  1.6286e+07   1.00e-29
  1.6847e+07   5.54e-30
  1.7427e+07   2.90e-30
  1.8027e+07   1.43e-30
  1.8648e+07   6.61e-31
  1.9290e+07   2.83e-31
  1.9954e+07   1.12e-31
  2.0641e+07   4.00e-32
  2.1352e+07   1.28e-32
  2.2087e+07   3.65e-33
  2.2848e+07   9.04e-34
  2.3634e+07   1.95e-34
  2.4448e+07   3.54e-35
  2.5290e+07   5.23e-36
