#  E [MeV]   Flux [# cm^{-2} s^{-1}  MeV^{-1}]
  3.0000e+04   5.80e-21
  3.0765e+04   5.60e-21
  3.1549e+04   5.41e-21
  3.2354e+04   5.22e-21
  3.3179e+04   5.04e-21
  3.4025e+04   4.87e-21
  3.4892e+04   4.70e-21
  3.5782e+04   4.54e-21
  3.6695e+04   4.38e-21
  3.7630e+04   4.22e-21
  3.8590e+04   4.08e-21
  3.9574e+04   3.93e-21
  4.0583e+04   3.80e-21
  4.1618e+04   3.66e-21
  4.2679e+04   3.53e-21
  4.3767e+04   3.41e-21
  4.4883e+04   3.29e-21
  4.6028e+04   3.17e-21
  4.7201e+04   3.06e-21
  4.8405e+04   2.95e-21
  4.9639e+04   2.84e-21
  5.0905e+04   2.74e-21
  5.2203e+04   2.64e-21
  5.3534e+04   2.55e-21
  5.4899e+04   2.45e-21
  5.6299e+04   2.37e-21
  5.7734e+04   2.28e-21
  5.9207e+04   2.20e-21
  6.0716e+04   2.12e-21
  6.2264e+04   2.04e-21
  6.3852e+04   1.97e-21
  6.5480e+04   1.89e-21
  6.7150e+04   1.82e-21
  6.8862e+04   1.76e-21
  7.0618e+04   1.69e-21
  7.2419e+04   1.63e-21
  7.4265e+04   1.57e-21
  7.6159e+04   1.51e-21
  7.8101e+04   1.46e-21
  8.0092e+04   1.40e-21
  8.2135e+04   1.35e-21
  8.4229e+04   1.30e-21
  8.6377e+04   1.25e-21
  8.8579e+04   1.21e-21
  9.0838e+04   1.16e-21
  9.3154e+04   1.12e-21
  9.5529e+04   1.08e-21
  9.7965e+04   1.04e-21
  1.0046e+05   1.00e-21
  1.0303e+05   9.63e-22
  1.0565e+05   9.27e-22
  1.0835e+05   8.93e-22
  1.1111e+05   8.60e-22
  1.1394e+05   8.28e-22
  1.1685e+05   7.98e-22
  1.1983e+05   7.68e-22
  1.2288e+05   7.40e-22
  1.2602e+05   7.12e-22
  1.2923e+05   6.86e-22
  1.3252e+05   6.60e-22
  1.3590e+05   6.35e-22
  1.3937e+05   6.11e-22
  1.4292e+05   5.88e-22
  1.4657e+05   5.66e-22
  1.5030e+05   5.45e-22
  1.5414e+05   5.24e-22
  1.5807e+05   5.05e-22
  1.6210e+05   4.86e-22
  1.6623e+05   4.67e-22
  1.7047e+05   4.50e-22
  1.7482e+05   4.33e-22
  1.7927e+05   4.17e-22
  1.8384e+05   4.01e-22
  1.8853e+05   3.86e-22
  1.9334e+05   3.71e-22
  1.9827e+05   3.57e-22
  2.0333e+05   3.44e-22
  2.0851e+05   3.31e-22
  2.1383e+05   3.18e-22
  2.1928e+05   3.07e-22
  2.2487e+05   2.95e-22
  2.3060e+05   2.84e-22
  2.3648e+05   2.73e-22
  2.4251e+05   2.63e-22
  2.4870e+05   2.53e-22
  2.5504e+05   2.43e-22
  2.6154e+05   2.34e-22
  2.6821e+05   2.25e-22
  2.7505e+05   2.16e-22
  2.8206e+05   2.08e-22
  2.8926e+05   2.00e-22
  2.9663e+05   1.92e-22
  3.0420e+05   1.84e-22
  3.1195e+05   1.77e-22
  3.1991e+05   1.70e-22
  3.2806e+05   1.63e-22
  3.3643e+05   1.57e-22
  3.4501e+05   1.50e-22
  3.5381e+05   1.44e-22
  3.6283e+05   1.38e-22
  3.7208e+05   1.33e-22
  3.8157e+05   1.27e-22
  3.9130e+05   1.22e-22
  4.0127e+05   1.17e-22
  4.1150e+05   1.12e-22
  4.2200e+05   1.08e-22
  4.3276e+05   1.03e-22
  4.4379e+05   9.90e-23
  4.5511e+05   9.49e-23
  4.6671e+05   9.09e-23
  4.7861e+05   8.71e-23
  4.9082e+05   8.34e-23
  5.0333e+05   7.99e-23
  5.1617e+05   7.65e-23
  5.2933e+05   7.32e-23
  5.4283e+05   7.01e-23
  5.5667e+05   6.71e-23
  5.7086e+05   6.42e-23
  5.8542e+05   6.14e-23
  6.0035e+05   5.88e-23
  6.1565e+05   5.62e-23
  6.3135e+05   5.38e-23
  6.4745e+05   5.14e-23
  6.6396e+05   4.92e-23
  6.8089e+05   4.70e-23
  6.9825e+05   4.50e-23
  7.1606e+05   4.30e-23
  7.3432e+05   4.11e-23
  7.5304e+05   3.93e-23
  7.7224e+05   3.76e-23
  7.9193e+05   3.60e-23
  8.1213e+05   3.44e-23
  8.3283e+05   3.29e-23
  8.5407e+05   3.15e-23
  8.7585e+05   3.01e-23
  8.9818e+05   2.88e-23
  9.2108e+05   2.75e-23
  9.4457e+05   2.63e-23
  9.6866e+05   2.52e-23
  9.9336e+05   2.41e-23
  1.0187e+06   2.30e-23
  1.0447e+06   2.20e-23
  1.0713e+06   2.11e-23
  1.0986e+06   2.02e-23
  1.1266e+06   1.93e-23
  1.1554e+06   1.85e-23
  1.1848e+06   1.77e-23
  1.2150e+06   1.69e-23
  1.2460e+06   1.62e-23
  1.2778e+06   1.55e-23
  1.3104e+06   1.49e-23
  1.3438e+06   1.42e-23
  1.3780e+06   1.36e-23
  1.4132e+06   1.31e-23
  1.4492e+06   1.25e-23
  1.4862e+06   1.20e-23
  1.5241e+06   1.15e-23
  1.5629e+06   1.10e-23
  1.6028e+06   1.06e-23
  1.6436e+06   1.01e-23
  1.6856e+06   9.71e-24
  1.7285e+06   9.30e-24
  1.7726e+06   8.92e-24
  1.8178e+06   8.55e-24
  1.8642e+06   8.20e-24
  1.9117e+06   7.86e-24
  1.9604e+06   7.53e-24
  2.0104e+06   7.22e-24
  2.0617e+06   6.92e-24
  2.1143e+06   6.63e-24
  2.1682e+06   6.35e-24
  2.2235e+06   6.09e-24
  2.2802e+06   5.83e-24
  2.3383e+06   5.58e-24
  2.3979e+06   5.35e-24
  2.4591e+06   5.12e-24
  2.5218e+06   4.90e-24
  2.5861e+06   4.68e-24
  2.6520e+06   4.48e-24
  2.7196e+06   4.29e-24
  2.7890e+06   4.10e-24
  2.8601e+06   3.92e-24
  2.9330e+06   3.75e-24
  3.0078e+06   3.58e-24
  3.0845e+06   3.42e-24
  3.1632e+06   3.27e-24
  3.2438e+06   3.12e-24
  3.3265e+06   2.98e-24
  3.4113e+06   2.84e-24
  3.4983e+06   2.71e-24
  3.5875e+06   2.58e-24
  3.6790e+06   2.45e-24
  3.7728e+06   2.33e-24
  3.8690e+06   2.22e-24
  3.9677e+06   2.11e-24
  4.0689e+06   2.00e-24
  4.1726e+06   1.89e-24
  4.2790e+06   1.80e-24
  4.3881e+06   1.72e-24
  4.5000e+06   1.63e-24
