#  E [MeV]   Flux [# cm^{-2} s^{-1}  MeV^{-1}]
  3.0000e+04   1.95e-19
  3.0411e+04   1.90e-19
  3.0828e+04   1.85e-19
  3.1250e+04   1.79e-19
  3.1678e+04   1.74e-19
  3.2112e+04   1.69e-19
  3.2552e+04   1.65e-19
  3.2998e+04   1.60e-19
  3.3450e+04   1.55e-19
  3.3909e+04   1.51e-19
  3.4373e+04   1.47e-19
  3.4844e+04   1.42e-19
  3.5322e+04   1.38e-19
  3.5806e+04   1.34e-19
  3.6296e+04   1.30e-19
  3.6794e+04   1.26e-19
  3.7298e+04   1.23e-19
  3.7809e+04   1.19e-19
  3.8327e+04   1.15e-19
  3.8852e+04   1.12e-19
  3.9384e+04   1.09e-19
  3.9924e+04   1.05e-19
  4.0471e+04   1.02e-19
  4.1025e+04   9.91e-20
  4.1587e+04   9.61e-20
  4.2157e+04   9.32e-20
  4.2735e+04   9.03e-20
  4.3320e+04   8.75e-20
  4.3914e+04   8.47e-20
  4.4516e+04   8.21e-20
  4.5125e+04   7.96e-20
  4.5744e+04   7.71e-20
  4.6370e+04   7.47e-20
  4.7006e+04   7.23e-20
  4.7650e+04   7.00e-20
  4.8303e+04   6.77e-20
  4.8965e+04   6.55e-20
  4.9635e+04   6.33e-20
  5.0315e+04   6.13e-20
  5.1005e+04   5.94e-20
  5.1704e+04   5.75e-20
  5.2412e+04   5.56e-20
  5.3130e+04   5.38e-20
  5.3858e+04   5.20e-20
  5.4596e+04   5.02e-20
  5.5344e+04   4.85e-20
  5.6102e+04   4.69e-20
  5.6871e+04   4.53e-20
  5.7650e+04   4.38e-20
  5.8440e+04   4.23e-20
  5.9241e+04   4.09e-20
  6.0053e+04   3.95e-20
  6.0875e+04   3.81e-20
  6.1709e+04   3.68e-20
  6.2555e+04   3.55e-20
  6.3412e+04   3.43e-20
  6.4281e+04   3.31e-20
  6.5162e+04   3.19e-20
  6.6054e+04   3.08e-20
  6.6959e+04   2.97e-20
  6.7877e+04   2.87e-20
  6.8807e+04   2.76e-20
  6.9750e+04   2.66e-20
  7.0705e+04   2.56e-20
  7.1674e+04   2.48e-20
  7.2656e+04   2.39e-20
  7.3652e+04   2.30e-20
  7.4661e+04   2.22e-20
  7.5684e+04   2.14e-20
  7.6721e+04   2.06e-20
  7.7772e+04   1.98e-20
  7.8837e+04   1.90e-20
  7.9917e+04   1.83e-20
  8.1012e+04   1.77e-20
  8.2122e+04   1.70e-20
  8.3248e+04   1.64e-20
  8.4388e+04   1.58e-20
  8.5544e+04   1.52e-20
  8.6717e+04   1.46e-20
  8.7905e+04   1.40e-20
  8.9109e+04   1.35e-20
  9.0330e+04   1.30e-20
  9.1568e+04   1.25e-20
  9.2822e+04   1.20e-20
  9.4094e+04   1.15e-20
  9.5383e+04   1.11e-20
  9.6690e+04   1.06e-20
  9.8015e+04   1.02e-20
  9.9358e+04   9.75e-21
  1.0072e+05   9.37e-21
  1.0210e+05   9.00e-21
  1.0350e+05   8.64e-21
  1.0492e+05   8.29e-21
  1.0635e+05   7.95e-21
  1.0781e+05   7.61e-21
  1.0929e+05   7.28e-21
  1.1079e+05   6.96e-21
  1.1230e+05   6.68e-21
  1.1384e+05   6.41e-21
  1.1540e+05   6.14e-21
  1.1698e+05   5.89e-21
  1.1859e+05   5.64e-21
  1.2021e+05   5.39e-21
  1.2186e+05   5.15e-21
  1.2353e+05   4.92e-21
  1.2522e+05   4.70e-21
  1.2694e+05   4.50e-21
  1.2867e+05   4.31e-21
  1.3044e+05   4.13e-21
  1.3222e+05   3.95e-21
  1.3404e+05   3.77e-21
  1.3587e+05   3.60e-21
  1.3773e+05   3.43e-21
  1.3962e+05   3.27e-21
  1.4153e+05   3.13e-21
  1.4347e+05   2.99e-21
  1.4544e+05   2.86e-21
  1.4743e+05   2.74e-21
  1.4945e+05   2.61e-21
  1.5150e+05   2.49e-21
  1.5358e+05   2.37e-21
  1.5568e+05   2.26e-21
  1.5781e+05   2.15e-21
  1.5997e+05   2.06e-21
  1.6217e+05   1.97e-21
  1.6439e+05   1.88e-21
  1.6664e+05   1.80e-21
  1.6892e+05   1.71e-21
  1.7124e+05   1.63e-21
  1.7358e+05   1.55e-21
  1.7596e+05   1.47e-21
  1.7837e+05   1.41e-21
  1.8082e+05   1.35e-21
  1.8330e+05   1.29e-21
  1.8581e+05   1.23e-21
  1.8835e+05   1.17e-21
  1.9093e+05   1.12e-21
  1.9355e+05   1.06e-21
  1.9620e+05   1.01e-21
  1.9889e+05   9.62e-22
  2.0161e+05   9.22e-22
  2.0438e+05   8.83e-22
  2.0718e+05   8.45e-22
  2.1002e+05   8.08e-22
  2.1289e+05   7.72e-22
  2.1581e+05   7.36e-22
  2.1877e+05   7.02e-22
  2.2176e+05   6.68e-22
  2.2480e+05   6.42e-22
  2.2788e+05   6.17e-22
  2.3101e+05   5.93e-22
  2.3417e+05   5.69e-22
  2.3738e+05   5.46e-22
  2.4063e+05   5.23e-22
  2.4393e+05   5.01e-22
  2.4727e+05   4.79e-22
  2.5066e+05   4.60e-22
  2.5409e+05   4.44e-22
  2.5757e+05   4.28e-22
  2.6110e+05   4.13e-22
  2.6468e+05   3.98e-22
  2.6831e+05   3.84e-22
  2.7198e+05   3.69e-22
  2.7571e+05   3.55e-22
  2.7949e+05   3.42e-22
  2.8332e+05   3.33e-22
  2.8720e+05   3.23e-22
  2.9113e+05   3.14e-22
  2.9512e+05   3.06e-22
  2.9917e+05   2.97e-22
  3.0327e+05   2.89e-22
  3.0742e+05   2.80e-22
  3.1163e+05   2.72e-22
  3.1590e+05   2.65e-22
  3.2023e+05   2.59e-22
  3.2462e+05   2.53e-22
  3.2907e+05   2.48e-22
  3.3357e+05   2.42e-22
  3.3814e+05   2.36e-22
  3.4278e+05   2.31e-22
  3.4747e+05   2.26e-22
  3.5223e+05   2.20e-22
  3.5706e+05   2.07e-22
  3.6195e+05   1.95e-22
  3.6691e+05   1.83e-22
  3.7194e+05   1.71e-22
  3.7704e+05   1.60e-22
  3.8220e+05   1.49e-22
  3.8744e+05   1.38e-22
  3.9275e+05   1.28e-22
  3.9813e+05   1.15e-22
  4.0358e+05   1.01e-22
  4.0911e+05   8.82e-23
  4.1472e+05   7.54e-23
  4.2040e+05   6.29e-23
  4.2616e+05   5.08e-23
  4.3200e+05   3.89e-23
  4.3792e+05   2.74e-23
  4.4392e+05   1.80e-23
  4.5000e+05   1.62e-23
