#  E [MeV]   Flux [# cm^{-2} s^{-1}  MeV^{-1}]
  3.0000e+04   7.02e-20
  3.0854e+04   6.79e-20
  3.1733e+04   6.57e-20
  3.2636e+04   6.36e-20
  3.3566e+04   6.15e-20
  3.4521e+04   5.94e-20
  3.5504e+04   5.74e-20
  3.6515e+04   5.55e-20
  3.7555e+04   5.36e-20
  3.8625e+04   5.18e-20
  3.9724e+04   5.00e-20
  4.0855e+04   4.83e-20
  4.2019e+04   4.66e-20
  4.3215e+04   4.50e-20
  4.4446e+04   4.34e-20
  4.5711e+04   4.18e-20
  4.7013e+04   4.03e-20
  4.8352e+04   3.89e-20
  4.9728e+04   3.74e-20
  5.1144e+04   3.61e-20
  5.2601e+04   3.47e-20
  5.4099e+04   3.34e-20
  5.5639e+04   3.22e-20
  5.7223e+04   3.09e-20
  5.8853e+04   2.97e-20
  6.0528e+04   2.86e-20
  6.2252e+04   2.75e-20
  6.4025e+04   2.64e-20
  6.5848e+04   2.54e-20
  6.7723e+04   2.44e-20
  6.9651e+04   2.34e-20
  7.1634e+04   2.24e-20
  7.3674e+04   2.15e-20
  7.5772e+04   2.06e-20
  7.7929e+04   1.98e-20
  8.0148e+04   1.89e-20
  8.2431e+04   1.82e-20
  8.4778e+04   1.74e-20
  8.7192e+04   1.66e-20
  8.9674e+04   1.59e-20
  9.2228e+04   1.52e-20
  9.4854e+04   1.46e-20
  9.7555e+04   1.39e-20
  1.0033e+05   1.33e-20
  1.0319e+05   1.27e-20
  1.0613e+05   1.21e-20
  1.0915e+05   1.16e-20
  1.1226e+05   1.10e-20
  1.1545e+05   1.05e-20
  1.1874e+05   1.00e-20
  1.2212e+05   9.57e-21
  1.2560e+05   9.12e-21
  1.2918e+05   8.69e-21
  1.3286e+05   8.28e-21
  1.3664e+05   7.88e-21
  1.4053e+05   7.50e-21
  1.4453e+05   7.13e-21
  1.4865e+05   6.78e-21
  1.5288e+05   6.45e-21
  1.5723e+05   6.13e-21
  1.6171e+05   5.82e-21
  1.6631e+05   5.53e-21
  1.7105e+05   5.25e-21
  1.7592e+05   4.98e-21
  1.8093e+05   4.72e-21
  1.8608e+05   4.47e-21
  1.9138e+05   4.24e-21
  1.9683e+05   4.01e-21
  2.0243e+05   3.79e-21
  2.0820e+05   3.59e-21
  2.1413e+05   3.39e-21
  2.2022e+05   3.20e-21
  2.2649e+05   3.02e-21
  2.3294e+05   2.85e-21
  2.3958e+05   2.69e-21
  2.4640e+05   2.53e-21
  2.5341e+05   2.39e-21
  2.6063e+05   2.25e-21
  2.6805e+05   2.11e-21
  2.7568e+05   1.99e-21
  2.8353e+05   1.87e-21
  2.9161e+05   1.75e-21
  2.9991e+05   1.64e-21
  3.0845e+05   1.54e-21
  3.1723e+05   1.45e-21
  3.2627e+05   1.35e-21
  3.3556e+05   1.27e-21
  3.4511e+05   1.18e-21
  3.5494e+05   1.11e-21
  3.6504e+05   1.03e-21
  3.7544e+05   9.65e-22
  3.8613e+05   9.00e-22
  3.9712e+05   8.39e-22
  4.0843e+05   7.81e-22
  4.2006e+05   7.26e-22
  4.3202e+05   6.74e-22
  4.4432e+05   6.27e-22
  4.5698e+05   5.82e-22
  4.6999e+05   5.39e-22
  4.8337e+05   4.99e-22
  4.9713e+05   4.63e-22
  5.1129e+05   4.29e-22
  5.2585e+05   3.96e-22
  5.4082e+05   3.65e-22
  5.5622e+05   3.38e-22
  5.7206e+05   3.12e-22
  5.8835e+05   2.87e-22
  6.0510e+05   2.64e-22
  6.2233e+05   2.44e-22
  6.4005e+05   2.24e-22
  6.5828e+05   2.06e-22
  6.7702e+05   1.89e-22
  6.9630e+05   1.74e-22
  7.1613e+05   1.59e-22
  7.3652e+05   1.46e-22
  7.5749e+05   1.33e-22
  7.7906e+05   1.22e-22
  8.0124e+05   1.12e-22
  8.2406e+05   1.02e-22
  8.4752e+05   9.32e-23
  8.7165e+05   8.51e-23
  8.9647e+05   7.78e-23
  9.2200e+05   7.09e-23
  9.4825e+05   6.44e-23
  9.7526e+05   5.87e-23
  1.0030e+06   5.36e-23
  1.0316e+06   4.87e-23
  1.0610e+06   4.42e-23
  1.0912e+06   4.01e-23
  1.1222e+06   3.66e-23
  1.1542e+06   3.32e-23
  1.1871e+06   3.01e-23
  1.2209e+06   2.72e-23
  1.2556e+06   2.48e-23
  1.2914e+06   2.25e-23
  1.3281e+06   2.03e-23
  1.3660e+06   1.83e-23
  1.4049e+06   1.67e-23
  1.4449e+06   1.51e-23
  1.4860e+06   1.36e-23
  1.5283e+06   1.23e-23
  1.5718e+06   1.11e-23
  1.6166e+06   1.01e-23
  1.6626e+06   9.05e-24
  1.7100e+06   8.11e-24
  1.7587e+06   7.36e-24
  1.8087e+06   6.65e-24
  1.8602e+06   5.98e-24
  1.9132e+06   5.34e-24
  1.9677e+06   4.84e-24
  2.0237e+06   4.37e-24
  2.0813e+06   3.93e-24
  2.1406e+06   3.51e-24
  2.2016e+06   3.17e-24
  2.2642e+06   2.86e-24
  2.3287e+06   2.56e-24
  2.3950e+06   2.29e-24
  2.4632e+06   2.06e-24
  2.5334e+06   1.86e-24
  2.6055e+06   1.67e-24
  2.6797e+06   1.48e-24
  2.7560e+06   1.33e-24
  2.8345e+06   1.20e-24
  2.9152e+06   1.08e-24
  2.9982e+06   9.58e-25
  3.0836e+06   8.58e-25
  3.1714e+06   7.73e-25
  3.2617e+06   6.92e-25
  3.3545e+06   6.16e-25
  3.4501e+06   5.50e-25
  3.5483e+06   4.94e-25
  3.6493e+06   4.41e-25
  3.7532e+06   3.91e-25
  3.8601e+06   3.48e-25
  3.9700e+06   3.13e-25
  4.0831e+06   2.80e-25
  4.1993e+06   2.49e-25
  4.3189e+06   2.21e-25
  4.4419e+06   2.00e-25
  4.5684e+06   1.80e-25
  4.6985e+06   1.61e-25
  4.8322e+06   1.44e-25
  4.9698e+06   1.31e-25
  5.1114e+06   1.20e-25
  5.2569e+06   1.09e-25
  5.4066e+06   9.87e-26
  5.5605e+06   9.13e-26
  5.7189e+06   8.44e-26
  5.8817e+06   7.78e-26
  6.0492e+06   7.15e-26
  6.2214e+06   6.69e-26
  6.3986e+06   6.26e-26
  6.5808e+06   5.85e-26
  6.7682e+06   5.46e-26
  6.9609e+06   5.14e-26
  7.1591e+06   4.85e-26
  7.3630e+06   4.56e-26
  7.5726e+06   4.29e-26
  7.7882e+06   4.04e-26
  8.0100e+06   3.80e-26
