#  E [MeV]   Flux [# cm^{-2} s^{-1}  MeV^{-1}]
  3.0000e+04   6.59e-21
  3.0411e+04   6.48e-21
  3.0828e+04   6.38e-21
  3.1250e+04   6.27e-21
  3.1678e+04   6.17e-21
  3.2112e+04   6.07e-21
  3.2552e+04   5.97e-21
  3.2998e+04   5.87e-21
  3.3450e+04   5.78e-21
  3.3909e+04   5.68e-21
  3.4373e+04   5.59e-21
  3.4844e+04   5.50e-21
  3.5322e+04   5.41e-21
  3.5806e+04   5.32e-21
  3.6296e+04   5.23e-21
  3.6794e+04   5.15e-21
  3.7298e+04   5.07e-21
  3.7809e+04   4.98e-21
  3.8327e+04   4.90e-21
  3.8852e+04   4.82e-21
  3.9384e+04   4.74e-21
  3.9924e+04   4.67e-21
  4.0471e+04   4.59e-21
  4.1025e+04   4.52e-21
  4.1587e+04   4.44e-21
  4.2157e+04   4.37e-21
  4.2735e+04   4.30e-21
  4.3320e+04   4.23e-21
  4.3914e+04   4.16e-21
  4.4516e+04   4.09e-21
  4.5125e+04   4.02e-21
  4.5744e+04   3.95e-21
  4.6370e+04   3.89e-21
  4.7006e+04   3.82e-21
  4.7650e+04   3.76e-21
  4.8303e+04   3.70e-21
  4.8965e+04   3.64e-21
  4.9635e+04   3.58e-21
  5.0315e+04   3.52e-21
  5.1005e+04   3.46e-21
  5.1704e+04   3.41e-21
  5.2412e+04   3.35e-21
  5.3130e+04   3.30e-21
  5.3858e+04   3.24e-21
  5.4596e+04   3.19e-21
  5.5344e+04   3.14e-21
  5.6102e+04   3.09e-21
  5.6871e+04   3.04e-21
  5.7650e+04   2.99e-21
  5.8440e+04   2.94e-21
  5.9241e+04   2.89e-21
  6.0053e+04   2.84e-21
  6.0875e+04   2.80e-21
  6.1709e+04   2.75e-21
  6.2555e+04   2.71e-21
  6.3412e+04   2.66e-21
  6.4281e+04   2.62e-21
  6.5162e+04   2.58e-21
  6.6054e+04   2.53e-21
  6.6959e+04   2.49e-21
  6.7877e+04   2.45e-21
  6.8807e+04   2.41e-21
  6.9750e+04   2.37e-21
  7.0705e+04   2.33e-21
  7.1674e+04   2.29e-21
  7.2656e+04   2.26e-21
  7.3652e+04   2.22e-21
  7.4661e+04   2.18e-21
  7.5684e+04   2.15e-21
  7.6721e+04   2.11e-21
  7.7772e+04   2.07e-21
  7.8837e+04   2.04e-21
  7.9917e+04   2.01e-21
  8.1012e+04   1.97e-21
  8.2122e+04   1.94e-21
  8.3248e+04   1.91e-21
  8.4388e+04   1.87e-21
  8.5544e+04   1.84e-21
  8.6717e+04   1.81e-21
  8.7905e+04   1.78e-21
  8.9109e+04   1.75e-21
  9.0330e+04   1.72e-21
  9.1568e+04   1.69e-21
  9.2822e+04   1.66e-21
  9.4094e+04   1.63e-21
  9.5383e+04   1.60e-21
  9.6690e+04   1.57e-21
  9.8015e+04   1.55e-21
  9.9358e+04   1.52e-21
  1.0072e+05   1.49e-21
  1.0210e+05   1.47e-21
  1.0350e+05   1.44e-21
  1.0492e+05   1.41e-21
  1.0635e+05   1.39e-21
  1.0781e+05   1.36e-21
  1.0929e+05   1.34e-21
  1.1079e+05   1.32e-21
  1.1230e+05   1.29e-21
  1.1384e+05   1.27e-21
  1.1540e+05   1.25e-21
  1.1698e+05   1.22e-21
  1.1859e+05   1.20e-21
  1.2021e+05   1.18e-21
  1.2186e+05   1.16e-21
  1.2353e+05   1.14e-21
  1.2522e+05   1.12e-21
  1.2694e+05   1.10e-21
  1.2867e+05   1.08e-21
  1.3044e+05   1.06e-21
  1.3222e+05   1.04e-21
  1.3404e+05   1.02e-21
  1.3587e+05   9.97e-22
  1.3773e+05   9.79e-22
  1.3962e+05   9.60e-22
  1.4153e+05   9.42e-22
  1.4347e+05   9.24e-22
  1.4544e+05   9.07e-22
  1.4743e+05   8.90e-22
  1.4945e+05   8.72e-22
  1.5150e+05   8.55e-22
  1.5358e+05   8.39e-22
  1.5568e+05   8.22e-22
  1.5781e+05   8.06e-22
  1.5997e+05   7.90e-22
  1.6217e+05   7.75e-22
  1.6439e+05   7.60e-22
  1.6664e+05   7.44e-22
  1.6892e+05   7.30e-22
  1.7124e+05   7.15e-22
  1.7358e+05   7.01e-22
  1.7596e+05   6.87e-22
  1.7837e+05   6.73e-22
  1.8082e+05   6.59e-22
  1.8330e+05   6.46e-22
  1.8581e+05   6.33e-22
  1.8835e+05   6.20e-22
  1.9093e+05   6.07e-22
  1.9355e+05   5.94e-22
  1.9620e+05   5.82e-22
  1.9889e+05   5.70e-22
  2.0161e+05   5.58e-22
  2.0438e+05   5.46e-22
  2.0718e+05   5.34e-22
  2.1002e+05   5.23e-22
  2.1289e+05   5.11e-22
  2.1581e+05   5.00e-22
  2.1877e+05   4.90e-22
  2.2176e+05   4.79e-22
  2.2480e+05   4.68e-22
  2.2788e+05   4.58e-22
  2.3101e+05   4.48e-22
  2.3417e+05   4.38e-22
  2.3738e+05   4.28e-22
  2.4063e+05   4.18e-22
  2.4393e+05   4.09e-22
  2.4727e+05   4.00e-22
  2.5066e+05   3.91e-22
  2.5409e+05   3.82e-22
  2.5757e+05   3.73e-22
  2.6110e+05   3.64e-22
  2.6468e+05   3.56e-22
  2.6831e+05   3.47e-22
  2.7198e+05   3.39e-22
  2.7571e+05   3.31e-22
  2.7949e+05   3.23e-22
  2.8332e+05   3.15e-22
  2.8720e+05   3.07e-22
  2.9113e+05   3.00e-22
  2.9512e+05   2.93e-22
  2.9917e+05   2.85e-22
  3.0327e+05   2.78e-22
  3.0742e+05   2.72e-22
  3.1163e+05   2.65e-22
  3.1590e+05   2.58e-22
  3.2023e+05   2.52e-22
  3.2462e+05   2.45e-22
  3.2907e+05   2.39e-22
  3.3357e+05   2.33e-22
  3.3814e+05   2.27e-22
  3.4278e+05   2.21e-22
  3.4747e+05   2.15e-22
  3.5223e+05   2.09e-22
  3.5706e+05   2.04e-22
  3.6195e+05   1.98e-22
  3.6691e+05   1.93e-22
  3.7194e+05   1.87e-22
  3.7704e+05   1.82e-22
  3.8220e+05   1.77e-22
  3.8744e+05   1.72e-22
  3.9275e+05   1.67e-22
  3.9813e+05   1.63e-22
  4.0358e+05   1.58e-22
  4.0911e+05   1.53e-22
  4.1472e+05   1.49e-22
  4.2040e+05   1.45e-22
  4.2616e+05   1.41e-22
  4.3200e+05   1.38e-22
  4.3792e+05   1.34e-22
  4.4392e+05   1.31e-22
  4.5000e+05   1.27e-22
