#  E [GeV]   # per interaction  [GeV^{-1}]
  3.0000e+01   2.58e-02
  3.1141e+01   2.48e-02
  3.2326e+01   2.39e-02
  3.3556e+01   2.30e-02
  3.4832e+01   2.21e-02
  3.6157e+01   2.12e-02
  3.7533e+01   2.04e-02
  3.8961e+01   1.96e-02
  4.0443e+01   1.88e-02
  4.1982e+01   1.81e-02
  4.3579e+01   1.74e-02
  4.5237e+01   1.67e-02
  4.6958e+01   1.60e-02
  4.8744e+01   1.54e-02
  5.0598e+01   1.48e-02
  5.2523e+01   1.42e-02
  5.4521e+01   1.36e-02
  5.6596e+01   1.30e-02
  5.8749e+01   1.25e-02
  6.0984e+01   1.20e-02
  6.3304e+01   1.15e-02
  6.5712e+01   1.10e-02
  6.8212e+01   1.05e-02
  7.0807e+01   1.01e-02
  7.3500e+01   9.63e-03
  7.6297e+01   9.22e-03
  7.9199e+01   8.82e-03
  8.2212e+01   8.44e-03
  8.5340e+01   8.07e-03
  8.8586e+01   7.71e-03
  9.1956e+01   7.37e-03
  9.5455e+01   7.05e-03
  9.9086e+01   6.73e-03
  1.0286e+02   6.43e-03
  1.0677e+02   6.14e-03
  1.1083e+02   5.86e-03
  1.1505e+02   5.59e-03
  1.1942e+02   5.33e-03
  1.2397e+02   5.08e-03
  1.2868e+02   4.85e-03
  1.3358e+02   4.62e-03
  1.3866e+02   4.40e-03
  1.4394e+02   4.19e-03
  1.4941e+02   3.99e-03
  1.5509e+02   3.80e-03
  1.6100e+02   3.61e-03
  1.6712e+02   3.44e-03
  1.7348e+02   3.27e-03
  1.8008e+02   3.10e-03
  1.8693e+02   2.95e-03
  1.9404e+02   2.80e-03
  2.0142e+02   2.66e-03
  2.0908e+02   2.52e-03
  2.1704e+02   2.39e-03
  2.2529e+02   2.26e-03
  2.3387e+02   2.14e-03
  2.4276e+02   2.03e-03
  2.5200e+02   1.92e-03
  2.6158e+02   1.82e-03
  2.7154e+02   1.72e-03
  2.8187e+02   1.62e-03
  2.9259e+02   1.53e-03
  3.0372e+02   1.44e-03
  3.1527e+02   1.36e-03
  3.2727e+02   1.28e-03
  3.3972e+02   1.21e-03
  3.5264e+02   1.14e-03
  3.6606e+02   1.07e-03
  3.7998e+02   1.01e-03
  3.9444e+02   9.46e-04
  4.0945e+02   8.89e-04
  4.2502e+02   8.34e-04
  4.4119e+02   7.83e-04
  4.5798e+02   7.34e-04
  4.7540e+02   6.89e-04
  4.9348e+02   6.45e-04
  5.1226e+02   6.04e-04
  5.3175e+02   5.66e-04
  5.5198e+02   5.30e-04
  5.7297e+02   4.96e-04
  5.9477e+02   4.65e-04
  6.1740e+02   4.35e-04
  6.4089e+02   4.08e-04
  6.6527e+02   3.82e-04
  6.9058e+02   3.58e-04
  7.1685e+02   3.35e-04
  7.4412e+02   3.14e-04
  7.7243e+02   2.95e-04
  8.0181e+02   2.76e-04
  8.3232e+02   2.59e-04
  8.6398e+02   2.44e-04
  8.9685e+02   2.29e-04
  9.3097e+02   2.16e-04
  9.6638e+02   2.03e-04
  1.0031e+03   1.91e-04
  1.0413e+03   1.81e-04
  1.0809e+03   1.70e-04
  1.1220e+03   1.61e-04
  1.1647e+03   1.52e-04
  1.2090e+03   1.44e-04
  1.2550e+03   1.37e-04
  1.3028e+03   1.30e-04
  1.3523e+03   1.23e-04
  1.4038e+03   1.17e-04
  1.4572e+03   1.12e-04
  1.5126e+03   1.06e-04
  1.5702e+03   1.01e-04
  1.6299e+03   9.68e-05
  1.6919e+03   9.24e-05
  1.7563e+03   8.84e-05
  1.8231e+03   8.45e-05
  1.8925e+03   8.09e-05
  1.9645e+03   7.74e-05
  2.0392e+03   7.42e-05
  2.1168e+03   7.11e-05
  2.1973e+03   6.81e-05
  2.2809e+03   6.53e-05
  2.3677e+03   6.26e-05
  2.4577e+03   6.00e-05
  2.5512e+03   5.75e-05
  2.6483e+03   5.50e-05
  2.7490e+03   5.27e-05
  2.8536e+03   5.04e-05
  2.9622e+03   4.82e-05
  3.0749e+03   4.60e-05
  3.1918e+03   4.39e-05
  3.3133e+03   4.18e-05
  3.4393e+03   3.98e-05
  3.5702e+03   3.78e-05
  3.7060e+03   3.59e-05
  3.8470e+03   3.39e-05
  3.9933e+03   3.21e-05
  4.1452e+03   3.03e-05
  4.3029e+03   2.85e-05
  4.4666e+03   2.67e-05
  4.6366e+03   2.50e-05
  4.8129e+03   2.33e-05
  4.9960e+03   2.17e-05
  5.1861e+03   2.01e-05
  5.3834e+03   1.85e-05
  5.5882e+03   1.70e-05
  5.8008e+03   1.56e-05
  6.0215e+03   1.42e-05
  6.2506e+03   1.29e-05
  6.4883e+03   1.16e-05
  6.7352e+03   1.04e-05
  6.9914e+03   9.24e-06
  7.2574e+03   8.18e-06
  7.5335e+03   7.16e-06
  7.8201e+03   6.23e-06
  8.1176e+03   5.38e-06
  8.4264e+03   4.59e-06
  8.7470e+03   3.88e-06
  9.0797e+03   3.25e-06
  9.4251e+03   2.68e-06
  9.7837e+03   2.18e-06
  1.0156e+04   1.75e-06
  1.0542e+04   1.38e-06
  1.0943e+04   1.07e-06
  1.1360e+04   8.11e-07
  1.1792e+04   6.03e-07
  1.2240e+04   4.38e-07
  1.2706e+04   3.10e-07
  1.3189e+04   2.13e-07
  1.3691e+04   1.42e-07
  1.4212e+04   9.09e-08
  1.4753e+04   5.61e-08
  1.5314e+04   3.31e-08
  1.5897e+04   1.86e-08
  1.6501e+04   9.87e-09
  1.7129e+04   4.92e-09
  1.7781e+04   2.29e-09
  1.8457e+04   9.81e-10
  1.9159e+04   3.84e-10
  1.9888e+04   1.35e-10
  2.0645e+04   4.24e-11
  2.1430e+04   1.16e-11
  2.2245e+04   2.73e-12
  2.3092e+04   5.37e-13
  2.3970e+04   8.62e-14
  2.4882e+04   1.09e-14
  2.5829e+04   1.04e-15
  2.6811e+04   7.27e-17
  2.7831e+04   3.47e-18
  2.8890e+04   1.06e-19
  2.9989e+04   1.91e-21
  3.1130e+04   1.85e-23
  3.2314e+04   8.43e-26
  3.3544e+04   1.59e-28
  3.4820e+04   1.02e-31
  3.6144e+04   1.74e-35
  3.7519e+04   6.20e-40
  3.8947e+04   3.13e-45
  4.0428e+04   1.57e-46
  4.1966e+04   1.37e-46
  4.3563e+04   1.21e-46
  4.5220e+04   1.05e-46
  4.6941e+04   9.43e-47
  4.8726e+04   8.66e-47
  5.0580e+04   7.93e-47
