#  E [MeV]   Flux [# cm^{-2} s^{-1}  MeV^{-1}]
  3.0000e+04   5.17e-20
  3.0943e+04   4.96e-20
  3.1916e+04   4.77e-20
  3.2920e+04   4.58e-20
  3.3955e+04   4.40e-20
  3.5023e+04   4.22e-20
  3.6124e+04   4.06e-20
  3.7260e+04   3.90e-20
  3.8432e+04   3.74e-20
  3.9640e+04   3.59e-20
  4.0887e+04   3.45e-20
  4.2172e+04   3.31e-20
  4.3499e+04   3.17e-20
  4.4866e+04   3.05e-20
  4.6277e+04   2.92e-20
  4.7732e+04   2.80e-20
  4.9233e+04   2.69e-20
  5.0781e+04   2.58e-20
  5.2378e+04   2.47e-20
  5.4025e+04   2.37e-20
  5.5724e+04   2.27e-20
  5.7476e+04   2.18e-20
  5.9284e+04   2.09e-20
  6.1148e+04   2.00e-20
  6.3071e+04   1.92e-20
  6.5054e+04   1.84e-20
  6.7100e+04   1.76e-20
  6.9210e+04   1.69e-20
  7.1386e+04   1.62e-20
  7.3631e+04   1.55e-20
  7.5946e+04   1.49e-20
  7.8334e+04   1.42e-20
  8.0797e+04   1.36e-20
  8.3338e+04   1.30e-20
  8.5959e+04   1.25e-20
  8.8662e+04   1.19e-20
  9.1450e+04   1.14e-20
  9.4325e+04   1.09e-20
  9.7291e+04   1.05e-20
  1.0035e+05   1.00e-20
  1.0351e+05   9.56e-21
  1.0676e+05   9.14e-21
  1.1012e+05   8.73e-21
  1.1358e+05   8.34e-21
  1.1715e+05   7.97e-21
  1.2084e+05   7.61e-21
  1.2464e+05   7.26e-21
  1.2856e+05   6.93e-21
  1.3260e+05   6.61e-21
  1.3677e+05   6.30e-21
  1.4107e+05   6.00e-21
  1.4550e+05   5.72e-21
  1.5008e+05   5.45e-21
  1.5480e+05   5.18e-21
  1.5967e+05   4.93e-21
  1.6469e+05   4.69e-21
  1.6987e+05   4.46e-21
  1.7521e+05   4.23e-21
  1.8072e+05   4.02e-21
  1.8640e+05   3.81e-21
  1.9226e+05   3.61e-21
  1.9831e+05   3.43e-21
  2.0454e+05   3.25e-21
  2.1097e+05   3.07e-21
  2.1761e+05   2.91e-21
  2.2445e+05   2.75e-21
  2.3151e+05   2.61e-21
  2.3879e+05   2.47e-21
  2.4630e+05   2.33e-21
  2.5404e+05   2.21e-21
  2.6203e+05   2.08e-21
  2.7027e+05   1.97e-21
  2.7877e+05   1.86e-21
  2.8753e+05   1.76e-21
  2.9657e+05   1.66e-21
  3.0590e+05   1.56e-21
  3.1552e+05   1.47e-21
  3.2544e+05   1.39e-21
  3.3567e+05   1.30e-21
  3.4623e+05   1.23e-21
  3.5712e+05   1.15e-21
  3.6835e+05   1.08e-21
  3.7993e+05   1.02e-21
  3.9188e+05   9.54e-22
  4.0420e+05   8.94e-22
  4.1691e+05   8.37e-22
  4.3002e+05   7.83e-22
  4.4354e+05   7.33e-22
  4.5749e+05   6.85e-22
  4.7187e+05   6.40e-22
  4.8671e+05   5.97e-22
  5.0202e+05   5.57e-22
  5.1780e+05   5.19e-22
  5.3409e+05   4.84e-22
  5.5088e+05   4.50e-22
  5.6820e+05   4.19e-22
  5.8607e+05   3.89e-22
  6.0450e+05   3.61e-22
  6.2351e+05   3.35e-22
  6.4311e+05   3.11e-22
  6.6334e+05   2.88e-22
  6.8419e+05   2.66e-22
  7.0571e+05   2.46e-22
  7.2790e+05   2.28e-22
  7.5079e+05   2.10e-22
  7.7440e+05   1.94e-22
  7.9875e+05   1.79e-22
  8.2387e+05   1.65e-22
  8.4977e+05   1.51e-22
  8.7649e+05   1.39e-22
  9.0405e+05   1.28e-22
  9.3248e+05   1.18e-22
  9.6180e+05   1.08e-22
  9.9205e+05   9.89e-23
  1.0232e+06   9.07e-23
  1.0554e+06   8.29e-23
  1.0886e+06   7.58e-23
  1.1228e+06   6.94e-23
  1.1581e+06   6.34e-23
  1.1946e+06   5.77e-23
  1.2321e+06   5.26e-23
  1.2709e+06   4.81e-23
  1.3108e+06   4.37e-23
  1.3521e+06   3.97e-23
  1.3946e+06   3.61e-23
  1.4384e+06   3.28e-23
  1.4837e+06   2.97e-23
  1.5303e+06   2.68e-23
  1.5784e+06   2.43e-23
  1.6281e+06   2.20e-23
  1.6793e+06   1.98e-23
  1.7321e+06   1.78e-23
  1.7865e+06   1.61e-23
  1.8427e+06   1.45e-23
  1.9006e+06   1.30e-23
  1.9604e+06   1.17e-23
  2.0221e+06   1.05e-23
  2.0856e+06   9.43e-24
  2.1512e+06   8.39e-24
  2.2189e+06   7.54e-24
  2.2886e+06   6.75e-24
  2.3606e+06   6.01e-24
  2.4348e+06   5.33e-24
  2.5114e+06   4.77e-24
  2.5904e+06   4.25e-24
  2.6718e+06   3.75e-24
  2.7558e+06   3.32e-24
  2.8425e+06   2.96e-24
  2.9319e+06   2.61e-24
  3.0241e+06   2.28e-24
  3.1192e+06   2.02e-24
  3.2173e+06   1.79e-24
  3.3184e+06   1.57e-24
  3.4228e+06   1.36e-24
  3.5304e+06   1.20e-24
  3.6414e+06   1.06e-24
  3.7559e+06   9.17e-25
  3.8740e+06   7.96e-25
  3.9958e+06   7.00e-25
  4.1215e+06   6.10e-25
  4.2511e+06   5.25e-25
  4.3848e+06   4.56e-25
  4.5227e+06   3.98e-25
  4.6649e+06   3.44e-25
  4.8116e+06   2.93e-25
  4.9629e+06   2.56e-25
  5.1189e+06   2.22e-25
  5.2799e+06   1.90e-25
  5.4459e+06   1.61e-25
  5.6171e+06   1.41e-25
  5.7938e+06   1.21e-25
  5.9760e+06   1.03e-25
  6.1639e+06   8.81e-26
  6.3577e+06   7.65e-26
  6.5576e+06   6.57e-26
  6.7638e+06   5.57e-26
  6.9765e+06   4.81e-26
  7.1959e+06   4.17e-26
  7.4222e+06   3.58e-26
  7.6556e+06   3.04e-26
  7.8963e+06   2.65e-26
  8.1446e+06   2.30e-26
  8.4007e+06   1.97e-26
  8.6649e+06   1.69e-26
  8.9373e+06   1.48e-26
  9.2184e+06   1.29e-26
  9.5082e+06   1.11e-26
  9.8072e+06   9.70e-27
  1.0116e+07   8.51e-27
  1.0434e+07   7.41e-27
  1.0762e+07   6.41e-27
  1.1100e+07   5.56e-27
  1.1449e+07   4.79e-27
  1.1809e+07   4.10e-27
  1.2181e+07   3.48e-27
  1.2564e+07   2.94e-27
  1.2959e+07   2.46e-27
  1.3366e+07   2.03e-27
  1.3786e+07   1.68e-27
  1.4220e+07   1.39e-27
