#  E [MeV]   Flux [# cm^{-2} s^{-1}  MeV^{-1}]
  3.0000e+04   1.93e-18
  3.0675e+04   1.86e-18
  3.1366e+04   1.80e-18
  3.2072e+04   1.73e-18
  3.2794e+04   1.67e-18
  3.3533e+04   1.61e-18
  3.4288e+04   1.55e-18
  3.5060e+04   1.49e-18
  3.5849e+04   1.44e-18
  3.6656e+04   1.39e-18
  3.7482e+04   1.33e-18
  3.8326e+04   1.28e-18
  3.9188e+04   1.24e-18
  4.0071e+04   1.19e-18
  4.0973e+04   1.14e-18
  4.1896e+04   1.10e-18
  4.2839e+04   1.06e-18
  4.3803e+04   1.02e-18
  4.4790e+04   9.79e-19
  4.5798e+04   9.42e-19
  4.6829e+04   9.05e-19
  4.7884e+04   8.70e-19
  4.8962e+04   8.35e-19
  5.0064e+04   8.02e-19
  5.1191e+04   7.71e-19
  5.2344e+04   7.40e-19
  5.3522e+04   7.10e-19
  5.4727e+04   6.81e-19
  5.5960e+04   6.54e-19
  5.7219e+04   6.27e-19
  5.8508e+04   6.02e-19
  5.9825e+04   5.77e-19
  6.1172e+04   5.53e-19
  6.2549e+04   5.30e-19
  6.3958e+04   5.07e-19
  6.5398e+04   4.86e-19
  6.6870e+04   4.65e-19
  6.8376e+04   4.45e-19
  6.9915e+04   4.26e-19
  7.1489e+04   4.07e-19
  7.3099e+04   3.90e-19
  7.4745e+04   3.72e-19
  7.6428e+04   3.56e-19
  7.8148e+04   3.40e-19
  7.9908e+04   3.25e-19
  8.1707e+04   3.10e-19
  8.3547e+04   2.96e-19
  8.5428e+04   2.83e-19
  8.7351e+04   2.70e-19
  8.9318e+04   2.57e-19
  9.1329e+04   2.45e-19
  9.3385e+04   2.34e-19
  9.5488e+04   2.23e-19
  9.7638e+04   2.12e-19
  9.9836e+04   2.02e-19
  1.0208e+05   1.93e-19
  1.0438e+05   1.83e-19
  1.0673e+05   1.74e-19
  1.0914e+05   1.66e-19
  1.1159e+05   1.58e-19
  1.1411e+05   1.50e-19
  1.1667e+05   1.43e-19
  1.1930e+05   1.35e-19
  1.2199e+05   1.28e-19
  1.2473e+05   1.22e-19
  1.2754e+05   1.16e-19
  1.3041e+05   1.10e-19
  1.3335e+05   1.04e-19
  1.3635e+05   9.85e-20
  1.3942e+05   9.32e-20
  1.4256e+05   8.83e-20
  1.4577e+05   8.36e-20
  1.4905e+05   7.91e-20
  1.5241e+05   7.47e-20
  1.5584e+05   7.05e-20
  1.5935e+05   6.67e-20
  1.6294e+05   6.31e-20
  1.6661e+05   5.95e-20
  1.7036e+05   5.61e-20
  1.7419e+05   5.29e-20
  1.7812e+05   4.99e-20
  1.8213e+05   4.71e-20
  1.8623e+05   4.44e-20
  1.9042e+05   4.17e-20
  1.9471e+05   3.92e-20
  1.9909e+05   3.69e-20
  2.0357e+05   3.48e-20
  2.0816e+05   3.27e-20
  2.1284e+05   3.07e-20
  2.1763e+05   2.88e-20
  2.2253e+05   2.70e-20
  2.2755e+05   2.54e-20
  2.3267e+05   2.38e-20
  2.3791e+05   2.23e-20
  2.4326e+05   2.09e-20
  2.4874e+05   1.95e-20
  2.5434e+05   1.83e-20
  2.6007e+05   1.72e-20
  2.6592e+05   1.60e-20
  2.7191e+05   1.50e-20
  2.7803e+05   1.39e-20
  2.8429e+05   1.31e-20
  2.9069e+05   1.22e-20
  2.9724e+05   1.14e-20
  3.0393e+05   1.06e-20
  3.1077e+05   9.82e-21
  3.1777e+05   9.17e-21
  3.2493e+05   8.55e-21
  3.3224e+05   7.96e-21
  3.3972e+05   7.39e-21
  3.4737e+05   6.84e-21
  3.5519e+05   6.36e-21
  3.6319e+05   5.92e-21
  3.7137e+05   5.50e-21
  3.7973e+05   5.09e-21
  3.8828e+05   4.70e-21
  3.9702e+05   4.36e-21
  4.0596e+05   4.05e-21
  4.1510e+05   3.75e-21
  4.2444e+05   3.47e-21
  4.3400e+05   3.19e-21
  4.4377e+05   2.95e-21
  4.5376e+05   2.73e-21
  4.6398e+05   2.53e-21
  4.7443e+05   2.33e-21
  4.8511e+05   2.14e-21
  4.9603e+05   1.97e-21
  5.0720e+05   1.82e-21
  5.1862e+05   1.68e-21
  5.3030e+05   1.54e-21
  5.4224e+05   1.41e-21
  5.5444e+05   1.29e-21
  5.6693e+05   1.19e-21
  5.7969e+05   1.10e-21
  5.9274e+05   1.01e-21
  6.0609e+05   9.24e-22
  6.1974e+05   8.41e-22
  6.3369e+05   7.75e-22
  6.4796e+05   7.13e-22
  6.6255e+05   6.54e-22
  6.7746e+05   5.97e-22
  6.9272e+05   5.42e-22
  7.0831e+05   4.98e-22
  7.2426e+05   4.58e-22
  7.4057e+05   4.19e-22
  7.5724e+05   3.82e-22
  7.7429e+05   3.47e-22
  7.9172e+05   3.17e-22
  8.0955e+05   2.91e-22
  8.2778e+05   2.67e-22
  8.4641e+05   2.43e-22
  8.6547e+05   2.21e-22
  8.8496e+05   2.01e-22
  9.0488e+05   1.85e-22
  9.2526e+05   1.70e-22
  9.4609e+05   1.55e-22
  9.6739e+05   1.40e-22
  9.8917e+05   1.28e-22
  1.0114e+06   1.18e-22
  1.0342e+06   1.08e-22
  1.0575e+06   9.91e-23
  1.0813e+06   9.03e-23
  1.1057e+06   8.21e-23
  1.1305e+06   7.60e-23
  1.1560e+06   7.02e-23
  1.1820e+06   6.46e-23
  1.2086e+06   5.92e-23
  1.2359e+06   5.40e-23
  1.2637e+06   5.02e-23
  1.2921e+06   4.66e-23
  1.3212e+06   4.31e-23
  1.3510e+06   3.98e-23
  1.3814e+06   3.66e-23
  1.4125e+06   3.40e-23
  1.4443e+06   3.17e-23
  1.4768e+06   2.95e-23
  1.5101e+06   2.73e-23
  1.5441e+06   2.53e-23
  1.5788e+06   2.36e-23
  1.6144e+06   2.21e-23
  1.6507e+06   2.07e-23
  1.6879e+06   1.93e-23
  1.7259e+06   1.80e-23
  1.7648e+06   1.68e-23
  1.8045e+06   1.58e-23
  1.8451e+06   1.48e-23
  1.8867e+06   1.39e-23
  1.9291e+06   1.30e-23
  1.9726e+06   1.22e-23
  2.0170e+06   1.14e-23
  2.0624e+06   1.07e-23
  2.1088e+06   1.00e-23
  2.1563e+06   9.36e-24
  2.2049e+06   8.72e-24
  2.2545e+06   8.14e-24
  2.3053e+06   7.57e-24
  2.3572e+06   7.03e-24
  2.4102e+06   6.51e-24
  2.4645e+06   6.01e-24
  2.5200e+06   5.66e-24
