#  E [MeV]   Flux [# cm^{-2} s^{-1}  MeV^{-1}]
  3.0000e+04   1.83e-21
  3.1033e+04   1.76e-21
  3.2102e+04   1.69e-21
  3.3207e+04   1.63e-21
  3.4350e+04   1.57e-21
  3.5533e+04   1.51e-21
  3.6757e+04   1.45e-21
  3.8022e+04   1.39e-21
  3.9332e+04   1.34e-21
  4.0686e+04   1.29e-21
  4.2087e+04   1.24e-21
  4.3536e+04   1.19e-21
  4.5035e+04   1.14e-21
  4.6586e+04   1.09e-21
  4.8190e+04   1.05e-21
  4.9850e+04   1.01e-21
  5.1566e+04   9.67e-22
  5.3342e+04   9.28e-22
  5.5178e+04   8.90e-22
  5.7078e+04   8.53e-22
  5.9044e+04   8.18e-22
  6.1077e+04   7.84e-22
  6.3180e+04   7.51e-22
  6.5356e+04   7.19e-22
  6.7606e+04   6.89e-22
  6.9934e+04   6.60e-22
  7.2342e+04   6.31e-22
  7.4833e+04   6.04e-22
  7.7410e+04   5.78e-22
  8.0075e+04   5.53e-22
  8.2833e+04   5.29e-22
  8.5685e+04   5.06e-22
  8.8635e+04   4.83e-22
  9.1687e+04   4.62e-22
  9.4844e+04   4.41e-22
  9.8110e+04   4.22e-22
  1.0149e+05   4.03e-22
  1.0498e+05   3.84e-22
  1.0860e+05   3.67e-22
  1.1234e+05   3.50e-22
  1.1621e+05   3.34e-22
  1.2021e+05   3.19e-22
  1.2435e+05   3.04e-22
  1.2863e+05   2.90e-22
  1.3306e+05   2.76e-22
  1.3764e+05   2.63e-22
  1.4238e+05   2.51e-22
  1.4728e+05   2.39e-22
  1.5235e+05   2.27e-22
  1.5760e+05   2.16e-22
  1.6302e+05   2.06e-22
  1.6864e+05   1.96e-22
  1.7445e+05   1.86e-22
  1.8045e+05   1.77e-22
  1.8667e+05   1.68e-22
  1.9309e+05   1.60e-22
  1.9974e+05   1.52e-22
  2.0662e+05   1.44e-22
  2.1373e+05   1.37e-22
  2.2109e+05   1.30e-22
  2.2871e+05   1.23e-22
  2.3658e+05   1.17e-22
  2.4473e+05   1.11e-22
  2.5316e+05   1.05e-22
  2.6187e+05   9.95e-23
  2.7089e+05   9.42e-23
  2.8022e+05   8.92e-23
  2.8987e+05   8.45e-23
  2.9985e+05   7.99e-23
  3.1017e+05   7.56e-23
  3.2085e+05   7.15e-23
  3.3190e+05   6.76e-23
  3.4333e+05   6.39e-23
  3.5515e+05   6.04e-23
  3.6738e+05   5.70e-23
  3.8003e+05   5.38e-23
  3.9312e+05   5.08e-23
  4.0665e+05   4.79e-23
  4.2066e+05   4.52e-23
  4.3514e+05   4.26e-23
  4.5013e+05   4.02e-23
  4.6562e+05   3.79e-23
  4.8166e+05   3.57e-23
  4.9824e+05   3.36e-23
  5.1540e+05   3.17e-23
  5.3315e+05   2.98e-23
  5.5150e+05   2.80e-23
  5.7050e+05   2.64e-23
  5.9014e+05   2.48e-23
  6.1046e+05   2.34e-23
  6.3148e+05   2.20e-23
  6.5322e+05   2.07e-23
  6.7572e+05   1.95e-23
  6.9898e+05   1.83e-23
  7.2305e+05   1.72e-23
  7.4795e+05   1.62e-23
  7.7371e+05   1.52e-23
  8.0035e+05   1.43e-23
  8.2791e+05   1.35e-23
  8.5641e+05   1.27e-23
  8.8590e+05   1.19e-23
  9.1641e+05   1.12e-23
  9.4796e+05   1.06e-23
  9.8061e+05   9.97e-24
  1.0144e+06   9.40e-24
  1.0493e+06   8.86e-24
  1.0854e+06   8.35e-24
  1.1228e+06   7.87e-24
  1.1615e+06   7.43e-24
  1.2015e+06   7.01e-24
  1.2428e+06   6.62e-24
  1.2856e+06   6.25e-24
  1.3299e+06   5.91e-24
  1.3757e+06   5.58e-24
  1.4231e+06   5.28e-24
  1.4721e+06   4.99e-24
  1.5228e+06   4.72e-24
  1.5752e+06   4.47e-24
  1.6294e+06   4.24e-24
  1.6855e+06   4.01e-24
  1.7436e+06   3.80e-24
  1.8036e+06   3.61e-24
  1.8657e+06   3.42e-24
  1.9300e+06   3.25e-24
  1.9964e+06   3.09e-24
  2.0652e+06   2.93e-24
  2.1363e+06   2.78e-24
  2.2098e+06   2.65e-24
  2.2859e+06   2.51e-24
  2.3646e+06   2.39e-24
  2.4461e+06   2.27e-24
  2.5303e+06   2.16e-24
  2.6174e+06   2.06e-24
  2.7075e+06   1.96e-24
  2.8008e+06   1.86e-24
  2.8972e+06   1.77e-24
  2.9970e+06   1.68e-24
  3.1002e+06   1.60e-24
  3.2069e+06   1.53e-24
  3.3173e+06   1.45e-24
  3.4316e+06   1.38e-24
  3.5497e+06   1.31e-24
  3.6720e+06   1.25e-24
  3.7984e+06   1.19e-24
  3.9292e+06   1.13e-24
  4.0645e+06   1.07e-24
  4.2044e+06   1.02e-24
  4.3492e+06   9.68e-25
  4.4990e+06   9.19e-25
  4.6539e+06   8.72e-25
  4.8141e+06   8.26e-25
  4.9799e+06   7.82e-25
  5.1514e+06   7.40e-25
  5.3288e+06   6.99e-25
  5.5123e+06   6.60e-25
  5.7021e+06   6.23e-25
  5.8984e+06   5.87e-25
  6.1015e+06   5.53e-25
  6.3116e+06   5.20e-25
  6.5289e+06   4.88e-25
  6.7538e+06   4.58e-25
  6.9863e+06   4.29e-25
  7.2269e+06   4.01e-25
  7.4757e+06   3.74e-25
  7.7331e+06   3.48e-25
  7.9994e+06   3.24e-25
  8.2749e+06   3.00e-25
  8.5598e+06   2.78e-25
  8.8546e+06   2.56e-25
  9.1594e+06   2.36e-25
  9.4748e+06   2.17e-25
  9.8011e+06   1.98e-25
  1.0139e+07   1.80e-25
  1.0488e+07   1.64e-25
  1.0849e+07   1.48e-25
  1.1222e+07   1.33e-25
  1.1609e+07   1.19e-25
  1.2009e+07   1.06e-25
  1.2422e+07   9.36e-26
  1.2850e+07   8.23e-26
  1.3292e+07   7.18e-26
  1.3750e+07   6.22e-26
  1.4223e+07   5.34e-26
  1.4713e+07   4.54e-26
  1.5220e+07   3.82e-26
  1.5744e+07   3.17e-26
  1.6286e+07   2.61e-26
  1.6847e+07   2.11e-26
  1.7427e+07   1.68e-26
  1.8027e+07   1.31e-26
  1.8648e+07   1.00e-26
  1.9290e+07   7.50e-27
  1.9954e+07   5.47e-27
  2.0641e+07   3.87e-27
  2.1352e+07   2.64e-27
  2.2087e+07   1.74e-27
  2.2848e+07   1.09e-27
  2.3634e+07   6.54e-28
  2.4448e+07   3.69e-28
  2.5290e+07   1.96e-28
