#  E [GeV]   # per interaction  [GeV^{-1}]
  3.0000e+01   2.48e-01
  3.0607e+01   2.40e-01
  3.1227e+01   2.32e-01
  3.1859e+01   2.25e-01
  3.2504e+01   2.17e-01
  3.3163e+01   2.10e-01
  3.3834e+01   2.03e-01
  3.4519e+01   1.97e-01
  3.5218e+01   1.90e-01
  3.5931e+01   1.84e-01
  3.6659e+01   1.77e-01
  3.7401e+01   1.71e-01
  3.8158e+01   1.65e-01
  3.8931e+01   1.60e-01
  3.9719e+01   1.54e-01
  4.0523e+01   1.49e-01
  4.1344e+01   1.44e-01
  4.2181e+01   1.38e-01
  4.3035e+01   1.34e-01
  4.3906e+01   1.29e-01
  4.4795e+01   1.24e-01
  4.5702e+01   1.20e-01
  4.6628e+01   1.15e-01
  4.7572e+01   1.11e-01
  4.8535e+01   1.07e-01
  4.9517e+01   1.03e-01
  5.0520e+01   9.92e-02
  5.1543e+01   9.55e-02
  5.2587e+01   9.19e-02
  5.3651e+01   8.84e-02
  5.4738e+01   8.51e-02
  5.5846e+01   8.18e-02
  5.6977e+01   7.87e-02
  5.8130e+01   7.56e-02
  5.9307e+01   7.26e-02
  6.0508e+01   6.98e-02
  6.1733e+01   6.70e-02
  6.2983e+01   6.44e-02
  6.4258e+01   6.18e-02
  6.5559e+01   5.93e-02
  6.6887e+01   5.68e-02
  6.8241e+01   5.45e-02
  6.9623e+01   5.23e-02
  7.1033e+01   5.01e-02
  7.2471e+01   4.80e-02
  7.3938e+01   4.60e-02
  7.5435e+01   4.41e-02
  7.6963e+01   4.22e-02
  7.8521e+01   4.04e-02
  8.0111e+01   3.86e-02
  8.1733e+01   3.69e-02
  8.3388e+01   3.53e-02
  8.5076e+01   3.37e-02
  8.6799e+01   3.22e-02
  8.8556e+01   3.08e-02
  9.0349e+01   2.94e-02
  9.2178e+01   2.80e-02
  9.4045e+01   2.67e-02
  9.5949e+01   2.55e-02
  9.7892e+01   2.43e-02
  9.9874e+01   2.32e-02
  1.0190e+02   2.20e-02
  1.0396e+02   2.10e-02
  1.0606e+02   2.00e-02
  1.0821e+02   1.90e-02
  1.1040e+02   1.81e-02
  1.1264e+02   1.72e-02
  1.1492e+02   1.63e-02
  1.1725e+02   1.55e-02
  1.1962e+02   1.47e-02
  1.2204e+02   1.40e-02
  1.2451e+02   1.32e-02
  1.2703e+02   1.26e-02
  1.2961e+02   1.19e-02
  1.3223e+02   1.12e-02
  1.3491e+02   1.06e-02
  1.3764e+02   1.01e-02
  1.4043e+02   9.54e-03
  1.4327e+02   9.02e-03
  1.4617e+02   8.51e-03
  1.4913e+02   8.02e-03
  1.5215e+02   7.58e-03
  1.5523e+02   7.15e-03
  1.5837e+02   6.74e-03
  1.6158e+02   6.34e-03
  1.6485e+02   5.96e-03
  1.6819e+02   5.60e-03
  1.7159e+02   5.27e-03
  1.7507e+02   4.96e-03
  1.7861e+02   4.66e-03
  1.8223e+02   4.37e-03
  1.8592e+02   4.08e-03
  1.8968e+02   3.83e-03
  1.9352e+02   3.59e-03
  1.9744e+02   3.37e-03
  2.0144e+02   3.15e-03
  2.0552e+02   2.94e-03
  2.0968e+02   2.74e-03
  2.1392e+02   2.56e-03
  2.1826e+02   2.40e-03
  2.2267e+02   2.24e-03
  2.2718e+02   2.08e-03
  2.3178e+02   1.93e-03
  2.3648e+02   1.79e-03
  2.4126e+02   1.67e-03
  2.4615e+02   1.56e-03
  2.5113e+02   1.45e-03
  2.5622e+02   1.34e-03
  2.6141e+02   1.24e-03
  2.6670e+02   1.15e-03
  2.7210e+02   1.07e-03
  2.7761e+02   9.90e-04
  2.8323e+02   9.16e-04
  2.8896e+02   8.44e-04
  2.9481e+02   7.75e-04
  3.0078e+02   7.16e-04
  3.0687e+02   6.62e-04
  3.1309e+02   6.11e-04
  3.1943e+02   5.62e-04
  3.2589e+02   5.15e-04
  3.3249e+02   4.70e-04
  3.3922e+02   4.33e-04
  3.4609e+02   3.99e-04
  3.5310e+02   3.66e-04
  3.6025e+02   3.34e-04
  3.6754e+02   3.04e-04
  3.7498e+02   2.77e-04
  3.8258e+02   2.54e-04
  3.9032e+02   2.33e-04
  3.9823e+02   2.13e-04
  4.0629e+02   1.93e-04
  4.1452e+02   1.75e-04
  4.2291e+02   1.59e-04
  4.3147e+02   1.45e-04
  4.4021e+02   1.32e-04
  4.4912e+02   1.20e-04
  4.5821e+02   1.09e-04
  4.6749e+02   9.76e-05
  4.7696e+02   8.86e-05
  4.8661e+02   8.08e-05
  4.9647e+02   7.33e-05
  5.0652e+02   6.62e-05
  5.1678e+02   5.94e-05
  5.2724e+02   5.30e-05
  5.3791e+02   4.82e-05
  5.4881e+02   4.37e-05
  5.5992e+02   3.95e-05
  5.7125e+02   3.55e-05
  5.8282e+02   3.17e-05
  5.9462e+02   2.82e-05
  6.0666e+02   2.56e-05
  6.1894e+02   2.31e-05
  6.3148e+02   2.07e-05
  6.4426e+02   1.85e-05
  6.5731e+02   1.64e-05
  6.7061e+02   1.46e-05
  6.8419e+02   1.33e-05
  6.9805e+02   1.19e-05
  7.1218e+02   1.07e-05
  7.2660e+02   9.53e-06
  7.4131e+02   8.42e-06
  7.5632e+02   7.57e-06
  7.7163e+02   6.85e-06
  7.8726e+02   6.17e-06
  8.0320e+02   5.53e-06
  8.1946e+02   4.92e-06
  8.3605e+02   4.35e-06
  8.5298e+02   3.96e-06
  8.7025e+02   3.59e-06
  8.8787e+02   3.24e-06
  9.0585e+02   2.91e-06
  9.2419e+02   2.60e-06
  9.4290e+02   2.33e-06
  9.6199e+02   2.13e-06
  9.8147e+02   1.95e-06
  1.0013e+03   1.78e-06
  1.0216e+03   1.62e-06
  1.0423e+03   1.46e-06
  1.0634e+03   1.34e-06
  1.0849e+03   1.24e-06
  1.1069e+03   1.14e-06
  1.1293e+03   1.05e-06
  1.1522e+03   9.69e-07
  1.1755e+03   8.89e-07
  1.1993e+03   8.24e-07
  1.2236e+03   7.67e-07
  1.2484e+03   7.12e-07
  1.2736e+03   6.61e-07
  1.2994e+03   6.11e-07
  1.3257e+03   5.65e-07
  1.3526e+03   5.26e-07
  1.3800e+03   4.89e-07
  1.4079e+03   4.54e-07
  1.4364e+03   4.20e-07
  1.4655e+03   3.88e-07
  1.4952e+03   3.60e-07
  1.5255e+03   3.40e-07
  1.5563e+03   3.20e-07
  1.5879e+03   3.01e-07
  1.6200e+03   2.84e-07
