#  E [GeV]   # per interaction  [GeV^{-1}]
  3.0000e+01   1.85e-02
  3.0501e+01   1.83e-02
  3.1010e+01   1.81e-02
  3.1528e+01   1.80e-02
  3.2055e+01   1.78e-02
  3.2590e+01   1.76e-02
  3.3134e+01   1.75e-02
  3.3688e+01   1.73e-02
  3.4250e+01   1.71e-02
  3.4822e+01   1.70e-02
  3.5404e+01   1.68e-02
  3.5995e+01   1.66e-02
  3.6596e+01   1.65e-02
  3.7207e+01   1.63e-02
  3.7829e+01   1.61e-02
  3.8460e+01   1.60e-02
  3.9103e+01   1.58e-02
  3.9756e+01   1.57e-02
  4.0420e+01   1.55e-02
  4.1095e+01   1.53e-02
  4.1781e+01   1.52e-02
  4.2479e+01   1.50e-02
  4.3188e+01   1.49e-02
  4.3909e+01   1.47e-02
  4.4642e+01   1.45e-02
  4.5388e+01   1.44e-02
  4.6146e+01   1.42e-02
  4.6917e+01   1.41e-02
  4.7700e+01   1.39e-02
  4.8497e+01   1.38e-02
  4.9307e+01   1.36e-02
  5.0130e+01   1.35e-02
  5.0967e+01   1.33e-02
  5.1818e+01   1.32e-02
  5.2684e+01   1.30e-02
  5.3563e+01   1.29e-02
  5.4458e+01   1.27e-02
  5.5367e+01   1.26e-02
  5.6292e+01   1.24e-02
  5.7232e+01   1.22e-02
  5.8188e+01   1.21e-02
  5.9160e+01   1.20e-02
  6.0148e+01   1.18e-02
  6.1152e+01   1.17e-02
  6.2173e+01   1.15e-02
  6.3212e+01   1.14e-02
  6.4267e+01   1.12e-02
  6.5340e+01   1.11e-02
  6.6432e+01   1.09e-02
  6.7541e+01   1.08e-02
  6.8669e+01   1.07e-02
  6.9816e+01   1.05e-02
  7.0982e+01   1.04e-02
  7.2167e+01   1.02e-02
  7.3372e+01   1.01e-02
  7.4598e+01   9.95e-03
  7.5843e+01   9.82e-03
  7.7110e+01   9.68e-03
  7.8398e+01   9.54e-03
  7.9707e+01   9.40e-03
  8.1038e+01   9.26e-03
  8.2391e+01   9.13e-03
  8.3767e+01   8.99e-03
  8.5166e+01   8.86e-03
  8.6588e+01   8.73e-03
  8.8034e+01   8.59e-03
  8.9505e+01   8.46e-03
  9.0999e+01   8.32e-03
  9.2519e+01   8.19e-03
  9.4064e+01   8.07e-03
  9.5635e+01   7.94e-03
  9.7232e+01   7.81e-03
  9.8856e+01   7.68e-03
  1.0051e+02   7.55e-03
  1.0219e+02   7.42e-03
  1.0389e+02   7.30e-03
  1.0563e+02   7.17e-03
  1.0739e+02   7.05e-03
  1.0918e+02   6.93e-03
  1.1101e+02   6.80e-03
  1.1286e+02   6.68e-03
  1.1475e+02   6.56e-03
  1.1666e+02   6.44e-03
  1.1861e+02   6.32e-03
  1.2059e+02   6.20e-03
  1.2260e+02   6.08e-03
  1.2465e+02   5.96e-03
  1.2673e+02   5.85e-03
  1.2885e+02   5.73e-03
  1.3100e+02   5.62e-03
  1.3319e+02   5.51e-03
  1.3541e+02   5.40e-03
  1.3768e+02   5.29e-03
  1.3997e+02   5.17e-03
  1.4231e+02   5.06e-03
  1.4469e+02   4.96e-03
  1.4711e+02   4.85e-03
  1.4956e+02   4.74e-03
  1.5206e+02   4.64e-03
  1.5460e+02   4.54e-03
  1.5718e+02   4.43e-03
  1.5981e+02   4.33e-03
  1.6247e+02   4.22e-03
  1.6519e+02   4.12e-03
  1.6795e+02   4.03e-03
  1.7075e+02   3.93e-03
  1.7360e+02   3.83e-03
  1.7650e+02   3.73e-03
  1.7945e+02   3.64e-03
  1.8245e+02   3.54e-03
  1.8549e+02   3.45e-03
  1.8859e+02   3.36e-03
  1.9174e+02   3.27e-03
  1.9494e+02   3.18e-03
  1.9820e+02   3.09e-03
  2.0151e+02   3.01e-03
  2.0487e+02   2.92e-03
  2.0829e+02   2.84e-03
  2.1177e+02   2.76e-03
  2.1531e+02   2.68e-03
  2.1890e+02   2.60e-03
  2.2256e+02   2.52e-03
  2.2628e+02   2.44e-03
  2.3006e+02   2.36e-03
  2.3390e+02   2.29e-03
  2.3780e+02   2.21e-03
  2.4178e+02   2.14e-03
  2.4581e+02   2.07e-03
  2.4992e+02   2.00e-03
  2.5409e+02   1.93e-03
  2.5833e+02   1.87e-03
  2.6265e+02   1.80e-03
  2.6704e+02   1.74e-03
  2.7149e+02   1.68e-03
  2.7603e+02   1.61e-03
  2.8064e+02   1.55e-03
  2.8532e+02   1.50e-03
  2.9009e+02   1.44e-03
  2.9493e+02   1.38e-03
  2.9986e+02   1.33e-03
  3.0487e+02   1.28e-03
  3.0996e+02   1.22e-03
  3.1513e+02   1.17e-03
  3.2040e+02   1.12e-03
  3.2575e+02   1.07e-03
  3.3119e+02   1.02e-03
  3.3672e+02   9.79e-04
  3.4234e+02   9.34e-04
  3.4806e+02   8.91e-04
  3.5387e+02   8.49e-04
  3.5978e+02   8.09e-04
  3.6579e+02   7.69e-04
  3.7190e+02   7.31e-04
  3.7811e+02   6.94e-04
  3.8442e+02   6.58e-04
  3.9084e+02   6.25e-04
  3.9737e+02   5.92e-04
  4.0401e+02   5.61e-04
  4.1075e+02   5.30e-04
  4.1761e+02   5.01e-04
  4.2459e+02   4.72e-04
  4.3168e+02   4.44e-04
  4.3889e+02   4.20e-04
  4.4622e+02   3.96e-04
  4.5367e+02   3.73e-04
  4.6124e+02   3.50e-04
  4.6895e+02   3.29e-04
  4.7678e+02   3.08e-04
  4.8474e+02   2.88e-04
  4.9283e+02   2.70e-04
  5.0107e+02   2.52e-04
  5.0943e+02   2.36e-04
  5.1794e+02   2.19e-04
  5.2659e+02   2.04e-04
  5.3538e+02   1.89e-04
  5.4432e+02   1.75e-04
  5.5342e+02   1.63e-04
  5.6266e+02   1.51e-04
  5.7205e+02   1.40e-04
  5.8161e+02   1.30e-04
  5.9132e+02   1.19e-04
  6.0119e+02   1.10e-04
  6.1123e+02   1.00e-04
  6.2144e+02   9.31e-05
  6.3182e+02   8.61e-05
  6.4237e+02   7.94e-05
  6.5310e+02   7.30e-05
  6.6401e+02   6.68e-05
  6.7509e+02   6.08e-05
  6.8637e+02   5.54e-05
  6.9783e+02   5.16e-05
  7.0948e+02   4.78e-05
  7.2133e+02   4.43e-05
  7.3338e+02   4.08e-05
  7.4563e+02   3.75e-05
  7.5808e+02   3.43e-05
  7.7074e+02   3.16e-05
  7.8361e+02   3.00e-05
  7.9670e+02   2.85e-05
  8.1000e+02   2.70e-05
