#  E [MeV]   Flux [# cm^{-2} s^{-1}  MeV^{-1}]
  3.0000e+04   4.45e-20
  3.0854e+04   4.31e-20
  3.1733e+04   4.17e-20
  3.2636e+04   4.03e-20
  3.3566e+04   3.89e-20
  3.4521e+04   3.76e-20
  3.5504e+04   3.64e-20
  3.6515e+04   3.51e-20
  3.7555e+04   3.39e-20
  3.8625e+04   3.28e-20
  3.9724e+04   3.16e-20
  4.0855e+04   3.06e-20
  4.2019e+04   2.95e-20
  4.3215e+04   2.84e-20
  4.4446e+04   2.74e-20
  4.5711e+04   2.65e-20
  4.7013e+04   2.55e-20
  4.8352e+04   2.46e-20
  4.9728e+04   2.37e-20
  5.1144e+04   2.28e-20
  5.2601e+04   2.20e-20
  5.4099e+04   2.11e-20
  5.5639e+04   2.03e-20
  5.7223e+04   1.96e-20
  5.8853e+04   1.88e-20
  6.0528e+04   1.81e-20
  6.2252e+04   1.74e-20
  6.4025e+04   1.67e-20
  6.5848e+04   1.61e-20
  6.7723e+04   1.54e-20
  6.9651e+04   1.48e-20
  7.1634e+04   1.42e-20
  7.3674e+04   1.37e-20
  7.5772e+04   1.31e-20
  7.7929e+04   1.26e-20
  8.0148e+04   1.21e-20
  8.2431e+04   1.16e-20
  8.4778e+04   1.11e-20
  8.7192e+04   1.06e-20
  8.9674e+04   1.02e-20
  9.2228e+04   9.74e-21
  9.4854e+04   9.32e-21
  9.7555e+04   8.92e-21
  1.0033e+05   8.53e-21
  1.0319e+05   8.16e-21
  1.0613e+05   7.80e-21
  1.0915e+05   7.45e-21
  1.1226e+05   7.11e-21
  1.1545e+05   6.79e-21
  1.1874e+05   6.48e-21
  1.2212e+05   6.19e-21
  1.2560e+05   5.90e-21
  1.2918e+05   5.63e-21
  1.3286e+05   5.36e-21
  1.3664e+05   5.11e-21
  1.4053e+05   4.87e-21
  1.4453e+05   4.64e-21
  1.4865e+05   4.41e-21
  1.5288e+05   4.20e-21
  1.5723e+05   3.99e-21
  1.6171e+05   3.80e-21
  1.6631e+05   3.61e-21
  1.7105e+05   3.42e-21
  1.7592e+05   3.25e-21
  1.8093e+05   3.08e-21
  1.8608e+05   2.92e-21
  1.9138e+05   2.77e-21
  1.9683e+05   2.62e-21
  2.0243e+05   2.48e-21
  2.0820e+05   2.34e-21
  2.1413e+05   2.21e-21
  2.2022e+05   2.09e-21
  2.2649e+05   1.97e-21
  2.3294e+05   1.86e-21
  2.3958e+05   1.75e-21
  2.4640e+05   1.65e-21
  2.5341e+05   1.56e-21
  2.6063e+05   1.46e-21
  2.6805e+05   1.38e-21
  2.7568e+05   1.29e-21
  2.8353e+05   1.21e-21
  2.9161e+05   1.14e-21
  2.9991e+05   1.07e-21
  3.0845e+05   9.99e-22
  3.1723e+05   9.34e-22
  3.2627e+05   8.73e-22
  3.3556e+05   8.16e-22
  3.4511e+05   7.62e-22
  3.5494e+05   7.10e-22
  3.6504e+05   6.61e-22
  3.7544e+05   6.16e-22
  3.8613e+05   5.73e-22
  3.9712e+05   5.32e-22
  4.0843e+05   4.93e-22
  4.2006e+05   4.58e-22
  4.3202e+05   4.25e-22
  4.4432e+05   3.93e-22
  4.5698e+05   3.63e-22
  4.6999e+05   3.36e-22
  4.8337e+05   3.10e-22
  4.9713e+05   2.86e-22
  5.1129e+05   2.63e-22
  5.2585e+05   2.43e-22
  5.4082e+05   2.23e-22
  5.5622e+05   2.05e-22
  5.7206e+05   1.89e-22
  5.8835e+05   1.73e-22
  6.0510e+05   1.59e-22
  6.2233e+05   1.46e-22
  6.4005e+05   1.33e-22
  6.5828e+05   1.22e-22
  6.7702e+05   1.12e-22
  6.9630e+05   1.02e-22
  7.1613e+05   9.32e-23
  7.3652e+05   8.51e-23
  7.5749e+05   7.77e-23
  7.7906e+05   7.09e-23
  8.0124e+05   6.45e-23
  8.2406e+05   5.87e-23
  8.4752e+05   5.36e-23
  8.7165e+05   4.88e-23
  8.9647e+05   4.43e-23
  9.2200e+05   4.02e-23
  9.4825e+05   3.66e-23
  9.7526e+05   3.33e-23
  1.0030e+06   3.02e-23
  1.0316e+06   2.74e-23
  1.0610e+06   2.49e-23
  1.0912e+06   2.26e-23
  1.1222e+06   2.05e-23
  1.1542e+06   1.85e-23
  1.1871e+06   1.68e-23
  1.2209e+06   1.53e-23
  1.2556e+06   1.38e-23
  1.2914e+06   1.25e-23
  1.3281e+06   1.13e-23
  1.3660e+06   1.03e-23
  1.4049e+06   9.27e-24
  1.4449e+06   8.35e-24
  1.4860e+06   7.56e-24
  1.5283e+06   6.83e-24
  1.5718e+06   6.16e-24
  1.6166e+06   5.53e-24
  1.6626e+06   5.00e-24
  1.7100e+06   4.51e-24
  1.7587e+06   4.06e-24
  1.8087e+06   3.63e-24
  1.8602e+06   3.27e-24
  1.9132e+06   2.94e-24
  1.9677e+06   2.64e-24
  2.0237e+06   2.36e-24
  2.0813e+06   2.11e-24
  2.1406e+06   1.90e-24
  2.2016e+06   1.70e-24
  2.2642e+06   1.51e-24
  2.3287e+06   1.34e-24
  2.3950e+06   1.20e-24
  2.4632e+06   1.07e-24
  2.5334e+06   9.46e-25
  2.6055e+06   8.37e-25
  2.6797e+06   7.46e-25
  2.7560e+06   6.60e-25
  2.8345e+06   5.81e-25
  2.9152e+06   5.09e-25
  2.9982e+06   4.51e-25
  3.0836e+06   3.97e-25
  3.1714e+06   3.46e-25
  3.2617e+06   3.00e-25
  3.3545e+06   2.65e-25
  3.4501e+06   2.31e-25
  3.5483e+06   2.00e-25
  3.6493e+06   1.72e-25
  3.7532e+06   1.50e-25
  3.8601e+06   1.31e-25
  3.9700e+06   1.12e-25
  4.0831e+06   9.49e-26
  4.1993e+06   8.23e-26
  4.3189e+06   7.09e-26
  4.4419e+06   6.03e-26
  4.5684e+06   5.05e-26
  4.6985e+06   4.33e-26
  4.8322e+06   3.69e-26
  4.9698e+06   3.10e-26
  5.1114e+06   2.56e-26
  5.2569e+06   2.16e-26
  5.4066e+06   1.82e-26
  5.5605e+06   1.52e-26
  5.7189e+06   1.24e-26
  5.8817e+06   1.02e-26
  6.0492e+06   8.48e-27
  6.2214e+06   6.91e-27
  6.3986e+06   5.50e-27
  6.5808e+06   4.39e-27
  6.7682e+06   3.52e-27
  6.9609e+06   2.75e-27
  7.1591e+06   2.08e-27
  7.3630e+06   1.56e-27
  7.5726e+06   1.20e-27
  7.7882e+06   8.96e-28
  8.0100e+06   6.32e-28
