#  E [MeV]   Flux [# cm^{-2} s^{-1}  MeV^{-1}]
  3.0000e+04   7.00e-20
  3.0765e+04   6.77e-20
  3.1549e+04   6.55e-20
  3.2354e+04   6.34e-20
  3.3179e+04   6.13e-20
  3.4025e+04   5.92e-20
  3.4892e+04   5.72e-20
  3.5782e+04   5.53e-20
  3.6695e+04   5.34e-20
  3.7630e+04   5.16e-20
  3.8590e+04   4.98e-20
  3.9574e+04   4.81e-20
  4.0583e+04   4.64e-20
  4.1618e+04   4.48e-20
  4.2679e+04   4.33e-20
  4.3767e+04   4.17e-20
  4.4883e+04   4.03e-20
  4.6028e+04   3.88e-20
  4.7201e+04   3.74e-20
  4.8405e+04   3.61e-20
  4.9639e+04   3.48e-20
  5.0905e+04   3.35e-20
  5.2203e+04   3.23e-20
  5.3534e+04   3.11e-20
  5.4899e+04   2.99e-20
  5.6299e+04   2.88e-20
  5.7734e+04   2.77e-20
  5.9207e+04   2.67e-20
  6.0716e+04   2.57e-20
  6.2264e+04   2.47e-20
  6.3852e+04   2.38e-20
  6.5480e+04   2.28e-20
  6.7150e+04   2.20e-20
  6.8862e+04   2.11e-20
  7.0618e+04   2.03e-20
  7.2419e+04   1.95e-20
  7.4265e+04   1.87e-20
  7.6159e+04   1.80e-20
  7.8101e+04   1.73e-20
  8.0092e+04   1.66e-20
  8.2135e+04   1.59e-20
  8.4229e+04   1.52e-20
  8.6377e+04   1.46e-20
  8.8579e+04   1.40e-20
  9.0838e+04   1.34e-20
  9.3154e+04   1.29e-20
  9.5529e+04   1.23e-20
  9.7965e+04   1.18e-20
  1.0046e+05   1.13e-20
  1.0303e+05   1.09e-20
  1.0565e+05   1.04e-20
  1.0835e+05   9.94e-21
  1.1111e+05   9.51e-21
  1.1394e+05   9.10e-21
  1.1685e+05   8.70e-21
  1.1983e+05   8.31e-21
  1.2288e+05   7.94e-21
  1.2602e+05   7.59e-21
  1.2923e+05   7.25e-21
  1.3252e+05   6.92e-21
  1.3590e+05   6.60e-21
  1.3937e+05   6.30e-21
  1.4292e+05   6.01e-21
  1.4657e+05   5.73e-21
  1.5030e+05   5.46e-21
  1.5414e+05   5.20e-21
  1.5807e+05   4.96e-21
  1.6210e+05   4.72e-21
  1.6623e+05   4.49e-21
  1.7047e+05   4.28e-21
  1.7482e+05   4.07e-21
  1.7927e+05   3.87e-21
  1.8384e+05   3.68e-21
  1.8853e+05   3.49e-21
  1.9334e+05   3.32e-21
  1.9827e+05   3.15e-21
  2.0333e+05   2.99e-21
  2.0851e+05   2.84e-21
  2.1383e+05   2.69e-21
  2.1928e+05   2.55e-21
  2.2487e+05   2.42e-21
  2.3060e+05   2.29e-21
  2.3648e+05   2.16e-21
  2.4251e+05   2.05e-21
  2.4870e+05   1.94e-21
  2.5504e+05   1.83e-21
  2.6154e+05   1.73e-21
  2.6821e+05   1.63e-21
  2.7505e+05   1.54e-21
  2.8206e+05   1.45e-21
  2.8926e+05   1.37e-21
  2.9663e+05   1.29e-21
  3.0420e+05   1.22e-21
  3.1195e+05   1.15e-21
  3.1991e+05   1.08e-21
  3.2806e+05   1.01e-21
  3.3643e+05   9.51e-22
  3.4501e+05   8.95e-22
  3.5381e+05   8.40e-22
  3.6283e+05   7.88e-22
  3.7208e+05   7.38e-22
  3.8157e+05   6.92e-22
  3.9130e+05   6.48e-22
  4.0127e+05   6.07e-22
  4.1150e+05   5.67e-22
  4.2200e+05   5.30e-22
  4.3276e+05   4.95e-22
  4.4379e+05   4.63e-22
  4.5511e+05   4.32e-22
  4.6671e+05   4.02e-22
  4.7861e+05   3.74e-22
  4.9082e+05   3.49e-22
  5.0333e+05   3.25e-22
  5.1617e+05   3.02e-22
  5.2933e+05   2.80e-22
  5.4283e+05   2.60e-22
  5.5667e+05   2.42e-22
  5.7086e+05   2.25e-22
  5.8542e+05   2.08e-22
  6.0035e+05   1.93e-22
  6.1565e+05   1.79e-22
  6.3135e+05   1.65e-22
  6.4745e+05   1.53e-22
  6.6396e+05   1.41e-22
  6.8089e+05   1.31e-22
  6.9825e+05   1.21e-22
  7.1606e+05   1.12e-22
  7.3432e+05   1.03e-22
  7.5304e+05   9.46e-23
  7.7224e+05   8.74e-23
  7.9193e+05   8.06e-23
  8.1213e+05   7.42e-23
  8.3283e+05   6.82e-23
  8.5407e+05   6.28e-23
  8.7585e+05   5.78e-23
  8.9818e+05   5.32e-23
  9.2108e+05   4.88e-23
  9.4457e+05   4.47e-23
  9.6866e+05   4.11e-23
  9.9336e+05   3.78e-23
  1.0187e+06   3.47e-23
  1.0447e+06   3.18e-23
  1.0713e+06   2.91e-23
  1.0986e+06   2.68e-23
  1.1266e+06   2.46e-23
  1.1554e+06   2.26e-23
  1.1848e+06   2.06e-23
  1.2150e+06   1.89e-23
  1.2460e+06   1.74e-23
  1.2778e+06   1.60e-23
  1.3104e+06   1.46e-23
  1.3438e+06   1.34e-23
  1.3780e+06   1.23e-23
  1.4132e+06   1.14e-23
  1.4492e+06   1.04e-23
  1.4862e+06   9.54e-24
  1.5241e+06   8.78e-24
  1.5629e+06   8.10e-24
  1.6028e+06   7.46e-24
  1.6436e+06   6.86e-24
  1.6856e+06   6.29e-24
  1.7285e+06   5.84e-24
  1.7726e+06   5.42e-24
  1.8178e+06   5.02e-24
  1.8642e+06   4.63e-24
  1.9117e+06   4.31e-24
  1.9604e+06   4.03e-24
  2.0104e+06   3.76e-24
  2.0617e+06   3.51e-24
  2.1143e+06   3.27e-24
  2.1682e+06   3.09e-24
  2.2235e+06   2.92e-24
  2.2802e+06   2.76e-24
  2.3383e+06   2.60e-24
  2.3979e+06   2.47e-24
  2.4591e+06   2.36e-24
  2.5218e+06   2.26e-24
  2.5861e+06   2.16e-24
  2.6520e+06   2.07e-24
  2.7196e+06   2.01e-24
  2.7890e+06   1.96e-24
  2.8601e+06   1.92e-24
  2.9330e+06   1.87e-24
  3.0078e+06   1.84e-24
  3.0845e+06   1.84e-24
  3.1632e+06   1.84e-24
  3.2438e+06   1.84e-24
  3.3265e+06   1.84e-24
  3.4113e+06   1.89e-24
  3.4983e+06   1.98e-24
  3.5875e+06   2.05e-24
  3.6790e+06   2.12e-24
  3.7728e+06   2.19e-24
  3.8690e+06   2.41e-24
  3.9677e+06   2.61e-24
  4.0689e+06   2.80e-24
  4.1726e+06   2.96e-24
  4.2790e+06   2.72e-24
  4.3881e+06   2.15e-24
  4.5000e+06   1.62e-24
