#  E [MeV]   Flux [# cm^{-2} s^{-1}  MeV^{-1}]
  3.0000e+04   1.28e-20
  3.0589e+04   1.24e-20
  3.1190e+04   1.21e-20
  3.1803e+04   1.18e-20
  3.2428e+04   1.14e-20
  3.3065e+04   1.11e-20
  3.3714e+04   1.08e-20
  3.4376e+04   1.05e-20
  3.5052e+04   1.03e-20
  3.5740e+04   9.99e-21
  3.6442e+04   9.72e-21
  3.7158e+04   9.46e-21
  3.7888e+04   9.20e-21
  3.8632e+04   8.96e-21
  3.9391e+04   8.72e-21
  4.0165e+04   8.48e-21
  4.0954e+04   8.26e-21
  4.1758e+04   8.03e-21
  4.2579e+04   7.82e-21
  4.3415e+04   7.61e-21
  4.4268e+04   7.41e-21
  4.5138e+04   7.21e-21
  4.6024e+04   7.02e-21
  4.6928e+04   6.83e-21
  4.7850e+04   6.65e-21
  4.8790e+04   6.47e-21
  4.9749e+04   6.30e-21
  5.0726e+04   6.14e-21
  5.1722e+04   5.97e-21
  5.2738e+04   5.81e-21
  5.3774e+04   5.66e-21
  5.4831e+04   5.51e-21
  5.5908e+04   5.37e-21
  5.7006e+04   5.23e-21
  5.8126e+04   5.09e-21
  5.9268e+04   4.95e-21
  6.0432e+04   4.82e-21
  6.1619e+04   4.70e-21
  6.2829e+04   4.58e-21
  6.4064e+04   4.46e-21
  6.5322e+04   4.34e-21
  6.6605e+04   4.23e-21
  6.7913e+04   4.12e-21
  6.9248e+04   4.01e-21
  7.0608e+04   3.91e-21
  7.1995e+04   3.81e-21
  7.3409e+04   3.71e-21
  7.4851e+04   3.61e-21
  7.6321e+04   3.52e-21
  7.7821e+04   3.43e-21
  7.9349e+04   3.34e-21
  8.0908e+04   3.25e-21
  8.2497e+04   3.17e-21
  8.4118e+04   3.09e-21
  8.5770e+04   3.01e-21
  8.7455e+04   2.93e-21
  8.9173e+04   2.86e-21
  9.0925e+04   2.79e-21
  9.2711e+04   2.72e-21
  9.4532e+04   2.65e-21
  9.6389e+04   2.58e-21
  9.8283e+04   2.51e-21
  1.0021e+05   2.45e-21
  1.0218e+05   2.39e-21
  1.0419e+05   2.33e-21
  1.0624e+05   2.27e-21
  1.0832e+05   2.21e-21
  1.1045e+05   2.15e-21
  1.1262e+05   2.10e-21
  1.1483e+05   2.05e-21
  1.1709e+05   2.00e-21
  1.1939e+05   1.94e-21
  1.2173e+05   1.90e-21
  1.2412e+05   1.85e-21
  1.2656e+05   1.80e-21
  1.2905e+05   1.76e-21
  1.3158e+05   1.71e-21
  1.3417e+05   1.67e-21
  1.3680e+05   1.63e-21
  1.3949e+05   1.58e-21
  1.4223e+05   1.55e-21
  1.4503e+05   1.51e-21
  1.4787e+05   1.47e-21
  1.5078e+05   1.43e-21
  1.5374e+05   1.40e-21
  1.5676e+05   1.36e-21
  1.5984e+05   1.33e-21
  1.6298e+05   1.29e-21
  1.6618e+05   1.26e-21
  1.6945e+05   1.23e-21
  1.7278e+05   1.19e-21
  1.7617e+05   1.16e-21
  1.7963e+05   1.13e-21
  1.8316e+05   1.11e-21
  1.8676e+05   1.08e-21
  1.9042e+05   1.05e-21
  1.9417e+05   1.02e-21
  1.9798e+05   9.95e-22
  2.0187e+05   9.70e-22
  2.0583e+05   9.44e-22
  2.0988e+05   9.20e-22
  2.1400e+05   8.96e-22
  2.1820e+05   8.72e-22
  2.2249e+05   8.50e-22
  2.2686e+05   8.27e-22
  2.3132e+05   8.06e-22
  2.3586e+05   7.84e-22
  2.4049e+05   7.64e-22
  2.4522e+05   7.43e-22
  2.5004e+05   7.23e-22
  2.5495e+05   7.04e-22
  2.5996e+05   6.85e-22
  2.6506e+05   6.67e-22
  2.7027e+05   6.48e-22
  2.7558e+05   6.31e-22
  2.8099e+05   6.13e-22
  2.8651e+05   5.97e-22
  2.9214e+05   5.80e-22
  2.9788e+05   5.64e-22
  3.0373e+05   5.48e-22
  3.0970e+05   5.33e-22
  3.1578e+05   5.17e-22
  3.2198e+05   5.03e-22
  3.2831e+05   4.88e-22
  3.3476e+05   4.74e-22
  3.4133e+05   4.60e-22
  3.4804e+05   4.47e-22
  3.5487e+05   4.33e-22
  3.6185e+05   4.20e-22
  3.6895e+05   4.08e-22
  3.7620e+05   3.96e-22
  3.8359e+05   3.84e-22
  3.9113e+05   3.72e-22
  3.9881e+05   3.60e-22
  4.0664e+05   3.49e-22
  4.1463e+05   3.38e-22
  4.2278e+05   3.28e-22
  4.3108e+05   3.17e-22
  4.3955e+05   3.07e-22
  4.4818e+05   2.97e-22
  4.5699e+05   2.88e-22
  4.6596e+05   2.79e-22
  4.7512e+05   2.70e-22
  4.8445e+05   2.61e-22
  4.9397e+05   2.52e-22
  5.0367e+05   2.44e-22
  5.1356e+05   2.36e-22
  5.2365e+05   2.28e-22
  5.3394e+05   2.21e-22
  5.4443e+05   2.13e-22
  5.5512e+05   2.06e-22
  5.6603e+05   1.99e-22
  5.7715e+05   1.92e-22
  5.8848e+05   1.85e-22
  6.0004e+05   1.79e-22
  6.1183e+05   1.73e-22
  6.2385e+05   1.67e-22
  6.3610e+05   1.61e-22
  6.4860e+05   1.55e-22
  6.6134e+05   1.50e-22
  6.7433e+05   1.44e-22
  6.8758e+05   1.39e-22
  7.0108e+05   1.34e-22
  7.1486e+05   1.29e-22
  7.2890e+05   1.24e-22
  7.4322e+05   1.20e-22
  7.5782e+05   1.15e-22
  7.7270e+05   1.11e-22
  7.8788e+05   1.07e-22
  8.0336e+05   1.03e-22
  8.1914e+05   9.94e-23
  8.3523e+05   9.57e-23
  8.5164e+05   9.22e-23
  8.6837e+05   8.88e-23
  8.8542e+05   8.55e-23
  9.0282e+05   8.23e-23
  9.2055e+05   7.93e-23
  9.3863e+05   7.64e-23
  9.5707e+05   7.35e-23
  9.7587e+05   7.08e-23
  9.9504e+05   6.82e-23
  1.0146e+06   6.57e-23
  1.0345e+06   6.33e-23
  1.0548e+06   6.09e-23
  1.0756e+06   5.87e-23
  1.0967e+06   5.65e-23
  1.1182e+06   5.43e-23
  1.1402e+06   5.23e-23
  1.1626e+06   5.03e-23
  1.1854e+06   4.84e-23
  1.2087e+06   4.66e-23
  1.2325e+06   4.48e-23
  1.2567e+06   4.31e-23
  1.2814e+06   4.14e-23
  1.3065e+06   3.98e-23
  1.3322e+06   3.83e-23
  1.3584e+06   3.68e-23
  1.3851e+06   3.56e-23
  1.4123e+06   3.44e-23
  1.4400e+06   3.32e-23
