#  E [MeV]   Flux [# cm^{-2} s^{-1}  MeV^{-1}]
  3.0000e+04   1.83e-18
  3.0675e+04   1.77e-18
  3.1366e+04   1.71e-18
  3.2072e+04   1.64e-18
  3.2794e+04   1.58e-18
  3.3533e+04   1.53e-18
  3.4288e+04   1.47e-18
  3.5060e+04   1.42e-18
  3.5849e+04   1.37e-18
  3.6656e+04   1.32e-18
  3.7482e+04   1.27e-18
  3.8326e+04   1.22e-18
  3.9188e+04   1.17e-18
  4.0071e+04   1.13e-18
  4.0973e+04   1.09e-18
  4.1896e+04   1.05e-18
  4.2839e+04   1.01e-18
  4.3803e+04   9.67e-19
  4.4790e+04   9.30e-19
  4.5798e+04   8.94e-19
  4.6829e+04   8.60e-19
  4.7884e+04   8.26e-19
  4.8962e+04   7.94e-19
  5.0064e+04   7.62e-19
  5.1191e+04   7.32e-19
  5.2344e+04   7.03e-19
  5.3522e+04   6.75e-19
  5.4727e+04   6.48e-19
  5.5960e+04   6.21e-19
  5.7219e+04   5.96e-19
  5.8508e+04   5.72e-19
  5.9825e+04   5.48e-19
  6.1172e+04   5.26e-19
  6.2549e+04   5.04e-19
  6.3958e+04   4.82e-19
  6.5398e+04   4.62e-19
  6.6870e+04   4.42e-19
  6.8376e+04   4.23e-19
  6.9915e+04   4.05e-19
  7.1489e+04   3.87e-19
  7.3099e+04   3.71e-19
  7.4745e+04   3.54e-19
  7.6428e+04   3.39e-19
  7.8148e+04   3.23e-19
  7.9908e+04   3.09e-19
  8.1707e+04   2.95e-19
  8.3547e+04   2.82e-19
  8.5428e+04   2.69e-19
  8.7351e+04   2.57e-19
  8.9318e+04   2.45e-19
  9.1329e+04   2.34e-19
  9.3385e+04   2.23e-19
  9.5488e+04   2.12e-19
  9.7638e+04   2.02e-19
  9.9836e+04   1.93e-19
  1.0208e+05   1.84e-19
  1.0438e+05   1.75e-19
  1.0673e+05   1.66e-19
  1.0914e+05   1.58e-19
  1.1159e+05   1.50e-19
  1.1411e+05   1.43e-19
  1.1667e+05   1.36e-19
  1.1930e+05   1.29e-19
  1.2199e+05   1.23e-19
  1.2473e+05   1.16e-19
  1.2754e+05   1.10e-19
  1.3041e+05   1.05e-19
  1.3335e+05   9.93e-20
  1.3635e+05   9.40e-20
  1.3942e+05   8.90e-20
  1.4256e+05   8.43e-20
  1.4577e+05   7.99e-20
  1.4905e+05   7.56e-20
  1.5241e+05   7.14e-20
  1.5584e+05   6.74e-20
  1.5935e+05   6.38e-20
  1.6294e+05   6.03e-20
  1.6661e+05   5.70e-20
  1.7036e+05   5.37e-20
  1.7419e+05   5.06e-20
  1.7812e+05   4.77e-20
  1.8213e+05   4.51e-20
  1.8623e+05   4.25e-20
  1.9042e+05   4.00e-20
  1.9471e+05   3.76e-20
  1.9909e+05   3.54e-20
  2.0357e+05   3.33e-20
  2.0816e+05   3.14e-20
  2.1284e+05   2.95e-20
  2.1763e+05   2.76e-20
  2.2253e+05   2.59e-20
  2.2755e+05   2.44e-20
  2.3267e+05   2.29e-20
  2.3791e+05   2.15e-20
  2.4326e+05   2.01e-20
  2.4874e+05   1.88e-20
  2.5434e+05   1.76e-20
  2.6007e+05   1.65e-20
  2.6592e+05   1.55e-20
  2.7191e+05   1.44e-20
  2.7803e+05   1.34e-20
  2.8429e+05   1.26e-20
  2.9069e+05   1.18e-20
  2.9724e+05   1.10e-20
  3.0393e+05   1.02e-20
  3.1077e+05   9.49e-21
  3.1777e+05   8.86e-21
  3.2493e+05   8.27e-21
  3.3224e+05   7.70e-21
  3.3972e+05   7.15e-21
  3.4737e+05   6.63e-21
  3.5519e+05   6.16e-21
  3.6319e+05   5.74e-21
  3.7137e+05   5.33e-21
  3.7973e+05   4.95e-21
  3.8828e+05   4.57e-21
  3.9702e+05   4.23e-21
  4.0596e+05   3.94e-21
  4.1510e+05   3.65e-21
  4.2444e+05   3.38e-21
  4.3400e+05   3.12e-21
  4.4377e+05   2.87e-21
  4.5376e+05   2.67e-21
  4.6398e+05   2.47e-21
  4.7443e+05   2.28e-21
  4.8511e+05   2.10e-21
  4.9603e+05   1.92e-21
  5.0720e+05   1.78e-21
  5.1862e+05   1.65e-21
  5.3030e+05   1.52e-21
  5.4224e+05   1.39e-21
  5.5444e+05   1.27e-21
  5.6693e+05   1.17e-21
  5.7969e+05   1.08e-21
  5.9274e+05   9.96e-22
  6.0609e+05   9.12e-22
  6.1974e+05   8.32e-22
  6.3369e+05   7.65e-22
  6.4796e+05   7.05e-22
  6.6255e+05   6.47e-22
  6.7746e+05   5.92e-22
  6.9272e+05   5.39e-22
  7.0831e+05   4.93e-22
  7.2426e+05   4.54e-22
  7.4057e+05   4.16e-22
  7.5724e+05   3.81e-22
  7.7429e+05   3.46e-22
  7.9172e+05   3.15e-22
  8.0955e+05   2.90e-22
  8.2778e+05   2.66e-22
  8.4641e+05   2.43e-22
  8.6547e+05   2.21e-22
  8.8496e+05   2.01e-22
  9.0488e+05   1.85e-22
  9.2526e+05   1.70e-22
  9.4609e+05   1.55e-22
  9.6739e+05   1.41e-22
  9.8917e+05   1.28e-22
  1.0114e+06   1.18e-22
  1.0342e+06   1.09e-22
  1.0575e+06   9.97e-23
  1.0813e+06   9.11e-23
  1.1057e+06   8.28e-23
  1.1305e+06   7.65e-23
  1.1560e+06   7.07e-23
  1.1820e+06   6.51e-23
  1.2086e+06   5.98e-23
  1.2359e+06   5.47e-23
  1.2637e+06   5.06e-23
  1.2921e+06   4.70e-23
  1.3212e+06   4.36e-23
  1.3510e+06   4.02e-23
  1.3814e+06   3.71e-23
  1.4125e+06   3.43e-23
  1.4443e+06   3.20e-23
  1.4768e+06   2.98e-23
  1.5101e+06   2.77e-23
  1.5441e+06   2.57e-23
  1.5788e+06   2.38e-23
  1.6144e+06   2.24e-23
  1.6507e+06   2.10e-23
  1.6879e+06   1.96e-23
  1.7259e+06   1.83e-23
  1.7648e+06   1.71e-23
  1.8045e+06   1.60e-23
  1.8451e+06   1.51e-23
  1.8867e+06   1.41e-23
  1.9291e+06   1.32e-23
  1.9726e+06   1.24e-23
  2.0170e+06   1.16e-23
  2.0624e+06   1.09e-23
  2.1088e+06   1.02e-23
  2.1563e+06   9.54e-24
  2.2049e+06   8.91e-24
  2.2545e+06   8.31e-24
  2.3053e+06   7.74e-24
  2.3572e+06   7.20e-24
  2.4102e+06   6.67e-24
  2.4645e+06   6.16e-24
  2.5200e+06   5.77e-24
