#  E [MeV]   Flux [# cm^{-2} s^{-1}  MeV^{-1}]
  3.0000e+04   8.18e-19
  3.0675e+04   7.90e-19
  3.1366e+04   7.63e-19
  3.2072e+04   7.36e-19
  3.2794e+04   7.11e-19
  3.3533e+04   6.86e-19
  3.4288e+04   6.61e-19
  3.5060e+04   6.38e-19
  3.5849e+04   6.15e-19
  3.6656e+04   5.93e-19
  3.7482e+04   5.72e-19
  3.8326e+04   5.51e-19
  3.9188e+04   5.31e-19
  4.0071e+04   5.11e-19
  4.0973e+04   4.93e-19
  4.1896e+04   4.74e-19
  4.2839e+04   4.57e-19
  4.3803e+04   4.40e-19
  4.4790e+04   4.23e-19
  4.5798e+04   4.07e-19
  4.6829e+04   3.92e-19
  4.7884e+04   3.77e-19
  4.8962e+04   3.63e-19
  5.0064e+04   3.49e-19
  5.1191e+04   3.35e-19
  5.2344e+04   3.22e-19
  5.3522e+04   3.10e-19
  5.4727e+04   2.97e-19
  5.5960e+04   2.86e-19
  5.7219e+04   2.74e-19
  5.8508e+04   2.63e-19
  5.9825e+04   2.53e-19
  6.1172e+04   2.42e-19
  6.2549e+04   2.32e-19
  6.3958e+04   2.23e-19
  6.5398e+04   2.14e-19
  6.6870e+04   2.05e-19
  6.8376e+04   1.96e-19
  6.9915e+04   1.88e-19
  7.1489e+04   1.80e-19
  7.3099e+04   1.72e-19
  7.4745e+04   1.65e-19
  7.6428e+04   1.57e-19
  7.8148e+04   1.51e-19
  7.9908e+04   1.44e-19
  8.1707e+04   1.38e-19
  8.3547e+04   1.31e-19
  8.5428e+04   1.26e-19
  8.7351e+04   1.20e-19
  8.9318e+04   1.15e-19
  9.1329e+04   1.09e-19
  9.3385e+04   1.04e-19
  9.5488e+04   9.94e-20
  9.7638e+04   9.48e-20
  9.9836e+04   9.04e-20
  1.0208e+05   8.62e-20
  1.0438e+05   8.21e-20
  1.0673e+05   7.81e-20
  1.0914e+05   7.43e-20
  1.1159e+05   7.08e-20
  1.1411e+05   6.73e-20
  1.1667e+05   6.40e-20
  1.1930e+05   6.08e-20
  1.2199e+05   5.78e-20
  1.2473e+05   5.49e-20
  1.2754e+05   5.22e-20
  1.3041e+05   4.95e-20
  1.3335e+05   4.69e-20
  1.3635e+05   4.44e-20
  1.3942e+05   4.22e-20
  1.4256e+05   4.00e-20
  1.4577e+05   3.79e-20
  1.4905e+05   3.58e-20
  1.5241e+05   3.39e-20
  1.5584e+05   3.21e-20
  1.5935e+05   3.04e-20
  1.6294e+05   2.87e-20
  1.6661e+05   2.71e-20
  1.7036e+05   2.56e-20
  1.7419e+05   2.41e-20
  1.7812e+05   2.28e-20
  1.8213e+05   2.15e-20
  1.8623e+05   2.03e-20
  1.9042e+05   1.91e-20
  1.9471e+05   1.80e-20
  1.9909e+05   1.70e-20
  2.0357e+05   1.60e-20
  2.0816e+05   1.50e-20
  2.1284e+05   1.41e-20
  2.1763e+05   1.32e-20
  2.2253e+05   1.25e-20
  2.2755e+05   1.17e-20
  2.3267e+05   1.10e-20
  2.3791e+05   1.03e-20
  2.4326e+05   9.63e-21
  2.4874e+05   9.04e-21
  2.5434e+05   8.48e-21
  2.6007e+05   7.93e-21
  2.6592e+05   7.41e-21
  2.7191e+05   6.90e-21
  2.7803e+05   6.47e-21
  2.8429e+05   6.05e-21
  2.9069e+05   5.65e-21
  2.9724e+05   5.27e-21
  3.0393e+05   4.90e-21
  3.1077e+05   4.57e-21
  3.1777e+05   4.27e-21
  3.2493e+05   3.98e-21
  3.3224e+05   3.70e-21
  3.3972e+05   3.43e-21
  3.4737e+05   3.19e-21
  3.5519e+05   2.97e-21
  3.6319e+05   2.76e-21
  3.7137e+05   2.56e-21
  3.7973e+05   2.37e-21
  3.8828e+05   2.20e-21
  3.9702e+05   2.04e-21
  4.0596e+05   1.90e-21
  4.1510e+05   1.75e-21
  4.2444e+05   1.62e-21
  4.3400e+05   1.49e-21
  4.4377e+05   1.39e-21
  4.5376e+05   1.28e-21
  4.6398e+05   1.19e-21
  4.7443e+05   1.09e-21
  4.8511e+05   1.00e-21
  4.9603e+05   9.31e-22
  5.0720e+05   8.61e-22
  5.1862e+05   7.93e-22
  5.3030e+05   7.29e-22
  5.4224e+05   6.68e-22
  5.5444e+05   6.17e-22
  5.6693e+05   5.70e-22
  5.7969e+05   5.25e-22
  5.9274e+05   4.81e-22
  6.0609e+05   4.40e-22
  6.1974e+05   4.05e-22
  6.3369e+05   3.74e-22
  6.4796e+05   3.44e-22
  6.6255e+05   3.15e-22
  6.7746e+05   2.88e-22
  6.9272e+05   2.64e-22
  7.0831e+05   2.43e-22
  7.2426e+05   2.24e-22
  7.4057e+05   2.05e-22
  7.5724e+05   1.87e-22
  7.7429e+05   1.71e-22
  7.9172e+05   1.57e-22
  8.0955e+05   1.45e-22
  8.2778e+05   1.33e-22
  8.4641e+05   1.21e-22
  8.6547e+05   1.10e-22
  8.8496e+05   1.02e-22
  9.0488e+05   9.35e-23
  9.2526e+05   8.58e-23
  9.4609e+05   7.83e-23
  9.6739e+05   7.13e-23
  9.8917e+05   6.58e-23
  1.0114e+06   6.05e-23
  1.0342e+06   5.55e-23
  1.0575e+06   5.07e-23
  1.0813e+06   4.61e-23
  1.1057e+06   4.24e-23
  1.1305e+06   3.90e-23
  1.1560e+06   3.57e-23
  1.1820e+06   3.26e-23
  1.2086e+06   2.96e-23
  1.2359e+06   2.72e-23
  1.2637e+06   2.51e-23
  1.2921e+06   2.31e-23
  1.3212e+06   2.11e-23
  1.3510e+06   1.93e-23
  1.3814e+06   1.78e-23
  1.4125e+06   1.65e-23
  1.4443e+06   1.53e-23
  1.4768e+06   1.41e-23
  1.5101e+06   1.30e-23
  1.5441e+06   1.20e-23
  1.5788e+06   1.13e-23
  1.6144e+06   1.06e-23
  1.6507e+06   9.96e-24
  1.6879e+06   9.33e-24
  1.7259e+06   8.76e-24
  1.7648e+06   8.35e-24
  1.8045e+06   7.95e-24
  1.8451e+06   7.57e-24
  1.8867e+06   7.20e-24
  1.9291e+06   6.85e-24
  1.9726e+06   6.62e-24
  2.0170e+06   6.40e-24
  2.0624e+06   6.19e-24
  2.1088e+06   5.99e-24
  2.1563e+06   5.79e-24
  2.2049e+06   5.63e-24
  2.2545e+06   5.49e-24
  2.3053e+06   5.35e-24
  2.3572e+06   5.21e-24
  2.4102e+06   5.08e-24
  2.4645e+06   4.95e-24
  2.5200e+06   4.83e-24
