#  E [MeV]   Flux [# cm^{-2} s^{-1}  MeV^{-1}]
  3.0000e+04   1.57e-24
  3.1051e+04   1.51e-24
  3.2139e+04   1.46e-24
  3.3266e+04   1.41e-24
  3.4432e+04   1.36e-24
  3.5638e+04   1.31e-24
  3.6887e+04   1.26e-24
  3.8180e+04   1.22e-24
  3.9518e+04   1.17e-24
  4.0903e+04   1.13e-24
  4.2336e+04   1.09e-24
  4.3820e+04   1.05e-24
  4.5355e+04   1.01e-24
  4.6945e+04   9.73e-25
  4.8590e+04   9.37e-25
  5.0293e+04   9.02e-25
  5.2055e+04   8.69e-25
  5.3879e+04   8.36e-25
  5.5767e+04   8.05e-25
  5.7722e+04   7.74e-25
  5.9745e+04   7.45e-25
  6.1838e+04   7.17e-25
  6.4005e+04   6.89e-25
  6.6248e+04   6.63e-25
  6.8570e+04   6.37e-25
  7.0973e+04   6.12e-25
  7.3460e+04   5.88e-25
  7.6034e+04   5.65e-25
  7.8699e+04   5.43e-25
  8.1457e+04   5.21e-25
  8.4311e+04   5.00e-25
  8.7266e+04   4.80e-25
  9.0324e+04   4.60e-25
  9.3490e+04   4.42e-25
  9.6766e+04   4.23e-25
  1.0016e+05   4.06e-25
  1.0367e+05   3.89e-25
  1.0730e+05   3.72e-25
  1.1106e+05   3.56e-25
  1.1495e+05   3.41e-25
  1.1898e+05   3.27e-25
  1.2315e+05   3.12e-25
  1.2747e+05   2.99e-25
  1.3193e+05   2.85e-25
  1.3656e+05   2.73e-25
  1.4134e+05   2.60e-25
  1.4629e+05   2.49e-25
  1.5142e+05   2.37e-25
  1.5673e+05   2.26e-25
  1.6222e+05   2.16e-25
  1.6790e+05   2.06e-25
  1.7379e+05   1.96e-25
  1.7988e+05   1.86e-25
  1.8618e+05   1.77e-25
  1.9271e+05   1.69e-25
  1.9946e+05   1.60e-25
  2.0645e+05   1.52e-25
  2.1369e+05   1.44e-25
  2.2117e+05   1.37e-25
  2.2892e+05   1.30e-25
  2.3695e+05   1.23e-25
  2.4525e+05   1.17e-25
  2.5385e+05   1.10e-25
  2.6274e+05   1.04e-25
  2.7195e+05   9.85e-26
  2.8148e+05   9.31e-26
  2.9134e+05   8.78e-26
  3.0155e+05   8.28e-26
  3.1212e+05   7.81e-26
  3.2306e+05   7.35e-26
  3.3438e+05   6.92e-26
  3.4610e+05   6.50e-26
  3.5823e+05   6.11e-26
  3.7078e+05   5.73e-26
  3.8377e+05   5.38e-26
  3.9722e+05   5.04e-26
  4.1114e+05   4.72e-26
  4.2555e+05   4.42e-26
  4.4046e+05   4.13e-26
  4.5590e+05   3.86e-26
  4.7188e+05   3.61e-26
  4.8841e+05   3.37e-26
  5.0553e+05   3.14e-26
  5.2324e+05   2.93e-26
  5.4158e+05   2.73e-26
  5.6056e+05   2.54e-26
  5.8020e+05   2.36e-26
  6.0054e+05   2.19e-26
  6.2158e+05   2.04e-26
  6.4337e+05   1.89e-26
  6.6591e+05   1.76e-26
  6.8925e+05   1.63e-26
  7.1340e+05   1.51e-26
  7.3840e+05   1.39e-26
  7.6428e+05   1.29e-26
  7.9106e+05   1.19e-26
  8.1878e+05   1.10e-26
  8.4748e+05   1.02e-26
  8.7718e+05   9.38e-27
  9.0792e+05   8.66e-27
  9.3973e+05   7.98e-27
  9.7267e+05   7.35e-27
  1.0068e+06   6.77e-27
  1.0420e+06   6.24e-27
  1.0785e+06   5.73e-27
  1.1163e+06   5.28e-27
  1.1555e+06   4.85e-27
  1.1960e+06   4.46e-27
  1.2379e+06   4.09e-27
  1.2813e+06   3.76e-27
  1.3262e+06   3.45e-27
  1.3726e+06   3.16e-27
  1.4207e+06   2.90e-27
  1.4705e+06   2.66e-27
  1.5220e+06   2.43e-27
  1.5754e+06   2.23e-27
  1.6306e+06   2.04e-27
  1.6877e+06   1.86e-27
  1.7469e+06   1.70e-27
  1.8081e+06   1.55e-27
  1.8715e+06   1.42e-27
  1.9370e+06   1.29e-27
  2.0049e+06   1.18e-27
  2.0752e+06   1.07e-27
  2.1479e+06   9.73e-28
  2.2232e+06   8.86e-28
  2.3011e+06   8.06e-28
  2.3817e+06   7.30e-28
  2.4652e+06   6.62e-28
  2.5516e+06   6.01e-28
  2.6410e+06   5.44e-28
  2.7336e+06   4.91e-28
  2.8294e+06   4.44e-28
  2.9285e+06   4.01e-28
  3.0311e+06   3.60e-28
  3.1374e+06   3.25e-28
  3.2473e+06   2.92e-28
  3.3611e+06   2.62e-28
  3.4789e+06   2.35e-28
  3.6008e+06   2.11e-28
  3.7270e+06   1.88e-28
  3.8576e+06   1.68e-28
  3.9928e+06   1.50e-28
  4.1327e+06   1.34e-28
  4.2775e+06   1.18e-28
  4.4274e+06   1.06e-28
  4.5826e+06   9.37e-29
  4.7432e+06   8.27e-29
  4.9094e+06   7.30e-29
  5.0815e+06   6.46e-29
  5.2595e+06   5.68e-29
  5.4438e+06   4.97e-29
  5.6346e+06   4.38e-29
  5.8321e+06   3.83e-29
  6.0365e+06   3.32e-29
  6.2480e+06   2.91e-29
  6.4670e+06   2.53e-29
  6.6936e+06   2.18e-29
  6.9282e+06   1.89e-29
  7.1709e+06   1.63e-29
  7.4222e+06   1.40e-29
  7.6823e+06   1.19e-29
  7.9516e+06   1.03e-29
  8.2302e+06   8.75e-30
  8.5186e+06   7.37e-30
  8.8172e+06   6.26e-30
  9.1262e+06   5.29e-30
  9.4460e+06   4.42e-30
  9.7770e+06   3.68e-30
  1.0120e+07   3.08e-30
  1.0474e+07   2.54e-30
  1.0841e+07   2.08e-30
  1.1221e+07   1.71e-30
  1.1614e+07   1.39e-30
  1.2022e+07   1.12e-30
  1.2443e+07   8.98e-31
  1.2879e+07   7.15e-31
  1.3330e+07   5.59e-31
  1.3797e+07   4.34e-31
  1.4281e+07   3.37e-31
  1.4781e+07   2.57e-31
  1.5299e+07   1.91e-31
  1.5835e+07   1.44e-31
  1.6390e+07   1.06e-31
  1.6965e+07   7.59e-32
  1.7559e+07   5.44e-32
  1.8175e+07   3.82e-32
  1.8812e+07   2.61e-32
  1.9471e+07   1.74e-32
  2.0153e+07   1.14e-32
  2.0859e+07   7.16e-33
  2.1590e+07   4.31e-33
  2.2347e+07   2.52e-33
  2.3130e+07   1.40e-33
  2.3941e+07   7.22e-34
  2.4780e+07   3.50e-34
  2.5648e+07   1.56e-34
  2.6547e+07   6.29e-35
  2.7477e+07   2.26e-35
  2.8440e+07   7.07e-36
