#  E [MeV]   Flux [# cm^{-2} s^{-1}  MeV^{-1}]
  3.0000e+04   5.48e-26
  3.0962e+04   5.27e-26
  3.1955e+04   5.07e-26
  3.2979e+04   4.88e-26
  3.4037e+04   4.70e-26
  3.5128e+04   4.52e-26
  3.6254e+04   4.35e-26
  3.7417e+04   4.18e-26
  3.8616e+04   4.02e-26
  3.9855e+04   3.87e-26
  4.1132e+04   3.72e-26
  4.2451e+04   3.57e-26
  4.3812e+04   3.43e-26
  4.5217e+04   3.30e-26
  4.6667e+04   3.17e-26
  4.8163e+04   3.04e-26
  4.9707e+04   2.92e-26
  5.1301e+04   2.80e-26
  5.2946e+04   2.69e-26
  5.4644e+04   2.58e-26
  5.6396e+04   2.48e-26
  5.8204e+04   2.38e-26
  6.0070e+04   2.28e-26
  6.1996e+04   2.18e-26
  6.3984e+04   2.09e-26
  6.6035e+04   2.01e-26
  6.8153e+04   1.92e-26
  7.0338e+04   1.84e-26
  7.2593e+04   1.76e-26
  7.4921e+04   1.69e-26
  7.7323e+04   1.62e-26
  7.9802e+04   1.55e-26
  8.2361e+04   1.48e-26
  8.5002e+04   1.42e-26
  8.7727e+04   1.36e-26
  9.0540e+04   1.30e-26
  9.3443e+04   1.24e-26
  9.6439e+04   1.19e-26
  9.9531e+04   1.13e-26
  1.0272e+05   1.08e-26
  1.0602e+05   1.03e-26
  1.0942e+05   9.88e-27
  1.1292e+05   9.44e-27
  1.1654e+05   9.01e-27
  1.2028e+05   8.60e-27
  1.2414e+05   8.21e-27
  1.2812e+05   7.83e-27
  1.3223e+05   7.47e-27
  1.3646e+05   7.13e-27
  1.4084e+05   6.80e-27
  1.4536e+05   6.48e-27
  1.5002e+05   6.18e-27
  1.5483e+05   5.89e-27
  1.5979e+05   5.61e-27
  1.6491e+05   5.35e-27
  1.7020e+05   5.09e-27
  1.7566e+05   4.85e-27
  1.8129e+05   4.61e-27
  1.8710e+05   4.39e-27
  1.9310e+05   4.18e-27
  1.9929e+05   3.97e-27
  2.0568e+05   3.78e-27
  2.1228e+05   3.59e-27
  2.1909e+05   3.42e-27
  2.2611e+05   3.25e-27
  2.3336e+05   3.08e-27
  2.4084e+05   2.93e-27
  2.4856e+05   2.78e-27
  2.5653e+05   2.64e-27
  2.6476e+05   2.51e-27
  2.7325e+05   2.38e-27
  2.8201e+05   2.26e-27
  2.9105e+05   2.14e-27
  3.0038e+05   2.03e-27
  3.1002e+05   1.92e-27
  3.1996e+05   1.82e-27
  3.3021e+05   1.72e-27
  3.4080e+05   1.63e-27
  3.5173e+05   1.54e-27
  3.6301e+05   1.46e-27
  3.7465e+05   1.38e-27
  3.8666e+05   1.31e-27
  3.9905e+05   1.24e-27
  4.1185e+05   1.17e-27
  4.2506e+05   1.10e-27
  4.3868e+05   1.04e-27
  4.5275e+05   9.84e-28
  4.6727e+05   9.29e-28
  4.8225e+05   8.76e-28
  4.9771e+05   8.27e-28
  5.1367e+05   7.80e-28
  5.3014e+05   7.36e-28
  5.4714e+05   6.94e-28
  5.6468e+05   6.55e-28
  5.8278e+05   6.17e-28
  6.0147e+05   5.82e-28
  6.2075e+05   5.49e-28
  6.4066e+05   5.17e-28
  6.6120e+05   4.88e-28
  6.8240e+05   4.60e-28
  7.0428e+05   4.33e-28
  7.2686e+05   4.09e-28
  7.5017e+05   3.85e-28
  7.7422e+05   3.64e-28
  7.9904e+05   3.43e-28
  8.2466e+05   3.24e-28
  8.5110e+05   3.05e-28
  8.7839e+05   2.88e-28
  9.0656e+05   2.72e-28
  9.3562e+05   2.57e-28
  9.6562e+05   2.43e-28
  9.9658e+05   2.30e-28
  1.0285e+06   2.17e-28
  1.0615e+06   2.05e-28
  1.0956e+06   1.94e-28
  1.1307e+06   1.84e-28
  1.1669e+06   1.74e-28
  1.2043e+06   1.65e-28
  1.2430e+06   1.56e-28
  1.2828e+06   1.48e-28
  1.3239e+06   1.40e-28
  1.3664e+06   1.33e-28
  1.4102e+06   1.27e-28
  1.4554e+06   1.20e-28
  1.5021e+06   1.14e-28
  1.5502e+06   1.09e-28
  1.6000e+06   1.03e-28
  1.6513e+06   9.82e-29
  1.7042e+06   9.35e-29
  1.7588e+06   8.90e-29
  1.8152e+06   8.47e-29
  1.8734e+06   8.07e-29
  1.9335e+06   7.69e-29
  1.9955e+06   7.33e-29
  2.0595e+06   6.98e-29
  2.1255e+06   6.65e-29
  2.1937e+06   6.34e-29
  2.2640e+06   6.05e-29
  2.3366e+06   5.77e-29
  2.4115e+06   5.50e-29
  2.4888e+06   5.25e-29
  2.5686e+06   5.01e-29
  2.6510e+06   4.78e-29
  2.7360e+06   4.55e-29
  2.8237e+06   4.34e-29
  2.9142e+06   4.14e-29
  3.0077e+06   3.95e-29
  3.1041e+06   3.76e-29
  3.2036e+06   3.59e-29
  3.3064e+06   3.42e-29
  3.4124e+06   3.25e-29
  3.5218e+06   3.10e-29
  3.6347e+06   2.95e-29
  3.7512e+06   2.80e-29
  3.8715e+06   2.67e-29
  3.9957e+06   2.53e-29
  4.1238e+06   2.40e-29
  4.2560e+06   2.28e-29
  4.3924e+06   2.16e-29
  4.5333e+06   2.04e-29
  4.6786e+06   1.93e-29
  4.8286e+06   1.83e-29
  4.9835e+06   1.72e-29
  5.1433e+06   1.63e-29
  5.3082e+06   1.53e-29
  5.4784e+06   1.44e-29
  5.6540e+06   1.35e-29
  5.8353e+06   1.27e-29
  6.0224e+06   1.19e-29
  6.2155e+06   1.11e-29
  6.4148e+06   1.04e-29
  6.6205e+06   9.67e-30
  6.8327e+06   8.99e-30
  7.0518e+06   8.34e-30
  7.2779e+06   7.72e-30
  7.5113e+06   7.13e-30
  7.7521e+06   6.57e-30
  8.0007e+06   6.03e-30
  8.2572e+06   5.52e-30
  8.5219e+06   5.04e-30
  8.7952e+06   4.59e-30
  9.0772e+06   4.16e-30
  9.3682e+06   3.76e-30
  9.6686e+06   3.38e-30
  9.9786e+06   3.03e-30
  1.0299e+07   2.70e-30
  1.0629e+07   2.39e-30
  1.0970e+07   2.11e-30
  1.1321e+07   1.85e-30
  1.1684e+07   1.61e-30
  1.2059e+07   1.39e-30
  1.2446e+07   1.19e-30
  1.2845e+07   1.01e-30
  1.3256e+07   8.54e-31
  1.3681e+07   7.11e-31
  1.4120e+07   5.85e-31
  1.4573e+07   4.76e-31
  1.5040e+07   3.81e-31
  1.5522e+07   3.03e-31
  1.6020e+07   2.37e-31
