#  E [MeV]   Flux [# cm^{-2} s^{-1}  MeV^{-1}]
  3.0000e+04   1.56e-25
  3.1141e+04   1.50e-25
  3.2326e+04   1.44e-25
  3.3556e+04   1.39e-25
  3.4832e+04   1.33e-25
  3.6157e+04   1.28e-25
  3.7533e+04   1.23e-25
  3.8961e+04   1.18e-25
  4.0443e+04   1.14e-25
  4.1982e+04   1.09e-25
  4.3579e+04   1.05e-25
  4.5237e+04   1.01e-25
  4.6958e+04   9.66e-26
  4.8744e+04   9.28e-26
  5.0598e+04   8.90e-26
  5.2523e+04   8.55e-26
  5.4521e+04   8.20e-26
  5.6596e+04   7.87e-26
  5.8749e+04   7.56e-26
  6.0984e+04   7.25e-26
  6.3304e+04   6.95e-26
  6.5712e+04   6.67e-26
  6.8212e+04   6.40e-26
  7.0807e+04   6.14e-26
  7.3500e+04   5.88e-26
  7.6297e+04   5.64e-26
  7.9199e+04   5.40e-26
  8.2212e+04   5.18e-26
  8.5340e+04   4.96e-26
  8.8586e+04   4.75e-26
  9.1956e+04   4.55e-26
  9.5455e+04   4.36e-26
  9.9086e+04   4.17e-26
  1.0286e+05   3.99e-26
  1.0677e+05   3.82e-26
  1.1083e+05   3.65e-26
  1.1505e+05   3.49e-26
  1.1942e+05   3.34e-26
  1.2397e+05   3.19e-26
  1.2868e+05   3.05e-26
  1.3358e+05   2.91e-26
  1.3866e+05   2.78e-26
  1.4394e+05   2.65e-26
  1.4941e+05   2.53e-26
  1.5509e+05   2.41e-26
  1.6100e+05   2.30e-26
  1.6712e+05   2.19e-26
  1.7348e+05   2.09e-26
  1.8008e+05   1.99e-26
  1.8693e+05   1.89e-26
  1.9404e+05   1.80e-26
  2.0142e+05   1.71e-26
  2.0908e+05   1.62e-26
  2.1704e+05   1.54e-26
  2.2529e+05   1.46e-26
  2.3387e+05   1.38e-26
  2.4276e+05   1.31e-26
  2.5200e+05   1.24e-26
  2.6158e+05   1.17e-26
  2.7154e+05   1.11e-26
  2.8187e+05   1.05e-26
  2.9259e+05   9.90e-27
  3.0372e+05   9.34e-27
  3.1527e+05   8.80e-27
  3.2727e+05   8.28e-27
  3.3972e+05   7.79e-27
  3.5264e+05   7.32e-27
  3.6606e+05   6.87e-27
  3.7998e+05   6.45e-27
  3.9444e+05   6.04e-27
  4.0945e+05   5.66e-27
  4.2502e+05   5.29e-27
  4.4119e+05   4.94e-27
  4.5798e+05   4.62e-27
  4.7540e+05   4.31e-27
  4.9348e+05   4.01e-27
  5.1226e+05   3.74e-27
  5.3175e+05   3.48e-27
  5.5198e+05   3.23e-27
  5.7297e+05   3.00e-27
  5.9477e+05   2.79e-27
  6.1740e+05   2.58e-27
  6.4089e+05   2.39e-27
  6.6527e+05   2.22e-27
  6.9058e+05   2.05e-27
  7.1685e+05   1.90e-27
  7.4412e+05   1.75e-27
  7.7243e+05   1.62e-27
  8.0181e+05   1.49e-27
  8.3232e+05   1.38e-27
  8.6398e+05   1.27e-27
  8.9685e+05   1.17e-27
  9.3097e+05   1.08e-27
  9.6638e+05   9.97e-28
  1.0031e+06   9.19e-28
  1.0413e+06   8.46e-28
  1.0809e+06   7.79e-28
  1.1220e+06   7.17e-28
  1.1647e+06   6.60e-28
  1.2090e+06   6.07e-28
  1.2550e+06   5.59e-28
  1.3028e+06   5.13e-28
  1.3523e+06   4.71e-28
  1.4038e+06   4.33e-28
  1.4572e+06   3.98e-28
  1.5126e+06   3.65e-28
  1.5702e+06   3.36e-28
  1.6299e+06   3.08e-28
  1.6919e+06   2.82e-28
  1.7563e+06   2.59e-28
  1.8231e+06   2.37e-28
  1.8925e+06   2.17e-28
  1.9645e+06   1.99e-28
  2.0392e+06   1.82e-28
  2.1168e+06   1.66e-28
  2.1973e+06   1.52e-28
  2.2809e+06   1.39e-28
  2.3677e+06   1.27e-28
  2.4577e+06   1.16e-28
  2.5512e+06   1.05e-28
  2.6483e+06   9.59e-29
  2.7490e+06   8.72e-29
  2.8536e+06   7.92e-29
  2.9622e+06   7.18e-29
  3.0749e+06   6.50e-29
  3.1918e+06   5.89e-29
  3.3133e+06   5.31e-29
  3.4393e+06   4.79e-29
  3.5702e+06   4.33e-29
  3.7060e+06   3.89e-29
  3.8470e+06   3.49e-29
  3.9933e+06   3.13e-29
  4.1452e+06   2.80e-29
  4.3029e+06   2.50e-29
  4.4666e+06   2.23e-29
  4.6366e+06   1.99e-29
  4.8129e+06   1.76e-29
  4.9960e+06   1.56e-29
  5.1861e+06   1.38e-29
  5.3834e+06   1.21e-29
  5.5882e+06   1.07e-29
  5.8008e+06   9.35e-30
  6.0215e+06   8.13e-30
  6.2506e+06   7.11e-30
  6.4883e+06   6.17e-30
  6.7352e+06   5.31e-30
  6.9914e+06   4.60e-30
  7.2574e+06   3.95e-30
  7.5335e+06   3.36e-30
  7.8201e+06   2.87e-30
  8.1176e+06   2.43e-30
  8.4264e+06   2.04e-30
  8.7470e+06   1.71e-30
  9.0797e+06   1.43e-30
  9.4251e+06   1.18e-30
  9.7837e+06   9.71e-31
  1.0156e+07   7.93e-31
  1.0542e+07   6.39e-31
  1.0943e+07   5.13e-31
  1.1360e+07   4.09e-31
  1.1792e+07   3.20e-31
  1.2240e+07   2.49e-31
  1.2706e+07   1.92e-31
  1.3189e+07   1.45e-31
  1.3691e+07   1.08e-31
  1.4212e+07   7.93e-32
  1.4753e+07   5.68e-32
  1.5314e+07   3.99e-32
  1.5897e+07   2.76e-32
  1.6501e+07   1.85e-32
  1.7129e+07   1.20e-32
  1.7781e+07   7.61e-33
  1.8457e+07   4.61e-33
  1.9159e+07   2.66e-33
  1.9888e+07   1.49e-33
  2.0645e+07   7.78e-34
  2.1430e+07   3.79e-34
  2.2245e+07   1.74e-34
  2.3092e+07   7.29e-35
  2.3970e+07   2.73e-35
  2.4882e+07   9.33e-36
  2.5829e+07   2.75e-36
  2.6811e+07   6.84e-37
  2.7831e+07   1.44e-37
  2.8890e+07   2.41e-38
  2.9989e+07   3.04e-39
  3.1130e+07   2.84e-40
  3.2314e+07   1.79e-41
  3.3544e+07   6.93e-43
  3.4820e+07   1.53e-44
  3.6144e+07   1.65e-46
  3.7519e+07   7.27e-49
  3.8947e+07   1.08e-51
  4.0428e+07   4.01e-55
  4.1966e+07   2.55e-59
  4.3563e+07   1.74e-64
  4.5220e+07   6.70e-71
  4.6941e+07   2.41e-72
  4.8726e+07   2.24e-72
  5.0580e+07   2.10e-72
