#  E [GeV]   # per interaction  [GeV^{-1}]
  3.0000e+01   2.36e-02
  3.1033e+01   2.28e-02
  3.2102e+01   2.20e-02
  3.3207e+01   2.11e-02
  3.4350e+01   2.04e-02
  3.5533e+01   1.96e-02
  3.6757e+01   1.89e-02
  3.8022e+01   1.82e-02
  3.9332e+01   1.75e-02
  4.0686e+01   1.68e-02
  4.2087e+01   1.62e-02
  4.3536e+01   1.56e-02
  4.5035e+01   1.50e-02
  4.6586e+01   1.44e-02
  4.8190e+01   1.39e-02
  4.9850e+01   1.33e-02
  5.1566e+01   1.28e-02
  5.3342e+01   1.23e-02
  5.5178e+01   1.19e-02
  5.7078e+01   1.14e-02
  5.9044e+01   1.10e-02
  6.1077e+01   1.05e-02
  6.3180e+01   1.01e-02
  6.5356e+01   9.72e-03
  6.7606e+01   9.33e-03
  6.9934e+01   8.97e-03
  7.2342e+01   8.61e-03
  7.4833e+01   8.27e-03
  7.7410e+01   7.94e-03
  8.0075e+01   7.63e-03
  8.2833e+01   7.32e-03
  8.5685e+01   7.03e-03
  8.8635e+01   6.75e-03
  9.1687e+01   6.48e-03
  9.4844e+01   6.22e-03
  9.8110e+01   5.98e-03
  1.0149e+02   5.74e-03
  1.0498e+02   5.51e-03
  1.0860e+02   5.29e-03
  1.1234e+02   5.08e-03
  1.1621e+02   4.88e-03
  1.2021e+02   4.68e-03
  1.2435e+02   4.49e-03
  1.2863e+02   4.32e-03
  1.3306e+02   4.15e-03
  1.3764e+02   3.98e-03
  1.4238e+02   3.83e-03
  1.4728e+02   3.68e-03
  1.5235e+02   3.53e-03
  1.5760e+02   3.39e-03
  1.6302e+02   3.26e-03
  1.6864e+02   3.14e-03
  1.7445e+02   3.02e-03
  1.8045e+02   2.90e-03
  1.8667e+02   2.79e-03
  1.9309e+02   2.68e-03
  1.9974e+02   2.58e-03
  2.0662e+02   2.49e-03
  2.1373e+02   2.40e-03
  2.2109e+02   2.31e-03
  2.2871e+02   2.22e-03
  2.3658e+02   2.14e-03
  2.4473e+02   2.06e-03
  2.5316e+02   1.99e-03
  2.6187e+02   1.92e-03
  2.7089e+02   1.85e-03
  2.8022e+02   1.79e-03
  2.8987e+02   1.73e-03
  2.9985e+02   1.67e-03
  3.1017e+02   1.61e-03
  3.2085e+02   1.56e-03
  3.3190e+02   1.50e-03
  3.4333e+02   1.45e-03
  3.5515e+02   1.41e-03
  3.6738e+02   1.36e-03
  3.8003e+02   1.32e-03
  3.9312e+02   1.28e-03
  4.0665e+02   1.24e-03
  4.2066e+02   1.20e-03
  4.3514e+02   1.16e-03
  4.5013e+02   1.13e-03
  4.6562e+02   1.09e-03
  4.8166e+02   1.06e-03
  4.9824e+02   1.03e-03
  5.1540e+02   9.99e-04
  5.3315e+02   9.70e-04
  5.5150e+02   9.42e-04
  5.7050e+02   9.15e-04
  5.9014e+02   8.89e-04
  6.1046e+02   8.64e-04
  6.3148e+02   8.40e-04
  6.5322e+02   8.17e-04
  6.7572e+02   7.95e-04
  6.9898e+02   7.73e-04
  7.2305e+02   7.52e-04
  7.4795e+02   7.32e-04
  7.7371e+02   7.13e-04
  8.0035e+02   6.94e-04
  8.2791e+02   6.75e-04
  8.5641e+02   6.58e-04
  8.8590e+02   6.40e-04
  9.1641e+02   6.23e-04
  9.4796e+02   6.07e-04
  9.8061e+02   5.91e-04
  1.0144e+03   5.76e-04
  1.0493e+03   5.61e-04
  1.0854e+03   5.47e-04
  1.1228e+03   5.33e-04
  1.1615e+03   5.19e-04
  1.2015e+03   5.06e-04
  1.2428e+03   4.93e-04
  1.2856e+03   4.80e-04
  1.3299e+03   4.68e-04
  1.3757e+03   4.56e-04
  1.4231e+03   4.44e-04
  1.4721e+03   4.32e-04
  1.5228e+03   4.21e-04
  1.5752e+03   4.10e-04
  1.6294e+03   3.99e-04
  1.6855e+03   3.88e-04
  1.7436e+03   3.78e-04
  1.8036e+03   3.67e-04
  1.8657e+03   3.57e-04
  1.9300e+03   3.47e-04
  1.9964e+03   3.37e-04
  2.0652e+03   3.28e-04
  2.1363e+03   3.18e-04
  2.2098e+03   3.09e-04
  2.2859e+03   3.00e-04
  2.3646e+03   2.91e-04
  2.4461e+03   2.82e-04
  2.5303e+03   2.73e-04
  2.6174e+03   2.65e-04
  2.7075e+03   2.56e-04
  2.8008e+03   2.48e-04
  2.8972e+03   2.40e-04
  2.9970e+03   2.32e-04
  3.1002e+03   2.24e-04
  3.2069e+03   2.16e-04
  3.3173e+03   2.09e-04
  3.4316e+03   2.01e-04
  3.5497e+03   1.94e-04
  3.6720e+03   1.86e-04
  3.7984e+03   1.79e-04
  3.9292e+03   1.73e-04
  4.0645e+03   1.66e-04
  4.2044e+03   1.59e-04
  4.3492e+03   1.52e-04
  4.4990e+03   1.46e-04
  4.6539e+03   1.39e-04
  4.8141e+03   1.33e-04
  4.9799e+03   1.27e-04
  5.1514e+03   1.21e-04
  5.3288e+03   1.15e-04
  5.5123e+03   1.10e-04
  5.7021e+03   1.04e-04
  5.8984e+03   9.85e-05
  6.1015e+03   9.32e-05
  6.3116e+03   8.82e-05
  6.5289e+03   8.31e-05
  6.7538e+03   7.83e-05
  6.9863e+03   7.37e-05
  7.2269e+03   6.91e-05
  7.4757e+03   6.48e-05
  7.7331e+03   6.06e-05
  7.9994e+03   5.66e-05
  8.2749e+03   5.27e-05
  8.5598e+03   4.90e-05
  8.8546e+03   4.55e-05
  9.1594e+03   4.21e-05
  9.4748e+03   3.89e-05
  9.8011e+03   3.58e-05
  1.0139e+04   3.28e-05
  1.0488e+04   3.00e-05
  1.0849e+04   2.73e-05
  1.1222e+04   2.48e-05
  1.1609e+04   2.25e-05
  1.2009e+04   2.02e-05
  1.2422e+04   1.82e-05
  1.2850e+04   1.63e-05
  1.3292e+04   1.45e-05
  1.3750e+04   1.28e-05
  1.4223e+04   1.13e-05
  1.4713e+04   9.99e-06
  1.5220e+04   8.74e-06
  1.5744e+04   7.58e-06
  1.6286e+04   6.58e-06
  1.6847e+04   5.66e-06
  1.7427e+04   4.82e-06
  1.8027e+04   4.10e-06
  1.8648e+04   3.47e-06
  1.9290e+04   2.90e-06
  1.9954e+04   2.40e-06
  2.0641e+04   2.01e-06
  2.1352e+04   1.66e-06
  2.2087e+04   1.34e-06
  2.2848e+04   1.11e-06
  2.3634e+04   9.09e-07
  2.4448e+04   7.32e-07
  2.5290e+04   5.92e-07
