#  E [GeV]   # per interaction  [GeV^{-1}]
  3.0000e+01   6.83e-01
  3.1232e+01   6.53e-01
  3.2514e+01   6.24e-01
  3.3849e+01   5.97e-01
  3.5238e+01   5.70e-01
  3.6685e+01   5.45e-01
  3.8191e+01   5.21e-01
  3.9759e+01   4.97e-01
  4.1391e+01   4.75e-01
  4.3090e+01   4.54e-01
  4.4859e+01   4.34e-01
  4.6701e+01   4.14e-01
  4.8618e+01   3.95e-01
  5.0614e+01   3.77e-01
  5.2692e+01   3.60e-01
  5.4855e+01   3.44e-01
  5.7107e+01   3.28e-01
  5.9451e+01   3.13e-01
  6.1892e+01   2.99e-01
  6.4433e+01   2.85e-01
  6.7078e+01   2.72e-01
  6.9832e+01   2.60e-01
  7.2699e+01   2.48e-01
  7.5683e+01   2.36e-01
  7.8790e+01   2.25e-01
  8.2025e+01   2.15e-01
  8.5392e+01   2.05e-01
  8.8898e+01   1.95e-01
  9.2547e+01   1.86e-01
  9.6347e+01   1.77e-01
  1.0030e+02   1.69e-01
  1.0442e+02   1.61e-01
  1.0871e+02   1.53e-01
  1.1317e+02   1.46e-01
  1.1782e+02   1.39e-01
  1.2265e+02   1.32e-01
  1.2769e+02   1.26e-01
  1.3293e+02   1.19e-01
  1.3839e+02   1.13e-01
  1.4407e+02   1.08e-01
  1.4998e+02   1.02e-01
  1.5614e+02   9.73e-02
  1.6255e+02   9.24e-02
  1.6922e+02   8.77e-02
  1.7617e+02   8.32e-02
  1.8340e+02   7.89e-02
  1.9093e+02   7.47e-02
  1.9877e+02   7.08e-02
  2.0693e+02   6.71e-02
  2.1543e+02   6.35e-02
  2.2427e+02   6.00e-02
  2.3348e+02   5.68e-02
  2.4306e+02   5.36e-02
  2.5304e+02   5.06e-02
  2.6343e+02   4.78e-02
  2.7424e+02   4.51e-02
  2.8550e+02   4.24e-02
  2.9722e+02   3.99e-02
  3.0942e+02   3.76e-02
  3.2213e+02   3.53e-02
  3.3535e+02   3.32e-02
  3.4912e+02   3.11e-02
  3.6345e+02   2.92e-02
  3.7837e+02   2.73e-02
  3.9390e+02   2.56e-02
  4.1008e+02   2.39e-02
  4.2691e+02   2.23e-02
  4.4444e+02   2.08e-02
  4.6268e+02   1.94e-02
  4.8168e+02   1.81e-02
  5.0145e+02   1.68e-02
  5.2204e+02   1.57e-02
  5.4347e+02   1.46e-02
  5.6578e+02   1.35e-02
  5.8901e+02   1.25e-02
  6.1319e+02   1.16e-02
  6.3836e+02   1.08e-02
  6.6457e+02   9.95e-03
  6.9185e+02   9.20e-03
  7.2025e+02   8.51e-03
  7.4982e+02   7.86e-03
  7.8061e+02   7.26e-03
  8.1265e+02   6.70e-03
  8.4601e+02   6.18e-03
  8.8075e+02   5.70e-03
  9.1690e+02   5.26e-03
  9.5455e+02   4.85e-03
  9.9373e+02   4.47e-03
  1.0345e+03   4.12e-03
  1.0770e+03   3.80e-03
  1.1212e+03   3.50e-03
  1.1672e+03   3.22e-03
  1.2152e+03   2.97e-03
  1.2650e+03   2.74e-03
  1.3170e+03   2.52e-03
  1.3711e+03   2.32e-03
  1.4273e+03   2.14e-03
  1.4859e+03   1.97e-03
  1.5469e+03   1.82e-03
  1.6104e+03   1.67e-03
  1.6766e+03   1.54e-03
  1.7454e+03   1.42e-03
  1.8170e+03   1.31e-03
  1.8916e+03   1.20e-03
  1.9693e+03   1.11e-03
  2.0501e+03   1.02e-03
  2.1343e+03   9.39e-04
  2.2219e+03   8.63e-04
  2.3131e+03   7.93e-04
  2.4081e+03   7.28e-04
  2.5070e+03   6.68e-04
  2.6099e+03   6.13e-04
  2.7170e+03   5.62e-04
  2.8286e+03   5.14e-04
  2.9447e+03   4.70e-04
  3.0656e+03   4.30e-04
  3.1914e+03   3.93e-04
  3.3225e+03   3.58e-04
  3.4589e+03   3.26e-04
  3.6008e+03   2.96e-04
  3.7487e+03   2.69e-04
  3.9026e+03   2.44e-04
  4.0628e+03   2.21e-04
  4.2296e+03   1.99e-04
  4.4032e+03   1.80e-04
  4.5840e+03   1.62e-04
  4.7722e+03   1.45e-04
  4.9681e+03   1.30e-04
  5.1720e+03   1.16e-04
  5.3844e+03   1.03e-04
  5.6054e+03   9.18e-05
  5.8355e+03   8.12e-05
  6.0751e+03   7.17e-05
  6.3245e+03   6.31e-05
  6.5841e+03   5.53e-05
  6.8544e+03   4.82e-05
  7.1358e+03   4.20e-05
  7.4288e+03   3.63e-05
  7.7338e+03   3.12e-05
  8.0513e+03   2.68e-05
  8.3818e+03   2.27e-05
  8.7259e+03   1.93e-05
  9.0841e+03   1.62e-05
  9.4571e+03   1.34e-05
  9.8453e+03   1.11e-05
  1.0249e+04   9.13e-06
  1.0670e+04   7.39e-06
  1.1108e+04   5.95e-06
  1.1564e+04   4.72e-06
  1.2039e+04   3.69e-06
  1.2533e+04   2.85e-06
  1.3048e+04   2.16e-06
  1.3584e+04   1.61e-06
  1.4141e+04   1.18e-06
  1.4722e+04   8.42e-07
  1.5326e+04   5.86e-07
  1.5955e+04   3.98e-07
  1.6610e+04   2.60e-07
  1.7292e+04   1.64e-07
  1.8002e+04   9.93e-08
  1.8741e+04   5.70e-08
  1.9511e+04   3.11e-08
  2.0312e+04   1.59e-08
  2.1145e+04   7.51e-09
  2.2013e+04   3.27e-09
  2.2917e+04   1.28e-09
  2.3858e+04   4.44e-10
  2.4837e+04   1.34e-10
  2.5857e+04   3.43e-11
  2.6919e+04   7.11e-12
  2.8024e+04   1.17e-12
  2.9174e+04   1.43e-13
  3.0372e+04   1.22e-14
  3.1619e+04   6.80e-16
  3.2917e+04   2.22e-17
  3.4268e+04   3.75e-19
  3.5675e+04   2.80e-21
  3.7140e+04   7.45e-24
  3.8664e+04   5.40e-27
  4.0252e+04   7.45e-31
  4.1904e+04   1.21e-35
  4.3624e+04   1.24e-41
  4.5415e+04   1.70e-46
  4.7280e+04   1.62e-46
  4.9221e+04   1.57e-46
  5.1241e+04   1.52e-46
  5.3345e+04   1.48e-46
  5.5535e+04   1.48e-46
  5.7815e+04   1.48e-46
  6.0188e+04   1.48e-46
  6.2659e+04   1.54e-46
  6.5232e+04   1.60e-46
  6.7910e+04   1.69e-46
  7.0698e+04   1.91e-46
  7.3600e+04   2.11e-46
  7.6621e+04   2.60e-46
  7.9767e+04   3.53e-46
  8.3042e+04   4.39e-46
  8.6451e+04   5.87e-46
  9.0000e+04   7.85e-46
