#  E [MeV]   Flux [# cm^{-2} s^{-1}  MeV^{-1}]
  3.0000e+04   1.16e-19
  3.0501e+04   1.12e-19
  3.1010e+04   1.09e-19
  3.1528e+04   1.05e-19
  3.2055e+04   1.02e-19
  3.2590e+04   9.87e-20
  3.3134e+04   9.56e-20
  3.3688e+04   9.25e-20
  3.4250e+04   8.96e-20
  3.4822e+04   8.67e-20
  3.5404e+04   8.39e-20
  3.5995e+04   8.12e-20
  3.6596e+04   7.86e-20
  3.7207e+04   7.60e-20
  3.7829e+04   7.35e-20
  3.8460e+04   7.11e-20
  3.9103e+04   6.87e-20
  3.9756e+04   6.64e-20
  4.0420e+04   6.42e-20
  4.1095e+04   6.20e-20
  4.1781e+04   5.99e-20
  4.2479e+04   5.79e-20
  4.3188e+04   5.59e-20
  4.3909e+04   5.40e-20
  4.4642e+04   5.22e-20
  4.5388e+04   5.03e-20
  4.6146e+04   4.86e-20
  4.6917e+04   4.69e-20
  4.7700e+04   4.52e-20
  4.8497e+04   4.37e-20
  4.9307e+04   4.21e-20
  5.0130e+04   4.06e-20
  5.0967e+04   3.92e-20
  5.1818e+04   3.78e-20
  5.2684e+04   3.64e-20
  5.3563e+04   3.51e-20
  5.4458e+04   3.38e-20
  5.5367e+04   3.26e-20
  5.6292e+04   3.14e-20
  5.7232e+04   3.02e-20
  5.8188e+04   2.91e-20
  5.9160e+04   2.80e-20
  6.0148e+04   2.70e-20
  6.1152e+04   2.60e-20
  6.2173e+04   2.50e-20
  6.3212e+04   2.41e-20
  6.4267e+04   2.31e-20
  6.5340e+04   2.22e-20
  6.6432e+04   2.14e-20
  6.7541e+04   2.06e-20
  6.8669e+04   1.98e-20
  6.9816e+04   1.90e-20
  7.0982e+04   1.83e-20
  7.2167e+04   1.76e-20
  7.3372e+04   1.69e-20
  7.4598e+04   1.62e-20
  7.5843e+04   1.55e-20
  7.7110e+04   1.49e-20
  7.8398e+04   1.43e-20
  7.9707e+04   1.37e-20
  8.1038e+04   1.32e-20
  8.2391e+04   1.26e-20
  8.3767e+04   1.21e-20
  8.5166e+04   1.16e-20
  8.6588e+04   1.11e-20
  8.8034e+04   1.06e-20
  8.9505e+04   1.02e-20
  9.0999e+04   9.76e-21
  9.2519e+04   9.34e-21
  9.4064e+04   8.93e-21
  9.5635e+04   8.55e-21
  9.7232e+04   8.19e-21
  9.8856e+04   7.84e-21
  1.0051e+05   7.50e-21
  1.0219e+05   7.16e-21
  1.0389e+05   6.84e-21
  1.0563e+05   6.52e-21
  1.0739e+05   6.24e-21
  1.0918e+05   5.97e-21
  1.1101e+05   5.70e-21
  1.1286e+05   5.44e-21
  1.1475e+05   5.19e-21
  1.1666e+05   4.94e-21
  1.1861e+05   4.71e-21
  1.2059e+05   4.50e-21
  1.2260e+05   4.29e-21
  1.2465e+05   4.09e-21
  1.2673e+05   3.90e-21
  1.2885e+05   3.71e-21
  1.3100e+05   3.53e-21
  1.3319e+05   3.35e-21
  1.3541e+05   3.19e-21
  1.3768e+05   3.04e-21
  1.3997e+05   2.89e-21
  1.4231e+05   2.75e-21
  1.4469e+05   2.61e-21
  1.4711e+05   2.48e-21
  1.4956e+05   2.35e-21
  1.5206e+05   2.23e-21
  1.5460e+05   2.12e-21
  1.5718e+05   2.01e-21
  1.5981e+05   1.91e-21
  1.6247e+05   1.80e-21
  1.6519e+05   1.71e-21
  1.6795e+05   1.61e-21
  1.7075e+05   1.53e-21
  1.7360e+05   1.45e-21
  1.7650e+05   1.37e-21
  1.7945e+05   1.30e-21
  1.8245e+05   1.22e-21
  1.8549e+05   1.15e-21
  1.8859e+05   1.08e-21
  1.9174e+05   1.03e-21
  1.9494e+05   9.70e-22
  1.9820e+05   9.15e-22
  2.0151e+05   8.62e-22
  2.0487e+05   8.11e-22
  2.0829e+05   7.61e-22
  2.1177e+05   7.14e-22
  2.1531e+05   6.74e-22
  2.1890e+05   6.35e-22
  2.2256e+05   5.97e-22
  2.2628e+05   5.61e-22
  2.3006e+05   5.26e-22
  2.3390e+05   4.91e-22
  2.3780e+05   4.60e-22
  2.4178e+05   4.32e-22
  2.4581e+05   4.06e-22
  2.4992e+05   3.81e-22
  2.5409e+05   3.56e-22
  2.5833e+05   3.33e-22
  2.6265e+05   3.10e-22
  2.6704e+05   2.89e-22
  2.7149e+05   2.71e-22
  2.7603e+05   2.53e-22
  2.8064e+05   2.37e-22
  2.8532e+05   2.20e-22
  2.9009e+05   2.05e-22
  2.9493e+05   1.90e-22
  2.9986e+05   1.76e-22
  3.0487e+05   1.64e-22
  3.0996e+05   1.53e-22
  3.1513e+05   1.42e-22
  3.2040e+05   1.32e-22
  3.2575e+05   1.22e-22
  3.3119e+05   1.12e-22
  3.3672e+05   1.03e-22
  3.4234e+05   9.60e-23
  3.4806e+05   8.90e-23
  3.5387e+05   8.24e-23
  3.5978e+05   7.59e-23
  3.6579e+05   6.97e-23
  3.7190e+05   6.38e-23
  3.7811e+05   5.86e-23
  3.8442e+05   5.43e-23
  3.9084e+05   5.01e-23
  3.9737e+05   4.62e-23
  4.0401e+05   4.23e-23
  4.1075e+05   3.86e-23
  4.1761e+05   3.51e-23
  4.2459e+05   3.21e-23
  4.3168e+05   2.96e-23
  4.3889e+05   2.73e-23
  4.4622e+05   2.50e-23
  4.5367e+05   2.28e-23
  4.6124e+05   2.07e-23
  4.6895e+05   1.86e-23
  4.7678e+05   1.70e-23
  4.8474e+05   1.56e-23
  4.9283e+05   1.43e-23
  5.0107e+05   1.30e-23
  5.0943e+05   1.18e-23
  5.1794e+05   1.06e-23
  5.2659e+05   9.45e-24
  5.3538e+05   8.56e-24
  5.4432e+05   7.83e-24
  5.5342e+05   7.12e-24
  5.6266e+05   6.45e-24
  5.7205e+05   5.81e-24
  5.8161e+05   5.19e-24
  5.9132e+05   4.60e-24
  6.0119e+05   4.14e-24
  6.1123e+05   3.76e-24
  6.2144e+05   3.40e-24
  6.3182e+05   3.05e-24
  6.4237e+05   2.72e-24
  6.5310e+05   2.40e-24
  6.6401e+05   2.09e-24
  6.7509e+05   1.87e-24
  6.8637e+05   1.68e-24
  6.9783e+05   1.50e-24
  7.0948e+05   1.33e-24
  7.2133e+05   1.16e-24
  7.3338e+05   1.00e-24
  7.4563e+05   8.55e-25
  7.5808e+05   7.66e-25
  7.7074e+05   6.99e-25
  7.8361e+05   6.34e-25
  7.9670e+05   5.73e-25
  8.1000e+05   5.15e-25
