#  E [GeV]   # per interaction  [GeV^{-1}]
  3.0000e+01   2.63e-02
  3.1123e+01   2.53e-02
  3.2288e+01   2.44e-02
  3.3497e+01   2.34e-02
  3.4751e+01   2.25e-02
  3.6051e+01   2.17e-02
  3.7401e+01   2.08e-02
  3.8801e+01   2.00e-02
  4.0253e+01   1.92e-02
  4.1760e+01   1.85e-02
  4.3324e+01   1.77e-02
  4.4945e+01   1.70e-02
  4.6628e+01   1.63e-02
  4.8373e+01   1.57e-02
  5.0184e+01   1.50e-02
  5.2063e+01   1.44e-02
  5.4011e+01   1.38e-02
  5.6033e+01   1.32e-02
  5.8131e+01   1.27e-02
  6.0307e+01   1.22e-02
  6.2564e+01   1.16e-02
  6.4906e+01   1.12e-02
  6.7336e+01   1.07e-02
  6.9857e+01   1.02e-02
  7.2472e+01   9.78e-03
  7.5184e+01   9.36e-03
  7.7999e+01   8.95e-03
  8.0919e+01   8.55e-03
  8.3948e+01   8.18e-03
  8.7090e+01   7.81e-03
  9.0350e+01   7.46e-03
  9.3732e+01   7.13e-03
  9.7241e+01   6.81e-03
  1.0088e+02   6.49e-03
  1.0466e+02   6.20e-03
  1.0858e+02   5.91e-03
  1.1264e+02   5.64e-03
  1.1686e+02   5.37e-03
  1.2123e+02   5.12e-03
  1.2577e+02   4.88e-03
  1.3048e+02   4.65e-03
  1.3536e+02   4.43e-03
  1.4043e+02   4.21e-03
  1.4568e+02   4.01e-03
  1.5114e+02   3.81e-03
  1.5680e+02   3.62e-03
  1.6266e+02   3.45e-03
  1.6875e+02   3.27e-03
  1.7507e+02   3.11e-03
  1.8162e+02   2.95e-03
  1.8842e+02   2.80e-03
  1.9548e+02   2.66e-03
  2.0279e+02   2.52e-03
  2.1039e+02   2.39e-03
  2.1826e+02   2.26e-03
  2.2643e+02   2.14e-03
  2.3491e+02   2.03e-03
  2.4370e+02   1.92e-03
  2.5282e+02   1.82e-03
  2.6229e+02   1.72e-03
  2.7211e+02   1.62e-03
  2.8229e+02   1.53e-03
  2.9286e+02   1.45e-03
  3.0382e+02   1.36e-03
  3.1519e+02   1.29e-03
  3.2699e+02   1.21e-03
  3.3923e+02   1.14e-03
  3.5193e+02   1.08e-03
  3.6511e+02   1.01e-03
  3.7877e+02   9.52e-04
  3.9295e+02   8.95e-04
  4.0766e+02   8.42e-04
  4.2292e+02   7.90e-04
  4.3875e+02   7.42e-04
  4.5518e+02   6.96e-04
  4.7222e+02   6.53e-04
  4.8989e+02   6.12e-04
  5.0823e+02   5.74e-04
  5.2726e+02   5.37e-04
  5.4699e+02   5.03e-04
  5.6747e+02   4.71e-04
  5.8871e+02   4.41e-04
  6.1075e+02   4.12e-04
  6.3361e+02   3.85e-04
  6.5733e+02   3.60e-04
  6.8194e+02   3.36e-04
  7.0746e+02   3.14e-04
  7.3395e+02   2.94e-04
  7.6142e+02   2.74e-04
  7.8992e+02   2.56e-04
  8.1949e+02   2.39e-04
  8.5017e+02   2.24e-04
  8.8199e+02   2.09e-04
  9.1501e+02   1.95e-04
  9.4926e+02   1.82e-04
  9.8479e+02   1.70e-04
  1.0217e+03   1.59e-04
  1.0599e+03   1.49e-04
  1.0996e+03   1.39e-04
  1.1407e+03   1.30e-04
  1.1834e+03   1.22e-04
  1.2277e+03   1.14e-04
  1.2737e+03   1.07e-04
  1.3214e+03   9.98e-05
  1.3708e+03   9.35e-05
  1.4222e+03   8.76e-05
  1.4754e+03   8.21e-05
  1.5306e+03   7.70e-05
  1.5879e+03   7.22e-05
  1.6474e+03   6.78e-05
  1.7090e+03   6.36e-05
  1.7730e+03   5.97e-05
  1.8394e+03   5.61e-05
  1.9082e+03   5.27e-05
  1.9797e+03   4.96e-05
  2.0538e+03   4.66e-05
  2.1306e+03   4.38e-05
  2.2104e+03   4.13e-05
  2.2931e+03   3.88e-05
  2.3790e+03   3.66e-05
  2.4680e+03   3.44e-05
  2.5604e+03   3.25e-05
  2.6563e+03   3.06e-05
  2.7557e+03   2.88e-05
  2.8589e+03   2.72e-05
  2.9659e+03   2.56e-05
  3.0769e+03   2.41e-05
  3.1921e+03   2.28e-05
  3.3116e+03   2.15e-05
  3.4355e+03   2.02e-05
  3.5641e+03   1.91e-05
  3.6976e+03   1.80e-05
  3.8360e+03   1.70e-05
  3.9796e+03   1.60e-05
  4.1285e+03   1.51e-05
  4.2831e+03   1.42e-05
  4.4434e+03   1.34e-05
  4.6097e+03   1.26e-05
  4.7823e+03   1.18e-05
  4.9613e+03   1.11e-05
  5.1470e+03   1.05e-05
  5.3397e+03   9.83e-06
  5.5396e+03   9.23e-06
  5.7470e+03   8.66e-06
  5.9621e+03   8.11e-06
  6.1853e+03   7.58e-06
  6.4168e+03   7.09e-06
  6.6570e+03   6.62e-06
  6.9062e+03   6.16e-06
  7.1647e+03   5.73e-06
  7.4329e+03   5.32e-06
  7.7112e+03   4.93e-06
  7.9998e+03   4.56e-06
  8.2993e+03   4.20e-06
  8.6100e+03   3.86e-06
  8.9323e+03   3.54e-06
  9.2666e+03   3.24e-06
  9.6135e+03   2.95e-06
  9.9734e+03   2.67e-06
  1.0347e+04   2.41e-06
  1.0734e+04   2.17e-06
  1.1136e+04   1.94e-06
  1.1553e+04   1.72e-06
  1.1985e+04   1.52e-06
  1.2434e+04   1.33e-06
  1.2899e+04   1.16e-06
  1.3382e+04   9.95e-07
  1.3883e+04   8.49e-07
  1.4403e+04   7.16e-07
  1.4942e+04   5.97e-07
  1.5501e+04   4.90e-07
  1.6081e+04   3.97e-07
  1.6683e+04   3.16e-07
  1.7308e+04   2.46e-07
  1.7956e+04   1.88e-07
  1.8628e+04   1.39e-07
  1.9325e+04   1.01e-07
  2.0049e+04   7.05e-08
  2.0799e+04   4.75e-08
  2.1578e+04   3.06e-08
  2.2386e+04   1.88e-08
  2.3224e+04   1.09e-08
  2.4093e+04   5.90e-09
  2.4995e+04   2.95e-09
  2.5930e+04   1.35e-09
  2.6901e+04   5.54e-10
  2.7908e+04   2.00e-10
  2.8953e+04   6.20e-11
  3.0037e+04   1.60e-11
  3.1161e+04   3.33e-12
  3.2327e+04   5.33e-13
  3.3537e+04   6.21e-14
  3.4793e+04   4.90e-15
  3.6095e+04   2.40e-16
  3.7446e+04   6.51e-18
  3.8848e+04   8.50e-20
  4.0302e+04   4.43e-22
  4.1811e+04   7.28e-25
  4.3376e+04   2.75e-28
  4.5000e+04   1.60e-32
