#  E [GeV]   # per interaction  [GeV^{-1}]
  3.0000e+01   7.77e-01
  3.1232e+01   7.43e-01
  3.2514e+01   7.11e-01
  3.3849e+01   6.80e-01
  3.5238e+01   6.51e-01
  3.6685e+01   6.23e-01
  3.8191e+01   5.95e-01
  3.9759e+01   5.69e-01
  4.1391e+01   5.45e-01
  4.3090e+01   5.21e-01
  4.4859e+01   4.98e-01
  4.6701e+01   4.76e-01
  4.8618e+01   4.55e-01
  5.0614e+01   4.35e-01
  5.2692e+01   4.16e-01
  5.4855e+01   3.98e-01
  5.7107e+01   3.80e-01
  5.9451e+01   3.63e-01
  6.1892e+01   3.47e-01
  6.4433e+01   3.32e-01
  6.7078e+01   3.17e-01
  6.9832e+01   3.03e-01
  7.2699e+01   2.90e-01
  7.5683e+01   2.77e-01
  7.8790e+01   2.64e-01
  8.2025e+01   2.53e-01
  8.5392e+01   2.41e-01
  8.8898e+01   2.30e-01
  9.2547e+01   2.20e-01
  9.6347e+01   2.10e-01
  1.0030e+02   2.00e-01
  1.0442e+02   1.91e-01
  1.0871e+02   1.83e-01
  1.1317e+02   1.74e-01
  1.1782e+02   1.66e-01
  1.2265e+02   1.59e-01
  1.2769e+02   1.51e-01
  1.3293e+02   1.44e-01
  1.3839e+02   1.38e-01
  1.4407e+02   1.31e-01
  1.4998e+02   1.25e-01
  1.5614e+02   1.19e-01
  1.6255e+02   1.13e-01
  1.6922e+02   1.08e-01
  1.7617e+02   1.03e-01
  1.8340e+02   9.79e-02
  1.9093e+02   9.32e-02
  1.9877e+02   8.86e-02
  2.0693e+02   8.43e-02
  2.1543e+02   8.01e-02
  2.2427e+02   7.61e-02
  2.3348e+02   7.23e-02
  2.4306e+02   6.87e-02
  2.5304e+02   6.52e-02
  2.6343e+02   6.18e-02
  2.7424e+02   5.86e-02
  2.8550e+02   5.56e-02
  2.9722e+02   5.26e-02
  3.0942e+02   4.99e-02
  3.2213e+02   4.72e-02
  3.3535e+02   4.46e-02
  3.4912e+02   4.22e-02
  3.6345e+02   3.98e-02
  3.7837e+02   3.76e-02
  3.9390e+02   3.55e-02
  4.1008e+02   3.35e-02
  4.2691e+02   3.16e-02
  4.4444e+02   2.97e-02
  4.6268e+02   2.80e-02
  4.8168e+02   2.63e-02
  5.0145e+02   2.48e-02
  5.2204e+02   2.33e-02
  5.4347e+02   2.19e-02
  5.6578e+02   2.05e-02
  5.8901e+02   1.92e-02
  6.1319e+02   1.80e-02
  6.3836e+02   1.69e-02
  6.6457e+02   1.58e-02
  6.9185e+02   1.48e-02
  7.2025e+02   1.38e-02
  7.4982e+02   1.29e-02
  7.8061e+02   1.21e-02
  8.1265e+02   1.13e-02
  8.4601e+02   1.05e-02
  8.8075e+02   9.80e-03
  9.1690e+02   9.13e-03
  9.5455e+02   8.51e-03
  9.9373e+02   7.92e-03
  1.0345e+03   7.37e-03
  1.0770e+03   6.86e-03
  1.1212e+03   6.38e-03
  1.1672e+03   5.93e-03
  1.2152e+03   5.51e-03
  1.2650e+03   5.11e-03
  1.3170e+03   4.75e-03
  1.3711e+03   4.41e-03
  1.4273e+03   4.09e-03
  1.4859e+03   3.79e-03
  1.5469e+03   3.51e-03
  1.6104e+03   3.26e-03
  1.6766e+03   3.02e-03
  1.7454e+03   2.79e-03
  1.8170e+03   2.59e-03
  1.8916e+03   2.39e-03
  1.9693e+03   2.21e-03
  2.0501e+03   2.05e-03
  2.1343e+03   1.89e-03
  2.2219e+03   1.74e-03
  2.3131e+03   1.61e-03
  2.4081e+03   1.48e-03
  2.5070e+03   1.36e-03
  2.6099e+03   1.26e-03
  2.7170e+03   1.15e-03
  2.8286e+03   1.06e-03
  2.9447e+03   9.73e-04
  3.0656e+03   8.92e-04
  3.1914e+03   8.18e-04
  3.3225e+03   7.49e-04
  3.4589e+03   6.84e-04
  3.6008e+03   6.25e-04
  3.7487e+03   5.71e-04
  3.9026e+03   5.19e-04
  4.0628e+03   4.73e-04
  4.2296e+03   4.30e-04
  4.4032e+03   3.90e-04
  4.5840e+03   3.54e-04
  4.7722e+03   3.20e-04
  4.9681e+03   2.89e-04
  5.1720e+03   2.61e-04
  5.3844e+03   2.35e-04
  5.6054e+03   2.11e-04
  5.8355e+03   1.90e-04
  6.0751e+03   1.70e-04
  6.3245e+03   1.52e-04
  6.5841e+03   1.36e-04
  6.8544e+03   1.20e-04
  7.1358e+03   1.07e-04
  7.4288e+03   9.49e-05
  7.7338e+03   8.36e-05
  8.0513e+03   7.39e-05
  8.3818e+03   6.49e-05
  8.7259e+03   5.67e-05
  9.0841e+03   4.96e-05
  9.4571e+03   4.31e-05
  9.8453e+03   3.72e-05
  1.0249e+04   3.22e-05
  1.0670e+04   2.76e-05
  1.1108e+04   2.35e-05
  1.1564e+04   2.00e-05
  1.2039e+04   1.69e-05
  1.2533e+04   1.42e-05
  1.3048e+04   1.18e-05
  1.3584e+04   9.76e-06
  1.4141e+04   8.00e-06
  1.4722e+04   6.51e-06
  1.5326e+04   5.22e-06
  1.5955e+04   4.15e-06
  1.6610e+04   3.26e-06
  1.7292e+04   2.50e-06
  1.8002e+04   1.90e-06
  1.8741e+04   1.42e-06
  1.9511e+04   1.02e-06
  2.0312e+04   7.28e-07
  2.1145e+04   5.01e-07
  2.2013e+04   3.31e-07
  2.2917e+04   2.12e-07
  2.3858e+04   1.29e-07
  2.4837e+04   7.40e-08
  2.5857e+04   4.02e-08
  2.6919e+04   2.00e-08
  2.8024e+04   9.06e-09
  2.9174e+04   3.70e-09
  3.0372e+04   1.31e-09
  3.1619e+04   3.93e-10
  3.2917e+04   9.69e-11
  3.4268e+04   1.84e-11
  3.5675e+04   2.58e-12
  3.7140e+04   2.44e-13
  3.8664e+04   1.40e-14
  4.0252e+04   4.32e-16
  4.1904e+04   5.96e-18
  4.3624e+04   2.86e-20
  4.5415e+04   3.61e-23
  4.7280e+04   7.52e-27
  4.9221e+04   1.42e-31
  5.1241e+04   1.12e-37
  5.3345e+04   1.11e-45
  5.5535e+04   1.91e-47
  5.7815e+04   1.66e-47
  6.0188e+04   1.42e-47
  6.2659e+04   1.23e-47
  6.5232e+04   1.07e-47
  6.7910e+04   9.32e-48
  7.0698e+04   8.17e-48
  7.3600e+04   7.26e-48
  7.6621e+04   6.42e-48
  7.9767e+04   5.74e-48
  8.3042e+04   5.17e-48
  8.6451e+04   4.64e-48
  9.0000e+04   4.23e-48
