#  E [GeV]   # per interaction  [GeV^{-1}]
  3.0000e+01   2.24e-02
  3.1033e+01   2.15e-02
  3.2102e+01   2.07e-02
  3.3207e+01   1.99e-02
  3.4350e+01   1.92e-02
  3.5533e+01   1.85e-02
  3.6757e+01   1.77e-02
  3.8022e+01   1.71e-02
  3.9332e+01   1.64e-02
  4.0686e+01   1.58e-02
  4.2087e+01   1.51e-02
  4.3536e+01   1.45e-02
  4.5035e+01   1.40e-02
  4.6586e+01   1.34e-02
  4.8190e+01   1.29e-02
  4.9850e+01   1.23e-02
  5.1566e+01   1.18e-02
  5.3342e+01   1.14e-02
  5.5178e+01   1.09e-02
  5.7078e+01   1.04e-02
  5.9044e+01   1.00e-02
  6.1077e+01   9.59e-03
  6.3180e+01   9.19e-03
  6.5356e+01   8.80e-03
  6.7606e+01   8.43e-03
  6.9934e+01   8.07e-03
  7.2342e+01   7.73e-03
  7.4833e+01   7.40e-03
  7.7410e+01   7.08e-03
  8.0075e+01   6.77e-03
  8.2833e+01   6.47e-03
  8.5685e+01   6.19e-03
  8.8635e+01   5.92e-03
  9.1687e+01   5.65e-03
  9.4844e+01   5.40e-03
  9.8110e+01   5.16e-03
  1.0149e+02   4.93e-03
  1.0498e+02   4.70e-03
  1.0860e+02   4.49e-03
  1.1234e+02   4.28e-03
  1.1621e+02   4.09e-03
  1.2021e+02   3.90e-03
  1.2435e+02   3.72e-03
  1.2863e+02   3.54e-03
  1.3306e+02   3.38e-03
  1.3764e+02   3.22e-03
  1.4238e+02   3.06e-03
  1.4728e+02   2.92e-03
  1.5235e+02   2.78e-03
  1.5760e+02   2.64e-03
  1.6302e+02   2.52e-03
  1.6864e+02   2.39e-03
  1.7445e+02   2.28e-03
  1.8045e+02   2.16e-03
  1.8667e+02   2.06e-03
  1.9309e+02   1.95e-03
  1.9974e+02   1.85e-03
  2.0662e+02   1.76e-03
  2.1373e+02   1.67e-03
  2.2109e+02   1.59e-03
  2.2871e+02   1.50e-03
  2.3658e+02   1.43e-03
  2.4473e+02   1.35e-03
  2.5316e+02   1.28e-03
  2.6187e+02   1.21e-03
  2.7089e+02   1.15e-03
  2.8022e+02   1.09e-03
  2.8987e+02   1.03e-03
  2.9985e+02   9.75e-04
  3.1017e+02   9.22e-04
  3.2085e+02   8.72e-04
  3.3190e+02   8.24e-04
  3.4333e+02   7.79e-04
  3.5515e+02   7.35e-04
  3.6738e+02   6.94e-04
  3.8003e+02   6.55e-04
  3.9312e+02   6.18e-04
  4.0665e+02   5.83e-04
  4.2066e+02   5.50e-04
  4.3514e+02   5.18e-04
  4.5013e+02   4.88e-04
  4.6562e+02   4.60e-04
  4.8166e+02   4.33e-04
  4.9824e+02   4.08e-04
  5.1540e+02   3.84e-04
  5.3315e+02   3.61e-04
  5.5150e+02   3.40e-04
  5.7050e+02   3.20e-04
  5.9014e+02   3.01e-04
  6.1046e+02   2.83e-04
  6.3148e+02   2.66e-04
  6.5322e+02   2.50e-04
  6.7572e+02   2.35e-04
  6.9898e+02   2.21e-04
  7.2305e+02   2.08e-04
  7.4795e+02   1.95e-04
  7.7371e+02   1.84e-04
  8.0035e+02   1.73e-04
  8.2791e+02   1.63e-04
  8.5641e+02   1.53e-04
  8.8590e+02   1.44e-04
  9.1641e+02   1.35e-04
  9.4796e+02   1.27e-04
  9.8061e+02   1.20e-04
  1.0144e+03   1.13e-04
  1.0493e+03   1.06e-04
  1.0854e+03   1.00e-04
  1.1228e+03   9.45e-05
  1.1615e+03   8.92e-05
  1.2015e+03   8.41e-05
  1.2428e+03   7.94e-05
  1.2856e+03   7.49e-05
  1.3299e+03   7.08e-05
  1.3757e+03   6.68e-05
  1.4231e+03   6.32e-05
  1.4721e+03   5.98e-05
  1.5228e+03   5.65e-05
  1.5752e+03   5.35e-05
  1.6294e+03   5.07e-05
  1.6855e+03   4.80e-05
  1.7436e+03   4.55e-05
  1.8036e+03   4.31e-05
  1.8657e+03   4.09e-05
  1.9300e+03   3.88e-05
  1.9964e+03   3.68e-05
  2.0652e+03   3.50e-05
  2.1363e+03   3.32e-05
  2.2098e+03   3.16e-05
  2.2859e+03   3.00e-05
  2.3646e+03   2.85e-05
  2.4461e+03   2.71e-05
  2.5303e+03   2.58e-05
  2.6174e+03   2.45e-05
  2.7075e+03   2.33e-05
  2.8008e+03   2.22e-05
  2.8972e+03   2.11e-05
  2.9970e+03   2.01e-05
  3.1002e+03   1.91e-05
  3.2069e+03   1.81e-05
  3.3173e+03   1.73e-05
  3.4316e+03   1.64e-05
  3.5497e+03   1.56e-05
  3.6720e+03   1.48e-05
  3.7984e+03   1.41e-05
  3.9292e+03   1.34e-05
  4.0645e+03   1.27e-05
  4.2044e+03   1.21e-05
  4.3492e+03   1.15e-05
  4.4990e+03   1.09e-05
  4.6539e+03   1.03e-05
  4.8141e+03   9.78e-06
  4.9799e+03   9.25e-06
  5.1514e+03   8.75e-06
  5.3288e+03   8.26e-06
  5.5123e+03   7.79e-06
  5.7021e+03   7.35e-06
  5.8984e+03   6.92e-06
  6.1015e+03   6.51e-06
  6.3116e+03   6.12e-06
  6.5289e+03   5.74e-06
  6.7538e+03   5.37e-06
  6.9863e+03   5.03e-06
  7.2269e+03   4.69e-06
  7.4757e+03   4.37e-06
  7.7331e+03   4.07e-06
  7.9994e+03   3.77e-06
  8.2749e+03   3.49e-06
  8.5598e+03   3.23e-06
  8.8546e+03   2.97e-06
  9.1594e+03   2.73e-06
  9.4748e+03   2.50e-06
  9.8011e+03   2.28e-06
  1.0139e+04   2.07e-06
  1.0488e+04   1.87e-06
  1.0849e+04   1.69e-06
  1.1222e+04   1.51e-06
  1.1609e+04   1.35e-06
  1.2009e+04   1.19e-06
  1.2422e+04   1.05e-06
  1.2850e+04   9.21e-07
  1.3292e+04   7.99e-07
  1.3750e+04   6.88e-07
  1.4223e+04   5.87e-07
  1.4713e+04   4.96e-07
  1.5220e+04   4.15e-07
  1.5744e+04   3.42e-07
  1.6286e+04   2.79e-07
  1.6847e+04   2.23e-07
  1.7427e+04   1.76e-07
  1.8027e+04   1.36e-07
  1.8648e+04   1.03e-07
  1.9290e+04   7.59e-08
  1.9954e+04   5.45e-08
  2.0641e+04   3.79e-08
  2.1352e+04   2.54e-08
  2.2087e+04   1.64e-08
  2.2848e+04   1.01e-08
  2.3634e+04   5.86e-09
  2.4448e+04   3.22e-09
  2.5290e+04   1.65e-09
