#  E [MeV]   Flux [# cm^{-2} s^{-1}  MeV^{-1}]
  3.0000e+04   2.97e-24
  3.0962e+04   2.87e-24
  3.1955e+04   2.77e-24
  3.2979e+04   2.68e-24
  3.4037e+04   2.59e-24
  3.5128e+04   2.50e-24
  3.6254e+04   2.41e-24
  3.7417e+04   2.33e-24
  3.8616e+04   2.25e-24
  3.9855e+04   2.17e-24
  4.1132e+04   2.09e-24
  4.2451e+04   2.02e-24
  4.3812e+04   1.95e-24
  4.5217e+04   1.88e-24
  4.6667e+04   1.81e-24
  4.8163e+04   1.75e-24
  4.9707e+04   1.68e-24
  5.1301e+04   1.62e-24
  5.2946e+04   1.56e-24
  5.4644e+04   1.50e-24
  5.6396e+04   1.45e-24
  5.8204e+04   1.39e-24
  6.0070e+04   1.34e-24
  6.1996e+04   1.29e-24
  6.3984e+04   1.24e-24
  6.6035e+04   1.20e-24
  6.8153e+04   1.15e-24
  7.0338e+04   1.11e-24
  7.2593e+04   1.06e-24
  7.4921e+04   1.02e-24
  7.7323e+04   9.81e-25
  7.9802e+04   9.42e-25
  8.2361e+04   9.05e-25
  8.5002e+04   8.69e-25
  8.7727e+04   8.34e-25
  9.0540e+04   8.00e-25
  9.3443e+04   7.67e-25
  9.6439e+04   7.36e-25
  9.9531e+04   7.05e-25
  1.0272e+05   6.75e-25
  1.0602e+05   6.47e-25
  1.0942e+05   6.20e-25
  1.1292e+05   5.93e-25
  1.1654e+05   5.67e-25
  1.2028e+05   5.43e-25
  1.2414e+05   5.19e-25
  1.2812e+05   4.96e-25
  1.3223e+05   4.74e-25
  1.3646e+05   4.53e-25
  1.4084e+05   4.33e-25
  1.4536e+05   4.13e-25
  1.5002e+05   3.94e-25
  1.5483e+05   3.76e-25
  1.5979e+05   3.59e-25
  1.6491e+05   3.42e-25
  1.7020e+05   3.26e-25
  1.7566e+05   3.10e-25
  1.8129e+05   2.95e-25
  1.8710e+05   2.81e-25
  1.9310e+05   2.68e-25
  1.9929e+05   2.54e-25
  2.0568e+05   2.42e-25
  2.1228e+05   2.30e-25
  2.1909e+05   2.18e-25
  2.2611e+05   2.07e-25
  2.3336e+05   1.96e-25
  2.4084e+05   1.86e-25
  2.4856e+05   1.77e-25
  2.5653e+05   1.67e-25
  2.6476e+05   1.58e-25
  2.7325e+05   1.50e-25
  2.8201e+05   1.42e-25
  2.9105e+05   1.34e-25
  3.0038e+05   1.27e-25
  3.1002e+05   1.20e-25
  3.1996e+05   1.13e-25
  3.3021e+05   1.07e-25
  3.4080e+05   1.01e-25
  3.5173e+05   9.50e-26
  3.6301e+05   8.95e-26
  3.7465e+05   8.43e-26
  3.8666e+05   7.94e-26
  3.9905e+05   7.46e-26
  4.1185e+05   7.02e-26
  4.2506e+05   6.59e-26
  4.3868e+05   6.19e-26
  4.5275e+05   5.81e-26
  4.6727e+05   5.44e-26
  4.8225e+05   5.10e-26
  4.9771e+05   4.78e-26
  5.1367e+05   4.47e-26
  5.3014e+05   4.18e-26
  5.4714e+05   3.91e-26
  5.6468e+05   3.66e-26
  5.8278e+05   3.41e-26
  6.0147e+05   3.19e-26
  6.2075e+05   2.97e-26
  6.4066e+05   2.77e-26
  6.6120e+05   2.58e-26
  6.8240e+05   2.41e-26
  7.0428e+05   2.24e-26
  7.2686e+05   2.09e-26
  7.5017e+05   1.94e-26
  7.7422e+05   1.80e-26
  7.9904e+05   1.67e-26
  8.2466e+05   1.55e-26
  8.5110e+05   1.44e-26
  8.7839e+05   1.34e-26
  9.0656e+05   1.24e-26
  9.3562e+05   1.15e-26
  9.6562e+05   1.06e-26
  9.9658e+05   9.86e-27
  1.0285e+06   9.13e-27
  1.0615e+06   8.45e-27
  1.0956e+06   7.81e-27
  1.1307e+06   7.23e-27
  1.1669e+06   6.68e-27
  1.2043e+06   6.16e-27
  1.2430e+06   5.69e-27
  1.2828e+06   5.25e-27
  1.3239e+06   4.84e-27
  1.3664e+06   4.45e-27
  1.4102e+06   4.10e-27
  1.4554e+06   3.78e-27
  1.5021e+06   3.48e-27
  1.5502e+06   3.20e-27
  1.6000e+06   2.94e-27
  1.6513e+06   2.70e-27
  1.7042e+06   2.48e-27
  1.7588e+06   2.28e-27
  1.8152e+06   2.09e-27
  1.8734e+06   1.91e-27
  1.9335e+06   1.75e-27
  1.9955e+06   1.60e-27
  2.0595e+06   1.47e-27
  2.1255e+06   1.34e-27
  2.1937e+06   1.22e-27
  2.2640e+06   1.12e-27
  2.3366e+06   1.02e-27
  2.4115e+06   9.27e-28
  2.4888e+06   8.44e-28
  2.5686e+06   7.69e-28
  2.6510e+06   6.98e-28
  2.7360e+06   6.31e-28
  2.8237e+06   5.74e-28
  2.9142e+06   5.21e-28
  3.0077e+06   4.71e-28
  3.1041e+06   4.24e-28
  3.2036e+06   3.84e-28
  3.3064e+06   3.46e-28
  3.4124e+06   3.10e-28
  3.5218e+06   2.79e-28
  3.6347e+06   2.50e-28
  3.7512e+06   2.24e-28
  3.8715e+06   1.99e-28
  3.9957e+06   1.79e-28
  4.1238e+06   1.59e-28
  4.2560e+06   1.41e-28
  4.3924e+06   1.25e-28
  4.5333e+06   1.12e-28
  4.6786e+06   9.88e-29
  4.8286e+06   8.67e-29
  4.9835e+06   7.67e-29
  5.1433e+06   6.77e-29
  5.3082e+06   5.93e-29
  5.4784e+06   5.16e-29
  5.6540e+06   4.54e-29
  5.8353e+06   3.97e-29
  6.0224e+06   3.43e-29
  6.2155e+06   2.97e-29
  6.4148e+06   2.59e-29
  6.6205e+06   2.23e-29
  6.8327e+06   1.90e-29
  7.0518e+06   1.64e-29
  7.2779e+06   1.41e-29
  7.5113e+06   1.19e-29
  7.7521e+06   1.00e-29
  8.0007e+06   8.59e-30
  8.2572e+06   7.27e-30
  8.5219e+06   6.06e-30
  8.7952e+06   5.07e-30
  9.0772e+06   4.28e-30
  9.3682e+06   3.56e-30
  9.6686e+06   2.91e-30
  9.9786e+06   2.42e-30
  1.0299e+07   2.01e-30
  1.0629e+07   1.63e-30
  1.0970e+07   1.31e-30
  1.1321e+07   1.08e-30
  1.1684e+07   8.69e-31
  1.2059e+07   6.86e-31
  1.2446e+07   5.44e-31
  1.2845e+07   4.33e-31
  1.3256e+07   3.35e-31
  1.3681e+07   2.52e-31
  1.4120e+07   1.93e-31
  1.4573e+07   1.44e-31
  1.5040e+07   1.03e-31
  1.5522e+07   7.13e-32
  1.6020e+07   5.06e-32
