#  E [GeV]   # per interaction  [GeV^{-1}]
  3.0000e+01   1.73e-02
  3.0943e+01   1.66e-02
  3.1916e+01   1.60e-02
  3.2920e+01   1.54e-02
  3.3955e+01   1.48e-02
  3.5023e+01   1.43e-02
  3.6124e+01   1.37e-02
  3.7260e+01   1.32e-02
  3.8432e+01   1.27e-02
  3.9640e+01   1.22e-02
  4.0887e+01   1.17e-02
  4.2172e+01   1.13e-02
  4.3499e+01   1.08e-02
  4.4866e+01   1.04e-02
  4.6277e+01   1.00e-02
  4.7732e+01   9.60e-03
  4.9233e+01   9.21e-03
  5.0781e+01   8.84e-03
  5.2378e+01   8.49e-03
  5.4025e+01   8.14e-03
  5.5724e+01   7.81e-03
  5.7476e+01   7.49e-03
  5.9284e+01   7.18e-03
  6.1148e+01   6.89e-03
  6.3071e+01   6.60e-03
  6.5054e+01   6.33e-03
  6.7100e+01   6.06e-03
  6.9210e+01   5.81e-03
  7.1386e+01   5.56e-03
  7.3631e+01   5.33e-03
  7.5946e+01   5.10e-03
  7.8334e+01   4.88e-03
  8.0797e+01   4.67e-03
  8.3338e+01   4.47e-03
  8.5959e+01   4.28e-03
  8.8662e+01   4.09e-03
  9.1450e+01   3.91e-03
  9.4325e+01   3.74e-03
  9.7291e+01   3.57e-03
  1.0035e+02   3.41e-03
  1.0351e+02   3.26e-03
  1.0676e+02   3.12e-03
  1.1012e+02   2.98e-03
  1.1358e+02   2.84e-03
  1.1715e+02   2.71e-03
  1.2084e+02   2.59e-03
  1.2464e+02   2.47e-03
  1.2856e+02   2.36e-03
  1.3260e+02   2.25e-03
  1.3677e+02   2.14e-03
  1.4107e+02   2.04e-03
  1.4550e+02   1.95e-03
  1.5008e+02   1.85e-03
  1.5480e+02   1.77e-03
  1.5967e+02   1.68e-03
  1.6469e+02   1.60e-03
  1.6987e+02   1.52e-03
  1.7521e+02   1.45e-03
  1.8072e+02   1.38e-03
  1.8640e+02   1.31e-03
  1.9226e+02   1.25e-03
  1.9831e+02   1.18e-03
  2.0454e+02   1.12e-03
  2.1097e+02   1.07e-03
  2.1761e+02   1.01e-03
  2.2445e+02   9.62e-04
  2.3151e+02   9.13e-04
  2.3879e+02   8.66e-04
  2.4630e+02   8.21e-04
  2.5404e+02   7.78e-04
  2.6203e+02   7.37e-04
  2.7027e+02   6.97e-04
  2.7877e+02   6.60e-04
  2.8753e+02   6.24e-04
  2.9657e+02   5.90e-04
  3.0590e+02   5.58e-04
  3.1552e+02   5.27e-04
  3.2544e+02   4.97e-04
  3.3567e+02   4.70e-04
  3.4623e+02   4.43e-04
  3.5712e+02   4.18e-04
  3.6835e+02   3.93e-04
  3.7993e+02   3.71e-04
  3.9188e+02   3.49e-04
  4.0420e+02   3.28e-04
  4.1691e+02   3.09e-04
  4.3002e+02   2.91e-04
  4.4354e+02   2.73e-04
  4.5749e+02   2.57e-04
  4.7187e+02   2.41e-04
  4.8671e+02   2.26e-04
  5.0202e+02   2.12e-04
  5.1780e+02   1.99e-04
  5.3409e+02   1.87e-04
  5.5088e+02   1.75e-04
  5.6820e+02   1.64e-04
  5.8607e+02   1.54e-04
  6.0450e+02   1.44e-04
  6.2351e+02   1.35e-04
  6.4311e+02   1.27e-04
  6.6334e+02   1.19e-04
  6.8419e+02   1.11e-04
  7.0571e+02   1.04e-04
  7.2790e+02   9.76e-05
  7.5079e+02   9.15e-05
  7.7440e+02   8.58e-05
  7.9875e+02   8.04e-05
  8.2387e+02   7.54e-05
  8.4977e+02   7.08e-05
  8.7649e+02   6.64e-05
  9.0405e+02   6.23e-05
  9.3248e+02   5.85e-05
  9.6180e+02   5.50e-05
  9.9205e+02   5.17e-05
  1.0232e+03   4.85e-05
  1.0554e+03   4.57e-05
  1.0886e+03   4.30e-05
  1.1228e+03   4.05e-05
  1.1581e+03   3.81e-05
  1.1946e+03   3.59e-05
  1.2321e+03   3.39e-05
  1.2709e+03   3.20e-05
  1.3108e+03   3.02e-05
  1.3521e+03   2.85e-05
  1.3946e+03   2.70e-05
  1.4384e+03   2.55e-05
  1.4837e+03   2.41e-05
  1.5303e+03   2.28e-05
  1.5784e+03   2.16e-05
  1.6281e+03   2.05e-05
  1.6793e+03   1.94e-05
  1.7321e+03   1.84e-05
  1.7865e+03   1.75e-05
  1.8427e+03   1.66e-05
  1.9006e+03   1.58e-05
  1.9604e+03   1.50e-05
  2.0221e+03   1.42e-05
  2.0856e+03   1.35e-05
  2.1512e+03   1.29e-05
  2.2189e+03   1.22e-05
  2.2886e+03   1.16e-05
  2.3606e+03   1.11e-05
  2.4348e+03   1.05e-05
  2.5114e+03   1.00e-05
  2.5904e+03   9.51e-06
  2.6718e+03   9.04e-06
  2.7558e+03   8.60e-06
  2.8425e+03   8.17e-06
  2.9319e+03   7.76e-06
  3.0241e+03   7.38e-06
  3.1192e+03   7.00e-06
  3.2173e+03   6.64e-06
  3.3184e+03   6.30e-06
  3.4228e+03   5.97e-06
  3.5304e+03   5.65e-06
  3.6414e+03   5.35e-06
  3.7559e+03   5.05e-06
  3.8740e+03   4.77e-06
  3.9958e+03   4.50e-06
  4.1215e+03   4.24e-06
  4.2511e+03   3.99e-06
  4.3848e+03   3.75e-06
  4.5227e+03   3.52e-06
  4.6649e+03   3.30e-06
  4.8116e+03   3.08e-06
  4.9629e+03   2.88e-06
  5.1189e+03   2.68e-06
  5.2799e+03   2.50e-06
  5.4459e+03   2.32e-06
  5.6171e+03   2.15e-06
  5.7938e+03   1.99e-06
  5.9760e+03   1.83e-06
  6.1639e+03   1.68e-06
  6.3577e+03   1.54e-06
  6.5576e+03   1.41e-06
  6.7638e+03   1.29e-06
  6.9765e+03   1.17e-06
  7.1959e+03   1.06e-06
  7.4222e+03   9.52e-07
  7.6556e+03   8.54e-07
  7.8963e+03   7.63e-07
  8.1446e+03   6.79e-07
  8.4007e+03   6.01e-07
  8.6649e+03   5.28e-07
  8.9373e+03   4.62e-07
  9.2184e+03   4.02e-07
  9.5082e+03   3.47e-07
  9.8072e+03   2.97e-07
  1.0116e+04   2.53e-07
  1.0434e+04   2.13e-07
  1.0762e+04   1.78e-07
  1.1100e+04   1.47e-07
  1.1449e+04   1.20e-07
  1.1809e+04   9.69e-08
  1.2181e+04   7.72e-08
  1.2564e+04   6.06e-08
  1.2959e+04   4.68e-08
  1.3366e+04   3.58e-08
  1.3786e+04   2.69e-08
  1.4220e+04   1.98e-08
