#  E [GeV]   # per interaction  [GeV^{-1}]
  3.0000e+01   3.19e-01
  3.0765e+01   3.09e-01
  3.1549e+01   2.99e-01
  3.2354e+01   2.89e-01
  3.3179e+01   2.80e-01
  3.4025e+01   2.71e-01
  3.4892e+01   2.62e-01
  3.5782e+01   2.53e-01
  3.6695e+01   2.45e-01
  3.7630e+01   2.36e-01
  3.8590e+01   2.28e-01
  3.9574e+01   2.21e-01
  4.0583e+01   2.13e-01
  4.1618e+01   2.06e-01
  4.2679e+01   1.99e-01
  4.3767e+01   1.92e-01
  4.4883e+01   1.85e-01
  4.6028e+01   1.78e-01
  4.7201e+01   1.72e-01
  4.8405e+01   1.66e-01
  4.9639e+01   1.60e-01
  5.0905e+01   1.54e-01
  5.2203e+01   1.49e-01
  5.3534e+01   1.43e-01
  5.4899e+01   1.38e-01
  5.6299e+01   1.33e-01
  5.7734e+01   1.28e-01
  5.9207e+01   1.23e-01
  6.0716e+01   1.18e-01
  6.2264e+01   1.14e-01
  6.3852e+01   1.10e-01
  6.5480e+01   1.05e-01
  6.7150e+01   1.01e-01
  6.8862e+01   9.75e-02
  7.0618e+01   9.37e-02
  7.2419e+01   9.00e-02
  7.4265e+01   8.65e-02
  7.6159e+01   8.31e-02
  7.8101e+01   7.98e-02
  8.0092e+01   7.66e-02
  8.2135e+01   7.36e-02
  8.4229e+01   7.06e-02
  8.6377e+01   6.77e-02
  8.8579e+01   6.50e-02
  9.0838e+01   6.23e-02
  9.3154e+01   5.98e-02
  9.5529e+01   5.73e-02
  9.7965e+01   5.49e-02
  1.0046e+02   5.26e-02
  1.0303e+02   5.04e-02
  1.0565e+02   4.83e-02
  1.0835e+02   4.63e-02
  1.1111e+02   4.43e-02
  1.1394e+02   4.24e-02
  1.1685e+02   4.05e-02
  1.1983e+02   3.88e-02
  1.2288e+02   3.71e-02
  1.2602e+02   3.54e-02
  1.2923e+02   3.39e-02
  1.3252e+02   3.24e-02
  1.3590e+02   3.09e-02
  1.3937e+02   2.95e-02
  1.4292e+02   2.82e-02
  1.4657e+02   2.69e-02
  1.5030e+02   2.57e-02
  1.5414e+02   2.45e-02
  1.5807e+02   2.33e-02
  1.6210e+02   2.22e-02
  1.6623e+02   2.12e-02
  1.7047e+02   2.02e-02
  1.7482e+02   1.92e-02
  1.7927e+02   1.83e-02
  1.8384e+02   1.74e-02
  1.8853e+02   1.66e-02
  1.9334e+02   1.58e-02
  1.9827e+02   1.50e-02
  2.0333e+02   1.43e-02
  2.0851e+02   1.36e-02
  2.1383e+02   1.29e-02
  2.1928e+02   1.22e-02
  2.2487e+02   1.16e-02
  2.3060e+02   1.10e-02
  2.3648e+02   1.05e-02
  2.4251e+02   9.93e-03
  2.4870e+02   9.41e-03
  2.5504e+02   8.92e-03
  2.6154e+02   8.45e-03
  2.6821e+02   8.01e-03
  2.7505e+02   7.57e-03
  2.8206e+02   7.16e-03
  2.8926e+02   6.78e-03
  2.9663e+02   6.42e-03
  3.0420e+02   6.06e-03
  3.1195e+02   5.73e-03
  3.1991e+02   5.41e-03
  3.2806e+02   5.11e-03
  3.3643e+02   4.82e-03
  3.4501e+02   4.55e-03
  3.5381e+02   4.29e-03
  3.6283e+02   4.05e-03
  3.7208e+02   3.81e-03
  3.8157e+02   3.59e-03
  3.9130e+02   3.38e-03
  4.0127e+02   3.18e-03
  4.1150e+02   2.99e-03
  4.2200e+02   2.82e-03
  4.3276e+02   2.64e-03
  4.4379e+02   2.48e-03
  4.5511e+02   2.33e-03
  4.6671e+02   2.19e-03
  4.7861e+02   2.05e-03
  4.9082e+02   1.92e-03
  5.0333e+02   1.80e-03
  5.1617e+02   1.69e-03
  5.2933e+02   1.58e-03
  5.4283e+02   1.48e-03
  5.5667e+02   1.38e-03
  5.7086e+02   1.29e-03
  5.8542e+02   1.21e-03
  6.0035e+02   1.13e-03
  6.1565e+02   1.05e-03
  6.3135e+02   9.78e-04
  6.4745e+02   9.14e-04
  6.6396e+02   8.52e-04
  6.8089e+02   7.92e-04
  6.9825e+02   7.35e-04
  7.1606e+02   6.84e-04
  7.3432e+02   6.37e-04
  7.5304e+02   5.92e-04
  7.7224e+02   5.49e-04
  7.9193e+02   5.08e-04
  8.1213e+02   4.72e-04
  8.3283e+02   4.38e-04
  8.5407e+02   4.05e-04
  8.7585e+02   3.74e-04
  8.9818e+02   3.45e-04
  9.2108e+02   3.20e-04
  9.4457e+02   2.95e-04
  9.6866e+02   2.72e-04
  9.9336e+02   2.49e-04
  1.0187e+03   2.30e-04
  1.0447e+03   2.12e-04
  1.0713e+03   1.95e-04
  1.0986e+03   1.79e-04
  1.1266e+03   1.64e-04
  1.1554e+03   1.51e-04
  1.1848e+03   1.38e-04
  1.2150e+03   1.26e-04
  1.2460e+03   1.15e-04
  1.2778e+03   1.05e-04
  1.3104e+03   9.65e-05
  1.3438e+03   8.80e-05
  1.3780e+03   7.99e-05
  1.4132e+03   7.25e-05
  1.4492e+03   6.64e-05
  1.4862e+03   6.04e-05
  1.5241e+03   5.48e-05
  1.5629e+03   4.94e-05
  1.6028e+03   4.49e-05
  1.6436e+03   4.08e-05
  1.6856e+03   3.69e-05
  1.7285e+03   3.32e-05
  1.7726e+03   2.98e-05
  1.8178e+03   2.70e-05
  1.8642e+03   2.44e-05
  1.9117e+03   2.18e-05
  1.9604e+03   1.94e-05
  2.0104e+03   1.74e-05
  2.0617e+03   1.57e-05
  2.1143e+03   1.40e-05
  2.1682e+03   1.25e-05
  2.2235e+03   1.10e-05
  2.2802e+03   9.89e-06
  2.3383e+03   8.85e-06
  2.3979e+03   7.85e-06
  2.4591e+03   6.91e-06
  2.5218e+03   6.09e-06
  2.5861e+03   5.45e-06
  2.6520e+03   4.84e-06
  2.7196e+03   4.26e-06
  2.7890e+03   3.70e-06
  2.8601e+03   3.29e-06
  2.9330e+03   2.92e-06
  3.0078e+03   2.57e-06
  3.0845e+03   2.23e-06
  3.1632e+03   1.93e-06
  3.2438e+03   1.72e-06
  3.3265e+03   1.51e-06
  3.4113e+03   1.31e-06
  3.4983e+03   1.13e-06
  3.5875e+03   9.81e-07
  3.6790e+03   8.59e-07
  3.7728e+03   7.43e-07
  3.8690e+03   6.31e-07
  3.9677e+03   5.29e-07
  4.0689e+03   4.58e-07
  4.1726e+03   3.90e-07
  4.2790e+03   3.26e-07
  4.3881e+03   2.64e-07
  4.5000e+03   2.18e-07
