#  E [MeV]   Flux [# cm^{-2} s^{-1}  MeV^{-1}]
  3.0000e+04   1.70e-23
  3.0607e+04   1.65e-23
  3.1227e+04   1.61e-23
  3.1859e+04   1.56e-23
  3.2504e+04   1.52e-23
  3.3163e+04   1.48e-23
  3.3834e+04   1.44e-23
  3.4519e+04   1.40e-23
  3.5218e+04   1.36e-23
  3.5931e+04   1.32e-23
  3.6659e+04   1.28e-23
  3.7401e+04   1.25e-23
  3.8158e+04   1.21e-23
  3.8931e+04   1.18e-23
  3.9719e+04   1.15e-23
  4.0523e+04   1.11e-23
  4.1344e+04   1.08e-23
  4.2181e+04   1.05e-23
  4.3035e+04   1.02e-23
  4.3906e+04   9.95e-24
  4.4795e+04   9.68e-24
  4.5702e+04   9.41e-24
  4.6628e+04   9.15e-24
  4.7572e+04   8.89e-24
  4.8535e+04   8.65e-24
  4.9517e+04   8.41e-24
  5.0520e+04   8.17e-24
  5.1543e+04   7.95e-24
  5.2587e+04   7.73e-24
  5.3651e+04   7.52e-24
  5.4738e+04   7.31e-24
  5.5846e+04   7.11e-24
  5.6977e+04   6.91e-24
  5.8130e+04   6.73e-24
  5.9307e+04   6.54e-24
  6.0508e+04   6.36e-24
  6.1733e+04   6.19e-24
  6.2983e+04   6.02e-24
  6.4258e+04   5.86e-24
  6.5559e+04   5.70e-24
  6.6887e+04   5.54e-24
  6.8241e+04   5.39e-24
  6.9623e+04   5.25e-24
  7.1033e+04   5.10e-24
  7.2471e+04   4.97e-24
  7.3938e+04   4.83e-24
  7.5435e+04   4.70e-24
  7.6963e+04   4.58e-24
  7.8521e+04   4.45e-24
  8.0111e+04   4.33e-24
  8.1733e+04   4.22e-24
  8.3388e+04   4.11e-24
  8.5076e+04   4.00e-24
  8.6799e+04   3.89e-24
  8.8556e+04   3.78e-24
  9.0349e+04   3.68e-24
  9.2178e+04   3.58e-24
  9.4045e+04   3.49e-24
  9.5949e+04   3.40e-24
  9.7892e+04   3.31e-24
  9.9874e+04   3.22e-24
  1.0190e+05   3.14e-24
  1.0396e+05   3.05e-24
  1.0606e+05   2.97e-24
  1.0821e+05   2.90e-24
  1.1040e+05   2.82e-24
  1.1264e+05   2.75e-24
  1.1492e+05   2.68e-24
  1.1725e+05   2.61e-24
  1.1962e+05   2.54e-24
  1.2204e+05   2.47e-24
  1.2451e+05   2.41e-24
  1.2703e+05   2.35e-24
  1.2961e+05   2.29e-24
  1.3223e+05   2.23e-24
  1.3491e+05   2.17e-24
  1.3764e+05   2.12e-24
  1.4043e+05   2.06e-24
  1.4327e+05   2.01e-24
  1.4617e+05   1.96e-24
  1.4913e+05   1.91e-24
  1.5215e+05   1.86e-24
  1.5523e+05   1.81e-24
  1.5837e+05   1.77e-24
  1.6158e+05   1.72e-24
  1.6485e+05   1.68e-24
  1.6819e+05   1.64e-24
  1.7159e+05   1.60e-24
  1.7507e+05   1.56e-24
  1.7861e+05   1.52e-24
  1.8223e+05   1.48e-24
  1.8592e+05   1.44e-24
  1.8968e+05   1.41e-24
  1.9352e+05   1.37e-24
  1.9744e+05   1.34e-24
  2.0144e+05   1.30e-24
  2.0552e+05   1.27e-24
  2.0968e+05   1.24e-24
  2.1392e+05   1.21e-24
  2.1826e+05   1.18e-24
  2.2267e+05   1.15e-24
  2.2718e+05   1.12e-24
  2.3178e+05   1.09e-24
  2.3648e+05   1.06e-24
  2.4126e+05   1.04e-24
  2.4615e+05   1.01e-24
  2.5113e+05   9.84e-25
  2.5622e+05   9.59e-25
  2.6141e+05   9.35e-25
  2.6670e+05   9.12e-25
  2.7210e+05   8.89e-25
  2.7761e+05   8.66e-25
  2.8323e+05   8.45e-25
  2.8896e+05   8.23e-25
  2.9481e+05   8.03e-25
  3.0078e+05   7.83e-25
  3.0687e+05   7.63e-25
  3.1309e+05   7.44e-25
  3.1943e+05   7.25e-25
  3.2589e+05   7.07e-25
  3.3249e+05   6.89e-25
  3.3922e+05   6.72e-25
  3.4609e+05   6.55e-25
  3.5310e+05   6.38e-25
  3.6025e+05   6.22e-25
  3.6754e+05   6.06e-25
  3.7498e+05   5.90e-25
  3.8258e+05   5.75e-25
  3.9032e+05   5.60e-25
  3.9823e+05   5.46e-25
  4.0629e+05   5.31e-25
  4.1452e+05   5.18e-25
  4.2291e+05   5.04e-25
  4.3147e+05   4.91e-25
  4.4021e+05   4.78e-25
  4.4912e+05   4.66e-25
  4.5821e+05   4.53e-25
  4.6749e+05   4.41e-25
  4.7696e+05   4.30e-25
  4.8661e+05   4.18e-25
  4.9647e+05   4.07e-25
  5.0652e+05   3.96e-25
  5.1678e+05   3.85e-25
  5.2724e+05   3.75e-25
  5.3791e+05   3.65e-25
  5.4881e+05   3.55e-25
  5.5992e+05   3.45e-25
  5.7125e+05   3.36e-25
  5.8282e+05   3.27e-25
  5.9462e+05   3.18e-25
  6.0666e+05   3.09e-25
  6.1894e+05   3.01e-25
  6.3148e+05   2.93e-25
  6.4426e+05   2.84e-25
  6.5731e+05   2.76e-25
  6.7061e+05   2.68e-25
  6.8419e+05   2.61e-25
  6.9805e+05   2.53e-25
  7.1218e+05   2.46e-25
  7.2660e+05   2.39e-25
  7.4131e+05   2.32e-25
  7.5632e+05   2.25e-25
  7.7163e+05   2.19e-25
  7.8726e+05   2.12e-25
  8.0320e+05   2.06e-25
  8.1946e+05   2.00e-25
  8.3605e+05   1.94e-25
  8.5298e+05   1.88e-25
  8.7025e+05   1.83e-25
  8.8787e+05   1.77e-25
  9.0585e+05   1.72e-25
  9.2419e+05   1.67e-25
  9.4290e+05   1.62e-25
  9.6199e+05   1.57e-25
  9.8147e+05   1.52e-25
  1.0013e+06   1.48e-25
  1.0216e+06   1.43e-25
  1.0423e+06   1.39e-25
  1.0634e+06   1.35e-25
  1.0849e+06   1.31e-25
  1.1069e+06   1.27e-25
  1.1293e+06   1.23e-25
  1.1522e+06   1.19e-25
  1.1755e+06   1.15e-25
  1.1993e+06   1.12e-25
  1.2236e+06   1.08e-25
  1.2484e+06   1.05e-25
  1.2736e+06   1.02e-25
  1.2994e+06   9.83e-26
  1.3257e+06   9.51e-26
  1.3526e+06   9.20e-26
  1.3800e+06   8.90e-26
  1.4079e+06   8.61e-26
  1.4364e+06   8.33e-26
  1.4655e+06   8.06e-26
  1.4952e+06   7.79e-26
  1.5255e+06   7.53e-26
  1.5563e+06   7.28e-26
  1.5879e+06   7.04e-26
  1.6200e+06   6.82e-26
