#  E [MeV]   Flux [# cm^{-2} s^{-1}  MeV^{-1}]
  3.0000e+04   5.45e-26
  3.1232e+04   5.22e-26
  3.2514e+04   4.99e-26
  3.3849e+04   4.77e-26
  3.5238e+04   4.57e-26
  3.6685e+04   4.37e-26
  3.8191e+04   4.18e-26
  3.9759e+04   3.99e-26
  4.1391e+04   3.82e-26
  4.3090e+04   3.65e-26
  4.4859e+04   3.49e-26
  4.6701e+04   3.34e-26
  4.8618e+04   3.19e-26
  5.0614e+04   3.05e-26
  5.2692e+04   2.91e-26
  5.4855e+04   2.78e-26
  5.7107e+04   2.66e-26
  5.9451e+04   2.54e-26
  6.1892e+04   2.43e-26
  6.4433e+04   2.32e-26
  6.7078e+04   2.21e-26
  6.9832e+04   2.11e-26
  7.2699e+04   2.02e-26
  7.5683e+04   1.92e-26
  7.8790e+04   1.84e-26
  8.2025e+04   1.75e-26
  8.5392e+04   1.67e-26
  8.8898e+04   1.60e-26
  9.2547e+04   1.52e-26
  9.6347e+04   1.45e-26
  1.0030e+05   1.38e-26
  1.0442e+05   1.32e-26
  1.0871e+05   1.26e-26
  1.1317e+05   1.20e-26
  1.1782e+05   1.14e-26
  1.2265e+05   1.08e-26
  1.2769e+05   1.03e-26
  1.3293e+05   9.81e-27
  1.3839e+05   9.33e-27
  1.4407e+05   8.87e-27
  1.4998e+05   8.42e-27
  1.5614e+05   8.00e-27
  1.6255e+05   7.59e-27
  1.6922e+05   7.20e-27
  1.7617e+05   6.82e-27
  1.8340e+05   6.46e-27
  1.9093e+05   6.12e-27
  1.9877e+05   5.78e-27
  2.0693e+05   5.47e-27
  2.1543e+05   5.16e-27
  2.2427e+05   4.87e-27
  2.3348e+05   4.59e-27
  2.4306e+05   4.33e-27
  2.5304e+05   4.07e-27
  2.6343e+05   3.83e-27
  2.7424e+05   3.59e-27
  2.8550e+05   3.37e-27
  2.9722e+05   3.15e-27
  3.0942e+05   2.95e-27
  3.2213e+05   2.76e-27
  3.3535e+05   2.57e-27
  3.4912e+05   2.40e-27
  3.6345e+05   2.23e-27
  3.7837e+05   2.07e-27
  3.9390e+05   1.92e-27
  4.1008e+05   1.78e-27
  4.2691e+05   1.65e-27
  4.4444e+05   1.53e-27
  4.6268e+05   1.41e-27
  4.8168e+05   1.30e-27
  5.0145e+05   1.19e-27
  5.2204e+05   1.10e-27
  5.4347e+05   1.01e-27
  5.6578e+05   9.25e-28
  5.8901e+05   8.47e-28
  6.1319e+05   7.76e-28
  6.3836e+05   7.09e-28
  6.6457e+05   6.48e-28
  6.9185e+05   5.91e-28
  7.2025e+05   5.39e-28
  7.4982e+05   4.91e-28
  7.8061e+05   4.48e-28
  8.1265e+05   4.08e-28
  8.4601e+05   3.71e-28
  8.8075e+05   3.38e-28
  9.1690e+05   3.07e-28
  9.5455e+05   2.80e-28
  9.9373e+05   2.55e-28
  1.0345e+06   2.32e-28
  1.0770e+06   2.11e-28
  1.1212e+06   1.92e-28
  1.1672e+06   1.74e-28
  1.2152e+06   1.59e-28
  1.2650e+06   1.45e-28
  1.3170e+06   1.32e-28
  1.3711e+06   1.20e-28
  1.4273e+06   1.09e-28
  1.4859e+06   9.98e-29
  1.5469e+06   9.11e-29
  1.6104e+06   8.31e-29
  1.6766e+06   7.58e-29
  1.7454e+06   6.92e-29
  1.8170e+06   6.31e-29
  1.8916e+06   5.76e-29
  1.9693e+06   5.26e-29
  2.0501e+06   4.79e-29
  2.1343e+06   4.37e-29
  2.2219e+06   3.98e-29
  2.3131e+06   3.62e-29
  2.4081e+06   3.30e-29
  2.5070e+06   2.99e-29
  2.6099e+06   2.72e-29
  2.7170e+06   2.47e-29
  2.8286e+06   2.23e-29
  2.9447e+06   2.02e-29
  3.0656e+06   1.83e-29
  3.1914e+06   1.65e-29
  3.3225e+06   1.48e-29
  3.4589e+06   1.33e-29
  3.6008e+06   1.19e-29
  3.7487e+06   1.07e-29
  3.9026e+06   9.53e-30
  4.0628e+06   8.46e-30
  4.2296e+06   7.51e-30
  4.4032e+06   6.63e-30
  4.5840e+06   5.83e-30
  4.7722e+06   5.12e-30
  4.9681e+06   4.48e-30
  5.1720e+06   3.89e-30
  5.3844e+06   3.37e-30
  5.6054e+06   2.90e-30
  5.8355e+06   2.49e-30
  6.0751e+06   2.12e-30
  6.3245e+06   1.80e-30
  6.5841e+06   1.51e-30
  6.8544e+06   1.26e-30
  7.1358e+06   1.05e-30
  7.4288e+06   8.59e-31
  7.7338e+06   7.01e-31
  8.0513e+06   5.64e-31
  8.3818e+06   4.50e-31
  8.7259e+06   3.55e-31
  9.0841e+06   2.75e-31
  9.4571e+06   2.12e-31
  9.8453e+06   1.60e-31
  1.0249e+07   1.18e-31
  1.0670e+07   8.64e-32
  1.1108e+07   6.16e-32
  1.1564e+07   4.28e-32
  1.2039e+07   2.92e-32
  1.2533e+07   1.93e-32
  1.3048e+07   1.23e-32
  1.3584e+07   7.62e-33
  1.4141e+07   4.52e-33
  1.4722e+07   2.56e-33
  1.5326e+07   1.39e-33
  1.5955e+07   7.06e-34
  1.6610e+07   3.37e-34
  1.7292e+07   1.50e-34
  1.8002e+07   6.12e-35
  1.8741e+07   2.28e-35
  1.9511e+07   7.61e-36
  2.0312e+07   2.23e-36
  2.1145e+07   5.67e-37
  2.2013e+07   1.22e-37
  2.2917e+07   2.14e-38
  2.3858e+07   3.03e-39
  2.4837e+07   3.26e-40
  2.5857e+07   2.54e-41
  2.6919e+07   1.38e-42
  2.8024e+07   4.80e-44
  2.9174e+07   9.74e-46
  3.0372e+07   1.06e-47
  3.1619e+07   5.34e-50
  3.2917e+07   1.05e-52
  3.4268e+07   6.75e-56
  3.5675e+07   1.06e-59
  3.7140e+07   2.98e-64
  3.8664e+07   9.93e-70
  4.0252e+07   3.96e-72
  4.1904e+07   3.37e-72
  4.3624e+07   2.89e-72
  4.5415e+07   2.44e-72
  4.7280e+07   2.09e-72
  4.9221e+07   1.80e-72
  5.1241e+07   1.52e-72
  5.3345e+07   1.32e-72
  5.5535e+07   1.14e-72
  5.7815e+07   9.71e-73
  6.0188e+07   8.53e-73
  6.2659e+07   7.43e-73
  6.5232e+07   6.43e-73
  6.7910e+07   5.73e-73
  7.0698e+07   5.08e-73
  7.3600e+07   4.50e-73
  7.6621e+07   4.06e-73
  7.9767e+07   3.65e-73
  8.3042e+07   3.30e-73
  8.6451e+07   3.02e-73
  9.0000e+07   2.75e-73
