#  E [MeV]   Flux [# cm^{-2} s^{-1}  MeV^{-1}]
  3.0000e+04   1.01e-25
  3.0962e+04   9.70e-26
  3.1955e+04   9.36e-26
  3.2979e+04   9.02e-26
  3.4037e+04   8.70e-26
  3.5128e+04   8.39e-26
  3.6254e+04   8.09e-26
  3.7417e+04   7.80e-26
  3.8616e+04   7.52e-26
  3.9855e+04   7.25e-26
  4.1132e+04   6.99e-26
  4.2451e+04   6.73e-26
  4.3812e+04   6.49e-26
  4.5217e+04   6.25e-26
  4.6667e+04   6.03e-26
  4.8163e+04   5.81e-26
  4.9707e+04   5.59e-26
  5.1301e+04   5.39e-26
  5.2946e+04   5.19e-26
  5.4644e+04   5.00e-26
  5.6396e+04   4.82e-26
  5.8204e+04   4.64e-26
  6.0070e+04   4.47e-26
  6.1996e+04   4.31e-26
  6.3984e+04   4.15e-26
  6.6035e+04   4.00e-26
  6.8153e+04   3.85e-26
  7.0338e+04   3.71e-26
  7.2593e+04   3.58e-26
  7.4921e+04   3.45e-26
  7.7323e+04   3.32e-26
  7.9802e+04   3.20e-26
  8.2361e+04   3.08e-26
  8.5002e+04   2.97e-26
  8.7727e+04   2.87e-26
  9.0540e+04   2.76e-26
  9.3443e+04   2.66e-26
  9.6439e+04   2.57e-26
  9.9531e+04   2.48e-26
  1.0272e+05   2.39e-26
  1.0602e+05   2.31e-26
  1.0942e+05   2.22e-26
  1.1292e+05   2.15e-26
  1.1654e+05   2.07e-26
  1.2028e+05   2.00e-26
  1.2414e+05   1.93e-26
  1.2812e+05   1.87e-26
  1.3223e+05   1.80e-26
  1.3646e+05   1.74e-26
  1.4084e+05   1.69e-26
  1.4536e+05   1.63e-26
  1.5002e+05   1.58e-26
  1.5483e+05   1.52e-26
  1.5979e+05   1.47e-26
  1.6491e+05   1.43e-26
  1.7020e+05   1.38e-26
  1.7566e+05   1.34e-26
  1.8129e+05   1.29e-26
  1.8710e+05   1.25e-26
  1.9310e+05   1.21e-26
  1.9929e+05   1.17e-26
  2.0568e+05   1.14e-26
  2.1228e+05   1.10e-26
  2.1909e+05   1.07e-26
  2.2611e+05   1.04e-26
  2.3336e+05   1.01e-26
  2.4084e+05   9.76e-27
  2.4856e+05   9.47e-27
  2.5653e+05   9.19e-27
  2.6476e+05   8.92e-27
  2.7325e+05   8.66e-27
  2.8201e+05   8.41e-27
  2.9105e+05   8.16e-27
  3.0038e+05   7.92e-27
  3.1002e+05   7.69e-27
  3.1996e+05   7.47e-27
  3.3021e+05   7.25e-27
  3.4080e+05   7.04e-27
  3.5173e+05   6.84e-27
  3.6301e+05   6.64e-27
  3.7465e+05   6.45e-27
  3.8666e+05   6.26e-27
  3.9905e+05   6.08e-27
  4.1185e+05   5.91e-27
  4.2506e+05   5.74e-27
  4.3868e+05   5.57e-27
  4.5275e+05   5.41e-27
  4.6727e+05   5.25e-27
  4.8225e+05   5.10e-27
  4.9771e+05   4.95e-27
  5.1367e+05   4.80e-27
  5.3014e+05   4.66e-27
  5.4714e+05   4.52e-27
  5.6468e+05   4.39e-27
  5.8278e+05   4.26e-27
  6.0147e+05   4.13e-27
  6.2075e+05   4.00e-27
  6.4066e+05   3.88e-27
  6.6120e+05   3.77e-27
  6.8240e+05   3.65e-27
  7.0428e+05   3.54e-27
  7.2686e+05   3.43e-27
  7.5017e+05   3.33e-27
  7.7422e+05   3.23e-27
  7.9904e+05   3.13e-27
  8.2466e+05   3.03e-27
  8.5110e+05   2.94e-27
  8.7839e+05   2.85e-27
  9.0656e+05   2.76e-27
  9.3562e+05   2.67e-27
  9.6562e+05   2.59e-27
  9.9658e+05   2.51e-27
  1.0285e+06   2.43e-27
  1.0615e+06   2.35e-27
  1.0956e+06   2.28e-27
  1.1307e+06   2.20e-27
  1.1669e+06   2.13e-27
  1.2043e+06   2.07e-27
  1.2430e+06   2.00e-27
  1.2828e+06   1.93e-27
  1.3239e+06   1.87e-27
  1.3664e+06   1.81e-27
  1.4102e+06   1.75e-27
  1.4554e+06   1.69e-27
  1.5021e+06   1.64e-27
  1.5502e+06   1.58e-27
  1.6000e+06   1.53e-27
  1.6513e+06   1.48e-27
  1.7042e+06   1.43e-27
  1.7588e+06   1.38e-27
  1.8152e+06   1.33e-27
  1.8734e+06   1.28e-27
  1.9335e+06   1.24e-27
  1.9955e+06   1.19e-27
  2.0595e+06   1.15e-27
  2.1255e+06   1.11e-27
  2.1937e+06   1.07e-27
  2.2640e+06   1.03e-27
  2.3366e+06   9.86e-28
  2.4115e+06   9.48e-28
  2.4888e+06   9.09e-28
  2.5686e+06   8.72e-28
  2.6510e+06   8.36e-28
  2.7360e+06   8.01e-28
  2.8237e+06   7.66e-28
  2.9142e+06   7.32e-28
  3.0077e+06   7.00e-28
  3.1041e+06   6.68e-28
  3.2036e+06   6.36e-28
  3.3064e+06   6.05e-28
  3.4124e+06   5.75e-28
  3.5218e+06   5.45e-28
  3.6347e+06   5.17e-28
  3.7512e+06   4.89e-28
  3.8715e+06   4.63e-28
  3.9957e+06   4.36e-28
  4.1238e+06   4.11e-28
  4.2560e+06   3.87e-28
  4.3924e+06   3.63e-28
  4.5333e+06   3.40e-28
  4.6786e+06   3.18e-28
  4.8286e+06   2.98e-28
  4.9835e+06   2.77e-28
  5.1433e+06   2.58e-28
  5.3082e+06   2.39e-28
  5.4784e+06   2.22e-28
  5.6540e+06   2.05e-28
  5.8353e+06   1.88e-28
  6.0224e+06   1.73e-28
  6.2155e+06   1.59e-28
  6.4148e+06   1.45e-28
  6.6205e+06   1.31e-28
  6.8327e+06   1.19e-28
  7.0518e+06   1.07e-28
  7.2779e+06   9.65e-29
  7.5113e+06   8.64e-29
  7.7521e+06   7.70e-29
  8.0007e+06   6.85e-29
  8.2572e+06   6.06e-29
  8.5219e+06   5.33e-29
  8.7952e+06   4.67e-29
  9.0772e+06   4.08e-29
  9.3682e+06   3.54e-29
  9.6686e+06   3.05e-29
  9.9786e+06   2.62e-29
  1.0299e+07   2.24e-29
  1.0629e+07   1.89e-29
  1.0970e+07   1.58e-29
  1.1321e+07   1.33e-29
  1.1684e+07   1.11e-29
  1.2059e+07   9.05e-30
  1.2446e+07   7.44e-30
  1.2845e+07   6.11e-30
  1.3256e+07   4.94e-30
  1.3681e+07   3.93e-30
  1.4120e+07   3.20e-30
  1.4573e+07   2.58e-30
  1.5040e+07   2.04e-30
  1.5522e+07   1.62e-30
  1.6020e+07   1.32e-30
