#  E [MeV]   Flux [# cm^{-2} s^{-1}  MeV^{-1}]
  3.0000e+04   6.24e-21
  3.1123e+04   6.01e-21
  3.2288e+04   5.78e-21
  3.3497e+04   5.57e-21
  3.4751e+04   5.36e-21
  3.6051e+04   5.15e-21
  3.7401e+04   4.95e-21
  3.8801e+04   4.76e-21
  4.0253e+04   4.58e-21
  4.1760e+04   4.40e-21
  4.3324e+04   4.23e-21
  4.4945e+04   4.07e-21
  4.6628e+04   3.91e-21
  4.8373e+04   3.75e-21
  5.0184e+04   3.60e-21
  5.2063e+04   3.46e-21
  5.4011e+04   3.32e-21
  5.6033e+04   3.19e-21
  5.8131e+04   3.06e-21
  6.0307e+04   2.94e-21
  6.2564e+04   2.82e-21
  6.4906e+04   2.70e-21
  6.7336e+04   2.59e-21
  6.9857e+04   2.48e-21
  7.2472e+04   2.38e-21
  7.5184e+04   2.28e-21
  7.7999e+04   2.19e-21
  8.0919e+04   2.10e-21
  8.3948e+04   2.01e-21
  8.7090e+04   1.92e-21
  9.0350e+04   1.84e-21
  9.3732e+04   1.76e-21
  9.7241e+04   1.69e-21
  1.0088e+05   1.62e-21
  1.0466e+05   1.55e-21
  1.0858e+05   1.48e-21
  1.1264e+05   1.42e-21
  1.1686e+05   1.35e-21
  1.2123e+05   1.30e-21
  1.2577e+05   1.24e-21
  1.3048e+05   1.19e-21
  1.3536e+05   1.13e-21
  1.4043e+05   1.08e-21
  1.4568e+05   1.04e-21
  1.5114e+05   9.90e-22
  1.5680e+05   9.46e-22
  1.6266e+05   9.05e-22
  1.6875e+05   8.65e-22
  1.7507e+05   8.26e-22
  1.8162e+05   7.90e-22
  1.8842e+05   7.55e-22
  1.9548e+05   7.21e-22
  2.0279e+05   6.89e-22
  2.1039e+05   6.59e-22
  2.1826e+05   6.29e-22
  2.2643e+05   6.01e-22
  2.3491e+05   5.75e-22
  2.4370e+05   5.49e-22
  2.5282e+05   5.25e-22
  2.6229e+05   5.02e-22
  2.7211e+05   4.80e-22
  2.8229e+05   4.59e-22
  2.9286e+05   4.39e-22
  3.0382e+05   4.20e-22
  3.1519e+05   4.02e-22
  3.2699e+05   3.85e-22
  3.3923e+05   3.68e-22
  3.5193e+05   3.52e-22
  3.6511e+05   3.38e-22
  3.7877e+05   3.23e-22
  3.9295e+05   3.10e-22
  4.0766e+05   2.97e-22
  4.2292e+05   2.85e-22
  4.3875e+05   2.73e-22
  4.5518e+05   2.62e-22
  4.7222e+05   2.51e-22
  4.8989e+05   2.41e-22
  5.0823e+05   2.31e-22
  5.2726e+05   2.22e-22
  5.4699e+05   2.14e-22
  5.6747e+05   2.05e-22
  5.8871e+05   1.98e-22
  6.1075e+05   1.90e-22
  6.3361e+05   1.83e-22
  6.5733e+05   1.76e-22
  6.8194e+05   1.70e-22
  7.0746e+05   1.64e-22
  7.3395e+05   1.58e-22
  7.6142e+05   1.52e-22
  7.8992e+05   1.47e-22
  8.1949e+05   1.42e-22
  8.5017e+05   1.37e-22
  8.8199e+05   1.33e-22
  9.1501e+05   1.28e-22
  9.4926e+05   1.24e-22
  9.8479e+05   1.20e-22
  1.0217e+06   1.16e-22
  1.0599e+06   1.12e-22
  1.0996e+06   1.09e-22
  1.1407e+06   1.05e-22
  1.1834e+06   1.02e-22
  1.2277e+06   9.91e-23
  1.2737e+06   9.61e-23
  1.3214e+06   9.33e-23
  1.3708e+06   9.05e-23
  1.4222e+06   8.78e-23
  1.4754e+06   8.52e-23
  1.5306e+06   8.28e-23
  1.5879e+06   8.04e-23
  1.6474e+06   7.81e-23
  1.7090e+06   7.59e-23
  1.7730e+06   7.37e-23
  1.8394e+06   7.16e-23
  1.9082e+06   6.96e-23
  1.9797e+06   6.77e-23
  2.0538e+06   6.58e-23
  2.1306e+06   6.40e-23
  2.2104e+06   6.22e-23
  2.2931e+06   6.04e-23
  2.3790e+06   5.87e-23
  2.4680e+06   5.71e-23
  2.5604e+06   5.54e-23
  2.6563e+06   5.39e-23
  2.7557e+06   5.23e-23
  2.8589e+06   5.08e-23
  2.9659e+06   4.93e-23
  3.0769e+06   4.78e-23
  3.1921e+06   4.64e-23
  3.3116e+06   4.50e-23
  3.4355e+06   4.36e-23
  3.5641e+06   4.23e-23
  3.6976e+06   4.09e-23
  3.8360e+06   3.96e-23
  3.9796e+06   3.84e-23
  4.1285e+06   3.71e-23
  4.2831e+06   3.59e-23
  4.4434e+06   3.47e-23
  4.6097e+06   3.35e-23
  4.7823e+06   3.23e-23
  4.9613e+06   3.11e-23
  5.1470e+06   3.00e-23
  5.3397e+06   2.89e-23
  5.5396e+06   2.78e-23
  5.7470e+06   2.67e-23
  5.9621e+06   2.56e-23
  6.1853e+06   2.46e-23
  6.4168e+06   2.35e-23
  6.6570e+06   2.25e-23
  6.9062e+06   2.15e-23
  7.1647e+06   2.06e-23
  7.4329e+06   1.96e-23
  7.7112e+06   1.87e-23
  7.9998e+06   1.78e-23
  8.2993e+06   1.69e-23
  8.6100e+06   1.60e-23
  8.9323e+06   1.52e-23
  9.2666e+06   1.43e-23
  9.6135e+06   1.35e-23
  9.9734e+06   1.27e-23
  1.0347e+07   1.19e-23
  1.0734e+07   1.12e-23
  1.1136e+07   1.05e-23
  1.1553e+07   9.75e-24
  1.1985e+07   9.07e-24
  1.2434e+07   8.43e-24
  1.2899e+07   7.80e-24
  1.3382e+07   7.19e-24
  1.3883e+07   6.62e-24
  1.4403e+07   6.06e-24
  1.4942e+07   5.54e-24
  1.5501e+07   5.04e-24
  1.6081e+07   4.56e-24
  1.6683e+07   4.11e-24
  1.7308e+07   3.69e-24
  1.7956e+07   3.29e-24
  1.8628e+07   2.91e-24
  1.9325e+07   2.55e-24
  2.0049e+07   2.23e-24
  2.0799e+07   1.93e-24
  2.1578e+07   1.65e-24
  2.2386e+07   1.40e-24
  2.3224e+07   1.17e-24
  2.4093e+07   9.69e-25
  2.4995e+07   7.88e-25
  2.5930e+07   6.35e-25
  2.6901e+07   5.01e-25
  2.7908e+07   3.85e-25
  2.8953e+07   2.90e-25
  3.0037e+07   2.12e-25
  3.1161e+07   1.49e-25
  3.2327e+07   1.01e-25
  3.3537e+07   6.57e-26
  3.4793e+07   3.99e-26
  3.6095e+07   2.30e-26
  3.7446e+07   1.22e-26
  3.8848e+07   5.81e-27
  4.0302e+07   2.47e-27
  4.1811e+07   9.11e-28
  4.3376e+07   2.74e-28
  4.5000e+07   6.51e-29
