#  E [GeV]   # per interaction  [GeV^{-1}]
  3.0000e+01   5.83e-01
  3.1141e+01   5.60e-01
  3.2326e+01   5.37e-01
  3.3556e+01   5.15e-01
  3.4832e+01   4.94e-01
  3.6157e+01   4.74e-01
  3.7533e+01   4.54e-01
  3.8961e+01   4.36e-01
  4.0443e+01   4.18e-01
  4.1982e+01   4.00e-01
  4.3579e+01   3.84e-01
  4.5237e+01   3.68e-01
  4.6958e+01   3.53e-01
  4.8744e+01   3.38e-01
  5.0598e+01   3.24e-01
  5.2523e+01   3.10e-01
  5.4521e+01   2.97e-01
  5.6596e+01   2.85e-01
  5.8749e+01   2.73e-01
  6.0984e+01   2.61e-01
  6.3304e+01   2.50e-01
  6.5712e+01   2.40e-01
  6.8212e+01   2.30e-01
  7.0807e+01   2.20e-01
  7.3500e+01   2.10e-01
  7.6297e+01   2.01e-01
  7.9199e+01   1.93e-01
  8.2212e+01   1.84e-01
  8.5340e+01   1.76e-01
  8.8586e+01   1.69e-01
  9.1956e+01   1.61e-01
  9.5455e+01   1.54e-01
  9.9086e+01   1.47e-01
  1.0286e+02   1.41e-01
  1.0677e+02   1.35e-01
  1.1083e+02   1.29e-01
  1.1505e+02   1.23e-01
  1.1942e+02   1.17e-01
  1.2397e+02   1.12e-01
  1.2868e+02   1.07e-01
  1.3358e+02   1.02e-01
  1.3866e+02   9.74e-02
  1.4394e+02   9.29e-02
  1.4941e+02   8.86e-02
  1.5509e+02   8.44e-02
  1.6100e+02   8.04e-02
  1.6712e+02   7.66e-02
  1.7348e+02   7.30e-02
  1.8008e+02   6.95e-02
  1.8693e+02   6.61e-02
  1.9404e+02   6.29e-02
  2.0142e+02   5.98e-02
  2.0908e+02   5.68e-02
  2.1704e+02   5.40e-02
  2.2529e+02   5.13e-02
  2.3387e+02   4.87e-02
  2.4276e+02   4.62e-02
  2.5200e+02   4.39e-02
  2.6158e+02   4.16e-02
  2.7154e+02   3.94e-02
  2.8187e+02   3.74e-02
  2.9259e+02   3.54e-02
  3.0372e+02   3.35e-02
  3.1527e+02   3.17e-02
  3.2727e+02   3.00e-02
  3.3972e+02   2.83e-02
  3.5264e+02   2.67e-02
  3.6606e+02   2.52e-02
  3.7998e+02   2.38e-02
  3.9444e+02   2.24e-02
  4.0945e+02   2.11e-02
  4.2502e+02   1.99e-02
  4.4119e+02   1.87e-02
  4.5798e+02   1.76e-02
  4.7540e+02   1.65e-02
  4.9348e+02   1.55e-02
  5.1226e+02   1.46e-02
  5.3175e+02   1.37e-02
  5.5198e+02   1.28e-02
  5.7297e+02   1.20e-02
  5.9477e+02   1.13e-02
  6.1740e+02   1.06e-02
  6.4089e+02   9.89e-03
  6.6527e+02   9.25e-03
  6.9058e+02   8.64e-03
  7.1685e+02   8.08e-03
  7.4412e+02   7.54e-03
  7.7243e+02   7.04e-03
  8.0181e+02   6.57e-03
  8.3232e+02   6.13e-03
  8.6398e+02   5.71e-03
  8.9685e+02   5.33e-03
  9.3097e+02   4.96e-03
  9.6638e+02   4.62e-03
  1.0031e+03   4.30e-03
  1.0413e+03   4.01e-03
  1.0809e+03   3.73e-03
  1.1220e+03   3.47e-03
  1.1647e+03   3.22e-03
  1.2090e+03   3.00e-03
  1.2550e+03   2.78e-03
  1.3028e+03   2.58e-03
  1.3523e+03   2.40e-03
  1.4038e+03   2.22e-03
  1.4572e+03   2.06e-03
  1.5126e+03   1.91e-03
  1.5702e+03   1.77e-03
  1.6299e+03   1.64e-03
  1.6919e+03   1.52e-03
  1.7563e+03   1.41e-03
  1.8231e+03   1.30e-03
  1.8925e+03   1.21e-03
  1.9645e+03   1.11e-03
  2.0392e+03   1.03e-03
  2.1168e+03   9.52e-04
  2.1973e+03   8.78e-04
  2.2809e+03   8.11e-04
  2.3677e+03   7.48e-04
  2.4577e+03   6.89e-04
  2.5512e+03   6.35e-04
  2.6483e+03   5.84e-04
  2.7490e+03   5.36e-04
  2.8536e+03   4.93e-04
  2.9622e+03   4.53e-04
  3.0749e+03   4.15e-04
  3.1918e+03   3.81e-04
  3.3133e+03   3.49e-04
  3.4393e+03   3.19e-04
  3.5702e+03   2.92e-04
  3.7060e+03   2.67e-04
  3.8470e+03   2.44e-04
  3.9933e+03   2.22e-04
  4.1452e+03   2.03e-04
  4.3029e+03   1.84e-04
  4.4666e+03   1.67e-04
  4.6366e+03   1.52e-04
  4.8129e+03   1.38e-04
  4.9960e+03   1.25e-04
  5.1861e+03   1.13e-04
  5.3834e+03   1.02e-04
  5.5882e+03   9.18e-05
  5.8008e+03   8.28e-05
  6.0215e+03   7.44e-05
  6.2506e+03   6.67e-05
  6.4883e+03   5.99e-05
  6.7352e+03   5.36e-05
  6.9914e+03   4.78e-05
  7.2574e+03   4.27e-05
  7.5335e+03   3.79e-05
  7.8201e+03   3.36e-05
  8.1176e+03   2.99e-05
  8.4264e+03   2.64e-05
  8.7470e+03   2.32e-05
  9.0797e+03   2.05e-05
  9.4251e+03   1.80e-05
  9.7837e+03   1.57e-05
  1.0156e+04   1.37e-05
  1.0542e+04   1.19e-05
  1.0943e+04   1.03e-05
  1.1360e+04   8.93e-06
  1.1792e+04   7.68e-06
  1.2240e+04   6.55e-06
  1.2706e+04   5.61e-06
  1.3189e+04   4.77e-06
  1.3691e+04   4.01e-06
  1.4212e+04   3.37e-06
  1.4753e+04   2.82e-06
  1.5314e+04   2.33e-06
  1.5897e+04   1.91e-06
  1.6501e+04   1.56e-06
  1.7129e+04   1.26e-06
  1.7781e+04   1.00e-06
  1.8457e+04   7.92e-07
  1.9159e+04   6.13e-07
  1.9888e+04   4.68e-07
  2.0645e+04   3.52e-07
  2.1430e+04   2.58e-07
  2.2245e+04   1.84e-07
  2.3092e+04   1.28e-07
  2.3970e+04   8.54e-08
  2.4882e+04   5.47e-08
  2.5829e+04   3.35e-08
  2.6811e+04   1.92e-08
  2.7831e+04   1.02e-08
  2.8890e+04   5.04e-09
  2.9989e+04   2.22e-09
  3.1130e+04   8.62e-10
  3.2314e+04   2.92e-10
  3.3544e+04   8.13e-11
  3.4820e+04   1.79e-11
  3.6144e+04   3.04e-12
  3.7519e+04   3.59e-13
  3.8947e+04   2.69e-14
  4.0428e+04   1.26e-15
  4.1966e+04   2.82e-17
  4.3563e+04   2.53e-19
  4.5220e+04   8.85e-22
  4.6941e+04   6.48e-25
  4.8726e+04   6.39e-29
  5.0580e+04   5.25e-34
