#  E [GeV]   # per interaction  [GeV^{-1}]
  3.0000e+01   2.65e-02
  3.1123e+01   2.55e-02
  3.2288e+01   2.45e-02
  3.3497e+01   2.36e-02
  3.4751e+01   2.27e-02
  3.6051e+01   2.18e-02
  3.7401e+01   2.10e-02
  3.8801e+01   2.02e-02
  4.0253e+01   1.94e-02
  4.1760e+01   1.86e-02
  4.3324e+01   1.79e-02
  4.4945e+01   1.72e-02
  4.6628e+01   1.65e-02
  4.8373e+01   1.59e-02
  5.0184e+01   1.52e-02
  5.2063e+01   1.46e-02
  5.4011e+01   1.40e-02
  5.6033e+01   1.34e-02
  5.8131e+01   1.29e-02
  6.0307e+01   1.24e-02
  6.2564e+01   1.19e-02
  6.4906e+01   1.14e-02
  6.7336e+01   1.09e-02
  6.9857e+01   1.05e-02
  7.2472e+01   1.00e-02
  7.5184e+01   9.59e-03
  7.7999e+01   9.19e-03
  8.0919e+01   8.80e-03
  8.3948e+01   8.42e-03
  8.7090e+01   8.06e-03
  9.0350e+01   7.72e-03
  9.3732e+01   7.38e-03
  9.7241e+01   7.06e-03
  1.0088e+02   6.76e-03
  1.0466e+02   6.46e-03
  1.0858e+02   6.18e-03
  1.1264e+02   5.91e-03
  1.1686e+02   5.64e-03
  1.2123e+02   5.39e-03
  1.2577e+02   5.15e-03
  1.3048e+02   4.92e-03
  1.3536e+02   4.70e-03
  1.4043e+02   4.49e-03
  1.4568e+02   4.28e-03
  1.5114e+02   4.09e-03
  1.5680e+02   3.90e-03
  1.6266e+02   3.72e-03
  1.6875e+02   3.55e-03
  1.7507e+02   3.39e-03
  1.8162e+02   3.23e-03
  1.8842e+02   3.08e-03
  1.9548e+02   2.94e-03
  2.0279e+02   2.80e-03
  2.1039e+02   2.67e-03
  2.1826e+02   2.54e-03
  2.2643e+02   2.42e-03
  2.3491e+02   2.31e-03
  2.4370e+02   2.20e-03
  2.5282e+02   2.09e-03
  2.6229e+02   1.99e-03
  2.7211e+02   1.90e-03
  2.8229e+02   1.81e-03
  2.9286e+02   1.72e-03
  3.0382e+02   1.64e-03
  3.1519e+02   1.56e-03
  3.2699e+02   1.48e-03
  3.3923e+02   1.41e-03
  3.5193e+02   1.34e-03
  3.6511e+02   1.28e-03
  3.7877e+02   1.21e-03
  3.9295e+02   1.15e-03
  4.0766e+02   1.10e-03
  4.2292e+02   1.04e-03
  4.3875e+02   9.92e-04
  4.5518e+02   9.43e-04
  4.7222e+02   8.97e-04
  4.8989e+02   8.53e-04
  5.0823e+02   8.11e-04
  5.2726e+02   7.71e-04
  5.4699e+02   7.33e-04
  5.6747e+02   6.98e-04
  5.8871e+02   6.64e-04
  6.1075e+02   6.32e-04
  6.3361e+02   6.02e-04
  6.5733e+02   5.73e-04
  6.8194e+02   5.46e-04
  7.0746e+02   5.21e-04
  7.3395e+02   4.96e-04
  7.6142e+02   4.73e-04
  7.8992e+02   4.51e-04
  8.1949e+02   4.31e-04
  8.5017e+02   4.11e-04
  8.8199e+02   3.93e-04
  9.1501e+02   3.76e-04
  9.4926e+02   3.59e-04
  9.8479e+02   3.44e-04
  1.0217e+03   3.29e-04
  1.0599e+03   3.15e-04
  1.0996e+03   3.02e-04
  1.1407e+03   2.90e-04
  1.1834e+03   2.78e-04
  1.2277e+03   2.67e-04
  1.2737e+03   2.57e-04
  1.3214e+03   2.47e-04
  1.3708e+03   2.37e-04
  1.4222e+03   2.28e-04
  1.4754e+03   2.20e-04
  1.5306e+03   2.12e-04
  1.5879e+03   2.04e-04
  1.6474e+03   1.97e-04
  1.7090e+03   1.90e-04
  1.7730e+03   1.83e-04
  1.8394e+03   1.77e-04
  1.9082e+03   1.70e-04
  1.9797e+03   1.65e-04
  2.0538e+03   1.59e-04
  2.1306e+03   1.54e-04
  2.2104e+03   1.48e-04
  2.2931e+03   1.43e-04
  2.3790e+03   1.38e-04
  2.4680e+03   1.34e-04
  2.5604e+03   1.29e-04
  2.6563e+03   1.25e-04
  2.7557e+03   1.20e-04
  2.8589e+03   1.16e-04
  2.9659e+03   1.12e-04
  3.0769e+03   1.08e-04
  3.1921e+03   1.04e-04
  3.3116e+03   9.97e-05
  3.4355e+03   9.59e-05
  3.5641e+03   9.21e-05
  3.6976e+03   8.84e-05
  3.8360e+03   8.48e-05
  3.9796e+03   8.12e-05
  4.1285e+03   7.77e-05
  4.2831e+03   7.43e-05
  4.4434e+03   7.08e-05
  4.6097e+03   6.75e-05
  4.7823e+03   6.42e-05
  4.9613e+03   6.09e-05
  5.1470e+03   5.77e-05
  5.3397e+03   5.46e-05
  5.5396e+03   5.15e-05
  5.7470e+03   4.85e-05
  5.9621e+03   4.56e-05
  6.1853e+03   4.27e-05
  6.4168e+03   3.99e-05
  6.6570e+03   3.72e-05
  6.9062e+03   3.45e-05
  7.1647e+03   3.19e-05
  7.4329e+03   2.94e-05
  7.7112e+03   2.70e-05
  7.9998e+03   2.47e-05
  8.2993e+03   2.25e-05
  8.6100e+03   2.04e-05
  8.9323e+03   1.84e-05
  9.2666e+03   1.65e-05
  9.6135e+03   1.47e-05
  9.9734e+03   1.30e-05
  1.0347e+04   1.14e-05
  1.0734e+04   9.93e-06
  1.1136e+04   8.57e-06
  1.1553e+04   7.34e-06
  1.1985e+04   6.22e-06
  1.2434e+04   5.21e-06
  1.2899e+04   4.31e-06
  1.3382e+04   3.52e-06
  1.3883e+04   2.84e-06
  1.4403e+04   2.24e-06
  1.4942e+04   1.75e-06
  1.5501e+04   1.33e-06
  1.6081e+04   9.91e-07
  1.6683e+04   7.21e-07
  1.7308e+04   5.09e-07
  1.7956e+04   3.48e-07
  1.8628e+04   2.29e-07
  1.9325e+04   1.45e-07
  2.0049e+04   8.77e-08
  2.0799e+04   5.02e-08
  2.1578e+04   2.71e-08
  2.2386e+04   1.37e-08
  2.3224e+04   6.37e-09
  2.4093e+04   2.70e-09
  2.4995e+04   1.03e-09
  2.5930e+04   3.49e-10
  2.6901e+04   1.01e-10
  2.7908e+04   2.50e-11
  2.8953e+04   4.99e-12
  3.0037e+04   7.77e-13
  3.1161e+04   9.16e-14
  3.2327e+04   7.58e-15
  3.3537e+04   4.08e-16
  3.4793e+04   1.33e-17
  3.6095e+04   2.31e-19
  3.7446e+04   1.82e-21
  3.8848e+04   5.53e-24
  4.0302e+04   5.06e-27
  4.1811e+04   9.97e-31
  4.3376e+04   2.87e-35
  4.5000e+04   7.09e-41
