#  E [GeV]   # per interaction  [GeV^{-1}]
  3.0000e+01   1.43e+00
  3.1232e+01   1.37e+00
  3.2514e+01   1.30e+00
  3.3849e+01   1.24e+00
  3.5238e+01   1.19e+00
  3.6685e+01   1.13e+00
  3.8191e+01   1.08e+00
  3.9759e+01   1.03e+00
  4.1391e+01   9.80e-01
  4.3090e+01   9.34e-01
  4.4859e+01   8.90e-01
  4.6701e+01   8.47e-01
  4.8618e+01   8.07e-01
  5.0614e+01   7.68e-01
  5.2692e+01   7.32e-01
  5.4855e+01   6.96e-01
  5.7107e+01   6.63e-01
  5.9451e+01   6.31e-01
  6.1892e+01   6.00e-01
  6.4433e+01   5.71e-01
  6.7078e+01   5.43e-01
  6.9832e+01   5.16e-01
  7.2699e+01   4.91e-01
  7.5683e+01   4.66e-01
  7.8790e+01   4.43e-01
  8.2025e+01   4.21e-01
  8.5392e+01   4.00e-01
  8.8898e+01   3.80e-01
  9.2547e+01   3.61e-01
  9.6347e+01   3.43e-01
  1.0030e+02   3.25e-01
  1.0442e+02   3.09e-01
  1.0871e+02   2.93e-01
  1.1317e+02   2.78e-01
  1.1782e+02   2.64e-01
  1.2265e+02   2.50e-01
  1.2769e+02   2.37e-01
  1.3293e+02   2.25e-01
  1.3839e+02   2.13e-01
  1.4407e+02   2.02e-01
  1.4998e+02   1.91e-01
  1.5614e+02   1.81e-01
  1.6255e+02   1.72e-01
  1.6922e+02   1.63e-01
  1.7617e+02   1.54e-01
  1.8340e+02   1.46e-01
  1.9093e+02   1.38e-01
  1.9877e+02   1.30e-01
  2.0693e+02   1.23e-01
  2.1543e+02   1.17e-01
  2.2427e+02   1.10e-01
  2.3348e+02   1.04e-01
  2.4306e+02   9.85e-02
  2.5304e+02   9.30e-02
  2.6343e+02   8.79e-02
  2.7424e+02   8.29e-02
  2.8550e+02   7.83e-02
  2.9722e+02   7.38e-02
  3.0942e+02   6.96e-02
  3.2213e+02   6.57e-02
  3.3535e+02   6.19e-02
  3.4912e+02   5.83e-02
  3.6345e+02   5.49e-02
  3.7837e+02   5.17e-02
  3.9390e+02   4.87e-02
  4.1008e+02   4.58e-02
  4.2691e+02   4.31e-02
  4.4444e+02   4.05e-02
  4.6268e+02   3.81e-02
  4.8168e+02   3.58e-02
  5.0145e+02   3.36e-02
  5.2204e+02   3.16e-02
  5.4347e+02   2.96e-02
  5.6578e+02   2.78e-02
  5.8901e+02   2.60e-02
  6.1319e+02   2.44e-02
  6.3836e+02   2.29e-02
  6.6457e+02   2.14e-02
  6.9185e+02   2.00e-02
  7.2025e+02   1.87e-02
  7.4982e+02   1.75e-02
  7.8061e+02   1.64e-02
  8.1265e+02   1.53e-02
  8.4601e+02   1.43e-02
  8.8075e+02   1.33e-02
  9.1690e+02   1.24e-02
  9.5455e+02   1.16e-02
  9.9373e+02   1.08e-02
  1.0345e+03   1.00e-02
  1.0770e+03   9.34e-03
  1.1212e+03   8.69e-03
  1.1672e+03   8.09e-03
  1.2152e+03   7.52e-03
  1.2650e+03   6.99e-03
  1.3170e+03   6.49e-03
  1.3711e+03   6.03e-03
  1.4273e+03   5.59e-03
  1.4859e+03   5.19e-03
  1.5469e+03   4.81e-03
  1.6104e+03   4.45e-03
  1.6766e+03   4.13e-03
  1.7454e+03   3.82e-03
  1.8170e+03   3.53e-03
  1.8916e+03   3.26e-03
  1.9693e+03   3.01e-03
  2.0501e+03   2.78e-03
  2.1343e+03   2.57e-03
  2.2219e+03   2.37e-03
  2.3131e+03   2.18e-03
  2.4081e+03   2.01e-03
  2.5070e+03   1.84e-03
  2.6099e+03   1.69e-03
  2.7170e+03   1.55e-03
  2.8286e+03   1.42e-03
  2.9447e+03   1.31e-03
  3.0656e+03   1.20e-03
  3.1914e+03   1.09e-03
  3.3225e+03   9.99e-04
  3.4589e+03   9.11e-04
  3.6008e+03   8.31e-04
  3.7487e+03   7.57e-04
  3.9026e+03   6.88e-04
  4.0628e+03   6.26e-04
  4.2296e+03   5.69e-04
  4.4032e+03   5.15e-04
  4.5840e+03   4.66e-04
  4.7722e+03   4.22e-04
  4.9681e+03   3.80e-04
  5.1720e+03   3.43e-04
  5.3844e+03   3.09e-04
  5.6054e+03   2.77e-04
  5.8355e+03   2.49e-04
  6.0751e+03   2.23e-04
  6.3245e+03   1.99e-04
  6.5841e+03   1.79e-04
  6.8544e+03   1.59e-04
  7.1358e+03   1.42e-04
  7.4288e+03   1.26e-04
  7.7338e+03   1.12e-04
  8.0513e+03   9.90e-05
  8.3818e+03   8.78e-05
  8.7259e+03   7.73e-05
  9.0841e+03   6.81e-05
  9.4571e+03   6.00e-05
  9.8453e+03   5.24e-05
  1.0249e+04   4.59e-05
  1.0670e+04   4.01e-05
  1.1108e+04   3.48e-05
  1.1564e+04   3.04e-05
  1.2039e+04   2.63e-05
  1.2533e+04   2.26e-05
  1.3048e+04   1.96e-05
  1.3584e+04   1.69e-05
  1.4141e+04   1.44e-05
  1.4722e+04   1.23e-05
  1.5326e+04   1.05e-05
  1.5955e+04   8.86e-06
  1.6610e+04   7.52e-06
  1.7292e+04   6.30e-06
  1.8002e+04   5.25e-06
  1.8741e+04   4.38e-06
  1.9511e+04   3.60e-06
  2.0312e+04   2.95e-06
  2.1145e+04   2.41e-06
  2.2013e+04   1.94e-06
  2.2917e+04   1.55e-06
  2.3858e+04   1.23e-06
  2.4837e+04   9.49e-07
  2.5857e+04   7.31e-07
  2.6919e+04   5.51e-07
  2.8024e+04   4.00e-07
  2.9174e+04   2.88e-07
  3.0372e+04   1.99e-07
  3.1619e+04   1.31e-07
  3.2917e+04   8.32e-08
  3.4268e+04   4.92e-08
  3.5675e+04   2.68e-08
  3.7140e+04   1.34e-08
  3.8664e+04   5.88e-09
  4.0252e+04   2.20e-09
  4.1904e+04   6.77e-10
  4.3624e+04   1.59e-10
  4.5415e+04   2.64e-11
  4.7280e+04   2.80e-12
  4.9221e+04   1.61e-13
  5.1241e+04   4.12e-15
  5.3345e+04   3.51e-17
  5.5535e+04   6.54e-20
  5.7815e+04   1.50e-23
  6.0188e+04   1.81e-28
  6.2659e+04   3.24e-35
  6.5232e+04   1.37e-44
  6.7910e+04   1.53e-47
  7.0698e+04   1.40e-47
  7.3600e+04   1.28e-47
  7.6621e+04   1.16e-47
  7.9767e+04   1.05e-47
  8.3042e+04   9.38e-48
  8.6451e+04   8.36e-48
  9.0000e+04   7.48e-48
