#  E [MeV]   Flux [# cm^{-2} s^{-1}  MeV^{-1}]
  3.0000e+04   1.32e-24
  3.0696e+04   1.29e-24
  3.1408e+04   1.27e-24
  3.2137e+04   1.25e-24
  3.2883e+04   1.22e-24
  3.3646e+04   1.20e-24
  3.4426e+04   1.18e-24
  3.5225e+04   1.16e-24
  3.6042e+04   1.14e-24
  3.6878e+04   1.12e-24
  3.7734e+04   1.10e-24
  3.8609e+04   1.08e-24
  3.9505e+04   1.06e-24
  4.0422e+04   1.05e-24
  4.1360e+04   1.03e-24
  4.2319e+04   1.01e-24
  4.3301e+04   9.95e-25
  4.4306e+04   9.79e-25
  4.5334e+04   9.63e-25
  4.6386e+04   9.47e-25
  4.7462e+04   9.32e-25
  4.8563e+04   9.17e-25
  4.9690e+04   9.03e-25
  5.0843e+04   8.89e-25
  5.2022e+04   8.75e-25
  5.3229e+04   8.61e-25
  5.4464e+04   8.48e-25
  5.5728e+04   8.35e-25
  5.7021e+04   8.22e-25
  5.8344e+04   8.10e-25
  5.9697e+04   7.97e-25
  6.1083e+04   7.85e-25
  6.2500e+04   7.74e-25
  6.3950e+04   7.63e-25
  6.5434e+04   7.51e-25
  6.6952e+04   7.40e-25
  6.8505e+04   7.29e-25
  7.0095e+04   7.18e-25
  7.1721e+04   7.08e-25
  7.3385e+04   6.97e-25
  7.5088e+04   6.87e-25
  7.6830e+04   6.77e-25
  7.8612e+04   6.67e-25
  8.0436e+04   6.57e-25
  8.2302e+04   6.48e-25
  8.4212e+04   6.38e-25
  8.6166e+04   6.29e-25
  8.8165e+04   6.20e-25
  9.0210e+04   6.10e-25
  9.2304e+04   6.01e-25
  9.4445e+04   5.93e-25
  9.6636e+04   5.84e-25
  9.8878e+04   5.75e-25
  1.0117e+05   5.67e-25
  1.0352e+05   5.58e-25
  1.0592e+05   5.50e-25
  1.0838e+05   5.42e-25
  1.1089e+05   5.34e-25
  1.1347e+05   5.25e-25
  1.1610e+05   5.18e-25
  1.1879e+05   5.10e-25
  1.2155e+05   5.02e-25
  1.2437e+05   4.94e-25
  1.2725e+05   4.86e-25
  1.3021e+05   4.79e-25
  1.3323e+05   4.71e-25
  1.3632e+05   4.64e-25
  1.3948e+05   4.56e-25
  1.4272e+05   4.49e-25
  1.4603e+05   4.41e-25
  1.4942e+05   4.34e-25
  1.5288e+05   4.27e-25
  1.5643e+05   4.20e-25
  1.6006e+05   4.12e-25
  1.6377e+05   4.05e-25
  1.6757e+05   3.98e-25
  1.7146e+05   3.91e-25
  1.7544e+05   3.84e-25
  1.7951e+05   3.77e-25
  1.8368e+05   3.70e-25
  1.8794e+05   3.63e-25
  1.9230e+05   3.57e-25
  1.9676e+05   3.50e-25
  2.0132e+05   3.43e-25
  2.0600e+05   3.36e-25
  2.1078e+05   3.30e-25
  2.1567e+05   3.23e-25
  2.2067e+05   3.16e-25
  2.2579e+05   3.10e-25
  2.3103e+05   3.03e-25
  2.3639e+05   2.97e-25
  2.4187e+05   2.91e-25
  2.4748e+05   2.84e-25
  2.5323e+05   2.78e-25
  2.5910e+05   2.71e-25
  2.6511e+05   2.65e-25
  2.7126e+05   2.59e-25
  2.7756e+05   2.53e-25
  2.8400e+05   2.47e-25
  2.9059e+05   2.40e-25
  2.9733e+05   2.34e-25
  3.0423e+05   2.28e-25
  3.1129e+05   2.22e-25
  3.1851e+05   2.16e-25
  3.2590e+05   2.11e-25
  3.3346e+05   2.05e-25
  3.4120e+05   1.99e-25
  3.4911e+05   1.93e-25
  3.5721e+05   1.88e-25
  3.6550e+05   1.82e-25
  3.7398e+05   1.77e-25
  3.8266e+05   1.72e-25
  3.9154e+05   1.66e-25
  4.0062e+05   1.61e-25
  4.0991e+05   1.56e-25
  4.1943e+05   1.51e-25
  4.2916e+05   1.46e-25
  4.3911e+05   1.41e-25
  4.4930e+05   1.36e-25
  4.5973e+05   1.31e-25
  4.7039e+05   1.27e-25
  4.8131e+05   1.22e-25
  4.9247e+05   1.18e-25
  5.0390e+05   1.13e-25
  5.1559e+05   1.09e-25
  5.2755e+05   1.05e-25
  5.3979e+05   1.01e-25
  5.5232e+05   9.68e-26
  5.6513e+05   9.28e-26
  5.7824e+05   8.90e-26
  5.9166e+05   8.53e-26
  6.0539e+05   8.17e-26
  6.1943e+05   7.82e-26
  6.3381e+05   7.47e-26
  6.4851e+05   7.14e-26
  6.6356e+05   6.82e-26
  6.7895e+05   6.52e-26
  6.9471e+05   6.21e-26
  7.1082e+05   5.91e-26
  7.2732e+05   5.63e-26
  7.4419e+05   5.36e-26
  7.6146e+05   5.11e-26
  7.7912e+05   4.85e-26
  7.9720e+05   4.60e-26
  8.1570e+05   4.37e-26
  8.3462e+05   4.14e-26
  8.5399e+05   3.93e-26
  8.7380e+05   3.72e-26
  8.9407e+05   3.52e-26
  9.1482e+05   3.33e-26
  9.3604e+05   3.14e-26
  9.5776e+05   2.97e-26
  9.7998e+05   2.80e-26
  1.0027e+06   2.64e-26
  1.0260e+06   2.48e-26
  1.0498e+06   2.34e-26
  1.0741e+06   2.20e-26
  1.0991e+06   2.06e-26
  1.1246e+06   1.93e-26
  1.1507e+06   1.81e-26
  1.1774e+06   1.69e-26
  1.2047e+06   1.58e-26
  1.2326e+06   1.47e-26
  1.2612e+06   1.37e-26
  1.2905e+06   1.28e-26
  1.3204e+06   1.19e-26
  1.3511e+06   1.10e-26
  1.3824e+06   1.02e-26
  1.4145e+06   9.48e-27
  1.4473e+06   8.77e-27
  1.4809e+06   8.09e-27
  1.5152e+06   7.45e-27
  1.5504e+06   6.88e-27
  1.5864e+06   6.34e-27
  1.6232e+06   5.83e-27
  1.6608e+06   5.34e-27
  1.6994e+06   4.88e-27
  1.7388e+06   4.47e-27
  1.7791e+06   4.08e-27
  1.8204e+06   3.72e-27
  1.8626e+06   3.37e-27
  1.9059e+06   3.04e-27
  1.9501e+06   2.76e-27
  1.9953e+06   2.51e-27
  2.0416e+06   2.27e-27
  2.0890e+06   2.03e-27
  2.1375e+06   1.82e-27
  2.1870e+06   1.64e-27
  2.2378e+06   1.49e-27
  2.2897e+06   1.34e-27
  2.3428e+06   1.20e-27
  2.3972e+06   1.06e-27
  2.4528e+06   9.62e-28
  2.5097e+06   8.76e-28
  2.5680e+06   7.94e-28
  2.6275e+06   7.15e-28
  2.6885e+06   6.41e-28
  2.7509e+06   5.94e-28
  2.8147e+06   5.57e-28
  2.8800e+06   5.21e-28
