#  E [MeV]   Flux [# cm^{-2} s^{-1}  MeV^{-1}]
  3.0000e+04   2.84e-20
  3.1123e+04   2.71e-20
  3.2288e+04   2.59e-20
  3.3497e+04   2.48e-20
  3.4751e+04   2.36e-20
  3.6051e+04   2.26e-20
  3.7401e+04   2.16e-20
  3.8801e+04   2.06e-20
  4.0253e+04   1.97e-20
  4.1760e+04   1.88e-20
  4.3324e+04   1.79e-20
  4.4945e+04   1.71e-20
  4.6628e+04   1.63e-20
  4.8373e+04   1.56e-20
  5.0184e+04   1.48e-20
  5.2063e+04   1.41e-20
  5.4011e+04   1.35e-20
  5.6033e+04   1.29e-20
  5.8131e+04   1.23e-20
  6.0307e+04   1.17e-20
  6.2564e+04   1.11e-20
  6.4906e+04   1.06e-20
  6.7336e+04   1.01e-20
  6.9857e+04   9.63e-21
  7.2472e+04   9.17e-21
  7.5184e+04   8.73e-21
  7.7999e+04   8.31e-21
  8.0919e+04   7.91e-21
  8.3948e+04   7.53e-21
  8.7090e+04   7.16e-21
  9.0350e+04   6.81e-21
  9.3732e+04   6.48e-21
  9.7241e+04   6.16e-21
  1.0088e+05   5.86e-21
  1.0466e+05   5.57e-21
  1.0858e+05   5.29e-21
  1.1264e+05   5.03e-21
  1.1686e+05   4.78e-21
  1.2123e+05   4.54e-21
  1.2577e+05   4.31e-21
  1.3048e+05   4.10e-21
  1.3536e+05   3.89e-21
  1.4043e+05   3.69e-21
  1.4568e+05   3.50e-21
  1.5114e+05   3.32e-21
  1.5680e+05   3.15e-21
  1.6266e+05   2.99e-21
  1.6875e+05   2.83e-21
  1.7507e+05   2.68e-21
  1.8162e+05   2.54e-21
  1.8842e+05   2.41e-21
  1.9548e+05   2.28e-21
  2.0279e+05   2.16e-21
  2.1039e+05   2.04e-21
  2.1826e+05   1.93e-21
  2.2643e+05   1.82e-21
  2.3491e+05   1.72e-21
  2.4370e+05   1.62e-21
  2.5282e+05   1.53e-21
  2.6229e+05   1.45e-21
  2.7211e+05   1.36e-21
  2.8229e+05   1.29e-21
  2.9286e+05   1.21e-21
  3.0382e+05   1.14e-21
  3.1519e+05   1.07e-21
  3.2699e+05   1.01e-21
  3.3923e+05   9.45e-22
  3.5193e+05   8.87e-22
  3.6511e+05   8.32e-22
  3.7877e+05   7.79e-22
  3.9295e+05   7.30e-22
  4.0766e+05   6.83e-22
  4.2292e+05   6.38e-22
  4.3875e+05   5.96e-22
  4.5518e+05   5.56e-22
  4.7222e+05   5.18e-22
  4.8989e+05   4.83e-22
  5.0823e+05   4.49e-22
  5.2726e+05   4.18e-22
  5.4699e+05   3.88e-22
  5.6747e+05   3.60e-22
  5.8871e+05   3.34e-22
  6.1075e+05   3.09e-22
  6.3361e+05   2.86e-22
  6.5733e+05   2.65e-22
  6.8194e+05   2.45e-22
  7.0746e+05   2.27e-22
  7.3395e+05   2.09e-22
  7.6142e+05   1.94e-22
  7.8992e+05   1.79e-22
  8.1949e+05   1.65e-22
  8.5017e+05   1.52e-22
  8.8199e+05   1.41e-22
  9.1501e+05   1.30e-22
  9.4926e+05   1.20e-22
  9.8479e+05   1.11e-22
  1.0217e+06   1.02e-22
  1.0599e+06   9.40e-23
  1.0996e+06   8.66e-23
  1.1407e+06   7.98e-23
  1.1834e+06   7.34e-23
  1.2277e+06   6.76e-23
  1.2737e+06   6.22e-23
  1.3214e+06   5.72e-23
  1.3708e+06   5.26e-23
  1.4222e+06   4.84e-23
  1.4754e+06   4.44e-23
  1.5306e+06   4.08e-23
  1.5879e+06   3.75e-23
  1.6474e+06   3.44e-23
  1.7090e+06   3.15e-23
  1.7730e+06   2.89e-23
  1.8394e+06   2.65e-23
  1.9082e+06   2.43e-23
  1.9797e+06   2.22e-23
  2.0538e+06   2.03e-23
  2.1306e+06   1.85e-23
  2.2104e+06   1.69e-23
  2.2931e+06   1.55e-23
  2.3790e+06   1.41e-23
  2.4680e+06   1.28e-23
  2.5604e+06   1.16e-23
  2.6563e+06   1.06e-23
  2.7557e+06   9.58e-24
  2.8589e+06   8.68e-24
  2.9659e+06   7.83e-24
  3.0769e+06   7.07e-24
  3.1921e+06   6.38e-24
  3.3116e+06   5.74e-24
  3.4355e+06   5.15e-24
  3.5641e+06   4.63e-24
  3.6976e+06   4.14e-24
  3.8360e+06   3.69e-24
  3.9796e+06   3.30e-24
  4.1285e+06   2.93e-24
  4.2831e+06   2.60e-24
  4.4434e+06   2.30e-24
  4.6097e+06   2.03e-24
  4.7823e+06   1.78e-24
  4.9613e+06   1.57e-24
  5.1470e+06   1.37e-24
  5.3397e+06   1.19e-24
  5.5396e+06   1.04e-24
  5.7470e+06   9.03e-25
  5.9621e+06   7.77e-25
  6.1853e+06   6.71e-25
  6.4168e+06   5.77e-25
  6.6570e+06   4.91e-25
  6.9062e+06   4.18e-25
  7.1647e+06   3.56e-25
  7.4329e+06   2.99e-25
  7.7112e+06   2.51e-25
  7.9998e+06   2.11e-25
  8.2993e+06   1.75e-25
  8.6100e+06   1.44e-25
  8.9323e+06   1.19e-25
  9.2666e+06   9.67e-26
  9.6135e+06   7.79e-26
  9.9734e+06   6.32e-26
  1.0347e+07   5.04e-26
  1.0734e+07   3.95e-26
  1.1136e+07   3.13e-26
  1.1553e+07   2.44e-26
  1.1985e+07   1.85e-26
  1.2434e+07   1.42e-26
  1.2899e+07   1.07e-26
  1.3382e+07   7.84e-27
  1.3883e+07   5.78e-27
  1.4403e+07   4.17e-27
  1.4942e+07   2.91e-27
  1.5501e+07   2.03e-27
  1.6081e+07   1.38e-27
  1.6683e+07   9.04e-28
  1.7308e+07   5.82e-28
  1.7956e+07   3.66e-28
  1.8628e+07   2.19e-28
  1.9325e+07   1.27e-28
  2.0049e+07   7.09e-29
  2.0799e+07   3.72e-29
  2.1578e+07   1.84e-29
  2.2386e+07   8.67e-30
  2.3224e+07   3.73e-30
  2.4093e+07   1.45e-30
  2.4995e+07   5.19e-31
  2.5930e+07   1.62e-31
  2.6901e+07   4.29e-32
  2.7908e+07   9.78e-33
  2.8953e+07   1.79e-33
  3.0037e+07   2.52e-34
  3.1161e+07   2.65e-35
  3.2327e+07   1.92e-36
  3.3537e+07   8.86e-38
  3.4793e+07   2.37e-39
  3.6095e+07   3.22e-41
  3.7446e+07   1.90e-43
  3.8848e+07   3.99e-46
  4.0302e+07   2.28e-49
  4.1811e+07   2.55e-53
  4.3376e+07   3.64e-58
  4.5000e+07   3.72e-64
