#  E [MeV]   Flux [# cm^{-2} s^{-1}  MeV^{-1}]
  3.0000e+04   3.90e-19
  3.0943e+04   3.77e-19
  3.1916e+04   3.64e-19
  3.2920e+04   3.51e-19
  3.3955e+04   3.39e-19
  3.5023e+04   3.28e-19
  3.6124e+04   3.16e-19
  3.7260e+04   3.05e-19
  3.8432e+04   2.94e-19
  3.9640e+04   2.84e-19
  4.0887e+04   2.74e-19
  4.2172e+04   2.64e-19
  4.3499e+04   2.55e-19
  4.4866e+04   2.45e-19
  4.6277e+04   2.37e-19
  4.7732e+04   2.28e-19
  4.9233e+04   2.20e-19
  5.0781e+04   2.12e-19
  5.2378e+04   2.04e-19
  5.4025e+04   1.96e-19
  5.5724e+04   1.89e-19
  5.7476e+04   1.82e-19
  5.9284e+04   1.75e-19
  6.1148e+04   1.68e-19
  6.3071e+04   1.62e-19
  6.5054e+04   1.56e-19
  6.7100e+04   1.50e-19
  6.9210e+04   1.44e-19
  7.1386e+04   1.38e-19
  7.3631e+04   1.33e-19
  7.5946e+04   1.28e-19
  7.8334e+04   1.23e-19
  8.0797e+04   1.18e-19
  8.3338e+04   1.13e-19
  8.5959e+04   1.08e-19
  8.8662e+04   1.04e-19
  9.1450e+04   9.97e-20
  9.4325e+04   9.56e-20
  9.7291e+04   9.16e-20
  1.0035e+05   8.78e-20
  1.0351e+05   8.41e-20
  1.0676e+05   8.06e-20
  1.1012e+05   7.72e-20
  1.1358e+05   7.39e-20
  1.1715e+05   7.07e-20
  1.2084e+05   6.76e-20
  1.2464e+05   6.47e-20
  1.2856e+05   6.18e-20
  1.3260e+05   5.91e-20
  1.3677e+05   5.65e-20
  1.4107e+05   5.40e-20
  1.4550e+05   5.16e-20
  1.5008e+05   4.92e-20
  1.5480e+05   4.70e-20
  1.5967e+05   4.49e-20
  1.6469e+05   4.28e-20
  1.6987e+05   4.08e-20
  1.7521e+05   3.89e-20
  1.8072e+05   3.71e-20
  1.8640e+05   3.53e-20
  1.9226e+05   3.37e-20
  1.9831e+05   3.20e-20
  2.0454e+05   3.05e-20
  2.1097e+05   2.90e-20
  2.1761e+05   2.76e-20
  2.2445e+05   2.63e-20
  2.3151e+05   2.50e-20
  2.3879e+05   2.37e-20
  2.4630e+05   2.25e-20
  2.5404e+05   2.14e-20
  2.6203e+05   2.03e-20
  2.7027e+05   1.93e-20
  2.7877e+05   1.83e-20
  2.8753e+05   1.74e-20
  2.9657e+05   1.65e-20
  3.0590e+05   1.56e-20
  3.1552e+05   1.48e-20
  3.2544e+05   1.40e-20
  3.3567e+05   1.33e-20
  3.4623e+05   1.25e-20
  3.5712e+05   1.19e-20
  3.6835e+05   1.12e-20
  3.7993e+05   1.06e-20
  3.9188e+05   1.00e-20
  4.0420e+05   9.47e-21
  4.1691e+05   8.94e-21
  4.3002e+05   8.44e-21
  4.4354e+05   7.95e-21
  4.5749e+05   7.50e-21
  4.7187e+05   7.07e-21
  4.8671e+05   6.66e-21
  5.0202e+05   6.28e-21
  5.1780e+05   5.91e-21
  5.3409e+05   5.56e-21
  5.5088e+05   5.23e-21
  5.6820e+05   4.92e-21
  5.8607e+05   4.62e-21
  6.0450e+05   4.34e-21
  6.2351e+05   4.08e-21
  6.4311e+05   3.83e-21
  6.6334e+05   3.59e-21
  6.8419e+05   3.37e-21
  7.0571e+05   3.16e-21
  7.2790e+05   2.96e-21
  7.5079e+05   2.77e-21
  7.7440e+05   2.59e-21
  7.9875e+05   2.43e-21
  8.2387e+05   2.27e-21
  8.4977e+05   2.12e-21
  8.7649e+05   1.98e-21
  9.0405e+05   1.85e-21
  9.3248e+05   1.73e-21
  9.6180e+05   1.61e-21
  9.9205e+05   1.50e-21
  1.0232e+06   1.40e-21
  1.0554e+06   1.31e-21
  1.0886e+06   1.22e-21
  1.1228e+06   1.13e-21
  1.1581e+06   1.06e-21
  1.1946e+06   9.81e-22
  1.2321e+06   9.11e-22
  1.2709e+06   8.47e-22
  1.3108e+06   7.87e-22
  1.3521e+06   7.31e-22
  1.3946e+06   6.77e-22
  1.4384e+06   6.28e-22
  1.4837e+06   5.83e-22
  1.5303e+06   5.39e-22
  1.5784e+06   4.98e-22
  1.6281e+06   4.62e-22
  1.6793e+06   4.27e-22
  1.7321e+06   3.94e-22
  1.7865e+06   3.64e-22
  1.8427e+06   3.36e-22
  1.9006e+06   3.10e-22
  1.9604e+06   2.85e-22
  2.0221e+06   2.63e-22
  2.0856e+06   2.43e-22
  2.1512e+06   2.23e-22
  2.2189e+06   2.05e-22
  2.2886e+06   1.89e-22
  2.3606e+06   1.74e-22
  2.4348e+06   1.59e-22
  2.5114e+06   1.46e-22
  2.5904e+06   1.34e-22
  2.6718e+06   1.23e-22
  2.7558e+06   1.12e-22
  2.8425e+06   1.03e-22
  2.9319e+06   9.45e-23
  3.0241e+06   8.64e-23
  3.1192e+06   7.87e-23
  3.2173e+06   7.21e-23
  3.3184e+06   6.60e-23
  3.4228e+06   6.02e-23
  3.5304e+06   5.47e-23
  3.6414e+06   5.01e-23
  3.7559e+06   4.58e-23
  3.8740e+06   4.16e-23
  3.9958e+06   3.79e-23
  4.1215e+06   3.47e-23
  4.2511e+06   3.17e-23
  4.3848e+06   2.88e-23
  4.5227e+06   2.64e-23
  4.6649e+06   2.41e-23
  4.8116e+06   2.21e-23
  4.9629e+06   2.01e-23
  5.1189e+06   1.85e-23
  5.2799e+06   1.69e-23
  5.4459e+06   1.55e-23
  5.6171e+06   1.42e-23
  5.7938e+06   1.32e-23
  5.9760e+06   1.22e-23
  6.1639e+06   1.12e-23
  6.3577e+06   1.04e-23
  6.5576e+06   9.74e-24
  6.7638e+06   9.09e-24
  6.9765e+06   8.47e-24
  7.1959e+06   7.99e-24
  7.4222e+06   7.56e-24
  7.6556e+06   7.15e-24
  7.8963e+06   6.76e-24
  8.1446e+06   6.49e-24
  8.4007e+06   6.23e-24
  8.6649e+06   5.97e-24
  8.9373e+06   5.78e-24
  9.2184e+06   5.68e-24
  9.5082e+06   5.58e-24
  9.8072e+06   5.48e-24
  1.0116e+07   5.49e-24
  1.0434e+07   5.56e-24
  1.0762e+07   5.61e-24
  1.1100e+07   5.65e-24
  1.1449e+07   6.05e-24
  1.1809e+07   6.44e-24
  1.2181e+07   6.79e-24
  1.2564e+07   7.33e-24
  1.2959e+07   8.86e-24
  1.3366e+07   1.02e-23
  1.3786e+07   1.15e-23
  1.4220e+07   1.21e-23
