#  E [MeV]   Flux [# cm^{-2} s^{-1}  MeV^{-1}]
  3.0000e+04   4.53e-25
  3.1141e+04   4.33e-25
  3.2326e+04   4.14e-25
  3.3556e+04   3.96e-25
  3.4832e+04   3.78e-25
  3.6157e+04   3.61e-25
  3.7533e+04   3.45e-25
  3.8961e+04   3.30e-25
  4.0443e+04   3.15e-25
  4.1982e+04   3.00e-25
  4.3579e+04   2.87e-25
  4.5237e+04   2.74e-25
  4.6958e+04   2.61e-25
  4.8744e+04   2.49e-25
  5.0598e+04   2.38e-25
  5.2523e+04   2.27e-25
  5.4521e+04   2.16e-25
  5.6596e+04   2.06e-25
  5.8749e+04   1.96e-25
  6.0984e+04   1.87e-25
  6.3304e+04   1.78e-25
  6.5712e+04   1.70e-25
  6.8212e+04   1.62e-25
  7.0807e+04   1.54e-25
  7.3500e+04   1.46e-25
  7.6297e+04   1.39e-25
  7.9199e+04   1.33e-25
  8.2212e+04   1.26e-25
  8.5340e+04   1.20e-25
  8.8586e+04   1.14e-25
  9.1956e+04   1.08e-25
  9.5455e+04   1.03e-25
  9.9086e+04   9.79e-26
  1.0286e+05   9.30e-26
  1.0677e+05   8.83e-26
  1.1083e+05   8.38e-26
  1.1505e+05   7.96e-26
  1.1942e+05   7.55e-26
  1.2397e+05   7.16e-26
  1.2868e+05   6.79e-26
  1.3358e+05   6.43e-26
  1.3866e+05   6.09e-26
  1.4394e+05   5.77e-26
  1.4941e+05   5.46e-26
  1.5509e+05   5.17e-26
  1.6100e+05   4.89e-26
  1.6712e+05   4.62e-26
  1.7348e+05   4.36e-26
  1.8008e+05   4.12e-26
  1.8693e+05   3.89e-26
  1.9404e+05   3.67e-26
  2.0142e+05   3.46e-26
  2.0908e+05   3.26e-26
  2.1704e+05   3.06e-26
  2.2529e+05   2.88e-26
  2.3387e+05   2.71e-26
  2.4276e+05   2.55e-26
  2.5200e+05   2.39e-26
  2.6158e+05   2.24e-26
  2.7154e+05   2.10e-26
  2.8187e+05   1.97e-26
  2.9259e+05   1.84e-26
  3.0372e+05   1.72e-26
  3.1527e+05   1.60e-26
  3.2727e+05   1.50e-26
  3.3972e+05   1.39e-26
  3.5264e+05   1.30e-26
  3.6606e+05   1.20e-26
  3.7998e+05   1.12e-26
  3.9444e+05   1.04e-26
  4.0945e+05   9.61e-27
  4.2502e+05   8.90e-27
  4.4119e+05   8.23e-27
  4.5798e+05   7.60e-27
  4.7540e+05   7.01e-27
  4.9348e+05   6.46e-27
  5.1226e+05   5.95e-27
  5.3175e+05   5.47e-27
  5.5198e+05   5.03e-27
  5.7297e+05   4.62e-27
  5.9477e+05   4.24e-27
  6.1740e+05   3.88e-27
  6.4089e+05   3.56e-27
  6.6527e+05   3.26e-27
  6.9058e+05   2.98e-27
  7.1685e+05   2.72e-27
  7.4412e+05   2.49e-27
  7.7243e+05   2.27e-27
  8.0181e+05   2.07e-27
  8.3232e+05   1.89e-27
  8.6398e+05   1.73e-27
  8.9685e+05   1.57e-27
  9.3097e+05   1.43e-27
  9.6638e+05   1.31e-27
  1.0031e+06   1.19e-27
  1.0413e+06   1.08e-27
  1.0809e+06   9.89e-28
  1.1220e+06   9.01e-28
  1.1647e+06   8.20e-28
  1.2090e+06   7.47e-28
  1.2550e+06   6.80e-28
  1.3028e+06   6.18e-28
  1.3523e+06   5.62e-28
  1.4038e+06   5.12e-28
  1.4572e+06   4.65e-28
  1.5126e+06   4.23e-28
  1.5702e+06   3.85e-28
  1.6299e+06   3.50e-28
  1.6919e+06   3.18e-28
  1.7563e+06   2.89e-28
  1.8231e+06   2.62e-28
  1.8925e+06   2.38e-28
  1.9645e+06   2.16e-28
  2.0392e+06   1.96e-28
  2.1168e+06   1.77e-28
  2.1973e+06   1.61e-28
  2.2809e+06   1.45e-28
  2.3677e+06   1.31e-28
  2.4577e+06   1.19e-28
  2.5512e+06   1.07e-28
  2.6483e+06   9.61e-29
  2.7490e+06   8.66e-29
  2.8536e+06   7.77e-29
  2.9622e+06   6.96e-29
  3.0749e+06   6.24e-29
  3.1918e+06   5.58e-29
  3.3133e+06   4.97e-29
  3.4393e+06   4.44e-29
  3.5702e+06   3.95e-29
  3.7060e+06   3.49e-29
  3.8470e+06   3.10e-29
  3.9933e+06   2.74e-29
  4.1452e+06   2.40e-29
  4.3029e+06   2.12e-29
  4.4666e+06   1.86e-29
  4.6366e+06   1.62e-29
  4.8129e+06   1.41e-29
  4.9960e+06   1.23e-29
  5.1861e+06   1.06e-29
  5.3834e+06   9.13e-30
  5.5882e+06   7.85e-30
  5.8008e+06   6.69e-30
  6.0215e+06   5.70e-30
  6.2506e+06   4.84e-30
  6.4883e+06   4.07e-30
  6.7352e+06   3.42e-30
  6.9914e+06   2.86e-30
  7.2574e+06   2.37e-30
  7.5335e+06   1.95e-30
  7.8201e+06   1.61e-30
  8.1176e+06   1.31e-30
  8.4264e+06   1.05e-30
  8.7470e+06   8.50e-31
  9.0797e+06   6.74e-31
  9.4251e+06   5.29e-31
  9.7837e+06   4.15e-31
  1.0156e+07   3.19e-31
  1.0542e+07   2.42e-31
  1.0943e+07   1.83e-31
  1.1360e+07   1.36e-31
  1.1792e+07   9.85e-32
  1.2240e+07   7.14e-32
  1.2706e+07   5.04e-32
  1.3189e+07   3.45e-32
  1.3691e+07   2.36e-32
  1.4212e+07   1.56e-32
  1.4753e+07   9.88e-33
  1.5314e+07   6.21e-33
  1.5897e+07   3.73e-33
  1.6501e+07   2.14e-33
  1.7129e+07   1.19e-33
  1.7781e+07   6.29e-34
  1.8457e+07   3.10e-34
  1.9159e+07   1.46e-34
  1.9888e+07   6.34e-35
  2.0645e+07   2.51e-35
  2.1430e+07   9.14e-36
  2.2245e+07   2.98e-36
  2.3092e+07   8.44e-37
  2.3970e+07   2.07e-37
  2.4882e+07   4.26e-38
  2.5829e+07   7.09e-39
  2.6811e+07   9.27e-40
  2.7831e+07   9.11e-41
  2.8890e+07   6.34e-42
  2.9989e+07   2.94e-43
  3.1130e+07   8.44e-45
  3.2314e+07   1.35e-46
  3.3544e+07   1.07e-48
  3.4820e+07   3.60e-51
  3.6144e+07   4.29e-54
  3.7519e+07   1.42e-57
  3.8947e+07   9.68e-62
  4.0428e+07   9.31e-67
  4.1966e+07   7.04e-72
  4.3563e+07   6.37e-72
  4.5220e+07   5.74e-72
  4.6941e+07   5.17e-72
  4.8726e+07   4.74e-72
  5.0580e+07   4.34e-72
