#  E [GeV]   # per interaction  [GeV^{-1}]
  3.0000e+01   1.08e+00
  3.1123e+01   1.03e+00
  3.2288e+01   9.87e-01
  3.3497e+01   9.44e-01
  3.4751e+01   9.02e-01
  3.6051e+01   8.61e-01
  3.7401e+01   8.22e-01
  3.8801e+01   7.85e-01
  4.0253e+01   7.50e-01
  4.1760e+01   7.16e-01
  4.3324e+01   6.83e-01
  4.4945e+01   6.52e-01
  4.6628e+01   6.22e-01
  4.8373e+01   5.94e-01
  5.0184e+01   5.66e-01
  5.2063e+01   5.40e-01
  5.4011e+01   5.15e-01
  5.6033e+01   4.91e-01
  5.8131e+01   4.68e-01
  6.0307e+01   4.46e-01
  6.2564e+01   4.25e-01
  6.4906e+01   4.05e-01
  6.7336e+01   3.86e-01
  6.9857e+01   3.68e-01
  7.2472e+01   3.50e-01
  7.5184e+01   3.34e-01
  7.7999e+01   3.18e-01
  8.0919e+01   3.02e-01
  8.3948e+01   2.88e-01
  8.7090e+01   2.74e-01
  9.0350e+01   2.61e-01
  9.3732e+01   2.48e-01
  9.7241e+01   2.36e-01
  1.0088e+02   2.24e-01
  1.0466e+02   2.13e-01
  1.0858e+02   2.03e-01
  1.1264e+02   1.93e-01
  1.1686e+02   1.83e-01
  1.2123e+02   1.74e-01
  1.2577e+02   1.66e-01
  1.3048e+02   1.57e-01
  1.3536e+02   1.49e-01
  1.4043e+02   1.42e-01
  1.4568e+02   1.35e-01
  1.5114e+02   1.28e-01
  1.5680e+02   1.21e-01
  1.6266e+02   1.15e-01
  1.6875e+02   1.09e-01
  1.7507e+02   1.04e-01
  1.8162e+02   9.81e-02
  1.8842e+02   9.30e-02
  1.9548e+02   8.81e-02
  2.0279e+02   8.35e-02
  2.1039e+02   7.91e-02
  2.1826e+02   7.48e-02
  2.2643e+02   7.08e-02
  2.3491e+02   6.70e-02
  2.4370e+02   6.34e-02
  2.5282e+02   5.99e-02
  2.6229e+02   5.66e-02
  2.7211e+02   5.35e-02
  2.8229e+02   5.05e-02
  2.9286e+02   4.76e-02
  3.0382e+02   4.49e-02
  3.1519e+02   4.23e-02
  3.2699e+02   3.99e-02
  3.3923e+02   3.76e-02
  3.5193e+02   3.54e-02
  3.6511e+02   3.32e-02
  3.7877e+02   3.12e-02
  3.9295e+02   2.94e-02
  4.0766e+02   2.76e-02
  4.2292e+02   2.58e-02
  4.3875e+02   2.42e-02
  4.5518e+02   2.27e-02
  4.7222e+02   2.12e-02
  4.8989e+02   1.99e-02
  5.0823e+02   1.86e-02
  5.2726e+02   1.73e-02
  5.4699e+02   1.62e-02
  5.6747e+02   1.51e-02
  5.8871e+02   1.40e-02
  6.1075e+02   1.30e-02
  6.3361e+02   1.21e-02
  6.5733e+02   1.13e-02
  6.8194e+02   1.05e-02
  7.0746e+02   9.75e-03
  7.3395e+02   9.05e-03
  7.6142e+02   8.40e-03
  7.8992e+02   7.80e-03
  8.1949e+02   7.24e-03
  8.5017e+02   6.72e-03
  8.8199e+02   6.23e-03
  9.1501e+02   5.78e-03
  9.4926e+02   5.36e-03
  9.8479e+02   4.96e-03
  1.0217e+03   4.60e-03
  1.0599e+03   4.26e-03
  1.0996e+03   3.94e-03
  1.1407e+03   3.64e-03
  1.1834e+03   3.37e-03
  1.2277e+03   3.11e-03
  1.2737e+03   2.87e-03
  1.3214e+03   2.65e-03
  1.3708e+03   2.45e-03
  1.4222e+03   2.26e-03
  1.4754e+03   2.08e-03
  1.5306e+03   1.92e-03
  1.5879e+03   1.77e-03
  1.6474e+03   1.63e-03
  1.7090e+03   1.50e-03
  1.7730e+03   1.38e-03
  1.8394e+03   1.27e-03
  1.9082e+03   1.16e-03
  1.9797e+03   1.07e-03
  2.0538e+03   9.78e-04
  2.1306e+03   8.95e-04
  2.2104e+03   8.20e-04
  2.2931e+03   7.50e-04
  2.3790e+03   6.84e-04
  2.4680e+03   6.24e-04
  2.5604e+03   5.69e-04
  2.6563e+03   5.18e-04
  2.7557e+03   4.71e-04
  2.8589e+03   4.28e-04
  2.9659e+03   3.88e-04
  3.0769e+03   3.51e-04
  3.1921e+03   3.18e-04
  3.3116e+03   2.87e-04
  3.4355e+03   2.58e-04
  3.5641e+03   2.33e-04
  3.6976e+03   2.09e-04
  3.8360e+03   1.87e-04
  3.9796e+03   1.68e-04
  4.1285e+03   1.50e-04
  4.2831e+03   1.34e-04
  4.4434e+03   1.19e-04
  4.6097e+03   1.06e-04
  4.7823e+03   9.34e-05
  4.9613e+03   8.26e-05
  5.1470e+03   7.29e-05
  5.3397e+03   6.39e-05
  5.5396e+03   5.60e-05
  5.7470e+03   4.91e-05
  5.9621e+03   4.27e-05
  6.1853e+03   3.71e-05
  6.4168e+03   3.23e-05
  6.6570e+03   2.79e-05
  6.9062e+03   2.39e-05
  7.1647e+03   2.07e-05
  7.4329e+03   1.77e-05
  7.7112e+03   1.50e-05
  7.9998e+03   1.28e-05
  8.2993e+03   1.08e-05
  8.6100e+03   9.03e-06
  8.9323e+03   7.63e-06
  9.2666e+03   6.37e-06
  9.6135e+03   5.23e-06
  9.9734e+03   4.35e-06
  1.0347e+04   3.58e-06
  1.0734e+04   2.90e-06
  1.1136e+04   2.36e-06
  1.1553e+04   1.91e-06
  1.1985e+04   1.51e-06
  1.2434e+04   1.20e-06
  1.2899e+04   9.50e-07
  1.3382e+04   7.35e-07
  1.3883e+04   5.66e-07
  1.4403e+04   4.35e-07
  1.4942e+04   3.26e-07
  1.5501e+04   2.41e-07
  1.6081e+04   1.79e-07
  1.6683e+04   1.28e-07
  1.7308e+04   9.00e-08
  1.7956e+04   6.32e-08
  1.8628e+04   4.29e-08
  1.9325e+04   2.79e-08
  2.0049e+04   1.82e-08
  2.0799e+04   1.14e-08
  2.1578e+04   6.70e-09
  2.2386e+04   3.90e-09
  2.3224e+04   2.13e-09
  2.4093e+04   1.08e-09
  2.4995e+04   5.24e-10
  2.5930e+04   2.32e-10
  2.6901e+04   9.21e-11
  2.7908e+04   3.30e-11
  2.8953e+04   1.03e-11
  3.0037e+04   2.70e-12
  3.1161e+04   5.79e-13
  3.2327e+04   9.77e-14
  3.3537e+04   1.22e-14
  3.4793e+04   1.05e-15
  3.6095e+04   5.78e-17
  3.7446e+04   1.82e-18
  3.8848e+04   2.86e-20
  4.0302e+04   1.88e-22
  4.1811e+04   4.14e-25
  4.3376e+04   2.28e-28
  4.5000e+04   2.16e-32
