#  E [GeV]   # per interaction  [GeV^{-1}]
  3.0000e+01   2.84e-01
  3.0765e+01   2.75e-01
  3.1549e+01   2.66e-01
  3.2354e+01   2.57e-01
  3.3179e+01   2.48e-01
  3.4025e+01   2.40e-01
  3.4892e+01   2.32e-01
  3.5782e+01   2.24e-01
  3.6695e+01   2.17e-01
  3.7630e+01   2.09e-01
  3.8590e+01   2.02e-01
  3.9574e+01   1.95e-01
  4.0583e+01   1.88e-01
  4.1618e+01   1.82e-01
  4.2679e+01   1.75e-01
  4.3767e+01   1.69e-01
  4.4883e+01   1.63e-01
  4.6028e+01   1.57e-01
  4.7201e+01   1.52e-01
  4.8405e+01   1.46e-01
  4.9639e+01   1.41e-01
  5.0905e+01   1.36e-01
  5.2203e+01   1.31e-01
  5.3534e+01   1.26e-01
  5.4899e+01   1.21e-01
  5.6299e+01   1.17e-01
  5.7734e+01   1.12e-01
  5.9207e+01   1.08e-01
  6.0716e+01   1.04e-01
  6.2264e+01   1.00e-01
  6.3852e+01   9.63e-02
  6.5480e+01   9.26e-02
  6.7150e+01   8.90e-02
  6.8862e+01   8.56e-02
  7.0618e+01   8.22e-02
  7.2419e+01   7.90e-02
  7.4265e+01   7.59e-02
  7.6159e+01   7.29e-02
  7.8101e+01   7.00e-02
  8.0092e+01   6.72e-02
  8.2135e+01   6.45e-02
  8.4229e+01   6.18e-02
  8.6377e+01   5.93e-02
  8.8579e+01   5.69e-02
  9.0838e+01   5.46e-02
  9.3154e+01   5.23e-02
  9.5529e+01   5.01e-02
  9.7965e+01   4.80e-02
  1.0046e+02   4.60e-02
  1.0303e+02   4.40e-02
  1.0565e+02   4.22e-02
  1.0835e+02   4.04e-02
  1.1111e+02   3.86e-02
  1.1394e+02   3.69e-02
  1.1685e+02   3.53e-02
  1.1983e+02   3.37e-02
  1.2288e+02   3.22e-02
  1.2602e+02   3.08e-02
  1.2923e+02   2.94e-02
  1.3252e+02   2.81e-02
  1.3590e+02   2.68e-02
  1.3937e+02   2.56e-02
  1.4292e+02   2.44e-02
  1.4657e+02   2.33e-02
  1.5030e+02   2.22e-02
  1.5414e+02   2.11e-02
  1.5807e+02   2.01e-02
  1.6210e+02   1.92e-02
  1.6623e+02   1.83e-02
  1.7047e+02   1.74e-02
  1.7482e+02   1.65e-02
  1.7927e+02   1.57e-02
  1.8384e+02   1.50e-02
  1.8853e+02   1.42e-02
  1.9334e+02   1.35e-02
  1.9827e+02   1.28e-02
  2.0333e+02   1.22e-02
  2.0851e+02   1.15e-02
  2.1383e+02   1.09e-02
  2.1928e+02   1.04e-02
  2.2487e+02   9.84e-03
  2.3060e+02   9.32e-03
  2.3648e+02   8.81e-03
  2.4251e+02   8.34e-03
  2.4870e+02   7.89e-03
  2.5504e+02   7.46e-03
  2.6154e+02   7.05e-03
  2.6821e+02   6.65e-03
  2.7505e+02   6.29e-03
  2.8206e+02   5.93e-03
  2.8926e+02   5.59e-03
  2.9663e+02   5.27e-03
  3.0420e+02   4.96e-03
  3.1195e+02   4.68e-03
  3.1991e+02   4.40e-03
  3.2806e+02   4.14e-03
  3.3643e+02   3.89e-03
  3.4501e+02   3.66e-03
  3.5381e+02   3.43e-03
  3.6283e+02   3.22e-03
  3.7208e+02   3.02e-03
  3.8157e+02   2.83e-03
  3.9130e+02   2.65e-03
  4.0127e+02   2.49e-03
  4.1150e+02   2.33e-03
  4.2200e+02   2.17e-03
  4.3276e+02   2.03e-03
  4.4379e+02   1.90e-03
  4.5511e+02   1.77e-03
  4.6671e+02   1.65e-03
  4.7861e+02   1.54e-03
  4.9082e+02   1.43e-03
  5.0333e+02   1.34e-03
  5.1617e+02   1.24e-03
  5.2933e+02   1.15e-03
  5.4283e+02   1.07e-03
  5.5667e+02   9.97e-04
  5.7086e+02   9.26e-04
  5.8542e+02   8.58e-04
  6.0035e+02   7.94e-04
  6.1565e+02   7.37e-04
  6.3135e+02   6.83e-04
  6.4745e+02   6.32e-04
  6.6396e+02   5.84e-04
  6.8089e+02   5.40e-04
  6.9825e+02   5.00e-04
  7.1606e+02   4.62e-04
  7.3432e+02   4.26e-04
  7.5304e+02   3.92e-04
  7.7224e+02   3.62e-04
  7.9193e+02   3.35e-04
  8.1213e+02   3.08e-04
  8.3283e+02   2.83e-04
  8.5407e+02   2.61e-04
  8.7585e+02   2.40e-04
  8.9818e+02   2.21e-04
  9.2108e+02   2.03e-04
  9.4457e+02   1.86e-04
  9.6866e+02   1.71e-04
  9.9336e+02   1.58e-04
  1.0187e+03   1.45e-04
  1.0447e+03   1.33e-04
  1.0713e+03   1.22e-04
  1.0986e+03   1.12e-04
  1.1266e+03   1.03e-04
  1.1554e+03   9.43e-05
  1.1848e+03   8.62e-05
  1.2150e+03   7.93e-05
  1.2460e+03   7.29e-05
  1.2778e+03   6.70e-05
  1.3104e+03   6.13e-05
  1.3438e+03   5.61e-05
  1.3780e+03   5.18e-05
  1.4132e+03   4.76e-05
  1.4492e+03   4.37e-05
  1.4862e+03   4.00e-05
  1.5241e+03   3.68e-05
  1.5629e+03   3.40e-05
  1.6028e+03   3.14e-05
  1.6436e+03   2.88e-05
  1.6856e+03   2.64e-05
  1.7285e+03   2.46e-05
  1.7726e+03   2.28e-05
  1.8178e+03   2.11e-05
  1.8642e+03   1.95e-05
  1.9117e+03   1.81e-05
  1.9604e+03   1.69e-05
  2.0104e+03   1.58e-05
  2.0617e+03   1.48e-05
  2.1143e+03   1.38e-05
  2.1682e+03   1.30e-05
  2.2235e+03   1.23e-05
  2.2802e+03   1.16e-05
  2.3383e+03   1.10e-05
  2.3979e+03   1.04e-05
  2.4591e+03   9.93e-06
  2.5218e+03   9.51e-06
  2.5861e+03   9.09e-06
  2.6520e+03   8.70e-06
  2.7196e+03   8.45e-06
  2.7890e+03   8.25e-06
  2.8601e+03   8.06e-06
  2.9330e+03   7.87e-06
  3.0078e+03   7.72e-06
  3.0845e+03   7.73e-06
  3.1632e+03   7.74e-06
  3.2438e+03   7.73e-06
  3.3265e+03   7.72e-06
  3.4113e+03   7.93e-06
  3.4983e+03   8.28e-06
  3.5875e+03   8.60e-06
  3.6790e+03   8.88e-06
  3.7728e+03   9.14e-06
  3.8690e+03   1.01e-05
  3.9677e+03   1.09e-05
  4.0689e+03   1.17e-05
  4.1726e+03   1.24e-05
  4.2790e+03   1.17e-05
  4.3881e+03   9.29e-06
  4.5000e+03   7.02e-06
