#  E [GeV]   # per interaction  [GeV^{-1}]
  3.0000e+01   2.70e-01
  3.0607e+01   2.61e-01
  3.1227e+01   2.52e-01
  3.1859e+01   2.43e-01
  3.2504e+01   2.35e-01
  3.3163e+01   2.27e-01
  3.3834e+01   2.19e-01
  3.4519e+01   2.11e-01
  3.5218e+01   2.04e-01
  3.5931e+01   1.96e-01
  3.6659e+01   1.90e-01
  3.7401e+01   1.83e-01
  3.8158e+01   1.76e-01
  3.8931e+01   1.70e-01
  3.9719e+01   1.64e-01
  4.0523e+01   1.58e-01
  4.1344e+01   1.52e-01
  4.2181e+01   1.46e-01
  4.3035e+01   1.41e-01
  4.3906e+01   1.35e-01
  4.4795e+01   1.30e-01
  4.5702e+01   1.25e-01
  4.6628e+01   1.21e-01
  4.7572e+01   1.16e-01
  4.8535e+01   1.12e-01
  4.9517e+01   1.07e-01
  5.0520e+01   1.03e-01
  5.1543e+01   9.90e-02
  5.2587e+01   9.51e-02
  5.3651e+01   9.13e-02
  5.4738e+01   8.77e-02
  5.5846e+01   8.41e-02
  5.6977e+01   8.07e-02
  5.8130e+01   7.75e-02
  5.9307e+01   7.43e-02
  6.0508e+01   7.13e-02
  6.1733e+01   6.83e-02
  6.2983e+01   6.55e-02
  6.4258e+01   6.27e-02
  6.5559e+01   6.01e-02
  6.6887e+01   5.76e-02
  6.8241e+01   5.51e-02
  6.9623e+01   5.28e-02
  7.1033e+01   5.05e-02
  7.2471e+01   4.83e-02
  7.3938e+01   4.62e-02
  7.5435e+01   4.42e-02
  7.6963e+01   4.23e-02
  7.8521e+01   4.04e-02
  8.0111e+01   3.86e-02
  8.1733e+01   3.68e-02
  8.3388e+01   3.52e-02
  8.5076e+01   3.36e-02
  8.6799e+01   3.20e-02
  8.8556e+01   3.05e-02
  9.0349e+01   2.91e-02
  9.2178e+01   2.78e-02
  9.4045e+01   2.65e-02
  9.5949e+01   2.52e-02
  9.7892e+01   2.40e-02
  9.9874e+01   2.28e-02
  1.0190e+02   2.17e-02
  1.0396e+02   2.07e-02
  1.0606e+02   1.97e-02
  1.0821e+02   1.87e-02
  1.1040e+02   1.78e-02
  1.1264e+02   1.69e-02
  1.1492e+02   1.61e-02
  1.1725e+02   1.53e-02
  1.1962e+02   1.45e-02
  1.2204e+02   1.38e-02
  1.2451e+02   1.30e-02
  1.2703e+02   1.24e-02
  1.2961e+02   1.17e-02
  1.3223e+02   1.11e-02
  1.3491e+02   1.05e-02
  1.3764e+02   9.99e-03
  1.4043e+02   9.44e-03
  1.4327e+02   8.93e-03
  1.4617e+02   8.47e-03
  1.4913e+02   8.02e-03
  1.5215e+02   7.58e-03
  1.5523e+02   7.16e-03
  1.5837e+02   6.75e-03
  1.6158e+02   6.38e-03
  1.6485e+02   6.03e-03
  1.6819e+02   5.70e-03
  1.7159e+02   5.37e-03
  1.7507e+02   5.06e-03
  1.7861e+02   4.76e-03
  1.8223e+02   4.49e-03
  1.8592e+02   4.23e-03
  1.8968e+02   3.99e-03
  1.9352e+02   3.75e-03
  1.9744e+02   3.53e-03
  2.0144e+02   3.31e-03
  2.0552e+02   3.12e-03
  2.0968e+02   2.94e-03
  2.1392e+02   2.76e-03
  2.1826e+02   2.59e-03
  2.2267e+02   2.43e-03
  2.2718e+02   2.27e-03
  2.3178e+02   2.14e-03
  2.3648e+02   2.01e-03
  2.4126e+02   1.89e-03
  2.4615e+02   1.77e-03
  2.5113e+02   1.65e-03
  2.5622e+02   1.54e-03
  2.6141e+02   1.45e-03
  2.6670e+02   1.36e-03
  2.7210e+02   1.27e-03
  2.7761e+02   1.19e-03
  2.8323e+02   1.11e-03
  2.8896e+02   1.04e-03
  2.9481e+02   9.72e-04
  3.0078e+02   9.09e-04
  3.0687e+02   8.49e-04
  3.1309e+02   7.90e-04
  3.1943e+02   7.34e-04
  3.2589e+02   6.88e-04
  3.3249e+02   6.44e-04
  3.3922e+02   6.00e-04
  3.4609e+02   5.59e-04
  3.5310e+02   5.19e-04
  3.6025e+02   4.82e-04
  3.6754e+02   4.51e-04
  3.7498e+02   4.21e-04
  3.8258e+02   3.92e-04
  3.9032e+02   3.64e-04
  3.9823e+02   3.37e-04
  4.0629e+02   3.13e-04
  4.1452e+02   2.93e-04
  4.2291e+02   2.73e-04
  4.3147e+02   2.54e-04
  4.4021e+02   2.35e-04
  4.4912e+02   2.17e-04
  4.5821e+02   2.02e-04
  4.6749e+02   1.89e-04
  4.7696e+02   1.76e-04
  4.8661e+02   1.63e-04
  4.9647e+02   1.51e-04
  5.0652e+02   1.39e-04
  5.1678e+02   1.30e-04
  5.2724e+02   1.21e-04
  5.3791e+02   1.13e-04
  5.4881e+02   1.04e-04
  5.5992e+02   9.63e-05
  5.7125e+02   8.91e-05
  5.8282e+02   8.31e-05
  5.9462e+02   7.73e-05
  6.0666e+02   7.18e-05
  6.1894e+02   6.64e-05
  6.3148e+02   6.12e-05
  6.4426e+02   5.68e-05
  6.5731e+02   5.30e-05
  6.7061e+02   4.93e-05
  6.8419e+02   4.57e-05
  6.9805e+02   4.23e-05
  7.1218e+02   3.90e-05
  7.2660e+02   3.63e-05
  7.4131e+02   3.38e-05
  7.5632e+02   3.14e-05
  7.7163e+02   2.91e-05
  7.8726e+02   2.68e-05
  8.0320e+02   2.47e-05
  8.1946e+02   2.31e-05
  8.3605e+02   2.15e-05
  8.5298e+02   2.00e-05
  8.7025e+02   1.86e-05
  8.8787e+02   1.72e-05
  9.0585e+02   1.60e-05
  9.2419e+02   1.50e-05
  9.4290e+02   1.40e-05
  9.6199e+02   1.31e-05
  9.8147e+02   1.22e-05
  1.0013e+03   1.14e-05
  1.0216e+03   1.07e-05
  1.0423e+03   1.02e-05
  1.0634e+03   9.64e-06
  1.0849e+03   9.12e-06
  1.1069e+03   8.63e-06
  1.1293e+03   8.15e-06
  1.1522e+03   7.82e-06
  1.1755e+03   7.52e-06
  1.1993e+03   7.22e-06
  1.2236e+03   6.94e-06
  1.2484e+03   6.66e-06
  1.2736e+03   6.41e-06
  1.2994e+03   6.24e-06
  1.3257e+03   6.07e-06
  1.3526e+03   5.91e-06
  1.3800e+03   5.75e-06
  1.4079e+03   5.59e-06
  1.4364e+03   5.46e-06
  1.4655e+03   5.35e-06
  1.4952e+03   5.24e-06
  1.5255e+03   5.14e-06
  1.5563e+03   5.04e-06
  1.5879e+03   4.94e-06
  1.6200e+03   4.84e-06
