#  E [GeV]   # per interaction  [GeV^{-1}]
  3.0000e+01   1.73e-01
  3.0517e+01   1.68e-01
  3.1043e+01   1.63e-01
  3.1578e+01   1.57e-01
  3.2123e+01   1.52e-01
  3.2676e+01   1.47e-01
  3.3240e+01   1.43e-01
  3.3813e+01   1.38e-01
  3.4396e+01   1.33e-01
  3.4989e+01   1.29e-01
  3.5592e+01   1.25e-01
  3.6205e+01   1.21e-01
  3.6829e+01   1.17e-01
  3.7464e+01   1.13e-01
  3.8110e+01   1.09e-01
  3.8767e+01   1.05e-01
  3.9435e+01   1.01e-01
  4.0115e+01   9.80e-02
  4.0807e+01   9.46e-02
  4.1510e+01   9.13e-02
  4.2226e+01   8.81e-02
  4.2953e+01   8.50e-02
  4.3694e+01   8.19e-02
  4.4447e+01   7.90e-02
  4.5213e+01   7.62e-02
  4.5993e+01   7.34e-02
  4.6786e+01   7.07e-02
  4.7592e+01   6.81e-02
  4.8412e+01   6.55e-02
  4.9247e+01   6.31e-02
  5.0096e+01   6.08e-02
  5.0960e+01   5.85e-02
  5.1838e+01   5.63e-02
  5.2732e+01   5.41e-02
  5.3641e+01   5.20e-02
  5.4565e+01   5.00e-02
  5.5506e+01   4.81e-02
  5.6463e+01   4.62e-02
  5.7436e+01   4.44e-02
  5.8426e+01   4.26e-02
  5.9433e+01   4.09e-02
  6.0458e+01   3.93e-02
  6.1500e+01   3.77e-02
  6.2560e+01   3.62e-02
  6.3639e+01   3.47e-02
  6.4736e+01   3.33e-02
  6.5852e+01   3.19e-02
  6.6987e+01   3.05e-02
  6.8142e+01   2.92e-02
  6.9316e+01   2.80e-02
  7.0511e+01   2.68e-02
  7.1727e+01   2.57e-02
  7.2963e+01   2.46e-02
  7.4221e+01   2.35e-02
  7.5500e+01   2.24e-02
  7.6802e+01   2.14e-02
  7.8126e+01   2.05e-02
  7.9472e+01   1.96e-02
  8.0842e+01   1.87e-02
  8.2236e+01   1.79e-02
  8.3654e+01   1.70e-02
  8.5096e+01   1.62e-02
  8.6563e+01   1.55e-02
  8.8055e+01   1.48e-02
  8.9573e+01   1.41e-02
  9.1117e+01   1.34e-02
  9.2687e+01   1.28e-02
  9.4285e+01   1.21e-02
  9.5911e+01   1.15e-02
  9.7564e+01   1.10e-02
  9.9246e+01   1.04e-02
  1.0096e+02   9.92e-03
  1.0270e+02   9.42e-03
  1.0447e+02   8.94e-03
  1.0627e+02   8.47e-03
  1.0810e+02   8.02e-03
  1.0996e+02   7.62e-03
  1.1186e+02   7.23e-03
  1.1379e+02   6.86e-03
  1.1575e+02   6.50e-03
  1.1774e+02   6.15e-03
  1.1977e+02   5.81e-03
  1.2184e+02   5.48e-03
  1.2394e+02   5.20e-03
  1.2608e+02   4.93e-03
  1.2825e+02   4.66e-03
  1.3046e+02   4.40e-03
  1.3271e+02   4.15e-03
  1.3500e+02   3.90e-03
  1.3732e+02   3.68e-03
  1.3969e+02   3.48e-03
  1.4210e+02   3.29e-03
  1.4455e+02   3.10e-03
  1.4704e+02   2.92e-03
  1.4957e+02   2.74e-03
  1.5215e+02   2.57e-03
  1.5478e+02   2.42e-03
  1.5744e+02   2.28e-03
  1.6016e+02   2.15e-03
  1.6292e+02   2.02e-03
  1.6573e+02   1.90e-03
  1.6858e+02   1.77e-03
  1.7149e+02   1.66e-03
  1.7445e+02   1.56e-03
  1.7745e+02   1.47e-03
  1.8051e+02   1.38e-03
  1.8362e+02   1.29e-03
  1.8679e+02   1.20e-03
  1.9001e+02   1.12e-03
  1.9328e+02   1.04e-03
  1.9662e+02   9.79e-04
  2.0001e+02   9.17e-04
  2.0345e+02   8.57e-04
  2.0696e+02   8.00e-04
  2.1053e+02   7.44e-04
  2.1416e+02   6.89e-04
  2.1785e+02   6.41e-04
  2.2160e+02   6.00e-04
  2.2543e+02   5.61e-04
  2.2931e+02   5.22e-04
  2.3326e+02   4.85e-04
  2.3729e+02   4.49e-04
  2.4138e+02   4.14e-04
  2.4554e+02   3.86e-04
  2.4977e+02   3.60e-04
  2.5407e+02   3.35e-04
  2.5845e+02   3.11e-04
  2.6291e+02   2.87e-04
  2.6744e+02   2.65e-04
  2.7205e+02   2.43e-04
  2.7674e+02   2.26e-04
  2.8151e+02   2.10e-04
  2.8637e+02   1.95e-04
  2.9130e+02   1.80e-04
  2.9632e+02   1.66e-04
  3.0143e+02   1.52e-04
  3.0663e+02   1.39e-04
  3.1191e+02   1.29e-04
  3.1729e+02   1.20e-04
  3.2276e+02   1.11e-04
  3.2832e+02   1.02e-04
  3.3398e+02   9.33e-05
  3.3974e+02   8.51e-05
  3.4560e+02   7.81e-05
  3.5155e+02   7.24e-05
  3.5761e+02   6.68e-05
  3.6378e+02   6.15e-05
  3.7005e+02   5.63e-05
  3.7643e+02   5.13e-05
  3.8292e+02   4.65e-05
  3.8952e+02   4.28e-05
  3.9623e+02   3.96e-05
  4.0306e+02   3.65e-05
  4.1001e+02   3.35e-05
  4.1708e+02   3.06e-05
  4.2427e+02   2.78e-05
  4.3158e+02   2.51e-05
  4.3902e+02   2.32e-05
  4.4659e+02   2.14e-05
  4.5429e+02   1.97e-05
  4.6212e+02   1.81e-05
  4.7009e+02   1.65e-05
  4.7819e+02   1.49e-05
  4.8643e+02   1.35e-05
  4.9482e+02   1.25e-05
  5.0335e+02   1.16e-05
  5.1203e+02   1.06e-05
  5.2085e+02   9.74e-06
  5.2983e+02   8.88e-06
  5.3897e+02   8.04e-06
  5.4826e+02   7.38e-06
  5.5771e+02   6.87e-06
  5.6732e+02   6.37e-06
  5.7710e+02   5.89e-06
  5.8705e+02   5.43e-06
  5.9717e+02   4.99e-06
  6.0746e+02   4.56e-06
  6.1793e+02   4.25e-06
  6.2859e+02   3.98e-06
  6.3942e+02   3.73e-06
  6.5045e+02   3.48e-06
  6.6166e+02   3.23e-06
  6.7306e+02   3.00e-06
  6.8467e+02   2.78e-06
  6.9647e+02   2.63e-06
  7.0847e+02   2.48e-06
  7.2069e+02   2.33e-06
  7.3311e+02   2.19e-06
  7.4575e+02   2.06e-06
  7.5860e+02   1.93e-06
  7.7168e+02   1.81e-06
  7.8498e+02   1.71e-06
  7.9852e+02   1.61e-06
  8.1228e+02   1.52e-06
  8.2628e+02   1.43e-06
  8.4053e+02   1.34e-06
  8.5502e+02   1.26e-06
  8.6976e+02   1.19e-06
  8.8475e+02   1.14e-06
  9.0000e+02   1.09e-06
