#  E [MeV]   Flux [# cm^{-2} s^{-1}  MeV^{-1}]
  3.0000e+04   2.94e-25
  3.1141e+04   2.83e-25
  3.2326e+04   2.72e-25
  3.3556e+04   2.61e-25
  3.4832e+04   2.51e-25
  3.6157e+04   2.41e-25
  3.7533e+04   2.32e-25
  3.8961e+04   2.22e-25
  4.0443e+04   2.14e-25
  4.1982e+04   2.05e-25
  4.3579e+04   1.97e-25
  4.5237e+04   1.89e-25
  4.6958e+04   1.82e-25
  4.8744e+04   1.75e-25
  5.0598e+04   1.68e-25
  5.2523e+04   1.61e-25
  5.4521e+04   1.55e-25
  5.6596e+04   1.48e-25
  5.8749e+04   1.42e-25
  6.0984e+04   1.37e-25
  6.3304e+04   1.31e-25
  6.5712e+04   1.26e-25
  6.8212e+04   1.21e-25
  7.0807e+04   1.16e-25
  7.3500e+04   1.11e-25
  7.6297e+04   1.07e-25
  7.9199e+04   1.02e-25
  8.2212e+04   9.81e-26
  8.5340e+04   9.40e-26
  8.8586e+04   9.01e-26
  9.1956e+04   8.64e-26
  9.5455e+04   8.28e-26
  9.9086e+04   7.93e-26
  1.0286e+05   7.59e-26
  1.0677e+05   7.27e-26
  1.1083e+05   6.96e-26
  1.1505e+05   6.67e-26
  1.1942e+05   6.38e-26
  1.2397e+05   6.11e-26
  1.2868e+05   5.84e-26
  1.3358e+05   5.59e-26
  1.3866e+05   5.34e-26
  1.4394e+05   5.11e-26
  1.4941e+05   4.88e-26
  1.5509e+05   4.66e-26
  1.6100e+05   4.45e-26
  1.6712e+05   4.25e-26
  1.7348e+05   4.06e-26
  1.8008e+05   3.87e-26
  1.8693e+05   3.69e-26
  1.9404e+05   3.52e-26
  2.0142e+05   3.36e-26
  2.0908e+05   3.20e-26
  2.1704e+05   3.05e-26
  2.2529e+05   2.90e-26
  2.3387e+05   2.76e-26
  2.4276e+05   2.63e-26
  2.5200e+05   2.50e-26
  2.6158e+05   2.38e-26
  2.7154e+05   2.26e-26
  2.8187e+05   2.15e-26
  2.9259e+05   2.04e-26
  3.0372e+05   1.93e-26
  3.1527e+05   1.84e-26
  3.2727e+05   1.74e-26
  3.3972e+05   1.65e-26
  3.5264e+05   1.56e-26
  3.6606e+05   1.48e-26
  3.7998e+05   1.40e-26
  3.9444e+05   1.32e-26
  4.0945e+05   1.25e-26
  4.2502e+05   1.18e-26
  4.4119e+05   1.11e-26
  4.5798e+05   1.05e-26
  4.7540e+05   9.91e-27
  4.9348e+05   9.34e-27
  5.1226e+05   8.80e-27
  5.3175e+05   8.29e-27
  5.5198e+05   7.80e-27
  5.7297e+05   7.33e-27
  5.9477e+05   6.89e-27
  6.1740e+05   6.48e-27
  6.4089e+05   6.08e-27
  6.6527e+05   5.70e-27
  6.9058e+05   5.35e-27
  7.1685e+05   5.01e-27
  7.4412e+05   4.70e-27
  7.7243e+05   4.40e-27
  8.0181e+05   4.11e-27
  8.3232e+05   3.85e-27
  8.6398e+05   3.60e-27
  8.9685e+05   3.36e-27
  9.3097e+05   3.14e-27
  9.6638e+05   2.93e-27
  1.0031e+06   2.74e-27
  1.0413e+06   2.55e-27
  1.0809e+06   2.38e-27
  1.1220e+06   2.22e-27
  1.1647e+06   2.07e-27
  1.2090e+06   1.92e-27
  1.2550e+06   1.79e-27
  1.3028e+06   1.66e-27
  1.3523e+06   1.54e-27
  1.4038e+06   1.43e-27
  1.4572e+06   1.33e-27
  1.5126e+06   1.23e-27
  1.5702e+06   1.14e-27
  1.6299e+06   1.06e-27
  1.6919e+06   9.78e-28
  1.7563e+06   9.04e-28
  1.8231e+06   8.36e-28
  1.8925e+06   7.72e-28
  1.9645e+06   7.12e-28
  2.0392e+06   6.57e-28
  2.1168e+06   6.06e-28
  2.1973e+06   5.57e-28
  2.2809e+06   5.13e-28
  2.3677e+06   4.72e-28
  2.4577e+06   4.33e-28
  2.5512e+06   3.98e-28
  2.6483e+06   3.65e-28
  2.7490e+06   3.34e-28
  2.8536e+06   3.06e-28
  2.9622e+06   2.80e-28
  3.0749e+06   2.55e-28
  3.1918e+06   2.33e-28
  3.3133e+06   2.13e-28
  3.4393e+06   1.94e-28
  3.5702e+06   1.76e-28
  3.7060e+06   1.60e-28
  3.8470e+06   1.45e-28
  3.9933e+06   1.32e-28
  4.1452e+06   1.20e-28
  4.3029e+06   1.08e-28
  4.4666e+06   9.78e-29
  4.6366e+06   8.85e-29
  4.8129e+06   7.99e-29
  4.9960e+06   7.18e-29
  5.1861e+06   6.48e-29
  5.3834e+06   5.82e-29
  5.5882e+06   5.20e-29
  5.8008e+06   4.68e-29
  6.0215e+06   4.19e-29
  6.2506e+06   3.73e-29
  6.4883e+06   3.34e-29
  6.7352e+06   2.98e-29
  6.9914e+06   2.64e-29
  7.2574e+06   2.36e-29
  7.5335e+06   2.09e-29
  7.8201e+06   1.85e-29
  8.1176e+06   1.64e-29
  8.4264e+06   1.45e-29
  8.7470e+06   1.27e-29
  9.0797e+06   1.12e-29
  9.4251e+06   9.90e-30
  9.7837e+06   8.65e-30
  1.0156e+07   7.57e-30
  1.0542e+07   6.63e-30
  1.0943e+07   5.76e-30
  1.1360e+07   5.00e-30
  1.1792e+07   4.36e-30
  1.2240e+07   3.76e-30
  1.2706e+07   3.24e-30
  1.3189e+07   2.80e-30
  1.3691e+07   2.39e-30
  1.4212e+07   2.04e-30
  1.4753e+07   1.74e-30
  1.5314e+07   1.48e-30
  1.5897e+07   1.24e-30
  1.6501e+07   1.05e-30
  1.7129e+07   8.80e-31
  1.7781e+07   7.28e-31
  1.8457e+07   6.08e-31
  1.9159e+07   5.00e-31
  1.9888e+07   4.05e-31
  2.0645e+07   3.31e-31
  2.1430e+07   2.66e-31
  2.2245e+07   2.09e-31
  2.3092e+07   1.65e-31
  2.3970e+07   1.28e-31
  2.4882e+07   9.58e-32
  2.5829e+07   7.22e-32
  2.6811e+07   5.28e-32
  2.7831e+07   3.72e-32
  2.8890e+07   2.60e-32
  2.9989e+07   1.74e-32
  3.1130e+07   1.10e-32
  3.2314e+07   6.79e-33
  3.3544e+07   3.92e-33
  3.4820e+07   2.07e-33
  3.6144e+07   1.01e-33
  3.7519e+07   4.41e-34
  3.8947e+07   1.65e-34
  4.0428e+07   5.20e-35
  4.1966e+07   1.31e-35
  4.3563e+07   2.46e-36
  4.5220e+07   3.19e-37
  4.6941e+07   2.57e-38
  4.8726e+07   1.09e-39
  5.0580e+07   2.05e-41
