#  E [MeV]   Flux [# cm^{-2} s^{-1}  MeV^{-1}]
  3.0000e+04   1.32e-21
  3.0943e+04   1.27e-21
  3.1916e+04   1.23e-21
  3.2920e+04   1.18e-21
  3.3955e+04   1.14e-21
  3.5023e+04   1.09e-21
  3.6124e+04   1.05e-21
  3.7260e+04   1.01e-21
  3.8432e+04   9.73e-22
  3.9640e+04   9.36e-22
  4.0887e+04   9.00e-22
  4.2172e+04   8.65e-22
  4.3499e+04   8.31e-22
  4.4866e+04   7.99e-22
  4.6277e+04   7.67e-22
  4.7732e+04   7.37e-22
  4.9233e+04   7.08e-22
  5.0781e+04   6.80e-22
  5.2378e+04   6.52e-22
  5.4025e+04   6.26e-22
  5.5724e+04   6.01e-22
  5.7476e+04   5.76e-22
  5.9284e+04   5.53e-22
  6.1148e+04   5.30e-22
  6.3071e+04   5.08e-22
  6.5054e+04   4.87e-22
  6.7100e+04   4.67e-22
  6.9210e+04   4.48e-22
  7.1386e+04   4.29e-22
  7.3631e+04   4.11e-22
  7.5946e+04   3.94e-22
  7.8334e+04   3.77e-22
  8.0797e+04   3.61e-22
  8.3338e+04   3.45e-22
  8.5959e+04   3.31e-22
  8.8662e+04   3.16e-22
  9.1450e+04   3.03e-22
  9.4325e+04   2.89e-22
  9.7291e+04   2.77e-22
  1.0035e+05   2.65e-22
  1.0351e+05   2.53e-22
  1.0676e+05   2.42e-22
  1.1012e+05   2.31e-22
  1.1358e+05   2.21e-22
  1.1715e+05   2.11e-22
  1.2084e+05   2.01e-22
  1.2464e+05   1.92e-22
  1.2856e+05   1.84e-22
  1.3260e+05   1.75e-22
  1.3677e+05   1.67e-22
  1.4107e+05   1.60e-22
  1.4550e+05   1.52e-22
  1.5008e+05   1.45e-22
  1.5480e+05   1.38e-22
  1.5967e+05   1.32e-22
  1.6469e+05   1.26e-22
  1.6987e+05   1.20e-22
  1.7521e+05   1.14e-22
  1.8072e+05   1.09e-22
  1.8640e+05   1.04e-22
  1.9226e+05   9.86e-23
  1.9831e+05   9.39e-23
  2.0454e+05   8.94e-23
  2.1097e+05   8.50e-23
  2.1761e+05   8.09e-23
  2.2445e+05   7.70e-23
  2.3151e+05   7.32e-23
  2.3879e+05   6.96e-23
  2.4630e+05   6.62e-23
  2.5404e+05   6.29e-23
  2.6203e+05   5.97e-23
  2.7027e+05   5.67e-23
  2.7877e+05   5.39e-23
  2.8753e+05   5.11e-23
  2.9657e+05   4.85e-23
  3.0590e+05   4.60e-23
  3.1552e+05   4.36e-23
  3.2544e+05   4.14e-23
  3.3567e+05   3.92e-23
  3.4623e+05   3.72e-23
  3.5712e+05   3.52e-23
  3.6835e+05   3.33e-23
  3.7993e+05   3.16e-23
  3.9188e+05   2.99e-23
  4.0420e+05   2.83e-23
  4.1691e+05   2.67e-23
  4.3002e+05   2.53e-23
  4.4354e+05   2.39e-23
  4.5749e+05   2.26e-23
  4.7187e+05   2.13e-23
  4.8671e+05   2.02e-23
  5.0202e+05   1.91e-23
  5.1780e+05   1.80e-23
  5.3409e+05   1.70e-23
  5.5088e+05   1.61e-23
  5.6820e+05   1.52e-23
  5.8607e+05   1.43e-23
  6.0450e+05   1.35e-23
  6.2351e+05   1.28e-23
  6.4311e+05   1.20e-23
  6.6334e+05   1.14e-23
  6.8419e+05   1.07e-23
  7.0571e+05   1.01e-23
  7.2790e+05   9.57e-24
  7.5079e+05   9.04e-24
  7.7440e+05   8.54e-24
  7.9875e+05   8.07e-24
  8.2387e+05   7.62e-24
  8.4977e+05   7.20e-24
  8.7649e+05   6.81e-24
  9.0405e+05   6.44e-24
  9.3248e+05   6.09e-24
  9.6180e+05   5.76e-24
  9.9205e+05   5.45e-24
  1.0232e+06   5.16e-24
  1.0554e+06   4.89e-24
  1.0886e+06   4.63e-24
  1.1228e+06   4.39e-24
  1.1581e+06   4.16e-24
  1.1946e+06   3.94e-24
  1.2321e+06   3.74e-24
  1.2709e+06   3.55e-24
  1.3108e+06   3.37e-24
  1.3521e+06   3.21e-24
  1.3946e+06   3.05e-24
  1.4384e+06   2.90e-24
  1.4837e+06   2.75e-24
  1.5303e+06   2.62e-24
  1.5784e+06   2.49e-24
  1.6281e+06   2.37e-24
  1.6793e+06   2.26e-24
  1.7321e+06   2.15e-24
  1.7865e+06   2.05e-24
  1.8427e+06   1.96e-24
  1.9006e+06   1.87e-24
  1.9604e+06   1.78e-24
  2.0221e+06   1.70e-24
  2.0856e+06   1.62e-24
  2.1512e+06   1.55e-24
  2.2189e+06   1.47e-24
  2.2886e+06   1.41e-24
  2.3606e+06   1.34e-24
  2.4348e+06   1.28e-24
  2.5114e+06   1.22e-24
  2.5904e+06   1.17e-24
  2.6718e+06   1.12e-24
  2.7558e+06   1.07e-24
  2.8425e+06   1.02e-24
  2.9319e+06   9.70e-25
  3.0241e+06   9.26e-25
  3.1192e+06   8.83e-25
  3.2173e+06   8.42e-25
  3.3184e+06   8.03e-25
  3.4228e+06   7.65e-25
  3.5304e+06   7.28e-25
  3.6414e+06   6.93e-25
  3.7559e+06   6.59e-25
  3.8740e+06   6.27e-25
  3.9958e+06   5.95e-25
  4.1215e+06   5.65e-25
  4.2511e+06   5.36e-25
  4.3848e+06   5.08e-25
  4.5227e+06   4.81e-25
  4.6649e+06   4.55e-25
  4.8116e+06   4.30e-25
  4.9629e+06   4.06e-25
  5.1189e+06   3.82e-25
  5.2799e+06   3.60e-25
  5.4459e+06   3.39e-25
  5.6171e+06   3.18e-25
  5.7938e+06   2.99e-25
  5.9760e+06   2.80e-25
  6.1639e+06   2.61e-25
  6.3577e+06   2.44e-25
  6.5576e+06   2.27e-25
  6.7638e+06   2.11e-25
  6.9765e+06   1.96e-25
  7.1959e+06   1.82e-25
  7.4222e+06   1.68e-25
  7.6556e+06   1.55e-25
  7.8963e+06   1.42e-25
  8.1446e+06   1.30e-25
  8.4007e+06   1.19e-25
  8.6649e+06   1.08e-25
  8.9373e+06   9.83e-26
  9.2184e+06   8.88e-26
  9.5082e+06   8.00e-26
  9.8072e+06   7.17e-26
  1.0116e+07   6.40e-26
  1.0434e+07   5.69e-26
  1.0762e+07   5.02e-26
  1.1100e+07   4.41e-26
  1.1449e+07   3.85e-26
  1.1809e+07   3.33e-26
  1.2181e+07   2.86e-26
  1.2564e+07   2.44e-26
  1.2959e+07   2.06e-26
  1.3366e+07   1.72e-26
  1.3786e+07   1.43e-26
  1.4220e+07   1.18e-26
