#  E [MeV]   Flux [# cm^{-2} s^{-1}  MeV^{-1}]
  3.0000e+04   1.73e-25
  3.1141e+04   1.66e-25
  3.2326e+04   1.59e-25
  3.3556e+04   1.53e-25
  3.4832e+04   1.47e-25
  3.6157e+04   1.41e-25
  3.7533e+04   1.36e-25
  3.8961e+04   1.30e-25
  4.0443e+04   1.25e-25
  4.1982e+04   1.20e-25
  4.3579e+04   1.16e-25
  4.5237e+04   1.11e-25
  4.6958e+04   1.06e-25
  4.8744e+04   1.02e-25
  5.0598e+04   9.81e-26
  5.2523e+04   9.42e-26
  5.4521e+04   9.04e-26
  5.6596e+04   8.68e-26
  5.8749e+04   8.33e-26
  6.0984e+04   7.99e-26
  6.3304e+04   7.66e-26
  6.5712e+04   7.35e-26
  6.8212e+04   7.05e-26
  7.0807e+04   6.76e-26
  7.3500e+04   6.48e-26
  7.6297e+04   6.21e-26
  7.9199e+04   5.95e-26
  8.2212e+04   5.70e-26
  8.5340e+04   5.46e-26
  8.8586e+04   5.23e-26
  9.1956e+04   5.01e-26
  9.5455e+04   4.80e-26
  9.9086e+04   4.59e-26
  1.0286e+05   4.39e-26
  1.0677e+05   4.20e-26
  1.1083e+05   4.02e-26
  1.1505e+05   3.84e-26
  1.1942e+05   3.67e-26
  1.2397e+05   3.51e-26
  1.2868e+05   3.35e-26
  1.3358e+05   3.20e-26
  1.3866e+05   3.06e-26
  1.4394e+05   2.92e-26
  1.4941e+05   2.78e-26
  1.5509e+05   2.65e-26
  1.6100e+05   2.52e-26
  1.6712e+05   2.40e-26
  1.7348e+05   2.29e-26
  1.8008e+05   2.18e-26
  1.8693e+05   2.07e-26
  1.9404e+05   1.97e-26
  2.0142e+05   1.87e-26
  2.0908e+05   1.77e-26
  2.1704e+05   1.68e-26
  2.2529e+05   1.60e-26
  2.3387e+05   1.51e-26
  2.4276e+05   1.43e-26
  2.5200e+05   1.35e-26
  2.6158e+05   1.28e-26
  2.7154e+05   1.21e-26
  2.8187e+05   1.14e-26
  2.9259e+05   1.08e-26
  3.0372e+05   1.01e-26
  3.1527e+05   9.54e-27
  3.2727e+05   8.97e-27
  3.3972e+05   8.43e-27
  3.5264e+05   7.91e-27
  3.6606e+05   7.42e-27
  3.7998e+05   6.95e-27
  3.9444e+05   6.50e-27
  4.0945e+05   6.08e-27
  4.2502e+05   5.68e-27
  4.4119e+05   5.30e-27
  4.5798e+05   4.94e-27
  4.7540e+05   4.60e-27
  4.9348e+05   4.28e-27
  5.1226e+05   3.98e-27
  5.3175e+05   3.69e-27
  5.5198e+05   3.43e-27
  5.7297e+05   3.18e-27
  5.9477e+05   2.94e-27
  6.1740e+05   2.72e-27
  6.4089e+05   2.52e-27
  6.6527e+05   2.33e-27
  6.9058e+05   2.15e-27
  7.1685e+05   1.98e-27
  7.4412e+05   1.83e-27
  7.7243e+05   1.69e-27
  8.0181e+05   1.55e-27
  8.3232e+05   1.43e-27
  8.6398e+05   1.32e-27
  8.9685e+05   1.21e-27
  9.3097e+05   1.11e-27
  9.6638e+05   1.03e-27
  1.0031e+06   9.43e-28
  1.0413e+06   8.67e-28
  1.0809e+06   7.97e-28
  1.1220e+06   7.32e-28
  1.1647e+06   6.73e-28
  1.2090e+06   6.18e-28
  1.2550e+06   5.67e-28
  1.3028e+06   5.20e-28
  1.3523e+06   4.77e-28
  1.4038e+06   4.38e-28
  1.4572e+06   4.02e-28
  1.5126e+06   3.68e-28
  1.5702e+06   3.38e-28
  1.6299e+06   3.09e-28
  1.6919e+06   2.83e-28
  1.7563e+06   2.60e-28
  1.8231e+06   2.38e-28
  1.8925e+06   2.17e-28
  1.9645e+06   1.99e-28
  2.0392e+06   1.82e-28
  2.1168e+06   1.66e-28
  2.1973e+06   1.52e-28
  2.2809e+06   1.38e-28
  2.3677e+06   1.26e-28
  2.4577e+06   1.15e-28
  2.5512e+06   1.05e-28
  2.6483e+06   9.49e-29
  2.7490e+06   8.62e-29
  2.8536e+06   7.82e-29
  2.9622e+06   7.08e-29
  3.0749e+06   6.41e-29
  3.1918e+06   5.79e-29
  3.3133e+06   5.22e-29
  3.4393e+06   4.70e-29
  3.5702e+06   4.24e-29
  3.7060e+06   3.80e-29
  3.8470e+06   3.41e-29
  3.9933e+06   3.05e-29
  4.1452e+06   2.72e-29
  4.3029e+06   2.43e-29
  4.4666e+06   2.16e-29
  4.6366e+06   1.92e-29
  4.8129e+06   1.70e-29
  4.9960e+06   1.50e-29
  5.1861e+06   1.32e-29
  5.3834e+06   1.16e-29
  5.5882e+06   1.02e-29
  5.8008e+06   8.85e-30
  6.0215e+06   7.68e-30
  6.2506e+06   6.68e-30
  6.4883e+06   5.77e-30
  6.7352e+06   4.95e-30
  6.9914e+06   4.26e-30
  7.2574e+06   3.63e-30
  7.5335e+06   3.07e-30
  7.8201e+06   2.61e-30
  8.1176e+06   2.19e-30
  8.4264e+06   1.82e-30
  8.7470e+06   1.52e-30
  9.0797e+06   1.26e-30
  9.4251e+06   1.02e-30
  9.7837e+06   8.35e-31
  1.0156e+07   6.74e-31
  1.0542e+07   5.35e-31
  1.0943e+07   4.25e-31
  1.1360e+07   3.33e-31
  1.1792e+07   2.56e-31
  1.2240e+07   1.96e-31
  1.2706e+07   1.48e-31
  1.3189e+07   1.09e-31
  1.3691e+07   7.93e-32
  1.4212e+07   5.68e-32
  1.4753e+07   3.95e-32
  1.5314e+07   2.70e-32
  1.5897e+07   1.80e-32
  1.6501e+07   1.16e-32
  1.7129e+07   7.21e-33
  1.7781e+07   4.36e-33
  1.8457e+07   2.50e-33
  1.9159e+07   1.36e-33
  1.9888e+07   7.12e-34
  2.0645e+07   3.46e-34
  2.1430e+07   1.55e-34
  2.2245e+07   6.50e-35
  2.3092e+07   2.44e-35
  2.3970e+07   8.14e-36
  2.4882e+07   2.43e-36
  2.5829e+07   6.12e-37
  2.6811e+07   1.28e-37
  2.7831e+07   2.20e-38
  2.8890e+07   2.90e-39
  2.9989e+07   2.79e-40
  3.1130e+07   1.92e-41
  3.2314e+07   8.36e-43
  3.3544e+07   2.11e-44
  3.4820e+07   2.83e-46
  3.6144e+07   1.68e-48
  3.7519e+07   3.65e-51
  3.8947e+07   2.34e-54
  4.0428e+07   3.15e-58
  4.1966e+07   5.90e-63
  4.3563e+07   9.11e-69
  4.5220e+07   2.86e-72
  4.6941e+07   2.64e-72
  4.8726e+07   2.46e-72
  5.0580e+07   2.30e-72
