#  E [MeV]   Flux [# cm^{-2} s^{-1}  MeV^{-1}]
  3.0000e+04   5.53e-27
  3.1232e+04   5.32e-27
  3.2514e+04   5.11e-27
  3.3849e+04   4.91e-27
  3.5238e+04   4.72e-27
  3.6685e+04   4.53e-27
  3.8191e+04   4.35e-27
  3.9759e+04   4.18e-27
  4.1391e+04   4.01e-27
  4.3090e+04   3.85e-27
  4.4859e+04   3.69e-27
  4.6701e+04   3.54e-27
  4.8618e+04   3.39e-27
  5.0614e+04   3.25e-27
  5.2692e+04   3.12e-27
  5.4855e+04   2.99e-27
  5.7107e+04   2.86e-27
  5.9451e+04   2.74e-27
  6.1892e+04   2.62e-27
  6.4433e+04   2.51e-27
  6.7078e+04   2.40e-27
  6.9832e+04   2.30e-27
  7.2699e+04   2.20e-27
  7.5683e+04   2.10e-27
  7.8790e+04   2.01e-27
  8.2025e+04   1.92e-27
  8.5392e+04   1.83e-27
  8.8898e+04   1.75e-27
  9.2547e+04   1.67e-27
  9.6347e+04   1.59e-27
  1.0030e+05   1.52e-27
  1.0442e+05   1.45e-27
  1.0871e+05   1.38e-27
  1.1317e+05   1.32e-27
  1.1782e+05   1.25e-27
  1.2265e+05   1.19e-27
  1.2769e+05   1.14e-27
  1.3293e+05   1.08e-27
  1.3839e+05   1.03e-27
  1.4407e+05   9.77e-28
  1.4998e+05   9.28e-28
  1.5614e+05   8.81e-28
  1.6255e+05   8.36e-28
  1.6922e+05   7.93e-28
  1.7617e+05   7.52e-28
  1.8340e+05   7.12e-28
  1.9093e+05   6.74e-28
  1.9877e+05   6.38e-28
  2.0693e+05   6.04e-28
  2.1543e+05   5.70e-28
  2.2427e+05   5.39e-28
  2.3348e+05   5.08e-28
  2.4306e+05   4.79e-28
  2.5304e+05   4.52e-28
  2.6343e+05   4.25e-28
  2.7424e+05   4.00e-28
  2.8550e+05   3.76e-28
  2.9722e+05   3.53e-28
  3.0942e+05   3.32e-28
  3.2213e+05   3.11e-28
  3.3535e+05   2.91e-28
  3.4912e+05   2.73e-28
  3.6345e+05   2.55e-28
  3.7837e+05   2.38e-28
  3.9390e+05   2.22e-28
  4.1008e+05   2.07e-28
  4.2691e+05   1.93e-28
  4.4444e+05   1.80e-28
  4.6268e+05   1.67e-28
  4.8168e+05   1.55e-28
  5.0145e+05   1.44e-28
  5.2204e+05   1.34e-28
  5.4347e+05   1.24e-28
  5.6578e+05   1.15e-28
  5.8901e+05   1.06e-28
  6.1319e+05   9.81e-29
  6.3836e+05   9.06e-29
  6.6457e+05   8.37e-29
  6.9185e+05   7.73e-29
  7.2025e+05   7.13e-29
  7.4982e+05   6.58e-29
  7.8061e+05   6.07e-29
  8.1265e+05   5.60e-29
  8.4601e+05   5.16e-29
  8.8075e+05   4.76e-29
  9.1690e+05   4.39e-29
  9.5455e+05   4.05e-29
  9.9373e+05   3.73e-29
  1.0345e+06   3.44e-29
  1.0770e+06   3.17e-29
  1.1212e+06   2.93e-29
  1.1672e+06   2.70e-29
  1.2152e+06   2.49e-29
  1.2650e+06   2.30e-29
  1.3170e+06   2.13e-29
  1.3711e+06   1.97e-29
  1.4273e+06   1.82e-29
  1.4859e+06   1.68e-29
  1.5469e+06   1.56e-29
  1.6104e+06   1.44e-29
  1.6766e+06   1.34e-29
  1.7454e+06   1.24e-29
  1.8170e+06   1.15e-29
  1.8916e+06   1.06e-29
  1.9693e+06   9.87e-30
  2.0501e+06   9.16e-30
  2.1343e+06   8.49e-30
  2.2219e+06   7.88e-30
  2.3131e+06   7.31e-30
  2.4081e+06   6.79e-30
  2.5070e+06   6.30e-30
  2.6099e+06   5.84e-30
  2.7170e+06   5.42e-30
  2.8286e+06   5.04e-30
  2.9447e+06   4.67e-30
  3.0656e+06   4.33e-30
  3.1914e+06   4.02e-30
  3.3225e+06   3.73e-30
  3.4589e+06   3.45e-30
  3.6008e+06   3.20e-30
  3.7487e+06   2.96e-30
  3.9026e+06   2.74e-30
  4.0628e+06   2.53e-30
  4.2296e+06   2.33e-30
  4.4032e+06   2.15e-30
  4.5840e+06   1.98e-30
  4.7722e+06   1.82e-30
  4.9681e+06   1.67e-30
  5.1720e+06   1.53e-30
  5.3844e+06   1.40e-30
  5.6054e+06   1.28e-30
  5.8355e+06   1.17e-30
  6.0751e+06   1.06e-30
  6.3245e+06   9.64e-31
  6.5841e+06   8.72e-31
  6.8544e+06   7.86e-31
  7.1358e+06   7.06e-31
  7.4288e+06   6.32e-31
  7.7338e+06   5.63e-31
  8.0513e+06   4.99e-31
  8.3818e+06   4.40e-31
  8.7259e+06   3.87e-31
  9.0841e+06   3.37e-31
  9.4571e+06   2.92e-31
  9.8453e+06   2.51e-31
  1.0249e+07   2.14e-31
  1.0670e+07   1.80e-31
  1.1108e+07   1.50e-31
  1.1564e+07   1.24e-31
  1.2039e+07   1.01e-31
  1.2533e+07   8.05e-32
  1.3048e+07   6.33e-32
  1.3584e+07   4.88e-32
  1.4141e+07   3.69e-32
  1.4722e+07   2.71e-32
  1.5326e+07   1.94e-32
  1.5955e+07   1.35e-32
  1.6610e+07   9.03e-33
  1.7292e+07   5.80e-33
  1.8002e+07   3.55e-33
  1.8741e+07   2.06e-33
  1.9511e+07   1.12e-33
  2.0312e+07   5.71e-34
  2.1145e+07   2.66e-34
  2.2013e+07   1.12e-34
  2.2917e+07   4.23e-35
  2.3858e+07   1.39e-35
  2.4837e+07   3.90e-36
  2.5857e+07   9.05e-37
  2.6919e+07   1.68e-37
  2.8024e+07   2.37e-38
  2.9174e+07   2.42e-39
  3.0372e+07   1.66e-40
  3.1619e+07   7.08e-42
  3.2917e+07   1.67e-43
  3.4268e+07   1.90e-45
  3.5675e+07   8.71e-48
  3.7140e+07   1.29e-50
  3.8664e+07   4.56e-54
  4.0252e+07   2.62e-58
  4.1904e+07   1.47e-63
  4.3624e+07   4.06e-70
  4.5415e+07   2.66e-71
  4.7280e+07   2.52e-71
  4.9221e+07   2.38e-71
  5.1241e+07   2.24e-71
  5.3345e+07   2.12e-71
  5.5535e+07   2.00e-71
  5.7815e+07   1.89e-71
  6.0188e+07   1.78e-71
  6.2659e+07   1.68e-71
  6.5232e+07   1.58e-71
  6.7910e+07   1.49e-71
  7.0698e+07   1.40e-71
  7.3600e+07   1.31e-71
  7.6621e+07   1.23e-71
  7.9767e+07   1.15e-71
  8.3042e+07   1.08e-71
  8.6451e+07   1.01e-71
  9.0000e+07   9.55e-72
