#  E [GeV]   # per interaction  [GeV^{-1}]
  3.0000e+01   4.98e-01
  3.0782e+01   4.80e-01
  3.1585e+01   4.62e-01
  3.2409e+01   4.45e-01
  3.3255e+01   4.28e-01
  3.4122e+01   4.12e-01
  3.5012e+01   3.97e-01
  3.5925e+01   3.82e-01
  3.6862e+01   3.67e-01
  3.7824e+01   3.53e-01
  3.8810e+01   3.39e-01
  3.9822e+01   3.26e-01
  4.0861e+01   3.14e-01
  4.1927e+01   3.01e-01
  4.3021e+01   2.89e-01
  4.4143e+01   2.78e-01
  4.5294e+01   2.67e-01
  4.6475e+01   2.56e-01
  4.7688e+01   2.46e-01
  4.8931e+01   2.36e-01
  5.0208e+01   2.26e-01
  5.1517e+01   2.17e-01
  5.2861e+01   2.08e-01
  5.4240e+01   2.00e-01
  5.5654e+01   1.91e-01
  5.7106e+01   1.83e-01
  5.8596e+01   1.76e-01
  6.0124e+01   1.68e-01
  6.1692e+01   1.61e-01
  6.3301e+01   1.55e-01
  6.4952e+01   1.48e-01
  6.6647e+01   1.42e-01
  6.8385e+01   1.35e-01
  7.0169e+01   1.30e-01
  7.1999e+01   1.24e-01
  7.3877e+01   1.19e-01
  7.5804e+01   1.13e-01
  7.7781e+01   1.08e-01
  7.9810e+01   1.04e-01
  8.1891e+01   9.90e-02
  8.4027e+01   9.46e-02
  8.6219e+01   9.03e-02
  8.8468e+01   8.62e-02
  9.0775e+01   8.23e-02
  9.3143e+01   7.85e-02
  9.5572e+01   7.49e-02
  9.8065e+01   7.14e-02
  1.0062e+02   6.81e-02
  1.0325e+02   6.49e-02
  1.0594e+02   6.18e-02
  1.0870e+02   5.89e-02
  1.1154e+02   5.61e-02
  1.1445e+02   5.34e-02
  1.1743e+02   5.08e-02
  1.2050e+02   4.83e-02
  1.2364e+02   4.59e-02
  1.2686e+02   4.36e-02
  1.3017e+02   4.15e-02
  1.3357e+02   3.93e-02
  1.3705e+02   3.73e-02
  1.4063e+02   3.54e-02
  1.4429e+02   3.36e-02
  1.4806e+02   3.19e-02
  1.5192e+02   3.02e-02
  1.5588e+02   2.86e-02
  1.5995e+02   2.71e-02
  1.6412e+02   2.56e-02
  1.6840e+02   2.42e-02
  1.7279e+02   2.29e-02
  1.7730e+02   2.17e-02
  1.8193e+02   2.05e-02
  1.8667e+02   1.93e-02
  1.9154e+02   1.82e-02
  1.9654e+02   1.72e-02
  2.0166e+02   1.63e-02
  2.0692e+02   1.53e-02
  2.1232e+02   1.44e-02
  2.1786e+02   1.36e-02
  2.2354e+02   1.28e-02
  2.2937e+02   1.20e-02
  2.3535e+02   1.13e-02
  2.4149e+02   1.06e-02
  2.4779e+02   9.98e-03
  2.5425e+02   9.37e-03
  2.6088e+02   8.78e-03
  2.6769e+02   8.22e-03
  2.7467e+02   7.69e-03
  2.8184e+02   7.21e-03
  2.8919e+02   6.74e-03
  2.9673e+02   6.30e-03
  3.0447e+02   5.87e-03
  3.1241e+02   5.49e-03
  3.2056e+02   5.13e-03
  3.2892e+02   4.78e-03
  3.3750e+02   4.45e-03
  3.4630e+02   4.14e-03
  3.5533e+02   3.86e-03
  3.6460e+02   3.59e-03
  3.7411e+02   3.33e-03
  3.8387e+02   3.09e-03
  3.9388e+02   2.87e-03
  4.0416e+02   2.67e-03
  4.1470e+02   2.47e-03
  4.2551e+02   2.28e-03
  4.3661e+02   2.11e-03
  4.4800e+02   1.96e-03
  4.5969e+02   1.81e-03
  4.7168e+02   1.67e-03
  4.8398e+02   1.54e-03
  4.9660e+02   1.42e-03
  5.0956e+02   1.31e-03
  5.2285e+02   1.20e-03
  5.3648e+02   1.10e-03
  5.5048e+02   1.01e-03
  5.6483e+02   9.34e-04
  5.7957e+02   8.58e-04
  5.9468e+02   7.85e-04
  6.1020e+02   7.17e-04
  6.2611e+02   6.59e-04
  6.4244e+02   6.04e-04
  6.5920e+02   5.52e-04
  6.7639e+02   5.03e-04
  6.9403e+02   4.59e-04
  7.1214e+02   4.21e-04
  7.3071e+02   3.84e-04
  7.4977e+02   3.49e-04
  7.6933e+02   3.17e-04
  7.8939e+02   2.90e-04
  8.0998e+02   2.64e-04
  8.3111e+02   2.40e-04
  8.5279e+02   2.17e-04
  8.7503e+02   1.97e-04
  8.9785e+02   1.80e-04
  9.2127e+02   1.63e-04
  9.4530e+02   1.48e-04
  9.6996e+02   1.33e-04
  9.9526e+02   1.21e-04
  1.0212e+03   1.10e-04
  1.0479e+03   9.93e-05
  1.0752e+03   8.93e-05
  1.1032e+03   8.08e-05
  1.1320e+03   7.33e-05
  1.1615e+03   6.63e-05
  1.1918e+03   5.96e-05
  1.2229e+03   5.34e-05
  1.2548e+03   4.86e-05
  1.2875e+03   4.39e-05
  1.3211e+03   3.95e-05
  1.3556e+03   3.54e-05
  1.3909e+03   3.20e-05
  1.4272e+03   2.90e-05
  1.4644e+03   2.61e-05
  1.5026e+03   2.34e-05
  1.5418e+03   2.10e-05
  1.5820e+03   1.91e-05
  1.6233e+03   1.73e-05
  1.6657e+03   1.55e-05
  1.7091e+03   1.39e-05
  1.7537e+03   1.26e-05
  1.7994e+03   1.14e-05
  1.8464e+03   1.03e-05
  1.8945e+03   9.29e-06
  1.9439e+03   8.36e-06
  1.9946e+03   7.64e-06
  2.0467e+03   6.94e-06
  2.1000e+03   6.29e-06
  2.1548e+03   5.66e-06
  2.2110e+03   5.18e-06
  2.2687e+03   4.74e-06
  2.3279e+03   4.32e-06
  2.3886e+03   3.93e-06
  2.4509e+03   3.58e-06
  2.5148e+03   3.30e-06
  2.5804e+03   3.04e-06
  2.6477e+03   2.79e-06
  2.7168e+03   2.55e-06
  2.7876e+03   2.36e-06
  2.8603e+03   2.18e-06
  2.9349e+03   2.01e-06
  3.0115e+03   1.85e-06
  3.0900e+03   1.71e-06
  3.1706e+03   1.60e-06
  3.2533e+03   1.48e-06
  3.3382e+03   1.38e-06
  3.4253e+03   1.27e-06
  3.5146e+03   1.19e-06
  3.6063e+03   1.11e-06
  3.7003e+03   1.03e-06
  3.7969e+03   9.60e-07
  3.8959e+03   8.92e-07
  3.9975e+03   8.29e-07
  4.1018e+03   7.69e-07
  4.2088e+03   7.11e-07
  4.3185e+03   6.57e-07
  4.4312e+03   6.07e-07
  4.5467e+03   5.59e-07
  4.6653e+03   5.13e-07
  4.7870e+03   4.70e-07
  4.9119e+03   4.34e-07
  5.0400e+03   4.05e-07
