#  E [MeV]   Flux [# cm^{-2} s^{-1}  MeV^{-1}]
  3.0000e+04   8.39e-19
  3.0854e+04   8.12e-19
  3.1733e+04   7.86e-19
  3.2636e+04   7.60e-19
  3.3566e+04   7.35e-19
  3.4521e+04   7.11e-19
  3.5504e+04   6.87e-19
  3.6515e+04   6.64e-19
  3.7555e+04   6.42e-19
  3.8625e+04   6.20e-19
  3.9724e+04   5.99e-19
  4.0855e+04   5.78e-19
  4.2019e+04   5.58e-19
  4.3215e+04   5.39e-19
  4.4446e+04   5.20e-19
  4.5711e+04   5.02e-19
  4.7013e+04   4.84e-19
  4.8352e+04   4.67e-19
  4.9728e+04   4.50e-19
  5.1144e+04   4.33e-19
  5.2601e+04   4.17e-19
  5.4099e+04   4.02e-19
  5.5639e+04   3.87e-19
  5.7223e+04   3.72e-19
  5.8853e+04   3.58e-19
  6.0528e+04   3.44e-19
  6.2252e+04   3.31e-19
  6.4025e+04   3.18e-19
  6.5848e+04   3.06e-19
  6.7723e+04   2.94e-19
  6.9651e+04   2.82e-19
  7.1634e+04   2.71e-19
  7.3674e+04   2.60e-19
  7.5772e+04   2.49e-19
  7.7929e+04   2.39e-19
  8.0148e+04   2.29e-19
  8.2431e+04   2.20e-19
  8.4778e+04   2.11e-19
  8.7192e+04   2.02e-19
  8.9674e+04   1.93e-19
  9.2228e+04   1.85e-19
  9.4854e+04   1.77e-19
  9.7555e+04   1.69e-19
  1.0033e+05   1.62e-19
  1.0319e+05   1.55e-19
  1.0613e+05   1.48e-19
  1.0915e+05   1.41e-19
  1.1226e+05   1.35e-19
  1.1545e+05   1.29e-19
  1.1874e+05   1.23e-19
  1.2212e+05   1.17e-19
  1.2560e+05   1.12e-19
  1.2918e+05   1.06e-19
  1.3286e+05   1.01e-19
  1.3664e+05   9.66e-20
  1.4053e+05   9.20e-20
  1.4453e+05   8.77e-20
  1.4865e+05   8.35e-20
  1.5288e+05   7.94e-20
  1.5723e+05   7.56e-20
  1.6171e+05   7.19e-20
  1.6631e+05   6.84e-20
  1.7105e+05   6.50e-20
  1.7592e+05   6.17e-20
  1.8093e+05   5.86e-20
  1.8608e+05   5.57e-20
  1.9138e+05   5.28e-20
  1.9683e+05   5.01e-20
  2.0243e+05   4.75e-20
  2.0820e+05   4.50e-20
  2.1413e+05   4.26e-20
  2.2022e+05   4.03e-20
  2.2649e+05   3.81e-20
  2.3294e+05   3.61e-20
  2.3958e+05   3.41e-20
  2.4640e+05   3.22e-20
  2.5341e+05   3.04e-20
  2.6063e+05   2.87e-20
  2.6805e+05   2.71e-20
  2.7568e+05   2.55e-20
  2.8353e+05   2.41e-20
  2.9161e+05   2.27e-20
  2.9991e+05   2.14e-20
  3.0845e+05   2.01e-20
  3.1723e+05   1.89e-20
  3.2627e+05   1.78e-20
  3.3556e+05   1.67e-20
  3.4511e+05   1.57e-20
  3.5494e+05   1.47e-20
  3.6504e+05   1.38e-20
  3.7544e+05   1.30e-20
  3.8613e+05   1.21e-20
  3.9712e+05   1.14e-20
  4.0843e+05   1.06e-20
  4.2006e+05   9.95e-21
  4.3202e+05   9.29e-21
  4.4432e+05   8.67e-21
  4.5698e+05   8.11e-21
  4.6999e+05   7.56e-21
  4.8337e+05   7.05e-21
  4.9713e+05   6.56e-21
  5.1129e+05   6.11e-21
  5.2585e+05   5.69e-21
  5.4082e+05   5.29e-21
  5.5622e+05   4.91e-21
  5.7206e+05   4.57e-21
  5.8835e+05   4.24e-21
  6.0510e+05   3.93e-21
  6.2233e+05   3.64e-21
  6.4005e+05   3.38e-21
  6.5828e+05   3.13e-21
  6.7702e+05   2.89e-21
  6.9630e+05   2.67e-21
  7.1613e+05   2.47e-21
  7.3652e+05   2.28e-21
  7.5749e+05   2.11e-21
  7.7906e+05   1.94e-21
  8.0124e+05   1.79e-21
  8.2406e+05   1.65e-21
  8.4752e+05   1.52e-21
  8.7165e+05   1.39e-21
  8.9647e+05   1.28e-21
  9.2200e+05   1.18e-21
  9.4825e+05   1.08e-21
  9.7526e+05   9.88e-22
  1.0030e+06   9.06e-22
  1.0316e+06   8.32e-22
  1.0610e+06   7.62e-22
  1.0912e+06   6.95e-22
  1.1222e+06   6.35e-22
  1.1542e+06   5.82e-22
  1.1871e+06   5.32e-22
  1.2209e+06   4.84e-22
  1.2556e+06   4.41e-22
  1.2914e+06   4.04e-22
  1.3281e+06   3.68e-22
  1.3660e+06   3.34e-22
  1.4049e+06   3.03e-22
  1.4449e+06   2.77e-22
  1.4860e+06   2.52e-22
  1.5283e+06   2.29e-22
  1.5718e+06   2.07e-22
  1.6166e+06   1.88e-22
  1.6626e+06   1.71e-22
  1.7100e+06   1.55e-22
  1.7587e+06   1.39e-22
  1.8087e+06   1.27e-22
  1.8602e+06   1.15e-22
  1.9132e+06   1.04e-22
  1.9677e+06   9.32e-23
  2.0237e+06   8.47e-23
  2.0813e+06   7.68e-23
  2.1406e+06   6.92e-23
  2.2016e+06   6.20e-23
  2.2642e+06   5.62e-23
  2.3287e+06   5.09e-23
  2.3950e+06   4.58e-23
  2.4632e+06   4.10e-23
  2.5334e+06   3.71e-23
  2.6055e+06   3.35e-23
  2.6797e+06   3.02e-23
  2.7560e+06   2.70e-23
  2.8345e+06   2.43e-23
  2.9152e+06   2.20e-23
  2.9982e+06   1.98e-23
  3.0836e+06   1.77e-23
  3.1714e+06   1.59e-23
  3.2617e+06   1.44e-23
  3.3545e+06   1.29e-23
  3.4501e+06   1.15e-23
  3.5483e+06   1.04e-23
  3.6493e+06   9.35e-24
  3.7532e+06   8.39e-24
  3.8601e+06   7.48e-24
  3.9700e+06   6.68e-24
  4.0831e+06   6.04e-24
  4.1993e+06   5.44e-24
  4.3189e+06   4.86e-24
  4.4419e+06   4.35e-24
  4.5684e+06   3.96e-24
  4.6985e+06   3.58e-24
  4.8322e+06   3.23e-24
  4.9698e+06   2.91e-24
  5.1114e+06   2.68e-24
  5.2569e+06   2.47e-24
  5.4066e+06   2.26e-24
  5.5605e+06   2.07e-24
  5.7189e+06   1.94e-24
  5.8817e+06   1.81e-24
  6.0492e+06   1.68e-24
  6.2214e+06   1.57e-24
  6.3986e+06   1.49e-24
  6.5808e+06   1.41e-24
  6.7682e+06   1.34e-24
  6.9609e+06   1.26e-24
  7.1591e+06   1.21e-24
  7.3630e+06   1.16e-24
  7.5726e+06   1.11e-24
  7.7882e+06   1.07e-24
  8.0100e+06   1.02e-24
