#  E [GeV]   # per interaction  [GeV^{-1}]
  3.0000e+01   4.07e-01
  3.0962e+01   3.93e-01
  3.1955e+01   3.79e-01
  3.2979e+01   3.66e-01
  3.4037e+01   3.53e-01
  3.5128e+01   3.40e-01
  3.6254e+01   3.28e-01
  3.7417e+01   3.16e-01
  3.8616e+01   3.05e-01
  3.9855e+01   2.94e-01
  4.1132e+01   2.83e-01
  4.2451e+01   2.73e-01
  4.3812e+01   2.63e-01
  4.5217e+01   2.53e-01
  4.6667e+01   2.44e-01
  4.8163e+01   2.35e-01
  4.9707e+01   2.26e-01
  5.1301e+01   2.18e-01
  5.2946e+01   2.10e-01
  5.4644e+01   2.02e-01
  5.6396e+01   1.94e-01
  5.8204e+01   1.86e-01
  6.0070e+01   1.79e-01
  6.1996e+01   1.72e-01
  6.3984e+01   1.66e-01
  6.6035e+01   1.59e-01
  6.8153e+01   1.53e-01
  7.0338e+01   1.47e-01
  7.2593e+01   1.41e-01
  7.4921e+01   1.35e-01
  7.7323e+01   1.30e-01
  7.9802e+01   1.24e-01
  8.2361e+01   1.19e-01
  8.5002e+01   1.14e-01
  8.7727e+01   1.10e-01
  9.0540e+01   1.05e-01
  9.3443e+01   1.01e-01
  9.6439e+01   9.63e-02
  9.9531e+01   9.22e-02
  1.0272e+02   8.83e-02
  1.0602e+02   8.44e-02
  1.0942e+02   8.07e-02
  1.1292e+02   7.72e-02
  1.1654e+02   7.37e-02
  1.2028e+02   7.04e-02
  1.2414e+02   6.73e-02
  1.2812e+02   6.42e-02
  1.3223e+02   6.13e-02
  1.3646e+02   5.84e-02
  1.4084e+02   5.57e-02
  1.4536e+02   5.31e-02
  1.5002e+02   5.06e-02
  1.5483e+02   4.82e-02
  1.5979e+02   4.59e-02
  1.6491e+02   4.36e-02
  1.7020e+02   4.15e-02
  1.7566e+02   3.94e-02
  1.8129e+02   3.75e-02
  1.8710e+02   3.56e-02
  1.9310e+02   3.38e-02
  1.9929e+02   3.20e-02
  2.0568e+02   3.04e-02
  2.1228e+02   2.88e-02
  2.1909e+02   2.73e-02
  2.2611e+02   2.58e-02
  2.3336e+02   2.44e-02
  2.4084e+02   2.31e-02
  2.4856e+02   2.18e-02
  2.5653e+02   2.06e-02
  2.6476e+02   1.94e-02
  2.7325e+02   1.83e-02
  2.8201e+02   1.73e-02
  2.9105e+02   1.63e-02
  3.0038e+02   1.53e-02
  3.1002e+02   1.44e-02
  3.1996e+02   1.35e-02
  3.3021e+02   1.27e-02
  3.4080e+02   1.19e-02
  3.5173e+02   1.12e-02
  3.6301e+02   1.05e-02
  3.7465e+02   9.81e-03
  3.8666e+02   9.18e-03
  3.9905e+02   8.58e-03
  4.1185e+02   8.01e-03
  4.2506e+02   7.48e-03
  4.3868e+02   6.97e-03
  4.5275e+02   6.50e-03
  4.6727e+02   6.05e-03
  4.8225e+02   5.63e-03
  4.9771e+02   5.23e-03
  5.1367e+02   4.86e-03
  5.3014e+02   4.51e-03
  5.4714e+02   4.19e-03
  5.6468e+02   3.88e-03
  5.8278e+02   3.60e-03
  6.0147e+02   3.33e-03
  6.2075e+02   3.08e-03
  6.4066e+02   2.85e-03
  6.6120e+02   2.63e-03
  6.8240e+02   2.43e-03
  7.0428e+02   2.25e-03
  7.2686e+02   2.07e-03
  7.5017e+02   1.91e-03
  7.7422e+02   1.76e-03
  7.9904e+02   1.62e-03
  8.2466e+02   1.49e-03
  8.5110e+02   1.37e-03
  8.7839e+02   1.26e-03
  9.0656e+02   1.16e-03
  9.3562e+02   1.07e-03
  9.6562e+02   9.84e-04
  9.9658e+02   9.05e-04
  1.0285e+03   8.32e-04
  1.0615e+03   7.64e-04
  1.0956e+03   7.02e-04
  1.1307e+03   6.45e-04
  1.1669e+03   5.92e-04
  1.2043e+03   5.43e-04
  1.2430e+03   4.99e-04
  1.2828e+03   4.57e-04
  1.3239e+03   4.18e-04
  1.3664e+03   3.84e-04
  1.4102e+03   3.53e-04
  1.4554e+03   3.23e-04
  1.5021e+03   2.96e-04
  1.5502e+03   2.72e-04
  1.6000e+03   2.49e-04
  1.6513e+03   2.28e-04
  1.7042e+03   2.08e-04
  1.7588e+03   1.91e-04
  1.8152e+03   1.75e-04
  1.8734e+03   1.59e-04
  1.9335e+03   1.46e-04
  1.9955e+03   1.34e-04
  2.0595e+03   1.22e-04
  2.1255e+03   1.11e-04
  2.1937e+03   1.02e-04
  2.2640e+03   9.27e-05
  2.3366e+03   8.43e-05
  2.4115e+03   7.69e-05
  2.4888e+03   7.01e-05
  2.5686e+03   6.38e-05
  2.6510e+03   5.78e-05
  2.7360e+03   5.27e-05
  2.8237e+03   4.79e-05
  2.9142e+03   4.35e-05
  3.0077e+03   3.93e-05
  3.1041e+03   3.57e-05
  3.2036e+03   3.23e-05
  3.3064e+03   2.91e-05
  3.4124e+03   2.64e-05
  3.5218e+03   2.38e-05
  3.6347e+03   2.15e-05
  3.7512e+03   1.93e-05
  3.8715e+03   1.74e-05
  3.9957e+03   1.57e-05
  4.1238e+03   1.41e-05
  4.2560e+03   1.26e-05
  4.3924e+03   1.14e-05
  4.5333e+03   1.02e-05
  4.6786e+03   9.10e-06
  4.8286e+03   8.17e-06
  4.9835e+03   7.33e-06
  5.1433e+03   6.55e-06
  5.3082e+03   5.83e-06
  5.4784e+03   5.23e-06
  5.6540e+03   4.68e-06
  5.8353e+03   4.17e-06
  6.0224e+03   3.72e-06
  6.2155e+03   3.34e-06
  6.4148e+03   2.99e-06
  6.6205e+03   2.67e-06
  6.8327e+03   2.40e-06
  7.0518e+03   2.15e-06
  7.2779e+03   1.93e-06
  7.5113e+03   1.72e-06
  7.7521e+03   1.55e-06
  8.0007e+03   1.40e-06
  8.2572e+03   1.25e-06
  8.5219e+03   1.13e-06
  8.7952e+03   1.02e-06
  9.0772e+03   9.15e-07
  9.3682e+03   8.19e-07
  9.6686e+03   7.44e-07
  9.9786e+03   6.75e-07
  1.0299e+04   6.09e-07
  1.0629e+04   5.48e-07
  1.0970e+04   5.04e-07
  1.1321e+04   4.58e-07
  1.1684e+04   4.11e-07
  1.2059e+04   3.80e-07
  1.2446e+04   3.57e-07
  1.2845e+04   3.27e-07
  1.3256e+04   2.94e-07
  1.3681e+04   3.00e-07
  1.4120e+04   2.94e-07
  1.4573e+04   2.73e-07
  1.5040e+04   2.40e-07
  1.5522e+04   1.95e-07
  1.6020e+04   1.54e-07
