#  E [GeV]   # per interaction  [GeV^{-1}]
  3.0000e+01   4.85e-01
  3.0782e+01   4.67e-01
  3.1585e+01   4.50e-01
  3.2409e+01   4.33e-01
  3.3255e+01   4.17e-01
  3.4122e+01   4.01e-01
  3.5012e+01   3.86e-01
  3.5925e+01   3.71e-01
  3.6862e+01   3.57e-01
  3.7824e+01   3.43e-01
  3.8810e+01   3.30e-01
  3.9822e+01   3.17e-01
  4.0861e+01   3.05e-01
  4.1927e+01   2.93e-01
  4.3021e+01   2.81e-01
  4.4143e+01   2.70e-01
  4.5294e+01   2.59e-01
  4.6475e+01   2.49e-01
  4.7688e+01   2.39e-01
  4.8931e+01   2.29e-01
  5.0208e+01   2.20e-01
  5.1517e+01   2.11e-01
  5.2861e+01   2.02e-01
  5.4240e+01   1.94e-01
  5.5654e+01   1.86e-01
  5.7106e+01   1.78e-01
  5.8596e+01   1.71e-01
  6.0124e+01   1.63e-01
  6.1692e+01   1.56e-01
  6.3301e+01   1.50e-01
  6.4952e+01   1.43e-01
  6.6647e+01   1.37e-01
  6.8385e+01   1.31e-01
  7.0169e+01   1.26e-01
  7.1999e+01   1.20e-01
  7.3877e+01   1.15e-01
  7.5804e+01   1.10e-01
  7.7781e+01   1.05e-01
  7.9810e+01   1.00e-01
  8.1891e+01   9.57e-02
  8.4027e+01   9.14e-02
  8.6219e+01   8.72e-02
  8.8468e+01   8.33e-02
  9.0775e+01   7.94e-02
  9.3143e+01   7.58e-02
  9.5572e+01   7.22e-02
  9.8065e+01   6.89e-02
  1.0062e+02   6.56e-02
  1.0325e+02   6.25e-02
  1.0594e+02   5.95e-02
  1.0870e+02   5.67e-02
  1.1154e+02   5.39e-02
  1.1445e+02   5.13e-02
  1.1743e+02   4.88e-02
  1.2050e+02   4.64e-02
  1.2364e+02   4.41e-02
  1.2686e+02   4.19e-02
  1.3017e+02   3.97e-02
  1.3357e+02   3.77e-02
  1.3705e+02   3.58e-02
  1.4063e+02   3.39e-02
  1.4429e+02   3.21e-02
  1.4806e+02   3.04e-02
  1.5192e+02   2.88e-02
  1.5588e+02   2.73e-02
  1.5995e+02   2.58e-02
  1.6412e+02   2.44e-02
  1.6840e+02   2.31e-02
  1.7279e+02   2.18e-02
  1.7730e+02   2.06e-02
  1.8193e+02   1.94e-02
  1.8667e+02   1.83e-02
  1.9154e+02   1.73e-02
  1.9654e+02   1.63e-02
  2.0166e+02   1.54e-02
  2.0692e+02   1.44e-02
  2.1232e+02   1.36e-02
  2.1786e+02   1.28e-02
  2.2354e+02   1.20e-02
  2.2937e+02   1.13e-02
  2.3535e+02   1.06e-02
  2.4149e+02   9.93e-03
  2.4779e+02   9.31e-03
  2.5425e+02   8.72e-03
  2.6088e+02   8.16e-03
  2.6769e+02   7.62e-03
  2.7467e+02   7.13e-03
  2.8184e+02   6.66e-03
  2.8919e+02   6.22e-03
  2.9673e+02   5.79e-03
  3.0447e+02   5.40e-03
  3.1241e+02   5.03e-03
  3.2056e+02   4.69e-03
  3.2892e+02   4.35e-03
  3.3750e+02   4.04e-03
  3.4630e+02   3.76e-03
  3.5533e+02   3.49e-03
  3.6460e+02   3.23e-03
  3.7411e+02   2.99e-03
  3.8387e+02   2.77e-03
  3.9388e+02   2.57e-03
  4.0416e+02   2.37e-03
  4.1470e+02   2.19e-03
  4.2551e+02   2.02e-03
  4.3661e+02   1.86e-03
  4.4800e+02   1.72e-03
  4.5969e+02   1.58e-03
  4.7168e+02   1.45e-03
  4.8398e+02   1.34e-03
  4.9660e+02   1.23e-03
  5.0956e+02   1.13e-03
  5.2285e+02   1.03e-03
  5.3648e+02   9.42e-04
  5.5048e+02   8.65e-04
  5.6483e+02   7.92e-04
  5.7957e+02   7.23e-04
  5.9468e+02   6.58e-04
  6.1020e+02   6.01e-04
  6.2611e+02   5.50e-04
  6.4244e+02   5.01e-04
  6.5920e+02   4.55e-04
  6.7639e+02   4.13e-04
  6.9403e+02   3.77e-04
  7.1214e+02   3.43e-04
  7.3071e+02   3.11e-04
  7.4977e+02   2.81e-04
  7.6933e+02   2.55e-04
  7.8939e+02   2.32e-04
  8.0998e+02   2.10e-04
  8.3111e+02   1.90e-04
  8.5279e+02   1.71e-04
  8.7503e+02   1.56e-04
  8.9785e+02   1.41e-04
  9.2127e+02   1.27e-04
  9.4530e+02   1.14e-04
  9.6996e+02   1.03e-04
  9.9526e+02   9.34e-05
  1.0212e+03   8.41e-05
  1.0479e+03   7.54e-05
  1.0752e+03   6.77e-05
  1.1032e+03   6.13e-05
  1.1320e+03   5.53e-05
  1.1615e+03   4.96e-05
  1.1918e+03   4.43e-05
  1.2229e+03   4.00e-05
  1.2548e+03   3.61e-05
  1.2875e+03   3.25e-05
  1.3211e+03   2.90e-05
  1.3556e+03   2.60e-05
  1.3909e+03   2.35e-05
  1.4272e+03   2.12e-05
  1.4644e+03   1.90e-05
  1.5026e+03   1.69e-05
  1.5418e+03   1.53e-05
  1.5820e+03   1.38e-05
  1.6233e+03   1.24e-05
  1.6657e+03   1.11e-05
  1.7091e+03   9.99e-06
  1.7537e+03   9.06e-06
  1.7994e+03   8.18e-06
  1.8464e+03   7.35e-06
  1.8945e+03   6.56e-06
  1.9439e+03   5.98e-06
  1.9946e+03   5.44e-06
  2.0467e+03   4.92e-06
  2.1000e+03   4.43e-06
  2.1548e+03   4.02e-06
  2.2110e+03   3.68e-06
  2.2687e+03   3.35e-06
  2.3279e+03   3.04e-06
  2.3886e+03   2.75e-06
  2.4509e+03   2.53e-06
  2.5148e+03   2.33e-06
  2.5804e+03   2.13e-06
  2.6477e+03   1.95e-06
  2.7168e+03   1.79e-06
  2.7876e+03   1.65e-06
  2.8603e+03   1.52e-06
  2.9349e+03   1.40e-06
  3.0115e+03   1.29e-06
  3.0900e+03   1.20e-06
  3.1706e+03   1.11e-06
  3.2533e+03   1.03e-06
  3.3382e+03   9.50e-07
  3.4253e+03   8.82e-07
  3.5146e+03   8.21e-07
  3.6063e+03   7.63e-07
  3.7003e+03   7.07e-07
  3.7969e+03   6.55e-07
  3.8959e+03   6.07e-07
  3.9975e+03   5.61e-07
  4.1018e+03   5.18e-07
  4.2088e+03   4.77e-07
  4.3185e+03   4.38e-07
  4.4312e+03   4.02e-07
  4.5467e+03   3.68e-07
  4.6653e+03   3.36e-07
  4.7870e+03   3.07e-07
  4.9119e+03   2.85e-07
  5.0400e+03   2.64e-07
