#  E [GeV]   # per interaction  [GeV^{-1}]
  3.0000e+01   2.99e-02
  3.1232e+01   2.87e-02
  3.2514e+01   2.76e-02
  3.3849e+01   2.65e-02
  3.5238e+01   2.55e-02
  3.6685e+01   2.45e-02
  3.8191e+01   2.35e-02
  3.9759e+01   2.26e-02
  4.1391e+01   2.17e-02
  4.3090e+01   2.08e-02
  4.4859e+01   2.00e-02
  4.6701e+01   1.92e-02
  4.8618e+01   1.84e-02
  5.0614e+01   1.76e-02
  5.2692e+01   1.69e-02
  5.4855e+01   1.62e-02
  5.7107e+01   1.55e-02
  5.9451e+01   1.49e-02
  6.1892e+01   1.43e-02
  6.4433e+01   1.37e-02
  6.7078e+01   1.31e-02
  6.9832e+01   1.25e-02
  7.2699e+01   1.20e-02
  7.5683e+01   1.15e-02
  7.8790e+01   1.10e-02
  8.2025e+01   1.05e-02
  8.5392e+01   1.00e-02
  8.8898e+01   9.58e-03
  9.2547e+01   9.16e-03
  9.6347e+01   8.75e-03
  1.0030e+02   8.35e-03
  1.0442e+02   7.97e-03
  1.0871e+02   7.61e-03
  1.1317e+02   7.26e-03
  1.1782e+02   6.92e-03
  1.2265e+02   6.60e-03
  1.2769e+02   6.29e-03
  1.3293e+02   5.99e-03
  1.3839e+02   5.71e-03
  1.4407e+02   5.43e-03
  1.4998e+02   5.17e-03
  1.5614e+02   4.92e-03
  1.6255e+02   4.68e-03
  1.6922e+02   4.45e-03
  1.7617e+02   4.22e-03
  1.8340e+02   4.01e-03
  1.9093e+02   3.81e-03
  1.9877e+02   3.61e-03
  2.0693e+02   3.43e-03
  2.1543e+02   3.25e-03
  2.2427e+02   3.08e-03
  2.3348e+02   2.91e-03
  2.4306e+02   2.76e-03
  2.5304e+02   2.61e-03
  2.6343e+02   2.47e-03
  2.7424e+02   2.33e-03
  2.8550e+02   2.20e-03
  2.9722e+02   2.07e-03
  3.0942e+02   1.96e-03
  3.2213e+02   1.84e-03
  3.3535e+02   1.74e-03
  3.4912e+02   1.64e-03
  3.6345e+02   1.54e-03
  3.7837e+02   1.45e-03
  3.9390e+02   1.36e-03
  4.1008e+02   1.28e-03
  4.2691e+02   1.20e-03
  4.4444e+02   1.12e-03
  4.6268e+02   1.05e-03
  4.8168e+02   9.87e-04
  5.0145e+02   9.25e-04
  5.2204e+02   8.66e-04
  5.4347e+02   8.11e-04
  5.6578e+02   7.59e-04
  5.8901e+02   7.10e-04
  6.1319e+02   6.64e-04
  6.3836e+02   6.21e-04
  6.6457e+02   5.81e-04
  6.9185e+02   5.44e-04
  7.2025e+02   5.09e-04
  7.4982e+02   4.76e-04
  7.8061e+02   4.46e-04
  8.1265e+02   4.18e-04
  8.4601e+02   3.92e-04
  8.8075e+02   3.68e-04
  9.1690e+02   3.45e-04
  9.5455e+02   3.24e-04
  9.9373e+02   3.04e-04
  1.0345e+03   2.86e-04
  1.0770e+03   2.70e-04
  1.1212e+03   2.54e-04
  1.1672e+03   2.40e-04
  1.2152e+03   2.26e-04
  1.2650e+03   2.14e-04
  1.3170e+03   2.02e-04
  1.3711e+03   1.92e-04
  1.4273e+03   1.82e-04
  1.4859e+03   1.72e-04
  1.5469e+03   1.64e-04
  1.6104e+03   1.56e-04
  1.6766e+03   1.48e-04
  1.7454e+03   1.41e-04
  1.8170e+03   1.35e-04
  1.8916e+03   1.28e-04
  1.9693e+03   1.23e-04
  2.0501e+03   1.17e-04
  2.1343e+03   1.12e-04
  2.2219e+03   1.07e-04
  2.3131e+03   1.03e-04
  2.4081e+03   9.85e-05
  2.5070e+03   9.44e-05
  2.6099e+03   9.04e-05
  2.7170e+03   8.67e-05
  2.8286e+03   8.31e-05
  2.9447e+03   7.96e-05
  3.0656e+03   7.63e-05
  3.1914e+03   7.31e-05
  3.3225e+03   7.00e-05
  3.4589e+03   6.70e-05
  3.6008e+03   6.41e-05
  3.7487e+03   6.13e-05
  3.9026e+03   5.85e-05
  4.0628e+03   5.58e-05
  4.2296e+03   5.32e-05
  4.4032e+03   5.06e-05
  4.5840e+03   4.81e-05
  4.7722e+03   4.56e-05
  4.9681e+03   4.32e-05
  5.1720e+03   4.09e-05
  5.3844e+03   3.85e-05
  5.6054e+03   3.63e-05
  5.8355e+03   3.40e-05
  6.0751e+03   3.18e-05
  6.3245e+03   2.97e-05
  6.5841e+03   2.76e-05
  6.8544e+03   2.56e-05
  7.1358e+03   2.36e-05
  7.4288e+03   2.16e-05
  7.7338e+03   1.98e-05
  8.0513e+03   1.80e-05
  8.3818e+03   1.63e-05
  8.7259e+03   1.46e-05
  9.0841e+03   1.30e-05
  9.4571e+03   1.15e-05
  9.8453e+03   1.01e-05
  1.0249e+04   8.76e-06
  1.0670e+04   7.54e-06
  1.1108e+04   6.41e-06
  1.1564e+04   5.38e-06
  1.2039e+04   4.46e-06
  1.2533e+04   3.63e-06
  1.3048e+04   2.91e-06
  1.3584e+04   2.29e-06
  1.4141e+04   1.76e-06
  1.4722e+04   1.32e-06
  1.5326e+04   9.65e-07
  1.5955e+04   6.83e-07
  1.6610e+04   4.67e-07
  1.7292e+04   3.06e-07
  1.8002e+04   1.92e-07
  1.8741e+04   1.14e-07
  1.9511e+04   6.37e-08
  2.0312e+04   3.33e-08
  2.1145e+04   1.60e-08
  2.2013e+04   7.01e-09
  2.2917e+04   2.75e-09
  2.3858e+04   9.50e-10
  2.4837e+04   2.81e-10
  2.5857e+04   6.96e-11
  2.6919e+04   1.39e-11
  2.8024e+04   2.14e-12
  2.9174e+04   2.42e-13
  3.0372e+04   1.88e-14
  3.1619e+04   9.23e-16
  3.2917e+04   2.59e-17
  3.4268e+04   3.61e-19
  3.5675e+04   2.12e-21
  3.7140e+04   4.23e-24
  3.8664e+04   2.15e-27
  4.0252e+04   1.92e-31
  4.1904e+04   1.84e-36
  4.3624e+04   9.78e-43
  4.5415e+04   5.17e-46
  4.7280e+04   4.56e-46
  4.9221e+04   4.03e-46
  5.1241e+04   3.54e-46
  5.3345e+04   3.09e-46
  5.5535e+04   2.70e-46
  5.7815e+04   2.33e-46
  6.0188e+04   2.00e-46
  6.2659e+04   1.73e-46
  6.5232e+04   1.48e-46
  6.7910e+04   1.26e-46
  7.0698e+04   1.09e-46
  7.3600e+04   9.29e-47
  7.6621e+04   7.98e-47
  7.9767e+04   6.99e-47
  8.3042e+04   6.07e-47
  8.6451e+04   5.41e-47
  9.0000e+04   4.93e-47
