#  E [MeV]   Flux [# cm^{-2} s^{-1}  MeV^{-1}]
  3.0000e+04   1.47e-22
  3.0517e+04   1.42e-22
  3.1043e+04   1.38e-22
  3.1578e+04   1.33e-22
  3.2123e+04   1.29e-22
  3.2676e+04   1.25e-22
  3.3240e+04   1.21e-22
  3.3813e+04   1.17e-22
  3.4396e+04   1.13e-22
  3.4989e+04   1.09e-22
  3.5592e+04   1.06e-22
  3.6205e+04   1.02e-22
  3.6829e+04   9.88e-23
  3.7464e+04   9.55e-23
  3.8110e+04   9.22e-23
  3.8767e+04   8.91e-23
  3.9435e+04   8.61e-23
  4.0115e+04   8.31e-23
  4.0807e+04   8.02e-23
  4.1510e+04   7.74e-23
  4.2226e+04   7.47e-23
  4.2953e+04   7.20e-23
  4.3694e+04   6.95e-23
  4.4447e+04   6.70e-23
  4.5213e+04   6.46e-23
  4.5993e+04   6.23e-23
  4.6786e+04   6.00e-23
  4.7592e+04   5.78e-23
  4.8412e+04   5.56e-23
  4.9247e+04   5.36e-23
  5.0096e+04   5.16e-23
  5.0960e+04   4.96e-23
  5.1838e+04   4.77e-23
  5.2732e+04   4.59e-23
  5.3641e+04   4.41e-23
  5.4565e+04   4.24e-23
  5.5506e+04   4.08e-23
  5.6463e+04   3.92e-23
  5.7436e+04   3.77e-23
  5.8426e+04   3.62e-23
  5.9433e+04   3.47e-23
  6.0458e+04   3.33e-23
  6.1500e+04   3.20e-23
  6.2560e+04   3.07e-23
  6.3639e+04   2.94e-23
  6.4736e+04   2.82e-23
  6.5852e+04   2.71e-23
  6.6987e+04   2.59e-23
  6.8142e+04   2.48e-23
  6.9316e+04   2.38e-23
  7.0511e+04   2.28e-23
  7.1727e+04   2.18e-23
  7.2963e+04   2.09e-23
  7.4221e+04   1.99e-23
  7.5500e+04   1.90e-23
  7.6802e+04   1.82e-23
  7.8126e+04   1.74e-23
  7.9472e+04   1.66e-23
  8.0842e+04   1.59e-23
  8.2236e+04   1.52e-23
  8.3654e+04   1.45e-23
  8.5096e+04   1.38e-23
  8.6563e+04   1.31e-23
  8.8055e+04   1.25e-23
  8.9573e+04   1.20e-23
  9.1117e+04   1.14e-23
  9.2687e+04   1.08e-23
  9.4285e+04   1.03e-23
  9.5911e+04   9.78e-24
  9.7564e+04   9.30e-24
  9.9246e+04   8.85e-24
  1.0096e+05   8.42e-24
  1.0270e+05   8.00e-24
  1.0447e+05   7.59e-24
  1.0627e+05   7.19e-24
  1.0810e+05   6.81e-24
  1.0996e+05   6.47e-24
  1.1186e+05   6.14e-24
  1.1379e+05   5.83e-24
  1.1575e+05   5.52e-24
  1.1774e+05   5.22e-24
  1.1977e+05   4.93e-24
  1.2184e+05   4.65e-24
  1.2394e+05   4.41e-24
  1.2608e+05   4.18e-24
  1.2825e+05   3.96e-24
  1.3046e+05   3.74e-24
  1.3271e+05   3.52e-24
  1.3500e+05   3.32e-24
  1.3732e+05   3.12e-24
  1.3969e+05   2.96e-24
  1.4210e+05   2.79e-24
  1.4455e+05   2.63e-24
  1.4704e+05   2.48e-24
  1.4957e+05   2.33e-24
  1.5215e+05   2.18e-24
  1.5478e+05   2.06e-24
  1.5744e+05   1.94e-24
  1.6016e+05   1.83e-24
  1.6292e+05   1.72e-24
  1.6573e+05   1.61e-24
  1.6858e+05   1.51e-24
  1.7149e+05   1.41e-24
  1.7445e+05   1.32e-24
  1.7745e+05   1.25e-24
  1.8051e+05   1.17e-24
  1.8362e+05   1.09e-24
  1.8679e+05   1.02e-24
  1.9001e+05   9.52e-25
  1.9328e+05   8.86e-25
  1.9662e+05   8.32e-25
  2.0001e+05   7.80e-25
  2.0345e+05   7.29e-25
  2.0696e+05   6.80e-25
  2.1053e+05   6.32e-25
  2.1416e+05   5.86e-25
  2.1785e+05   5.45e-25
  2.2160e+05   5.11e-25
  2.2543e+05   4.77e-25
  2.2931e+05   4.44e-25
  2.3326e+05   4.13e-25
  2.3729e+05   3.82e-25
  2.4138e+05   3.53e-25
  2.4554e+05   3.28e-25
  2.4977e+05   3.06e-25
  2.5407e+05   2.85e-25
  2.5845e+05   2.64e-25
  2.6291e+05   2.45e-25
  2.6744e+05   2.25e-25
  2.7205e+05   2.07e-25
  2.7674e+05   1.92e-25
  2.8151e+05   1.79e-25
  2.8637e+05   1.66e-25
  2.9130e+05   1.53e-25
  2.9632e+05   1.41e-25
  3.0143e+05   1.29e-25
  3.0663e+05   1.19e-25
  3.1191e+05   1.10e-25
  3.1729e+05   1.02e-25
  3.2276e+05   9.44e-26
  3.2832e+05   8.69e-26
  3.3398e+05   7.96e-26
  3.3974e+05   7.25e-26
  3.4560e+05   6.65e-26
  3.5155e+05   6.17e-26
  3.5761e+05   5.69e-26
  3.6378e+05   5.24e-26
  3.7005e+05   4.80e-26
  3.7643e+05   4.38e-26
  3.8292e+05   3.97e-26
  3.8952e+05   3.65e-26
  3.9623e+05   3.38e-26
  4.0306e+05   3.11e-26
  4.1001e+05   2.86e-26
  4.1708e+05   2.61e-26
  4.2427e+05   2.37e-26
  4.3158e+05   2.14e-26
  4.3902e+05   1.98e-26
  4.4659e+05   1.83e-26
  4.5429e+05   1.68e-26
  4.6212e+05   1.54e-26
  4.7009e+05   1.41e-26
  4.7819e+05   1.27e-26
  4.8643e+05   1.16e-26
  4.9482e+05   1.07e-26
  5.0335e+05   9.89e-27
  5.1203e+05   9.09e-27
  5.2085e+05   8.33e-27
  5.2983e+05   7.59e-27
  5.3897e+05   6.88e-27
  5.4826e+05   6.31e-27
  5.5771e+05   5.87e-27
  5.6732e+05   5.45e-27
  5.7710e+05   5.04e-27
  5.8705e+05   4.64e-27
  5.9717e+05   4.27e-27
  6.0746e+05   3.90e-27
  6.1793e+05   3.64e-27
  6.2859e+05   3.41e-27
  6.3942e+05   3.19e-27
  6.5045e+05   2.97e-27
  6.6166e+05   2.77e-27
  6.7306e+05   2.57e-27
  6.8467e+05   2.38e-27
  6.9647e+05   2.25e-27
  7.0847e+05   2.12e-27
  7.2069e+05   2.00e-27
  7.3311e+05   1.88e-27
  7.4575e+05   1.76e-27
  7.5860e+05   1.65e-27
  7.7168e+05   1.55e-27
  7.8498e+05   1.46e-27
  7.9852e+05   1.38e-27
  8.1228e+05   1.30e-27
  8.2628e+05   1.22e-27
  8.4053e+05   1.15e-27
  8.5502e+05   1.08e-27
  8.6976e+05   1.02e-27
  8.8475e+05   9.78e-28
  9.0000e+05   9.35e-28
