#  E [MeV]   Flux [# cm^{-2} s^{-1}  MeV^{-1}]
  3.0000e+04   1.04e-22
  3.0517e+04   1.01e-22
  3.1043e+04   9.79e-23
  3.1578e+04   9.48e-23
  3.2123e+04   9.18e-23
  3.2676e+04   8.88e-23
  3.3240e+04   8.60e-23
  3.3813e+04   8.32e-23
  3.4396e+04   8.06e-23
  3.4989e+04   7.80e-23
  3.5592e+04   7.54e-23
  3.6205e+04   7.29e-23
  3.6829e+04   7.05e-23
  3.7464e+04   6.82e-23
  3.8110e+04   6.60e-23
  3.8767e+04   6.38e-23
  3.9435e+04   6.16e-23
  4.0115e+04   5.96e-23
  4.0807e+04   5.75e-23
  4.1510e+04   5.56e-23
  4.2226e+04   5.37e-23
  4.2953e+04   5.19e-23
  4.3694e+04   5.01e-23
  4.4447e+04   4.84e-23
  4.5213e+04   4.67e-23
  4.5993e+04   4.50e-23
  4.6786e+04   4.34e-23
  4.7592e+04   4.19e-23
  4.8412e+04   4.05e-23
  4.9247e+04   3.90e-23
  5.0096e+04   3.76e-23
  5.0960e+04   3.63e-23
  5.1838e+04   3.49e-23
  5.2732e+04   3.37e-23
  5.3641e+04   3.25e-23
  5.4565e+04   3.13e-23
  5.5506e+04   3.01e-23
  5.6463e+04   2.90e-23
  5.7436e+04   2.79e-23
  5.8426e+04   2.69e-23
  5.9433e+04   2.59e-23
  6.0458e+04   2.49e-23
  6.1500e+04   2.40e-23
  6.2560e+04   2.31e-23
  6.3639e+04   2.22e-23
  6.4736e+04   2.13e-23
  6.5852e+04   2.05e-23
  6.6987e+04   1.97e-23
  6.8142e+04   1.90e-23
  6.9316e+04   1.82e-23
  7.0511e+04   1.75e-23
  7.1727e+04   1.68e-23
  7.2963e+04   1.61e-23
  7.4221e+04   1.55e-23
  7.5500e+04   1.49e-23
  7.6802e+04   1.43e-23
  7.8126e+04   1.37e-23
  7.9472e+04   1.32e-23
  8.0842e+04   1.26e-23
  8.2236e+04   1.21e-23
  8.3654e+04   1.16e-23
  8.5096e+04   1.11e-23
  8.6563e+04   1.07e-23
  8.8055e+04   1.02e-23
  8.9573e+04   9.78e-24
  9.1117e+04   9.35e-24
  9.2687e+04   8.94e-24
  9.4285e+04   8.57e-24
  9.5911e+04   8.20e-24
  9.7564e+04   7.85e-24
  9.9246e+04   7.51e-24
  1.0096e+05   7.17e-24
  1.0270e+05   6.85e-24
  1.0447e+05   6.54e-24
  1.0627e+05   6.25e-24
  1.0810e+05   5.98e-24
  1.0996e+05   5.71e-24
  1.1186e+05   5.45e-24
  1.1379e+05   5.20e-24
  1.1575e+05   4.95e-24
  1.1774e+05   4.72e-24
  1.1977e+05   4.51e-24
  1.2184e+05   4.30e-24
  1.2394e+05   4.10e-24
  1.2608e+05   3.90e-24
  1.2825e+05   3.71e-24
  1.3046e+05   3.53e-24
  1.3271e+05   3.36e-24
  1.3500e+05   3.20e-24
  1.3732e+05   3.05e-24
  1.3969e+05   2.90e-24
  1.4210e+05   2.76e-24
  1.4455e+05   2.61e-24
  1.4704e+05   2.48e-24
  1.4957e+05   2.36e-24
  1.5215e+05   2.24e-24
  1.5478e+05   2.13e-24
  1.5744e+05   2.02e-24
  1.6016e+05   1.91e-24
  1.6292e+05   1.81e-24
  1.6573e+05   1.71e-24
  1.6858e+05   1.63e-24
  1.7149e+05   1.54e-24
  1.7445e+05   1.46e-24
  1.7745e+05   1.38e-24
  1.8051e+05   1.30e-24
  1.8362e+05   1.23e-24
  1.8679e+05   1.16e-24
  1.9001e+05   1.10e-24
  1.9328e+05   1.04e-24
  1.9662e+05   9.77e-25
  2.0001e+05   9.20e-25
  2.0345e+05   8.65e-25
  2.0696e+05   8.12e-25
  2.1053e+05   7.66e-25
  2.1416e+05   7.22e-25
  2.1785e+05   6.80e-25
  2.2160e+05   6.40e-25
  2.2543e+05   6.00e-25
  2.2931e+05   5.62e-25
  2.3326e+05   5.25e-25
  2.3729e+05   4.95e-25
  2.4138e+05   4.65e-25
  2.4554e+05   4.36e-25
  2.4977e+05   4.08e-25
  2.5407e+05   3.81e-25
  2.5845e+05   3.55e-25
  2.6291e+05   3.31e-25
  2.6744e+05   3.11e-25
  2.7205e+05   2.91e-25
  2.7674e+05   2.72e-25
  2.8151e+05   2.53e-25
  2.8637e+05   2.35e-25
  2.9130e+05   2.18e-25
  2.9632e+05   2.03e-25
  3.0143e+05   1.90e-25
  3.0663e+05   1.77e-25
  3.1191e+05   1.65e-25
  3.1729e+05   1.53e-25
  3.2276e+05   1.41e-25
  3.2832e+05   1.30e-25
  3.3398e+05   1.21e-25
  3.3974e+05   1.12e-25
  3.4560e+05   1.04e-25
  3.5155e+05   9.62e-26
  3.5761e+05   8.86e-26
  3.6378e+05   8.13e-26
  3.7005e+05   7.44e-26
  3.7643e+05   6.90e-26
  3.8292e+05   6.38e-26
  3.8952e+05   5.88e-26
  3.9623e+05   5.40e-26
  4.0306e+05   4.94e-26
  4.1001e+05   4.50e-26
  4.1708e+05   4.11e-26
  4.2427e+05   3.79e-26
  4.3158e+05   3.49e-26
  4.3902e+05   3.20e-26
  4.4659e+05   2.92e-26
  4.5429e+05   2.65e-26
  4.6212e+05   2.39e-26
  4.7009e+05   2.18e-26
  4.7819e+05   2.00e-26
  4.8643e+05   1.83e-26
  4.9482e+05   1.67e-26
  5.0335e+05   1.51e-26
  5.1203e+05   1.36e-26
  5.2085e+05   1.22e-26
  5.2983e+05   1.12e-26
  5.3897e+05   1.02e-26
  5.4826e+05   9.25e-27
  5.5771e+05   8.36e-27
  5.6732e+05   7.51e-27
  5.7710e+05   6.70e-27
  5.8705e+05   5.97e-27
  5.9717e+05   5.45e-27
  6.0746e+05   4.95e-27
  6.1793e+05   4.47e-27
  6.2859e+05   4.02e-27
  6.3942e+05   3.59e-27
  6.5045e+05   3.18e-27
  6.6166e+05   2.83e-27
  6.7306e+05   2.56e-27
  6.8467e+05   2.31e-27
  6.9647e+05   2.06e-27
  7.0847e+05   1.83e-27
  7.2069e+05   1.61e-27
  7.3311e+05   1.40e-27
  7.4575e+05   1.24e-27
  7.5860e+05   1.11e-27
  7.7168e+05   9.88e-28
  7.8498e+05   8.69e-28
  7.9852e+05   7.55e-28
  8.1228e+05   6.48e-28
  8.2628e+05   5.46e-28
  8.4053e+05   4.94e-28
  8.5502e+05   4.48e-28
  8.6976e+05   4.03e-28
  8.8475e+05   3.61e-28
  9.0000e+05   3.20e-28
