#  E [MeV]   Flux [# cm^{-2} s^{-1}  MeV^{-1}]
  3.0000e+04   1.49e-21
  3.0854e+04   1.44e-21
  3.1733e+04   1.38e-21
  3.2636e+04   1.33e-21
  3.3566e+04   1.29e-21
  3.4521e+04   1.24e-21
  3.5504e+04   1.19e-21
  3.6515e+04   1.15e-21
  3.7555e+04   1.11e-21
  3.8625e+04   1.07e-21
  3.9724e+04   1.03e-21
  4.0855e+04   9.87e-22
  4.2019e+04   9.50e-22
  4.3215e+04   9.14e-22
  4.4446e+04   8.80e-22
  4.5711e+04   8.46e-22
  4.7013e+04   8.14e-22
  4.8352e+04   7.83e-22
  4.9728e+04   7.53e-22
  5.1144e+04   7.24e-22
  5.2601e+04   6.96e-22
  5.4099e+04   6.69e-22
  5.5639e+04   6.43e-22
  5.7223e+04   6.18e-22
  5.8853e+04   5.93e-22
  6.0528e+04   5.70e-22
  6.2252e+04   5.48e-22
  6.4025e+04   5.26e-22
  6.5848e+04   5.05e-22
  6.7723e+04   4.85e-22
  6.9651e+04   4.66e-22
  7.1634e+04   4.47e-22
  7.3674e+04   4.29e-22
  7.5772e+04   4.12e-22
  7.7929e+04   3.95e-22
  8.0148e+04   3.79e-22
  8.2431e+04   3.64e-22
  8.4778e+04   3.49e-22
  8.7192e+04   3.35e-22
  8.9674e+04   3.21e-22
  9.2228e+04   3.08e-22
  9.4854e+04   2.95e-22
  9.7555e+04   2.83e-22
  1.0033e+05   2.71e-22
  1.0319e+05   2.60e-22
  1.0613e+05   2.49e-22
  1.0915e+05   2.39e-22
  1.1226e+05   2.29e-22
  1.1545e+05   2.19e-22
  1.1874e+05   2.10e-22
  1.2212e+05   2.01e-22
  1.2560e+05   1.93e-22
  1.2918e+05   1.84e-22
  1.3286e+05   1.76e-22
  1.3664e+05   1.69e-22
  1.4053e+05   1.62e-22
  1.4453e+05   1.55e-22
  1.4865e+05   1.48e-22
  1.5288e+05   1.42e-22
  1.5723e+05   1.36e-22
  1.6171e+05   1.30e-22
  1.6631e+05   1.24e-22
  1.7105e+05   1.19e-22
  1.7592e+05   1.13e-22
  1.8093e+05   1.08e-22
  1.8608e+05   1.04e-22
  1.9138e+05   9.90e-23
  1.9683e+05   9.45e-23
  2.0243e+05   9.03e-23
  2.0820e+05   8.62e-23
  2.1413e+05   8.23e-23
  2.2022e+05   7.86e-23
  2.2649e+05   7.50e-23
  2.3294e+05   7.16e-23
  2.3958e+05   6.83e-23
  2.4640e+05   6.52e-23
  2.5341e+05   6.21e-23
  2.6063e+05   5.92e-23
  2.6805e+05   5.65e-23
  2.7568e+05   5.38e-23
  2.8353e+05   5.13e-23
  2.9161e+05   4.88e-23
  2.9991e+05   4.65e-23
  3.0845e+05   4.43e-23
  3.1723e+05   4.22e-23
  3.2627e+05   4.01e-23
  3.3556e+05   3.82e-23
  3.4511e+05   3.63e-23
  3.5494e+05   3.46e-23
  3.6504e+05   3.29e-23
  3.7544e+05   3.12e-23
  3.8613e+05   2.97e-23
  3.9712e+05   2.82e-23
  4.0843e+05   2.68e-23
  4.2006e+05   2.54e-23
  4.3202e+05   2.41e-23
  4.4432e+05   2.29e-23
  4.5698e+05   2.17e-23
  4.6999e+05   2.06e-23
  4.8337e+05   1.95e-23
  4.9713e+05   1.85e-23
  5.1129e+05   1.76e-23
  5.2585e+05   1.66e-23
  5.4082e+05   1.58e-23
  5.5622e+05   1.50e-23
  5.7206e+05   1.42e-23
  5.8835e+05   1.34e-23
  6.0510e+05   1.27e-23
  6.2233e+05   1.20e-23
  6.4005e+05   1.14e-23
  6.5828e+05   1.08e-23
  6.7702e+05   1.02e-23
  6.9630e+05   9.69e-24
  7.1613e+05   9.18e-24
  7.3652e+05   8.69e-24
  7.5749e+05   8.23e-24
  7.7906e+05   7.79e-24
  8.0124e+05   7.38e-24
  8.2406e+05   6.99e-24
  8.4752e+05   6.62e-24
  8.7165e+05   6.28e-24
  8.9647e+05   5.95e-24
  9.2200e+05   5.64e-24
  9.4825e+05   5.35e-24
  9.7526e+05   5.08e-24
  1.0030e+06   4.82e-24
  1.0316e+06   4.57e-24
  1.0610e+06   4.34e-24
  1.0912e+06   4.13e-24
  1.1222e+06   3.92e-24
  1.1542e+06   3.73e-24
  1.1871e+06   3.55e-24
  1.2209e+06   3.37e-24
  1.2556e+06   3.21e-24
  1.2914e+06   3.05e-24
  1.3281e+06   2.91e-24
  1.3660e+06   2.77e-24
  1.4049e+06   2.64e-24
  1.4449e+06   2.52e-24
  1.4860e+06   2.40e-24
  1.5283e+06   2.29e-24
  1.5718e+06   2.18e-24
  1.6166e+06   2.08e-24
  1.6626e+06   1.99e-24
  1.7100e+06   1.90e-24
  1.7587e+06   1.81e-24
  1.8087e+06   1.73e-24
  1.8602e+06   1.65e-24
  1.9132e+06   1.58e-24
  1.9677e+06   1.51e-24
  2.0237e+06   1.44e-24
  2.0813e+06   1.38e-24
  2.1406e+06   1.32e-24
  2.2016e+06   1.26e-24
  2.2642e+06   1.20e-24
  2.3287e+06   1.15e-24
  2.3950e+06   1.10e-24
  2.4632e+06   1.05e-24
  2.5334e+06   1.00e-24
  2.6055e+06   9.55e-25
  2.6797e+06   9.11e-25
  2.7560e+06   8.69e-25
  2.8345e+06   8.29e-25
  2.9152e+06   7.90e-25
  2.9982e+06   7.53e-25
  3.0836e+06   7.17e-25
  3.1714e+06   6.82e-25
  3.2617e+06   6.48e-25
  3.3545e+06   6.16e-25
  3.4501e+06   5.86e-25
  3.5483e+06   5.56e-25
  3.6493e+06   5.28e-25
  3.7532e+06   5.00e-25
  3.8601e+06   4.74e-25
  3.9700e+06   4.48e-25
  4.0831e+06   4.24e-25
  4.1993e+06   4.01e-25
  4.3189e+06   3.78e-25
  4.4419e+06   3.57e-25
  4.5684e+06   3.36e-25
  4.6985e+06   3.16e-25
  4.8322e+06   2.97e-25
  4.9698e+06   2.79e-25
  5.1114e+06   2.61e-25
  5.2569e+06   2.44e-25
  5.4066e+06   2.28e-25
  5.5605e+06   2.13e-25
  5.7189e+06   1.98e-25
  5.8817e+06   1.84e-25
  6.0492e+06   1.71e-25
  6.2214e+06   1.58e-25
  6.3986e+06   1.46e-25
  6.5808e+06   1.35e-25
  6.7682e+06   1.24e-25
  6.9609e+06   1.13e-25
  7.1591e+06   1.03e-25
  7.3630e+06   9.39e-26
  7.5726e+06   8.57e-26
  7.7882e+06   7.80e-26
  8.0100e+06   7.07e-26
