#  E [MeV]   Flux [# cm^{-2} s^{-1}  MeV^{-1}]
  3.0000e+04   1.06e-24
  3.0962e+04   1.02e-24
  3.1955e+04   9.89e-25
  3.2979e+04   9.54e-25
  3.4037e+04   9.20e-25
  3.5128e+04   8.88e-25
  3.6254e+04   8.56e-25
  3.7417e+04   8.26e-25
  3.8616e+04   7.96e-25
  3.9855e+04   7.67e-25
  4.1132e+04   7.40e-25
  4.2451e+04   7.13e-25
  4.3812e+04   6.87e-25
  4.5217e+04   6.62e-25
  4.6667e+04   6.38e-25
  4.8163e+04   6.14e-25
  4.9707e+04   5.91e-25
  5.1301e+04   5.69e-25
  5.2946e+04   5.48e-25
  5.4644e+04   5.27e-25
  5.6396e+04   5.07e-25
  5.8204e+04   4.87e-25
  6.0070e+04   4.69e-25
  6.1996e+04   4.50e-25
  6.3984e+04   4.33e-25
  6.6035e+04   4.16e-25
  6.8153e+04   4.00e-25
  7.0338e+04   3.84e-25
  7.2593e+04   3.69e-25
  7.4921e+04   3.54e-25
  7.7323e+04   3.40e-25
  7.9802e+04   3.26e-25
  8.2361e+04   3.12e-25
  8.5002e+04   3.00e-25
  8.7727e+04   2.87e-25
  9.0540e+04   2.75e-25
  9.3443e+04   2.64e-25
  9.6439e+04   2.53e-25
  9.9531e+04   2.42e-25
  1.0272e+05   2.32e-25
  1.0602e+05   2.22e-25
  1.0942e+05   2.12e-25
  1.1292e+05   2.03e-25
  1.1654e+05   1.94e-25
  1.2028e+05   1.85e-25
  1.2414e+05   1.77e-25
  1.2812e+05   1.69e-25
  1.3223e+05   1.61e-25
  1.3646e+05   1.54e-25
  1.4084e+05   1.47e-25
  1.4536e+05   1.40e-25
  1.5002e+05   1.33e-25
  1.5483e+05   1.27e-25
  1.5979e+05   1.21e-25
  1.6491e+05   1.15e-25
  1.7020e+05   1.10e-25
  1.7566e+05   1.04e-25
  1.8129e+05   9.93e-26
  1.8710e+05   9.44e-26
  1.9310e+05   8.96e-26
  1.9929e+05   8.51e-26
  2.0568e+05   8.08e-26
  2.1228e+05   7.66e-26
  2.1909e+05   7.26e-26
  2.2611e+05   6.88e-26
  2.3336e+05   6.52e-26
  2.4084e+05   6.17e-26
  2.4856e+05   5.84e-26
  2.5653e+05   5.52e-26
  2.6476e+05   5.22e-26
  2.7325e+05   4.93e-26
  2.8201e+05   4.65e-26
  2.9105e+05   4.39e-26
  3.0038e+05   4.14e-26
  3.1002e+05   3.90e-26
  3.1996e+05   3.67e-26
  3.3021e+05   3.45e-26
  3.4080e+05   3.25e-26
  3.5173e+05   3.05e-26
  3.6301e+05   2.87e-26
  3.7465e+05   2.69e-26
  3.8666e+05   2.53e-26
  3.9905e+05   2.37e-26
  4.1185e+05   2.22e-26
  4.2506e+05   2.07e-26
  4.3868e+05   1.94e-26
  4.5275e+05   1.81e-26
  4.6727e+05   1.69e-26
  4.8225e+05   1.58e-26
  4.9771e+05   1.47e-26
  5.1367e+05   1.37e-26
  5.3014e+05   1.28e-26
  5.4714e+05   1.19e-26
  5.6468e+05   1.11e-26
  5.8278e+05   1.03e-26
  6.0147e+05   9.56e-27
  6.2075e+05   8.89e-27
  6.4066e+05   8.25e-27
  6.6120e+05   7.65e-27
  6.8240e+05   7.09e-27
  7.0428e+05   6.57e-27
  7.2686e+05   6.09e-27
  7.5017e+05   5.63e-27
  7.7422e+05   5.21e-27
  7.9904e+05   4.82e-27
  8.2466e+05   4.45e-27
  8.5110e+05   4.11e-27
  8.7839e+05   3.80e-27
  9.0656e+05   3.51e-27
  9.3562e+05   3.24e-27
  9.6562e+05   2.99e-27
  9.9658e+05   2.76e-27
  1.0285e+06   2.54e-27
  1.0615e+06   2.34e-27
  1.0956e+06   2.16e-27
  1.1307e+06   1.99e-27
  1.1669e+06   1.84e-27
  1.2043e+06   1.69e-27
  1.2430e+06   1.56e-27
  1.2828e+06   1.43e-27
  1.3239e+06   1.31e-27
  1.3664e+06   1.21e-27
  1.4102e+06   1.11e-27
  1.4554e+06   1.02e-27
  1.5021e+06   9.39e-28
  1.5502e+06   8.63e-28
  1.6000e+06   7.93e-28
  1.6513e+06   7.28e-28
  1.7042e+06   6.67e-28
  1.7588e+06   6.13e-28
  1.8152e+06   5.62e-28
  1.8734e+06   5.14e-28
  1.9335e+06   4.71e-28
  1.9955e+06   4.32e-28
  2.0595e+06   3.96e-28
  2.1255e+06   3.61e-28
  2.1937e+06   3.31e-28
  2.2640e+06   3.03e-28
  2.3366e+06   2.76e-28
  2.4115e+06   2.52e-28
  2.4888e+06   2.30e-28
  2.5686e+06   2.10e-28
  2.6510e+06   1.91e-28
  2.7360e+06   1.74e-28
  2.8237e+06   1.59e-28
  2.9142e+06   1.44e-28
  3.0077e+06   1.31e-28
  3.1041e+06   1.19e-28
  3.2036e+06   1.08e-28
  3.3064e+06   9.78e-29
  3.4124e+06   8.84e-29
  3.5218e+06   8.02e-29
  3.6347e+06   7.26e-29
  3.7512e+06   6.54e-29
  3.8715e+06   5.91e-29
  3.9957e+06   5.34e-29
  4.1238e+06   4.82e-29
  4.2560e+06   4.32e-29
  4.3924e+06   3.91e-29
  4.5333e+06   3.52e-29
  4.6786e+06   3.16e-29
  4.8286e+06   2.84e-29
  4.9835e+06   2.56e-29
  5.1433e+06   2.31e-29
  5.3082e+06   2.06e-29
  5.4784e+06   1.86e-29
  5.6540e+06   1.67e-29
  5.8353e+06   1.50e-29
  6.0224e+06   1.34e-29
  6.2155e+06   1.22e-29
  6.4148e+06   1.10e-29
  6.6205e+06   9.88e-30
  6.8327e+06   8.90e-30
  7.0518e+06   8.08e-30
  7.2779e+06   7.32e-30
  7.5113e+06   6.60e-30
  7.7521e+06   6.00e-30
  8.0007e+06   5.47e-30
  8.2572e+06   4.97e-30
  8.5219e+06   4.51e-30
  8.7952e+06   4.14e-30
  9.0772e+06   3.78e-30
  9.3682e+06   3.44e-30
  9.6686e+06   3.16e-30
  9.9786e+06   2.93e-30
  1.0299e+07   2.70e-30
  1.0629e+07   2.48e-30
  1.0970e+07   2.32e-30
  1.1321e+07   2.17e-30
  1.1684e+07   2.01e-30
  1.2059e+07   1.86e-30
  1.2446e+07   1.82e-30
  1.2845e+07   1.74e-30
  1.3256e+07   1.63e-30
  1.3681e+07   1.64e-30
  1.4120e+07   1.72e-30
  1.4573e+07   1.71e-30
  1.5040e+07   1.62e-30
  1.5522e+07   1.42e-30
  1.6020e+07   1.20e-30
