#  E [GeV]   # per interaction  [GeV^{-1}]
  3.0000e+01   3.06e-02
  3.1232e+01   2.95e-02
  3.2514e+01   2.83e-02
  3.3849e+01   2.72e-02
  3.5238e+01   2.62e-02
  3.6685e+01   2.51e-02
  3.8191e+01   2.42e-02
  3.9759e+01   2.32e-02
  4.1391e+01   2.23e-02
  4.3090e+01   2.14e-02
  4.4859e+01   2.05e-02
  4.6701e+01   1.97e-02
  4.8618e+01   1.89e-02
  5.0614e+01   1.81e-02
  5.2692e+01   1.74e-02
  5.4855e+01   1.67e-02
  5.7107e+01   1.60e-02
  5.9451e+01   1.53e-02
  6.1892e+01   1.47e-02
  6.4433e+01   1.41e-02
  6.7078e+01   1.35e-02
  6.9832e+01   1.29e-02
  7.2699e+01   1.24e-02
  7.5683e+01   1.18e-02
  7.8790e+01   1.13e-02
  8.2025e+01   1.08e-02
  8.5392e+01   1.04e-02
  8.8898e+01   9.90e-03
  9.2547e+01   9.47e-03
  9.6347e+01   9.05e-03
  1.0030e+02   8.65e-03
  1.0442e+02   8.26e-03
  1.0871e+02   7.89e-03
  1.1317e+02   7.53e-03
  1.1782e+02   7.19e-03
  1.2265e+02   6.86e-03
  1.2769e+02   6.54e-03
  1.3293e+02   6.24e-03
  1.3839e+02   5.95e-03
  1.4407e+02   5.67e-03
  1.4998e+02   5.40e-03
  1.5614e+02   5.15e-03
  1.6255e+02   4.90e-03
  1.6922e+02   4.67e-03
  1.7617e+02   4.44e-03
  1.8340e+02   4.22e-03
  1.9093e+02   4.02e-03
  1.9877e+02   3.82e-03
  2.0693e+02   3.63e-03
  2.1543e+02   3.45e-03
  2.2427e+02   3.28e-03
  2.3348e+02   3.11e-03
  2.4306e+02   2.95e-03
  2.5304e+02   2.80e-03
  2.6343e+02   2.66e-03
  2.7424e+02   2.52e-03
  2.8550e+02   2.39e-03
  2.9722e+02   2.26e-03
  3.0942e+02   2.14e-03
  3.2213e+02   2.03e-03
  3.3535e+02   1.92e-03
  3.4912e+02   1.82e-03
  3.6345e+02   1.72e-03
  3.7837e+02   1.63e-03
  3.9390e+02   1.54e-03
  4.1008e+02   1.45e-03
  4.2691e+02   1.37e-03
  4.4444e+02   1.30e-03
  4.6268e+02   1.23e-03
  4.8168e+02   1.16e-03
  5.0145e+02   1.09e-03
  5.2204e+02   1.03e-03
  5.4347e+02   9.74e-04
  5.6578e+02   9.19e-04
  5.8901e+02   8.67e-04
  6.1319e+02   8.18e-04
  6.3836e+02   7.73e-04
  6.6457e+02   7.29e-04
  6.9185e+02   6.88e-04
  7.2025e+02   6.50e-04
  7.4982e+02   6.14e-04
  7.8061e+02   5.81e-04
  8.1265e+02   5.49e-04
  8.4601e+02   5.19e-04
  8.8075e+02   4.91e-04
  9.1690e+02   4.65e-04
  9.5455e+02   4.41e-04
  9.9373e+02   4.18e-04
  1.0345e+03   3.96e-04
  1.0770e+03   3.76e-04
  1.1212e+03   3.57e-04
  1.1672e+03   3.39e-04
  1.2152e+03   3.22e-04
  1.2650e+03   3.07e-04
  1.3170e+03   2.92e-04
  1.3711e+03   2.79e-04
  1.4273e+03   2.66e-04
  1.4859e+03   2.54e-04
  1.5469e+03   2.42e-04
  1.6104e+03   2.32e-04
  1.6766e+03   2.22e-04
  1.7454e+03   2.12e-04
  1.8170e+03   2.03e-04
  1.8916e+03   1.95e-04
  1.9693e+03   1.87e-04
  2.0501e+03   1.80e-04
  2.1343e+03   1.73e-04
  2.2219e+03   1.66e-04
  2.3131e+03   1.60e-04
  2.4081e+03   1.54e-04
  2.5070e+03   1.48e-04
  2.6099e+03   1.42e-04
  2.7170e+03   1.37e-04
  2.8286e+03   1.32e-04
  2.9447e+03   1.27e-04
  3.0656e+03   1.22e-04
  3.1914e+03   1.18e-04
  3.3225e+03   1.14e-04
  3.4589e+03   1.09e-04
  3.6008e+03   1.05e-04
  3.7487e+03   1.01e-04
  3.9026e+03   9.76e-05
  4.0628e+03   9.38e-05
  4.2296e+03   9.02e-05
  4.4032e+03   8.67e-05
  4.5840e+03   8.32e-05
  4.7722e+03   7.99e-05
  4.9681e+03   7.66e-05
  5.1720e+03   7.33e-05
  5.3844e+03   7.02e-05
  5.6054e+03   6.70e-05
  5.8355e+03   6.39e-05
  6.0751e+03   6.09e-05
  6.3245e+03   5.79e-05
  6.5841e+03   5.50e-05
  6.8544e+03   5.21e-05
  7.1358e+03   4.93e-05
  7.4288e+03   4.65e-05
  7.7338e+03   4.38e-05
  8.0513e+03   4.11e-05
  8.3818e+03   3.85e-05
  8.7259e+03   3.59e-05
  9.0841e+03   3.33e-05
  9.4571e+03   3.09e-05
  9.8453e+03   2.84e-05
  1.0249e+04   2.61e-05
  1.0670e+04   2.38e-05
  1.1108e+04   2.16e-05
  1.1564e+04   1.95e-05
  1.2039e+04   1.74e-05
  1.2533e+04   1.55e-05
  1.3048e+04   1.36e-05
  1.3584e+04   1.19e-05
  1.4141e+04   1.03e-05
  1.4722e+04   8.74e-06
  1.5326e+04   7.36e-06
  1.5955e+04   6.09e-06
  1.6610e+04   4.96e-06
  1.7292e+04   3.97e-06
  1.8002e+04   3.09e-06
  1.8741e+04   2.35e-06
  1.9511e+04   1.74e-06
  2.0312e+04   1.24e-06
  2.1145e+04   8.51e-07
  2.2013e+04   5.58e-07
  2.2917e+04   3.47e-07
  2.3858e+04   2.03e-07
  2.4837e+04   1.10e-07
  2.5857e+04   5.49e-08
  2.6919e+04   2.47e-08
  2.8024e+04   9.80e-09
  2.9174e+04   3.35e-09
  3.0372e+04   9.55e-10
  3.1619e+04   2.18e-10
  3.2917e+04   3.81e-11
  3.4268e+04   4.76e-12
  3.5675e+04   3.91e-13
  3.7140e+04   1.91e-14
  3.8664e+04   4.81e-16
  4.0252e+04   5.24e-18
  4.1904e+04   1.94e-20
  4.3624e+04   1.78e-23
  4.5415e+04   2.63e-27
  4.7280e+04   3.48e-32
  4.9221e+04   1.84e-38
  5.1241e+04   3.86e-46
  5.3345e+04   3.38e-46
  5.5535e+04   2.94e-46
  5.7815e+04   2.56e-46
  6.0188e+04   2.21e-46
  6.2659e+04   1.90e-46
  6.5232e+04   1.64e-46
  6.7910e+04   1.39e-46
  7.0698e+04   1.20e-46
  7.3600e+04   1.03e-46
  7.6621e+04   8.75e-47
  7.9767e+04   7.63e-47
  8.3042e+04   6.66e-47
  8.6451e+04   5.75e-47
  9.0000e+04   5.23e-47
