#  E [MeV]   Flux [# cm^{-2} s^{-1}  MeV^{-1}]
  3.0000e+04   1.96e-25
  3.1232e+04   1.87e-25
  3.2514e+04   1.78e-25
  3.3849e+04   1.70e-25
  3.5238e+04   1.62e-25
  3.6685e+04   1.55e-25
  3.8191e+04   1.47e-25
  3.9759e+04   1.40e-25
  4.1391e+04   1.34e-25
  4.3090e+04   1.27e-25
  4.4859e+04   1.21e-25
  4.6701e+04   1.16e-25
  4.8618e+04   1.10e-25
  5.0614e+04   1.05e-25
  5.2692e+04   9.99e-26
  5.4855e+04   9.51e-26
  5.7107e+04   9.05e-26
  5.9451e+04   8.61e-26
  6.1892e+04   8.19e-26
  6.4433e+04   7.79e-26
  6.7078e+04   7.41e-26
  6.9832e+04   7.05e-26
  7.2699e+04   6.70e-26
  7.5683e+04   6.37e-26
  7.8790e+04   6.05e-26
  8.2025e+04   5.75e-26
  8.5392e+04   5.46e-26
  8.8898e+04   5.19e-26
  9.2547e+04   4.93e-26
  9.6347e+04   4.68e-26
  1.0030e+05   4.44e-26
  1.0442e+05   4.21e-26
  1.0871e+05   4.00e-26
  1.1317e+05   3.79e-26
  1.1782e+05   3.60e-26
  1.2265e+05   3.41e-26
  1.2769e+05   3.24e-26
  1.3293e+05   3.07e-26
  1.3839e+05   2.91e-26
  1.4407e+05   2.76e-26
  1.4998e+05   2.61e-26
  1.5614e+05   2.47e-26
  1.6255e+05   2.34e-26
  1.6922e+05   2.22e-26
  1.7617e+05   2.10e-26
  1.8340e+05   1.99e-26
  1.9093e+05   1.88e-26
  1.9877e+05   1.78e-26
  2.0693e+05   1.68e-26
  2.1543e+05   1.59e-26
  2.2427e+05   1.50e-26
  2.3348e+05   1.42e-26
  2.4306e+05   1.34e-26
  2.5304e+05   1.27e-26
  2.6343e+05   1.20e-26
  2.7424e+05   1.13e-26
  2.8550e+05   1.07e-26
  2.9722e+05   1.00e-26
  3.0942e+05   9.48e-27
  3.2213e+05   8.93e-27
  3.3535e+05   8.42e-27
  3.4912e+05   7.93e-27
  3.6345e+05   7.47e-27
  3.7837e+05   7.03e-27
  3.9390e+05   6.61e-27
  4.1008e+05   6.22e-27
  4.2691e+05   5.85e-27
  4.4444e+05   5.50e-27
  4.6268e+05   5.17e-27
  4.8168e+05   4.85e-27
  5.0145e+05   4.56e-27
  5.2204e+05   4.28e-27
  5.4347e+05   4.01e-27
  5.6578e+05   3.76e-27
  5.8901e+05   3.52e-27
  6.1319e+05   3.30e-27
  6.3836e+05   3.09e-27
  6.6457e+05   2.89e-27
  6.9185e+05   2.70e-27
  7.2025e+05   2.53e-27
  7.4982e+05   2.36e-27
  7.8061e+05   2.20e-27
  8.1265e+05   2.06e-27
  8.4601e+05   1.92e-27
  8.8075e+05   1.79e-27
  9.1690e+05   1.67e-27
  9.5455e+05   1.55e-27
  9.9373e+05   1.45e-27
  1.0345e+06   1.35e-27
  1.0770e+06   1.25e-27
  1.1212e+06   1.17e-27
  1.1672e+06   1.08e-27
  1.2152e+06   1.01e-27
  1.2650e+06   9.35e-28
  1.3170e+06   8.69e-28
  1.3711e+06   8.06e-28
  1.4273e+06   7.47e-28
  1.4859e+06   6.93e-28
  1.5469e+06   6.42e-28
  1.6104e+06   5.95e-28
  1.6766e+06   5.51e-28
  1.7454e+06   5.09e-28
  1.8170e+06   4.71e-28
  1.8916e+06   4.35e-28
  1.9693e+06   4.02e-28
  2.0501e+06   3.71e-28
  2.1343e+06   3.42e-28
  2.2219e+06   3.15e-28
  2.3131e+06   2.90e-28
  2.4081e+06   2.67e-28
  2.5070e+06   2.45e-28
  2.6099e+06   2.25e-28
  2.7170e+06   2.07e-28
  2.8286e+06   1.89e-28
  2.9447e+06   1.74e-28
  3.0656e+06   1.59e-28
  3.1914e+06   1.45e-28
  3.3225e+06   1.33e-28
  3.4589e+06   1.21e-28
  3.6008e+06   1.10e-28
  3.7487e+06   1.00e-28
  3.9026e+06   9.12e-29
  4.0628e+06   8.29e-29
  4.2296e+06   7.53e-29
  4.4032e+06   6.81e-29
  4.5840e+06   6.17e-29
  4.7722e+06   5.57e-29
  4.9681e+06   5.02e-29
  5.1720e+06   4.53e-29
  5.3844e+06   4.07e-29
  5.6054e+06   3.65e-29
  5.8355e+06   3.28e-29
  6.0751e+06   2.93e-29
  6.3245e+06   2.62e-29
  6.5841e+06   2.34e-29
  6.8544e+06   2.09e-29
  7.1358e+06   1.85e-29
  7.4288e+06   1.65e-29
  7.7338e+06   1.46e-29
  8.0513e+06   1.29e-29
  8.3818e+06   1.14e-29
  8.7259e+06   1.00e-29
  9.0841e+06   8.83e-30
  9.4571e+06   7.76e-30
  9.8453e+06   6.76e-30
  1.0249e+07   5.91e-30
  1.0670e+07   5.15e-30
  1.1108e+07   4.45e-30
  1.1564e+07   3.87e-30
  1.2039e+07   3.34e-30
  1.2533e+07   2.86e-30
  1.3048e+07   2.47e-30
  1.3584e+07   2.11e-30
  1.4141e+07   1.79e-30
  1.4722e+07   1.53e-30
  1.5326e+07   1.29e-30
  1.5955e+07   1.08e-30
  1.6610e+07   9.11e-31
  1.7292e+07   7.55e-31
  1.8002e+07   6.24e-31
  1.8741e+07   5.14e-31
  1.9511e+07   4.17e-31
  2.0312e+07   3.37e-31
  2.1145e+07   2.71e-31
  2.2013e+07   2.13e-31
  2.2917e+07   1.67e-31
  2.3858e+07   1.29e-31
  2.4837e+07   9.66e-32
  2.5857e+07   7.20e-32
  2.6919e+07   5.21e-32
  2.8024e+07   3.62e-32
  2.9174e+07   2.47e-32
  3.0372e+07   1.60e-32
  3.1619e+07   9.78e-33
  3.2917e+07   5.68e-33
  3.4268e+07   3.02e-33
  3.5675e+07   1.45e-33
  3.7140e+07   6.19e-34
  3.8664e+07   2.24e-34
  4.0252e+07   6.64e-35
  4.1904e+07   1.52e-35
  4.3624e+07   2.48e-36
  4.5415e+07   2.61e-37
  4.7280e+07   1.54e-38
  4.9221e+07   4.19e-40
  5.1241e+07   4.06e-42
  5.3345e+07   9.68e-45
  5.5535e+07   3.34e-48
  5.7815e+07   8.03e-53
  6.0188e+07   4.50e-59
  6.2659e+07   1.20e-67
  6.5232e+07   2.28e-72
  6.7910e+07   2.09e-72
  7.0698e+07   1.91e-72
  7.3600e+07   1.74e-72
  7.6621e+07   1.58e-72
  7.9767e+07   1.43e-72
  8.3042e+07   1.28e-72
  8.6451e+07   1.14e-72
  9.0000e+07   1.02e-72
