#  E [GeV]   # per interaction  [GeV^{-1}]
  3.0000e+01   1.13e+00
  3.1141e+01   1.08e+00
  3.2326e+01   1.03e+00
  3.3556e+01   9.83e-01
  3.4832e+01   9.39e-01
  3.6157e+01   8.96e-01
  3.7533e+01   8.56e-01
  3.8961e+01   8.17e-01
  4.0443e+01   7.80e-01
  4.1982e+01   7.44e-01
  4.3579e+01   7.10e-01
  4.5237e+01   6.77e-01
  4.6958e+01   6.46e-01
  4.8744e+01   6.16e-01
  5.0598e+01   5.87e-01
  5.2523e+01   5.60e-01
  5.4521e+01   5.33e-01
  5.6596e+01   5.08e-01
  5.8749e+01   4.85e-01
  6.0984e+01   4.62e-01
  6.3304e+01   4.40e-01
  6.5712e+01   4.19e-01
  6.8212e+01   3.99e-01
  7.0807e+01   3.80e-01
  7.3500e+01   3.62e-01
  7.6297e+01   3.44e-01
  7.9199e+01   3.28e-01
  8.2212e+01   3.12e-01
  8.5340e+01   2.97e-01
  8.8586e+01   2.82e-01
  9.1956e+01   2.68e-01
  9.5455e+01   2.55e-01
  9.9086e+01   2.43e-01
  1.0286e+02   2.31e-01
  1.0677e+02   2.19e-01
  1.1083e+02   2.08e-01
  1.1505e+02   1.98e-01
  1.1942e+02   1.88e-01
  1.2397e+02   1.79e-01
  1.2868e+02   1.70e-01
  1.3358e+02   1.61e-01
  1.3866e+02   1.53e-01
  1.4394e+02   1.45e-01
  1.4941e+02   1.38e-01
  1.5509e+02   1.31e-01
  1.6100e+02   1.24e-01
  1.6712e+02   1.17e-01
  1.7348e+02   1.11e-01
  1.8008e+02   1.06e-01
  1.8693e+02   1.00e-01
  1.9404e+02   9.48e-02
  2.0142e+02   8.98e-02
  2.0908e+02   8.50e-02
  2.1704e+02   8.05e-02
  2.2529e+02   7.61e-02
  2.3387e+02   7.20e-02
  2.4276e+02   6.81e-02
  2.5200e+02   6.44e-02
  2.6158e+02   6.09e-02
  2.7154e+02   5.75e-02
  2.8187e+02   5.43e-02
  2.9259e+02   5.13e-02
  3.0372e+02   4.84e-02
  3.1527e+02   4.56e-02
  3.2727e+02   4.30e-02
  3.3972e+02   4.05e-02
  3.5264e+02   3.81e-02
  3.6606e+02   3.59e-02
  3.7998e+02   3.38e-02
  3.9444e+02   3.18e-02
  4.0945e+02   2.98e-02
  4.2502e+02   2.80e-02
  4.4119e+02   2.63e-02
  4.5798e+02   2.47e-02
  4.7540e+02   2.31e-02
  4.9348e+02   2.16e-02
  5.1226e+02   2.03e-02
  5.3175e+02   1.90e-02
  5.5198e+02   1.77e-02
  5.7297e+02   1.65e-02
  5.9477e+02   1.54e-02
  6.1740e+02   1.44e-02
  6.4089e+02   1.34e-02
  6.6527e+02   1.25e-02
  6.9058e+02   1.16e-02
  7.1685e+02   1.08e-02
  7.4412e+02   1.00e-02
  7.7243e+02   9.33e-03
  8.0181e+02   8.68e-03
  8.3232e+02   8.06e-03
  8.6398e+02   7.48e-03
  8.9685e+02   6.95e-03
  9.3097e+02   6.45e-03
  9.6638e+02   5.99e-03
  1.0031e+03   5.56e-03
  1.0413e+03   5.15e-03
  1.0809e+03   4.78e-03
  1.1220e+03   4.43e-03
  1.1647e+03   4.11e-03
  1.2090e+03   3.80e-03
  1.2550e+03   3.52e-03
  1.3028e+03   3.26e-03
  1.3523e+03   3.01e-03
  1.4038e+03   2.78e-03
  1.4572e+03   2.57e-03
  1.5126e+03   2.38e-03
  1.5702e+03   2.19e-03
  1.6299e+03   2.02e-03
  1.6919e+03   1.87e-03
  1.7563e+03   1.72e-03
  1.8231e+03   1.58e-03
  1.8925e+03   1.46e-03
  1.9645e+03   1.34e-03
  2.0392e+03   1.23e-03
  2.1168e+03   1.13e-03
  2.1973e+03   1.04e-03
  2.2809e+03   9.53e-04
  2.3677e+03   8.73e-04
  2.4577e+03   7.98e-04
  2.5512e+03   7.30e-04
  2.6483e+03   6.67e-04
  2.7490e+03   6.07e-04
  2.8536e+03   5.54e-04
  2.9622e+03   5.04e-04
  3.0749e+03   4.57e-04
  3.1918e+03   4.15e-04
  3.3133e+03   3.76e-04
  3.4393e+03   3.40e-04
  3.5702e+03   3.07e-04
  3.7060e+03   2.77e-04
  3.8470e+03   2.49e-04
  3.9933e+03   2.24e-04
  4.1452e+03   2.01e-04
  4.3029e+03   1.80e-04
  4.4666e+03   1.61e-04
  4.6366e+03   1.44e-04
  4.8129e+03   1.28e-04
  4.9960e+03   1.13e-04
  5.1861e+03   1.01e-04
  5.3834e+03   8.86e-05
  5.5882e+03   7.81e-05
  5.8008e+03   6.88e-05
  6.0215e+03   6.01e-05
  6.2506e+03   5.26e-05
  6.4883e+03   4.59e-05
  6.7352e+03   3.98e-05
  6.9914e+03   3.45e-05
  7.2574e+03   2.99e-05
  7.5335e+03   2.57e-05
  7.8201e+03   2.20e-05
  8.1176e+03   1.89e-05
  8.4264e+03   1.60e-05
  8.7470e+03   1.35e-05
  9.0797e+03   1.15e-05
  9.4251e+03   9.65e-06
  9.7837e+03   8.02e-06
  1.0156e+04   6.72e-06
  1.0542e+04   5.55e-06
  1.0943e+04   4.53e-06
  1.1360e+04   3.74e-06
  1.1792e+04   3.04e-06
  1.2240e+04   2.42e-06
  1.2706e+04   1.96e-06
  1.3189e+04   1.56e-06
  1.3691e+04   1.21e-06
  1.4212e+04   9.52e-07
  1.4753e+04   7.36e-07
  1.5314e+04   5.54e-07
  1.5897e+04   4.20e-07
  1.6501e+04   3.13e-07
  1.7129e+04   2.26e-07
  1.7781e+04   1.63e-07
  1.8457e+04   1.15e-07
  1.9159e+04   7.82e-08
  1.9888e+04   5.26e-08
  2.0645e+04   3.45e-08
  2.1430e+04   2.15e-08
  2.2245e+04   1.31e-08
  2.3092e+04   7.65e-09
  2.3970e+04   4.19e-09
  2.4882e+04   2.18e-09
  2.5829e+04   1.07e-09
  2.6811e+04   4.75e-10
  2.7831e+04   1.91e-10
  2.8890e+04   6.94e-11
  2.9989e+04   2.16e-11
  3.1130e+04   5.64e-12
  3.2314e+04   1.21e-12
  3.3544e+04   2.01e-13
  3.4820e+04   2.42e-14
  3.6144e+04   2.01e-15
  3.7519e+04   1.02e-16
  3.8947e+04   2.85e-18
  4.0428e+04   3.76e-20
  4.1966e+04   1.91e-22
  4.3563e+04   2.88e-25
  4.5220e+04   9.10e-29
  4.6941e+04   3.83e-33
  4.8726e+04   1.16e-38
  5.0580e+04   1.13e-45
