#  E [MeV]   Flux [# cm^{-2} s^{-1}  MeV^{-1}]
  3.0000e+04   1.43e-21
  3.0943e+04   1.38e-21
  3.1916e+04   1.33e-21
  3.2920e+04   1.28e-21
  3.3955e+04   1.24e-21
  3.5023e+04   1.20e-21
  3.6124e+04   1.15e-21
  3.7260e+04   1.11e-21
  3.8432e+04   1.07e-21
  3.9640e+04   1.03e-21
  4.0887e+04   9.98e-22
  4.2172e+04   9.62e-22
  4.3499e+04   9.28e-22
  4.4866e+04   8.95e-22
  4.6277e+04   8.63e-22
  4.7732e+04   8.32e-22
  4.9233e+04   8.02e-22
  5.0781e+04   7.74e-22
  5.2378e+04   7.46e-22
  5.4025e+04   7.19e-22
  5.5724e+04   6.94e-22
  5.7476e+04   6.69e-22
  5.9284e+04   6.45e-22
  6.1148e+04   6.22e-22
  6.3071e+04   6.00e-22
  6.5054e+04   5.79e-22
  6.7100e+04   5.58e-22
  6.9210e+04   5.38e-22
  7.1386e+04   5.19e-22
  7.3631e+04   5.01e-22
  7.5946e+04   4.83e-22
  7.8334e+04   4.66e-22
  8.0797e+04   4.50e-22
  8.3338e+04   4.34e-22
  8.5959e+04   4.19e-22
  8.8662e+04   4.05e-22
  9.1450e+04   3.91e-22
  9.4325e+04   3.77e-22
  9.7291e+04   3.65e-22
  1.0035e+05   3.52e-22
  1.0351e+05   3.40e-22
  1.0676e+05   3.29e-22
  1.1012e+05   3.18e-22
  1.1358e+05   3.08e-22
  1.1715e+05   2.97e-22
  1.2084e+05   2.88e-22
  1.2464e+05   2.78e-22
  1.2856e+05   2.69e-22
  1.3260e+05   2.61e-22
  1.3677e+05   2.52e-22
  1.4107e+05   2.45e-22
  1.4550e+05   2.37e-22
  1.5008e+05   2.29e-22
  1.5480e+05   2.22e-22
  1.5967e+05   2.15e-22
  1.6469e+05   2.09e-22
  1.6987e+05   2.02e-22
  1.7521e+05   1.96e-22
  1.8072e+05   1.90e-22
  1.8640e+05   1.85e-22
  1.9226e+05   1.79e-22
  1.9831e+05   1.74e-22
  2.0454e+05   1.69e-22
  2.1097e+05   1.64e-22
  2.1761e+05   1.59e-22
  2.2445e+05   1.55e-22
  2.3151e+05   1.50e-22
  2.3879e+05   1.46e-22
  2.4630e+05   1.42e-22
  2.5404e+05   1.38e-22
  2.6203e+05   1.34e-22
  2.7027e+05   1.30e-22
  2.7877e+05   1.26e-22
  2.8753e+05   1.23e-22
  2.9657e+05   1.19e-22
  3.0590e+05   1.16e-22
  3.1552e+05   1.13e-22
  3.2544e+05   1.10e-22
  3.3567e+05   1.06e-22
  3.4623e+05   1.03e-22
  3.5712e+05   1.00e-22
  3.6835e+05   9.76e-23
  3.7993e+05   9.48e-23
  3.9188e+05   9.21e-23
  4.0420e+05   8.95e-23
  4.1691e+05   8.69e-23
  4.3002e+05   8.43e-23
  4.4354e+05   8.19e-23
  4.5749e+05   7.95e-23
  4.7187e+05   7.71e-23
  4.8671e+05   7.48e-23
  5.0202e+05   7.26e-23
  5.1780e+05   7.04e-23
  5.3409e+05   6.82e-23
  5.5088e+05   6.62e-23
  5.6820e+05   6.41e-23
  5.8607e+05   6.22e-23
  6.0450e+05   6.02e-23
  6.2351e+05   5.84e-23
  6.4311e+05   5.65e-23
  6.6334e+05   5.48e-23
  6.8419e+05   5.30e-23
  7.0571e+05   5.13e-23
  7.2790e+05   4.97e-23
  7.5079e+05   4.81e-23
  7.7440e+05   4.65e-23
  7.9875e+05   4.50e-23
  8.2387e+05   4.36e-23
  8.4977e+05   4.21e-23
  8.7649e+05   4.08e-23
  9.0405e+05   3.94e-23
  9.3248e+05   3.81e-23
  9.6180e+05   3.68e-23
  9.9205e+05   3.56e-23
  1.0232e+06   3.44e-23
  1.0554e+06   3.33e-23
  1.0886e+06   3.22e-23
  1.1228e+06   3.11e-23
  1.1581e+06   3.00e-23
  1.1946e+06   2.90e-23
  1.2321e+06   2.80e-23
  1.2709e+06   2.70e-23
  1.3108e+06   2.61e-23
  1.3521e+06   2.52e-23
  1.3946e+06   2.43e-23
  1.4384e+06   2.35e-23
  1.4837e+06   2.27e-23
  1.5303e+06   2.19e-23
  1.5784e+06   2.11e-23
  1.6281e+06   2.03e-23
  1.6793e+06   1.96e-23
  1.7321e+06   1.88e-23
  1.7865e+06   1.81e-23
  1.8427e+06   1.75e-23
  1.9006e+06   1.68e-23
  1.9604e+06   1.62e-23
  2.0221e+06   1.55e-23
  2.0856e+06   1.49e-23
  2.1512e+06   1.43e-23
  2.2189e+06   1.37e-23
  2.2886e+06   1.32e-23
  2.3606e+06   1.26e-23
  2.4348e+06   1.21e-23
  2.5114e+06   1.16e-23
  2.5904e+06   1.11e-23
  2.6718e+06   1.06e-23
  2.7558e+06   1.01e-23
  2.8425e+06   9.60e-24
  2.9319e+06   9.14e-24
  3.0241e+06   8.70e-24
  3.1192e+06   8.25e-24
  3.2173e+06   7.82e-24
  3.3184e+06   7.41e-24
  3.4228e+06   7.01e-24
  3.5304e+06   6.62e-24
  3.6414e+06   6.24e-24
  3.7559e+06   5.88e-24
  3.8740e+06   5.53e-24
  3.9958e+06   5.18e-24
  4.1215e+06   4.86e-24
  4.2511e+06   4.54e-24
  4.3848e+06   4.24e-24
  4.5227e+06   3.95e-24
  4.6649e+06   3.67e-24
  4.8116e+06   3.41e-24
  4.9629e+06   3.15e-24
  5.1189e+06   2.91e-24
  5.2799e+06   2.68e-24
  5.4459e+06   2.46e-24
  5.6171e+06   2.25e-24
  5.7938e+06   2.05e-24
  5.9760e+06   1.86e-24
  6.1639e+06   1.69e-24
  6.3577e+06   1.52e-24
  6.5576e+06   1.37e-24
  6.7638e+06   1.22e-24
  6.9765e+06   1.09e-24
  7.1959e+06   9.71e-25
  7.4222e+06   8.58e-25
  7.6556e+06   7.55e-25
  7.8963e+06   6.64e-25
  8.1446e+06   5.80e-25
  8.4007e+06   5.03e-25
  8.6649e+06   4.35e-25
  8.9373e+06   3.75e-25
  9.2184e+06   3.20e-25
  9.5082e+06   2.70e-25
  9.8072e+06   2.28e-25
  1.0116e+07   1.92e-25
  1.0434e+07   1.60e-25
  1.0762e+07   1.31e-25
  1.1100e+07   1.10e-25
  1.1449e+07   9.02e-26
  1.1809e+07   7.33e-26
  1.2181e+07   5.93e-26
  1.2564e+07   4.88e-26
  1.2959e+07   3.96e-26
  1.3366e+07   3.16e-26
  1.3786e+07   2.58e-26
  1.4220e+07   2.13e-26
