#  E [MeV]   Flux [# cm^{-2} s^{-1}  MeV^{-1}]
  3.0000e+04   4.12e-19
  3.0943e+04   3.98e-19
  3.1916e+04   3.85e-19
  3.2920e+04   3.71e-19
  3.3955e+04   3.59e-19
  3.5023e+04   3.46e-19
  3.6124e+04   3.34e-19
  3.7260e+04   3.22e-19
  3.8432e+04   3.11e-19
  3.9640e+04   3.00e-19
  4.0887e+04   2.89e-19
  4.2172e+04   2.79e-19
  4.3499e+04   2.69e-19
  4.4866e+04   2.59e-19
  4.6277e+04   2.50e-19
  4.7732e+04   2.41e-19
  4.9233e+04   2.32e-19
  5.0781e+04   2.23e-19
  5.2378e+04   2.15e-19
  5.4025e+04   2.07e-19
  5.5724e+04   1.99e-19
  5.7476e+04   1.92e-19
  5.9284e+04   1.85e-19
  6.1148e+04   1.78e-19
  6.3071e+04   1.71e-19
  6.5054e+04   1.64e-19
  6.7100e+04   1.58e-19
  6.9210e+04   1.52e-19
  7.1386e+04   1.46e-19
  7.3631e+04   1.40e-19
  7.5946e+04   1.35e-19
  7.8334e+04   1.29e-19
  8.0797e+04   1.24e-19
  8.3338e+04   1.19e-19
  8.5959e+04   1.14e-19
  8.8662e+04   1.10e-19
  9.1450e+04   1.05e-19
  9.4325e+04   1.01e-19
  9.7291e+04   9.66e-20
  1.0035e+05   9.26e-20
  1.0351e+05   8.87e-20
  1.0676e+05   8.49e-20
  1.1012e+05   8.13e-20
  1.1358e+05   7.78e-20
  1.1715e+05   7.45e-20
  1.2084e+05   7.13e-20
  1.2464e+05   6.81e-20
  1.2856e+05   6.51e-20
  1.3260e+05   6.23e-20
  1.3677e+05   5.95e-20
  1.4107e+05   5.68e-20
  1.4550e+05   5.43e-20
  1.5008e+05   5.18e-20
  1.5480e+05   4.95e-20
  1.5967e+05   4.72e-20
  1.6469e+05   4.50e-20
  1.6987e+05   4.29e-20
  1.7521e+05   4.09e-20
  1.8072e+05   3.90e-20
  1.8640e+05   3.71e-20
  1.9226e+05   3.54e-20
  1.9831e+05   3.37e-20
  2.0454e+05   3.20e-20
  2.1097e+05   3.05e-20
  2.1761e+05   2.90e-20
  2.2445e+05   2.75e-20
  2.3151e+05   2.62e-20
  2.3879e+05   2.49e-20
  2.4630e+05   2.36e-20
  2.5404e+05   2.24e-20
  2.6203e+05   2.13e-20
  2.7027e+05   2.02e-20
  2.7877e+05   1.91e-20
  2.8753e+05   1.82e-20
  2.9657e+05   1.72e-20
  3.0590e+05   1.63e-20
  3.1552e+05   1.54e-20
  3.2544e+05   1.46e-20
  3.3567e+05   1.38e-20
  3.4623e+05   1.31e-20
  3.5712e+05   1.24e-20
  3.6835e+05   1.17e-20
  3.7993e+05   1.10e-20
  3.9188e+05   1.04e-20
  4.0420e+05   9.83e-21
  4.1691e+05   9.27e-21
  4.3002e+05   8.74e-21
  4.4354e+05   8.24e-21
  4.5749e+05   7.76e-21
  4.7187e+05   7.31e-21
  4.8671e+05   6.88e-21
  5.0202e+05   6.47e-21
  5.1780e+05   6.09e-21
  5.3409e+05   5.73e-21
  5.5088e+05   5.38e-21
  5.6820e+05   5.05e-21
  5.8607e+05   4.75e-21
  6.0450e+05   4.45e-21
  6.2351e+05   4.17e-21
  6.4311e+05   3.92e-21
  6.6334e+05   3.67e-21
  6.8419e+05   3.44e-21
  7.0571e+05   3.22e-21
  7.2790e+05   3.01e-21
  7.5079e+05   2.82e-21
  7.7440e+05   2.63e-21
  7.9875e+05   2.46e-21
  8.2387e+05   2.30e-21
  8.4977e+05   2.15e-21
  8.7649e+05   2.00e-21
  9.0405e+05   1.87e-21
  9.3248e+05   1.74e-21
  9.6180e+05   1.63e-21
  9.9205e+05   1.51e-21
  1.0232e+06   1.41e-21
  1.0554e+06   1.31e-21
  1.0886e+06   1.22e-21
  1.1228e+06   1.14e-21
  1.1581e+06   1.06e-21
  1.1946e+06   9.81e-22
  1.2321e+06   9.09e-22
  1.2709e+06   8.45e-22
  1.3108e+06   7.84e-22
  1.3521e+06   7.27e-22
  1.3946e+06   6.73e-22
  1.4384e+06   6.24e-22
  1.4837e+06   5.78e-22
  1.5303e+06   5.34e-22
  1.5784e+06   4.94e-22
  1.6281e+06   4.57e-22
  1.6793e+06   4.22e-22
  1.7321e+06   3.89e-22
  1.7865e+06   3.59e-22
  1.8427e+06   3.32e-22
  1.9006e+06   3.06e-22
  1.9604e+06   2.81e-22
  2.0221e+06   2.59e-22
  2.0856e+06   2.39e-22
  2.1512e+06   2.19e-22
  2.2189e+06   2.01e-22
  2.2886e+06   1.85e-22
  2.3606e+06   1.70e-22
  2.4348e+06   1.56e-22
  2.5114e+06   1.43e-22
  2.5904e+06   1.31e-22
  2.6718e+06   1.20e-22
  2.7558e+06   1.10e-22
  2.8425e+06   1.01e-22
  2.9319e+06   9.23e-23
  3.0241e+06   8.42e-23
  3.1192e+06   7.67e-23
  3.2173e+06   7.03e-23
  3.3184e+06   6.42e-23
  3.4228e+06   5.85e-23
  3.5304e+06   5.32e-23
  3.6414e+06   4.87e-23
  3.7559e+06   4.44e-23
  3.8740e+06   4.03e-23
  3.9958e+06   3.68e-23
  4.1215e+06   3.36e-23
  4.2511e+06   3.06e-23
  4.3848e+06   2.78e-23
  4.5227e+06   2.55e-23
  4.6649e+06   2.33e-23
  4.8116e+06   2.12e-23
  4.9629e+06   1.93e-23
  5.1189e+06   1.77e-23
  5.2799e+06   1.63e-23
  5.4459e+06   1.49e-23
  5.6171e+06   1.36e-23
  5.7938e+06   1.26e-23
  5.9760e+06   1.16e-23
  6.1639e+06   1.07e-23
  6.3577e+06   9.94e-24
  6.5576e+06   9.27e-24
  6.7638e+06   8.63e-24
  6.9765e+06   8.02e-24
  7.1959e+06   7.56e-24
  7.4222e+06   7.14e-24
  7.6556e+06   6.73e-24
  7.8963e+06   6.36e-24
  8.1446e+06   6.09e-24
  8.4007e+06   5.82e-24
  8.6649e+06   5.56e-24
  8.9373e+06   5.39e-24
  9.2184e+06   5.27e-24
  9.5082e+06   5.16e-24
  9.8072e+06   5.04e-24
  1.0116e+07   5.06e-24
  1.0434e+07   5.09e-24
  1.0762e+07   5.10e-24
  1.1100e+07   5.13e-24
  1.1449e+07   5.49e-24
  1.1809e+07   5.79e-24
  1.2181e+07   6.04e-24
  1.2564e+07   6.67e-24
  1.2959e+07   7.91e-24
  1.3366e+07   8.98e-24
  1.3786e+07   9.90e-24
  1.4220e+07   1.02e-23
