#  E [MeV]   Flux [# cm^{-2} s^{-1}  MeV^{-1}]
  3.0000e+04   1.94e-26
  3.1141e+04   1.87e-26
  3.2326e+04   1.80e-26
  3.3556e+04   1.73e-26
  3.4832e+04   1.66e-26
  3.6157e+04   1.60e-26
  3.7533e+04   1.54e-26
  3.8961e+04   1.48e-26
  4.0443e+04   1.42e-26
  4.1982e+04   1.37e-26
  4.3579e+04   1.31e-26
  4.5237e+04   1.26e-26
  4.6958e+04   1.21e-26
  4.8744e+04   1.16e-26
  5.0598e+04   1.12e-26
  5.2523e+04   1.07e-26
  5.4521e+04   1.03e-26
  5.6596e+04   9.85e-27
  5.8749e+04   9.45e-27
  6.0984e+04   9.07e-27
  6.3304e+04   8.69e-27
  6.5712e+04   8.33e-27
  6.8212e+04   7.99e-27
  7.0807e+04   7.65e-27
  7.3500e+04   7.33e-27
  7.6297e+04   7.03e-27
  7.9199e+04   6.73e-27
  8.2212e+04   6.44e-27
  8.5340e+04   6.17e-27
  8.8586e+04   5.90e-27
  9.1956e+04   5.65e-27
  9.5455e+04   5.40e-27
  9.9086e+04   5.17e-27
  1.0286e+05   4.94e-27
  1.0677e+05   4.73e-27
  1.1083e+05   4.52e-27
  1.1505e+05   4.32e-27
  1.1942e+05   4.13e-27
  1.2397e+05   3.94e-27
  1.2868e+05   3.77e-27
  1.3358e+05   3.60e-27
  1.3866e+05   3.43e-27
  1.4394e+05   3.28e-27
  1.4941e+05   3.13e-27
  1.5509e+05   2.99e-27
  1.6100e+05   2.85e-27
  1.6712e+05   2.72e-27
  1.7348e+05   2.59e-27
  1.8008e+05   2.47e-27
  1.8693e+05   2.36e-27
  1.9404e+05   2.25e-27
  2.0142e+05   2.14e-27
  2.0908e+05   2.04e-27
  2.1704e+05   1.95e-27
  2.2529e+05   1.85e-27
  2.3387e+05   1.77e-27
  2.4276e+05   1.68e-27
  2.5200e+05   1.60e-27
  2.6158e+05   1.53e-27
  2.7154e+05   1.45e-27
  2.8187e+05   1.38e-27
  2.9259e+05   1.32e-27
  3.0372e+05   1.25e-27
  3.1527e+05   1.19e-27
  3.2727e+05   1.14e-27
  3.3972e+05   1.08e-27
  3.5264e+05   1.03e-27
  3.6606e+05   9.81e-28
  3.7998e+05   9.33e-28
  3.9444e+05   8.88e-28
  4.0945e+05   8.46e-28
  4.2502e+05   8.05e-28
  4.4119e+05   7.66e-28
  4.5798e+05   7.30e-28
  4.7540e+05   6.95e-28
  4.9348e+05   6.61e-28
  5.1226e+05   6.30e-28
  5.3175e+05   6.00e-28
  5.5198e+05   5.71e-28
  5.7297e+05   5.45e-28
  5.9477e+05   5.19e-28
  6.1740e+05   4.95e-28
  6.4089e+05   4.72e-28
  6.6527e+05   4.50e-28
  6.9058e+05   4.30e-28
  7.1685e+05   4.10e-28
  7.4412e+05   3.92e-28
  7.7243e+05   3.75e-28
  8.0181e+05   3.58e-28
  8.3232e+05   3.43e-28
  8.6398e+05   3.28e-28
  8.9685e+05   3.14e-28
  9.3097e+05   3.01e-28
  9.6638e+05   2.88e-28
  1.0031e+06   2.76e-28
  1.0413e+06   2.65e-28
  1.0809e+06   2.55e-28
  1.1220e+06   2.45e-28
  1.1647e+06   2.35e-28
  1.2090e+06   2.26e-28
  1.2550e+06   2.17e-28
  1.3028e+06   2.09e-28
  1.3523e+06   2.02e-28
  1.4038e+06   1.94e-28
  1.4572e+06   1.87e-28
  1.5126e+06   1.81e-28
  1.5702e+06   1.74e-28
  1.6299e+06   1.68e-28
  1.6919e+06   1.62e-28
  1.7563e+06   1.57e-28
  1.8231e+06   1.52e-28
  1.8925e+06   1.47e-28
  1.9645e+06   1.42e-28
  2.0392e+06   1.37e-28
  2.1168e+06   1.33e-28
  2.1973e+06   1.28e-28
  2.2809e+06   1.24e-28
  2.3677e+06   1.20e-28
  2.4577e+06   1.16e-28
  2.5512e+06   1.13e-28
  2.6483e+06   1.09e-28
  2.7490e+06   1.05e-28
  2.8536e+06   1.02e-28
  2.9622e+06   9.84e-29
  3.0749e+06   9.51e-29
  3.1918e+06   9.18e-29
  3.3133e+06   8.87e-29
  3.4393e+06   8.56e-29
  3.5702e+06   8.25e-29
  3.7060e+06   7.95e-29
  3.8470e+06   7.65e-29
  3.9933e+06   7.36e-29
  4.1452e+06   7.08e-29
  4.3029e+06   6.80e-29
  4.4666e+06   6.52e-29
  4.6366e+06   6.25e-29
  4.8129e+06   5.99e-29
  4.9960e+06   5.72e-29
  5.1861e+06   5.46e-29
  5.3834e+06   5.20e-29
  5.5882e+06   4.95e-29
  5.8008e+06   4.70e-29
  6.0215e+06   4.46e-29
  6.2506e+06   4.22e-29
  6.4883e+06   3.98e-29
  6.7352e+06   3.76e-29
  6.9914e+06   3.53e-29
  7.2574e+06   3.31e-29
  7.5335e+06   3.10e-29
  7.8201e+06   2.89e-29
  8.1176e+06   2.68e-29
  8.4264e+06   2.48e-29
  8.7470e+06   2.29e-29
  9.0797e+06   2.11e-29
  9.4251e+06   1.93e-29
  9.7837e+06   1.76e-29
  1.0156e+07   1.59e-29
  1.0542e+07   1.44e-29
  1.0943e+07   1.29e-29
  1.1360e+07   1.15e-29
  1.1792e+07   1.01e-29
  1.2240e+07   8.89e-30
  1.2706e+07   7.73e-30
  1.3189e+07   6.67e-30
  1.3691e+07   5.70e-30
  1.4212e+07   4.80e-30
  1.4753e+07   4.01e-30
  1.5314e+07   3.30e-30
  1.5897e+07   2.67e-30
  1.6501e+07   2.13e-30
  1.7129e+07   1.66e-30
  1.7781e+07   1.27e-30
  1.8457e+07   9.50e-31
  1.9159e+07   6.91e-31
  1.9888e+07   4.87e-31
  2.0645e+07   3.30e-31
  2.1430e+07   2.16e-31
  2.2245e+07   1.34e-31
  2.3092e+07   7.92e-32
  2.3970e+07   4.39e-32
  2.4882e+07   2.27e-32
  2.5829e+07   1.08e-32
  2.6811e+07   4.62e-33
  2.7831e+07   1.77e-33
  2.8890e+07   5.93e-34
  2.9989e+07   1.68e-34
  3.1130e+07   3.90e-35
  3.2314e+07   7.17e-36
  3.3544e+07   9.84e-37
  3.4820e+07   9.49e-38
  3.6144e+07   6.01e-39
  3.7519e+07   2.21e-40
  3.8947e+07   4.20e-42
  4.0428e+07   3.53e-44
  4.1966e+07   1.03e-46
  4.3563e+07   7.87e-50
  4.5220e+07   1.11e-53
  4.6941e+07   1.69e-58
  4.8726e+07   1.40e-64
  5.0580e+07   6.42e-71
