#  E [GeV]   # per interaction  [GeV^{-1}]
  3.0000e+01   7.66e-03
  3.0696e+01   7.41e-03
  3.1408e+01   7.18e-03
  3.2137e+01   6.95e-03
  3.2883e+01   6.73e-03
  3.3646e+01   6.51e-03
  3.4426e+01   6.30e-03
  3.5225e+01   6.10e-03
  3.6042e+01   5.90e-03
  3.6878e+01   5.71e-03
  3.7734e+01   5.53e-03
  3.8609e+01   5.35e-03
  3.9505e+01   5.17e-03
  4.0422e+01   5.01e-03
  4.1360e+01   4.84e-03
  4.2319e+01   4.69e-03
  4.3301e+01   4.53e-03
  4.4306e+01   4.38e-03
  4.5334e+01   4.24e-03
  4.6386e+01   4.10e-03
  4.7462e+01   3.97e-03
  4.8563e+01   3.84e-03
  4.9690e+01   3.71e-03
  5.0843e+01   3.59e-03
  5.2022e+01   3.47e-03
  5.3229e+01   3.36e-03
  5.4464e+01   3.25e-03
  5.5728e+01   3.14e-03
  5.7021e+01   3.04e-03
  5.8344e+01   2.94e-03
  5.9697e+01   2.84e-03
  6.1083e+01   2.75e-03
  6.2500e+01   2.66e-03
  6.3950e+01   2.57e-03
  6.5434e+01   2.49e-03
  6.6952e+01   2.41e-03
  6.8505e+01   2.33e-03
  7.0095e+01   2.25e-03
  7.1721e+01   2.18e-03
  7.3385e+01   2.11e-03
  7.5088e+01   2.04e-03
  7.6830e+01   1.97e-03
  7.8612e+01   1.91e-03
  8.0436e+01   1.84e-03
  8.2302e+01   1.78e-03
  8.4212e+01   1.73e-03
  8.6166e+01   1.67e-03
  8.8165e+01   1.62e-03
  9.0210e+01   1.56e-03
  9.2304e+01   1.51e-03
  9.4445e+01   1.46e-03
  9.6636e+01   1.42e-03
  9.8878e+01   1.37e-03
  1.0117e+02   1.33e-03
  1.0352e+02   1.28e-03
  1.0592e+02   1.24e-03
  1.0838e+02   1.20e-03
  1.1089e+02   1.16e-03
  1.1347e+02   1.12e-03
  1.1610e+02   1.09e-03
  1.1879e+02   1.05e-03
  1.2155e+02   1.02e-03
  1.2437e+02   9.85e-04
  1.2725e+02   9.54e-04
  1.3021e+02   9.23e-04
  1.3323e+02   8.93e-04
  1.3632e+02   8.64e-04
  1.3948e+02   8.37e-04
  1.4272e+02   8.10e-04
  1.4603e+02   7.84e-04
  1.4942e+02   7.59e-04
  1.5288e+02   7.34e-04
  1.5643e+02   7.11e-04
  1.6006e+02   6.89e-04
  1.6377e+02   6.67e-04
  1.6757e+02   6.45e-04
  1.7146e+02   6.25e-04
  1.7544e+02   6.05e-04
  1.7951e+02   5.86e-04
  1.8368e+02   5.67e-04
  1.8794e+02   5.49e-04
  1.9230e+02   5.32e-04
  1.9676e+02   5.15e-04
  2.0132e+02   4.98e-04
  2.0600e+02   4.83e-04
  2.1078e+02   4.67e-04
  2.1567e+02   4.52e-04
  2.2067e+02   4.38e-04
  2.2579e+02   4.24e-04
  2.3103e+02   4.11e-04
  2.3639e+02   3.97e-04
  2.4187e+02   3.85e-04
  2.4748e+02   3.72e-04
  2.5323e+02   3.61e-04
  2.5910e+02   3.49e-04
  2.6511e+02   3.38e-04
  2.7126e+02   3.27e-04
  2.7756e+02   3.16e-04
  2.8400e+02   3.06e-04
  2.9059e+02   2.96e-04
  2.9733e+02   2.87e-04
  3.0423e+02   2.77e-04
  3.1129e+02   2.68e-04
  3.1851e+02   2.60e-04
  3.2590e+02   2.51e-04
  3.3346e+02   2.43e-04
  3.4120e+02   2.35e-04
  3.4911e+02   2.27e-04
  3.5721e+02   2.20e-04
  3.6550e+02   2.12e-04
  3.7398e+02   2.05e-04
  3.8266e+02   1.99e-04
  3.9154e+02   1.92e-04
  4.0062e+02   1.85e-04
  4.0991e+02   1.79e-04
  4.1943e+02   1.73e-04
  4.2916e+02   1.67e-04
  4.3911e+02   1.61e-04
  4.4930e+02   1.56e-04
  4.5973e+02   1.51e-04
  4.7039e+02   1.45e-04
  4.8131e+02   1.40e-04
  4.9247e+02   1.35e-04
  5.0390e+02   1.31e-04
  5.1559e+02   1.26e-04
  5.2755e+02   1.22e-04
  5.3979e+02   1.17e-04
  5.5232e+02   1.13e-04
  5.6513e+02   1.09e-04
  5.7824e+02   1.05e-04
  5.9166e+02   1.02e-04
  6.0539e+02   9.80e-05
  6.1943e+02   9.44e-05
  6.3381e+02   9.10e-05
  6.4851e+02   8.76e-05
  6.6356e+02   8.44e-05
  6.7895e+02   8.13e-05
  6.9471e+02   7.83e-05
  7.1082e+02   7.54e-05
  7.2732e+02   7.27e-05
  7.4419e+02   7.00e-05
  7.6146e+02   6.74e-05
  7.7912e+02   6.49e-05
  7.9720e+02   6.25e-05
  8.1570e+02   6.01e-05
  8.3462e+02   5.79e-05
  8.5399e+02   5.57e-05
  8.7380e+02   5.36e-05
  8.9407e+02   5.16e-05
  9.1482e+02   4.97e-05
  9.3604e+02   4.78e-05
  9.5776e+02   4.60e-05
  9.7998e+02   4.43e-05
  1.0027e+03   4.26e-05
  1.0260e+03   4.10e-05
  1.0498e+03   3.95e-05
  1.0741e+03   3.80e-05
  1.0991e+03   3.65e-05
  1.1246e+03   3.51e-05
  1.1507e+03   3.38e-05
  1.1774e+03   3.25e-05
  1.2047e+03   3.13e-05
  1.2326e+03   3.01e-05
  1.2612e+03   2.89e-05
  1.2905e+03   2.78e-05
  1.3204e+03   2.67e-05
  1.3511e+03   2.57e-05
  1.3824e+03   2.47e-05
  1.4145e+03   2.38e-05
  1.4473e+03   2.29e-05
  1.4809e+03   2.20e-05
  1.5152e+03   2.12e-05
  1.5504e+03   2.04e-05
  1.5864e+03   1.96e-05
  1.6232e+03   1.89e-05
  1.6608e+03   1.82e-05
  1.6994e+03   1.75e-05
  1.7388e+03   1.68e-05
  1.7791e+03   1.62e-05
  1.8204e+03   1.55e-05
  1.8626e+03   1.49e-05
  1.9059e+03   1.44e-05
  1.9501e+03   1.38e-05
  1.9953e+03   1.33e-05
  2.0416e+03   1.28e-05
  2.0890e+03   1.23e-05
  2.1375e+03   1.18e-05
  2.1870e+03   1.13e-05
  2.2378e+03   1.09e-05
  2.2897e+03   1.05e-05
  2.3428e+03   1.00e-05
  2.3972e+03   9.64e-06
  2.4528e+03   9.25e-06
  2.5097e+03   8.87e-06
  2.5680e+03   8.51e-06
  2.6275e+03   8.16e-06
  2.6885e+03   7.83e-06
  2.7509e+03   7.51e-06
  2.8147e+03   7.24e-06
  2.8800e+03   6.98e-06
