#  E [MeV]   Flux [# cm^{-2} s^{-1}  MeV^{-1}]
  3.0000e+04   7.03e-25
  3.0696e+04   6.80e-25
  3.1408e+04   6.59e-25
  3.2137e+04   6.38e-25
  3.2883e+04   6.17e-25
  3.3646e+04   5.97e-25
  3.4426e+04   5.78e-25
  3.5225e+04   5.60e-25
  3.6042e+04   5.42e-25
  3.6878e+04   5.24e-25
  3.7734e+04   5.07e-25
  3.8609e+04   4.91e-25
  3.9505e+04   4.75e-25
  4.0422e+04   4.59e-25
  4.1360e+04   4.45e-25
  4.2319e+04   4.30e-25
  4.3301e+04   4.16e-25
  4.4306e+04   4.02e-25
  4.5334e+04   3.89e-25
  4.6386e+04   3.77e-25
  4.7462e+04   3.64e-25
  4.8563e+04   3.52e-25
  4.9690e+04   3.41e-25
  5.0843e+04   3.30e-25
  5.2022e+04   3.19e-25
  5.3229e+04   3.08e-25
  5.4464e+04   2.98e-25
  5.5728e+04   2.88e-25
  5.7021e+04   2.79e-25
  5.8344e+04   2.70e-25
  5.9697e+04   2.61e-25
  6.1083e+04   2.52e-25
  6.2500e+04   2.44e-25
  6.3950e+04   2.36e-25
  6.5434e+04   2.28e-25
  6.6952e+04   2.21e-25
  6.8505e+04   2.14e-25
  7.0095e+04   2.07e-25
  7.1721e+04   2.00e-25
  7.3385e+04   1.93e-25
  7.5088e+04   1.87e-25
  7.6830e+04   1.81e-25
  7.8612e+04   1.75e-25
  8.0436e+04   1.69e-25
  8.2302e+04   1.64e-25
  8.4212e+04   1.58e-25
  8.6166e+04   1.53e-25
  8.8165e+04   1.48e-25
  9.0210e+04   1.43e-25
  9.2304e+04   1.39e-25
  9.4445e+04   1.34e-25
  9.6636e+04   1.30e-25
  9.8878e+04   1.26e-25
  1.0117e+05   1.22e-25
  1.0352e+05   1.18e-25
  1.0592e+05   1.14e-25
  1.0838e+05   1.10e-25
  1.1089e+05   1.07e-25
  1.1347e+05   1.03e-25
  1.1610e+05   9.98e-26
  1.1879e+05   9.66e-26
  1.2155e+05   9.34e-26
  1.2437e+05   9.04e-26
  1.2725e+05   8.75e-26
  1.3021e+05   8.47e-26
  1.3323e+05   8.20e-26
  1.3632e+05   7.93e-26
  1.3948e+05   7.68e-26
  1.4272e+05   7.43e-26
  1.4603e+05   7.20e-26
  1.4942e+05   6.96e-26
  1.5288e+05   6.74e-26
  1.5643e+05   6.53e-26
  1.6006e+05   6.32e-26
  1.6377e+05   6.12e-26
  1.6757e+05   5.92e-26
  1.7146e+05   5.73e-26
  1.7544e+05   5.55e-26
  1.7951e+05   5.38e-26
  1.8368e+05   5.20e-26
  1.8794e+05   5.04e-26
  1.9230e+05   4.88e-26
  1.9676e+05   4.72e-26
  2.0132e+05   4.57e-26
  2.0600e+05   4.43e-26
  2.1078e+05   4.29e-26
  2.1567e+05   4.15e-26
  2.2067e+05   4.02e-26
  2.2579e+05   3.89e-26
  2.3103e+05   3.77e-26
  2.3639e+05   3.65e-26
  2.4187e+05   3.53e-26
  2.4748e+05   3.42e-26
  2.5323e+05   3.31e-26
  2.5910e+05   3.20e-26
  2.6511e+05   3.10e-26
  2.7126e+05   3.00e-26
  2.7756e+05   2.90e-26
  2.8400e+05   2.81e-26
  2.9059e+05   2.72e-26
  2.9733e+05   2.63e-26
  3.0423e+05   2.55e-26
  3.1129e+05   2.46e-26
  3.1851e+05   2.38e-26
  3.2590e+05   2.31e-26
  3.3346e+05   2.23e-26
  3.4120e+05   2.16e-26
  3.4911e+05   2.09e-26
  3.5721e+05   2.02e-26
  3.6550e+05   1.95e-26
  3.7398e+05   1.88e-26
  3.8266e+05   1.82e-26
  3.9154e+05   1.76e-26
  4.0062e+05   1.70e-26
  4.0991e+05   1.64e-26
  4.1943e+05   1.59e-26
  4.2916e+05   1.53e-26
  4.3911e+05   1.48e-26
  4.4930e+05   1.43e-26
  4.5973e+05   1.38e-26
  4.7039e+05   1.33e-26
  4.8131e+05   1.29e-26
  4.9247e+05   1.24e-26
  5.0390e+05   1.20e-26
  5.1559e+05   1.16e-26
  5.2755e+05   1.12e-26
  5.3979e+05   1.08e-26
  5.5232e+05   1.04e-26
  5.6513e+05   1.00e-26
  5.7824e+05   9.67e-27
  5.9166e+05   9.33e-27
  6.0539e+05   8.99e-27
  6.1943e+05   8.66e-27
  6.3381e+05   8.35e-27
  6.4851e+05   8.04e-27
  6.6356e+05   7.75e-27
  6.7895e+05   7.46e-27
  6.9471e+05   7.19e-27
  7.1082e+05   6.92e-27
  7.2732e+05   6.67e-27
  7.4419e+05   6.42e-27
  7.6146e+05   6.18e-27
  7.7912e+05   5.95e-27
  7.9720e+05   5.73e-27
  8.1570e+05   5.52e-27
  8.3462e+05   5.31e-27
  8.5399e+05   5.11e-27
  8.7380e+05   4.92e-27
  8.9407e+05   4.74e-27
  9.1482e+05   4.56e-27
  9.3604e+05   4.39e-27
  9.5776e+05   4.22e-27
  9.7998e+05   4.06e-27
  1.0027e+06   3.91e-27
  1.0260e+06   3.76e-27
  1.0498e+06   3.62e-27
  1.0741e+06   3.48e-27
  1.0991e+06   3.35e-27
  1.1246e+06   3.22e-27
  1.1507e+06   3.10e-27
  1.1774e+06   2.98e-27
  1.2047e+06   2.87e-27
  1.2326e+06   2.76e-27
  1.2612e+06   2.65e-27
  1.2905e+06   2.55e-27
  1.3204e+06   2.45e-27
  1.3511e+06   2.36e-27
  1.3824e+06   2.27e-27
  1.4145e+06   2.18e-27
  1.4473e+06   2.10e-27
  1.4809e+06   2.02e-27
  1.5152e+06   1.94e-27
  1.5504e+06   1.87e-27
  1.5864e+06   1.80e-27
  1.6232e+06   1.73e-27
  1.6608e+06   1.67e-27
  1.6994e+06   1.60e-27
  1.7388e+06   1.54e-27
  1.7791e+06   1.48e-27
  1.8204e+06   1.43e-27
  1.8626e+06   1.37e-27
  1.9059e+06   1.32e-27
  1.9501e+06   1.27e-27
  1.9953e+06   1.22e-27
  2.0416e+06   1.17e-27
  2.0890e+06   1.13e-27
  2.1375e+06   1.08e-27
  2.1870e+06   1.04e-27
  2.2378e+06   9.99e-28
  2.2897e+06   9.59e-28
  2.3428e+06   9.21e-28
  2.3972e+06   8.84e-28
  2.4528e+06   8.49e-28
  2.5097e+06   8.14e-28
  2.5680e+06   7.81e-28
  2.6275e+06   7.49e-28
  2.6885e+06   7.18e-28
  2.7509e+06   6.89e-28
  2.8147e+06   6.65e-28
  2.8800e+06   6.41e-28
