#  E [GeV]   # per interaction  [GeV^{-1}]
  3.0000e+01   5.53e-01
  3.0854e+01   5.33e-01
  3.1733e+01   5.13e-01
  3.2636e+01   4.95e-01
  3.3566e+01   4.76e-01
  3.4521e+01   4.59e-01
  3.5504e+01   4.42e-01
  3.6515e+01   4.26e-01
  3.7555e+01   4.10e-01
  3.8625e+01   3.95e-01
  3.9724e+01   3.80e-01
  4.0855e+01   3.66e-01
  4.2019e+01   3.52e-01
  4.3215e+01   3.39e-01
  4.4446e+01   3.26e-01
  4.5711e+01   3.14e-01
  4.7013e+01   3.02e-01
  4.8352e+01   2.90e-01
  4.9728e+01   2.79e-01
  5.1144e+01   2.69e-01
  5.2601e+01   2.58e-01
  5.4099e+01   2.48e-01
  5.5639e+01   2.39e-01
  5.7223e+01   2.29e-01
  5.8853e+01   2.20e-01
  6.0528e+01   2.12e-01
  6.2252e+01   2.03e-01
  6.4025e+01   1.95e-01
  6.5848e+01   1.87e-01
  6.7723e+01   1.80e-01
  6.9651e+01   1.73e-01
  7.1634e+01   1.66e-01
  7.3674e+01   1.59e-01
  7.5772e+01   1.52e-01
  7.7929e+01   1.46e-01
  8.0148e+01   1.40e-01
  8.2431e+01   1.34e-01
  8.4778e+01   1.28e-01
  8.7192e+01   1.23e-01
  8.9674e+01   1.17e-01
  9.2228e+01   1.12e-01
  9.4854e+01   1.07e-01
  9.7555e+01   1.03e-01
  1.0033e+02   9.79e-02
  1.0319e+02   9.35e-02
  1.0613e+02   8.92e-02
  1.0915e+02   8.51e-02
  1.1226e+02   8.12e-02
  1.1545e+02   7.74e-02
  1.1874e+02   7.37e-02
  1.2212e+02   7.03e-02
  1.2560e+02   6.70e-02
  1.2918e+02   6.38e-02
  1.3286e+02   6.08e-02
  1.3664e+02   5.79e-02
  1.4053e+02   5.51e-02
  1.4453e+02   5.25e-02
  1.4865e+02   4.99e-02
  1.5288e+02   4.75e-02
  1.5723e+02   4.52e-02
  1.6171e+02   4.30e-02
  1.6631e+02   4.08e-02
  1.7105e+02   3.88e-02
  1.7592e+02   3.69e-02
  1.8093e+02   3.50e-02
  1.8608e+02   3.32e-02
  1.9138e+02   3.15e-02
  1.9683e+02   2.98e-02
  2.0243e+02   2.83e-02
  2.0820e+02   2.67e-02
  2.1413e+02   2.53e-02
  2.2022e+02   2.39e-02
  2.2649e+02   2.26e-02
  2.3294e+02   2.14e-02
  2.3958e+02   2.02e-02
  2.4640e+02   1.90e-02
  2.5341e+02   1.79e-02
  2.6063e+02   1.69e-02
  2.6805e+02   1.59e-02
  2.7568e+02   1.50e-02
  2.8353e+02   1.41e-02
  2.9161e+02   1.32e-02
  2.9991e+02   1.24e-02
  3.0845e+02   1.16e-02
  3.1723e+02   1.09e-02
  3.2627e+02   1.02e-02
  3.3556e+02   9.56e-03
  3.4511e+02   8.95e-03
  3.5494e+02   8.37e-03
  3.6504e+02   7.81e-03
  3.7544e+02   7.28e-03
  3.8613e+02   6.79e-03
  3.9712e+02   6.33e-03
  4.0843e+02   5.88e-03
  4.2006e+02   5.46e-03
  4.3202e+02   5.07e-03
  4.4432e+02   4.71e-03
  4.5698e+02   4.36e-03
  4.6999e+02   4.04e-03
  4.8337e+02   3.74e-03
  4.9713e+02   3.46e-03
  5.1129e+02   3.19e-03
  5.2585e+02   2.94e-03
  5.4082e+02   2.71e-03
  5.5622e+02   2.50e-03
  5.7206e+02   2.30e-03
  5.8835e+02   2.11e-03
  6.0510e+02   1.94e-03
  6.2233e+02   1.78e-03
  6.4005e+02   1.63e-03
  6.5828e+02   1.49e-03
  6.7702e+02   1.36e-03
  6.9630e+02   1.25e-03
  7.1613e+02   1.14e-03
  7.3652e+02   1.04e-03
  7.5749e+02   9.44e-04
  7.7906e+02   8.61e-04
  8.0124e+02   7.83e-04
  8.2406e+02   7.10e-04
  8.4752e+02   6.43e-04
  8.7165e+02   5.84e-04
  8.9647e+02   5.30e-04
  9.2200e+02   4.79e-04
  9.4825e+02   4.32e-04
  9.7526e+02   3.91e-04
  1.0030e+03   3.54e-04
  1.0316e+03   3.19e-04
  1.0610e+03   2.86e-04
  1.0912e+03   2.59e-04
  1.1222e+03   2.33e-04
  1.1542e+03   2.10e-04
  1.1871e+03   1.87e-04
  1.2209e+03   1.69e-04
  1.2556e+03   1.52e-04
  1.2914e+03   1.36e-04
  1.3281e+03   1.21e-04
  1.3660e+03   1.09e-04
  1.4049e+03   9.79e-05
  1.4449e+03   8.74e-05
  1.4860e+03   7.76e-05
  1.5283e+03   6.94e-05
  1.5718e+03   6.21e-05
  1.6166e+03   5.52e-05
  1.6626e+03   4.88e-05
  1.7100e+03   4.34e-05
  1.7587e+03   3.88e-05
  1.8087e+03   3.44e-05
  1.8602e+03   3.03e-05
  1.9132e+03   2.68e-05
  1.9677e+03   2.39e-05
  2.0237e+03   2.11e-05
  2.0813e+03   1.86e-05
  2.1406e+03   1.63e-05
  2.2016e+03   1.45e-05
  2.2642e+03   1.28e-05
  2.3287e+03   1.12e-05
  2.3950e+03   9.80e-06
  2.4632e+03   8.70e-06
  2.5334e+03   7.66e-06
  2.6055e+03   6.69e-06
  2.6797e+03   5.80e-06
  2.7560e+03   5.14e-06
  2.8345e+03   4.52e-06
  2.9152e+03   3.93e-06
  2.9982e+03   3.39e-06
  3.0836e+03   3.00e-06
  3.1714e+03   2.64e-06
  3.2617e+03   2.29e-06
  3.3545e+03   1.97e-06
  3.4501e+03   1.74e-06
  3.5483e+03   1.53e-06
  3.6493e+03   1.33e-06
  3.7532e+03   1.15e-06
  3.8601e+03   1.01e-06
  3.9700e+03   8.95e-07
  4.0831e+03   7.83e-07
  4.1993e+03   6.79e-07
  4.3189e+03   6.00e-07
  4.4419e+03   5.33e-07
  4.5684e+03   4.69e-07
  4.6985e+03   4.10e-07
  4.8322e+03   3.64e-07
  4.9698e+03   3.25e-07
  5.1114e+03   2.90e-07
  5.2569e+03   2.56e-07
  5.4066e+03   2.29e-07
  5.5605e+03   2.06e-07
  5.7189e+03   1.85e-07
  5.8817e+03   1.65e-07
  6.0492e+03   1.48e-07
  6.2214e+03   1.33e-07
  6.3986e+03   1.19e-07
  6.5808e+03   1.06e-07
  6.7682e+03   9.45e-08
  6.9609e+03   8.40e-08
  7.1591e+03   7.42e-08
  7.3630e+03   6.51e-08
  7.5726e+03   5.72e-08
  7.7882e+03   5.09e-08
  8.0100e+03   4.51e-08
