#  E [GeV]   # per interaction  [GeV^{-1}]
  3.0000e+01   2.64e-02
  3.1123e+01   2.54e-02
  3.2288e+01   2.44e-02
  3.3497e+01   2.35e-02
  3.4751e+01   2.26e-02
  3.6051e+01   2.17e-02
  3.7401e+01   2.08e-02
  3.8801e+01   2.00e-02
  4.0253e+01   1.92e-02
  4.1760e+01   1.85e-02
  4.3324e+01   1.77e-02
  4.4945e+01   1.70e-02
  4.6628e+01   1.63e-02
  4.8373e+01   1.57e-02
  5.0184e+01   1.50e-02
  5.2063e+01   1.44e-02
  5.4011e+01   1.38e-02
  5.6033e+01   1.32e-02
  5.8131e+01   1.27e-02
  6.0307e+01   1.22e-02
  6.2564e+01   1.17e-02
  6.4906e+01   1.12e-02
  6.7336e+01   1.07e-02
  6.9857e+01   1.02e-02
  7.2472e+01   9.78e-03
  7.5184e+01   9.36e-03
  7.7999e+01   8.95e-03
  8.0919e+01   8.56e-03
  8.3948e+01   8.18e-03
  8.7090e+01   7.82e-03
  9.0350e+01   7.47e-03
  9.3732e+01   7.13e-03
  9.7241e+01   6.81e-03
  1.0088e+02   6.50e-03
  1.0466e+02   6.20e-03
  1.0858e+02   5.92e-03
  1.1264e+02   5.64e-03
  1.1686e+02   5.38e-03
  1.2123e+02   5.13e-03
  1.2577e+02   4.88e-03
  1.3048e+02   4.65e-03
  1.3536e+02   4.43e-03
  1.4043e+02   4.21e-03
  1.4568e+02   4.01e-03
  1.5114e+02   3.81e-03
  1.5680e+02   3.63e-03
  1.6266e+02   3.45e-03
  1.6875e+02   3.28e-03
  1.7507e+02   3.11e-03
  1.8162e+02   2.95e-03
  1.8842e+02   2.80e-03
  1.9548e+02   2.66e-03
  2.0279e+02   2.52e-03
  2.1039e+02   2.39e-03
  2.1826e+02   2.26e-03
  2.2643e+02   2.14e-03
  2.3491e+02   2.03e-03
  2.4370e+02   1.92e-03
  2.5282e+02   1.82e-03
  2.6229e+02   1.72e-03
  2.7211e+02   1.62e-03
  2.8229e+02   1.53e-03
  2.9286e+02   1.45e-03
  3.0382e+02   1.37e-03
  3.1519e+02   1.29e-03
  3.2699e+02   1.21e-03
  3.3923e+02   1.14e-03
  3.5193e+02   1.08e-03
  3.6511e+02   1.01e-03
  3.7877e+02   9.54e-04
  3.9295e+02   8.97e-04
  4.0766e+02   8.43e-04
  4.2292e+02   7.92e-04
  4.3875e+02   7.43e-04
  4.5518e+02   6.97e-04
  4.7222e+02   6.54e-04
  4.8989e+02   6.13e-04
  5.0823e+02   5.75e-04
  5.2726e+02   5.38e-04
  5.4699e+02   5.04e-04
  5.6747e+02   4.72e-04
  5.8871e+02   4.42e-04
  6.1075e+02   4.13e-04
  6.3361e+02   3.86e-04
  6.5733e+02   3.61e-04
  6.8194e+02   3.37e-04
  7.0746e+02   3.15e-04
  7.3395e+02   2.95e-04
  7.6142e+02   2.75e-04
  7.8992e+02   2.57e-04
  8.1949e+02   2.40e-04
  8.5017e+02   2.24e-04
  8.8199e+02   2.10e-04
  9.1501e+02   1.96e-04
  9.4926e+02   1.83e-04
  9.8479e+02   1.71e-04
  1.0217e+03   1.60e-04
  1.0599e+03   1.49e-04
  1.0996e+03   1.40e-04
  1.1407e+03   1.31e-04
  1.1834e+03   1.22e-04
  1.2277e+03   1.14e-04
  1.2737e+03   1.07e-04
  1.3214e+03   1.00e-04
  1.3708e+03   9.39e-05
  1.4222e+03   8.80e-05
  1.4754e+03   8.25e-05
  1.5306e+03   7.73e-05
  1.5879e+03   7.26e-05
  1.6474e+03   6.81e-05
  1.7090e+03   6.39e-05
  1.7730e+03   6.00e-05
  1.8394e+03   5.64e-05
  1.9082e+03   5.30e-05
  1.9797e+03   4.98e-05
  2.0538e+03   4.68e-05
  2.1306e+03   4.40e-05
  2.2104e+03   4.15e-05
  2.2931e+03   3.90e-05
  2.3790e+03   3.67e-05
  2.4680e+03   3.46e-05
  2.5604e+03   3.26e-05
  2.6563e+03   3.07e-05
  2.7557e+03   2.90e-05
  2.8589e+03   2.73e-05
  2.9659e+03   2.57e-05
  3.0769e+03   2.43e-05
  3.1921e+03   2.29e-05
  3.3116e+03   2.16e-05
  3.4355e+03   2.04e-05
  3.5641e+03   1.92e-05
  3.6976e+03   1.81e-05
  3.8360e+03   1.71e-05
  3.9796e+03   1.61e-05
  4.1285e+03   1.52e-05
  4.2831e+03   1.43e-05
  4.4434e+03   1.35e-05
  4.6097e+03   1.27e-05
  4.7823e+03   1.19e-05
  4.9613e+03   1.12e-05
  5.1470e+03   1.05e-05
  5.3397e+03   9.90e-06
  5.5396e+03   9.29e-06
  5.7470e+03   8.72e-06
  5.9621e+03   8.16e-06
  6.1853e+03   7.64e-06
  6.4168e+03   7.14e-06
  6.6570e+03   6.67e-06
  6.9062e+03   6.21e-06
  7.1647e+03   5.78e-06
  7.4329e+03   5.37e-06
  7.7112e+03   4.98e-06
  7.9998e+03   4.60e-06
  8.2993e+03   4.24e-06
  8.6100e+03   3.90e-06
  8.9323e+03   3.58e-06
  9.2666e+03   3.27e-06
  9.6135e+03   2.98e-06
  9.9734e+03   2.70e-06
  1.0347e+04   2.44e-06
  1.0734e+04   2.19e-06
  1.1136e+04   1.96e-06
  1.1553e+04   1.74e-06
  1.1985e+04   1.54e-06
  1.2434e+04   1.35e-06
  1.2899e+04   1.17e-06
  1.3382e+04   1.01e-06
  1.3883e+04   8.64e-07
  1.4403e+04   7.30e-07
  1.4942e+04   6.09e-07
  1.5501e+04   5.01e-07
  1.6081e+04   4.06e-07
  1.6683e+04   3.24e-07
  1.7308e+04   2.53e-07
  1.7956e+04   1.93e-07
  1.8628e+04   1.44e-07
  1.9325e+04   1.04e-07
  2.0049e+04   7.31e-08
  2.0799e+04   4.94e-08
  2.1578e+04   3.20e-08
  2.2386e+04   1.97e-08
  2.3224e+04   1.15e-08
  2.4093e+04   6.25e-09
  2.4995e+04   3.15e-09
  2.5930e+04   1.45e-09
  2.6901e+04   6.00e-10
  2.7908e+04   2.18e-10
  2.8953e+04   6.84e-11
  3.0037e+04   1.79e-11
  3.1161e+04   3.78e-12
  3.2327e+04   6.16e-13
  3.3537e+04   7.31e-14
  3.4793e+04   5.91e-15
  3.6095e+04   2.98e-16
  3.7446e+04   8.37e-18
  3.8848e+04   1.14e-19
  4.0302e+04   6.26e-22
  4.1811e+04   1.09e-24
  4.3376e+04   4.48e-28
  4.5000e+04   2.87e-32
