#  E [MeV]   Flux [# cm^{-2} s^{-1}  MeV^{-1}]
  3.0000e+04   9.08e-22
  3.1123e+04   8.74e-22
  3.2288e+04   8.41e-22
  3.3497e+04   8.08e-22
  3.4751e+04   7.77e-22
  3.6051e+04   7.47e-22
  3.7401e+04   7.18e-22
  3.8801e+04   6.90e-22
  4.0253e+04   6.62e-22
  4.1760e+04   6.36e-22
  4.3324e+04   6.11e-22
  4.4945e+04   5.86e-22
  4.6628e+04   5.63e-22
  4.8373e+04   5.40e-22
  5.0184e+04   5.18e-22
  5.2063e+04   4.97e-22
  5.4011e+04   4.76e-22
  5.6033e+04   4.57e-22
  5.8131e+04   4.38e-22
  6.0307e+04   4.19e-22
  6.2564e+04   4.02e-22
  6.4906e+04   3.85e-22
  6.7336e+04   3.68e-22
  6.9857e+04   3.52e-22
  7.2472e+04   3.37e-22
  7.5184e+04   3.23e-22
  7.7999e+04   3.09e-22
  8.0919e+04   2.95e-22
  8.3948e+04   2.82e-22
  8.7090e+04   2.69e-22
  9.0350e+04   2.57e-22
  9.3732e+04   2.46e-22
  9.7241e+04   2.35e-22
  1.0088e+05   2.24e-22
  1.0466e+05   2.14e-22
  1.0858e+05   2.04e-22
  1.1264e+05   1.94e-22
  1.1686e+05   1.85e-22
  1.2123e+05   1.77e-22
  1.2577e+05   1.68e-22
  1.3048e+05   1.60e-22
  1.3536e+05   1.53e-22
  1.4043e+05   1.45e-22
  1.4568e+05   1.38e-22
  1.5114e+05   1.31e-22
  1.5680e+05   1.25e-22
  1.6266e+05   1.19e-22
  1.6875e+05   1.13e-22
  1.7507e+05   1.07e-22
  1.8162e+05   1.02e-22
  1.8842e+05   9.66e-23
  1.9548e+05   9.17e-23
  2.0279e+05   8.69e-23
  2.1039e+05   8.24e-23
  2.1826e+05   7.81e-23
  2.2643e+05   7.39e-23
  2.3491e+05   7.00e-23
  2.4370e+05   6.62e-23
  2.5282e+05   6.26e-23
  2.6229e+05   5.92e-23
  2.7211e+05   5.59e-23
  2.8229e+05   5.28e-23
  2.9286e+05   4.99e-23
  3.0382e+05   4.71e-23
  3.1519e+05   4.44e-23
  3.2699e+05   4.18e-23
  3.3923e+05   3.94e-23
  3.5193e+05   3.71e-23
  3.6511e+05   3.49e-23
  3.7877e+05   3.29e-23
  3.9295e+05   3.09e-23
  4.0766e+05   2.90e-23
  4.2292e+05   2.73e-23
  4.3875e+05   2.56e-23
  4.5518e+05   2.40e-23
  4.7222e+05   2.25e-23
  4.8989e+05   2.11e-23
  5.0823e+05   1.98e-23
  5.2726e+05   1.86e-23
  5.4699e+05   1.74e-23
  5.6747e+05   1.63e-23
  5.8871e+05   1.52e-23
  6.1075e+05   1.42e-23
  6.3361e+05   1.33e-23
  6.5733e+05   1.24e-23
  6.8194e+05   1.16e-23
  7.0746e+05   1.09e-23
  7.3395e+05   1.02e-23
  7.6142e+05   9.48e-24
  7.8992e+05   8.86e-24
  8.1949e+05   8.28e-24
  8.5017e+05   7.73e-24
  8.8199e+05   7.23e-24
  9.1501e+05   6.75e-24
  9.4926e+05   6.31e-24
  9.8479e+05   5.89e-24
  1.0217e+06   5.51e-24
  1.0599e+06   5.15e-24
  1.0996e+06   4.81e-24
  1.1407e+06   4.50e-24
  1.1834e+06   4.21e-24
  1.2277e+06   3.94e-24
  1.2737e+06   3.69e-24
  1.3214e+06   3.46e-24
  1.3708e+06   3.24e-24
  1.4222e+06   3.03e-24
  1.4754e+06   2.84e-24
  1.5306e+06   2.67e-24
  1.5879e+06   2.50e-24
  1.6474e+06   2.35e-24
  1.7090e+06   2.20e-24
  1.7730e+06   2.07e-24
  1.8394e+06   1.94e-24
  1.9082e+06   1.83e-24
  1.9797e+06   1.72e-24
  2.0538e+06   1.61e-24
  2.1306e+06   1.52e-24
  2.2104e+06   1.43e-24
  2.2931e+06   1.35e-24
  2.3790e+06   1.27e-24
  2.4680e+06   1.19e-24
  2.5604e+06   1.12e-24
  2.6563e+06   1.06e-24
  2.7557e+06   9.98e-25
  2.8589e+06   9.41e-25
  2.9659e+06   8.87e-25
  3.0769e+06   8.37e-25
  3.1921e+06   7.89e-25
  3.3116e+06   7.44e-25
  3.4355e+06   7.02e-25
  3.5641e+06   6.62e-25
  3.6976e+06   6.24e-25
  3.8360e+06   5.88e-25
  3.9796e+06   5.55e-25
  4.1285e+06   5.23e-25
  4.2831e+06   4.92e-25
  4.4434e+06   4.64e-25
  4.6097e+06   4.37e-25
  4.7823e+06   4.11e-25
  4.9613e+06   3.86e-25
  5.1470e+06   3.63e-25
  5.3397e+06   3.41e-25
  5.5396e+06   3.20e-25
  5.7470e+06   3.00e-25
  5.9621e+06   2.81e-25
  6.1853e+06   2.63e-25
  6.4168e+06   2.46e-25
  6.6570e+06   2.30e-25
  6.9062e+06   2.14e-25
  7.1647e+06   1.99e-25
  7.4329e+06   1.85e-25
  7.7112e+06   1.71e-25
  7.9998e+06   1.59e-25
  8.2993e+06   1.46e-25
  8.6100e+06   1.34e-25
  8.9323e+06   1.23e-25
  9.2666e+06   1.13e-25
  9.6135e+06   1.03e-25
  9.9734e+06   9.32e-26
  1.0347e+07   8.41e-26
  1.0734e+07   7.56e-26
  1.1136e+07   6.76e-26
  1.1553e+07   6.01e-26
  1.1985e+07   5.31e-26
  1.2434e+07   4.65e-26
  1.2899e+07   4.05e-26
  1.3382e+07   3.49e-26
  1.3883e+07   2.98e-26
  1.4403e+07   2.52e-26
  1.4942e+07   2.10e-26
  1.5501e+07   1.73e-26
  1.6081e+07   1.40e-26
  1.6683e+07   1.12e-26
  1.7308e+07   8.71e-27
  1.7956e+07   6.66e-27
  1.8628e+07   4.96e-27
  1.9325e+07   3.59e-27
  2.0049e+07   2.52e-27
  2.0799e+07   1.70e-27
  2.1578e+07   1.10e-27
  2.2386e+07   6.80e-28
  2.3224e+07   3.96e-28
  2.4093e+07   2.15e-28
  2.4995e+07   1.09e-28
  2.5930e+07   5.00e-29
  2.6901e+07   2.07e-29
  2.7908e+07   7.53e-30
  2.8953e+07   2.36e-30
  3.0037e+07   6.18e-31
  3.1161e+07   1.30e-31
  3.2327e+07   2.12e-32
  3.3537e+07   2.52e-33
  3.4793e+07   2.04e-34
  3.6095e+07   1.03e-35
  3.7446e+07   2.88e-37
  3.8848e+07   3.93e-39
  4.0302e+07   2.16e-41
  4.1811e+07   3.77e-44
  4.3376e+07   1.54e-47
  4.5000e+07   9.90e-52
