#  E [GeV]   # per interaction  [GeV^{-1}]
  3.0000e+01   6.29e-01
  3.1232e+01   6.02e-01
  3.2514e+01   5.75e-01
  3.3849e+01   5.50e-01
  3.5238e+01   5.26e-01
  3.6685e+01   5.03e-01
  3.8191e+01   4.81e-01
  3.9759e+01   4.60e-01
  4.1391e+01   4.39e-01
  4.3090e+01   4.20e-01
  4.4859e+01   4.01e-01
  4.6701e+01   3.84e-01
  4.8618e+01   3.67e-01
  5.0614e+01   3.50e-01
  5.2692e+01   3.35e-01
  5.4855e+01   3.20e-01
  5.7107e+01   3.05e-01
  5.9451e+01   2.92e-01
  6.1892e+01   2.79e-01
  6.4433e+01   2.66e-01
  6.7078e+01   2.54e-01
  6.9832e+01   2.42e-01
  7.2699e+01   2.31e-01
  7.5683e+01   2.21e-01
  7.8790e+01   2.11e-01
  8.2025e+01   2.01e-01
  8.5392e+01   1.92e-01
  8.8898e+01   1.83e-01
  9.2547e+01   1.75e-01
  9.6347e+01   1.66e-01
  1.0030e+02   1.59e-01
  1.0442e+02   1.51e-01
  1.0871e+02   1.44e-01
  1.1317e+02   1.37e-01
  1.1782e+02   1.31e-01
  1.2265e+02   1.25e-01
  1.2769e+02   1.19e-01
  1.3293e+02   1.13e-01
  1.3839e+02   1.07e-01
  1.4407e+02   1.02e-01
  1.4998e+02   9.72e-02
  1.5614e+02   9.24e-02
  1.6255e+02   8.78e-02
  1.6922e+02   8.34e-02
  1.7617e+02   7.91e-02
  1.8340e+02   7.51e-02
  1.9093e+02   7.12e-02
  1.9877e+02   6.75e-02
  2.0693e+02   6.40e-02
  2.1543e+02   6.06e-02
  2.2427e+02   5.73e-02
  2.3348e+02   5.42e-02
  2.4306e+02   5.12e-02
  2.5304e+02   4.84e-02
  2.6343e+02   4.56e-02
  2.7424e+02   4.30e-02
  2.8550e+02   4.05e-02
  2.9722e+02   3.82e-02
  3.0942e+02   3.59e-02
  3.2213e+02   3.37e-02
  3.3535e+02   3.17e-02
  3.4912e+02   2.97e-02
  3.6345e+02   2.78e-02
  3.7837e+02   2.60e-02
  3.9390e+02   2.44e-02
  4.1008e+02   2.28e-02
  4.2691e+02   2.12e-02
  4.4444e+02   1.98e-02
  4.6268e+02   1.84e-02
  4.8168e+02   1.72e-02
  5.0145e+02   1.60e-02
  5.2204e+02   1.48e-02
  5.4347e+02   1.38e-02
  5.6578e+02   1.28e-02
  5.8901e+02   1.18e-02
  6.1319e+02   1.09e-02
  6.3836e+02   1.01e-02
  6.6457e+02   9.35e-03
  6.9185e+02   8.63e-03
  7.2025e+02   7.97e-03
  7.4982e+02   7.35e-03
  7.8061e+02   6.78e-03
  8.1265e+02   6.25e-03
  8.4601e+02   5.76e-03
  8.8075e+02   5.31e-03
  9.1690e+02   4.89e-03
  9.5455e+02   4.50e-03
  9.9373e+02   4.15e-03
  1.0345e+03   3.82e-03
  1.0770e+03   3.52e-03
  1.1212e+03   3.24e-03
  1.1672e+03   2.98e-03
  1.2152e+03   2.74e-03
  1.2650e+03   2.52e-03
  1.3170e+03   2.32e-03
  1.3711e+03   2.14e-03
  1.4273e+03   1.97e-03
  1.4859e+03   1.82e-03
  1.5469e+03   1.67e-03
  1.6104e+03   1.54e-03
  1.6766e+03   1.42e-03
  1.7454e+03   1.31e-03
  1.8170e+03   1.20e-03
  1.8916e+03   1.11e-03
  1.9693e+03   1.02e-03
  2.0501e+03   9.38e-04
  2.1343e+03   8.63e-04
  2.2219e+03   7.93e-04
  2.3131e+03   7.29e-04
  2.4081e+03   6.69e-04
  2.5070e+03   6.14e-04
  2.6099e+03   5.63e-04
  2.7170e+03   5.16e-04
  2.8286e+03   4.73e-04
  2.9447e+03   4.32e-04
  3.0656e+03   3.95e-04
  3.1914e+03   3.61e-04
  3.3225e+03   3.29e-04
  3.4589e+03   2.99e-04
  3.6008e+03   2.72e-04
  3.7487e+03   2.47e-04
  3.9026e+03   2.24e-04
  4.0628e+03   2.02e-04
  4.2296e+03   1.82e-04
  4.4032e+03   1.64e-04
  4.5840e+03   1.47e-04
  4.7722e+03   1.32e-04
  4.9681e+03   1.18e-04
  5.1720e+03   1.05e-04
  5.3844e+03   9.33e-05
  5.6054e+03   8.26e-05
  5.8355e+03   7.29e-05
  6.0751e+03   6.40e-05
  6.3245e+03   5.61e-05
  6.5841e+03   4.89e-05
  6.8544e+03   4.24e-05
  7.1358e+03   3.66e-05
  7.4288e+03   3.14e-05
  7.7338e+03   2.68e-05
  8.0513e+03   2.28e-05
  8.3818e+03   1.92e-05
  8.7259e+03   1.60e-05
  9.0841e+03   1.33e-05
  9.4571e+03   1.09e-05
  9.8453e+03   8.89e-06
  1.0249e+04   7.15e-06
  1.0670e+04   5.68e-06
  1.1108e+04   4.47e-06
  1.1564e+04   3.46e-06
  1.2039e+04   2.63e-06
  1.2533e+04   1.97e-06
  1.3048e+04   1.45e-06
  1.3584e+04   1.04e-06
  1.4141e+04   7.30e-07
  1.4722e+04   4.97e-07
  1.5326e+04   3.29e-07
  1.5955e+04   2.11e-07
  1.6610e+04   1.29e-07
  1.7292e+04   7.58e-08
  1.8002e+04   4.23e-08
  1.8741e+04   2.21e-08
  1.9511e+04   1.09e-08
  2.0312e+04   4.97e-09
  2.1145e+04   2.06e-09
  2.2013e+04   7.75e-10
  2.2917e+04   2.57e-10
  2.3858e+04   7.36e-11
  2.4837e+04   1.80e-11
  2.5857e+04   3.58e-12
  2.6919e+04   5.62e-13
  2.8024e+04   6.71e-14
  2.9174e+04   5.64e-15
  3.0372e+04   3.15e-16
  3.1619e+04   1.07e-17
  3.2917e+04   1.96e-19
  3.4268e+04   1.69e-21
  3.5675e+04   5.71e-24
  3.7140e+04   5.90e-27
  3.8664e+04   1.41e-30
  4.0252e+04   5.19e-35
  4.1904e+04   1.70e-40
  4.3624e+04   4.96e-47
  4.5415e+04   4.16e-47
  4.7280e+04   3.42e-47
  4.9221e+04   2.90e-47
  5.1241e+04   2.42e-47
  5.3345e+04   1.99e-47
  5.5535e+04   1.68e-47
  5.7815e+04   1.39e-47
  6.0188e+04   1.14e-47
  6.2659e+04   9.51e-48
  6.5232e+04   7.76e-48
  6.7910e+04   6.31e-48
  7.0698e+04   5.21e-48
  7.3600e+04   4.18e-48
  7.6621e+04   3.34e-48
  7.9767e+04   2.63e-48
  8.3042e+04   1.97e-48
  8.6451e+04   1.46e-48
  9.0000e+04   1.03e-48
