#  E [MeV]   Flux [# cm^{-2} s^{-1}  MeV^{-1}]
  3.0000e+04   1.09e-25
  3.1232e+04   1.04e-25
  3.2514e+04   9.92e-26
  3.3849e+04   9.45e-26
  3.5238e+04   9.00e-26
  3.6685e+04   8.58e-26
  3.8191e+04   8.17e-26
  3.9759e+04   7.78e-26
  4.1391e+04   7.40e-26
  4.3090e+04   7.05e-26
  4.4859e+04   6.71e-26
  4.6701e+04   6.38e-26
  4.8618e+04   6.07e-26
  5.0614e+04   5.77e-26
  5.2692e+04   5.49e-26
  5.4855e+04   5.22e-26
  5.7107e+04   4.96e-26
  5.9451e+04   4.72e-26
  6.1892e+04   4.48e-26
  6.4433e+04   4.26e-26
  6.7078e+04   4.04e-26
  6.9832e+04   3.84e-26
  7.2699e+04   3.64e-26
  7.5683e+04   3.46e-26
  7.8790e+04   3.28e-26
  8.2025e+04   3.12e-26
  8.5392e+04   2.96e-26
  8.8898e+04   2.80e-26
  9.2547e+04   2.66e-26
  9.6347e+04   2.52e-26
  1.0030e+05   2.39e-26
  1.0442e+05   2.26e-26
  1.0871e+05   2.14e-26
  1.1317e+05   2.03e-26
  1.1782e+05   1.92e-26
  1.2265e+05   1.82e-26
  1.2769e+05   1.72e-26
  1.3293e+05   1.63e-26
  1.3839e+05   1.54e-26
  1.4407e+05   1.46e-26
  1.4998e+05   1.38e-26
  1.5614e+05   1.30e-26
  1.6255e+05   1.23e-26
  1.6922e+05   1.16e-26
  1.7617e+05   1.10e-26
  1.8340e+05   1.04e-26
  1.9093e+05   9.76e-27
  1.9877e+05   9.21e-27
  2.0693e+05   8.68e-27
  2.1543e+05   8.18e-27
  2.2427e+05   7.70e-27
  2.3348e+05   7.25e-27
  2.4306e+05   6.82e-27
  2.5304e+05   6.41e-27
  2.6343e+05   6.02e-27
  2.7424e+05   5.66e-27
  2.8550e+05   5.31e-27
  2.9722e+05   4.98e-27
  3.0942e+05   4.67e-27
  3.2213e+05   4.37e-27
  3.3535e+05   4.09e-27
  3.4912e+05   3.83e-27
  3.6345e+05   3.58e-27
  3.7837e+05   3.35e-27
  3.9390e+05   3.12e-27
  4.1008e+05   2.91e-27
  4.2691e+05   2.72e-27
  4.4444e+05   2.53e-27
  4.6268e+05   2.36e-27
  4.8168e+05   2.19e-27
  5.0145e+05   2.04e-27
  5.2204e+05   1.90e-27
  5.4347e+05   1.76e-27
  5.6578e+05   1.63e-27
  5.8901e+05   1.51e-27
  6.1319e+05   1.40e-27
  6.3836e+05   1.30e-27
  6.6457e+05   1.20e-27
  6.9185e+05   1.11e-27
  7.2025e+05   1.03e-27
  7.4982e+05   9.50e-28
  7.8061e+05   8.78e-28
  8.1265e+05   8.10e-28
  8.4601e+05   7.48e-28
  8.8075e+05   6.90e-28
  9.1690e+05   6.36e-28
  9.5455e+05   5.86e-28
  9.9373e+05   5.41e-28
  1.0345e+06   4.98e-28
  1.0770e+06   4.59e-28
  1.1212e+06   4.22e-28
  1.1672e+06   3.88e-28
  1.2152e+06   3.57e-28
  1.2650e+06   3.29e-28
  1.3170e+06   3.03e-28
  1.3711e+06   2.79e-28
  1.4273e+06   2.57e-28
  1.4859e+06   2.36e-28
  1.5469e+06   2.17e-28
  1.6104e+06   2.00e-28
  1.6766e+06   1.84e-28
  1.7454e+06   1.70e-28
  1.8170e+06   1.56e-28
  1.8916e+06   1.44e-28
  1.9693e+06   1.32e-28
  2.0501e+06   1.22e-28
  2.1343e+06   1.12e-28
  2.2219e+06   1.03e-28
  2.3131e+06   9.44e-29
  2.4081e+06   8.65e-29
  2.5070e+06   7.93e-29
  2.6099e+06   7.26e-29
  2.7170e+06   6.64e-29
  2.8286e+06   6.07e-29
  2.9447e+06   5.54e-29
  3.0656e+06   5.05e-29
  3.1914e+06   4.60e-29
  3.3225e+06   4.18e-29
  3.4589e+06   3.80e-29
  3.6008e+06   3.44e-29
  3.7487e+06   3.11e-29
  3.9026e+06   2.81e-29
  4.0628e+06   2.54e-29
  4.2296e+06   2.28e-29
  4.4032e+06   2.05e-29
  4.5840e+06   1.83e-29
  4.7722e+06   1.63e-29
  4.9681e+06   1.46e-29
  5.1720e+06   1.29e-29
  5.3844e+06   1.14e-29
  5.6054e+06   1.01e-29
  5.8355e+06   8.86e-30
  6.0751e+06   7.75e-30
  6.3245e+06   6.77e-30
  6.5841e+06   5.88e-30
  6.8544e+06   5.08e-30
  7.1358e+06   4.38e-30
  7.4288e+06   3.74e-30
  7.7338e+06   3.19e-30
  8.0513e+06   2.70e-30
  8.3818e+06   2.27e-30
  8.7259e+06   1.90e-30
  9.0841e+06   1.58e-30
  9.4571e+06   1.29e-30
  9.8453e+06   1.06e-30
  1.0249e+07   8.53e-31
  1.0670e+07   6.79e-31
  1.1108e+07   5.39e-31
  1.1564e+07   4.21e-31
  1.2039e+07   3.23e-31
  1.2533e+07   2.47e-31
  1.3048e+07   1.84e-31
  1.3584e+07   1.35e-31
  1.4141e+07   9.75e-32
  1.4722e+07   6.84e-32
  1.5326e+07   4.68e-32
  1.5955e+07   3.14e-32
  1.6610e+07   2.03e-32
  1.7292e+07   1.26e-32
  1.8002e+07   7.60e-33
  1.8741e+07   4.31e-33
  1.9511e+07   2.34e-33
  2.0312e+07   1.20e-33
  2.1145e+07   5.64e-34
  2.2013e+07   2.48e-34
  2.2917e+07   9.87e-35
  2.3858e+07   3.46e-35
  2.4837e+07   1.08e-35
  2.5857e+07   2.87e-36
  2.6919e+07   6.22e-37
  2.8024e+07   1.10e-37
  2.9174e+07   1.47e-38
  3.0372e+07   1.39e-39
  3.1619e+07   8.98e-41
  3.2917e+07   3.48e-42
  3.4268e+07   7.29e-44
  3.5675e+07   7.23e-46
  3.7140e+07   2.70e-48
  3.8664e+07   3.00e-51
  4.0252e+07   7.18e-55
  4.1904e+07   2.30e-59
  4.3624e+07   5.60e-65
  4.5415e+07   4.61e-72
  4.7280e+07   1.55e-72
  4.9221e+07   1.36e-72
  5.1241e+07   1.19e-72
  5.3345e+07   1.04e-72
  5.5535e+07   9.30e-73
  5.7815e+07   8.29e-73
  6.0188e+07   7.35e-73
  6.2659e+07   6.62e-73
  6.5232e+07   5.93e-73
  6.7910e+07   5.30e-73
  7.0698e+07   4.75e-73
  7.3600e+07   4.24e-73
  7.6621e+07   3.75e-73
  7.9767e+07   3.29e-73
  8.3042e+07   2.87e-73
  8.6451e+07   2.49e-73
  9.0000e+07   2.17e-73
