#  E [MeV]   Flux [# cm^{-2} s^{-1}  MeV^{-1}]
  3.0000e+04   4.67e-20
  3.0943e+04   4.52e-20
  3.1916e+04   4.37e-20
  3.2920e+04   4.22e-20
  3.3955e+04   4.08e-20
  3.5023e+04   3.94e-20
  3.6124e+04   3.80e-20
  3.7260e+04   3.67e-20
  3.8432e+04   3.55e-20
  3.9640e+04   3.42e-20
  4.0887e+04   3.31e-20
  4.2172e+04   3.19e-20
  4.3499e+04   3.08e-20
  4.4866e+04   2.97e-20
  4.6277e+04   2.86e-20
  4.7732e+04   2.76e-20
  4.9233e+04   2.66e-20
  5.0781e+04   2.57e-20
  5.2378e+04   2.47e-20
  5.4025e+04   2.38e-20
  5.5724e+04   2.29e-20
  5.7476e+04   2.21e-20
  5.9284e+04   2.13e-20
  6.1148e+04   2.05e-20
  6.3071e+04   1.97e-20
  6.5054e+04   1.90e-20
  6.7100e+04   1.82e-20
  6.9210e+04   1.75e-20
  7.1386e+04   1.69e-20
  7.3631e+04   1.62e-20
  7.5946e+04   1.56e-20
  7.8334e+04   1.50e-20
  8.0797e+04   1.44e-20
  8.3338e+04   1.38e-20
  8.5959e+04   1.32e-20
  8.8662e+04   1.27e-20
  9.1450e+04   1.22e-20
  9.4325e+04   1.17e-20
  9.7291e+04   1.12e-20
  1.0035e+05   1.07e-20
  1.0351e+05   1.03e-20
  1.0676e+05   9.85e-21
  1.1012e+05   9.43e-21
  1.1358e+05   9.03e-21
  1.1715e+05   8.64e-21
  1.2084e+05   8.26e-21
  1.2464e+05   7.90e-21
  1.2856e+05   7.55e-21
  1.3260e+05   7.21e-21
  1.3677e+05   6.89e-21
  1.4107e+05   6.58e-21
  1.4550e+05   6.28e-21
  1.5008e+05   5.99e-21
  1.5480e+05   5.72e-21
  1.5967e+05   5.45e-21
  1.6469e+05   5.20e-21
  1.6987e+05   4.95e-21
  1.7521e+05   4.72e-21
  1.8072e+05   4.49e-21
  1.8640e+05   4.27e-21
  1.9226e+05   4.07e-21
  1.9831e+05   3.87e-21
  2.0454e+05   3.67e-21
  2.1097e+05   3.49e-21
  2.1761e+05   3.32e-21
  2.2445e+05   3.15e-21
  2.3151e+05   2.99e-21
  2.3879e+05   2.83e-21
  2.4630e+05   2.69e-21
  2.5404e+05   2.55e-21
  2.6203e+05   2.41e-21
  2.7027e+05   2.28e-21
  2.7877e+05   2.16e-21
  2.8753e+05   2.05e-21
  2.9657e+05   1.93e-21
  3.0590e+05   1.83e-21
  3.1552e+05   1.73e-21
  3.2544e+05   1.63e-21
  3.3567e+05   1.54e-21
  3.4623e+05   1.45e-21
  3.5712e+05   1.37e-21
  3.6835e+05   1.29e-21
  3.7993e+05   1.21e-21
  3.9188e+05   1.14e-21
  4.0420e+05   1.07e-21
  4.1691e+05   1.01e-21
  4.3002e+05   9.47e-22
  4.4354e+05   8.89e-22
  4.5749e+05   8.34e-22
  4.7187e+05   7.82e-22
  4.8671e+05   7.33e-22
  5.0202e+05   6.86e-22
  5.1780e+05   6.43e-22
  5.3409e+05   6.01e-22
  5.5088e+05   5.62e-22
  5.6820e+05   5.25e-22
  5.8607e+05   4.91e-22
  6.0450e+05   4.58e-22
  6.2351e+05   4.27e-22
  6.4311e+05   3.99e-22
  6.6334e+05   3.71e-22
  6.8419e+05   3.46e-22
  7.0571e+05   3.22e-22
  7.2790e+05   3.00e-22
  7.5079e+05   2.79e-22
  7.7440e+05   2.59e-22
  7.9875e+05   2.41e-22
  8.2387e+05   2.23e-22
  8.4977e+05   2.07e-22
  8.7649e+05   1.92e-22
  9.0405e+05   1.78e-22
  9.3248e+05   1.65e-22
  9.6180e+05   1.53e-22
  9.9205e+05   1.42e-22
  1.0232e+06   1.31e-22
  1.0554e+06   1.21e-22
  1.0886e+06   1.12e-22
  1.1228e+06   1.04e-22
  1.1581e+06   9.57e-23
  1.1946e+06   8.83e-23
  1.2321e+06   8.14e-23
  1.2709e+06   7.52e-23
  1.3108e+06   6.93e-23
  1.3521e+06   6.38e-23
  1.3946e+06   5.88e-23
  1.4384e+06   5.41e-23
  1.4837e+06   4.98e-23
  1.5303e+06   4.57e-23
  1.5784e+06   4.20e-23
  1.6281e+06   3.86e-23
  1.6793e+06   3.54e-23
  1.7321e+06   3.24e-23
  1.7865e+06   2.98e-23
  1.8427e+06   2.73e-23
  1.9006e+06   2.49e-23
  1.9604e+06   2.28e-23
  2.0221e+06   2.09e-23
  2.0856e+06   1.91e-23
  2.1512e+06   1.73e-23
  2.2189e+06   1.58e-23
  2.2886e+06   1.45e-23
  2.3606e+06   1.31e-23
  2.4348e+06   1.19e-23
  2.5114e+06   1.09e-23
  2.5904e+06   9.88e-24
  2.6718e+06   8.94e-24
  2.7558e+06   8.08e-24
  2.8425e+06   7.33e-24
  2.9319e+06   6.63e-24
  3.0241e+06   5.96e-24
  3.1192e+06   5.37e-24
  3.2173e+06   4.85e-24
  3.3184e+06   4.35e-24
  3.4228e+06   3.88e-24
  3.5304e+06   3.49e-24
  3.6414e+06   3.13e-24
  3.7559e+06   2.79e-24
  3.8740e+06   2.48e-24
  3.9958e+06   2.22e-24
  4.1215e+06   1.98e-24
  4.2511e+06   1.75e-24
  4.3848e+06   1.54e-24
  4.5227e+06   1.37e-24
  4.6649e+06   1.21e-24
  4.8116e+06   1.06e-24
  4.9629e+06   9.36e-25
  5.1189e+06   8.25e-25
  5.2799e+06   7.21e-25
  5.4459e+06   6.23e-25
  5.6171e+06   5.48e-25
  5.7938e+06   4.78e-25
  5.9760e+06   4.13e-25
  6.1639e+06   3.54e-25
  6.3577e+06   3.08e-25
  6.5576e+06   2.66e-25
  6.7638e+06   2.26e-25
  6.9765e+06   1.93e-25
  7.1959e+06   1.66e-25
  7.4222e+06   1.41e-25
  7.6556e+06   1.18e-25
  7.8963e+06   1.01e-25
  8.1446e+06   8.60e-26
  8.4007e+06   7.20e-26
  8.6649e+06   5.95e-26
  8.9373e+06   5.05e-26
  9.2184e+06   4.22e-26
  9.5082e+06   3.47e-26
  9.8072e+06   2.85e-26
  1.0116e+07   2.38e-26
  1.0434e+07   1.95e-26
  1.0762e+07   1.56e-26
  1.1100e+07   1.27e-26
  1.1449e+07   1.03e-26
  1.1809e+07   8.19e-27
  1.2181e+07   6.31e-27
  1.2564e+07   4.99e-27
  1.2959e+07   3.85e-27
  1.3366e+07   2.85e-27
  1.3786e+07   2.05e-27
  1.4220e+07   1.53e-27
