#  E [GeV]   # per interaction  [GeV^{-1}]
  3.0000e+01   1.42e+00
  3.1232e+01   1.36e+00
  3.2514e+01   1.29e+00
  3.3849e+01   1.23e+00
  3.5238e+01   1.18e+00
  3.6685e+01   1.12e+00
  3.8191e+01   1.07e+00
  3.9759e+01   1.02e+00
  4.1391e+01   9.72e-01
  4.3090e+01   9.26e-01
  4.4859e+01   8.82e-01
  4.6701e+01   8.40e-01
  4.8618e+01   8.00e-01
  5.0614e+01   7.62e-01
  5.2692e+01   7.25e-01
  5.4855e+01   6.90e-01
  5.7107e+01   6.57e-01
  5.9451e+01   6.25e-01
  6.1892e+01   5.95e-01
  6.4433e+01   5.66e-01
  6.7078e+01   5.38e-01
  6.9832e+01   5.12e-01
  7.2699e+01   4.86e-01
  7.5683e+01   4.62e-01
  7.8790e+01   4.39e-01
  8.2025e+01   4.17e-01
  8.5392e+01   3.96e-01
  8.8898e+01   3.76e-01
  9.2547e+01   3.57e-01
  9.6347e+01   3.39e-01
  1.0030e+02   3.22e-01
  1.0442e+02   3.06e-01
  1.0871e+02   2.90e-01
  1.1317e+02   2.75e-01
  1.1782e+02   2.61e-01
  1.2265e+02   2.48e-01
  1.2769e+02   2.35e-01
  1.3293e+02   2.23e-01
  1.3839e+02   2.11e-01
  1.4407e+02   2.00e-01
  1.4998e+02   1.89e-01
  1.5614e+02   1.79e-01
  1.6255e+02   1.70e-01
  1.6922e+02   1.61e-01
  1.7617e+02   1.52e-01
  1.8340e+02   1.44e-01
  1.9093e+02   1.36e-01
  1.9877e+02   1.29e-01
  2.0693e+02   1.22e-01
  2.1543e+02   1.15e-01
  2.2427e+02   1.09e-01
  2.3348e+02   1.03e-01
  2.4306e+02   9.69e-02
  2.5304e+02   9.15e-02
  2.6343e+02   8.63e-02
  2.7424e+02   8.14e-02
  2.8550e+02   7.68e-02
  2.9722e+02   7.24e-02
  3.0942e+02   6.82e-02
  3.2213e+02   6.43e-02
  3.3535e+02   6.05e-02
  3.4912e+02   5.70e-02
  3.6345e+02   5.36e-02
  3.7837e+02   5.04e-02
  3.9390e+02   4.74e-02
  4.1008e+02   4.46e-02
  4.2691e+02   4.19e-02
  4.4444e+02   3.93e-02
  4.6268e+02   3.69e-02
  4.8168e+02   3.46e-02
  5.0145e+02   3.25e-02
  5.2204e+02   3.04e-02
  5.4347e+02   2.85e-02
  5.6578e+02   2.67e-02
  5.8901e+02   2.50e-02
  6.1319e+02   2.34e-02
  6.3836e+02   2.18e-02
  6.6457e+02   2.04e-02
  6.9185e+02   1.91e-02
  7.2025e+02   1.78e-02
  7.4982e+02   1.66e-02
  7.8061e+02   1.55e-02
  8.1265e+02   1.44e-02
  8.4601e+02   1.34e-02
  8.8075e+02   1.25e-02
  9.1690e+02   1.17e-02
  9.5455e+02   1.08e-02
  9.9373e+02   1.01e-02
  1.0345e+03   9.38e-03
  1.0770e+03   8.72e-03
  1.1212e+03   8.10e-03
  1.1672e+03   7.52e-03
  1.2152e+03   6.98e-03
  1.2650e+03   6.47e-03
  1.3170e+03   6.01e-03
  1.3711e+03   5.57e-03
  1.4273e+03   5.16e-03
  1.4859e+03   4.78e-03
  1.5469e+03   4.42e-03
  1.6104e+03   4.09e-03
  1.6766e+03   3.78e-03
  1.7454e+03   3.50e-03
  1.8170e+03   3.23e-03
  1.8916e+03   2.98e-03
  1.9693e+03   2.75e-03
  2.0501e+03   2.54e-03
  2.1343e+03   2.34e-03
  2.2219e+03   2.15e-03
  2.3131e+03   1.98e-03
  2.4081e+03   1.82e-03
  2.5070e+03   1.67e-03
  2.6099e+03   1.53e-03
  2.7170e+03   1.41e-03
  2.8286e+03   1.29e-03
  2.9447e+03   1.18e-03
  3.0656e+03   1.08e-03
  3.1914e+03   9.85e-04
  3.3225e+03   8.99e-04
  3.4589e+03   8.19e-04
  3.6008e+03   7.46e-04
  3.7487e+03   6.79e-04
  3.9026e+03   6.16e-04
  4.0628e+03   5.59e-04
  4.2296e+03   5.07e-04
  4.4032e+03   4.58e-04
  4.5840e+03   4.14e-04
  4.7722e+03   3.74e-04
  4.9681e+03   3.36e-04
  5.1720e+03   3.03e-04
  5.3844e+03   2.72e-04
  5.6054e+03   2.43e-04
  5.8355e+03   2.18e-04
  6.0751e+03   1.95e-04
  6.3245e+03   1.73e-04
  6.5841e+03   1.55e-04
  6.8544e+03   1.37e-04
  7.1358e+03   1.22e-04
  7.4288e+03   1.08e-04
  7.7338e+03   9.50e-05
  8.0513e+03   8.38e-05
  8.3818e+03   7.38e-05
  8.7259e+03   6.45e-05
  9.0841e+03   5.65e-05
  9.4571e+03   4.93e-05
  9.8453e+03   4.27e-05
  1.0249e+04   3.72e-05
  1.0670e+04   3.21e-05
  1.1108e+04   2.75e-05
  1.1564e+04   2.38e-05
  1.2039e+04   2.03e-05
  1.2533e+04   1.73e-05
  1.3048e+04   1.47e-05
  1.3584e+04   1.24e-05
  1.4141e+04   1.04e-05
  1.4722e+04   8.75e-06
  1.5326e+04   7.25e-06
  1.5955e+04   5.98e-06
  1.6610e+04   4.92e-06
  1.7292e+04   3.98e-06
  1.8002e+04   3.21e-06
  1.8741e+04   2.57e-06
  1.9511e+04   2.01e-06
  2.0312e+04   1.57e-06
  2.1145e+04   1.21e-06
  2.2013e+04   9.05e-07
  2.2917e+04   6.74e-07
  2.3858e+04   4.88e-07
  2.4837e+04   3.39e-07
  2.5857e+04   2.34e-07
  2.6919e+04   1.53e-07
  2.8024e+04   9.52e-08
  2.9174e+04   5.69e-08
  3.0372e+04   3.15e-08
  3.1619e+04   1.60e-08
  3.2917e+04   7.44e-09
  3.4268e+04   3.03e-09
  3.5675e+04   1.06e-09
  3.7140e+04   3.07e-10
  3.8664e+04   6.91e-11
  4.0252e+04   1.14e-11
  4.1904e+04   1.27e-12
  4.3624e+04   8.34e-14
  4.5415e+04   2.80e-15
  4.7280e+04   3.86e-17
  4.9221e+04   1.61e-19
  5.1241e+04   1.38e-22
  5.3345e+04   1.35e-26
  5.5535e+04   6.80e-32
  5.7815e+04   5.61e-39
  6.0188e+04   1.97e-47
  6.2659e+04   1.80e-47
  6.5232e+04   1.65e-47
  6.7910e+04   1.51e-47
  7.0698e+04   1.38e-47
  7.3600e+04   1.25e-47
  7.6621e+04   1.14e-47
  7.9767e+04   1.03e-47
  8.3042e+04   9.20e-48
  8.6451e+04   8.19e-48
  9.0000e+04   7.36e-48
