#  E [MeV]   Flux [# cm^{-2} s^{-1}  MeV^{-1}]
  3.0000e+04   3.30e-24
  3.0962e+04   3.17e-24
  3.1955e+04   3.04e-24
  3.2979e+04   2.92e-24
  3.4037e+04   2.81e-24
  3.5128e+04   2.69e-24
  3.6254e+04   2.58e-24
  3.7417e+04   2.48e-24
  3.8616e+04   2.38e-24
  3.9855e+04   2.28e-24
  4.1132e+04   2.19e-24
  4.2451e+04   2.10e-24
  4.3812e+04   2.01e-24
  4.5217e+04   1.93e-24
  4.6667e+04   1.85e-24
  4.8163e+04   1.77e-24
  4.9707e+04   1.70e-24
  5.1301e+04   1.62e-24
  5.2946e+04   1.56e-24
  5.4644e+04   1.49e-24
  5.6396e+04   1.43e-24
  5.8204e+04   1.36e-24
  6.0070e+04   1.31e-24
  6.1996e+04   1.25e-24
  6.3984e+04   1.19e-24
  6.6035e+04   1.14e-24
  6.8153e+04   1.09e-24
  7.0338e+04   1.04e-24
  7.2593e+04   9.99e-25
  7.4921e+04   9.54e-25
  7.7323e+04   9.12e-25
  7.9802e+04   8.71e-25
  8.2361e+04   8.32e-25
  8.5002e+04   7.94e-25
  8.7727e+04   7.58e-25
  9.0540e+04   7.23e-25
  9.3443e+04   6.90e-25
  9.6439e+04   6.58e-25
  9.9531e+04   6.27e-25
  1.0272e+05   5.98e-25
  1.0602e+05   5.69e-25
  1.0942e+05   5.42e-25
  1.1292e+05   5.16e-25
  1.1654e+05   4.91e-25
  1.2028e+05   4.68e-25
  1.2414e+05   4.45e-25
  1.2812e+05   4.23e-25
  1.3223e+05   4.02e-25
  1.3646e+05   3.82e-25
  1.4084e+05   3.63e-25
  1.4536e+05   3.44e-25
  1.5002e+05   3.27e-25
  1.5483e+05   3.10e-25
  1.5979e+05   2.94e-25
  1.6491e+05   2.79e-25
  1.7020e+05   2.64e-25
  1.7566e+05   2.51e-25
  1.8129e+05   2.37e-25
  1.8710e+05   2.25e-25
  1.9310e+05   2.13e-25
  1.9929e+05   2.01e-25
  2.0568e+05   1.90e-25
  2.1228e+05   1.80e-25
  2.1909e+05   1.70e-25
  2.2611e+05   1.60e-25
  2.3336e+05   1.51e-25
  2.4084e+05   1.43e-25
  2.4856e+05   1.35e-25
  2.5653e+05   1.27e-25
  2.6476e+05   1.20e-25
  2.7325e+05   1.13e-25
  2.8201e+05   1.06e-25
  2.9105e+05   9.99e-26
  3.0038e+05   9.39e-26
  3.1002e+05   8.82e-26
  3.1996e+05   8.29e-26
  3.3021e+05   7.78e-26
  3.4080e+05   7.29e-26
  3.5173e+05   6.84e-26
  3.6301e+05   6.41e-26
  3.7465e+05   6.00e-26
  3.8666e+05   5.61e-26
  3.9905e+05   5.24e-26
  4.1185e+05   4.90e-26
  4.2506e+05   4.57e-26
  4.3868e+05   4.26e-26
  4.5275e+05   3.97e-26
  4.6727e+05   3.70e-26
  4.8225e+05   3.44e-26
  4.9771e+05   3.20e-26
  5.1367e+05   2.98e-26
  5.3014e+05   2.77e-26
  5.4714e+05   2.57e-26
  5.6468e+05   2.38e-26
  5.8278e+05   2.21e-26
  6.0147e+05   2.04e-26
  6.2075e+05   1.89e-26
  6.4066e+05   1.75e-26
  6.6120e+05   1.62e-26
  6.8240e+05   1.49e-26
  7.0428e+05   1.38e-26
  7.2686e+05   1.27e-26
  7.5017e+05   1.17e-26
  7.7422e+05   1.08e-26
  7.9904e+05   9.92e-27
  8.2466e+05   9.12e-27
  8.5110e+05   8.36e-27
  8.7839e+05   7.67e-27
  9.0656e+05   7.05e-27
  9.3562e+05   6.46e-27
  9.6562e+05   5.90e-27
  9.9658e+05   5.41e-27
  1.0285e+06   4.95e-27
  1.0615e+06   4.52e-27
  1.0956e+06   4.12e-27
  1.1307e+06   3.77e-27
  1.1669e+06   3.44e-27
  1.2043e+06   3.13e-27
  1.2430e+06   2.85e-27
  1.2828e+06   2.60e-27
  1.3239e+06   2.37e-27
  1.3664e+06   2.15e-27
  1.4102e+06   1.95e-27
  1.4554e+06   1.78e-27
  1.5021e+06   1.61e-27
  1.5502e+06   1.46e-27
  1.6000e+06   1.32e-27
  1.6513e+06   1.20e-27
  1.7042e+06   1.08e-27
  1.7588e+06   9.75e-28
  1.8152e+06   8.83e-28
  1.8734e+06   7.96e-28
  1.9335e+06   7.14e-28
  1.9955e+06   6.45e-28
  2.0595e+06   5.82e-28
  2.1255e+06   5.22e-28
  2.1937e+06   4.67e-28
  2.2640e+06   4.22e-28
  2.3366e+06   3.78e-28
  2.4115e+06   3.38e-28
  2.4888e+06   3.03e-28
  2.5686e+06   2.72e-28
  2.6510e+06   2.43e-28
  2.7360e+06   2.15e-28
  2.8237e+06   1.93e-28
  2.9142e+06   1.73e-28
  3.0077e+06   1.53e-28
  3.1041e+06   1.36e-28
  3.2036e+06   1.22e-28
  3.3064e+06   1.08e-28
  3.4124e+06   9.53e-29
  3.5218e+06   8.47e-29
  3.6347e+06   7.54e-29
  3.7512e+06   6.66e-29
  3.8715e+06   5.84e-29
  3.9957e+06   5.21e-29
  4.1238e+06   4.62e-29
  4.2560e+06   4.06e-29
  4.3924e+06   3.57e-29
  4.5333e+06   3.18e-29
  4.6786e+06   2.80e-29
  4.8286e+06   2.45e-29
  4.9835e+06   2.17e-29
  5.1433e+06   1.93e-29
  5.3082e+06   1.70e-29
  5.4784e+06   1.48e-29
  5.6540e+06   1.32e-29
  5.8353e+06   1.17e-29
  6.0224e+06   1.03e-29
  6.2155e+06   9.03e-30
  6.4148e+06   8.06e-30
  6.6205e+06   7.15e-30
  6.8327e+06   6.29e-30
  7.0518e+06   5.61e-30
  7.2779e+06   5.01e-30
  7.5113e+06   4.45e-30
  7.7521e+06   3.94e-30
  8.0007e+06   3.53e-30
  8.2572e+06   3.15e-30
  8.5219e+06   2.80e-30
  8.7952e+06   2.49e-30
  9.0772e+06   2.23e-30
  9.3682e+06   1.99e-30
  9.6686e+06   1.76e-30
  9.9786e+06   1.57e-30
  1.0299e+07   1.40e-30
  1.0629e+07   1.24e-30
  1.0970e+07   1.10e-30
  1.1321e+07   9.73e-31
  1.1684e+07   8.58e-31
  1.2059e+07   7.52e-31
  1.2446e+07   6.56e-31
  1.2845e+07   5.69e-31
  1.3256e+07   4.90e-31
  1.3681e+07   4.19e-31
  1.4120e+07   3.54e-31
  1.4573e+07   2.97e-31
  1.5040e+07   2.46e-31
  1.5522e+07   2.03e-31
  1.6020e+07   1.68e-31
