#  E [GeV]   # per interaction  [GeV^{-1}]
  3.0000e+01   3.73e-01
  3.0696e+01   3.61e-01
  3.1408e+01   3.48e-01
  3.2137e+01   3.37e-01
  3.2883e+01   3.25e-01
  3.3646e+01   3.14e-01
  3.4426e+01   3.03e-01
  3.5225e+01   2.93e-01
  3.6042e+01   2.82e-01
  3.6878e+01   2.72e-01
  3.7734e+01   2.63e-01
  3.8609e+01   2.53e-01
  3.9505e+01   2.44e-01
  4.0422e+01   2.35e-01
  4.1360e+01   2.27e-01
  4.2319e+01   2.18e-01
  4.3301e+01   2.10e-01
  4.4306e+01   2.02e-01
  4.5334e+01   1.95e-01
  4.6386e+01   1.88e-01
  4.7462e+01   1.81e-01
  4.8563e+01   1.74e-01
  4.9690e+01   1.68e-01
  5.0843e+01   1.61e-01
  5.2022e+01   1.55e-01
  5.3229e+01   1.50e-01
  5.4464e+01   1.44e-01
  5.5728e+01   1.38e-01
  5.7021e+01   1.33e-01
  5.8344e+01   1.28e-01
  5.9697e+01   1.23e-01
  6.1083e+01   1.19e-01
  6.2500e+01   1.14e-01
  6.3950e+01   1.10e-01
  6.5434e+01   1.05e-01
  6.6952e+01   1.01e-01
  6.8505e+01   9.72e-02
  7.0095e+01   9.34e-02
  7.1721e+01   8.96e-02
  7.3385e+01   8.60e-02
  7.5088e+01   8.25e-02
  7.6830e+01   7.92e-02
  7.8612e+01   7.59e-02
  8.0436e+01   7.28e-02
  8.2302e+01   6.98e-02
  8.4212e+01   6.68e-02
  8.6166e+01   6.40e-02
  8.8165e+01   6.13e-02
  9.0210e+01   5.87e-02
  9.2304e+01   5.62e-02
  9.4445e+01   5.37e-02
  9.6636e+01   5.14e-02
  9.8878e+01   4.91e-02
  1.0117e+02   4.70e-02
  1.0352e+02   4.49e-02
  1.0592e+02   4.29e-02
  1.0838e+02   4.09e-02
  1.1089e+02   3.91e-02
  1.1347e+02   3.73e-02
  1.1610e+02   3.56e-02
  1.1879e+02   3.39e-02
  1.2155e+02   3.23e-02
  1.2437e+02   3.08e-02
  1.2725e+02   2.94e-02
  1.3021e+02   2.80e-02
  1.3323e+02   2.66e-02
  1.3632e+02   2.53e-02
  1.3948e+02   2.41e-02
  1.4272e+02   2.29e-02
  1.4603e+02   2.18e-02
  1.4942e+02   2.07e-02
  1.5288e+02   1.96e-02
  1.5643e+02   1.86e-02
  1.6006e+02   1.76e-02
  1.6377e+02   1.67e-02
  1.6757e+02   1.58e-02
  1.7146e+02   1.50e-02
  1.7544e+02   1.42e-02
  1.7951e+02   1.34e-02
  1.8368e+02   1.27e-02
  1.8794e+02   1.20e-02
  1.9230e+02   1.13e-02
  1.9676e+02   1.07e-02
  2.0132e+02   1.01e-02
  2.0600e+02   9.52e-03
  2.1078e+02   8.97e-03
  2.1567e+02   8.44e-03
  2.2067e+02   7.94e-03
  2.2579e+02   7.48e-03
  2.3103e+02   7.04e-03
  2.3639e+02   6.61e-03
  2.4187e+02   6.20e-03
  2.4748e+02   5.81e-03
  2.5323e+02   5.46e-03
  2.5910e+02   5.12e-03
  2.6511e+02   4.79e-03
  2.7126e+02   4.48e-03
  2.7756e+02   4.18e-03
  2.8400e+02   3.92e-03
  2.9059e+02   3.66e-03
  2.9733e+02   3.41e-03
  3.0423e+02   3.17e-03
  3.1129e+02   2.95e-03
  3.1851e+02   2.75e-03
  3.2590e+02   2.56e-03
  3.3346e+02   2.38e-03
  3.4120e+02   2.21e-03
  3.4911e+02   2.04e-03
  3.5721e+02   1.90e-03
  3.6550e+02   1.76e-03
  3.7398e+02   1.63e-03
  3.8266e+02   1.51e-03
  3.9154e+02   1.39e-03
  4.0062e+02   1.29e-03
  4.0991e+02   1.19e-03
  4.1943e+02   1.10e-03
  4.2916e+02   1.01e-03
  4.3911e+02   9.24e-04
  4.4930e+02   8.54e-04
  4.5973e+02   7.86e-04
  4.7039e+02   7.22e-04
  4.8131e+02   6.60e-04
  4.9247e+02   6.03e-04
  5.0390e+02   5.55e-04
  5.1559e+02   5.09e-04
  5.2755e+02   4.65e-04
  5.3979e+02   4.24e-04
  5.5232e+02   3.85e-04
  5.6513e+02   3.53e-04
  5.7824e+02   3.23e-04
  5.9166e+02   2.94e-04
  6.0539e+02   2.66e-04
  6.1943e+02   2.40e-04
  6.3381e+02   2.20e-04
  6.4851e+02   2.00e-04
  6.6356e+02   1.81e-04
  6.7895e+02   1.63e-04
  6.9471e+02   1.47e-04
  7.1082e+02   1.34e-04
  7.2732e+02   1.21e-04
  7.4419e+02   1.10e-04
  7.6146e+02   9.85e-05
  7.7912e+02   8.81e-05
  7.9720e+02   8.01e-05
  8.1570e+02   7.24e-05
  8.3462e+02   6.52e-05
  8.5399e+02   5.83e-05
  8.7380e+02   5.19e-05
  8.9407e+02   4.71e-05
  9.1482e+02   4.25e-05
  9.3604e+02   3.81e-05
  9.5776e+02   3.40e-05
  9.7998e+02   3.01e-05
  1.0027e+03   2.73e-05
  1.0260e+03   2.46e-05
  1.0498e+03   2.20e-05
  1.0741e+03   1.95e-05
  1.0991e+03   1.72e-05
  1.1246e+03   1.56e-05
  1.1507e+03   1.40e-05
  1.1774e+03   1.25e-05
  1.2047e+03   1.11e-05
  1.2326e+03   9.73e-06
  1.2612e+03   8.80e-06
  1.2905e+03   7.92e-06
  1.3204e+03   7.07e-06
  1.3511e+03   6.27e-06
  1.3824e+03   5.51e-06
  1.4145e+03   5.00e-06
  1.4473e+03   4.51e-06
  1.4809e+03   4.04e-06
  1.5152e+03   3.59e-06
  1.5504e+03   3.17e-06
  1.5864e+03   2.89e-06
  1.6232e+03   2.61e-06
  1.6608e+03   2.36e-06
  1.6994e+03   2.11e-06
  1.7388e+03   1.88e-06
  1.7791e+03   1.72e-06
  1.8204e+03   1.58e-06
  1.8626e+03   1.44e-06
  1.9059e+03   1.31e-06
  1.9501e+03   1.18e-06
  1.9953e+03   1.09e-06
  2.0416e+03   1.01e-06
  2.0890e+03   9.33e-07
  2.1375e+03   8.58e-07
  2.1870e+03   7.86e-07
  2.2378e+03   7.32e-07
  2.2897e+03   6.80e-07
  2.3428e+03   6.31e-07
  2.3972e+03   5.84e-07
  2.4528e+03   5.39e-07
  2.5097e+03   4.99e-07
  2.5680e+03   4.61e-07
  2.6275e+03   4.25e-07
  2.6885e+03   3.90e-07
  2.7509e+03   3.57e-07
  2.8147e+03   3.35e-07
  2.8800e+03   3.14e-07
