#  E [GeV]   # per interaction  [GeV^{-1}]
  3.0000e+01   2.56e-01
  3.0607e+01   2.47e-01
  3.1227e+01   2.39e-01
  3.1859e+01   2.31e-01
  3.2504e+01   2.23e-01
  3.3163e+01   2.15e-01
  3.3834e+01   2.07e-01
  3.4519e+01   2.00e-01
  3.5218e+01   1.93e-01
  3.5931e+01   1.86e-01
  3.6659e+01   1.79e-01
  3.7401e+01   1.73e-01
  3.8158e+01   1.67e-01
  3.8931e+01   1.61e-01
  3.9719e+01   1.55e-01
  4.0523e+01   1.49e-01
  4.1344e+01   1.44e-01
  4.2181e+01   1.38e-01
  4.3035e+01   1.33e-01
  4.3906e+01   1.28e-01
  4.4795e+01   1.23e-01
  4.5702e+01   1.18e-01
  4.6628e+01   1.14e-01
  4.7572e+01   1.09e-01
  4.8535e+01   1.05e-01
  4.9517e+01   1.01e-01
  5.0520e+01   9.70e-02
  5.1543e+01   9.32e-02
  5.2587e+01   8.94e-02
  5.3651e+01   8.58e-02
  5.4738e+01   8.23e-02
  5.5846e+01   7.90e-02
  5.6977e+01   7.58e-02
  5.8130e+01   7.27e-02
  5.9307e+01   6.97e-02
  6.0508e+01   6.68e-02
  6.1733e+01   6.40e-02
  6.2983e+01   6.13e-02
  6.4258e+01   5.88e-02
  6.5559e+01   5.63e-02
  6.6887e+01   5.39e-02
  6.8241e+01   5.15e-02
  6.9623e+01   4.93e-02
  7.1033e+01   4.72e-02
  7.2471e+01   4.51e-02
  7.3938e+01   4.32e-02
  7.5435e+01   4.12e-02
  7.6963e+01   3.94e-02
  7.8521e+01   3.76e-02
  8.0111e+01   3.59e-02
  8.1733e+01   3.43e-02
  8.3388e+01   3.27e-02
  8.5076e+01   3.12e-02
  8.6799e+01   2.97e-02
  8.8556e+01   2.83e-02
  9.0349e+01   2.70e-02
  9.2178e+01   2.58e-02
  9.4045e+01   2.45e-02
  9.5949e+01   2.33e-02
  9.7892e+01   2.22e-02
  9.9874e+01   2.11e-02
  1.0190e+02   2.01e-02
  1.0396e+02   1.91e-02
  1.0606e+02   1.82e-02
  1.0821e+02   1.72e-02
  1.1040e+02   1.64e-02
  1.1264e+02   1.56e-02
  1.1492e+02   1.48e-02
  1.1725e+02   1.40e-02
  1.1962e+02   1.33e-02
  1.2204e+02   1.26e-02
  1.2451e+02   1.19e-02
  1.2703e+02   1.13e-02
  1.2961e+02   1.07e-02
  1.3223e+02   1.02e-02
  1.3491e+02   9.62e-03
  1.3764e+02   9.09e-03
  1.4043e+02   8.60e-03
  1.4327e+02   8.15e-03
  1.4617e+02   7.71e-03
  1.4913e+02   7.28e-03
  1.5215e+02   6.87e-03
  1.5523e+02   6.47e-03
  1.5837e+02   6.12e-03
  1.6158e+02   5.78e-03
  1.6485e+02   5.45e-03
  1.6819e+02   5.13e-03
  1.7159e+02   4.82e-03
  1.7507e+02   4.54e-03
  1.7861e+02   4.28e-03
  1.8223e+02   4.03e-03
  1.8592e+02   3.79e-03
  1.8968e+02   3.56e-03
  1.9352e+02   3.34e-03
  1.9744e+02   3.14e-03
  2.0144e+02   2.95e-03
  2.0552e+02   2.78e-03
  2.0968e+02   2.61e-03
  2.1392e+02   2.44e-03
  2.1826e+02   2.28e-03
  2.2267e+02   2.14e-03
  2.2718e+02   2.01e-03
  2.3178e+02   1.89e-03
  2.3648e+02   1.76e-03
  2.4126e+02   1.65e-03
  2.4615e+02   1.54e-03
  2.5113e+02   1.44e-03
  2.5622e+02   1.35e-03
  2.6141e+02   1.26e-03
  2.6670e+02   1.18e-03
  2.7210e+02   1.10e-03
  2.7761e+02   1.02e-03
  2.8323e+02   9.57e-04
  2.8896e+02   8.94e-04
  2.9481e+02   8.34e-04
  3.0078e+02   7.76e-04
  3.0687e+02   7.20e-04
  3.1309e+02   6.70e-04
  3.1943e+02   6.26e-04
  3.2589e+02   5.83e-04
  3.3249e+02   5.42e-04
  3.3922e+02   5.03e-04
  3.4609e+02   4.65e-04
  3.5310e+02   4.33e-04
  3.6025e+02   4.03e-04
  3.6754e+02   3.75e-04
  3.7498e+02   3.48e-04
  3.8258e+02   3.21e-04
  3.9032e+02   2.97e-04
  3.9823e+02   2.76e-04
  4.0629e+02   2.57e-04
  4.1452e+02   2.39e-04
  4.2291e+02   2.21e-04
  4.3147e+02   2.03e-04
  4.4021e+02   1.88e-04
  4.4912e+02   1.75e-04
  4.5821e+02   1.62e-04
  4.6749e+02   1.50e-04
  4.7696e+02   1.39e-04
  4.8661e+02   1.28e-04
  4.9647e+02   1.18e-04
  5.0652e+02   1.10e-04
  5.1678e+02   1.02e-04
  5.2724e+02   9.39e-05
  5.3791e+02   8.65e-05
  5.4881e+02   7.94e-05
  5.5992e+02   7.36e-05
  5.7125e+02   6.83e-05
  5.8282e+02   6.32e-05
  5.9462e+02   5.83e-05
  6.0666e+02   5.36e-05
  6.1894e+02   4.92e-05
  6.3148e+02   4.57e-05
  6.4426e+02   4.24e-05
  6.5731e+02   3.92e-05
  6.7061e+02   3.61e-05
  6.8419e+02   3.32e-05
  6.9805e+02   3.06e-05
  7.1218e+02   2.84e-05
  7.2660e+02   2.62e-05
  7.4131e+02   2.42e-05
  7.5632e+02   2.23e-05
  7.7163e+02   2.04e-05
  7.8726e+02   1.89e-05
  8.0320e+02   1.75e-05
  8.1946e+02   1.63e-05
  8.3605e+02   1.50e-05
  8.5298e+02   1.38e-05
  8.7025e+02   1.27e-05
  8.8787e+02   1.19e-05
  9.0585e+02   1.11e-05
  9.2419e+02   1.03e-05
  9.4290e+02   9.58e-06
  9.6199e+02   8.89e-06
  9.8147e+02   8.24e-06
  1.0013e+03   7.79e-06
  1.0216e+03   7.35e-06
  1.0423e+03   6.94e-06
  1.0634e+03   6.53e-06
  1.0849e+03   6.15e-06
  1.1069e+03   5.82e-06
  1.1293e+03   5.57e-06
  1.1522e+03   5.33e-06
  1.1755e+03   5.10e-06
  1.1993e+03   4.88e-06
  1.2236e+03   4.67e-06
  1.2484e+03   4.50e-06
  1.2736e+03   4.36e-06
  1.2994e+03   4.23e-06
  1.3257e+03   4.10e-06
  1.3526e+03   3.98e-06
  1.3800e+03   3.85e-06
  1.4079e+03   3.76e-06
  1.4364e+03   3.67e-06
  1.4655e+03   3.59e-06
  1.4952e+03   3.50e-06
  1.5255e+03   3.42e-06
  1.5563e+03   3.34e-06
  1.5879e+03   3.27e-06
  1.6200e+03   3.19e-06
