#  E [MeV]   Flux [# cm^{-2} s^{-1}  MeV^{-1}]
  3.0000e+04   6.72e-26
  3.1232e+04   6.43e-26
  3.2514e+04   6.15e-26
  3.3849e+04   5.88e-26
  3.5238e+04   5.62e-26
  3.6685e+04   5.37e-26
  3.8191e+04   5.14e-26
  3.9759e+04   4.91e-26
  4.1391e+04   4.70e-26
  4.3090e+04   4.49e-26
  4.4859e+04   4.29e-26
  4.6701e+04   4.10e-26
  4.8618e+04   3.92e-26
  5.0614e+04   3.74e-26
  5.2692e+04   3.58e-26
  5.4855e+04   3.42e-26
  5.7107e+04   3.26e-26
  5.9451e+04   3.12e-26
  6.1892e+04   2.98e-26
  6.4433e+04   2.84e-26
  6.7078e+04   2.71e-26
  6.9832e+04   2.59e-26
  7.2699e+04   2.47e-26
  7.5683e+04   2.36e-26
  7.8790e+04   2.25e-26
  8.2025e+04   2.15e-26
  8.5392e+04   2.05e-26
  8.8898e+04   1.96e-26
  9.2547e+04   1.87e-26
  9.6347e+04   1.78e-26
  1.0030e+05   1.70e-26
  1.0442e+05   1.62e-26
  1.0871e+05   1.54e-26
  1.1317e+05   1.47e-26
  1.1782e+05   1.40e-26
  1.2265e+05   1.33e-26
  1.2769e+05   1.27e-26
  1.3293e+05   1.21e-26
  1.3839e+05   1.15e-26
  1.4407e+05   1.09e-26
  1.4998e+05   1.04e-26
  1.5614e+05   9.90e-27
  1.6255e+05   9.41e-27
  1.6922e+05   8.94e-27
  1.7617e+05   8.48e-27
  1.8340e+05   8.05e-27
  1.9093e+05   7.64e-27
  1.9877e+05   7.25e-27
  2.0693e+05   6.87e-27
  2.1543e+05   6.51e-27
  2.2427e+05   6.16e-27
  2.3348e+05   5.83e-27
  2.4306e+05   5.51e-27
  2.5304e+05   5.21e-27
  2.6343e+05   4.92e-27
  2.7424e+05   4.64e-27
  2.8550e+05   4.37e-27
  2.9722e+05   4.12e-27
  3.0942e+05   3.88e-27
  3.2213e+05   3.65e-27
  3.3535e+05   3.43e-27
  3.4912e+05   3.22e-27
  3.6345e+05   3.02e-27
  3.7837e+05   2.83e-27
  3.9390e+05   2.65e-27
  4.1008e+05   2.48e-27
  4.2691e+05   2.31e-27
  4.4444e+05   2.16e-27
  4.6268e+05   2.01e-27
  4.8168e+05   1.88e-27
  5.0145e+05   1.75e-27
  5.2204e+05   1.63e-27
  5.4347e+05   1.51e-27
  5.6578e+05   1.40e-27
  5.8901e+05   1.30e-27
  6.1319e+05   1.21e-27
  6.3836e+05   1.12e-27
  6.6457e+05   1.03e-27
  6.9185e+05   9.57e-28
  7.2025e+05   8.85e-28
  7.4982e+05   8.18e-28
  7.8061e+05   7.55e-28
  8.1265e+05   6.98e-28
  8.4601e+05   6.44e-28
  8.8075e+05   5.94e-28
  9.1690e+05   5.48e-28
  9.5455e+05   5.06e-28
  9.9373e+05   4.66e-28
  1.0345e+06   4.30e-28
  1.0770e+06   3.96e-28
  1.1212e+06   3.65e-28
  1.1672e+06   3.37e-28
  1.2152e+06   3.11e-28
  1.2650e+06   2.86e-28
  1.3170e+06   2.64e-28
  1.3711e+06   2.43e-28
  1.4273e+06   2.24e-28
  1.4859e+06   2.07e-28
  1.5469e+06   1.91e-28
  1.6104e+06   1.76e-28
  1.6766e+06   1.62e-28
  1.7454e+06   1.49e-28
  1.8170e+06   1.38e-28
  1.8916e+06   1.27e-28
  1.9693e+06   1.17e-28
  2.0501e+06   1.08e-28
  2.1343e+06   9.91e-29
  2.2219e+06   9.12e-29
  2.3131e+06   8.39e-29
  2.4081e+06   7.71e-29
  2.5070e+06   7.08e-29
  2.6099e+06   6.50e-29
  2.7170e+06   5.96e-29
  2.8286e+06   5.47e-29
  2.9447e+06   5.00e-29
  3.0656e+06   4.58e-29
  3.1914e+06   4.18e-29
  3.3225e+06   3.81e-29
  3.4589e+06   3.48e-29
  3.6008e+06   3.16e-29
  3.7487e+06   2.87e-29
  3.9026e+06   2.61e-29
  4.0628e+06   2.36e-29
  4.2296e+06   2.13e-29
  4.4032e+06   1.92e-29
  4.5840e+06   1.73e-29
  4.7722e+06   1.55e-29
  4.9681e+06   1.39e-29
  5.1720e+06   1.24e-29
  5.3844e+06   1.10e-29
  5.6054e+06   9.82e-30
  5.8355e+06   8.68e-30
  6.0751e+06   7.66e-30
  6.3245e+06   6.73e-30
  6.5841e+06   5.89e-30
  6.8544e+06   5.13e-30
  7.1358e+06   4.45e-30
  7.4288e+06   3.84e-30
  7.7338e+06   3.30e-30
  8.0513e+06   2.81e-30
  8.3818e+06   2.38e-30
  8.7259e+06   2.01e-30
  9.0841e+06   1.68e-30
  9.4571e+06   1.39e-30
  9.8453e+06   1.14e-30
  1.0249e+07   9.27e-31
  1.0670e+07   7.44e-31
  1.1108e+07   5.93e-31
  1.1564e+07   4.65e-31
  1.2039e+07   3.59e-31
  1.2533e+07   2.74e-31
  1.3048e+07   2.04e-31
  1.3584e+07   1.49e-31
  1.4141e+07   1.07e-31
  1.4722e+07   7.48e-32
  1.5326e+07   5.08e-32
  1.5955e+07   3.35e-32
  1.6610e+07   2.12e-32
  1.7292e+07   1.29e-32
  1.8002e+07   7.54e-33
  1.8741e+07   4.13e-33
  1.9511e+07   2.15e-33
  2.0312e+07   1.04e-33
  2.1145e+07   4.59e-34
  2.2013e+07   1.86e-34
  2.2917e+07   6.74e-35
  2.3858e+07   2.13e-35
  2.4837e+07   5.83e-36
  2.5857e+07   1.32e-36
  2.6919e+07   2.39e-37
  2.8024e+07   3.39e-38
  2.9174e+07   3.47e-39
  3.0372e+07   2.43e-40
  3.1619e+07   1.08e-41
  3.2917e+07   2.71e-43
  3.4268e+07   3.36e-45
  3.5675e+07   1.75e-47
  3.7140e+07   3.02e-50
  3.8664e+07   1.33e-53
  4.0252e+07   1.01e-57
  4.1904e+07   7.90e-63
  4.3624e+07   3.41e-69
  4.5415e+07   4.51e-72
  4.7280e+07   3.71e-72
  4.9221e+07   3.14e-72
  5.1241e+07   2.62e-72
  5.3345e+07   2.15e-72
  5.5535e+07   1.82e-72
  5.7815e+07   1.51e-72
  6.0188e+07   1.23e-72
  6.2659e+07   1.03e-72
  6.5232e+07   8.44e-73
  6.7910e+07   6.84e-73
  7.0698e+07   5.66e-73
  7.3600e+07   4.56e-73
  7.6621e+07   3.63e-73
  7.9767e+07   2.87e-73
  8.3042e+07   2.17e-73
  8.6451e+07   1.60e-73
  9.0000e+07   1.14e-73
