#  E [MeV]   Flux [# cm^{-2} s^{-1}  MeV^{-1}]
  3.0000e+04   3.31e-24
  3.0962e+04   3.18e-24
  3.1955e+04   3.05e-24
  3.2979e+04   2.93e-24
  3.4037e+04   2.81e-24
  3.5128e+04   2.70e-24
  3.6254e+04   2.59e-24
  3.7417e+04   2.49e-24
  3.8616e+04   2.39e-24
  3.9855e+04   2.29e-24
  4.1132e+04   2.20e-24
  4.2451e+04   2.11e-24
  4.3812e+04   2.02e-24
  4.5217e+04   1.94e-24
  4.6667e+04   1.86e-24
  4.8163e+04   1.78e-24
  4.9707e+04   1.71e-24
  5.1301e+04   1.64e-24
  5.2946e+04   1.57e-24
  5.4644e+04   1.51e-24
  5.6396e+04   1.44e-24
  5.8204e+04   1.38e-24
  6.0070e+04   1.33e-24
  6.1996e+04   1.27e-24
  6.3984e+04   1.22e-24
  6.6035e+04   1.17e-24
  6.8153e+04   1.12e-24
  7.0338e+04   1.07e-24
  7.2593e+04   1.02e-24
  7.4921e+04   9.80e-25
  7.7323e+04   9.39e-25
  7.9802e+04   8.99e-25
  8.2361e+04   8.60e-25
  8.5002e+04   8.23e-25
  8.7727e+04   7.88e-25
  9.0540e+04   7.54e-25
  9.3443e+04   7.21e-25
  9.6439e+04   6.90e-25
  9.9531e+04   6.60e-25
  1.0272e+05   6.31e-25
  1.0602e+05   6.03e-25
  1.0942e+05   5.77e-25
  1.1292e+05   5.51e-25
  1.1654e+05   5.27e-25
  1.2028e+05   5.03e-25
  1.2414e+05   4.81e-25
  1.2812e+05   4.59e-25
  1.3223e+05   4.38e-25
  1.3646e+05   4.18e-25
  1.4084e+05   3.99e-25
  1.4536e+05   3.80e-25
  1.5002e+05   3.63e-25
  1.5483e+05   3.46e-25
  1.5979e+05   3.30e-25
  1.6491e+05   3.14e-25
  1.7020e+05   2.99e-25
  1.7566e+05   2.84e-25
  1.8129e+05   2.71e-25
  1.8710e+05   2.57e-25
  1.9310e+05   2.45e-25
  1.9929e+05   2.32e-25
  2.0568e+05   2.21e-25
  2.1228e+05   2.09e-25
  2.1909e+05   1.99e-25
  2.2611e+05   1.88e-25
  2.3336e+05   1.78e-25
  2.4084e+05   1.69e-25
  2.4856e+05   1.60e-25
  2.5653e+05   1.52e-25
  2.6476e+05   1.44e-25
  2.7325e+05   1.36e-25
  2.8201e+05   1.29e-25
  2.9105e+05   1.22e-25
  3.0038e+05   1.15e-25
  3.1002e+05   1.09e-25
  3.1996e+05   1.03e-25
  3.3021e+05   9.75e-26
  3.4080e+05   9.21e-26
  3.5173e+05   8.70e-26
  3.6301e+05   8.22e-26
  3.7465e+05   7.76e-26
  3.8666e+05   7.32e-26
  3.9905e+05   6.90e-26
  4.1185e+05   6.50e-26
  4.2506e+05   6.12e-26
  4.3868e+05   5.76e-26
  4.5275e+05   5.42e-26
  4.6727e+05   5.10e-26
  4.8225e+05   4.79e-26
  4.9771e+05   4.50e-26
  5.1367e+05   4.23e-26
  5.3014e+05   3.96e-26
  5.4714e+05   3.72e-26
  5.6468e+05   3.48e-26
  5.8278e+05   3.26e-26
  6.0147e+05   3.05e-26
  6.2075e+05   2.86e-26
  6.4066e+05   2.67e-26
  6.6120e+05   2.50e-26
  6.8240e+05   2.33e-26
  7.0428e+05   2.17e-26
  7.2686e+05   2.03e-26
  7.5017e+05   1.89e-26
  7.7422e+05   1.76e-26
  7.9904e+05   1.64e-26
  8.2466e+05   1.52e-26
  8.5110e+05   1.41e-26
  8.7839e+05   1.31e-26
  9.0656e+05   1.22e-26
  9.3562e+05   1.13e-26
  9.6562e+05   1.04e-26
  9.9658e+05   9.63e-27
  1.0285e+06   8.92e-27
  1.0615e+06   8.24e-27
  1.0956e+06   7.59e-27
  1.1307e+06   7.00e-27
  1.1669e+06   6.46e-27
  1.2043e+06   5.94e-27
  1.2430e+06   5.45e-27
  1.2828e+06   5.02e-27
  1.3239e+06   4.61e-27
  1.3664e+06   4.22e-27
  1.4102e+06   3.86e-27
  1.4554e+06   3.54e-27
  1.5021e+06   3.24e-27
  1.5502e+06   2.95e-27
  1.6000e+06   2.69e-27
  1.6513e+06   2.45e-27
  1.7042e+06   2.23e-27
  1.7588e+06   2.02e-27
  1.8152e+06   1.84e-27
  1.8734e+06   1.67e-27
  1.9335e+06   1.51e-27
  1.9955e+06   1.36e-27
  2.0595e+06   1.23e-27
  2.1255e+06   1.11e-27
  2.1937e+06   1.00e-27
  2.2640e+06   9.00e-28
  2.3366e+06   8.12e-28
  2.4115e+06   7.28e-28
  2.4888e+06   6.49e-28
  2.5686e+06   5.84e-28
  2.6510e+06   5.24e-28
  2.7360e+06   4.67e-28
  2.8237e+06   4.15e-28
  2.9142e+06   3.72e-28
  3.0077e+06   3.31e-28
  3.1041e+06   2.93e-28
  3.2036e+06   2.60e-28
  3.3064e+06   2.31e-28
  3.4124e+06   2.04e-28
  3.5218e+06   1.79e-28
  3.6347e+06   1.59e-28
  3.7512e+06   1.40e-28
  3.8715e+06   1.23e-28
  3.9957e+06   1.07e-28
  4.1238e+06   9.51e-29
  4.2560e+06   8.35e-29
  4.3924e+06   7.24e-29
  4.5333e+06   6.35e-29
  4.6786e+06   5.58e-29
  4.8286e+06   4.85e-29
  4.9835e+06   4.17e-29
  5.1433e+06   3.68e-29
  5.3082e+06   3.21e-29
  5.4784e+06   2.77e-29
  5.6540e+06   2.39e-29
  5.8353e+06   2.10e-29
  6.0224e+06   1.82e-29
  6.2155e+06   1.56e-29
  6.4148e+06   1.35e-29
  6.6205e+06   1.18e-29
  6.8327e+06   1.02e-29
  7.0518e+06   8.70e-30
  7.2779e+06   7.66e-30
  7.5113e+06   6.68e-30
  7.7521e+06   5.76e-30
  8.0007e+06   4.99e-30
  8.2572e+06   4.40e-30
  8.5219e+06   3.85e-30
  8.7952e+06   3.32e-30
  9.0772e+06   2.93e-30
  9.3682e+06   2.59e-30
  9.6686e+06   2.27e-30
  9.9786e+06   1.98e-30
  1.0299e+07   1.78e-30
  1.0629e+07   1.59e-30
  1.0970e+07   1.41e-30
  1.1321e+07   1.26e-30
  1.1684e+07   1.14e-30
  1.2059e+07   1.02e-30
  1.2446e+07   9.15e-31
  1.2845e+07   8.23e-31
  1.3256e+07   7.38e-31
  1.3681e+07   6.59e-31
  1.4120e+07   5.85e-31
  1.4573e+07   5.19e-31
  1.5040e+07   4.58e-31
  1.5522e+07   4.01e-31
  1.6020e+07   3.52e-31
