#  E [MeV]   Flux [# cm^{-2} s^{-1}  MeV^{-1}]
  3.0000e+04   1.04e-22
  3.0517e+04   1.01e-22
  3.1043e+04   9.78e-23
  3.1578e+04   9.47e-23
  3.2123e+04   9.17e-23
  3.2676e+04   8.88e-23
  3.3240e+04   8.60e-23
  3.3813e+04   8.33e-23
  3.4396e+04   8.06e-23
  3.4989e+04   7.80e-23
  3.5592e+04   7.55e-23
  3.6205e+04   7.31e-23
  3.6829e+04   7.07e-23
  3.7464e+04   6.84e-23
  3.8110e+04   6.61e-23
  3.8767e+04   6.39e-23
  3.9435e+04   6.18e-23
  4.0115e+04   5.98e-23
  4.0807e+04   5.78e-23
  4.1510e+04   5.58e-23
  4.2226e+04   5.40e-23
  4.2953e+04   5.21e-23
  4.3694e+04   5.04e-23
  4.4447e+04   4.86e-23
  4.5213e+04   4.70e-23
  4.5993e+04   4.54e-23
  4.6786e+04   4.38e-23
  4.7592e+04   4.22e-23
  4.8412e+04   4.07e-23
  4.9247e+04   3.93e-23
  5.0096e+04   3.80e-23
  5.0960e+04   3.66e-23
  5.1838e+04   3.53e-23
  5.2732e+04   3.40e-23
  5.3641e+04   3.28e-23
  5.4565e+04   3.16e-23
  5.5506e+04   3.05e-23
  5.6463e+04   2.94e-23
  5.7436e+04   2.83e-23
  5.8426e+04   2.72e-23
  5.9433e+04   2.62e-23
  6.0458e+04   2.52e-23
  6.1500e+04   2.43e-23
  6.2560e+04   2.34e-23
  6.3639e+04   2.25e-23
  6.4736e+04   2.17e-23
  6.5852e+04   2.09e-23
  6.6987e+04   2.00e-23
  6.8142e+04   1.93e-23
  6.9316e+04   1.85e-23
  7.0511e+04   1.78e-23
  7.1727e+04   1.71e-23
  7.2963e+04   1.65e-23
  7.4221e+04   1.58e-23
  7.5500e+04   1.52e-23
  7.6802e+04   1.46e-23
  7.8126e+04   1.40e-23
  7.9472e+04   1.35e-23
  8.0842e+04   1.29e-23
  8.2236e+04   1.24e-23
  8.3654e+04   1.19e-23
  8.5096e+04   1.14e-23
  8.6563e+04   1.09e-23
  8.8055e+04   1.05e-23
  8.9573e+04   1.00e-23
  9.1117e+04   9.63e-24
  9.2687e+04   9.22e-24
  9.4285e+04   8.83e-24
  9.5911e+04   8.44e-24
  9.7564e+04   8.09e-24
  9.9246e+04   7.75e-24
  1.0096e+05   7.42e-24
  1.0270e+05   7.09e-24
  1.0447e+05   6.78e-24
  1.0627e+05   6.48e-24
  1.0810e+05   6.18e-24
  1.0996e+05   5.92e-24
  1.1186e+05   5.66e-24
  1.1379e+05   5.41e-24
  1.1575e+05   5.16e-24
  1.1774e+05   4.92e-24
  1.1977e+05   4.69e-24
  1.2184e+05   4.48e-24
  1.2394e+05   4.28e-24
  1.2608e+05   4.08e-24
  1.2825e+05   3.89e-24
  1.3046e+05   3.71e-24
  1.3271e+05   3.53e-24
  1.3500e+05   3.36e-24
  1.3732e+05   3.20e-24
  1.3969e+05   3.05e-24
  1.4210e+05   2.91e-24
  1.4455e+05   2.77e-24
  1.4704e+05   2.63e-24
  1.4957e+05   2.50e-24
  1.5215e+05   2.37e-24
  1.5478e+05   2.25e-24
  1.5744e+05   2.14e-24
  1.6016e+05   2.04e-24
  1.6292e+05   1.94e-24
  1.6573e+05   1.84e-24
  1.6858e+05   1.74e-24
  1.7149e+05   1.65e-24
  1.7445e+05   1.56e-24
  1.7745e+05   1.48e-24
  1.8051e+05   1.41e-24
  1.8362e+05   1.33e-24
  1.8679e+05   1.26e-24
  1.9001e+05   1.19e-24
  1.9328e+05   1.12e-24
  1.9662e+05   1.06e-24
  2.0001e+05   1.00e-24
  2.0345e+05   9.48e-25
  2.0696e+05   8.95e-25
  2.1053e+05   8.42e-25
  2.1416e+05   7.92e-25
  2.1785e+05   7.47e-25
  2.2160e+05   7.06e-25
  2.2543e+05   6.66e-25
  2.2931e+05   6.27e-25
  2.3326e+05   5.89e-25
  2.3729e+05   5.53e-25
  2.4138e+05   5.17e-25
  2.4554e+05   4.88e-25
  2.4977e+05   4.59e-25
  2.5407e+05   4.32e-25
  2.5845e+05   4.05e-25
  2.6291e+05   3.79e-25
  2.6744e+05   3.54e-25
  2.7205e+05   3.31e-25
  2.7674e+05   3.11e-25
  2.8151e+05   2.92e-25
  2.8637e+05   2.73e-25
  2.9130e+05   2.55e-25
  2.9632e+05   2.38e-25
  3.0143e+05   2.21e-25
  3.0663e+05   2.06e-25
  3.1191e+05   1.93e-25
  3.1729e+05   1.80e-25
  3.2276e+05   1.68e-25
  3.2832e+05   1.56e-25
  3.3398e+05   1.45e-25
  3.3974e+05   1.34e-25
  3.4560e+05   1.25e-25
  3.5155e+05   1.16e-25
  3.5761e+05   1.08e-25
  3.6378e+05   1.00e-25
  3.7005e+05   9.28e-26
  3.7643e+05   8.54e-26
  3.8292e+05   7.84e-26
  3.8952e+05   7.30e-26
  3.9623e+05   6.77e-26
  4.0306e+05   6.27e-26
  4.1001e+05   5.78e-26
  4.1708e+05   5.31e-26
  4.2427e+05   4.86e-26
  4.3158e+05   4.45e-26
  4.3902e+05   4.12e-26
  4.4659e+05   3.81e-26
  4.5429e+05   3.50e-26
  4.6212e+05   3.21e-26
  4.7009e+05   2.93e-26
  4.7819e+05   2.66e-26
  4.8643e+05   2.43e-26
  4.9482e+05   2.24e-26
  5.0335e+05   2.06e-26
  5.1203e+05   1.89e-26
  5.2085e+05   1.72e-26
  5.2983e+05   1.56e-26
  5.3897e+05   1.40e-26
  5.4826e+05   1.29e-26
  5.5771e+05   1.18e-26
  5.6732e+05   1.08e-26
  5.7710e+05   9.80e-27
  5.8705e+05   8.85e-27
  5.9717e+05   7.94e-27
  6.0746e+05   7.09e-27
  6.1793e+05   6.51e-27
  6.2859e+05   5.95e-27
  6.3942e+05   5.41e-27
  6.5045e+05   4.89e-27
  6.6166e+05   4.39e-27
  6.7306e+05   3.91e-27
  6.8467e+05   3.50e-27
  6.9647e+05   3.19e-27
  7.0847e+05   2.88e-27
  7.2069e+05   2.60e-27
  7.3311e+05   2.32e-27
  7.4575e+05   2.05e-27
  7.5860e+05   1.80e-27
  7.7168e+05   1.60e-27
  7.8498e+05   1.44e-27
  7.9852e+05   1.29e-27
  8.1228e+05   1.14e-27
  8.2628e+05   9.96e-28
  8.4053e+05   8.60e-28
  8.5502e+05   7.30e-28
  8.6976e+05   6.60e-28
  8.8475e+05   6.01e-28
  9.0000e+05   5.45e-28
