#  E [GeV]   # per interaction  [GeV^{-1}]
  3.0000e+01   4.58e-01
  3.0782e+01   4.44e-01
  3.1585e+01   4.29e-01
  3.2409e+01   4.14e-01
  3.3255e+01   4.01e-01
  3.4122e+01   3.87e-01
  3.5012e+01   3.74e-01
  3.5925e+01   3.61e-01
  3.6862e+01   3.49e-01
  3.7824e+01   3.36e-01
  3.8810e+01   3.25e-01
  3.9822e+01   3.13e-01
  4.0861e+01   3.02e-01
  4.1927e+01   2.91e-01
  4.3021e+01   2.81e-01
  4.4143e+01   2.71e-01
  4.5294e+01   2.61e-01
  4.6475e+01   2.51e-01
  4.7688e+01   2.42e-01
  4.8931e+01   2.33e-01
  5.0208e+01   2.24e-01
  5.1517e+01   2.15e-01
  5.2861e+01   2.07e-01
  5.4240e+01   1.99e-01
  5.5654e+01   1.92e-01
  5.7106e+01   1.84e-01
  5.8596e+01   1.77e-01
  6.0124e+01   1.70e-01
  6.1692e+01   1.63e-01
  6.3301e+01   1.57e-01
  6.4952e+01   1.50e-01
  6.6647e+01   1.44e-01
  6.8385e+01   1.38e-01
  7.0169e+01   1.32e-01
  7.1999e+01   1.27e-01
  7.3877e+01   1.22e-01
  7.5804e+01   1.16e-01
  7.7781e+01   1.12e-01
  7.9810e+01   1.07e-01
  8.1891e+01   1.02e-01
  8.4027e+01   9.78e-02
  8.6219e+01   9.36e-02
  8.8468e+01   8.95e-02
  9.0775e+01   8.56e-02
  9.3143e+01   8.19e-02
  9.5572e+01   7.83e-02
  9.8065e+01   7.48e-02
  1.0062e+02   7.14e-02
  1.0325e+02   6.82e-02
  1.0594e+02   6.51e-02
  1.0870e+02   6.21e-02
  1.1154e+02   5.93e-02
  1.1445e+02   5.66e-02
  1.1743e+02   5.39e-02
  1.2050e+02   5.14e-02
  1.2364e+02   4.89e-02
  1.2686e+02   4.66e-02
  1.3017e+02   4.44e-02
  1.3357e+02   4.22e-02
  1.3705e+02   4.01e-02
  1.4063e+02   3.82e-02
  1.4429e+02   3.63e-02
  1.4806e+02   3.45e-02
  1.5192e+02   3.27e-02
  1.5588e+02   3.10e-02
  1.5995e+02   2.95e-02
  1.6412e+02   2.80e-02
  1.6840e+02   2.65e-02
  1.7279e+02   2.51e-02
  1.7730e+02   2.38e-02
  1.8193e+02   2.25e-02
  1.8667e+02   2.13e-02
  1.9154e+02   2.02e-02
  1.9654e+02   1.91e-02
  2.0166e+02   1.80e-02
  2.0692e+02   1.70e-02
  2.1232e+02   1.61e-02
  2.1786e+02   1.52e-02
  2.2354e+02   1.43e-02
  2.2937e+02   1.35e-02
  2.3535e+02   1.27e-02
  2.4149e+02   1.20e-02
  2.4779e+02   1.13e-02
  2.5425e+02   1.06e-02
  2.6088e+02   9.99e-03
  2.6769e+02   9.39e-03
  2.7467e+02   8.80e-03
  2.8184e+02   8.28e-03
  2.8919e+02   7.77e-03
  2.9673e+02   7.28e-03
  3.0447e+02   6.82e-03
  3.1241e+02   6.39e-03
  3.2056e+02   5.98e-03
  3.2892e+02   5.60e-03
  3.3750e+02   5.23e-03
  3.4630e+02   4.88e-03
  3.5533e+02   4.56e-03
  3.6460e+02   4.26e-03
  3.7411e+02   3.97e-03
  3.8387e+02   3.70e-03
  3.9388e+02   3.45e-03
  4.0416e+02   3.21e-03
  4.1470e+02   2.99e-03
  4.2551e+02   2.78e-03
  4.3661e+02   2.58e-03
  4.4800e+02   2.40e-03
  4.5969e+02   2.23e-03
  4.7168e+02   2.06e-03
  4.8398e+02   1.91e-03
  4.9660e+02   1.77e-03
  5.0956e+02   1.64e-03
  5.2285e+02   1.52e-03
  5.3648e+02   1.40e-03
  5.5048e+02   1.29e-03
  5.6483e+02   1.19e-03
  5.7957e+02   1.10e-03
  5.9468e+02   1.01e-03
  6.1020e+02   9.31e-04
  6.2611e+02   8.58e-04
  6.4244e+02   7.91e-04
  6.5920e+02   7.28e-04
  6.7639e+02   6.67e-04
  6.9403e+02   6.11e-04
  7.1214e+02   5.63e-04
  7.3071e+02   5.17e-04
  7.4977e+02   4.74e-04
  7.6933e+02   4.32e-04
  7.8939e+02   3.97e-04
  8.0998e+02   3.64e-04
  8.3111e+02   3.33e-04
  8.5279e+02   3.04e-04
  8.7503e+02   2.77e-04
  8.9785e+02   2.54e-04
  9.2127e+02   2.33e-04
  9.4530e+02   2.12e-04
  9.6996e+02   1.92e-04
  9.9526e+02   1.76e-04
  1.0212e+03   1.61e-04
  1.0479e+03   1.46e-04
  1.0752e+03   1.33e-04
  1.1032e+03   1.20e-04
  1.1320e+03   1.10e-04
  1.1615e+03   1.00e-04
  1.1918e+03   9.09e-05
  1.2229e+03   8.21e-05
  1.2548e+03   7.50e-05
  1.2875e+03   6.83e-05
  1.3211e+03   6.20e-05
  1.3556e+03   5.60e-05
  1.3909e+03   5.08e-05
  1.4272e+03   4.63e-05
  1.4644e+03   4.21e-05
  1.5026e+03   3.80e-05
  1.5418e+03   3.42e-05
  1.5820e+03   3.12e-05
  1.6233e+03   2.84e-05
  1.6657e+03   2.57e-05
  1.7091e+03   2.31e-05
  1.7537e+03   2.10e-05
  1.7994e+03   1.91e-05
  1.8464e+03   1.73e-05
  1.8945e+03   1.57e-05
  1.9439e+03   1.41e-05
  1.9946e+03   1.28e-05
  2.0467e+03   1.17e-05
  2.1000e+03   1.06e-05
  2.1548e+03   9.52e-06
  2.2110e+03   8.62e-06
  2.2687e+03   7.85e-06
  2.3279e+03   7.11e-06
  2.3886e+03   6.41e-06
  2.4509e+03   5.75e-06
  2.5148e+03   5.26e-06
  2.5804e+03   4.78e-06
  2.6477e+03   4.33e-06
  2.7168e+03   3.90e-06
  2.7876e+03   3.56e-06
  2.8603e+03   3.26e-06
  2.9349e+03   2.98e-06
  3.0115e+03   2.71e-06
  3.0900e+03   2.46e-06
  3.1706e+03   2.29e-06
  3.2533e+03   2.13e-06
  3.3382e+03   1.97e-06
  3.4253e+03   1.82e-06
  3.5146e+03   1.70e-06
  3.6063e+03   1.61e-06
  3.7003e+03   1.51e-06
  3.7969e+03   1.42e-06
  3.8959e+03   1.34e-06
  3.9975e+03   1.28e-06
  4.1018e+03   1.23e-06
  4.2088e+03   1.17e-06
  4.3185e+03   1.12e-06
  4.4312e+03   1.08e-06
  4.5467e+03   1.05e-06
  4.6653e+03   1.01e-06
  4.7870e+03   9.79e-07
  4.9119e+03   9.47e-07
  5.0400e+03   9.16e-07
