#  E [GeV]   # per interaction  [GeV^{-1}]
  3.0000e+01   2.98e-01
  3.0782e+01   2.88e-01
  3.1585e+01   2.79e-01
  3.2409e+01   2.69e-01
  3.3255e+01   2.61e-01
  3.4122e+01   2.52e-01
  3.5012e+01   2.43e-01
  3.5925e+01   2.35e-01
  3.6862e+01   2.27e-01
  3.7824e+01   2.19e-01
  3.8810e+01   2.12e-01
  3.9822e+01   2.05e-01
  4.0861e+01   1.97e-01
  4.1927e+01   1.91e-01
  4.3021e+01   1.84e-01
  4.4143e+01   1.77e-01
  4.5294e+01   1.71e-01
  4.6475e+01   1.65e-01
  4.7688e+01   1.59e-01
  4.8931e+01   1.53e-01
  5.0208e+01   1.48e-01
  5.1517e+01   1.42e-01
  5.2861e+01   1.37e-01
  5.4240e+01   1.32e-01
  5.5654e+01   1.27e-01
  5.7106e+01   1.22e-01
  5.8596e+01   1.18e-01
  6.0124e+01   1.13e-01
  6.1692e+01   1.09e-01
  6.3301e+01   1.05e-01
  6.4952e+01   1.01e-01
  6.6647e+01   9.69e-02
  6.8385e+01   9.32e-02
  7.0169e+01   8.95e-02
  7.1999e+01   8.60e-02
  7.3877e+01   8.26e-02
  7.5804e+01   7.93e-02
  7.7781e+01   7.62e-02
  7.9810e+01   7.31e-02
  8.1891e+01   7.02e-02
  8.4027e+01   6.73e-02
  8.6219e+01   6.46e-02
  8.8468e+01   6.19e-02
  9.0775e+01   5.94e-02
  9.3143e+01   5.69e-02
  9.5572e+01   5.46e-02
  9.8065e+01   5.23e-02
  1.0062e+02   5.01e-02
  1.0325e+02   4.79e-02
  1.0594e+02   4.59e-02
  1.0870e+02   4.39e-02
  1.1154e+02   4.20e-02
  1.1445e+02   4.02e-02
  1.1743e+02   3.85e-02
  1.2050e+02   3.68e-02
  1.2364e+02   3.51e-02
  1.2686e+02   3.36e-02
  1.3017e+02   3.21e-02
  1.3357e+02   3.06e-02
  1.3705e+02   2.92e-02
  1.4063e+02   2.79e-02
  1.4429e+02   2.66e-02
  1.4806e+02   2.54e-02
  1.5192e+02   2.42e-02
  1.5588e+02   2.30e-02
  1.5995e+02   2.20e-02
  1.6412e+02   2.09e-02
  1.6840e+02   1.99e-02
  1.7279e+02   1.89e-02
  1.7730e+02   1.80e-02
  1.8193e+02   1.71e-02
  1.8667e+02   1.63e-02
  1.9154e+02   1.55e-02
  1.9654e+02   1.47e-02
  2.0166e+02   1.40e-02
  2.0692e+02   1.33e-02
  2.1232e+02   1.26e-02
  2.1786e+02   1.19e-02
  2.2354e+02   1.13e-02
  2.2937e+02   1.07e-02
  2.3535e+02   1.02e-02
  2.4149e+02   9.63e-03
  2.4779e+02   9.11e-03
  2.5425e+02   8.62e-03
  2.6088e+02   8.15e-03
  2.6769e+02   7.69e-03
  2.7467e+02   7.27e-03
  2.8184e+02   6.87e-03
  2.8919e+02   6.48e-03
  2.9673e+02   6.11e-03
  3.0447e+02   5.76e-03
  3.1241e+02   5.43e-03
  3.2056e+02   5.12e-03
  3.2892e+02   4.81e-03
  3.3750e+02   4.52e-03
  3.4630e+02   4.26e-03
  3.5533e+02   4.00e-03
  3.6460e+02   3.76e-03
  3.7411e+02   3.53e-03
  3.8387e+02   3.31e-03
  3.9388e+02   3.10e-03
  4.0416e+02   2.91e-03
  4.1470e+02   2.72e-03
  4.2551e+02   2.55e-03
  4.3661e+02   2.38e-03
  4.4800e+02   2.23e-03
  4.5969e+02   2.08e-03
  4.7168e+02   1.94e-03
  4.8398e+02   1.82e-03
  4.9660e+02   1.69e-03
  5.0956e+02   1.58e-03
  5.2285e+02   1.47e-03
  5.3648e+02   1.37e-03
  5.5048e+02   1.27e-03
  5.6483e+02   1.18e-03
  5.7957e+02   1.10e-03
  5.9468e+02   1.02e-03
  6.1020e+02   9.48e-04
  6.2611e+02   8.80e-04
  6.4244e+02   8.16e-04
  6.5920e+02   7.56e-04
  6.7639e+02   6.99e-04
  6.9403e+02   6.49e-04
  7.1214e+02   6.01e-04
  7.3071e+02   5.55e-04
  7.4977e+02   5.12e-04
  7.6933e+02   4.74e-04
  7.8939e+02   4.38e-04
  8.0998e+02   4.05e-04
  8.3111e+02   3.73e-04
  8.5279e+02   3.43e-04
  8.7503e+02   3.17e-04
  8.9785e+02   2.93e-04
  9.2127e+02   2.69e-04
  9.4530e+02   2.47e-04
  9.6996e+02   2.28e-04
  9.9526e+02   2.10e-04
  1.0212e+03   1.93e-04
  1.0479e+03   1.77e-04
  1.0752e+03   1.62e-04
  1.1032e+03   1.50e-04
  1.1320e+03   1.38e-04
  1.1615e+03   1.26e-04
  1.1918e+03   1.15e-04
  1.2229e+03   1.06e-04
  1.2548e+03   9.78e-05
  1.2875e+03   8.97e-05
  1.3211e+03   8.22e-05
  1.3556e+03   7.53e-05
  1.3909e+03   6.93e-05
  1.4272e+03   6.37e-05
  1.4644e+03   5.84e-05
  1.5026e+03   5.34e-05
  1.5418e+03   4.92e-05
  1.5820e+03   4.53e-05
  1.6233e+03   4.16e-05
  1.6657e+03   3.81e-05
  1.7091e+03   3.50e-05
  1.7537e+03   3.24e-05
  1.7994e+03   2.98e-05
  1.8464e+03   2.74e-05
  1.8945e+03   2.51e-05
  1.9439e+03   2.34e-05
  1.9946e+03   2.17e-05
  2.0467e+03   2.01e-05
  2.1000e+03   1.86e-05
  2.1548e+03   1.72e-05
  2.2110e+03   1.61e-05
  2.2687e+03   1.51e-05
  2.3279e+03   1.41e-05
  2.3886e+03   1.31e-05
  2.4509e+03   1.24e-05
  2.5148e+03   1.17e-05
  2.5804e+03   1.11e-05
  2.6477e+03   1.05e-05
  2.7168e+03   9.96e-06
  2.7876e+03   9.53e-06
  2.8603e+03   9.12e-06
  2.9349e+03   8.73e-06
  3.0115e+03   8.36e-06
  3.0900e+03   8.17e-06
  3.1706e+03   7.99e-06
  3.2533e+03   7.81e-06
  3.3382e+03   7.63e-06
  3.4253e+03   7.57e-06
  3.5146e+03   7.59e-06
  3.6063e+03   7.59e-06
  3.7003e+03   7.59e-06
  3.7969e+03   7.62e-06
  3.8959e+03   8.00e-06
  3.9975e+03   8.34e-06
  4.1018e+03   8.65e-06
  4.2088e+03   8.92e-06
  4.3185e+03   9.67e-06
  4.4312e+03   1.06e-05
  4.5467e+03   1.15e-05
  4.6653e+03   1.23e-05
  4.7870e+03   1.26e-05
  4.9119e+03   1.03e-05
  5.0400e+03   8.15e-06
