#  E [MeV]   Flux [# cm^{-2} s^{-1}  MeV^{-1}]
  3.0000e+04   3.08e-21
  3.0943e+04   2.97e-21
  3.1916e+04   2.86e-21
  3.2920e+04   2.76e-21
  3.3955e+04   2.67e-21
  3.5023e+04   2.57e-21
  3.6124e+04   2.48e-21
  3.7260e+04   2.39e-21
  3.8432e+04   2.31e-21
  3.9640e+04   2.23e-21
  4.0887e+04   2.15e-21
  4.2172e+04   2.07e-21
  4.3499e+04   2.00e-21
  4.4866e+04   1.93e-21
  4.6277e+04   1.86e-21
  4.7732e+04   1.79e-21
  4.9233e+04   1.73e-21
  5.0781e+04   1.67e-21
  5.2378e+04   1.61e-21
  5.4025e+04   1.55e-21
  5.5724e+04   1.49e-21
  5.7476e+04   1.44e-21
  5.9284e+04   1.39e-21
  6.1148e+04   1.34e-21
  6.3071e+04   1.29e-21
  6.5054e+04   1.25e-21
  6.7100e+04   1.20e-21
  6.9210e+04   1.16e-21
  7.1386e+04   1.12e-21
  7.3631e+04   1.08e-21
  7.5946e+04   1.04e-21
  7.8334e+04   1.00e-21
  8.0797e+04   9.68e-22
  8.3338e+04   9.34e-22
  8.5959e+04   9.02e-22
  8.8662e+04   8.71e-22
  9.1450e+04   8.41e-22
  9.4325e+04   8.12e-22
  9.7291e+04   7.84e-22
  1.0035e+05   7.58e-22
  1.0351e+05   7.32e-22
  1.0676e+05   7.08e-22
  1.1012e+05   6.84e-22
  1.1358e+05   6.62e-22
  1.1715e+05   6.40e-22
  1.2084e+05   6.19e-22
  1.2464e+05   5.99e-22
  1.2856e+05   5.79e-22
  1.3260e+05   5.61e-22
  1.3677e+05   5.43e-22
  1.4107e+05   5.26e-22
  1.4550e+05   5.09e-22
  1.5008e+05   4.93e-22
  1.5480e+05   4.78e-22
  1.5967e+05   4.63e-22
  1.6469e+05   4.48e-22
  1.6987e+05   4.34e-22
  1.7521e+05   4.21e-22
  1.8072e+05   4.09e-22
  1.8640e+05   3.96e-22
  1.9226e+05   3.84e-22
  1.9831e+05   3.73e-22
  2.0454e+05   3.62e-22
  2.1097e+05   3.52e-22
  2.1761e+05   3.41e-22
  2.2445e+05   3.32e-22
  2.3151e+05   3.22e-22
  2.3879e+05   3.13e-22
  2.4630e+05   3.04e-22
  2.5404e+05   2.95e-22
  2.6203e+05   2.86e-22
  2.7027e+05   2.78e-22
  2.7877e+05   2.70e-22
  2.8753e+05   2.62e-22
  2.9657e+05   2.55e-22
  3.0590e+05   2.47e-22
  3.1552e+05   2.40e-22
  3.2544e+05   2.33e-22
  3.3567e+05   2.26e-22
  3.4623e+05   2.20e-22
  3.5712e+05   2.13e-22
  3.6835e+05   2.07e-22
  3.7993e+05   2.01e-22
  3.9188e+05   1.95e-22
  4.0420e+05   1.89e-22
  4.1691e+05   1.84e-22
  4.3002e+05   1.78e-22
  4.4354e+05   1.73e-22
  4.5749e+05   1.67e-22
  4.7187e+05   1.62e-22
  4.8671e+05   1.57e-22
  5.0202e+05   1.52e-22
  5.1780e+05   1.48e-22
  5.3409e+05   1.43e-22
  5.5088e+05   1.38e-22
  5.6820e+05   1.34e-22
  5.8607e+05   1.30e-22
  6.0450e+05   1.25e-22
  6.2351e+05   1.21e-22
  6.4311e+05   1.17e-22
  6.6334e+05   1.14e-22
  6.8419e+05   1.10e-22
  7.0571e+05   1.06e-22
  7.2790e+05   1.03e-22
  7.5079e+05   9.92e-23
  7.7440e+05   9.59e-23
  7.9875e+05   9.26e-23
  8.2387e+05   8.95e-23
  8.4977e+05   8.64e-23
  8.7649e+05   8.35e-23
  9.0405e+05   8.06e-23
  9.3248e+05   7.78e-23
  9.6180e+05   7.51e-23
  9.9205e+05   7.25e-23
  1.0232e+06   7.00e-23
  1.0554e+06   6.76e-23
  1.0886e+06   6.52e-23
  1.1228e+06   6.29e-23
  1.1581e+06   6.07e-23
  1.1946e+06   5.86e-23
  1.2321e+06   5.65e-23
  1.2709e+06   5.45e-23
  1.3108e+06   5.26e-23
  1.3521e+06   5.08e-23
  1.3946e+06   4.89e-23
  1.4384e+06   4.71e-23
  1.4837e+06   4.54e-23
  1.5303e+06   4.38e-23
  1.5784e+06   4.21e-23
  1.6281e+06   4.06e-23
  1.6793e+06   3.91e-23
  1.7321e+06   3.76e-23
  1.7865e+06   3.62e-23
  1.8427e+06   3.48e-23
  1.9006e+06   3.35e-23
  1.9604e+06   3.21e-23
  2.0221e+06   3.09e-23
  2.0856e+06   2.96e-23
  2.1512e+06   2.84e-23
  2.2189e+06   2.72e-23
  2.2886e+06   2.61e-23
  2.3606e+06   2.50e-23
  2.4348e+06   2.39e-23
  2.5114e+06   2.29e-23
  2.5904e+06   2.18e-23
  2.6718e+06   2.09e-23
  2.7558e+06   1.99e-23
  2.8425e+06   1.89e-23
  2.9319e+06   1.80e-23
  3.0241e+06   1.71e-23
  3.1192e+06   1.62e-23
  3.2173e+06   1.53e-23
  3.3184e+06   1.45e-23
  3.4228e+06   1.37e-23
  3.5304e+06   1.29e-23
  3.6414e+06   1.22e-23
  3.7559e+06   1.15e-23
  3.8740e+06   1.07e-23
  3.9958e+06   1.01e-23
  4.1215e+06   9.42e-24
  4.2511e+06   8.80e-24
  4.3848e+06   8.19e-24
  4.5227e+06   7.62e-24
  4.6649e+06   7.07e-24
  4.8116e+06   6.55e-24
  4.9629e+06   6.04e-24
  5.1189e+06   5.57e-24
  5.2799e+06   5.11e-24
  5.4459e+06   4.68e-24
  5.6171e+06   4.27e-24
  5.7938e+06   3.88e-24
  5.9760e+06   3.51e-24
  6.1639e+06   3.17e-24
  6.3577e+06   2.85e-24
  6.5576e+06   2.55e-24
  6.7638e+06   2.28e-24
  6.9765e+06   2.02e-24
  7.1959e+06   1.79e-24
  7.4222e+06   1.58e-24
  7.6556e+06   1.38e-24
  7.8963e+06   1.21e-24
  8.1446e+06   1.05e-24
  8.4007e+06   9.04e-25
  8.6649e+06   7.77e-25
  8.9373e+06   6.64e-25
  9.2184e+06   5.62e-25
  9.5082e+06   4.71e-25
  9.8072e+06   3.96e-25
  1.0116e+07   3.31e-25
  1.0434e+07   2.72e-25
  1.0762e+07   2.22e-25
  1.1100e+07   1.83e-25
  1.1449e+07   1.49e-25
  1.1809e+07   1.19e-25
  1.2181e+07   9.59e-26
  1.2564e+07   7.77e-26
  1.2959e+07   6.21e-26
  1.3366e+07   4.88e-26
  1.3786e+07   3.95e-26
  1.4220e+07   3.20e-26
