#  E [MeV]   Flux [# cm^{-2} s^{-1}  MeV^{-1}]
  3.0000e+04   6.16e-27
  3.1141e+04   5.93e-27
  3.2326e+04   5.70e-27
  3.3556e+04   5.49e-27
  3.4832e+04   5.28e-27
  3.6157e+04   5.07e-27
  3.7533e+04   4.87e-27
  3.8961e+04   4.68e-27
  4.0443e+04   4.50e-27
  4.1982e+04   4.32e-27
  4.3579e+04   4.15e-27
  4.5237e+04   3.99e-27
  4.6958e+04   3.83e-27
  4.8744e+04   3.67e-27
  5.0598e+04   3.52e-27
  5.2523e+04   3.38e-27
  5.4521e+04   3.24e-27
  5.6596e+04   3.11e-27
  5.8749e+04   2.98e-27
  6.0984e+04   2.85e-27
  6.3304e+04   2.74e-27
  6.5712e+04   2.62e-27
  6.8212e+04   2.51e-27
  7.0807e+04   2.40e-27
  7.3500e+04   2.30e-27
  7.6297e+04   2.20e-27
  7.9199e+04   2.11e-27
  8.2212e+04   2.01e-27
  8.5340e+04   1.93e-27
  8.8586e+04   1.84e-27
  9.1956e+04   1.76e-27
  9.5455e+04   1.68e-27
  9.9086e+04   1.61e-27
  1.0286e+05   1.53e-27
  1.0677e+05   1.47e-27
  1.1083e+05   1.40e-27
  1.1505e+05   1.33e-27
  1.1942e+05   1.27e-27
  1.2397e+05   1.21e-27
  1.2868e+05   1.16e-27
  1.3358e+05   1.10e-27
  1.3866e+05   1.05e-27
  1.4394e+05   1.00e-27
  1.4941e+05   9.53e-28
  1.5509e+05   9.07e-28
  1.6100e+05   8.63e-28
  1.6712e+05   8.20e-28
  1.7348e+05   7.80e-28
  1.8008e+05   7.41e-28
  1.8693e+05   7.04e-28
  1.9404e+05   6.68e-28
  2.0142e+05   6.34e-28
  2.0908e+05   6.02e-28
  2.1704e+05   5.70e-28
  2.2529e+05   5.40e-28
  2.3387e+05   5.12e-28
  2.4276e+05   4.85e-28
  2.5200e+05   4.58e-28
  2.6158e+05   4.33e-28
  2.7154e+05   4.10e-28
  2.8187e+05   3.87e-28
  2.9259e+05   3.65e-28
  3.0372e+05   3.45e-28
  3.1527e+05   3.25e-28
  3.2727e+05   3.06e-28
  3.3972e+05   2.89e-28
  3.5264e+05   2.72e-28
  3.6606e+05   2.56e-28
  3.7998e+05   2.40e-28
  3.9444e+05   2.26e-28
  4.0945e+05   2.12e-28
  4.2502e+05   1.99e-28
  4.4119e+05   1.87e-28
  4.5798e+05   1.75e-28
  4.7540e+05   1.64e-28
  4.9348e+05   1.54e-28
  5.1226e+05   1.44e-28
  5.3175e+05   1.35e-28
  5.5198e+05   1.27e-28
  5.7297e+05   1.18e-28
  5.9477e+05   1.11e-28
  6.1740e+05   1.04e-28
  6.4089e+05   9.73e-29
  6.6527e+05   9.12e-29
  6.9058e+05   8.54e-29
  7.1685e+05   8.00e-29
  7.4412e+05   7.50e-29
  7.7243e+05   7.03e-29
  8.0181e+05   6.60e-29
  8.3232e+05   6.19e-29
  8.6398e+05   5.82e-29
  8.9685e+05   5.47e-29
  9.3097e+05   5.15e-29
  9.6638e+05   4.85e-29
  1.0031e+06   4.57e-29
  1.0413e+06   4.31e-29
  1.0809e+06   4.07e-29
  1.1220e+06   3.85e-29
  1.1647e+06   3.64e-29
  1.2090e+06   3.45e-29
  1.2550e+06   3.27e-29
  1.3028e+06   3.10e-29
  1.3523e+06   2.95e-29
  1.4038e+06   2.80e-29
  1.4572e+06   2.67e-29
  1.5126e+06   2.54e-29
  1.5702e+06   2.42e-29
  1.6299e+06   2.31e-29
  1.6919e+06   2.21e-29
  1.7563e+06   2.11e-29
  1.8231e+06   2.02e-29
  1.8925e+06   1.93e-29
  1.9645e+06   1.85e-29
  2.0392e+06   1.77e-29
  2.1168e+06   1.70e-29
  2.1973e+06   1.63e-29
  2.2809e+06   1.56e-29
  2.3677e+06   1.49e-29
  2.4577e+06   1.43e-29
  2.5512e+06   1.37e-29
  2.6483e+06   1.31e-29
  2.7490e+06   1.26e-29
  2.8536e+06   1.20e-29
  2.9622e+06   1.15e-29
  3.0749e+06   1.10e-29
  3.1918e+06   1.05e-29
  3.3133e+06   9.98e-30
  3.4393e+06   9.50e-30
  3.5702e+06   9.02e-30
  3.7060e+06   8.56e-30
  3.8470e+06   8.10e-30
  3.9933e+06   7.66e-30
  4.1452e+06   7.22e-30
  4.3029e+06   6.79e-30
  4.4666e+06   6.38e-30
  4.6366e+06   5.97e-30
  4.8129e+06   5.57e-30
  4.9960e+06   5.18e-30
  5.1861e+06   4.80e-30
  5.3834e+06   4.42e-30
  5.5882e+06   4.07e-30
  5.8008e+06   3.73e-30
  6.0215e+06   3.39e-30
  6.2506e+06   3.07e-30
  6.4883e+06   2.77e-30
  6.7352e+06   2.48e-30
  6.9914e+06   2.21e-30
  7.2574e+06   1.95e-30
  7.5335e+06   1.71e-30
  7.8201e+06   1.49e-30
  8.1176e+06   1.28e-30
  8.4264e+06   1.10e-30
  8.7470e+06   9.26e-31
  9.0797e+06   7.75e-31
  9.4251e+06   6.39e-31
  9.7837e+06   5.20e-31
  1.0156e+07   4.17e-31
  1.0542e+07   3.29e-31
  1.0943e+07   2.55e-31
  1.1360e+07   1.94e-31
  1.1792e+07   1.44e-31
  1.2240e+07   1.05e-31
  1.2706e+07   7.40e-32
  1.3189e+07   5.08e-32
  1.3691e+07   3.38e-32
  1.4212e+07   2.17e-32
  1.4753e+07   1.34e-32
  1.5314e+07   7.90e-33
  1.5897e+07   4.44e-33
  1.6501e+07   2.36e-33
  1.7129e+07   1.18e-33
  1.7781e+07   5.46e-34
  1.8457e+07   2.34e-34
  1.9159e+07   9.16e-35
  1.9888e+07   3.23e-35
  2.0645e+07   1.01e-35
  2.1430e+07   2.78e-36
  2.2245e+07   6.52e-37
  2.3092e+07   1.28e-37
  2.3970e+07   2.06e-38
  2.4882e+07   2.60e-39
  2.5829e+07   2.49e-40
  2.6811e+07   1.74e-41
  2.7831e+07   8.28e-43
  2.8890e+07   2.52e-44
  2.9989e+07   4.57e-46
  3.1130e+07   4.42e-48
  3.2314e+07   2.01e-50
  3.3544e+07   3.79e-53
  3.4820e+07   2.43e-56
  3.6144e+07   4.17e-60
  3.7519e+07   1.48e-64
  3.8947e+07   7.47e-70
  4.0428e+07   3.75e-71
  4.1966e+07   3.28e-71
  4.3563e+07   2.88e-71
  4.5220e+07   2.51e-71
  4.6941e+07   2.25e-71
  4.8726e+07   2.07e-71
  5.0580e+07   1.89e-71
