#  E [GeV]   # per interaction  [GeV^{-1}]
  3.0000e+01   2.21e-02
  3.1033e+01   2.13e-02
  3.2102e+01   2.05e-02
  3.3207e+01   1.97e-02
  3.4350e+01   1.90e-02
  3.5533e+01   1.82e-02
  3.6757e+01   1.75e-02
  3.8022e+01   1.69e-02
  3.9332e+01   1.62e-02
  4.0686e+01   1.56e-02
  4.2087e+01   1.49e-02
  4.3536e+01   1.44e-02
  4.5035e+01   1.38e-02
  4.6586e+01   1.32e-02
  4.8190e+01   1.27e-02
  4.9850e+01   1.22e-02
  5.1566e+01   1.17e-02
  5.3342e+01   1.12e-02
  5.5178e+01   1.07e-02
  5.7078e+01   1.03e-02
  5.9044e+01   9.87e-03
  6.1077e+01   9.46e-03
  6.3180e+01   9.06e-03
  6.5356e+01   8.68e-03
  6.7606e+01   8.31e-03
  6.9934e+01   7.96e-03
  7.2342e+01   7.62e-03
  7.4833e+01   7.29e-03
  7.7410e+01   6.97e-03
  8.0075e+01   6.67e-03
  8.2833e+01   6.38e-03
  8.5685e+01   6.09e-03
  8.8635e+01   5.82e-03
  9.1687e+01   5.56e-03
  9.4844e+01   5.32e-03
  9.8110e+01   5.08e-03
  1.0149e+02   4.85e-03
  1.0498e+02   4.63e-03
  1.0860e+02   4.41e-03
  1.1234e+02   4.21e-03
  1.1621e+02   4.02e-03
  1.2021e+02   3.83e-03
  1.2435e+02   3.65e-03
  1.2863e+02   3.48e-03
  1.3306e+02   3.31e-03
  1.3764e+02   3.16e-03
  1.4238e+02   3.01e-03
  1.4728e+02   2.86e-03
  1.5235e+02   2.72e-03
  1.5760e+02   2.59e-03
  1.6302e+02   2.46e-03
  1.6864e+02   2.34e-03
  1.7445e+02   2.22e-03
  1.8045e+02   2.11e-03
  1.8667e+02   2.01e-03
  1.9309e+02   1.91e-03
  1.9974e+02   1.81e-03
  2.0662e+02   1.72e-03
  2.1373e+02   1.63e-03
  2.2109e+02   1.54e-03
  2.2871e+02   1.46e-03
  2.3658e+02   1.38e-03
  2.4473e+02   1.31e-03
  2.5316e+02   1.24e-03
  2.6187e+02   1.17e-03
  2.7089e+02   1.11e-03
  2.8022e+02   1.05e-03
  2.8987e+02   9.93e-04
  2.9985e+02   9.38e-04
  3.1017e+02   8.86e-04
  3.2085e+02   8.37e-04
  3.3190e+02   7.89e-04
  3.4333e+02   7.44e-04
  3.5515e+02   7.02e-04
  3.6738e+02   6.61e-04
  3.8003e+02   6.22e-04
  3.9312e+02   5.86e-04
  4.0665e+02   5.52e-04
  4.2066e+02   5.19e-04
  4.3514e+02   4.88e-04
  4.5013e+02   4.59e-04
  4.6562e+02   4.31e-04
  4.8166e+02   4.05e-04
  4.9824e+02   3.80e-04
  5.1540e+02   3.57e-04
  5.3315e+02   3.35e-04
  5.5150e+02   3.14e-04
  5.7050e+02   2.95e-04
  5.9014e+02   2.76e-04
  6.1046e+02   2.59e-04
  6.3148e+02   2.43e-04
  6.5322e+02   2.28e-04
  6.7572e+02   2.13e-04
  6.9898e+02   2.00e-04
  7.2305e+02   1.87e-04
  7.4795e+02   1.76e-04
  7.7371e+02   1.65e-04
  8.0035e+02   1.54e-04
  8.2791e+02   1.45e-04
  8.5641e+02   1.36e-04
  8.8590e+02   1.27e-04
  9.1641e+02   1.19e-04
  9.4796e+02   1.12e-04
  9.8061e+02   1.05e-04
  1.0144e+03   9.88e-05
  1.0493e+03   9.28e-05
  1.0854e+03   8.72e-05
  1.1228e+03   8.20e-05
  1.1615e+03   7.71e-05
  1.2015e+03   7.25e-05
  1.2428e+03   6.83e-05
  1.2856e+03   6.44e-05
  1.3299e+03   6.06e-05
  1.3757e+03   5.72e-05
  1.4231e+03   5.39e-05
  1.4721e+03   5.09e-05
  1.5228e+03   4.80e-05
  1.5752e+03   4.54e-05
  1.6294e+03   4.29e-05
  1.6855e+03   4.05e-05
  1.7436e+03   3.83e-05
  1.8036e+03   3.63e-05
  1.8657e+03   3.44e-05
  1.9300e+03   3.26e-05
  1.9964e+03   3.09e-05
  2.0652e+03   2.93e-05
  2.1363e+03   2.77e-05
  2.2098e+03   2.63e-05
  2.2859e+03   2.50e-05
  2.3646e+03   2.37e-05
  2.4461e+03   2.25e-05
  2.5303e+03   2.14e-05
  2.6174e+03   2.03e-05
  2.7075e+03   1.93e-05
  2.8008e+03   1.83e-05
  2.8972e+03   1.74e-05
  2.9970e+03   1.65e-05
  3.1002e+03   1.57e-05
  3.2069e+03   1.49e-05
  3.3173e+03   1.41e-05
  3.4316e+03   1.34e-05
  3.5497e+03   1.27e-05
  3.6720e+03   1.21e-05
  3.7984e+03   1.14e-05
  3.9292e+03   1.08e-05
  4.0645e+03   1.03e-05
  4.2044e+03   9.72e-06
  4.3492e+03   9.19e-06
  4.4990e+03   8.69e-06
  4.6539e+03   8.21e-06
  4.8141e+03   7.75e-06
  4.9799e+03   7.30e-06
  5.1514e+03   6.87e-06
  5.3288e+03   6.45e-06
  5.5123e+03   6.06e-06
  5.7021e+03   5.68e-06
  5.8984e+03   5.32e-06
  6.1015e+03   4.98e-06
  6.3116e+03   4.64e-06
  6.5289e+03   4.32e-06
  6.7538e+03   4.02e-06
  6.9863e+03   3.73e-06
  7.2269e+03   3.45e-06
  7.4757e+03   3.19e-06
  7.7331e+03   2.93e-06
  7.9994e+03   2.69e-06
  8.2749e+03   2.46e-06
  8.5598e+03   2.25e-06
  8.8546e+03   2.04e-06
  9.1594e+03   1.85e-06
  9.4748e+03   1.67e-06
  9.8011e+03   1.50e-06
  1.0139e+04   1.33e-06
  1.0488e+04   1.18e-06
  1.0849e+04   1.05e-06
  1.1222e+04   9.16e-07
  1.1609e+04   7.97e-07
  1.2009e+04   6.88e-07
  1.2422e+04   5.89e-07
  1.2850e+04   5.00e-07
  1.3292e+04   4.19e-07
  1.3750e+04   3.48e-07
  1.4223e+04   2.86e-07
  1.4713e+04   2.31e-07
  1.5220e+04   1.84e-07
  1.5744e+04   1.44e-07
  1.6286e+04   1.11e-07
  1.6847e+04   8.37e-08
  1.7427e+04   6.16e-08
  1.8027e+04   4.42e-08
  1.8648e+04   3.08e-08
  1.9290e+04   2.07e-08
  1.9954e+04   1.34e-08
  2.0641e+04   8.36e-09
  2.1352e+04   4.95e-09
  2.2087e+04   2.77e-09
  2.2848e+04   1.46e-09
  2.3634e+04   7.14e-10
  2.4448e+04   3.23e-10
  2.5290e+04   1.33e-10
