#  E [MeV]   Flux [# cm^{-2} s^{-1}  MeV^{-1}]
  3.0000e+04   2.82e-20
  3.1033e+04   2.72e-20
  3.2102e+04   2.62e-20
  3.3207e+04   2.53e-20
  3.4350e+04   2.44e-20
  3.5533e+04   2.35e-20
  3.6757e+04   2.26e-20
  3.8022e+04   2.18e-20
  3.9332e+04   2.10e-20
  4.0686e+04   2.02e-20
  4.2087e+04   1.95e-20
  4.3536e+04   1.88e-20
  4.5035e+04   1.81e-20
  4.6586e+04   1.74e-20
  4.8190e+04   1.68e-20
  4.9850e+04   1.61e-20
  5.1566e+04   1.55e-20
  5.3342e+04   1.49e-20
  5.5178e+04   1.44e-20
  5.7078e+04   1.38e-20
  5.9044e+04   1.33e-20
  6.1077e+04   1.28e-20
  6.3180e+04   1.23e-20
  6.5356e+04   1.18e-20
  6.7606e+04   1.14e-20
  6.9934e+04   1.09e-20
  7.2342e+04   1.05e-20
  7.4833e+04   1.01e-20
  7.7410e+04   9.67e-21
  8.0075e+04   9.28e-21
  8.2833e+04   8.91e-21
  8.5685e+04   8.55e-21
  8.8635e+04   8.20e-21
  9.1687e+04   7.86e-21
  9.4844e+04   7.54e-21
  9.8110e+04   7.23e-21
  1.0149e+05   6.92e-21
  1.0498e+05   6.63e-21
  1.0860e+05   6.35e-21
  1.1234e+05   6.08e-21
  1.1621e+05   5.82e-21
  1.2021e+05   5.57e-21
  1.2435e+05   5.33e-21
  1.2863e+05   5.09e-21
  1.3306e+05   4.87e-21
  1.3764e+05   4.65e-21
  1.4238e+05   4.44e-21
  1.4728e+05   4.24e-21
  1.5235e+05   4.05e-21
  1.5760e+05   3.86e-21
  1.6302e+05   3.68e-21
  1.6864e+05   3.51e-21
  1.7445e+05   3.35e-21
  1.8045e+05   3.19e-21
  1.8667e+05   3.03e-21
  1.9309e+05   2.89e-21
  1.9974e+05   2.75e-21
  2.0662e+05   2.61e-21
  2.1373e+05   2.48e-21
  2.2109e+05   2.36e-21
  2.2871e+05   2.24e-21
  2.3658e+05   2.12e-21
  2.4473e+05   2.01e-21
  2.5316e+05   1.91e-21
  2.6187e+05   1.81e-21
  2.7089e+05   1.71e-21
  2.8022e+05   1.62e-21
  2.8987e+05   1.53e-21
  2.9985e+05   1.45e-21
  3.1017e+05   1.37e-21
  3.2085e+05   1.29e-21
  3.3190e+05   1.22e-21
  3.4333e+05   1.15e-21
  3.5515e+05   1.08e-21
  3.6738e+05   1.02e-21
  3.8003e+05   9.58e-22
  3.9312e+05   9.01e-22
  4.0665e+05   8.47e-22
  4.2066e+05   7.96e-22
  4.3514e+05   7.47e-22
  4.5013e+05   7.01e-22
  4.6562e+05   6.57e-22
  4.8166e+05   6.16e-22
  4.9824e+05   5.77e-22
  5.1540e+05   5.40e-22
  5.3315e+05   5.05e-22
  5.5150e+05   4.72e-22
  5.7050e+05   4.41e-22
  5.9014e+05   4.12e-22
  6.1046e+05   3.84e-22
  6.3148e+05   3.58e-22
  6.5322e+05   3.34e-22
  6.7572e+05   3.11e-22
  6.9898e+05   2.90e-22
  7.2305e+05   2.69e-22
  7.4795e+05   2.51e-22
  7.7371e+05   2.33e-22
  8.0035e+05   2.16e-22
  8.2791e+05   2.01e-22
  8.5641e+05   1.86e-22
  8.8590e+05   1.73e-22
  9.1641e+05   1.61e-22
  9.4796e+05   1.49e-22
  9.8061e+05   1.38e-22
  1.0144e+06   1.28e-22
  1.0493e+06   1.18e-22
  1.0854e+06   1.10e-22
  1.1228e+06   1.01e-22
  1.1615e+06   9.39e-23
  1.2015e+06   8.68e-23
  1.2428e+06   8.02e-23
  1.2856e+06   7.41e-23
  1.3299e+06   6.85e-23
  1.3757e+06   6.32e-23
  1.4231e+06   5.84e-23
  1.4721e+06   5.38e-23
  1.5228e+06   4.96e-23
  1.5752e+06   4.58e-23
  1.6294e+06   4.22e-23
  1.6855e+06   3.89e-23
  1.7436e+06   3.58e-23
  1.8036e+06   3.30e-23
  1.8657e+06   3.03e-23
  1.9300e+06   2.78e-23
  1.9964e+06   2.56e-23
  2.0652e+06   2.35e-23
  2.1363e+06   2.15e-23
  2.2098e+06   1.98e-23
  2.2859e+06   1.81e-23
  2.3646e+06   1.66e-23
  2.4461e+06   1.52e-23
  2.5303e+06   1.39e-23
  2.6174e+06   1.27e-23
  2.7075e+06   1.16e-23
  2.8008e+06   1.05e-23
  2.8972e+06   9.62e-24
  2.9970e+06   8.74e-24
  3.1002e+06   7.94e-24
  3.2069e+06   7.22e-24
  3.3173e+06   6.54e-24
  3.4316e+06   5.91e-24
  3.5497e+06   5.37e-24
  3.6720e+06   4.85e-24
  3.7984e+06   4.36e-24
  3.9292e+06   3.94e-24
  4.0645e+06   3.55e-24
  4.2044e+06   3.18e-24
  4.3492e+06   2.85e-24
  4.4990e+06   2.56e-24
  4.6539e+06   2.29e-24
  4.8141e+06   2.03e-24
  4.9799e+06   1.82e-24
  5.1514e+06   1.61e-24
  5.3288e+06   1.43e-24
  5.5123e+06   1.26e-24
  5.7021e+06   1.11e-24
  5.8984e+06   9.79e-25
  6.1015e+06   8.55e-25
  6.3116e+06   7.53e-25
  6.5289e+06   6.58e-25
  6.7538e+06   5.70e-25
  6.9863e+06   4.95e-25
  7.2269e+06   4.30e-25
  7.4757e+06   3.70e-25
  7.7331e+06   3.17e-25
  7.9994e+06   2.73e-25
  8.2749e+06   2.33e-25
  8.5598e+06   1.96e-25
  8.8546e+06   1.67e-25
  9.1594e+06   1.41e-25
  9.4748e+06   1.18e-25
  9.8011e+06   9.80e-26
  1.0139e+07   8.18e-26
  1.0488e+07   6.72e-26
  1.0849e+07   5.45e-26
  1.1222e+07   4.48e-26
  1.1609e+07   3.63e-26
  1.2009e+07   2.88e-26
  1.2422e+07   2.30e-26
  1.2850e+07   1.83e-26
  1.3292e+07   1.42e-26
  1.3750e+07   1.09e-26
  1.4223e+07   8.49e-27
  1.4713e+07   6.44e-27
  1.5220e+07   4.75e-27
  1.5744e+07   3.55e-27
  1.6286e+07   2.60e-27
  1.6847e+07   1.84e-27
  1.7427e+07   1.29e-27
  1.8027e+07   9.00e-28
  1.8648e+07   6.03e-28
  1.9290e+07   3.88e-28
  1.9954e+07   2.50e-28
  2.0641e+07   1.53e-28
  2.1352e+07   8.82e-29
  2.2087e+07   4.94e-29
  2.2848e+07   2.62e-29
  2.3634e+07   1.27e-29
  2.4448e+07   5.66e-30
  2.5290e+07   2.40e-30
