#  E [GeV]   # per interaction  [GeV^{-1}]
  3.0000e+01   5.41e-01
  3.0962e+01   5.23e-01
  3.1955e+01   5.06e-01
  3.2979e+01   4.89e-01
  3.4037e+01   4.72e-01
  3.5128e+01   4.56e-01
  3.6254e+01   4.41e-01
  3.7417e+01   4.26e-01
  3.8616e+01   4.11e-01
  3.9855e+01   3.97e-01
  4.1132e+01   3.83e-01
  4.2451e+01   3.70e-01
  4.3812e+01   3.57e-01
  4.5217e+01   3.45e-01
  4.6667e+01   3.32e-01
  4.8163e+01   3.20e-01
  4.9707e+01   3.09e-01
  5.1301e+01   2.98e-01
  5.2946e+01   2.87e-01
  5.4644e+01   2.76e-01
  5.6396e+01   2.66e-01
  5.8204e+01   2.56e-01
  6.0070e+01   2.46e-01
  6.1996e+01   2.37e-01
  6.3984e+01   2.28e-01
  6.6035e+01   2.19e-01
  6.8153e+01   2.11e-01
  7.0338e+01   2.03e-01
  7.2593e+01   1.95e-01
  7.4921e+01   1.87e-01
  7.7323e+01   1.80e-01
  7.9802e+01   1.72e-01
  8.2361e+01   1.65e-01
  8.5002e+01   1.59e-01
  8.7727e+01   1.52e-01
  9.0540e+01   1.46e-01
  9.3443e+01   1.40e-01
  9.6439e+01   1.34e-01
  9.9531e+01   1.28e-01
  1.0272e+02   1.23e-01
  1.0602e+02   1.17e-01
  1.0942e+02   1.12e-01
  1.1292e+02   1.07e-01
  1.1654e+02   1.02e-01
  1.2028e+02   9.78e-02
  1.2414e+02   9.33e-02
  1.2812e+02   8.90e-02
  1.3223e+02   8.49e-02
  1.3646e+02   8.09e-02
  1.4084e+02   7.71e-02
  1.4536e+02   7.34e-02
  1.5002e+02   6.99e-02
  1.5483e+02   6.65e-02
  1.5979e+02   6.32e-02
  1.6491e+02   6.01e-02
  1.7020e+02   5.71e-02
  1.7566e+02   5.42e-02
  1.8129e+02   5.14e-02
  1.8710e+02   4.87e-02
  1.9310e+02   4.62e-02
  1.9929e+02   4.37e-02
  2.0568e+02   4.14e-02
  2.1228e+02   3.91e-02
  2.1909e+02   3.70e-02
  2.2611e+02   3.49e-02
  2.3336e+02   3.30e-02
  2.4084e+02   3.11e-02
  2.4856e+02   2.94e-02
  2.5653e+02   2.77e-02
  2.6476e+02   2.60e-02
  2.7325e+02   2.45e-02
  2.8201e+02   2.31e-02
  2.9105e+02   2.17e-02
  3.0038e+02   2.03e-02
  3.1002e+02   1.91e-02
  3.1996e+02   1.79e-02
  3.3021e+02   1.68e-02
  3.4080e+02   1.57e-02
  3.5173e+02   1.47e-02
  3.6301e+02   1.37e-02
  3.7465e+02   1.28e-02
  3.8666e+02   1.20e-02
  3.9905e+02   1.11e-02
  4.1185e+02   1.04e-02
  4.2506e+02   9.64e-03
  4.3868e+02   8.97e-03
  4.5275e+02   8.33e-03
  4.6727e+02   7.72e-03
  4.8225e+02   7.16e-03
  4.9771e+02   6.63e-03
  5.1367e+02   6.13e-03
  5.3014e+02   5.67e-03
  5.4714e+02   5.24e-03
  5.6468e+02   4.84e-03
  5.8278e+02   4.46e-03
  6.0147e+02   4.11e-03
  6.2075e+02   3.78e-03
  6.4066e+02   3.48e-03
  6.6120e+02   3.20e-03
  6.8240e+02   2.94e-03
  7.0428e+02   2.70e-03
  7.2686e+02   2.48e-03
  7.5017e+02   2.27e-03
  7.7422e+02   2.08e-03
  7.9904e+02   1.90e-03
  8.2466e+02   1.74e-03
  8.5110e+02   1.59e-03
  8.7839e+02   1.45e-03
  9.0656e+02   1.33e-03
  9.3562e+02   1.21e-03
  9.6562e+02   1.11e-03
  9.9658e+02   1.01e-03
  1.0285e+03   9.20e-04
  1.0615e+03   8.36e-04
  1.0956e+03   7.63e-04
  1.1307e+03   6.95e-04
  1.1669e+03   6.31e-04
  1.2043e+03   5.74e-04
  1.2430e+03   5.22e-04
  1.2828e+03   4.74e-04
  1.3239e+03   4.29e-04
  1.3664e+03   3.90e-04
  1.4102e+03   3.54e-04
  1.4554e+03   3.21e-04
  1.5021e+03   2.90e-04
  1.5502e+03   2.64e-04
  1.6000e+03   2.39e-04
  1.6513e+03   2.16e-04
  1.7042e+03   1.95e-04
  1.7588e+03   1.77e-04
  1.8152e+03   1.60e-04
  1.8734e+03   1.44e-04
  1.9335e+03   1.30e-04
  1.9955e+03   1.17e-04
  2.0595e+03   1.06e-04
  2.1255e+03   9.48e-05
  2.1937e+03   8.57e-05
  2.2640e+03   7.71e-05
  2.3366e+03   6.91e-05
  2.4115e+03   6.20e-05
  2.4888e+03   5.58e-05
  2.5686e+03   5.00e-05
  2.6510e+03   4.46e-05
  2.7360e+03   4.00e-05
  2.8237e+03   3.59e-05
  2.9142e+03   3.20e-05
  3.0077e+03   2.84e-05
  3.1041e+03   2.55e-05
  3.2036e+03   2.27e-05
  3.3064e+03   2.01e-05
  3.4124e+03   1.78e-05
  3.5218e+03   1.59e-05
  3.6347e+03   1.41e-05
  3.7512e+03   1.23e-05
  3.8715e+03   1.10e-05
  3.9957e+03   9.70e-06
  4.1238e+03   8.52e-06
  4.2560e+03   7.46e-06
  4.3924e+03   6.60e-06
  4.5333e+03   5.80e-06
  4.6786e+03   5.05e-06
  4.8286e+03   4.42e-06
  4.9835e+03   3.88e-06
  5.1433e+03   3.38e-06
  5.3082e+03   2.91e-06
  5.4784e+03   2.55e-06
  5.6540e+03   2.22e-06
  5.8353e+03   1.91e-06
  6.0224e+03   1.65e-06
  6.2155e+03   1.43e-06
  6.4148e+03   1.23e-06
  6.6205e+03   1.05e-06
  6.8327e+03   9.00e-07
  7.0518e+03   7.71e-07
  7.2779e+03   6.54e-07
  7.5113e+03   5.47e-07
  7.7521e+03   4.68e-07
  8.0007e+03   3.97e-07
  8.2572e+03   3.32e-07
  8.5219e+03   2.78e-07
  8.7952e+03   2.35e-07
  9.0772e+03   1.97e-07
  9.3682e+03   1.63e-07
  9.6686e+03   1.36e-07
  9.9786e+03   1.14e-07
  1.0299e+04   9.51e-08
  1.0629e+04   7.82e-08
  1.0970e+04   6.55e-08
  1.1321e+04   5.43e-08
  1.1684e+04   4.45e-08
  1.2059e+04   3.65e-08
  1.2446e+04   3.01e-08
  1.2845e+04   2.45e-08
  1.3256e+04   1.98e-08
  1.3681e+04   1.59e-08
  1.4120e+04   1.26e-08
  1.4573e+04   9.89e-09
  1.5040e+04   7.61e-09
  1.5522e+04   5.79e-09
  1.6020e+04   4.31e-09
