#  E [GeV]   # per interaction  [GeV^{-1}]
  3.0000e+01   2.62e-02
  3.1141e+01   2.52e-02
  3.2326e+01   2.43e-02
  3.3556e+01   2.33e-02
  3.4832e+01   2.24e-02
  3.6157e+01   2.16e-02
  3.7533e+01   2.07e-02
  3.8961e+01   1.99e-02
  4.0443e+01   1.91e-02
  4.1982e+01   1.83e-02
  4.3579e+01   1.76e-02
  4.5237e+01   1.69e-02
  4.6958e+01   1.62e-02
  4.8744e+01   1.55e-02
  5.0598e+01   1.49e-02
  5.2523e+01   1.43e-02
  5.4521e+01   1.37e-02
  5.6596e+01   1.31e-02
  5.8749e+01   1.26e-02
  6.0984e+01   1.20e-02
  6.3304e+01   1.15e-02
  6.5712e+01   1.10e-02
  6.8212e+01   1.06e-02
  7.0807e+01   1.01e-02
  7.3500e+01   9.67e-03
  7.6297e+01   9.24e-03
  7.9199e+01   8.83e-03
  8.2212e+01   8.44e-03
  8.5340e+01   8.06e-03
  8.8586e+01   7.70e-03
  9.1956e+01   7.35e-03
  9.5455e+01   7.01e-03
  9.9086e+01   6.69e-03
  1.0286e+02   6.38e-03
  1.0677e+02   6.08e-03
  1.1083e+02   5.80e-03
  1.1505e+02   5.52e-03
  1.1942e+02   5.26e-03
  1.2397e+02   5.01e-03
  1.2868e+02   4.77e-03
  1.3358e+02   4.53e-03
  1.3866e+02   4.31e-03
  1.4394e+02   4.10e-03
  1.4941e+02   3.89e-03
  1.5509e+02   3.70e-03
  1.6100e+02   3.51e-03
  1.6712e+02   3.33e-03
  1.7348e+02   3.16e-03
  1.8008e+02   2.99e-03
  1.8693e+02   2.84e-03
  1.9404e+02   2.68e-03
  2.0142e+02   2.54e-03
  2.0908e+02   2.40e-03
  2.1704e+02   2.27e-03
  2.2529e+02   2.15e-03
  2.3387e+02   2.03e-03
  2.4276e+02   1.91e-03
  2.5200e+02   1.80e-03
  2.6158e+02   1.70e-03
  2.7154e+02   1.60e-03
  2.8187e+02   1.50e-03
  2.9259e+02   1.41e-03
  3.0372e+02   1.33e-03
  3.1527e+02   1.25e-03
  3.2727e+02   1.17e-03
  3.3972e+02   1.10e-03
  3.5264e+02   1.03e-03
  3.6606e+02   9.61e-04
  3.7998e+02   8.99e-04
  3.9444e+02   8.40e-04
  4.0945e+02   7.85e-04
  4.2502e+02   7.32e-04
  4.4119e+02   6.82e-04
  4.5798e+02   6.36e-04
  4.7540e+02   5.92e-04
  4.9348e+02   5.51e-04
  5.1226e+02   5.12e-04
  5.3175e+02   4.75e-04
  5.5198e+02   4.42e-04
  5.7297e+02   4.10e-04
  5.9477e+02   3.80e-04
  6.1740e+02   3.52e-04
  6.4089e+02   3.27e-04
  6.6527e+02   3.02e-04
  6.9058e+02   2.80e-04
  7.1685e+02   2.59e-04
  7.4412e+02   2.40e-04
  7.7243e+02   2.22e-04
  8.0181e+02   2.06e-04
  8.3232e+02   1.90e-04
  8.6398e+02   1.76e-04
  8.9685e+02   1.63e-04
  9.3097e+02   1.51e-04
  9.6638e+02   1.40e-04
  1.0031e+03   1.29e-04
  1.0413e+03   1.20e-04
  1.0809e+03   1.11e-04
  1.1220e+03   1.03e-04
  1.1647e+03   9.56e-05
  1.2090e+03   8.87e-05
  1.2550e+03   8.24e-05
  1.3028e+03   7.65e-05
  1.3523e+03   7.11e-05
  1.4038e+03   6.61e-05
  1.4572e+03   6.15e-05
  1.5126e+03   5.73e-05
  1.5702e+03   5.34e-05
  1.6299e+03   4.98e-05
  1.6919e+03   4.64e-05
  1.7563e+03   4.33e-05
  1.8231e+03   4.04e-05
  1.8925e+03   3.77e-05
  1.9645e+03   3.53e-05
  2.0392e+03   3.30e-05
  2.1168e+03   3.08e-05
  2.1973e+03   2.89e-05
  2.2809e+03   2.70e-05
  2.3677e+03   2.53e-05
  2.4577e+03   2.37e-05
  2.5512e+03   2.22e-05
  2.6483e+03   2.07e-05
  2.7490e+03   1.94e-05
  2.8536e+03   1.82e-05
  2.9622e+03   1.71e-05
  3.0749e+03   1.60e-05
  3.1918e+03   1.50e-05
  3.3133e+03   1.40e-05
  3.4393e+03   1.31e-05
  3.5702e+03   1.23e-05
  3.7060e+03   1.15e-05
  3.8470e+03   1.07e-05
  3.9933e+03   1.00e-05
  4.1452e+03   9.36e-06
  4.3029e+03   8.73e-06
  4.4666e+03   8.13e-06
  4.6366e+03   7.57e-06
  4.8129e+03   7.03e-06
  4.9960e+03   6.53e-06
  5.1861e+03   6.05e-06
  5.3834e+03   5.60e-06
  5.5882e+03   5.18e-06
  5.8008e+03   4.78e-06
  6.0215e+03   4.39e-06
  6.2506e+03   4.03e-06
  6.4883e+03   3.69e-06
  6.7352e+03   3.37e-06
  6.9914e+03   3.07e-06
  7.2574e+03   2.78e-06
  7.5335e+03   2.51e-06
  7.8201e+03   2.26e-06
  8.1176e+03   2.03e-06
  8.4264e+03   1.80e-06
  8.7470e+03   1.60e-06
  9.0797e+03   1.41e-06
  9.4251e+03   1.23e-06
  9.7837e+03   1.07e-06
  1.0156e+04   9.20e-07
  1.0542e+04   7.86e-07
  1.0943e+04   6.64e-07
  1.1360e+04   5.56e-07
  1.1792e+04   4.59e-07
  1.2240e+04   3.74e-07
  1.2706e+04   3.01e-07
  1.3189e+04   2.37e-07
  1.3691e+04   1.84e-07
  1.4212e+04   1.40e-07
  1.4753e+04   1.04e-07
  1.5314e+04   7.53e-08
  1.5897e+04   5.30e-08
  1.6501e+04   3.61e-08
  1.7129e+04   2.37e-08
  1.7781e+04   1.49e-08
  1.8457e+04   8.98e-09
  1.9159e+04   5.11e-09
  1.9888e+04   2.74e-09
  2.0645e+04   1.37e-09
  2.1430e+04   6.30e-10
  2.2245e+04   2.65e-10
  2.3092e+04   9.98e-11
  2.3970e+04   3.32e-11
  2.4882e+04   9.55e-12
  2.5829e+04   2.31e-12
  2.6811e+04   4.58e-13
  2.7831e+04   7.16e-14
  2.8890e+04   8.44e-15
  2.9989e+04   7.11e-16
  3.1130e+04   3.99e-17
  3.2314e+04   1.38e-18
  3.3544e+04   2.65e-20
  3.4820e+04   2.48e-22
  3.6144e+04   9.62e-25
  3.7519e+04   1.26e-27
  3.8947e+04   4.31e-31
  4.0428e+04   2.73e-35
  4.1966e+04   2.08e-40
  4.3563e+04   1.12e-46
  4.5220e+04   1.06e-46
  4.6941e+04   9.95e-47
  4.8726e+04   9.41e-47
  5.0580e+04   8.91e-47
