#  E [MeV]   Flux [# cm^{-2} s^{-1}  MeV^{-1}]
  3.0000e+04   1.23e-18
  3.1123e+04   1.19e-18
  3.2288e+04   1.14e-18
  3.3497e+04   1.10e-18
  3.4751e+04   1.05e-18
  3.6051e+04   1.01e-18
  3.7401e+04   9.75e-19
  3.8801e+04   9.37e-19
  4.0253e+04   9.01e-19
  4.1760e+04   8.66e-19
  4.3324e+04   8.33e-19
  4.4945e+04   8.00e-19
  4.6628e+04   7.69e-19
  4.8373e+04   7.39e-19
  5.0184e+04   7.10e-19
  5.2063e+04   6.82e-19
  5.4011e+04   6.55e-19
  5.6033e+04   6.30e-19
  5.8131e+04   6.05e-19
  6.0307e+04   5.81e-19
  6.2564e+04   5.58e-19
  6.4906e+04   5.36e-19
  6.7336e+04   5.14e-19
  6.9857e+04   4.94e-19
  7.2472e+04   4.74e-19
  7.5184e+04   4.55e-19
  7.7999e+04   4.36e-19
  8.0919e+04   4.19e-19
  8.3948e+04   4.01e-19
  8.7090e+04   3.85e-19
  9.0350e+04   3.69e-19
  9.3732e+04   3.54e-19
  9.7241e+04   3.39e-19
  1.0088e+05   3.25e-19
  1.0466e+05   3.11e-19
  1.0858e+05   2.98e-19
  1.1264e+05   2.86e-19
  1.1686e+05   2.74e-19
  1.2123e+05   2.62e-19
  1.2577e+05   2.51e-19
  1.3048e+05   2.40e-19
  1.3536e+05   2.29e-19
  1.4043e+05   2.20e-19
  1.4568e+05   2.10e-19
  1.5114e+05   2.01e-19
  1.5680e+05   1.92e-19
  1.6266e+05   1.83e-19
  1.6875e+05   1.75e-19
  1.7507e+05   1.67e-19
  1.8162e+05   1.59e-19
  1.8842e+05   1.52e-19
  1.9548e+05   1.45e-19
  2.0279e+05   1.38e-19
  2.1039e+05   1.31e-19
  2.1826e+05   1.25e-19
  2.2643e+05   1.19e-19
  2.3491e+05   1.14e-19
  2.4370e+05   1.08e-19
  2.5282e+05   1.03e-19
  2.6229e+05   9.77e-20
  2.7211e+05   9.29e-20
  2.8229e+05   8.82e-20
  2.9286e+05   8.37e-20
  3.0382e+05   7.95e-20
  3.1519e+05   7.54e-20
  3.2699e+05   7.15e-20
  3.3923e+05   6.77e-20
  3.5193e+05   6.41e-20
  3.6511e+05   6.07e-20
  3.7877e+05   5.74e-20
  3.9295e+05   5.43e-20
  4.0766e+05   5.13e-20
  4.2292e+05   4.85e-20
  4.3875e+05   4.58e-20
  4.5518e+05   4.32e-20
  4.7222e+05   4.07e-20
  4.8989e+05   3.84e-20
  5.0823e+05   3.62e-20
  5.2726e+05   3.41e-20
  5.4699e+05   3.21e-20
  5.6747e+05   3.02e-20
  5.8871e+05   2.84e-20
  6.1075e+05   2.67e-20
  6.3361e+05   2.50e-20
  6.5733e+05   2.35e-20
  6.8194e+05   2.20e-20
  7.0746e+05   2.07e-20
  7.3395e+05   1.94e-20
  7.6142e+05   1.81e-20
  7.8992e+05   1.70e-20
  8.1949e+05   1.59e-20
  8.5017e+05   1.49e-20
  8.8199e+05   1.39e-20
  9.1501e+05   1.30e-20
  9.4926e+05   1.21e-20
  9.8479e+05   1.13e-20
  1.0217e+06   1.06e-20
  1.0599e+06   9.87e-21
  1.0996e+06   9.19e-21
  1.1407e+06   8.56e-21
  1.1834e+06   7.97e-21
  1.2277e+06   7.41e-21
  1.2737e+06   6.89e-21
  1.3214e+06   6.40e-21
  1.3708e+06   5.94e-21
  1.4222e+06   5.51e-21
  1.4754e+06   5.11e-21
  1.5306e+06   4.73e-21
  1.5879e+06   4.38e-21
  1.6474e+06   4.06e-21
  1.7090e+06   3.75e-21
  1.7730e+06   3.46e-21
  1.8394e+06   3.20e-21
  1.9082e+06   2.95e-21
  1.9797e+06   2.72e-21
  2.0538e+06   2.51e-21
  2.1306e+06   2.31e-21
  2.2104e+06   2.12e-21
  2.2931e+06   1.95e-21
  2.3790e+06   1.79e-21
  2.4680e+06   1.64e-21
  2.5604e+06   1.51e-21
  2.6563e+06   1.38e-21
  2.7557e+06   1.26e-21
  2.8589e+06   1.16e-21
  2.9659e+06   1.06e-21
  3.0769e+06   9.63e-22
  3.1921e+06   8.78e-22
  3.3116e+06   8.01e-22
  3.4355e+06   7.28e-22
  3.5641e+06   6.61e-22
  3.6976e+06   6.02e-22
  3.8360e+06   5.46e-22
  3.9796e+06   4.94e-22
  4.1285e+06   4.48e-22
  4.2831e+06   4.05e-22
  4.4434e+06   3.65e-22
  4.6097e+06   3.30e-22
  4.7823e+06   2.98e-22
  4.9613e+06   2.67e-22
  5.1470e+06   2.41e-22
  5.3397e+06   2.17e-22
  5.5396e+06   1.94e-22
  5.7470e+06   1.74e-22
  5.9621e+06   1.56e-22
  6.1853e+06   1.39e-22
  6.4168e+06   1.24e-22
  6.6570e+06   1.11e-22
  6.9062e+06   9.84e-23
  7.1647e+06   8.75e-23
  7.4329e+06   7.79e-23
  7.7112e+06   6.90e-23
  7.9998e+06   6.10e-23
  8.2993e+06   5.41e-23
  8.6100e+06   4.77e-23
  8.9323e+06   4.19e-23
  9.2666e+06   3.71e-23
  9.6135e+06   3.26e-23
  9.9734e+06   2.84e-23
  1.0347e+07   2.50e-23
  1.0734e+07   2.19e-23
  1.1136e+07   1.90e-23
  1.1553e+07   1.66e-23
  1.1985e+07   1.45e-23
  1.2434e+07   1.25e-23
  1.2899e+07   1.08e-23
  1.3382e+07   9.38e-24
  1.3883e+07   8.03e-24
  1.4403e+07   6.92e-24
  1.4942e+07   5.96e-24
  1.5501e+07   5.07e-24
  1.6081e+07   4.32e-24
  1.6683e+07   3.69e-24
  1.7308e+07   3.11e-24
  1.7956e+07   2.62e-24
  1.8628e+07   2.22e-24
  1.9325e+07   1.85e-24
  2.0049e+07   1.53e-24
  2.0799e+07   1.27e-24
  2.1578e+07   1.04e-24
  2.2386e+07   8.43e-25
  2.3224e+07   6.89e-25
  2.4093e+07   5.52e-25
  2.4995e+07   4.32e-25
  2.5930e+07   3.44e-25
  2.6901e+07   2.67e-25
  2.7908e+07   2.02e-25
  2.8953e+07   1.53e-25
  3.0037e+07   1.13e-25
  3.1161e+07   8.03e-26
  3.2327e+07   5.61e-26
  3.3537e+07   3.77e-26
  3.4793e+07   2.39e-26
  3.6095e+07   1.45e-26
  3.7446e+07   8.16e-27
  3.8848e+07   4.16e-27
  4.0302e+07   1.89e-27
  4.1811e+07   7.47e-28
  4.3376e+07   2.42e-28
  4.5000e+07   6.17e-29
