#  E [MeV]   Flux [# cm^{-2} s^{-1}  MeV^{-1}]
  3.0000e+04   1.49e-21
  3.0943e+04   1.44e-21
  3.1916e+04   1.39e-21
  3.2920e+04   1.34e-21
  3.3955e+04   1.30e-21
  3.5023e+04   1.25e-21
  3.6124e+04   1.21e-21
  3.7260e+04   1.16e-21
  3.8432e+04   1.12e-21
  3.9640e+04   1.08e-21
  4.0887e+04   1.04e-21
  4.2172e+04   1.01e-21
  4.3499e+04   9.70e-22
  4.4866e+04   9.36e-22
  4.6277e+04   9.02e-22
  4.7732e+04   8.70e-22
  4.9233e+04   8.39e-22
  5.0781e+04   8.09e-22
  5.2378e+04   7.80e-22
  5.4025e+04   7.52e-22
  5.5724e+04   7.25e-22
  5.7476e+04   7.00e-22
  5.9284e+04   6.75e-22
  6.1148e+04   6.51e-22
  6.3071e+04   6.27e-22
  6.5054e+04   6.05e-22
  6.7100e+04   5.84e-22
  6.9210e+04   5.63e-22
  7.1386e+04   5.43e-22
  7.3631e+04   5.24e-22
  7.5946e+04   5.05e-22
  7.8334e+04   4.88e-22
  8.0797e+04   4.71e-22
  8.3338e+04   4.54e-22
  8.5959e+04   4.38e-22
  8.8662e+04   4.23e-22
  9.1450e+04   4.09e-22
  9.4325e+04   3.95e-22
  9.7291e+04   3.81e-22
  1.0035e+05   3.68e-22
  1.0351e+05   3.56e-22
  1.0676e+05   3.44e-22
  1.1012e+05   3.33e-22
  1.1358e+05   3.22e-22
  1.1715e+05   3.11e-22
  1.2084e+05   3.01e-22
  1.2464e+05   2.91e-22
  1.2856e+05   2.82e-22
  1.3260e+05   2.73e-22
  1.3677e+05   2.64e-22
  1.4107e+05   2.56e-22
  1.4550e+05   2.48e-22
  1.5008e+05   2.40e-22
  1.5480e+05   2.32e-22
  1.5967e+05   2.25e-22
  1.6469e+05   2.18e-22
  1.6987e+05   2.11e-22
  1.7521e+05   2.05e-22
  1.8072e+05   1.99e-22
  1.8640e+05   1.93e-22
  1.9226e+05   1.87e-22
  1.9831e+05   1.82e-22
  2.0454e+05   1.77e-22
  2.1097e+05   1.71e-22
  2.1761e+05   1.67e-22
  2.2445e+05   1.62e-22
  2.3151e+05   1.57e-22
  2.3879e+05   1.53e-22
  2.4630e+05   1.48e-22
  2.5404e+05   1.44e-22
  2.6203e+05   1.40e-22
  2.7027e+05   1.36e-22
  2.7877e+05   1.32e-22
  2.8753e+05   1.28e-22
  2.9657e+05   1.25e-22
  3.0590e+05   1.21e-22
  3.1552e+05   1.18e-22
  3.2544e+05   1.15e-22
  3.3567e+05   1.11e-22
  3.4623e+05   1.08e-22
  3.5712e+05   1.05e-22
  3.6835e+05   1.02e-22
  3.7993e+05   9.91e-23
  3.9188e+05   9.63e-23
  4.0420e+05   9.35e-23
  4.1691e+05   9.08e-23
  4.3002e+05   8.82e-23
  4.4354e+05   8.56e-23
  4.5749e+05   8.31e-23
  4.7187e+05   8.06e-23
  4.8671e+05   7.82e-23
  5.0202e+05   7.59e-23
  5.1780e+05   7.36e-23
  5.3409e+05   7.13e-23
  5.5088e+05   6.92e-23
  5.6820e+05   6.70e-23
  5.8607e+05   6.50e-23
  6.0450e+05   6.29e-23
  6.2351e+05   6.10e-23
  6.4311e+05   5.91e-23
  6.6334e+05   5.72e-23
  6.8419e+05   5.54e-23
  7.0571e+05   5.36e-23
  7.2790e+05   5.19e-23
  7.5079e+05   5.03e-23
  7.7440e+05   4.86e-23
  7.9875e+05   4.70e-23
  8.2387e+05   4.55e-23
  8.4977e+05   4.40e-23
  8.7649e+05   4.26e-23
  9.0405e+05   4.12e-23
  9.3248e+05   3.98e-23
  9.6180e+05   3.85e-23
  9.9205e+05   3.72e-23
  1.0232e+06   3.60e-23
  1.0554e+06   3.48e-23
  1.0886e+06   3.36e-23
  1.1228e+06   3.24e-23
  1.1581e+06   3.13e-23
  1.1946e+06   3.03e-23
  1.2321e+06   2.93e-23
  1.2709e+06   2.83e-23
  1.3108e+06   2.73e-23
  1.3521e+06   2.64e-23
  1.3946e+06   2.54e-23
  1.4384e+06   2.45e-23
  1.4837e+06   2.37e-23
  1.5303e+06   2.28e-23
  1.5784e+06   2.20e-23
  1.6281e+06   2.12e-23
  1.6793e+06   2.04e-23
  1.7321e+06   1.97e-23
  1.7865e+06   1.89e-23
  1.8427e+06   1.82e-23
  1.9006e+06   1.76e-23
  1.9604e+06   1.69e-23
  2.0221e+06   1.62e-23
  2.0856e+06   1.56e-23
  2.1512e+06   1.50e-23
  2.2189e+06   1.44e-23
  2.2886e+06   1.38e-23
  2.3606e+06   1.32e-23
  2.4348e+06   1.26e-23
  2.5114e+06   1.21e-23
  2.5904e+06   1.16e-23
  2.6718e+06   1.10e-23
  2.7558e+06   1.05e-23
  2.8425e+06   1.00e-23
  2.9319e+06   9.54e-24
  3.0241e+06   9.08e-24
  3.1192e+06   8.61e-24
  3.2173e+06   8.16e-24
  3.3184e+06   7.73e-24
  3.4228e+06   7.32e-24
  3.5304e+06   6.91e-24
  3.6414e+06   6.51e-24
  3.7559e+06   6.13e-24
  3.8740e+06   5.77e-24
  3.9958e+06   5.41e-24
  4.1215e+06   5.07e-24
  4.2511e+06   4.74e-24
  4.3848e+06   4.42e-24
  4.5227e+06   4.12e-24
  4.6649e+06   3.83e-24
  4.8116e+06   3.55e-24
  4.9629e+06   3.29e-24
  5.1189e+06   3.03e-24
  5.2799e+06   2.80e-24
  5.4459e+06   2.57e-24
  5.6171e+06   2.35e-24
  5.7938e+06   2.14e-24
  5.9760e+06   1.94e-24
  6.1639e+06   1.76e-24
  6.3577e+06   1.59e-24
  6.5576e+06   1.43e-24
  6.7638e+06   1.28e-24
  6.9765e+06   1.14e-24
  7.1959e+06   1.01e-24
  7.4222e+06   8.95e-25
  7.6556e+06   7.87e-25
  7.8963e+06   6.92e-25
  8.1446e+06   6.05e-25
  8.4007e+06   5.25e-25
  8.6649e+06   4.53e-25
  8.9373e+06   3.90e-25
  9.2184e+06   3.33e-25
  9.5082e+06   2.81e-25
  9.8072e+06   2.38e-25
  1.0116e+07   2.00e-25
  1.0434e+07   1.67e-25
  1.0762e+07   1.37e-25
  1.1100e+07   1.14e-25
  1.1449e+07   9.39e-26
  1.1809e+07   7.62e-26
  1.2181e+07   6.17e-26
  1.2564e+07   5.07e-26
  1.2959e+07   4.12e-26
  1.3366e+07   3.29e-26
  1.3786e+07   2.68e-26
  1.4220e+07   2.21e-26
