#  E [MeV]   Flux [# cm^{-2} s^{-1}  MeV^{-1}]
  3.0000e+04   9.90e-23
  3.0782e+04   9.58e-23
  3.1585e+04   9.27e-23
  3.2409e+04   8.97e-23
  3.3255e+04   8.67e-23
  3.4122e+04   8.38e-23
  3.5012e+04   8.11e-23
  3.5925e+04   7.84e-23
  3.6862e+04   7.57e-23
  3.7824e+04   7.31e-23
  3.8810e+04   7.07e-23
  3.9822e+04   6.83e-23
  4.0861e+04   6.59e-23
  4.1927e+04   6.36e-23
  4.3021e+04   6.14e-23
  4.4143e+04   5.93e-23
  4.5294e+04   5.72e-23
  4.6475e+04   5.52e-23
  4.7688e+04   5.32e-23
  4.8931e+04   5.13e-23
  5.0208e+04   4.95e-23
  5.1517e+04   4.77e-23
  5.2861e+04   4.60e-23
  5.4240e+04   4.43e-23
  5.5654e+04   4.27e-23
  5.7106e+04   4.11e-23
  5.8596e+04   3.96e-23
  6.0124e+04   3.81e-23
  6.1692e+04   3.67e-23
  6.3301e+04   3.53e-23
  6.4952e+04   3.39e-23
  6.6647e+04   3.26e-23
  6.8385e+04   3.14e-23
  7.0169e+04   3.02e-23
  7.1999e+04   2.90e-23
  7.3877e+04   2.79e-23
  7.5804e+04   2.68e-23
  7.7781e+04   2.57e-23
  7.9810e+04   2.47e-23
  8.1891e+04   2.37e-23
  8.4027e+04   2.28e-23
  8.6219e+04   2.19e-23
  8.8468e+04   2.10e-23
  9.0775e+04   2.01e-23
  9.3143e+04   1.93e-23
  9.5572e+04   1.85e-23
  9.8065e+04   1.78e-23
  1.0062e+05   1.70e-23
  1.0325e+05   1.63e-23
  1.0594e+05   1.56e-23
  1.0870e+05   1.50e-23
  1.1154e+05   1.44e-23
  1.1445e+05   1.37e-23
  1.1743e+05   1.32e-23
  1.2050e+05   1.26e-23
  1.2364e+05   1.21e-23
  1.2686e+05   1.15e-23
  1.3017e+05   1.10e-23
  1.3357e+05   1.05e-23
  1.3705e+05   1.01e-23
  1.4063e+05   9.62e-24
  1.4429e+05   9.19e-24
  1.4806e+05   8.78e-24
  1.5192e+05   8.38e-24
  1.5588e+05   8.00e-24
  1.5995e+05   7.63e-24
  1.6412e+05   7.28e-24
  1.6840e+05   6.95e-24
  1.7279e+05   6.62e-24
  1.7730e+05   6.31e-24
  1.8193e+05   6.02e-24
  1.8667e+05   5.73e-24
  1.9154e+05   5.46e-24
  1.9654e+05   5.20e-24
  2.0166e+05   4.95e-24
  2.0692e+05   4.71e-24
  2.1232e+05   4.48e-24
  2.1786e+05   4.26e-24
  2.2354e+05   4.05e-24
  2.2937e+05   3.85e-24
  2.3535e+05   3.66e-24
  2.4149e+05   3.48e-24
  2.4779e+05   3.30e-24
  2.5425e+05   3.14e-24
  2.6088e+05   2.98e-24
  2.6769e+05   2.82e-24
  2.7467e+05   2.68e-24
  2.8184e+05   2.54e-24
  2.8919e+05   2.40e-24
  2.9673e+05   2.28e-24
  3.0447e+05   2.16e-24
  3.1241e+05   2.04e-24
  3.2056e+05   1.93e-24
  3.2892e+05   1.83e-24
  3.3750e+05   1.73e-24
  3.4630e+05   1.63e-24
  3.5533e+05   1.54e-24
  3.6460e+05   1.46e-24
  3.7411e+05   1.38e-24
  3.8387e+05   1.30e-24
  3.9388e+05   1.23e-24
  4.0416e+05   1.16e-24
  4.1470e+05   1.09e-24
  4.2551e+05   1.03e-24
  4.3661e+05   9.70e-25
  4.4800e+05   9.14e-25
  4.5969e+05   8.61e-25
  4.7168e+05   8.11e-25
  4.8398e+05   7.62e-25
  4.9660e+05   7.16e-25
  5.0956e+05   6.74e-25
  5.2285e+05   6.33e-25
  5.3648e+05   5.94e-25
  5.5048e+05   5.57e-25
  5.6483e+05   5.22e-25
  5.7957e+05   4.90e-25
  5.9468e+05   4.60e-25
  6.1020e+05   4.30e-25
  6.2611e+05   4.02e-25
  6.4244e+05   3.77e-25
  6.5920e+05   3.53e-25
  6.7639e+05   3.30e-25
  6.9403e+05   3.08e-25
  7.1214e+05   2.88e-25
  7.3071e+05   2.70e-25
  7.4977e+05   2.52e-25
  7.6933e+05   2.35e-25
  7.8939e+05   2.18e-25
  8.0998e+05   2.04e-25
  8.3111e+05   1.90e-25
  8.5279e+05   1.77e-25
  8.7503e+05   1.65e-25
  8.9785e+05   1.53e-25
  9.2127e+05   1.43e-25
  9.4530e+05   1.33e-25
  9.6996e+05   1.23e-25
  9.9526e+05   1.14e-25
  1.0212e+06   1.06e-25
  1.0479e+06   9.85e-26
  1.0752e+06   9.13e-26
  1.1032e+06   8.43e-26
  1.1320e+06   7.82e-26
  1.1615e+06   7.26e-26
  1.1918e+06   6.72e-26
  1.2229e+06   6.20e-26
  1.2548e+06   5.72e-26
  1.2875e+06   5.31e-26
  1.3211e+06   4.92e-26
  1.3556e+06   4.54e-26
  1.3909e+06   4.18e-26
  1.4272e+06   3.87e-26
  1.4644e+06   3.59e-26
  1.5026e+06   3.32e-26
  1.5418e+06   3.06e-26
  1.5820e+06   2.82e-26
  1.6233e+06   2.61e-26
  1.6657e+06   2.42e-26
  1.7091e+06   2.23e-26
  1.7537e+06   2.05e-26
  1.7994e+06   1.90e-26
  1.8464e+06   1.77e-26
  1.8945e+06   1.64e-26
  1.9439e+06   1.51e-26
  1.9946e+06   1.40e-26
  2.0467e+06   1.30e-26
  2.1000e+06   1.22e-26
  2.1548e+06   1.13e-26
  2.2110e+06   1.05e-26
  2.2687e+06   9.84e-27
  2.3279e+06   9.25e-27
  2.3886e+06   8.68e-27
  2.4509e+06   8.14e-27
  2.5148e+06   7.66e-27
  2.5804e+06   7.28e-27
  2.6477e+06   6.91e-27
  2.7168e+06   6.56e-27
  2.7876e+06   6.22e-27
  2.8603e+06   5.97e-27
  2.9349e+06   5.74e-27
  3.0115e+06   5.52e-27
  3.0900e+06   5.31e-27
  3.1706e+06   5.15e-27
  3.2533e+06   5.06e-27
  3.3382e+06   4.98e-27
  3.4253e+06   4.89e-27
  3.5146e+06   4.80e-27
  3.6063e+06   4.84e-27
  3.7003e+06   4.88e-27
  3.7969e+06   4.91e-27
  3.8959e+06   4.94e-27
  3.9975e+06   5.09e-27
  4.1018e+06   5.37e-27
  4.2088e+06   5.63e-27
  4.3185e+06   5.87e-27
  4.4312e+06   6.09e-27
  4.5467e+06   6.84e-27
  4.6653e+06   7.55e-27
  4.7870e+06   8.21e-27
  4.9119e+06   8.84e-27
  5.0400e+06   8.30e-27
