#  E [MeV]   Flux [# cm^{-2} s^{-1}  MeV^{-1}]
  3.0000e+04   1.19e-25
  3.1232e+04   1.13e-25
  3.2514e+04   1.08e-25
  3.3849e+04   1.03e-25
  3.5238e+04   9.79e-26
  3.6685e+04   9.32e-26
  3.8191e+04   8.88e-26
  3.9759e+04   8.45e-26
  4.1391e+04   8.04e-26
  4.3090e+04   7.65e-26
  4.4859e+04   7.28e-26
  4.6701e+04   6.93e-26
  4.8618e+04   6.59e-26
  5.0614e+04   6.27e-26
  5.2692e+04   5.96e-26
  5.4855e+04   5.66e-26
  5.7107e+04   5.38e-26
  5.9451e+04   5.11e-26
  6.1892e+04   4.86e-26
  6.4433e+04   4.61e-26
  6.7078e+04   4.38e-26
  6.9832e+04   4.16e-26
  7.2699e+04   3.94e-26
  7.5683e+04   3.74e-26
  7.8790e+04   3.55e-26
  8.2025e+04   3.37e-26
  8.5392e+04   3.19e-26
  8.8898e+04   3.03e-26
  9.2547e+04   2.87e-26
  9.6347e+04   2.72e-26
  1.0030e+05   2.57e-26
  1.0442e+05   2.44e-26
  1.0871e+05   2.31e-26
  1.1317e+05   2.18e-26
  1.1782e+05   2.07e-26
  1.2265e+05   1.95e-26
  1.2769e+05   1.85e-26
  1.3293e+05   1.75e-26
  1.3839e+05   1.65e-26
  1.4407e+05   1.56e-26
  1.4998e+05   1.47e-26
  1.5614e+05   1.39e-26
  1.6255e+05   1.31e-26
  1.6922e+05   1.23e-26
  1.7617e+05   1.16e-26
  1.8340e+05   1.09e-26
  1.9093e+05   1.03e-26
  1.9877e+05   9.69e-27
  2.0693e+05   9.11e-27
  2.1543e+05   8.56e-27
  2.2427e+05   8.04e-27
  2.3348e+05   7.54e-27
  2.4306e+05   7.07e-27
  2.5304e+05   6.62e-27
  2.6343e+05   6.20e-27
  2.7424e+05   5.80e-27
  2.8550e+05   5.42e-27
  2.9722e+05   5.06e-27
  3.0942e+05   4.72e-27
  3.2213e+05   4.39e-27
  3.3535e+05   4.09e-27
  3.4912e+05   3.80e-27
  3.6345e+05   3.53e-27
  3.7837e+05   3.28e-27
  3.9390e+05   3.04e-27
  4.1008e+05   2.82e-27
  4.2691e+05   2.61e-27
  4.4444e+05   2.41e-27
  4.6268e+05   2.23e-27
  4.8168e+05   2.05e-27
  5.0145e+05   1.89e-27
  5.2204e+05   1.74e-27
  5.4347e+05   1.60e-27
  5.6578e+05   1.47e-27
  5.8901e+05   1.35e-27
  6.1319e+05   1.24e-27
  6.3836e+05   1.14e-27
  6.6457e+05   1.04e-27
  6.9185e+05   9.54e-28
  7.2025e+05   8.73e-28
  7.4982e+05   7.99e-28
  7.8061e+05   7.30e-28
  8.1265e+05   6.67e-28
  8.4601e+05   6.09e-28
  8.8075e+05   5.56e-28
  9.1690e+05   5.08e-28
  9.5455e+05   4.64e-28
  9.9373e+05   4.23e-28
  1.0345e+06   3.86e-28
  1.0770e+06   3.52e-28
  1.1212e+06   3.21e-28
  1.1672e+06   2.93e-28
  1.2152e+06   2.67e-28
  1.2650e+06   2.44e-28
  1.3170e+06   2.23e-28
  1.3711e+06   2.04e-28
  1.4273e+06   1.86e-28
  1.4859e+06   1.70e-28
  1.5469e+06   1.56e-28
  1.6104e+06   1.42e-28
  1.6766e+06   1.30e-28
  1.7454e+06   1.19e-28
  1.8170e+06   1.09e-28
  1.8916e+06   9.98e-29
  1.9693e+06   9.13e-29
  2.0501e+06   8.35e-29
  2.1343e+06   7.63e-29
  2.2219e+06   6.97e-29
  2.3131e+06   6.36e-29
  2.4081e+06   5.81e-29
  2.5070e+06   5.29e-29
  2.6099e+06   4.82e-29
  2.7170e+06   4.38e-29
  2.8286e+06   3.98e-29
  2.9447e+06   3.61e-29
  3.0656e+06   3.27e-29
  3.1914e+06   2.96e-29
  3.3225e+06   2.67e-29
  3.4589e+06   2.41e-29
  3.6008e+06   2.16e-29
  3.7487e+06   1.94e-29
  3.9026e+06   1.74e-29
  4.0628e+06   1.55e-29
  4.2296e+06   1.38e-29
  4.4032e+06   1.22e-29
  4.5840e+06   1.08e-29
  4.7722e+06   9.52e-30
  4.9681e+06   8.36e-30
  5.1720e+06   7.29e-30
  5.3844e+06   6.35e-30
  5.6054e+06   5.50e-30
  5.8355e+06   4.73e-30
  6.0751e+06   4.06e-30
  6.3245e+06   3.46e-30
  6.5841e+06   2.92e-30
  6.8544e+06   2.47e-30
  7.1358e+06   2.06e-30
  7.4288e+06   1.70e-30
  7.7338e+06   1.40e-30
  8.0513e+06   1.14e-30
  8.3818e+06   9.20e-31
  8.7259e+06   7.36e-31
  9.0841e+06   5.79e-31
  9.4571e+06   4.51e-31
  9.8453e+06   3.47e-31
  1.0249e+07   2.62e-31
  1.0670e+07   1.95e-31
  1.1108e+07   1.43e-31
  1.1564e+07   1.02e-31
  1.2039e+07   7.16e-32
  1.2533e+07   4.90e-32
  1.3048e+07   3.24e-32
  1.3584e+07   2.11e-32
  1.4141e+07   1.32e-32
  1.4722e+07   7.85e-33
  1.5326e+07   4.56e-33
  1.5955e+07   2.51e-33
  1.6610e+07   1.30e-33
  1.7292e+07   6.40e-34
  1.8002e+07   2.92e-34
  1.8741e+07   1.22e-34
  1.9511e+07   4.75e-35
  2.0312e+07   1.64e-35
  2.1145e+07   5.03e-36
  2.2013e+07   1.35e-36
  2.2917e+07   3.05e-37
  2.3858e+07   5.71e-38
  2.4837e+07   8.60e-39
  2.5857e+07   9.79e-40
  2.6919e+07   8.26e-41
  2.8024e+07   4.80e-42
  2.9174e+07   1.75e-43
  3.0372e+07   3.82e-45
  3.1619e+07   4.31e-47
  3.2917e+07   2.16e-49
  3.4268e+07   4.25e-52
  3.5675e+07   2.49e-55
  3.7140e+07   3.28e-59
  3.8664e+07   6.95e-64
  4.0252e+07   1.42e-69
  4.1904e+07   2.42e-72
  4.3624e+07   2.11e-72
  4.5415e+07   1.83e-72
  4.7280e+07   1.59e-72
  4.9221e+07   1.40e-72
  5.1241e+07   1.23e-72
  5.3345e+07   1.08e-72
  5.5535e+07   9.68e-73
  5.7815e+07   8.59e-73
  6.0188e+07   7.70e-73
  6.2659e+07   6.91e-73
  6.5232e+07   6.17e-73
  6.7910e+07   5.53e-73
  7.0698e+07   4.94e-73
  7.3600e+07   4.39e-73
  7.6621e+07   3.87e-73
  7.9767e+07   3.37e-73
  8.3042e+07   2.92e-73
  8.6451e+07   2.55e-73
  9.0000e+07   2.21e-73
