#  E [MeV]   Flux [# cm^{-2} s^{-1}  MeV^{-1}]
  3.0000e+04   1.11e-19
  3.0501e+04   1.10e-19
  3.1010e+04   1.09e-19
  3.1528e+04   1.08e-19
  3.2055e+04   1.07e-19
  3.2590e+04   1.06e-19
  3.3134e+04   1.05e-19
  3.3688e+04   1.04e-19
  3.4250e+04   1.03e-19
  3.4822e+04   1.02e-19
  3.5404e+04   1.01e-19
  3.5995e+04   1.00e-19
  3.6596e+04   9.90e-20
  3.7207e+04   9.81e-20
  3.7829e+04   9.71e-20
  3.8460e+04   9.61e-20
  3.9103e+04   9.52e-20
  3.9756e+04   9.42e-20
  4.0420e+04   9.33e-20
  4.1095e+04   9.23e-20
  4.1781e+04   9.14e-20
  4.2479e+04   9.04e-20
  4.3188e+04   8.95e-20
  4.3909e+04   8.85e-20
  4.4642e+04   8.76e-20
  4.5388e+04   8.67e-20
  4.6146e+04   8.57e-20
  4.6917e+04   8.48e-20
  4.7700e+04   8.39e-20
  4.8497e+04   8.30e-20
  4.9307e+04   8.21e-20
  5.0130e+04   8.12e-20
  5.0967e+04   8.03e-20
  5.1818e+04   7.93e-20
  5.2684e+04   7.84e-20
  5.3563e+04   7.75e-20
  5.4458e+04   7.67e-20
  5.5367e+04   7.58e-20
  5.6292e+04   7.49e-20
  5.7232e+04   7.40e-20
  5.8188e+04   7.31e-20
  5.9160e+04   7.22e-20
  6.0148e+04   7.13e-20
  6.1152e+04   7.05e-20
  6.2173e+04   6.96e-20
  6.3212e+04   6.87e-20
  6.4267e+04   6.79e-20
  6.5340e+04   6.70e-20
  6.6432e+04   6.61e-20
  6.7541e+04   6.53e-20
  6.8669e+04   6.45e-20
  6.9816e+04   6.36e-20
  7.0982e+04   6.28e-20
  7.2167e+04   6.19e-20
  7.3372e+04   6.11e-20
  7.4598e+04   6.03e-20
  7.5843e+04   5.95e-20
  7.7110e+04   5.87e-20
  7.8398e+04   5.79e-20
  7.9707e+04   5.71e-20
  8.1038e+04   5.62e-20
  8.2391e+04   5.54e-20
  8.3767e+04   5.46e-20
  8.5166e+04   5.38e-20
  8.6588e+04   5.30e-20
  8.8034e+04   5.22e-20
  8.9505e+04   5.14e-20
  9.0999e+04   5.06e-20
  9.2519e+04   4.99e-20
  9.4064e+04   4.91e-20
  9.5635e+04   4.83e-20
  9.7232e+04   4.76e-20
  9.8856e+04   4.68e-20
  1.0051e+05   4.60e-20
  1.0219e+05   4.53e-20
  1.0389e+05   4.45e-20
  1.0563e+05   4.38e-20
  1.0739e+05   4.30e-20
  1.0918e+05   4.23e-20
  1.1101e+05   4.16e-20
  1.1286e+05   4.09e-20
  1.1475e+05   4.01e-20
  1.1666e+05   3.94e-20
  1.1861e+05   3.87e-20
  1.2059e+05   3.80e-20
  1.2260e+05   3.73e-20
  1.2465e+05   3.66e-20
  1.2673e+05   3.59e-20
  1.2885e+05   3.52e-20
  1.3100e+05   3.45e-20
  1.3319e+05   3.39e-20
  1.3541e+05   3.32e-20
  1.3768e+05   3.25e-20
  1.3997e+05   3.19e-20
  1.4231e+05   3.12e-20
  1.4469e+05   3.06e-20
  1.4711e+05   2.99e-20
  1.4956e+05   2.93e-20
  1.5206e+05   2.87e-20
  1.5460e+05   2.81e-20
  1.5718e+05   2.75e-20
  1.5981e+05   2.68e-20
  1.6247e+05   2.62e-20
  1.6519e+05   2.56e-20
  1.6795e+05   2.50e-20
  1.7075e+05   2.44e-20
  1.7360e+05   2.39e-20
  1.7650e+05   2.33e-20
  1.7945e+05   2.27e-20
  1.8245e+05   2.21e-20
  1.8549e+05   2.16e-20
  1.8859e+05   2.10e-20
  1.9174e+05   2.05e-20
  1.9494e+05   2.00e-20
  1.9820e+05   1.94e-20
  2.0151e+05   1.89e-20
  2.0487e+05   1.84e-20
  2.0829e+05   1.79e-20
  2.1177e+05   1.74e-20
  2.1531e+05   1.69e-20
  2.1890e+05   1.64e-20
  2.2256e+05   1.60e-20
  2.2628e+05   1.55e-20
  2.3006e+05   1.50e-20
  2.3390e+05   1.46e-20
  2.3780e+05   1.41e-20
  2.4178e+05   1.37e-20
  2.4581e+05   1.32e-20
  2.4992e+05   1.28e-20
  2.5409e+05   1.24e-20
  2.5833e+05   1.20e-20
  2.6265e+05   1.16e-20
  2.6704e+05   1.12e-20
  2.7149e+05   1.08e-20
  2.7603e+05   1.05e-20
  2.8064e+05   1.01e-20
  2.8532e+05   9.72e-21
  2.9009e+05   9.37e-21
  2.9493e+05   9.03e-21
  2.9986e+05   8.69e-21
  3.0487e+05   8.36e-21
  3.0996e+05   8.05e-21
  3.1513e+05   7.73e-21
  3.2040e+05   7.42e-21
  3.2575e+05   7.11e-21
  3.3119e+05   6.81e-21
  3.3672e+05   6.53e-21
  3.4234e+05   6.24e-21
  3.4806e+05   5.97e-21
  3.5387e+05   5.71e-21
  3.5978e+05   5.45e-21
  3.6579e+05   5.20e-21
  3.7190e+05   4.96e-21
  3.7811e+05   4.72e-21
  3.8442e+05   4.50e-21
  3.9084e+05   4.28e-21
  3.9737e+05   4.06e-21
  4.0401e+05   3.86e-21
  4.1075e+05   3.67e-21
  4.1761e+05   3.48e-21
  4.2459e+05   3.29e-21
  4.3168e+05   3.11e-21
  4.3889e+05   2.94e-21
  4.4622e+05   2.78e-21
  4.5367e+05   2.63e-21
  4.6124e+05   2.48e-21
  4.6895e+05   2.34e-21
  4.7678e+05   2.20e-21
  4.8474e+05   2.07e-21
  4.9283e+05   1.94e-21
  5.0107e+05   1.82e-21
  5.0943e+05   1.71e-21
  5.1794e+05   1.60e-21
  5.2659e+05   1.50e-21
  5.3538e+05   1.40e-21
  5.4432e+05   1.30e-21
  5.5342e+05   1.20e-21
  5.6266e+05   1.12e-21
  5.7205e+05   1.05e-21
  5.8161e+05   9.76e-22
  5.9132e+05   9.06e-22
  6.0119e+05   8.38e-22
  6.1123e+05   7.72e-22
  6.2144e+05   7.09e-22
  6.3182e+05   6.58e-22
  6.4237e+05   6.11e-22
  6.5310e+05   5.66e-22
  6.6401e+05   5.23e-22
  6.7509e+05   4.81e-22
  6.8637e+05   4.40e-22
  6.9783e+05   4.01e-22
  7.0948e+05   3.72e-22
  7.2133e+05   3.47e-22
  7.3338e+05   3.22e-22
  7.4563e+05   2.99e-22
  7.5808e+05   2.76e-22
  7.7074e+05   2.53e-22
  7.8361e+05   2.32e-22
  7.9670e+05   2.20e-22
  8.1000e+05   2.10e-22
