#  E [MeV]   Flux [# cm^{-2} s^{-1}  MeV^{-1}]
  3.0000e+04   2.40e-20
  3.1123e+04   2.29e-20
  3.2288e+04   2.19e-20
  3.3497e+04   2.10e-20
  3.4751e+04   2.00e-20
  3.6051e+04   1.92e-20
  3.7401e+04   1.83e-20
  3.8801e+04   1.75e-20
  4.0253e+04   1.67e-20
  4.1760e+04   1.60e-20
  4.3324e+04   1.52e-20
  4.4945e+04   1.46e-20
  4.6628e+04   1.39e-20
  4.8373e+04   1.33e-20
  5.0184e+04   1.27e-20
  5.2063e+04   1.21e-20
  5.4011e+04   1.15e-20
  5.6033e+04   1.10e-20
  5.8131e+04   1.05e-20
  6.0307e+04   1.00e-20
  6.2564e+04   9.54e-21
  6.4906e+04   9.09e-21
  6.7336e+04   8.66e-21
  6.9857e+04   8.26e-21
  7.2472e+04   7.86e-21
  7.5184e+04   7.49e-21
  7.7999e+04   7.13e-21
  8.0919e+04   6.79e-21
  8.3948e+04   6.46e-21
  8.7090e+04   6.15e-21
  9.0350e+04   5.85e-21
  9.3732e+04   5.57e-21
  9.7241e+04   5.29e-21
  1.0088e+05   5.03e-21
  1.0466e+05   4.78e-21
  1.0858e+05   4.55e-21
  1.1264e+05   4.32e-21
  1.1686e+05   4.10e-21
  1.2123e+05   3.90e-21
  1.2577e+05   3.70e-21
  1.3048e+05   3.51e-21
  1.3536e+05   3.33e-21
  1.4043e+05   3.16e-21
  1.4568e+05   2.99e-21
  1.5114e+05   2.84e-21
  1.5680e+05   2.69e-21
  1.6266e+05   2.55e-21
  1.6875e+05   2.41e-21
  1.7507e+05   2.28e-21
  1.8162e+05   2.16e-21
  1.8842e+05   2.04e-21
  1.9548e+05   1.93e-21
  2.0279e+05   1.82e-21
  2.1039e+05   1.72e-21
  2.1826e+05   1.62e-21
  2.2643e+05   1.53e-21
  2.3491e+05   1.44e-21
  2.4370e+05   1.36e-21
  2.5282e+05   1.28e-21
  2.6229e+05   1.20e-21
  2.7211e+05   1.13e-21
  2.8229e+05   1.06e-21
  2.9286e+05   9.95e-22
  3.0382e+05   9.33e-22
  3.1519e+05   8.75e-22
  3.2699e+05   8.19e-22
  3.3923e+05   7.66e-22
  3.5193e+05   7.16e-22
  3.6511e+05   6.69e-22
  3.7877e+05   6.24e-22
  3.9295e+05   5.82e-22
  4.0766e+05   5.42e-22
  4.2292e+05   5.05e-22
  4.3875e+05   4.70e-22
  4.5518e+05   4.37e-22
  4.7222e+05   4.05e-22
  4.8989e+05   3.76e-22
  5.0823e+05   3.49e-22
  5.2726e+05   3.23e-22
  5.4699e+05   2.99e-22
  5.6747e+05   2.77e-22
  5.8871e+05   2.56e-22
  6.1075e+05   2.36e-22
  6.3361e+05   2.18e-22
  6.5733e+05   2.01e-22
  6.8194e+05   1.86e-22
  7.0746e+05   1.71e-22
  7.3395e+05   1.58e-22
  7.6142e+05   1.45e-22
  7.8992e+05   1.34e-22
  8.1949e+05   1.23e-22
  8.5017e+05   1.13e-22
  8.8199e+05   1.04e-22
  9.1501e+05   9.52e-23
  9.4926e+05   8.74e-23
  9.8479e+05   8.02e-23
  1.0217e+06   7.36e-23
  1.0599e+06   6.75e-23
  1.0996e+06   6.18e-23
  1.1407e+06   5.67e-23
  1.1834e+06   5.19e-23
  1.2277e+06   4.75e-23
  1.2737e+06   4.35e-23
  1.3214e+06   3.97e-23
  1.3708e+06   3.63e-23
  1.4222e+06   3.32e-23
  1.4754e+06   3.04e-23
  1.5306e+06   2.77e-23
  1.5879e+06   2.53e-23
  1.6474e+06   2.31e-23
  1.7090e+06   2.11e-23
  1.7730e+06   1.92e-23
  1.8394e+06   1.75e-23
  1.9082e+06   1.59e-23
  1.9797e+06   1.45e-23
  2.0538e+06   1.32e-23
  2.1306e+06   1.20e-23
  2.2104e+06   1.09e-23
  2.2931e+06   9.87e-24
  2.3790e+06   8.93e-24
  2.4680e+06   8.09e-24
  2.5604e+06   7.32e-24
  2.6563e+06   6.59e-24
  2.7557e+06   5.95e-24
  2.8589e+06   5.37e-24
  2.9659e+06   4.82e-24
  3.0769e+06   4.33e-24
  3.1921e+06   3.89e-24
  3.3116e+06   3.48e-24
  3.4355e+06   3.12e-24
  3.5641e+06   2.79e-24
  3.6976e+06   2.48e-24
  3.8360e+06   2.21e-24
  3.9796e+06   1.97e-24
  4.1285e+06   1.74e-24
  4.2831e+06   1.54e-24
  4.4434e+06   1.36e-24
  4.6097e+06   1.20e-24
  4.7823e+06   1.05e-24
  4.9613e+06   9.22e-25
  5.1470e+06   8.06e-25
  5.3397e+06   6.99e-25
  5.5396e+06   6.10e-25
  5.7470e+06   5.30e-25
  5.9621e+06   4.55e-25
  6.1853e+06   3.94e-25
  6.4168e+06   3.39e-25
  6.6570e+06   2.89e-25
  6.9062e+06   2.47e-25
  7.1647e+06   2.11e-25
  7.4329e+06   1.78e-25
  7.7112e+06   1.50e-25
  7.9998e+06   1.26e-25
  8.2993e+06   1.05e-25
  8.6100e+06   8.73e-26
  8.9323e+06   7.25e-26
  9.2666e+06   5.94e-26
  9.6135e+06   4.83e-26
  9.9734e+06   3.95e-26
  1.0347e+07   3.18e-26
  1.0734e+07   2.53e-26
  1.1136e+07   2.03e-26
  1.1553e+07   1.60e-26
  1.1985e+07   1.23e-26
  1.2434e+07   9.62e-27
  1.2899e+07   7.36e-27
  1.3382e+07   5.50e-27
  1.3883e+07   4.13e-27
  1.4403e+07   3.04e-27
  1.4942e+07   2.18e-27
  1.5501e+07   1.55e-27
  1.6081e+07   1.08e-27
  1.6683e+07   7.26e-28
  1.7308e+07   4.80e-28
  1.7956e+07   3.09e-28
  1.8628e+07   1.91e-28
  1.9325e+07   1.14e-28
  2.0049e+07   6.53e-29
  2.0799e+07   3.53e-29
  2.1578e+07   1.80e-29
  2.2386e+07   8.59e-30
  2.3224e+07   3.76e-30
  2.4093e+07   1.49e-30
  2.4995e+07   5.33e-31
  2.5930e+07   1.66e-31
  2.6901e+07   4.41e-32
  2.7908e+07   9.81e-33
  2.8953e+07   1.75e-33
  3.0037e+07   2.38e-34
  3.1161e+07   2.38e-35
  3.2327e+07   1.62e-36
  3.3537e+07   6.94e-38
  3.4793e+07   1.68e-39
  3.6095e+07   2.04e-41
  3.7446e+07   1.05e-43
  3.8848e+07   1.86e-46
  4.0302e+07   8.69e-50
  4.1811e+07   7.61e-54
  4.3376e+07   8.09e-59
  4.5000e+07   5.75e-65
