#  E [GeV]   # per interaction  [GeV^{-1}]
  3.0000e+01   2.77e-02
  3.1141e+01   2.67e-02
  3.2326e+01   2.56e-02
  3.3556e+01   2.47e-02
  3.4832e+01   2.37e-02
  3.6157e+01   2.28e-02
  3.7533e+01   2.19e-02
  3.8961e+01   2.11e-02
  4.0443e+01   2.02e-02
  4.1982e+01   1.94e-02
  4.3579e+01   1.87e-02
  4.5237e+01   1.79e-02
  4.6958e+01   1.72e-02
  4.8744e+01   1.65e-02
  5.0598e+01   1.58e-02
  5.2523e+01   1.52e-02
  5.4521e+01   1.46e-02
  5.6596e+01   1.40e-02
  5.8749e+01   1.34e-02
  6.0984e+01   1.28e-02
  6.3304e+01   1.23e-02
  6.5712e+01   1.18e-02
  6.8212e+01   1.13e-02
  7.0807e+01   1.08e-02
  7.3500e+01   1.03e-02
  7.6297e+01   9.88e-03
  7.9199e+01   9.46e-03
  8.2212e+01   9.04e-03
  8.5340e+01   8.65e-03
  8.8586e+01   8.27e-03
  9.1956e+01   7.90e-03
  9.5455e+01   7.54e-03
  9.9086e+01   7.21e-03
  1.0286e+02   6.88e-03
  1.0677e+02   6.57e-03
  1.1083e+02   6.27e-03
  1.1505e+02   5.98e-03
  1.1942e+02   5.71e-03
  1.2397e+02   5.44e-03
  1.2868e+02   5.19e-03
  1.3358e+02   4.95e-03
  1.3866e+02   4.71e-03
  1.4394e+02   4.49e-03
  1.4941e+02   4.27e-03
  1.5509e+02   4.07e-03
  1.6100e+02   3.87e-03
  1.6712e+02   3.69e-03
  1.7348e+02   3.51e-03
  1.8008e+02   3.33e-03
  1.8693e+02   3.17e-03
  1.9404e+02   3.01e-03
  2.0142e+02   2.86e-03
  2.0908e+02   2.72e-03
  2.1704e+02   2.58e-03
  2.2529e+02   2.45e-03
  2.3387e+02   2.33e-03
  2.4276e+02   2.21e-03
  2.5200e+02   2.09e-03
  2.6158e+02   1.98e-03
  2.7154e+02   1.88e-03
  2.8187e+02   1.78e-03
  2.9259e+02   1.69e-03
  3.0372e+02   1.60e-03
  3.1527e+02   1.51e-03
  3.2727e+02   1.43e-03
  3.3972e+02   1.35e-03
  3.5264e+02   1.28e-03
  3.6606e+02   1.21e-03
  3.7998e+02   1.14e-03
  3.9444e+02   1.08e-03
  4.0945e+02   1.02e-03
  4.2502e+02   9.66e-04
  4.4119e+02   9.12e-04
  4.5798e+02   8.61e-04
  4.7540e+02   8.12e-04
  4.9348e+02   7.66e-04
  5.1226e+02   7.23e-04
  5.3175e+02   6.82e-04
  5.5198e+02   6.43e-04
  5.7297e+02   6.06e-04
  5.9477e+02   5.71e-04
  6.1740e+02   5.38e-04
  6.4089e+02   5.07e-04
  6.6527e+02   4.77e-04
  6.9058e+02   4.49e-04
  7.1685e+02   4.23e-04
  7.4412e+02   3.98e-04
  7.7243e+02   3.75e-04
  8.0181e+02   3.53e-04
  8.3232e+02   3.32e-04
  8.6398e+02   3.12e-04
  8.9685e+02   2.94e-04
  9.3097e+02   2.77e-04
  9.6638e+02   2.60e-04
  1.0031e+03   2.45e-04
  1.0413e+03   2.30e-04
  1.0809e+03   2.17e-04
  1.1220e+03   2.04e-04
  1.1647e+03   1.92e-04
  1.2090e+03   1.81e-04
  1.2550e+03   1.70e-04
  1.3028e+03   1.60e-04
  1.3523e+03   1.51e-04
  1.4038e+03   1.42e-04
  1.4572e+03   1.33e-04
  1.5126e+03   1.26e-04
  1.5702e+03   1.18e-04
  1.6299e+03   1.11e-04
  1.6919e+03   1.05e-04
  1.7563e+03   9.88e-05
  1.8231e+03   9.32e-05
  1.8925e+03   8.78e-05
  1.9645e+03   8.27e-05
  2.0392e+03   7.80e-05
  2.1168e+03   7.36e-05
  2.1973e+03   6.94e-05
  2.2809e+03   6.55e-05
  2.3677e+03   6.18e-05
  2.4577e+03   5.83e-05
  2.5512e+03   5.50e-05
  2.6483e+03   5.20e-05
  2.7490e+03   4.91e-05
  2.8536e+03   4.64e-05
  2.9622e+03   4.38e-05
  3.0749e+03   4.14e-05
  3.1918e+03   3.92e-05
  3.3133e+03   3.71e-05
  3.4393e+03   3.51e-05
  3.5702e+03   3.32e-05
  3.7060e+03   3.14e-05
  3.8470e+03   2.97e-05
  3.9933e+03   2.81e-05
  4.1452e+03   2.67e-05
  4.3029e+03   2.53e-05
  4.4666e+03   2.39e-05
  4.6366e+03   2.27e-05
  4.8129e+03   2.15e-05
  4.9960e+03   2.04e-05
  5.1861e+03   1.93e-05
  5.3834e+03   1.83e-05
  5.5882e+03   1.73e-05
  5.8008e+03   1.65e-05
  6.0215e+03   1.56e-05
  6.2506e+03   1.48e-05
  6.4883e+03   1.40e-05
  6.7352e+03   1.33e-05
  6.9914e+03   1.26e-05
  7.2574e+03   1.20e-05
  7.5335e+03   1.13e-05
  7.8201e+03   1.07e-05
  8.1176e+03   1.02e-05
  8.4264e+03   9.63e-06
  8.7470e+03   9.11e-06
  9.0797e+03   8.62e-06
  9.4251e+03   8.14e-06
  9.7837e+03   7.69e-06
  1.0156e+04   7.25e-06
  1.0542e+04   6.84e-06
  1.0943e+04   6.44e-06
  1.1360e+04   6.06e-06
  1.1792e+04   5.69e-06
  1.2240e+04   5.34e-06
  1.2706e+04   5.00e-06
  1.3189e+04   4.68e-06
  1.3691e+04   4.36e-06
  1.4212e+04   4.06e-06
  1.4753e+04   3.77e-06
  1.5314e+04   3.49e-06
  1.5897e+04   3.22e-06
  1.6501e+04   2.96e-06
  1.7129e+04   2.71e-06
  1.7781e+04   2.47e-06
  1.8457e+04   2.24e-06
  1.9159e+04   2.02e-06
  1.9888e+04   1.81e-06
  2.0645e+04   1.61e-06
  2.1430e+04   1.42e-06
  2.2245e+04   1.24e-06
  2.3092e+04   1.07e-06
  2.3970e+04   9.08e-07
  2.4882e+04   7.60e-07
  2.5829e+04   6.26e-07
  2.6811e+04   5.04e-07
  2.7831e+04   3.95e-07
  2.8890e+04   3.01e-07
  2.9989e+04   2.21e-07
  3.1130e+04   1.56e-07
  3.2314e+04   1.04e-07
  3.3544e+04   6.53e-08
  3.4820e+04   3.80e-08
  3.6144e+04   2.01e-08
  3.7519e+04   9.47e-09
  3.8947e+04   3.87e-09
  4.0428e+04   1.32e-09
  4.1966e+04   3.58e-10
  4.3563e+04   7.31e-11
  4.5220e+04   1.03e-11
  4.6941e+04   9.10e-13
  4.8726e+04   4.34e-14
  5.0580e+04   9.31e-16
