#  E [MeV]   Flux [# cm^{-2} s^{-1}  MeV^{-1}]
  3.0000e+04   1.77e-26
  3.1141e+04   1.70e-26
  3.2326e+04   1.64e-26
  3.3556e+04   1.58e-26
  3.4832e+04   1.51e-26
  3.6157e+04   1.46e-26
  3.7533e+04   1.40e-26
  3.8961e+04   1.35e-26
  4.0443e+04   1.29e-26
  4.1982e+04   1.24e-26
  4.3579e+04   1.19e-26
  4.5237e+04   1.14e-26
  4.6958e+04   1.10e-26
  4.8744e+04   1.05e-26
  5.0598e+04   1.01e-26
  5.2523e+04   9.70e-27
  5.4521e+04   9.30e-27
  5.6596e+04   8.92e-27
  5.8749e+04   8.55e-27
  6.0984e+04   8.19e-27
  6.3304e+04   7.85e-27
  6.5712e+04   7.52e-27
  6.8212e+04   7.20e-27
  7.0807e+04   6.89e-27
  7.3500e+04   6.60e-27
  7.6297e+04   6.31e-27
  7.9199e+04   6.04e-27
  8.2212e+04   5.78e-27
  8.5340e+04   5.52e-27
  8.8586e+04   5.28e-27
  9.1956e+04   5.05e-27
  9.5455e+04   4.82e-27
  9.9086e+04   4.61e-27
  1.0286e+05   4.40e-27
  1.0677e+05   4.20e-27
  1.1083e+05   4.01e-27
  1.1505e+05   3.82e-27
  1.1942e+05   3.65e-27
  1.2397e+05   3.48e-27
  1.2868e+05   3.32e-27
  1.3358e+05   3.16e-27
  1.3866e+05   3.01e-27
  1.4394e+05   2.87e-27
  1.4941e+05   2.73e-27
  1.5509e+05   2.60e-27
  1.6100e+05   2.47e-27
  1.6712e+05   2.35e-27
  1.7348e+05   2.24e-27
  1.8008e+05   2.13e-27
  1.8693e+05   2.02e-27
  1.9404e+05   1.92e-27
  2.0142e+05   1.83e-27
  2.0908e+05   1.74e-27
  2.1704e+05   1.65e-27
  2.2529e+05   1.57e-27
  2.3387e+05   1.49e-27
  2.4276e+05   1.41e-27
  2.5200e+05   1.34e-27
  2.6158e+05   1.27e-27
  2.7154e+05   1.20e-27
  2.8187e+05   1.14e-27
  2.9259e+05   1.08e-27
  3.0372e+05   1.02e-27
  3.1527e+05   9.66e-28
  3.2727e+05   9.15e-28
  3.3972e+05   8.65e-28
  3.5264e+05   8.18e-28
  3.6606e+05   7.74e-28
  3.7998e+05   7.32e-28
  3.9444e+05   6.91e-28
  4.0945e+05   6.53e-28
  4.2502e+05   6.17e-28
  4.4119e+05   5.83e-28
  4.5798e+05   5.50e-28
  4.7540e+05   5.19e-28
  4.9348e+05   4.90e-28
  5.1226e+05   4.62e-28
  5.3175e+05   4.36e-28
  5.5198e+05   4.11e-28
  5.7297e+05   3.87e-28
  5.9477e+05   3.65e-28
  6.1740e+05   3.44e-28
  6.4089e+05   3.24e-28
  6.6527e+05   3.05e-28
  6.9058e+05   2.87e-28
  7.1685e+05   2.70e-28
  7.4412e+05   2.54e-28
  7.7243e+05   2.39e-28
  8.0181e+05   2.25e-28
  8.3232e+05   2.12e-28
  8.6398e+05   2.00e-28
  8.9685e+05   1.88e-28
  9.3097e+05   1.77e-28
  9.6638e+05   1.66e-28
  1.0031e+06   1.56e-28
  1.0413e+06   1.47e-28
  1.0809e+06   1.39e-28
  1.1220e+06   1.30e-28
  1.1647e+06   1.23e-28
  1.2090e+06   1.15e-28
  1.2550e+06   1.09e-28
  1.3028e+06   1.02e-28
  1.3523e+06   9.62e-29
  1.4038e+06   9.05e-29
  1.4572e+06   8.52e-29
  1.5126e+06   8.03e-29
  1.5702e+06   7.55e-29
  1.6299e+06   7.12e-29
  1.6919e+06   6.71e-29
  1.7563e+06   6.32e-29
  1.8231e+06   5.95e-29
  1.8925e+06   5.61e-29
  1.9645e+06   5.29e-29
  2.0392e+06   4.99e-29
  2.1168e+06   4.70e-29
  2.1973e+06   4.43e-29
  2.2809e+06   4.18e-29
  2.3677e+06   3.95e-29
  2.4577e+06   3.72e-29
  2.5512e+06   3.52e-29
  2.6483e+06   3.32e-29
  2.7490e+06   3.14e-29
  2.8536e+06   2.96e-29
  2.9622e+06   2.80e-29
  3.0749e+06   2.65e-29
  3.1918e+06   2.50e-29
  3.3133e+06   2.37e-29
  3.4393e+06   2.24e-29
  3.5702e+06   2.12e-29
  3.7060e+06   2.01e-29
  3.8470e+06   1.90e-29
  3.9933e+06   1.80e-29
  4.1452e+06   1.70e-29
  4.3029e+06   1.61e-29
  4.4666e+06   1.53e-29
  4.6366e+06   1.45e-29
  4.8129e+06   1.37e-29
  4.9960e+06   1.30e-29
  5.1861e+06   1.23e-29
  5.3834e+06   1.17e-29
  5.5882e+06   1.11e-29
  5.8008e+06   1.05e-29
  6.0215e+06   9.97e-30
  6.2506e+06   9.45e-30
  6.4883e+06   8.97e-30
  6.7352e+06   8.50e-30
  6.9914e+06   8.06e-30
  7.2574e+06   7.64e-30
  7.5335e+06   7.24e-30
  7.8201e+06   6.86e-30
  8.1176e+06   6.50e-30
  8.4264e+06   6.15e-30
  8.7470e+06   5.82e-30
  9.0797e+06   5.51e-30
  9.4251e+06   5.20e-30
  9.7837e+06   4.91e-30
  1.0156e+07   4.63e-30
  1.0542e+07   4.37e-30
  1.0943e+07   4.12e-30
  1.1360e+07   3.87e-30
  1.1792e+07   3.64e-30
  1.2240e+07   3.41e-30
  1.2706e+07   3.20e-30
  1.3189e+07   2.99e-30
  1.3691e+07   2.79e-30
  1.4212e+07   2.59e-30
  1.4753e+07   2.41e-30
  1.5314e+07   2.23e-30
  1.5897e+07   2.06e-30
  1.6501e+07   1.89e-30
  1.7129e+07   1.73e-30
  1.7781e+07   1.58e-30
  1.8457e+07   1.43e-30
  1.9159e+07   1.29e-30
  1.9888e+07   1.16e-30
  2.0645e+07   1.03e-30
  2.1430e+07   9.06e-31
  2.2245e+07   7.90e-31
  2.3092e+07   6.82e-31
  2.3970e+07   5.80e-31
  2.4882e+07   4.86e-31
  2.5829e+07   4.00e-31
  2.6811e+07   3.22e-31
  2.7831e+07   2.53e-31
  2.8890e+07   1.92e-31
  2.9989e+07   1.41e-31
  3.1130e+07   9.96e-32
  3.2314e+07   6.65e-32
  3.3544e+07   4.18e-32
  3.4820e+07   2.43e-32
  3.6144e+07   1.28e-32
  3.7519e+07   6.05e-33
  3.8947e+07   2.47e-33
  4.0428e+07   8.42e-34
  4.1966e+07   2.29e-34
  4.3563e+07   4.67e-35
  4.5220e+07   6.60e-36
  4.6941e+07   5.82e-37
  4.8726e+07   2.77e-38
  5.0580e+07   5.95e-40
