#  E [GeV]   # per interaction  [GeV^{-1}]
  3.0000e+01   2.37e-01
  3.0675e+01   2.29e-01
  3.1366e+01   2.22e-01
  3.2072e+01   2.15e-01
  3.2794e+01   2.08e-01
  3.3533e+01   2.01e-01
  3.4288e+01   1.95e-01
  3.5060e+01   1.88e-01
  3.5849e+01   1.82e-01
  3.6656e+01   1.76e-01
  3.7482e+01   1.70e-01
  3.8326e+01   1.65e-01
  3.9188e+01   1.59e-01
  4.0071e+01   1.54e-01
  4.0973e+01   1.49e-01
  4.1896e+01   1.43e-01
  4.2839e+01   1.39e-01
  4.3803e+01   1.34e-01
  4.4790e+01   1.29e-01
  4.5798e+01   1.25e-01
  4.6829e+01   1.20e-01
  4.7884e+01   1.16e-01
  4.8962e+01   1.12e-01
  5.0064e+01   1.08e-01
  5.1191e+01   1.04e-01
  5.2344e+01   1.01e-01
  5.3522e+01   9.70e-02
  5.4727e+01   9.36e-02
  5.5960e+01   9.02e-02
  5.7219e+01   8.69e-02
  5.8508e+01   8.38e-02
  5.9825e+01   8.07e-02
  6.1172e+01   7.77e-02
  6.2549e+01   7.49e-02
  6.3958e+01   7.21e-02
  6.5398e+01   6.94e-02
  6.6870e+01   6.68e-02
  6.8376e+01   6.42e-02
  6.9915e+01   6.18e-02
  7.1489e+01   5.94e-02
  7.3099e+01   5.72e-02
  7.4745e+01   5.50e-02
  7.6428e+01   5.28e-02
  7.8148e+01   5.08e-02
  7.9908e+01   4.88e-02
  8.1707e+01   4.69e-02
  8.3547e+01   4.51e-02
  8.5428e+01   4.33e-02
  8.7351e+01   4.15e-02
  8.9318e+01   3.99e-02
  9.1329e+01   3.83e-02
  9.3385e+01   3.68e-02
  9.5488e+01   3.53e-02
  9.7638e+01   3.38e-02
  9.9836e+01   3.24e-02
  1.0208e+02   3.11e-02
  1.0438e+02   2.98e-02
  1.0673e+02   2.86e-02
  1.0914e+02   2.74e-02
  1.1159e+02   2.62e-02
  1.1411e+02   2.51e-02
  1.1667e+02   2.41e-02
  1.1930e+02   2.31e-02
  1.2199e+02   2.21e-02
  1.2473e+02   2.11e-02
  1.2754e+02   2.02e-02
  1.3041e+02   1.93e-02
  1.3335e+02   1.85e-02
  1.3635e+02   1.77e-02
  1.3942e+02   1.69e-02
  1.4256e+02   1.61e-02
  1.4577e+02   1.54e-02
  1.4905e+02   1.47e-02
  1.5241e+02   1.41e-02
  1.5584e+02   1.34e-02
  1.5935e+02   1.28e-02
  1.6294e+02   1.22e-02
  1.6661e+02   1.17e-02
  1.7036e+02   1.11e-02
  1.7419e+02   1.06e-02
  1.7812e+02   1.01e-02
  1.8213e+02   9.62e-03
  1.8623e+02   9.17e-03
  1.9042e+02   8.73e-03
  1.9471e+02   8.31e-03
  1.9909e+02   7.91e-03
  2.0357e+02   7.53e-03
  2.0816e+02   7.17e-03
  2.1284e+02   6.81e-03
  2.1763e+02   6.47e-03
  2.2253e+02   6.15e-03
  2.2755e+02   5.85e-03
  2.3267e+02   5.56e-03
  2.3791e+02   5.28e-03
  2.4326e+02   5.01e-03
  2.4874e+02   4.75e-03
  2.5434e+02   4.51e-03
  2.6007e+02   4.28e-03
  2.6592e+02   4.05e-03
  2.7191e+02   3.84e-03
  2.7803e+02   3.63e-03
  2.8429e+02   3.44e-03
  2.9069e+02   3.26e-03
  2.9724e+02   3.09e-03
  3.0393e+02   2.92e-03
  3.1077e+02   2.75e-03
  3.1777e+02   2.61e-03
  3.2493e+02   2.46e-03
  3.3224e+02   2.33e-03
  3.3972e+02   2.20e-03
  3.4737e+02   2.07e-03
  3.5519e+02   1.95e-03
  3.6319e+02   1.84e-03
  3.7137e+02   1.74e-03
  3.7973e+02   1.64e-03
  3.8828e+02   1.54e-03
  3.9702e+02   1.45e-03
  4.0596e+02   1.37e-03
  4.1510e+02   1.29e-03
  4.2444e+02   1.21e-03
  4.3400e+02   1.14e-03
  4.4377e+02   1.07e-03
  4.5376e+02   1.00e-03
  4.6398e+02   9.45e-04
  4.7443e+02   8.87e-04
  4.8511e+02   8.31e-04
  4.9603e+02   7.77e-04
  5.0720e+02   7.30e-04
  5.1862e+02   6.85e-04
  5.3030e+02   6.41e-04
  5.4224e+02   5.99e-04
  5.5444e+02   5.59e-04
  5.6693e+02   5.24e-04
  5.7969e+02   4.91e-04
  5.9274e+02   4.59e-04
  6.0609e+02   4.28e-04
  6.1974e+02   3.98e-04
  6.3369e+02   3.72e-04
  6.4796e+02   3.48e-04
  6.6255e+02   3.25e-04
  6.7746e+02   3.03e-04
  6.9272e+02   2.82e-04
  7.0831e+02   2.63e-04
  7.2426e+02   2.46e-04
  7.4057e+02   2.29e-04
  7.5724e+02   2.13e-04
  7.7429e+02   1.98e-04
  7.9172e+02   1.84e-04
  8.0955e+02   1.72e-04
  8.2778e+02   1.61e-04
  8.4641e+02   1.50e-04
  8.6547e+02   1.39e-04
  8.8496e+02   1.29e-04
  9.0488e+02   1.21e-04
  9.2526e+02   1.13e-04
  9.4609e+02   1.05e-04
  9.6739e+02   9.77e-05
  9.8917e+02   9.06e-05
  1.0114e+03   8.51e-05
  1.0342e+03   7.97e-05
  1.0575e+03   7.46e-05
  1.0813e+03   6.97e-05
  1.1057e+03   6.49e-05
  1.1305e+03   6.12e-05
  1.1560e+03   5.77e-05
  1.1820e+03   5.43e-05
  1.2086e+03   5.11e-05
  1.2359e+03   4.80e-05
  1.2637e+03   4.55e-05
  1.2921e+03   4.33e-05
  1.3212e+03   4.12e-05
  1.3510e+03   3.91e-05
  1.3814e+03   3.71e-05
  1.4125e+03   3.55e-05
  1.4443e+03   3.41e-05
  1.4768e+03   3.28e-05
  1.5101e+03   3.15e-05
  1.5441e+03   3.03e-05
  1.5788e+03   2.92e-05
  1.6144e+03   2.86e-05
  1.6507e+03   2.80e-05
  1.6879e+03   2.75e-05
  1.7259e+03   2.69e-05
  1.7648e+03   2.64e-05
  1.8045e+03   2.65e-05
  1.8451e+03   2.65e-05
  1.8867e+03   2.65e-05
  1.9291e+03   2.65e-05
  1.9726e+03   2.64e-05
  2.0170e+03   2.74e-05
  2.0624e+03   2.83e-05
  2.1088e+03   2.92e-05
  2.1563e+03   3.01e-05
  2.2049e+03   3.08e-05
  2.2545e+03   3.20e-05
  2.3053e+03   3.32e-05
  2.3572e+03   3.44e-05
  2.4102e+03   3.55e-05
  2.4645e+03   3.65e-05
  2.5200e+03   3.19e-05
