#  E [MeV]   Flux [# cm^{-2} s^{-1}  MeV^{-1}]
  3.0000e+04   2.52e-25
  3.1051e+04   2.42e-25
  3.2139e+04   2.34e-25
  3.3266e+04   2.25e-25
  3.4432e+04   2.17e-25
  3.5638e+04   2.09e-25
  3.6887e+04   2.01e-25
  3.8180e+04   1.94e-25
  3.9518e+04   1.86e-25
  4.0903e+04   1.79e-25
  4.2336e+04   1.73e-25
  4.3820e+04   1.66e-25
  4.5355e+04   1.60e-25
  4.6945e+04   1.54e-25
  4.8590e+04   1.48e-25
  5.0293e+04   1.42e-25
  5.2055e+04   1.37e-25
  5.3879e+04   1.31e-25
  5.5767e+04   1.26e-25
  5.7722e+04   1.21e-25
  5.9745e+04   1.17e-25
  6.1838e+04   1.12e-25
  6.4005e+04   1.08e-25
  6.6248e+04   1.03e-25
  6.8570e+04   9.92e-26
  7.0973e+04   9.53e-26
  7.3460e+04   9.14e-26
  7.6034e+04   8.77e-26
  7.8699e+04   8.41e-26
  8.1457e+04   8.07e-26
  8.4311e+04   7.73e-26
  8.7266e+04   7.41e-26
  9.0324e+04   7.09e-26
  9.3490e+04   6.79e-26
  9.6766e+04   6.50e-26
  1.0016e+05   6.22e-26
  1.0367e+05   5.95e-26
  1.0730e+05   5.69e-26
  1.1106e+05   5.44e-26
  1.1495e+05   5.20e-26
  1.1898e+05   4.97e-26
  1.2315e+05   4.74e-26
  1.2747e+05   4.53e-26
  1.3193e+05   4.32e-26
  1.3656e+05   4.12e-26
  1.4134e+05   3.93e-26
  1.4629e+05   3.74e-26
  1.5142e+05   3.56e-26
  1.5673e+05   3.39e-26
  1.6222e+05   3.22e-26
  1.6790e+05   3.06e-26
  1.7379e+05   2.91e-26
  1.7988e+05   2.76e-26
  1.8618e+05   2.62e-26
  1.9271e+05   2.48e-26
  1.9946e+05   2.35e-26
  2.0645e+05   2.23e-26
  2.1369e+05   2.11e-26
  2.2117e+05   1.99e-26
  2.2892e+05   1.88e-26
  2.3695e+05   1.77e-26
  2.4525e+05   1.67e-26
  2.5385e+05   1.58e-26
  2.6274e+05   1.48e-26
  2.7195e+05   1.39e-26
  2.8148e+05   1.31e-26
  2.9134e+05   1.23e-26
  3.0155e+05   1.15e-26
  3.1212e+05   1.08e-26
  3.2306e+05   1.01e-26
  3.3438e+05   9.44e-27
  3.4610e+05   8.81e-27
  3.5823e+05   8.22e-27
  3.7078e+05   7.66e-27
  3.8377e+05   7.12e-27
  3.9722e+05   6.62e-27
  4.1114e+05   6.15e-27
  4.2555e+05   5.70e-27
  4.4046e+05   5.29e-27
  4.5590e+05   4.89e-27
  4.7188e+05   4.52e-27
  4.8841e+05   4.18e-27
  5.0553e+05   3.86e-27
  5.2324e+05   3.56e-27
  5.4158e+05   3.28e-27
  5.6056e+05   3.01e-27
  5.8020e+05   2.77e-27
  6.0054e+05   2.55e-27
  6.2158e+05   2.34e-27
  6.4337e+05   2.14e-27
  6.6591e+05   1.97e-27
  6.8925e+05   1.80e-27
  7.1340e+05   1.65e-27
  7.3840e+05   1.51e-27
  7.6428e+05   1.38e-27
  7.9106e+05   1.26e-27
  8.1878e+05   1.15e-27
  8.4748e+05   1.05e-27
  8.7718e+05   9.60e-28
  9.0792e+05   8.76e-28
  9.3973e+05   7.99e-28
  9.7267e+05   7.30e-28
  1.0068e+06   6.66e-28
  1.0420e+06   6.07e-28
  1.0785e+06   5.54e-28
  1.1163e+06   5.06e-28
  1.1555e+06   4.61e-28
  1.1960e+06   4.21e-28
  1.2379e+06   3.84e-28
  1.2813e+06   3.51e-28
  1.3262e+06   3.20e-28
  1.3726e+06   2.92e-28
  1.4207e+06   2.66e-28
  1.4705e+06   2.43e-28
  1.5220e+06   2.22e-28
  1.5754e+06   2.02e-28
  1.6306e+06   1.84e-28
  1.6877e+06   1.68e-28
  1.7469e+06   1.54e-28
  1.8081e+06   1.40e-28
  1.8715e+06   1.28e-28
  1.9370e+06   1.16e-28
  2.0049e+06   1.06e-28
  2.0752e+06   9.65e-29
  2.1479e+06   8.80e-29
  2.2232e+06   8.00e-29
  2.3011e+06   7.26e-29
  2.3817e+06   6.61e-29
  2.4652e+06   6.00e-29
  2.5516e+06   5.44e-29
  2.6410e+06   4.93e-29
  2.7336e+06   4.46e-29
  2.8294e+06   4.03e-29
  2.9285e+06   3.63e-29
  3.0311e+06   3.28e-29
  3.1374e+06   2.95e-29
  3.2473e+06   2.64e-29
  3.3611e+06   2.38e-29
  3.4789e+06   2.13e-29
  3.6008e+06   1.90e-29
  3.7270e+06   1.69e-29
  3.8576e+06   1.51e-29
  3.9928e+06   1.34e-29
  4.1327e+06   1.18e-29
  4.2775e+06   1.05e-29
  4.4274e+06   9.24e-30
  4.5826e+06   8.08e-30
  4.7432e+06   7.10e-30
  4.9094e+06   6.20e-30
  5.0815e+06   5.38e-30
  5.2595e+06   4.66e-30
  5.4438e+06   4.03e-30
  5.6346e+06   3.45e-30
  5.8321e+06   2.94e-30
  6.0365e+06   2.51e-30
  6.2480e+06   2.13e-30
  6.4670e+06   1.78e-30
  6.6936e+06   1.50e-30
  6.9282e+06   1.25e-30
  7.1709e+06   1.03e-30
  7.4222e+06   8.43e-31
  7.6823e+06   6.90e-31
  7.9516e+06   5.57e-31
  8.2302e+06   4.44e-31
  8.5186e+06   3.56e-31
  8.8172e+06   2.80e-31
  9.1262e+06   2.17e-31
  9.4460e+06   1.68e-31
  9.7770e+06   1.28e-31
  1.0120e+07   9.60e-32
  1.0474e+07   7.10e-32
  1.0841e+07   5.22e-32
  1.1221e+07   3.73e-32
  1.1614e+07   2.61e-32
  1.2022e+07   1.82e-32
  1.2443e+07   1.23e-32
  1.2879e+07   8.05e-33
  1.3330e+07   5.23e-33
  1.3797e+07   3.30e-33
  1.4281e+07   1.99e-33
  1.4781e+07   1.17e-33
  1.5299e+07   6.70e-34
  1.5835e+07   3.64e-34
  1.6390e+07   1.87e-34
  1.6965e+07   9.41e-35
  1.7559e+07   4.42e-35
  1.8175e+07   1.92e-35
  1.8812e+07   7.92e-36
  1.9471e+07   3.02e-36
  2.0153e+07   1.04e-36
  2.0859e+07   3.22e-37
  2.1590e+07   9.04e-38
  2.2347e+07   2.19e-38
  2.3130e+07   4.46e-39
  2.3941e+07   7.89e-40
  2.4780e+07   1.12e-40
  2.5648e+07   1.22e-41
  2.6547e+07   1.04e-42
  2.7477e+07   6.46e-44
  2.8440e+07   2.63e-45
