#  E [GeV]   # per interaction  [GeV^{-1}]
  3.0000e+01   4.53e-01
  3.1033e+01   4.36e-01
  3.2102e+01   4.20e-01
  3.3207e+01   4.04e-01
  3.4350e+01   3.89e-01
  3.5533e+01   3.75e-01
  3.6757e+01   3.61e-01
  3.8022e+01   3.47e-01
  3.9332e+01   3.34e-01
  4.0686e+01   3.21e-01
  4.2087e+01   3.09e-01
  4.3536e+01   2.97e-01
  4.5035e+01   2.86e-01
  4.6586e+01   2.75e-01
  4.8190e+01   2.64e-01
  4.9850e+01   2.54e-01
  5.1566e+01   2.44e-01
  5.3342e+01   2.35e-01
  5.5178e+01   2.25e-01
  5.7078e+01   2.17e-01
  5.9044e+01   2.08e-01
  6.1077e+01   2.00e-01
  6.3180e+01   1.92e-01
  6.5356e+01   1.84e-01
  6.7606e+01   1.77e-01
  6.9934e+01   1.69e-01
  7.2342e+01   1.62e-01
  7.4833e+01   1.56e-01
  7.7410e+01   1.49e-01
  8.0075e+01   1.43e-01
  8.2833e+01   1.37e-01
  8.5685e+01   1.31e-01
  8.8635e+01   1.26e-01
  9.1687e+01   1.20e-01
  9.4844e+01   1.15e-01
  9.8110e+01   1.10e-01
  1.0149e+02   1.05e-01
  1.0498e+02   1.01e-01
  1.0860e+02   9.63e-02
  1.1234e+02   9.20e-02
  1.1621e+02   8.79e-02
  1.2021e+02   8.39e-02
  1.2435e+02   8.01e-02
  1.2863e+02   7.64e-02
  1.3306e+02   7.29e-02
  1.3764e+02   6.95e-02
  1.4238e+02   6.62e-02
  1.4728e+02   6.31e-02
  1.5235e+02   6.00e-02
  1.5760e+02   5.71e-02
  1.6302e+02   5.43e-02
  1.6864e+02   5.16e-02
  1.7445e+02   4.90e-02
  1.8045e+02   4.66e-02
  1.8667e+02   4.42e-02
  1.9309e+02   4.19e-02
  1.9974e+02   3.97e-02
  2.0662e+02   3.76e-02
  2.1373e+02   3.56e-02
  2.2109e+02   3.36e-02
  2.2871e+02   3.18e-02
  2.3658e+02   3.00e-02
  2.4473e+02   2.83e-02
  2.5316e+02   2.67e-02
  2.6187e+02   2.52e-02
  2.7089e+02   2.37e-02
  2.8022e+02   2.23e-02
  2.8987e+02   2.10e-02
  2.9985e+02   1.97e-02
  3.1017e+02   1.85e-02
  3.2085e+02   1.73e-02
  3.3190e+02   1.62e-02
  3.4333e+02   1.52e-02
  3.5515e+02   1.42e-02
  3.6738e+02   1.33e-02
  3.8003e+02   1.24e-02
  3.9312e+02   1.16e-02
  4.0665e+02   1.08e-02
  4.2066e+02   1.00e-02
  4.3514e+02   9.31e-03
  4.5013e+02   8.65e-03
  4.6562e+02   8.03e-03
  4.8166e+02   7.45e-03
  4.9824e+02   6.90e-03
  5.1540e+02   6.39e-03
  5.3315e+02   5.91e-03
  5.5150e+02   5.46e-03
  5.7050e+02   5.04e-03
  5.9014e+02   4.65e-03
  6.1046e+02   4.29e-03
  6.3148e+02   3.95e-03
  6.5322e+02   3.64e-03
  6.7572e+02   3.35e-03
  6.9898e+02   3.08e-03
  7.2305e+02   2.83e-03
  7.4795e+02   2.60e-03
  7.7371e+02   2.39e-03
  8.0035e+02   2.19e-03
  8.2791e+02   2.01e-03
  8.5641e+02   1.84e-03
  8.8590e+02   1.69e-03
  9.1641e+02   1.55e-03
  9.4796e+02   1.42e-03
  9.8061e+02   1.30e-03
  1.0144e+03   1.19e-03
  1.0493e+03   1.09e-03
  1.0854e+03   1.00e-03
  1.1228e+03   9.15e-04
  1.1615e+03   8.38e-04
  1.2015e+03   7.67e-04
  1.2428e+03   7.03e-04
  1.2856e+03   6.43e-04
  1.3299e+03   5.88e-04
  1.3757e+03   5.39e-04
  1.4231e+03   4.93e-04
  1.4721e+03   4.51e-04
  1.5228e+03   4.14e-04
  1.5752e+03   3.79e-04
  1.6294e+03   3.46e-04
  1.6855e+03   3.17e-04
  1.7436e+03   2.90e-04
  1.8036e+03   2.65e-04
  1.8657e+03   2.42e-04
  1.9300e+03   2.22e-04
  1.9964e+03   2.03e-04
  2.0652e+03   1.85e-04
  2.1363e+03   1.69e-04
  2.2098e+03   1.54e-04
  2.2859e+03   1.41e-04
  2.3646e+03   1.28e-04
  2.4461e+03   1.17e-04
  2.5303e+03   1.06e-04
  2.6174e+03   9.64e-05
  2.7075e+03   8.78e-05
  2.8008e+03   7.98e-05
  2.8972e+03   7.22e-05
  2.9970e+03   6.55e-05
  3.1002e+03   5.94e-05
  3.2069e+03   5.36e-05
  3.3173e+03   4.83e-05
  3.4316e+03   4.37e-05
  3.5497e+03   3.94e-05
  3.6720e+03   3.53e-05
  3.7984e+03   3.18e-05
  3.9292e+03   2.85e-05
  4.0645e+03   2.55e-05
  4.2044e+03   2.27e-05
  4.3492e+03   2.03e-05
  4.4990e+03   1.81e-05
  4.6539e+03   1.60e-05
  4.8141e+03   1.42e-05
  4.9799e+03   1.26e-05
  5.1514e+03   1.11e-05
  5.3288e+03   9.76e-06
  5.5123e+03   8.59e-06
  5.7021e+03   7.52e-06
  5.8984e+03   6.55e-06
  6.1015e+03   5.73e-06
  6.3116e+03   4.98e-06
  6.5289e+03   4.29e-06
  6.7538e+03   3.72e-06
  6.9863e+03   3.21e-06
  7.2269e+03   2.75e-06
  7.4757e+03   2.35e-06
  7.7331e+03   2.01e-06
  7.9994e+03   1.70e-06
  8.2749e+03   1.43e-06
  8.5598e+03   1.21e-06
  8.8546e+03   1.02e-06
  9.1594e+03   8.44e-07
  9.4748e+03   7.02e-07
  9.8011e+03   5.82e-07
  1.0139e+04   4.78e-07
  1.0488e+04   3.89e-07
  1.0849e+04   3.17e-07
  1.1222e+04   2.55e-07
  1.1609e+04   2.03e-07
  1.2009e+04   1.61e-07
  1.2422e+04   1.27e-07
  1.2850e+04   9.78e-08
  1.3292e+04   7.47e-08
  1.3750e+04   5.65e-08
  1.4223e+04   4.18e-08
  1.4713e+04   3.02e-08
  1.5220e+04   2.18e-08
  1.5744e+04   1.53e-08
  1.6286e+04   1.04e-08
  1.6847e+04   6.93e-09
  1.7427e+04   4.49e-09
  1.8027e+04   2.77e-09
  1.8648e+04   1.65e-09
  1.9290e+04   9.77e-10
  1.9954e+04   5.35e-10
  2.0641e+04   2.69e-10
  2.1352e+04   1.45e-10
  2.2087e+04   6.97e-11
  2.2848e+04   2.86e-11
  2.3634e+04   1.01e-11
  2.4448e+04   3.07e-12
  2.5290e+04   7.72e-13
