#  E [GeV]   # per interaction  [GeV^{-1}]
  3.0000e+01   5.69e-01
  3.0854e+01   5.47e-01
  3.1733e+01   5.26e-01
  3.2636e+01   5.06e-01
  3.3566e+01   4.87e-01
  3.4521e+01   4.68e-01
  3.5504e+01   4.50e-01
  3.6515e+01   4.32e-01
  3.7555e+01   4.15e-01
  3.8625e+01   3.99e-01
  3.9724e+01   3.83e-01
  4.0855e+01   3.68e-01
  4.2019e+01   3.53e-01
  4.3215e+01   3.39e-01
  4.4446e+01   3.26e-01
  4.5711e+01   3.12e-01
  4.7013e+01   3.00e-01
  4.8352e+01   2.87e-01
  4.9728e+01   2.75e-01
  5.1144e+01   2.64e-01
  5.2601e+01   2.53e-01
  5.4099e+01   2.42e-01
  5.5639e+01   2.32e-01
  5.7223e+01   2.22e-01
  5.8853e+01   2.13e-01
  6.0528e+01   2.04e-01
  6.2252e+01   1.95e-01
  6.4025e+01   1.86e-01
  6.5848e+01   1.78e-01
  6.7723e+01   1.70e-01
  6.9651e+01   1.63e-01
  7.1634e+01   1.55e-01
  7.3674e+01   1.48e-01
  7.5772e+01   1.42e-01
  7.7929e+01   1.35e-01
  8.0148e+01   1.29e-01
  8.2431e+01   1.23e-01
  8.4778e+01   1.17e-01
  8.7192e+01   1.12e-01
  8.9674e+01   1.07e-01
  9.2228e+01   1.02e-01
  9.4854e+01   9.69e-02
  9.7555e+01   9.23e-02
  1.0033e+02   8.78e-02
  1.0319e+02   8.36e-02
  1.0613e+02   7.96e-02
  1.0915e+02   7.57e-02
  1.1226e+02   7.19e-02
  1.1545e+02   6.84e-02
  1.1874e+02   6.50e-02
  1.2212e+02   6.17e-02
  1.2560e+02   5.86e-02
  1.2918e+02   5.56e-02
  1.3286e+02   5.28e-02
  1.3664e+02   5.00e-02
  1.4053e+02   4.74e-02
  1.4453e+02   4.49e-02
  1.4865e+02   4.25e-02
  1.5288e+02   4.03e-02
  1.5723e+02   3.81e-02
  1.6171e+02   3.60e-02
  1.6631e+02   3.40e-02
  1.7105e+02   3.22e-02
  1.7592e+02   3.04e-02
  1.8093e+02   2.86e-02
  1.8608e+02   2.70e-02
  1.9138e+02   2.54e-02
  1.9683e+02   2.39e-02
  2.0243e+02   2.25e-02
  2.0820e+02   2.12e-02
  2.1413e+02   1.99e-02
  2.2022e+02   1.87e-02
  2.2649e+02   1.75e-02
  2.3294e+02   1.64e-02
  2.3958e+02   1.54e-02
  2.4640e+02   1.44e-02
  2.5341e+02   1.35e-02
  2.6063e+02   1.26e-02
  2.6805e+02   1.17e-02
  2.7568e+02   1.10e-02
  2.8353e+02   1.02e-02
  2.9161e+02   9.50e-03
  2.9991e+02   8.84e-03
  3.0845e+02   8.22e-03
  3.1723e+02   7.63e-03
  3.2627e+02   7.07e-03
  3.3556e+02   6.56e-03
  3.4511e+02   6.08e-03
  3.5494e+02   5.62e-03
  3.6504e+02   5.19e-03
  3.7544e+02   4.79e-03
  3.8613e+02   4.42e-03
  3.9712e+02   4.07e-03
  4.0843e+02   3.74e-03
  4.2006e+02   3.44e-03
  4.3202e+02   3.16e-03
  4.4432e+02   2.89e-03
  4.5698e+02   2.64e-03
  4.6999e+02   2.42e-03
  4.8337e+02   2.22e-03
  4.9713e+02   2.02e-03
  5.1129e+02   1.84e-03
  5.2585e+02   1.68e-03
  5.4082e+02   1.53e-03
  5.5622e+02   1.39e-03
  5.7206e+02   1.26e-03
  5.8835e+02   1.15e-03
  6.0510e+02   1.04e-03
  6.2233e+02   9.43e-04
  6.4005e+02   8.52e-04
  6.5828e+02   7.70e-04
  6.7702e+02   6.97e-04
  6.9630e+02   6.30e-04
  7.1613e+02   5.67e-04
  7.3652e+02   5.11e-04
  7.5749e+02   4.61e-04
  7.7906e+02   4.15e-04
  8.0124e+02   3.73e-04
  8.2406e+02   3.34e-04
  8.4752e+02   3.01e-04
  8.7165e+02   2.70e-04
  8.9647e+02   2.42e-04
  9.2200e+02   2.16e-04
  9.4825e+02   1.95e-04
  9.7526e+02   1.75e-04
  1.0030e+03   1.56e-04
  1.0316e+03   1.39e-04
  1.0610e+03   1.25e-04
  1.0912e+03   1.12e-04
  1.1222e+03   9.98e-05
  1.1542e+03   8.87e-05
  1.1871e+03   7.96e-05
  1.2209e+03   7.13e-05
  1.2556e+03   6.36e-05
  1.2914e+03   5.64e-05
  1.3281e+03   5.06e-05
  1.3660e+03   4.53e-05
  1.4049e+03   4.03e-05
  1.4449e+03   3.58e-05
  1.4860e+03   3.20e-05
  1.5283e+03   2.86e-05
  1.5718e+03   2.54e-05
  1.6166e+03   2.25e-05
  1.6626e+03   2.01e-05
  1.7100e+03   1.79e-05
  1.7587e+03   1.60e-05
  1.8087e+03   1.41e-05
  1.8602e+03   1.26e-05
  1.9132e+03   1.12e-05
  1.9677e+03   1.00e-05
  2.0237e+03   8.84e-06
  2.0813e+03   7.85e-06
  2.1406e+03   7.03e-06
  2.2016e+03   6.26e-06
  2.2642e+03   5.54e-06
  2.3287e+03   4.91e-06
  2.3950e+03   4.40e-06
  2.4632e+03   3.92e-06
  2.5334e+03   3.47e-06
  2.6055e+03   3.07e-06
  2.6797e+03   2.76e-06
  2.7560e+03   2.46e-06
  2.8345e+03   2.19e-06
  2.9152e+03   1.93e-06
  2.9982e+03   1.74e-06
  3.0836e+03   1.56e-06
  3.1714e+03   1.39e-06
  3.2617e+03   1.24e-06
  3.3545e+03   1.12e-06
  3.4501e+03   1.01e-06
  3.5483e+03   9.08e-07
  3.6493e+03   8.11e-07
  3.7532e+03   7.36e-07
  3.8601e+03   6.66e-07
  3.9700e+03   6.00e-07
  4.0831e+03   5.39e-07
  4.1993e+03   4.89e-07
  4.3189e+03   4.43e-07
  4.4419e+03   4.00e-07
  4.5684e+03   3.60e-07
  4.6985e+03   3.27e-07
  4.8322e+03   2.96e-07
  4.9698e+03   2.68e-07
  5.1114e+03   2.41e-07
  5.2569e+03   2.18e-07
  5.4066e+03   1.97e-07
  5.5605e+03   1.77e-07
  5.7189e+03   1.59e-07
  5.8817e+03   1.42e-07
  6.0492e+03   1.27e-07
  6.2214e+03   1.14e-07
  6.3986e+03   1.01e-07
  6.5808e+03   8.88e-08
  6.7682e+03   7.79e-08
  6.9609e+03   6.79e-08
  7.1591e+03   5.88e-08
  7.3630e+03   5.11e-08
  7.5726e+03   4.47e-08
  7.7882e+03   3.90e-08
  8.0100e+03   3.38e-08
