#  E [MeV]   Flux [# cm^{-2} s^{-1}  MeV^{-1}]
  3.0000e+04   3.01e-21
  3.0854e+04   2.92e-21
  3.1733e+04   2.83e-21
  3.2636e+04   2.74e-21
  3.3566e+04   2.65e-21
  3.4521e+04   2.57e-21
  3.5504e+04   2.49e-21
  3.6515e+04   2.41e-21
  3.7555e+04   2.34e-21
  3.8625e+04   2.26e-21
  3.9724e+04   2.20e-21
  4.0855e+04   2.13e-21
  4.2019e+04   2.06e-21
  4.3215e+04   2.00e-21
  4.4446e+04   1.94e-21
  4.5711e+04   1.88e-21
  4.7013e+04   1.82e-21
  4.8352e+04   1.77e-21
  4.9728e+04   1.72e-21
  5.1144e+04   1.67e-21
  5.2601e+04   1.62e-21
  5.4099e+04   1.57e-21
  5.5639e+04   1.52e-21
  5.7223e+04   1.48e-21
  5.8853e+04   1.44e-21
  6.0528e+04   1.39e-21
  6.2252e+04   1.36e-21
  6.4025e+04   1.32e-21
  6.5848e+04   1.28e-21
  6.7723e+04   1.24e-21
  6.9651e+04   1.21e-21
  7.1634e+04   1.18e-21
  7.3674e+04   1.14e-21
  7.5772e+04   1.11e-21
  7.7929e+04   1.08e-21
  8.0148e+04   1.05e-21
  8.2431e+04   1.03e-21
  8.4778e+04   9.98e-22
  8.7192e+04   9.73e-22
  8.9674e+04   9.48e-22
  9.2228e+04   9.23e-22
  9.4854e+04   8.99e-22
  9.7555e+04   8.77e-22
  1.0033e+05   8.55e-22
  1.0319e+05   8.34e-22
  1.0613e+05   8.14e-22
  1.0915e+05   7.94e-22
  1.1226e+05   7.75e-22
  1.1545e+05   7.56e-22
  1.1874e+05   7.38e-22
  1.2212e+05   7.21e-22
  1.2560e+05   7.04e-22
  1.2918e+05   6.88e-22
  1.3286e+05   6.72e-22
  1.3664e+05   6.57e-22
  1.4053e+05   6.42e-22
  1.4453e+05   6.28e-22
  1.4865e+05   6.14e-22
  1.5288e+05   6.00e-22
  1.5723e+05   5.87e-22
  1.6171e+05   5.74e-22
  1.6631e+05   5.61e-22
  1.7105e+05   5.49e-22
  1.7592e+05   5.37e-22
  1.8093e+05   5.25e-22
  1.8608e+05   5.13e-22
  1.9138e+05   5.02e-22
  1.9683e+05   4.91e-22
  2.0243e+05   4.81e-22
  2.0820e+05   4.70e-22
  2.1413e+05   4.60e-22
  2.2022e+05   4.50e-22
  2.2649e+05   4.40e-22
  2.3294e+05   4.30e-22
  2.3958e+05   4.20e-22
  2.4640e+05   4.11e-22
  2.5341e+05   4.02e-22
  2.6063e+05   3.93e-22
  2.6805e+05   3.84e-22
  2.7568e+05   3.75e-22
  2.8353e+05   3.66e-22
  2.9161e+05   3.58e-22
  2.9991e+05   3.49e-22
  3.0845e+05   3.41e-22
  3.1723e+05   3.33e-22
  3.2627e+05   3.25e-22
  3.3556e+05   3.17e-22
  3.4511e+05   3.09e-22
  3.5494e+05   3.01e-22
  3.6504e+05   2.93e-22
  3.7544e+05   2.86e-22
  3.8613e+05   2.78e-22
  3.9712e+05   2.71e-22
  4.0843e+05   2.64e-22
  4.2006e+05   2.57e-22
  4.3202e+05   2.50e-22
  4.4432e+05   2.43e-22
  4.5698e+05   2.36e-22
  4.6999e+05   2.29e-22
  4.8337e+05   2.23e-22
  4.9713e+05   2.16e-22
  5.1129e+05   2.10e-22
  5.2585e+05   2.03e-22
  5.4082e+05   1.97e-22
  5.5622e+05   1.91e-22
  5.7206e+05   1.85e-22
  5.8835e+05   1.79e-22
  6.0510e+05   1.73e-22
  6.2233e+05   1.68e-22
  6.4005e+05   1.62e-22
  6.5828e+05   1.57e-22
  6.7702e+05   1.52e-22
  6.9630e+05   1.46e-22
  7.1613e+05   1.41e-22
  7.3652e+05   1.37e-22
  7.5749e+05   1.32e-22
  7.7906e+05   1.27e-22
  8.0124e+05   1.23e-22
  8.2406e+05   1.18e-22
  8.4752e+05   1.14e-22
  8.7165e+05   1.10e-22
  8.9647e+05   1.06e-22
  9.2200e+05   1.02e-22
  9.4825e+05   9.80e-23
  9.7526e+05   9.42e-23
  1.0030e+06   9.06e-23
  1.0316e+06   8.71e-23
  1.0610e+06   8.38e-23
  1.0912e+06   8.05e-23
  1.1222e+06   7.72e-23
  1.1542e+06   7.42e-23
  1.1871e+06   7.12e-23
  1.2209e+06   6.83e-23
  1.2556e+06   6.55e-23
  1.2914e+06   6.28e-23
  1.3281e+06   6.02e-23
  1.3660e+06   5.77e-23
  1.4049e+06   5.52e-23
  1.4449e+06   5.28e-23
  1.4860e+06   5.06e-23
  1.5283e+06   4.84e-23
  1.5718e+06   4.62e-23
  1.6166e+06   4.41e-23
  1.6626e+06   4.21e-23
  1.7100e+06   4.01e-23
  1.7587e+06   3.82e-23
  1.8087e+06   3.64e-23
  1.8602e+06   3.46e-23
  1.9132e+06   3.29e-23
  1.9677e+06   3.12e-23
  2.0237e+06   2.97e-23
  2.0813e+06   2.81e-23
  2.1406e+06   2.67e-23
  2.2016e+06   2.52e-23
  2.2642e+06   2.38e-23
  2.3287e+06   2.25e-23
  2.3950e+06   2.13e-23
  2.4632e+06   2.00e-23
  2.5334e+06   1.88e-23
  2.6055e+06   1.77e-23
  2.6797e+06   1.66e-23
  2.7560e+06   1.56e-23
  2.8345e+06   1.46e-23
  2.9152e+06   1.36e-23
  2.9982e+06   1.27e-23
  3.0836e+06   1.18e-23
  3.1714e+06   1.10e-23
  3.2617e+06   1.02e-23
  3.3545e+06   9.41e-24
  3.4501e+06   8.69e-24
  3.5483e+06   8.00e-24
  3.6493e+06   7.35e-24
  3.7532e+06   6.73e-24
  3.8601e+06   6.16e-24
  3.9700e+06   5.62e-24
  4.0831e+06   5.11e-24
  4.1993e+06   4.63e-24
  4.3189e+06   4.19e-24
  4.4419e+06   3.79e-24
  4.5684e+06   3.41e-24
  4.6985e+06   3.05e-24
  4.8322e+06   2.73e-24
  4.9698e+06   2.44e-24
  5.1114e+06   2.16e-24
  5.2569e+06   1.91e-24
  5.4066e+06   1.68e-24
  5.5605e+06   1.48e-24
  5.7189e+06   1.30e-24
  5.8817e+06   1.13e-24
  6.0492e+06   9.83e-25
  6.2214e+06   8.64e-25
  6.3986e+06   7.54e-25
  6.5808e+06   6.51e-25
  6.7682e+06   5.58e-25
  6.9609e+06   4.92e-25
  7.1591e+06   4.31e-25
  7.3630e+06   3.74e-25
  7.5726e+06   3.22e-25
  7.7882e+06   2.91e-25
  8.0100e+06   2.62e-25
