#  E [GeV]   # per interaction  [GeV^{-1}]
  3.0000e+01   4.31e-01
  3.0782e+01   4.17e-01
  3.1585e+01   4.03e-01
  3.2409e+01   3.89e-01
  3.3255e+01   3.76e-01
  3.4122e+01   3.63e-01
  3.5012e+01   3.51e-01
  3.5925e+01   3.39e-01
  3.6862e+01   3.27e-01
  3.7824e+01   3.15e-01
  3.8810e+01   3.04e-01
  3.9822e+01   2.93e-01
  4.0861e+01   2.83e-01
  4.1927e+01   2.72e-01
  4.3021e+01   2.62e-01
  4.4143e+01   2.53e-01
  4.5294e+01   2.43e-01
  4.6475e+01   2.34e-01
  4.7688e+01   2.25e-01
  4.8931e+01   2.17e-01
  5.0208e+01   2.08e-01
  5.1517e+01   2.00e-01
  5.2861e+01   1.93e-01
  5.4240e+01   1.85e-01
  5.5654e+01   1.78e-01
  5.7106e+01   1.71e-01
  5.8596e+01   1.64e-01
  6.0124e+01   1.57e-01
  6.1692e+01   1.51e-01
  6.3301e+01   1.45e-01
  6.4952e+01   1.39e-01
  6.6647e+01   1.33e-01
  6.8385e+01   1.27e-01
  7.0169e+01   1.22e-01
  7.1999e+01   1.17e-01
  7.3877e+01   1.12e-01
  7.5804e+01   1.07e-01
  7.7781e+01   1.03e-01
  7.9810e+01   9.81e-02
  8.1891e+01   9.38e-02
  8.4027e+01   8.97e-02
  8.6219e+01   8.58e-02
  8.8468e+01   8.20e-02
  9.0775e+01   7.83e-02
  9.3143e+01   7.48e-02
  9.5572e+01   7.14e-02
  9.8065e+01   6.82e-02
  1.0062e+02   6.51e-02
  1.0325e+02   6.20e-02
  1.0594e+02   5.92e-02
  1.0870e+02   5.64e-02
  1.1154e+02   5.37e-02
  1.1445e+02   5.12e-02
  1.1743e+02   4.87e-02
  1.2050e+02   4.64e-02
  1.2364e+02   4.41e-02
  1.2686e+02   4.19e-02
  1.3017e+02   3.98e-02
  1.3357e+02   3.78e-02
  1.3705e+02   3.59e-02
  1.4063e+02   3.41e-02
  1.4429e+02   3.23e-02
  1.4806e+02   3.06e-02
  1.5192e+02   2.90e-02
  1.5588e+02   2.75e-02
  1.5995e+02   2.60e-02
  1.6412e+02   2.46e-02
  1.6840e+02   2.33e-02
  1.7279e+02   2.20e-02
  1.7730e+02   2.08e-02
  1.8193e+02   1.96e-02
  1.8667e+02   1.85e-02
  1.9154e+02   1.75e-02
  1.9654e+02   1.65e-02
  2.0166e+02   1.55e-02
  2.0692e+02   1.46e-02
  2.1232e+02   1.38e-02
  2.1786e+02   1.30e-02
  2.2354e+02   1.22e-02
  2.2937e+02   1.14e-02
  2.3535e+02   1.07e-02
  2.4149e+02   1.01e-02
  2.4779e+02   9.44e-03
  2.5425e+02   8.84e-03
  2.6088e+02   8.26e-03
  2.6769e+02   7.73e-03
  2.7467e+02   7.23e-03
  2.8184e+02   6.75e-03
  2.8919e+02   6.29e-03
  2.9673e+02   5.86e-03
  3.0447e+02   5.47e-03
  3.1241e+02   5.09e-03
  3.2056e+02   4.73e-03
  3.2892e+02   4.39e-03
  3.3750e+02   4.08e-03
  3.4630e+02   3.79e-03
  3.5533e+02   3.51e-03
  3.6460e+02   3.25e-03
  3.7411e+02   3.00e-03
  3.8387e+02   2.78e-03
  3.9388e+02   2.57e-03
  4.0416e+02   2.37e-03
  4.1470e+02   2.18e-03
  4.2551e+02   2.02e-03
  4.3661e+02   1.86e-03
  4.4800e+02   1.71e-03
  4.5969e+02   1.57e-03
  4.7168e+02   1.44e-03
  4.8398e+02   1.32e-03
  4.9660e+02   1.21e-03
  5.0956e+02   1.11e-03
  5.2285e+02   1.01e-03
  5.3648e+02   9.27e-04
  5.5048e+02   8.48e-04
  5.6483e+02   7.74e-04
  5.7957e+02   7.04e-04
  5.9468e+02   6.42e-04
  6.1020e+02   5.86e-04
  6.2611e+02   5.33e-04
  6.4244e+02   4.84e-04
  6.5920e+02   4.38e-04
  6.7639e+02   4.00e-04
  6.9403e+02   3.63e-04
  7.1214e+02   3.29e-04
  7.3071e+02   2.98e-04
  7.4977e+02   2.70e-04
  7.6933e+02   2.45e-04
  7.8939e+02   2.22e-04
  8.0998e+02   2.00e-04
  8.3111e+02   1.81e-04
  8.5279e+02   1.64e-04
  8.7503e+02   1.48e-04
  8.9785e+02   1.34e-04
  9.2127e+02   1.20e-04
  9.4530e+02   1.09e-04
  9.6996e+02   9.84e-05
  9.9526e+02   8.87e-05
  1.0212e+03   7.97e-05
  1.0479e+03   7.15e-05
  1.0752e+03   6.48e-05
  1.1032e+03   5.84e-05
  1.1320e+03   5.25e-05
  1.1615e+03   4.70e-05
  1.1918e+03   4.25e-05
  1.2229e+03   3.84e-05
  1.2548e+03   3.46e-05
  1.2875e+03   3.10e-05
  1.3211e+03   2.78e-05
  1.3556e+03   2.51e-05
  1.3909e+03   2.27e-05
  1.4272e+03   2.04e-05
  1.4644e+03   1.82e-05
  1.5026e+03   1.64e-05
  1.5418e+03   1.48e-05
  1.5820e+03   1.34e-05
  1.6233e+03   1.20e-05
  1.6657e+03   1.07e-05
  1.7091e+03   9.72e-06
  1.7537e+03   8.78e-06
  1.7994e+03   7.88e-06
  1.8464e+03   7.04e-06
  1.8945e+03   6.38e-06
  1.9439e+03   5.77e-06
  1.9946e+03   5.20e-06
  2.0467e+03   4.66e-06
  2.1000e+03   4.18e-06
  2.1548e+03   3.79e-06
  2.2110e+03   3.42e-06
  2.2687e+03   3.07e-06
  2.3279e+03   2.74e-06
  2.3886e+03   2.48e-06
  2.4509e+03   2.25e-06
  2.5148e+03   2.03e-06
  2.5804e+03   1.82e-06
  2.6477e+03   1.64e-06
  2.7168e+03   1.50e-06
  2.7876e+03   1.36e-06
  2.8603e+03   1.23e-06
  2.9349e+03   1.11e-06
  3.0115e+03   1.03e-06
  3.0900e+03   9.46e-07
  3.1706e+03   8.71e-07
  3.2533e+03   8.00e-07
  3.3382e+03   7.41e-07
  3.4253e+03   6.93e-07
  3.5146e+03   6.48e-07
  3.6063e+03   6.05e-07
  3.7003e+03   5.64e-07
  3.7969e+03   5.35e-07
  3.8959e+03   5.08e-07
  3.9975e+03   4.81e-07
  4.1018e+03   4.55e-07
  4.2088e+03   4.34e-07
  4.3185e+03   4.15e-07
  4.4312e+03   3.97e-07
  4.5467e+03   3.80e-07
  4.6653e+03   3.63e-07
  4.7870e+03   3.47e-07
  4.9119e+03   3.31e-07
  5.0400e+03   3.16e-07
