#  E [MeV]   Flux [# cm^{-2} s^{-1}  MeV^{-1}]
  3.0000e+04   6.19e-23
  3.0696e+04   5.99e-23
  3.1408e+04   5.80e-23
  3.2137e+04   5.61e-23
  3.2883e+04   5.43e-23
  3.3646e+04   5.25e-23
  3.4426e+04   5.08e-23
  3.5225e+04   4.91e-23
  3.6042e+04   4.74e-23
  3.6878e+04   4.58e-23
  3.7734e+04   4.43e-23
  3.8609e+04   4.28e-23
  3.9505e+04   4.13e-23
  4.0422e+04   3.99e-23
  4.1360e+04   3.85e-23
  4.2319e+04   3.72e-23
  4.3301e+04   3.59e-23
  4.4306e+04   3.47e-23
  4.5334e+04   3.35e-23
  4.6386e+04   3.23e-23
  4.7462e+04   3.11e-23
  4.8563e+04   3.00e-23
  4.9690e+04   2.90e-23
  5.0843e+04   2.79e-23
  5.2022e+04   2.69e-23
  5.3229e+04   2.60e-23
  5.4464e+04   2.50e-23
  5.5728e+04   2.41e-23
  5.7021e+04   2.32e-23
  5.8344e+04   2.24e-23
  5.9697e+04   2.15e-23
  6.1083e+04   2.07e-23
  6.2500e+04   1.99e-23
  6.3950e+04   1.92e-23
  6.5434e+04   1.85e-23
  6.6952e+04   1.78e-23
  6.8505e+04   1.71e-23
  7.0095e+04   1.64e-23
  7.1721e+04   1.58e-23
  7.3385e+04   1.52e-23
  7.5088e+04   1.46e-23
  7.6830e+04   1.40e-23
  7.8612e+04   1.35e-23
  8.0436e+04   1.29e-23
  8.2302e+04   1.24e-23
  8.4212e+04   1.19e-23
  8.6166e+04   1.14e-23
  8.8165e+04   1.10e-23
  9.0210e+04   1.05e-23
  9.2304e+04   1.01e-23
  9.4445e+04   9.68e-24
  9.6636e+04   9.28e-24
  9.8878e+04   8.90e-24
  1.0117e+05   8.53e-24
  1.0352e+05   8.17e-24
  1.0592e+05   7.82e-24
  1.0838e+05   7.49e-24
  1.1089e+05   7.17e-24
  1.1347e+05   6.87e-24
  1.1610e+05   6.57e-24
  1.1879e+05   6.28e-24
  1.2155e+05   6.01e-24
  1.2437e+05   5.75e-24
  1.2725e+05   5.49e-24
  1.3021e+05   5.25e-24
  1.3323e+05   5.02e-24
  1.3632e+05   4.79e-24
  1.3948e+05   4.57e-24
  1.4272e+05   4.37e-24
  1.4603e+05   4.17e-24
  1.4942e+05   3.98e-24
  1.5288e+05   3.79e-24
  1.5643e+05   3.61e-24
  1.6006e+05   3.45e-24
  1.6377e+05   3.28e-24
  1.6757e+05   3.13e-24
  1.7146e+05   2.98e-24
  1.7544e+05   2.83e-24
  1.7951e+05   2.70e-24
  1.8368e+05   2.57e-24
  1.8794e+05   2.44e-24
  1.9230e+05   2.32e-24
  1.9676e+05   2.20e-24
  2.0132e+05   2.10e-24
  2.0600e+05   1.99e-24
  2.1078e+05   1.89e-24
  2.1567e+05   1.79e-24
  2.2067e+05   1.70e-24
  2.2579e+05   1.61e-24
  2.3103e+05   1.53e-24
  2.3639e+05   1.45e-24
  2.4187e+05   1.37e-24
  2.4748e+05   1.30e-24
  2.5323e+05   1.23e-24
  2.5910e+05   1.17e-24
  2.6511e+05   1.10e-24
  2.7126e+05   1.04e-24
  2.7756e+05   9.83e-25
  2.8400e+05   9.29e-25
  2.9059e+05   8.77e-25
  2.9733e+05   8.27e-25
  3.0423e+05   7.79e-25
  3.1129e+05   7.35e-25
  3.1851e+05   6.93e-25
  3.2590e+05   6.53e-25
  3.3346e+05   6.14e-25
  3.4120e+05   5.77e-25
  3.4911e+05   5.43e-25
  3.5721e+05   5.11e-25
  3.6550e+05   4.80e-25
  3.7398e+05   4.50e-25
  3.8266e+05   4.22e-25
  3.9154e+05   3.96e-25
  4.0062e+05   3.72e-25
  4.0991e+05   3.48e-25
  4.1943e+05   3.26e-25
  4.2916e+05   3.05e-25
  4.3911e+05   2.85e-25
  4.4930e+05   2.67e-25
  4.5973e+05   2.50e-25
  4.7039e+05   2.33e-25
  4.8131e+05   2.17e-25
  4.9247e+05   2.03e-25
  5.0390e+05   1.89e-25
  5.1559e+05   1.77e-25
  5.2755e+05   1.65e-25
  5.3979e+05   1.53e-25
  5.5232e+05   1.42e-25
  5.6513e+05   1.33e-25
  5.7824e+05   1.23e-25
  5.9166e+05   1.14e-25
  6.0539e+05   1.06e-25
  6.1943e+05   9.83e-26
  6.3381e+05   9.14e-26
  6.4851e+05   8.49e-26
  6.6356e+05   7.86e-26
  6.7895e+05   7.27e-26
  6.9471e+05   6.72e-26
  7.1082e+05   6.24e-26
  7.2732e+05   5.78e-26
  7.4419e+05   5.35e-26
  7.6146e+05   4.93e-26
  7.7912e+05   4.55e-26
  7.9720e+05   4.23e-26
  8.1570e+05   3.91e-26
  8.3462e+05   3.62e-26
  8.5399e+05   3.33e-26
  8.7380e+05   3.07e-26
  8.9407e+05   2.85e-26
  9.1482e+05   2.64e-26
  9.3604e+05   2.44e-26
  9.5776e+05   2.24e-26
  9.7998e+05   2.07e-26
  1.0027e+06   1.92e-26
  1.0260e+06   1.78e-26
  1.0498e+06   1.65e-26
  1.0741e+06   1.52e-26
  1.0991e+06   1.40e-26
  1.1246e+06   1.31e-26
  1.1507e+06   1.22e-26
  1.1774e+06   1.13e-26
  1.2047e+06   1.05e-26
  1.2326e+06   9.75e-27
  1.2612e+06   9.15e-27
  1.2905e+06   8.58e-27
  1.3204e+06   8.03e-27
  1.3511e+06   7.51e-27
  1.3824e+06   7.03e-27
  1.4145e+06   6.66e-27
  1.4473e+06   6.30e-27
  1.4809e+06   5.96e-27
  1.5152e+06   5.63e-27
  1.5504e+06   5.34e-27
  1.5864e+06   5.11e-27
  1.6232e+06   4.89e-27
  1.6608e+06   4.68e-27
  1.6994e+06   4.48e-27
  1.7388e+06   4.30e-27
  1.7791e+06   4.20e-27
  1.8204e+06   4.10e-27
  1.8626e+06   4.00e-27
  1.9059e+06   3.91e-27
  1.9501e+06   3.83e-27
  1.9953e+06   3.83e-27
  2.0416e+06   3.82e-27
  2.0890e+06   3.81e-27
  2.1375e+06   3.80e-27
  2.1870e+06   3.81e-27
  2.2378e+06   3.96e-27
  2.2897e+06   4.09e-27
  2.3428e+06   4.21e-27
  2.3972e+06   4.33e-27
  2.4528e+06   4.45e-27
  2.5097e+06   4.69e-27
  2.5680e+06   4.92e-27
  2.6275e+06   5.13e-27
  2.6885e+06   5.32e-27
  2.7509e+06   5.40e-27
  2.8147e+06   4.22e-27
  2.8800e+06   3.09e-27
