#  E [GeV]   # per interaction  [GeV^{-1}]
  3.0000e+01   3.77e-01
  3.0872e+01   3.65e-01
  3.1770e+01   3.53e-01
  3.2694e+01   3.41e-01
  3.3644e+01   3.30e-01
  3.4623e+01   3.19e-01
  3.5629e+01   3.08e-01
  3.6665e+01   2.98e-01
  3.7731e+01   2.88e-01
  3.8829e+01   2.78e-01
  3.9958e+01   2.69e-01
  4.1119e+01   2.59e-01
  4.2315e+01   2.51e-01
  4.3545e+01   2.42e-01
  4.4812e+01   2.33e-01
  4.6115e+01   2.25e-01
  4.7456e+01   2.17e-01
  4.8835e+01   2.10e-01
  5.0255e+01   2.02e-01
  5.1717e+01   1.95e-01
  5.3220e+01   1.88e-01
  5.4768e+01   1.81e-01
  5.6360e+01   1.74e-01
  5.7999e+01   1.68e-01
  5.9686e+01   1.62e-01
  6.1421e+01   1.56e-01
  6.3207e+01   1.50e-01
  6.5045e+01   1.44e-01
  6.6936e+01   1.38e-01
  6.8882e+01   1.33e-01
  7.0885e+01   1.28e-01
  7.2947e+01   1.23e-01
  7.5068e+01   1.18e-01
  7.7250e+01   1.14e-01
  7.9496e+01   1.09e-01
  8.1808e+01   1.05e-01
  8.4187e+01   1.00e-01
  8.6635e+01   9.64e-02
  8.9154e+01   9.24e-02
  9.1746e+01   8.86e-02
  9.4414e+01   8.50e-02
  9.7159e+01   8.14e-02
  9.9984e+01   7.80e-02
  1.0289e+02   7.47e-02
  1.0588e+02   7.16e-02
  1.0896e+02   6.85e-02
  1.1213e+02   6.56e-02
  1.1539e+02   6.27e-02
  1.1875e+02   6.00e-02
  1.2220e+02   5.73e-02
  1.2575e+02   5.48e-02
  1.2941e+02   5.24e-02
  1.3317e+02   5.00e-02
  1.3704e+02   4.78e-02
  1.4103e+02   4.56e-02
  1.4513e+02   4.35e-02
  1.4935e+02   4.15e-02
  1.5369e+02   3.96e-02
  1.5816e+02   3.78e-02
  1.6276e+02   3.60e-02
  1.6749e+02   3.43e-02
  1.7236e+02   3.27e-02
  1.7737e+02   3.11e-02
  1.8253e+02   2.97e-02
  1.8784e+02   2.82e-02
  1.9330e+02   2.69e-02
  1.9892e+02   2.55e-02
  2.0470e+02   2.43e-02
  2.1066e+02   2.31e-02
  2.1678e+02   2.19e-02
  2.2309e+02   2.08e-02
  2.2957e+02   1.98e-02
  2.3625e+02   1.88e-02
  2.4312e+02   1.78e-02
  2.5019e+02   1.69e-02
  2.5746e+02   1.60e-02
  2.6495e+02   1.51e-02
  2.7265e+02   1.43e-02
  2.8058e+02   1.36e-02
  2.8874e+02   1.28e-02
  2.9713e+02   1.21e-02
  3.0577e+02   1.15e-02
  3.1466e+02   1.08e-02
  3.2381e+02   1.02e-02
  3.3323e+02   9.65e-03
  3.4292e+02   9.10e-03
  3.5289e+02   8.58e-03
  3.6315e+02   8.09e-03
  3.7371e+02   7.62e-03
  3.8457e+02   7.17e-03
  3.9576e+02   6.75e-03
  4.0726e+02   6.35e-03
  4.1911e+02   5.97e-03
  4.3129e+02   5.61e-03
  4.4383e+02   5.27e-03
  4.5674e+02   4.95e-03
  4.7002e+02   4.64e-03
  4.8368e+02   4.35e-03
  4.9775e+02   4.07e-03
  5.1222e+02   3.82e-03
  5.2712e+02   3.57e-03
  5.4244e+02   3.34e-03
  5.5821e+02   3.12e-03
  5.7445e+02   2.92e-03
  5.9115e+02   2.73e-03
  6.0834e+02   2.54e-03
  6.2603e+02   2.37e-03
  6.4423e+02   2.22e-03
  6.6296e+02   2.07e-03
  6.8224e+02   1.92e-03
  7.0208e+02   1.79e-03
  7.2249e+02   1.67e-03
  7.4350e+02   1.55e-03
  7.6512e+02   1.44e-03
  7.8736e+02   1.34e-03
  8.1026e+02   1.24e-03
  8.3382e+02   1.15e-03
  8.5806e+02   1.07e-03
  8.8301e+02   9.91e-04
  9.0869e+02   9.19e-04
  9.3511e+02   8.51e-04
  9.6230e+02   7.86e-04
  9.9028e+02   7.26e-04
  1.0191e+03   6.72e-04
  1.0487e+03   6.21e-04
  1.0792e+03   5.73e-04
  1.1106e+03   5.28e-04
  1.1429e+03   4.88e-04
  1.1761e+03   4.50e-04
  1.2103e+03   4.14e-04
  1.2455e+03   3.80e-04
  1.2817e+03   3.51e-04
  1.3190e+03   3.22e-04
  1.3573e+03   2.96e-04
  1.3968e+03   2.71e-04
  1.4374e+03   2.50e-04
  1.4792e+03   2.29e-04
  1.5222e+03   2.09e-04
  1.5665e+03   1.91e-04
  1.6120e+03   1.76e-04
  1.6589e+03   1.61e-04
  1.7071e+03   1.47e-04
  1.7568e+03   1.34e-04
  1.8079e+03   1.22e-04
  1.8604e+03   1.11e-04
  1.9145e+03   1.01e-04
  1.9702e+03   9.16e-05
  2.0275e+03   8.35e-05
  2.0864e+03   7.58e-05
  2.1471e+03   6.86e-05
  2.2095e+03   6.19e-05
  2.2738e+03   5.62e-05
  2.3399e+03   5.09e-05
  2.4079e+03   4.58e-05
  2.4779e+03   4.11e-05
  2.5500e+03   3.72e-05
  2.6241e+03   3.35e-05
  2.7004e+03   3.00e-05
  2.7790e+03   2.68e-05
  2.8598e+03   2.42e-05
  2.9429e+03   2.17e-05
  3.0285e+03   1.93e-05
  3.1165e+03   1.71e-05
  3.2072e+03   1.54e-05
  3.3004e+03   1.37e-05
  3.3964e+03   1.22e-05
  3.4951e+03   1.07e-05
  3.5968e+03   9.57e-06
  3.7013e+03   8.48e-06
  3.8090e+03   7.44e-06
  3.9197e+03   6.51e-06
  4.0337e+03   5.78e-06
  4.1510e+03   5.09e-06
  4.2717e+03   4.43e-06
  4.3959e+03   3.84e-06
  4.5237e+03   3.39e-06
  4.6552e+03   2.97e-06
  4.7906e+03   2.57e-06
  4.9299e+03   2.21e-06
  5.0732e+03   1.94e-06
  5.2208e+03   1.69e-06
  5.3726e+03   1.45e-06
  5.5288e+03   1.23e-06
  5.6895e+03   1.08e-06
  5.8550e+03   9.30e-07
  6.0252e+03   7.91e-07
  6.2004e+03   6.66e-07
  6.3807e+03   5.79e-07
  6.5662e+03   4.96e-07
  6.7572e+03   4.19e-07
  6.9536e+03   3.49e-07
  7.1558e+03   3.00e-07
  7.3639e+03   2.53e-07
  7.5780e+03   2.10e-07
  7.7984e+03   1.70e-07
  8.0251e+03   1.43e-07
  8.2585e+03   1.17e-07
  8.4986e+03   9.28e-08
  8.7457e+03   7.13e-08
  9.0000e+03   5.80e-08
