#  E [MeV]   Flux [# cm^{-2} s^{-1}  MeV^{-1}]
  3.0000e+04   1.11e-24
  3.1051e+04   1.06e-24
  3.2139e+04   1.01e-24
  3.3266e+04   9.70e-25
  3.4432e+04   9.29e-25
  3.5638e+04   8.89e-25
  3.6887e+04   8.51e-25
  3.8180e+04   8.14e-25
  3.9518e+04   7.79e-25
  4.0903e+04   7.45e-25
  4.2336e+04   7.13e-25
  4.3820e+04   6.82e-25
  4.5355e+04   6.52e-25
  4.6945e+04   6.23e-25
  4.8590e+04   5.96e-25
  5.0293e+04   5.69e-25
  5.2055e+04   5.44e-25
  5.3879e+04   5.20e-25
  5.5767e+04   4.97e-25
  5.7722e+04   4.75e-25
  5.9745e+04   4.53e-25
  6.1838e+04   4.33e-25
  6.4005e+04   4.14e-25
  6.6248e+04   3.95e-25
  6.8570e+04   3.77e-25
  7.0973e+04   3.60e-25
  7.3460e+04   3.44e-25
  7.6034e+04   3.28e-25
  7.8699e+04   3.13e-25
  8.1457e+04   2.99e-25
  8.4311e+04   2.85e-25
  8.7266e+04   2.72e-25
  9.0324e+04   2.59e-25
  9.3490e+04   2.47e-25
  9.6766e+04   2.36e-25
  1.0016e+05   2.25e-25
  1.0367e+05   2.14e-25
  1.0730e+05   2.04e-25
  1.1106e+05   1.94e-25
  1.1495e+05   1.85e-25
  1.1898e+05   1.76e-25
  1.2315e+05   1.68e-25
  1.2747e+05   1.60e-25
  1.3193e+05   1.52e-25
  1.3656e+05   1.45e-25
  1.4134e+05   1.38e-25
  1.4629e+05   1.31e-25
  1.5142e+05   1.25e-25
  1.5673e+05   1.19e-25
  1.6222e+05   1.13e-25
  1.6790e+05   1.07e-25
  1.7379e+05   1.02e-25
  1.7988e+05   9.69e-26
  1.8618e+05   9.20e-26
  1.9271e+05   8.74e-26
  1.9946e+05   8.29e-26
  2.0645e+05   7.86e-26
  2.1369e+05   7.46e-26
  2.2117e+05   7.07e-26
  2.2892e+05   6.69e-26
  2.3695e+05   6.34e-26
  2.4525e+05   6.00e-26
  2.5385e+05   5.67e-26
  2.6274e+05   5.36e-26
  2.7195e+05   5.07e-26
  2.8148e+05   4.78e-26
  2.9134e+05   4.51e-26
  3.0155e+05   4.26e-26
  3.1212e+05   4.01e-26
  3.2306e+05   3.78e-26
  3.3438e+05   3.55e-26
  3.4610e+05   3.34e-26
  3.5823e+05   3.14e-26
  3.7078e+05   2.94e-26
  3.8377e+05   2.76e-26
  3.9722e+05   2.59e-26
  4.1114e+05   2.42e-26
  4.2555e+05   2.27e-26
  4.4046e+05   2.12e-26
  4.5590e+05   1.98e-26
  4.7188e+05   1.85e-26
  4.8841e+05   1.73e-26
  5.0553e+05   1.62e-26
  5.2324e+05   1.51e-26
  5.4158e+05   1.41e-26
  5.6056e+05   1.31e-26
  5.8020e+05   1.22e-26
  6.0054e+05   1.14e-26
  6.2158e+05   1.06e-26
  6.4337e+05   9.88e-27
  6.6591e+05   9.19e-27
  6.8925e+05   8.53e-27
  7.1340e+05   7.92e-27
  7.3840e+05   7.35e-27
  7.6428e+05   6.81e-27
  7.9106e+05   6.31e-27
  8.1878e+05   5.85e-27
  8.4748e+05   5.41e-27
  8.7718e+05   5.01e-27
  9.0792e+05   4.63e-27
  9.3973e+05   4.28e-27
  9.7267e+05   3.95e-27
  1.0068e+06   3.65e-27
  1.0420e+06   3.37e-27
  1.0785e+06   3.10e-27
  1.1163e+06   2.86e-27
  1.1555e+06   2.64e-27
  1.1960e+06   2.43e-27
  1.2379e+06   2.23e-27
  1.2813e+06   2.06e-27
  1.3262e+06   1.89e-27
  1.3726e+06   1.73e-27
  1.4207e+06   1.59e-27
  1.4705e+06   1.46e-27
  1.5220e+06   1.34e-27
  1.5754e+06   1.23e-27
  1.6306e+06   1.12e-27
  1.6877e+06   1.03e-27
  1.7469e+06   9.37e-28
  1.8081e+06   8.56e-28
  1.8715e+06   7.81e-28
  1.9370e+06   7.10e-28
  2.0049e+06   6.48e-28
  2.0752e+06   5.89e-28
  2.1479e+06   5.34e-28
  2.2232e+06   4.86e-28
  2.3011e+06   4.41e-28
  2.3817e+06   3.99e-28
  2.4652e+06   3.61e-28
  2.5516e+06   3.26e-28
  2.6410e+06   2.94e-28
  2.7336e+06   2.65e-28
  2.8294e+06   2.39e-28
  2.9285e+06   2.14e-28
  3.0311e+06   1.91e-28
  3.1374e+06   1.72e-28
  3.2473e+06   1.54e-28
  3.3611e+06   1.37e-28
  3.4789e+06   1.22e-28
  3.6008e+06   1.09e-28
  3.7270e+06   9.62e-29
  3.8576e+06   8.48e-29
  3.9928e+06   7.54e-29
  4.1327e+06   6.65e-29
  4.2775e+06   5.83e-29
  4.4274e+06   5.14e-29
  4.5826e+06   4.52e-29
  4.7432e+06   3.94e-29
  4.9094e+06   3.44e-29
  5.0815e+06   3.01e-29
  5.2595e+06   2.61e-29
  5.4438e+06   2.25e-29
  5.6346e+06   1.96e-29
  5.8321e+06   1.69e-29
  6.0365e+06   1.44e-29
  6.2480e+06   1.24e-29
  6.4670e+06   1.06e-29
  6.6936e+06   9.03e-30
  6.9282e+06   7.65e-30
  7.1709e+06   6.54e-30
  7.4222e+06   5.52e-30
  7.6823e+06   4.59e-30
  7.9516e+06   3.90e-30
  8.2302e+06   3.27e-30
  8.5186e+06   2.70e-30
  8.8172e+06   2.26e-30
  9.1262e+06   1.88e-30
  9.4460e+06   1.54e-30
  9.7770e+06   1.26e-30
  1.0120e+07   1.04e-30
  1.0474e+07   8.47e-31
  1.0841e+07   6.76e-31
  1.1221e+07   5.54e-31
  1.1614e+07   4.46e-31
  1.2022e+07   3.53e-31
  1.2443e+07   2.82e-31
  1.2879e+07   2.25e-31
  1.3330e+07   1.76e-31
  1.3797e+07   1.37e-31
  1.4281e+07   1.08e-31
  1.4781e+07   8.29e-32
  1.5299e+07   6.24e-32
  1.5835e+07   4.79e-32
  1.6390e+07   3.59e-32
  1.6965e+07   2.63e-32
  1.7559e+07   1.92e-32
  1.8175e+07   1.39e-32
  1.8812e+07   9.72e-33
  1.9471e+07   6.64e-33
  2.0153e+07   4.46e-33
  2.0859e+07   2.88e-33
  2.1590e+07   1.78e-33
  2.2347e+07   1.06e-33
  2.3130e+07   5.98e-34
  2.3941e+07   3.16e-34
  2.4780e+07   1.56e-34
  2.5648e+07   7.04e-35
  2.6547e+07   2.88e-35
  2.7477e+07   1.06e-35
  2.8440e+07   3.47e-36
