#  E [GeV]   # per interaction  [GeV^{-1}]
  3.0000e+01   3.03e-01
  3.0782e+01   2.93e-01
  3.1585e+01   2.83e-01
  3.2409e+01   2.74e-01
  3.3255e+01   2.65e-01
  3.4122e+01   2.56e-01
  3.5012e+01   2.47e-01
  3.5925e+01   2.39e-01
  3.6862e+01   2.31e-01
  3.7824e+01   2.23e-01
  3.8810e+01   2.15e-01
  3.9822e+01   2.08e-01
  4.0861e+01   2.01e-01
  4.1927e+01   1.94e-01
  4.3021e+01   1.87e-01
  4.4143e+01   1.80e-01
  4.5294e+01   1.74e-01
  4.6475e+01   1.68e-01
  4.7688e+01   1.62e-01
  4.8931e+01   1.56e-01
  5.0208e+01   1.50e-01
  5.1517e+01   1.45e-01
  5.2861e+01   1.40e-01
  5.4240e+01   1.35e-01
  5.5654e+01   1.30e-01
  5.7106e+01   1.25e-01
  5.8596e+01   1.20e-01
  6.0124e+01   1.16e-01
  6.1692e+01   1.11e-01
  6.3301e+01   1.07e-01
  6.4952e+01   1.03e-01
  6.6647e+01   9.88e-02
  6.8385e+01   9.50e-02
  7.0169e+01   9.13e-02
  7.1999e+01   8.77e-02
  7.3877e+01   8.43e-02
  7.5804e+01   8.10e-02
  7.7781e+01   7.78e-02
  7.9810e+01   7.47e-02
  8.1891e+01   7.17e-02
  8.4027e+01   6.88e-02
  8.6219e+01   6.60e-02
  8.8468e+01   6.33e-02
  9.0775e+01   6.07e-02
  9.3143e+01   5.82e-02
  9.5572e+01   5.58e-02
  9.8065e+01   5.35e-02
  1.0062e+02   5.12e-02
  1.0325e+02   4.91e-02
  1.0594e+02   4.70e-02
  1.0870e+02   4.50e-02
  1.1154e+02   4.31e-02
  1.1445e+02   4.12e-02
  1.1743e+02   3.94e-02
  1.2050e+02   3.77e-02
  1.2364e+02   3.60e-02
  1.2686e+02   3.44e-02
  1.3017e+02   3.29e-02
  1.3357e+02   3.14e-02
  1.3705e+02   3.00e-02
  1.4063e+02   2.87e-02
  1.4429e+02   2.73e-02
  1.4806e+02   2.61e-02
  1.5192e+02   2.49e-02
  1.5588e+02   2.37e-02
  1.5995e+02   2.26e-02
  1.6412e+02   2.15e-02
  1.6840e+02   2.05e-02
  1.7279e+02   1.95e-02
  1.7730e+02   1.86e-02
  1.8193e+02   1.77e-02
  1.8667e+02   1.68e-02
  1.9154e+02   1.60e-02
  1.9654e+02   1.52e-02
  2.0166e+02   1.45e-02
  2.0692e+02   1.38e-02
  2.1232e+02   1.31e-02
  2.1786e+02   1.24e-02
  2.2354e+02   1.18e-02
  2.2937e+02   1.12e-02
  2.3535e+02   1.06e-02
  2.4149e+02   1.00e-02
  2.4779e+02   9.51e-03
  2.5425e+02   9.01e-03
  2.6088e+02   8.52e-03
  2.6769e+02   8.06e-03
  2.7467e+02   7.62e-03
  2.8184e+02   7.21e-03
  2.8919e+02   6.81e-03
  2.9673e+02   6.43e-03
  3.0447e+02   6.07e-03
  3.1241e+02   5.73e-03
  3.2056e+02   5.41e-03
  3.2892e+02   5.10e-03
  3.3750e+02   4.80e-03
  3.4630e+02   4.52e-03
  3.5533e+02   4.26e-03
  3.6460e+02   4.01e-03
  3.7411e+02   3.77e-03
  3.8387e+02   3.54e-03
  3.9388e+02   3.33e-03
  4.0416e+02   3.13e-03
  4.1470e+02   2.94e-03
  4.2551e+02   2.75e-03
  4.3661e+02   2.58e-03
  4.4800e+02   2.42e-03
  4.5969e+02   2.27e-03
  4.7168e+02   2.12e-03
  4.8398e+02   1.98e-03
  4.9660e+02   1.86e-03
  5.0956e+02   1.73e-03
  5.2285e+02   1.62e-03
  5.3648e+02   1.51e-03
  5.5048e+02   1.41e-03
  5.6483e+02   1.32e-03
  5.7957e+02   1.23e-03
  5.9468e+02   1.14e-03
  6.1020e+02   1.06e-03
  6.2611e+02   9.88e-04
  6.4244e+02   9.20e-04
  6.5920e+02   8.55e-04
  6.7639e+02   7.93e-04
  6.9403e+02   7.37e-04
  7.1214e+02   6.85e-04
  7.3071e+02   6.35e-04
  7.4977e+02   5.88e-04
  7.6933e+02   5.44e-04
  7.8939e+02   5.05e-04
  8.0998e+02   4.68e-04
  8.3111e+02   4.33e-04
  8.5279e+02   4.00e-04
  8.7503e+02   3.70e-04
  8.9785e+02   3.43e-04
  9.2127e+02   3.16e-04
  9.4530e+02   2.92e-04
  9.6996e+02   2.69e-04
  9.9526e+02   2.49e-04
  1.0212e+03   2.29e-04
  1.0479e+03   2.11e-04
  1.0752e+03   1.94e-04
  1.1032e+03   1.79e-04
  1.1320e+03   1.65e-04
  1.1615e+03   1.52e-04
  1.1918e+03   1.40e-04
  1.2229e+03   1.28e-04
  1.2548e+03   1.18e-04
  1.2875e+03   1.09e-04
  1.3211e+03   1.00e-04
  1.3556e+03   9.18e-05
  1.3909e+03   8.47e-05
  1.4272e+03   7.81e-05
  1.4644e+03   7.18e-05
  1.5026e+03   6.59e-05
  1.5418e+03   6.05e-05
  1.5820e+03   5.59e-05
  1.6233e+03   5.15e-05
  1.6657e+03   4.73e-05
  1.7091e+03   4.34e-05
  1.7537e+03   4.01e-05
  1.7994e+03   3.71e-05
  1.8464e+03   3.42e-05
  1.8945e+03   3.14e-05
  1.9439e+03   2.90e-05
  1.9946e+03   2.70e-05
  2.0467e+03   2.51e-05
  2.1000e+03   2.33e-05
  2.1548e+03   2.15e-05
  2.2110e+03   2.02e-05
  2.2687e+03   1.89e-05
  2.3279e+03   1.77e-05
  2.3886e+03   1.65e-05
  2.4509e+03   1.55e-05
  2.5148e+03   1.47e-05
  2.5804e+03   1.39e-05
  2.6477e+03   1.32e-05
  2.7168e+03   1.24e-05
  2.7876e+03   1.19e-05
  2.8603e+03   1.14e-05
  2.9349e+03   1.10e-05
  3.0115e+03   1.05e-05
  3.0900e+03   1.02e-05
  3.1706e+03   9.97e-06
  3.2533e+03   9.77e-06
  3.3382e+03   9.56e-06
  3.4253e+03   9.38e-06
  3.5146e+03   9.43e-06
  3.6063e+03   9.46e-06
  3.7003e+03   9.48e-06
  3.7969e+03   9.49e-06
  3.8959e+03   9.81e-06
  3.9975e+03   1.03e-05
  4.1018e+03   1.07e-05
  4.2088e+03   1.11e-05
  4.3185e+03   1.16e-05
  4.4312e+03   1.29e-05
  4.5467e+03   1.41e-05
  4.6653e+03   1.53e-05
  4.7870e+03   1.63e-05
  4.9119e+03   1.46e-05
  5.0400e+03   1.18e-05
