#  E [GeV]   # per interaction  [GeV^{-1}]
  3.0000e+01   1.35e+00
  3.1232e+01   1.29e+00
  3.2514e+01   1.23e+00
  3.3849e+01   1.17e+00
  3.5238e+01   1.12e+00
  3.6685e+01   1.06e+00
  3.8191e+01   1.01e+00
  3.9759e+01   9.66e-01
  4.1391e+01   9.20e-01
  4.3090e+01   8.76e-01
  4.4859e+01   8.34e-01
  4.6701e+01   7.95e-01
  4.8618e+01   7.56e-01
  5.0614e+01   7.20e-01
  5.2692e+01   6.85e-01
  5.4855e+01   6.52e-01
  5.7107e+01   6.20e-01
  5.9451e+01   5.90e-01
  6.1892e+01   5.61e-01
  6.4433e+01   5.33e-01
  6.7078e+01   5.07e-01
  6.9832e+01   4.82e-01
  7.2699e+01   4.57e-01
  7.5683e+01   4.34e-01
  7.8790e+01   4.13e-01
  8.2025e+01   3.92e-01
  8.5392e+01   3.72e-01
  8.8898e+01   3.53e-01
  9.2547e+01   3.35e-01
  9.6347e+01   3.17e-01
  1.0030e+02   3.01e-01
  1.0442e+02   2.85e-01
  1.0871e+02   2.71e-01
  1.1317e+02   2.56e-01
  1.1782e+02   2.43e-01
  1.2265e+02   2.30e-01
  1.2769e+02   2.18e-01
  1.3293e+02   2.06e-01
  1.3839e+02   1.95e-01
  1.4407e+02   1.84e-01
  1.4998e+02   1.74e-01
  1.5614e+02   1.65e-01
  1.6255e+02   1.55e-01
  1.6922e+02   1.47e-01
  1.7617e+02   1.38e-01
  1.8340e+02   1.31e-01
  1.9093e+02   1.23e-01
  1.9877e+02   1.16e-01
  2.0693e+02   1.09e-01
  2.1543e+02   1.03e-01
  2.2427e+02   9.67e-02
  2.3348e+02   9.09e-02
  2.4306e+02   8.54e-02
  2.5304e+02   8.02e-02
  2.6343e+02   7.52e-02
  2.7424e+02   7.05e-02
  2.8550e+02   6.61e-02
  2.9722e+02   6.18e-02
  3.0942e+02   5.78e-02
  3.2213e+02   5.40e-02
  3.3535e+02   5.04e-02
  3.4912e+02   4.70e-02
  3.6345e+02   4.38e-02
  3.7837e+02   4.08e-02
  3.9390e+02   3.79e-02
  4.1008e+02   3.53e-02
  4.2691e+02   3.27e-02
  4.4444e+02   3.04e-02
  4.6268e+02   2.81e-02
  4.8168e+02   2.60e-02
  5.0145e+02   2.41e-02
  5.2204e+02   2.23e-02
  5.4347e+02   2.06e-02
  5.6578e+02   1.90e-02
  5.8901e+02   1.75e-02
  6.1319e+02   1.61e-02
  6.3836e+02   1.48e-02
  6.6457e+02   1.36e-02
  6.9185e+02   1.25e-02
  7.2025e+02   1.15e-02
  7.4982e+02   1.05e-02
  7.8061e+02   9.66e-03
  8.1265e+02   8.86e-03
  8.4601e+02   8.12e-03
  8.8075e+02   7.44e-03
  9.1690e+02   6.82e-03
  9.5455e+02   6.24e-03
  9.9373e+02   5.72e-03
  1.0345e+03   5.23e-03
  1.0770e+03   4.79e-03
  1.1212e+03   4.39e-03
  1.1672e+03   4.02e-03
  1.2152e+03   3.68e-03
  1.2650e+03   3.37e-03
  1.3170e+03   3.08e-03
  1.3711e+03   2.82e-03
  1.4273e+03   2.58e-03
  1.4859e+03   2.36e-03
  1.5469e+03   2.16e-03
  1.6104e+03   1.98e-03
  1.6766e+03   1.81e-03
  1.7454e+03   1.66e-03
  1.8170e+03   1.52e-03
  1.8916e+03   1.39e-03
  1.9693e+03   1.27e-03
  2.0501e+03   1.16e-03
  2.1343e+03   1.06e-03
  2.2219e+03   9.66e-04
  2.3131e+03   8.80e-04
  2.4081e+03   8.02e-04
  2.5070e+03   7.30e-04
  2.6099e+03   6.64e-04
  2.7170e+03   6.03e-04
  2.8286e+03   5.47e-04
  2.9447e+03   4.96e-04
  3.0656e+03   4.49e-04
  3.1914e+03   4.06e-04
  3.3225e+03   3.66e-04
  3.4589e+03   3.30e-04
  3.6008e+03   2.97e-04
  3.7487e+03   2.66e-04
  3.9026e+03   2.39e-04
  4.0628e+03   2.13e-04
  4.2296e+03   1.90e-04
  4.4032e+03   1.69e-04
  4.5840e+03   1.50e-04
  4.7722e+03   1.32e-04
  4.9681e+03   1.17e-04
  5.1720e+03   1.03e-04
  5.3844e+03   8.97e-05
  5.6054e+03   7.84e-05
  5.8355e+03   6.81e-05
  6.0751e+03   5.90e-05
  6.3245e+03   5.09e-05
  6.5841e+03   4.36e-05
  6.8544e+03   3.73e-05
  7.1358e+03   3.17e-05
  7.4288e+03   2.67e-05
  7.7338e+03   2.25e-05
  8.0513e+03   1.88e-05
  8.3818e+03   1.55e-05
  8.7259e+03   1.28e-05
  9.0841e+03   1.04e-05
  9.4571e+03   8.38e-06
  9.8453e+03   6.74e-06
  1.0249e+04   5.34e-06
  1.0670e+04   4.16e-06
  1.1108e+04   3.23e-06
  1.1564e+04   2.46e-06
  1.2039e+04   1.84e-06
  1.2533e+04   1.37e-06
  1.3048e+04   9.88e-07
  1.3584e+04   7.01e-07
  1.4141e+04   4.88e-07
  1.4722e+04   3.28e-07
  1.5326e+04   2.16e-07
  1.5955e+04   1.37e-07
  1.6610e+04   8.35e-08
  1.7292e+04   4.91e-08
  1.8002e+04   2.75e-08
  1.8741e+04   1.44e-08
  1.9511e+04   7.18e-09
  2.0312e+04   3.32e-09
  2.1145e+04   1.39e-09
  2.2013e+04   5.40e-10
  2.2917e+04   1.85e-10
  2.3858e+04   5.49e-11
  2.4837e+04   1.41e-11
  2.5857e+04   2.98e-12
  2.6919e+04   4.99e-13
  2.8024e+04   6.47e-14
  2.9174e+04   6.00e-15
  3.0372e+04   3.75e-16
  3.1619e+04   1.46e-17
  3.2917e+04   3.12e-19
  3.4268e+04   3.25e-21
  3.5675e+04   1.37e-23
  3.7140e+04   1.85e-26
  3.8664e+04   6.00e-30
  4.0252e+04   3.17e-34
  4.1904e+04   1.61e-39
  4.3624e+04   4.05e-46
  4.5415e+04   3.48e-47
  4.7280e+04   3.12e-47
  4.9221e+04   2.84e-47
  5.1241e+04   2.58e-47
  5.3345e+04   2.33e-47
  5.5535e+04   2.14e-47
  5.7815e+04   1.95e-47
  6.0188e+04   1.78e-47
  6.2659e+04   1.63e-47
  6.5232e+04   1.49e-47
  6.7910e+04   1.36e-47
  7.0698e+04   1.24e-47
  7.3600e+04   1.12e-47
  7.6621e+04   1.01e-47
  7.9767e+04   9.07e-48
  8.3042e+04   8.07e-48
  8.6451e+04   7.27e-48
  9.0000e+04   6.59e-48
