#  E [MeV]   Flux [# cm^{-2} s^{-1}  MeV^{-1}]
  3.0000e+04   6.49e-21
  3.0675e+04   6.29e-21
  3.1366e+04   6.10e-21
  3.2072e+04   5.91e-21
  3.2794e+04   5.72e-21
  3.3533e+04   5.54e-21
  3.4288e+04   5.37e-21
  3.5060e+04   5.20e-21
  3.5849e+04   5.04e-21
  3.6656e+04   4.88e-21
  3.7482e+04   4.72e-21
  3.8326e+04   4.58e-21
  3.9188e+04   4.43e-21
  4.0071e+04   4.29e-21
  4.0973e+04   4.16e-21
  4.1896e+04   4.02e-21
  4.2839e+04   3.90e-21
  4.3803e+04   3.77e-21
  4.4790e+04   3.66e-21
  4.5798e+04   3.54e-21
  4.6829e+04   3.43e-21
  4.7884e+04   3.32e-21
  4.8962e+04   3.22e-21
  5.0064e+04   3.11e-21
  5.1191e+04   3.02e-21
  5.2344e+04   2.92e-21
  5.3522e+04   2.83e-21
  5.4727e+04   2.74e-21
  5.5960e+04   2.65e-21
  5.7219e+04   2.57e-21
  5.8508e+04   2.49e-21
  5.9825e+04   2.41e-21
  6.1172e+04   2.33e-21
  6.2549e+04   2.26e-21
  6.3958e+04   2.19e-21
  6.5398e+04   2.12e-21
  6.6870e+04   2.05e-21
  6.8376e+04   1.99e-21
  6.9915e+04   1.92e-21
  7.1489e+04   1.86e-21
  7.3099e+04   1.81e-21
  7.4745e+04   1.75e-21
  7.6428e+04   1.69e-21
  7.8148e+04   1.64e-21
  7.9908e+04   1.59e-21
  8.1707e+04   1.54e-21
  8.3547e+04   1.49e-21
  8.5428e+04   1.44e-21
  8.7351e+04   1.40e-21
  8.9318e+04   1.36e-21
  9.1329e+04   1.31e-21
  9.3385e+04   1.27e-21
  9.5488e+04   1.23e-21
  9.7638e+04   1.19e-21
  9.9836e+04   1.16e-21
  1.0208e+05   1.12e-21
  1.0438e+05   1.09e-21
  1.0673e+05   1.05e-21
  1.0914e+05   1.02e-21
  1.1159e+05   9.89e-22
  1.1411e+05   9.59e-22
  1.1667e+05   9.29e-22
  1.1930e+05   9.01e-22
  1.2199e+05   8.73e-22
  1.2473e+05   8.46e-22
  1.2754e+05   8.20e-22
  1.3041e+05   7.95e-22
  1.3335e+05   7.71e-22
  1.3635e+05   7.47e-22
  1.3942e+05   7.25e-22
  1.4256e+05   7.03e-22
  1.4577e+05   6.82e-22
  1.4905e+05   6.61e-22
  1.5241e+05   6.41e-22
  1.5584e+05   6.22e-22
  1.5935e+05   6.03e-22
  1.6294e+05   5.85e-22
  1.6661e+05   5.67e-22
  1.7036e+05   5.50e-22
  1.7419e+05   5.33e-22
  1.7812e+05   5.17e-22
  1.8213e+05   5.02e-22
  1.8623e+05   4.87e-22
  1.9042e+05   4.72e-22
  1.9471e+05   4.58e-22
  1.9909e+05   4.44e-22
  2.0357e+05   4.31e-22
  2.0816e+05   4.18e-22
  2.1284e+05   4.05e-22
  2.1763e+05   3.93e-22
  2.2253e+05   3.81e-22
  2.2755e+05   3.70e-22
  2.3267e+05   3.59e-22
  2.3791e+05   3.48e-22
  2.4326e+05   3.38e-22
  2.4874e+05   3.27e-22
  2.5434e+05   3.18e-22
  2.6007e+05   3.08e-22
  2.6592e+05   2.99e-22
  2.7191e+05   2.90e-22
  2.7803e+05   2.81e-22
  2.8429e+05   2.73e-22
  2.9069e+05   2.64e-22
  2.9724e+05   2.56e-22
  3.0393e+05   2.48e-22
  3.1077e+05   2.41e-22
  3.1777e+05   2.34e-22
  3.2493e+05   2.27e-22
  3.3224e+05   2.20e-22
  3.3972e+05   2.13e-22
  3.4737e+05   2.06e-22
  3.5519e+05   2.00e-22
  3.6319e+05   1.94e-22
  3.7137e+05   1.88e-22
  3.7973e+05   1.82e-22
  3.8828e+05   1.76e-22
  3.9702e+05   1.71e-22
  4.0596e+05   1.66e-22
  4.1510e+05   1.60e-22
  4.2444e+05   1.55e-22
  4.3400e+05   1.50e-22
  4.4377e+05   1.46e-22
  4.5376e+05   1.41e-22
  4.6398e+05   1.37e-22
  4.7443e+05   1.32e-22
  4.8511e+05   1.28e-22
  4.9603e+05   1.24e-22
  5.0720e+05   1.20e-22
  5.1862e+05   1.16e-22
  5.3030e+05   1.12e-22
  5.4224e+05   1.09e-22
  5.5444e+05   1.05e-22
  5.6693e+05   1.02e-22
  5.7969e+05   9.81e-23
  5.9274e+05   9.48e-23
  6.0609e+05   9.17e-23
  6.1974e+05   8.86e-23
  6.3369e+05   8.56e-23
  6.4796e+05   8.27e-23
  6.6255e+05   7.99e-23
  6.7746e+05   7.72e-23
  6.9272e+05   7.45e-23
  7.0831e+05   7.20e-23
  7.2426e+05   6.95e-23
  7.4057e+05   6.71e-23
  7.5724e+05   6.48e-23
  7.7429e+05   6.26e-23
  7.9172e+05   6.04e-23
  8.0955e+05   5.83e-23
  8.2778e+05   5.63e-23
  8.4641e+05   5.43e-23
  8.6547e+05   5.24e-23
  8.8496e+05   5.06e-23
  9.0488e+05   4.88e-23
  9.2526e+05   4.71e-23
  9.4609e+05   4.54e-23
  9.6739e+05   4.38e-23
  9.8917e+05   4.22e-23
  1.0114e+06   4.07e-23
  1.0342e+06   3.93e-23
  1.0575e+06   3.79e-23
  1.0813e+06   3.65e-23
  1.1057e+06   3.52e-23
  1.1305e+06   3.39e-23
  1.1560e+06   3.27e-23
  1.1820e+06   3.15e-23
  1.2086e+06   3.04e-23
  1.2359e+06   2.93e-23
  1.2637e+06   2.82e-23
  1.2921e+06   2.72e-23
  1.3212e+06   2.62e-23
  1.3510e+06   2.53e-23
  1.3814e+06   2.44e-23
  1.4125e+06   2.35e-23
  1.4443e+06   2.27e-23
  1.4768e+06   2.19e-23
  1.5101e+06   2.11e-23
  1.5441e+06   2.03e-23
  1.5788e+06   1.96e-23
  1.6144e+06   1.88e-23
  1.6507e+06   1.82e-23
  1.6879e+06   1.75e-23
  1.7259e+06   1.68e-23
  1.7648e+06   1.62e-23
  1.8045e+06   1.56e-23
  1.8451e+06   1.51e-23
  1.8867e+06   1.45e-23
  1.9291e+06   1.40e-23
  1.9726e+06   1.34e-23
  2.0170e+06   1.29e-23
  2.0624e+06   1.24e-23
  2.1088e+06   1.20e-23
  2.1563e+06   1.15e-23
  2.2049e+06   1.11e-23
  2.2545e+06   1.06e-23
  2.3053e+06   1.02e-23
  2.3572e+06   9.81e-24
  2.4102e+06   9.43e-24
  2.4645e+06   9.09e-24
  2.5200e+06   8.79e-24
