#  E [MeV]   Flux [# cm^{-2} s^{-1}  MeV^{-1}]
  3.0000e+04   5.77e-24
  3.0782e+04   5.58e-24
  3.1585e+04   5.39e-24
  3.2409e+04   5.22e-24
  3.3255e+04   5.04e-24
  3.4122e+04   4.87e-24
  3.5012e+04   4.71e-24
  3.5925e+04   4.55e-24
  3.6862e+04   4.40e-24
  3.7824e+04   4.25e-24
  3.8810e+04   4.10e-24
  3.9822e+04   3.96e-24
  4.0861e+04   3.82e-24
  4.1927e+04   3.69e-24
  4.3021e+04   3.56e-24
  4.4143e+04   3.43e-24
  4.5294e+04   3.31e-24
  4.6475e+04   3.19e-24
  4.7688e+04   3.08e-24
  4.8931e+04   2.96e-24
  5.0208e+04   2.86e-24
  5.1517e+04   2.75e-24
  5.2861e+04   2.65e-24
  5.4240e+04   2.55e-24
  5.5654e+04   2.46e-24
  5.7106e+04   2.37e-24
  5.8596e+04   2.28e-24
  6.0124e+04   2.19e-24
  6.1692e+04   2.11e-24
  6.3301e+04   2.03e-24
  6.4952e+04   1.95e-24
  6.6647e+04   1.87e-24
  6.8385e+04   1.80e-24
  7.0169e+04   1.73e-24
  7.1999e+04   1.66e-24
  7.3877e+04   1.60e-24
  7.5804e+04   1.53e-24
  7.7781e+04   1.47e-24
  7.9810e+04   1.41e-24
  8.1891e+04   1.35e-24
  8.4027e+04   1.30e-24
  8.6219e+04   1.25e-24
  8.8468e+04   1.19e-24
  9.0775e+04   1.15e-24
  9.3143e+04   1.10e-24
  9.5572e+04   1.05e-24
  9.8065e+04   1.01e-24
  1.0062e+05   9.65e-25
  1.0325e+05   9.24e-25
  1.0594e+05   8.84e-25
  1.0870e+05   8.46e-25
  1.1154e+05   8.10e-25
  1.1445e+05   7.75e-25
  1.1743e+05   7.41e-25
  1.2050e+05   7.08e-25
  1.2364e+05   6.76e-25
  1.2686e+05   6.46e-25
  1.3017e+05   6.17e-25
  1.3357e+05   5.89e-25
  1.3705e+05   5.62e-25
  1.4063e+05   5.36e-25
  1.4429e+05   5.11e-25
  1.4806e+05   4.87e-25
  1.5192e+05   4.64e-25
  1.5588e+05   4.42e-25
  1.5995e+05   4.21e-25
  1.6412e+05   4.01e-25
  1.6840e+05   3.82e-25
  1.7279e+05   3.63e-25
  1.7730e+05   3.45e-25
  1.8193e+05   3.28e-25
  1.8667e+05   3.12e-25
  1.9154e+05   2.96e-25
  1.9654e+05   2.82e-25
  2.0166e+05   2.67e-25
  2.0692e+05   2.54e-25
  2.1232e+05   2.40e-25
  2.1786e+05   2.28e-25
  2.2354e+05   2.16e-25
  2.2937e+05   2.05e-25
  2.3535e+05   1.94e-25
  2.4149e+05   1.83e-25
  2.4779e+05   1.73e-25
  2.5425e+05   1.64e-25
  2.6088e+05   1.55e-25
  2.6769e+05   1.46e-25
  2.7467e+05   1.38e-25
  2.8184e+05   1.30e-25
  2.8919e+05   1.23e-25
  2.9673e+05   1.16e-25
  3.0447e+05   1.09e-25
  3.1241e+05   1.03e-25
  3.2056e+05   9.65e-26
  3.2892e+05   9.07e-26
  3.3750e+05   8.52e-26
  3.4630e+05   8.01e-26
  3.5533e+05   7.52e-26
  3.6460e+05   7.05e-26
  3.7411e+05   6.60e-26
  3.8387e+05   6.19e-26
  3.9388e+05   5.80e-26
  4.0416e+05   5.43e-26
  4.1470e+05   5.07e-26
  4.2551e+05   4.74e-26
  4.3661e+05   4.43e-26
  4.4800e+05   4.14e-26
  4.5969e+05   3.86e-26
  4.7168e+05   3.60e-26
  4.8398e+05   3.35e-26
  4.9660e+05   3.13e-26
  5.0956e+05   2.91e-26
  5.2285e+05   2.70e-26
  5.3648e+05   2.51e-26
  5.5048e+05   2.33e-26
  5.6483e+05   2.17e-26
  5.7957e+05   2.01e-26
  5.9468e+05   1.86e-26
  6.1020e+05   1.72e-26
  6.2611e+05   1.60e-26
  6.4244e+05   1.48e-26
  6.5920e+05   1.37e-26
  6.7639e+05   1.26e-26
  6.9403e+05   1.17e-26
  7.1214e+05   1.08e-26
  7.3071e+05   9.96e-27
  7.4977e+05   9.17e-27
  7.6933e+05   8.48e-27
  7.8939e+05   7.82e-27
  8.0998e+05   7.20e-27
  8.3111e+05   6.62e-27
  8.5279e+05   6.10e-27
  8.7503e+05   5.62e-27
  8.9785e+05   5.17e-27
  9.2127e+05   4.75e-27
  9.4530e+05   4.35e-27
  9.6996e+05   4.01e-27
  9.9526e+05   3.69e-27
  1.0212e+06   3.38e-27
  1.0479e+06   3.09e-27
  1.0752e+06   2.84e-27
  1.1032e+06   2.61e-27
  1.1320e+06   2.39e-27
  1.1615e+06   2.19e-27
  1.1918e+06   2.00e-27
  1.2229e+06   1.84e-27
  1.2548e+06   1.69e-27
  1.2875e+06   1.55e-27
  1.3211e+06   1.41e-27
  1.3556e+06   1.30e-27
  1.3909e+06   1.19e-27
  1.4272e+06   1.09e-27
  1.4644e+06   1.00e-27
  1.5026e+06   9.15e-28
  1.5418e+06   8.43e-28
  1.5820e+06   7.75e-28
  1.6233e+06   7.11e-28
  1.6657e+06   6.50e-28
  1.7091e+06   5.98e-28
  1.7537e+06   5.52e-28
  1.7994e+06   5.08e-28
  1.8464e+06   4.66e-28
  1.8945e+06   4.28e-28
  1.9439e+06   3.97e-28
  1.9946e+06   3.68e-28
  2.0467e+06   3.41e-28
  2.1000e+06   3.14e-28
  2.1548e+06   2.93e-28
  2.2110e+06   2.74e-28
  2.2687e+06   2.56e-28
  2.3279e+06   2.38e-28
  2.3886e+06   2.23e-28
  2.4509e+06   2.11e-28
  2.5148e+06   1.99e-28
  2.5804e+06   1.88e-28
  2.6477e+06   1.77e-28
  2.7168e+06   1.69e-28
  2.7876e+06   1.62e-28
  2.8603e+06   1.55e-28
  2.9349e+06   1.48e-28
  3.0115e+06   1.42e-28
  3.0900e+06   1.39e-28
  3.1706e+06   1.36e-28
  3.2533e+06   1.32e-28
  3.3382e+06   1.29e-28
  3.4253e+06   1.29e-28
  3.5146e+06   1.29e-28
  3.6063e+06   1.29e-28
  3.7003e+06   1.29e-28
  3.7969e+06   1.31e-28
  3.8959e+06   1.37e-28
  3.9975e+06   1.43e-28
  4.1018e+06   1.47e-28
  4.2088e+06   1.52e-28
  4.3185e+06   1.68e-28
  4.4312e+06   1.83e-28
  4.5467e+06   1.97e-28
  4.6653e+06   2.10e-28
  4.7870e+06   1.98e-28
  4.9119e+06   1.61e-28
  5.0400e+06   1.25e-28
