#  E [MeV]   Flux [# cm^{-2} s^{-1}  MeV^{-1}]
  3.0000e+04   4.15e-20
  3.1123e+04   3.97e-20
  3.2288e+04   3.79e-20
  3.3497e+04   3.62e-20
  3.4751e+04   3.46e-20
  3.6051e+04   3.30e-20
  3.7401e+04   3.15e-20
  3.8801e+04   3.01e-20
  4.0253e+04   2.87e-20
  4.1760e+04   2.74e-20
  4.3324e+04   2.62e-20
  4.4945e+04   2.50e-20
  4.6628e+04   2.38e-20
  4.8373e+04   2.27e-20
  5.0184e+04   2.17e-20
  5.2063e+04   2.07e-20
  5.4011e+04   1.97e-20
  5.6033e+04   1.88e-20
  5.8131e+04   1.79e-20
  6.0307e+04   1.70e-20
  6.2564e+04   1.62e-20
  6.4906e+04   1.55e-20
  6.7336e+04   1.47e-20
  6.9857e+04   1.40e-20
  7.2472e+04   1.34e-20
  7.5184e+04   1.27e-20
  7.7999e+04   1.21e-20
  8.0919e+04   1.15e-20
  8.3948e+04   1.09e-20
  8.7090e+04   1.04e-20
  9.0350e+04   9.90e-21
  9.3732e+04   9.41e-21
  9.7241e+04   8.95e-21
  1.0088e+05   8.50e-21
  1.0466e+05   8.08e-21
  1.0858e+05   7.67e-21
  1.1264e+05   7.29e-21
  1.1686e+05   6.92e-21
  1.2123e+05   6.57e-21
  1.2577e+05   6.24e-21
  1.3048e+05   5.92e-21
  1.3536e+05   5.61e-21
  1.4043e+05   5.32e-21
  1.4568e+05   5.04e-21
  1.5114e+05   4.78e-21
  1.5680e+05   4.53e-21
  1.6266e+05   4.29e-21
  1.6875e+05   4.06e-21
  1.7507e+05   3.84e-21
  1.8162e+05   3.63e-21
  1.8842e+05   3.43e-21
  1.9548e+05   3.24e-21
  2.0279e+05   3.06e-21
  2.1039e+05   2.89e-21
  2.1826e+05   2.73e-21
  2.2643e+05   2.57e-21
  2.3491e+05   2.42e-21
  2.4370e+05   2.28e-21
  2.5282e+05   2.15e-21
  2.6229e+05   2.02e-21
  2.7211e+05   1.90e-21
  2.8229e+05   1.78e-21
  2.9286e+05   1.67e-21
  3.0382e+05   1.57e-21
  3.1519e+05   1.47e-21
  3.2699e+05   1.37e-21
  3.3923e+05   1.28e-21
  3.5193e+05   1.20e-21
  3.6511e+05   1.12e-21
  3.7877e+05   1.04e-21
  3.9295e+05   9.70e-22
  4.0766e+05   9.03e-22
  4.2292e+05   8.38e-22
  4.3875e+05   7.78e-22
  4.5518e+05   7.21e-22
  4.7222e+05   6.68e-22
  4.8989e+05   6.18e-22
  5.0823e+05   5.71e-22
  5.2726e+05   5.27e-22
  5.4699e+05   4.86e-22
  5.6747e+05   4.47e-22
  5.8871e+05   4.11e-22
  6.1075e+05   3.78e-22
  6.3361e+05   3.47e-22
  6.5733e+05   3.19e-22
  6.8194e+05   2.93e-22
  7.0746e+05   2.68e-22
  7.3395e+05   2.46e-22
  7.6142e+05   2.26e-22
  7.8992e+05   2.07e-22
  8.1949e+05   1.89e-22
  8.5017e+05   1.74e-22
  8.8199e+05   1.59e-22
  9.1501e+05   1.46e-22
  9.4926e+05   1.33e-22
  9.8479e+05   1.22e-22
  1.0217e+06   1.12e-22
  1.0599e+06   1.02e-22
  1.0996e+06   9.34e-23
  1.1407e+06   8.54e-23
  1.1834e+06   7.80e-23
  1.2277e+06   7.14e-23
  1.2737e+06   6.52e-23
  1.3214e+06   5.96e-23
  1.3708e+06   5.45e-23
  1.4222e+06   4.98e-23
  1.4754e+06   4.54e-23
  1.5306e+06   4.15e-23
  1.5879e+06   3.79e-23
  1.6474e+06   3.46e-23
  1.7090e+06   3.16e-23
  1.7730e+06   2.88e-23
  1.8394e+06   2.63e-23
  1.9082e+06   2.40e-23
  1.9797e+06   2.18e-23
  2.0538e+06   1.99e-23
  2.1306e+06   1.81e-23
  2.2104e+06   1.64e-23
  2.2931e+06   1.49e-23
  2.3790e+06   1.35e-23
  2.4680e+06   1.22e-23
  2.5604e+06   1.11e-23
  2.6563e+06   9.99e-24
  2.7557e+06   9.02e-24
  2.8589e+06   8.13e-24
  2.9659e+06   7.30e-24
  3.0769e+06   6.57e-24
  3.1921e+06   5.88e-24
  3.3116e+06   5.25e-24
  3.4355e+06   4.70e-24
  3.5641e+06   4.19e-24
  3.6976e+06   3.71e-24
  3.8360e+06   3.30e-24
  3.9796e+06   2.92e-24
  4.1285e+06   2.57e-24
  4.2831e+06   2.26e-24
  4.4434e+06   1.98e-24
  4.6097e+06   1.73e-24
  4.7823e+06   1.51e-24
  4.9613e+06   1.31e-24
  5.1470e+06   1.13e-24
  5.3397e+06   9.71e-25
  5.5396e+06   8.35e-25
  5.7470e+06   7.11e-25
  5.9621e+06   6.04e-25
  6.1853e+06   5.13e-25
  6.4168e+06   4.31e-25
  6.6570e+06   3.60e-25
  6.9062e+06   3.01e-25
  7.1647e+06   2.49e-25
  7.4329e+06   2.04e-25
  7.7112e+06   1.67e-25
  7.9998e+06   1.36e-25
  8.2993e+06   1.08e-25
  8.6100e+06   8.72e-26
  8.9323e+06   6.90e-26
  9.2666e+06   5.36e-26
  9.6135e+06   4.19e-26
  9.9734e+06   3.22e-26
  1.0347e+07   2.42e-26
  1.0734e+07   1.82e-26
  1.1136e+07   1.35e-26
  1.1553e+07   9.75e-27
  1.1985e+07   6.99e-27
  1.2434e+07   4.94e-27
  1.2899e+07   3.38e-27
  1.3382e+07   2.28e-27
  1.3883e+07   1.51e-27
  1.4403e+07   9.64e-28
  1.4942e+07   5.97e-28
  1.5501e+07   3.64e-28
  1.6081e+07   2.11e-28
  1.6683e+07   1.17e-28
  1.7308e+07   6.32e-29
  1.7956e+07   3.21e-29
  1.8628e+07   1.52e-29
  1.9325e+07   6.92e-30
  2.0049e+07   2.90e-30
  2.0799e+07   1.10e-30
  2.1578e+07   3.88e-31
  2.2386e+07   1.22e-31
  2.3224e+07   3.31e-32
  2.4093e+07   7.92e-33
  2.4995e+07   1.58e-33
  2.5930e+07   2.56e-34
  2.6901e+07   3.29e-35
  2.7908e+07   3.22e-36
  2.8953e+07   2.23e-37
  3.0037e+07   1.05e-38
  3.1161e+07   3.07e-40
  3.2327e+07   5.07e-42
  3.3537e+07   4.24e-44
  3.4793e+07   1.55e-46
  3.6095e+07   2.07e-49
  3.7446e+07   8.06e-53
  3.8848e+07   6.88e-57
  4.0302e+07   9.01e-62
  4.1811e+07   2.32e-67
  4.3376e+07   2.07e-67
  4.5000e+07   1.83e-67
