#  E [GeV]   # per interaction  [GeV^{-1}]
  3.0000e+01   1.30e+00
  3.1232e+01   1.24e+00
  3.2514e+01   1.18e+00
  3.3849e+01   1.13e+00
  3.5238e+01   1.08e+00
  3.6685e+01   1.03e+00
  3.8191e+01   9.77e-01
  3.9759e+01   9.31e-01
  4.1391e+01   8.87e-01
  4.3090e+01   8.45e-01
  4.4859e+01   8.04e-01
  4.6701e+01   7.66e-01
  4.8618e+01   7.29e-01
  5.0614e+01   6.93e-01
  5.2692e+01   6.60e-01
  5.4855e+01   6.27e-01
  5.7107e+01   5.97e-01
  5.9451e+01   5.67e-01
  6.1892e+01   5.39e-01
  6.4433e+01   5.12e-01
  6.7078e+01   4.87e-01
  6.9832e+01   4.62e-01
  7.2699e+01   4.39e-01
  7.5683e+01   4.17e-01
  7.8790e+01   3.96e-01
  8.2025e+01   3.75e-01
  8.5392e+01   3.56e-01
  8.8898e+01   3.38e-01
  9.2547e+01   3.20e-01
  9.6347e+01   3.03e-01
  1.0030e+02   2.88e-01
  1.0442e+02   2.72e-01
  1.0871e+02   2.58e-01
  1.1317e+02   2.44e-01
  1.1782e+02   2.31e-01
  1.2265e+02   2.19e-01
  1.2769e+02   2.07e-01
  1.3293e+02   1.95e-01
  1.3839e+02   1.84e-01
  1.4407e+02   1.74e-01
  1.4998e+02   1.64e-01
  1.5614e+02   1.55e-01
  1.6255e+02   1.46e-01
  1.6922e+02   1.38e-01
  1.7617e+02   1.30e-01
  1.8340e+02   1.22e-01
  1.9093e+02   1.15e-01
  1.9877e+02   1.08e-01
  2.0693e+02   1.01e-01
  2.1543e+02   9.49e-02
  2.2427e+02   8.90e-02
  2.3348e+02   8.33e-02
  2.4306e+02   7.80e-02
  2.5304e+02   7.29e-02
  2.6343e+02   6.81e-02
  2.7424e+02   6.35e-02
  2.8550e+02   5.92e-02
  2.9722e+02   5.51e-02
  3.0942e+02   5.12e-02
  3.2213e+02   4.75e-02
  3.3535e+02   4.41e-02
  3.4912e+02   4.08e-02
  3.6345e+02   3.78e-02
  3.7837e+02   3.49e-02
  3.9390e+02   3.22e-02
  4.1008e+02   2.97e-02
  4.2691e+02   2.73e-02
  4.4444e+02   2.51e-02
  4.6268e+02   2.30e-02
  4.8168e+02   2.11e-02
  5.0145e+02   1.93e-02
  5.2204e+02   1.77e-02
  5.4347e+02   1.62e-02
  5.6578e+02   1.47e-02
  5.8901e+02   1.34e-02
  6.1319e+02   1.22e-02
  6.3836e+02   1.11e-02
  6.6457e+02   1.01e-02
  6.9185e+02   9.18e-03
  7.2025e+02   8.33e-03
  7.4982e+02   7.56e-03
  7.8061e+02   6.85e-03
  8.1265e+02   6.21e-03
  8.4601e+02   5.62e-03
  8.8075e+02   5.09e-03
  9.1690e+02   4.61e-03
  9.5455e+02   4.18e-03
  9.9373e+02   3.79e-03
  1.0345e+03   3.43e-03
  1.0770e+03   3.11e-03
  1.1212e+03   2.82e-03
  1.1672e+03   2.55e-03
  1.2152e+03   2.32e-03
  1.2650e+03   2.10e-03
  1.3170e+03   1.91e-03
  1.3711e+03   1.73e-03
  1.4273e+03   1.57e-03
  1.4859e+03   1.43e-03
  1.5469e+03   1.30e-03
  1.6104e+03   1.18e-03
  1.6766e+03   1.07e-03
  1.7454e+03   9.73e-04
  1.8170e+03   8.84e-04
  1.8916e+03   8.03e-04
  1.9693e+03   7.30e-04
  2.0501e+03   6.62e-04
  2.1343e+03   6.01e-04
  2.2219e+03   5.45e-04
  2.3131e+03   4.94e-04
  2.4081e+03   4.47e-04
  2.5070e+03   4.05e-04
  2.6099e+03   3.65e-04
  2.7170e+03   3.30e-04
  2.8286e+03   2.97e-04
  2.9447e+03   2.68e-04
  3.0656e+03   2.41e-04
  3.1914e+03   2.16e-04
  3.3225e+03   1.93e-04
  3.4589e+03   1.72e-04
  3.6008e+03   1.53e-04
  3.7487e+03   1.36e-04
  3.9026e+03   1.21e-04
  4.0628e+03   1.07e-04
  4.2296e+03   9.41e-05
  4.4032e+03   8.26e-05
  4.5840e+03   7.20e-05
  4.7722e+03   6.28e-05
  4.9681e+03   5.44e-05
  5.1720e+03   4.68e-05
  5.3844e+03   4.03e-05
  5.6054e+03   3.44e-05
  5.8355e+03   2.92e-05
  6.0751e+03   2.47e-05
  6.3245e+03   2.07e-05
  6.5841e+03   1.72e-05
  6.8544e+03   1.43e-05
  7.1358e+03   1.17e-05
  7.4288e+03   9.52e-06
  7.7338e+03   7.69e-06
  8.0513e+03   6.11e-06
  8.3818e+03   4.83e-06
  8.7259e+03   3.76e-06
  9.0841e+03   2.88e-06
  9.4571e+03   2.19e-06
  9.8453e+03   1.63e-06
  1.0249e+04   1.19e-06
  1.0670e+04   8.61e-07
  1.1108e+04   6.07e-07
  1.1564e+04   4.15e-07
  1.2039e+04   2.80e-07
  1.2533e+04   1.83e-07
  1.3048e+04   1.15e-07
  1.3584e+04   7.05e-08
  1.4141e+04   4.13e-08
  1.4722e+04   2.31e-08
  1.5326e+04   1.24e-08
  1.5955e+04   6.22e-09
  1.6610e+04   2.94e-09
  1.7292e+04   1.30e-09
  1.8002e+04   5.22e-10
  1.8741e+04   1.93e-10
  1.9511e+04   6.40e-11
  2.0312e+04   1.86e-11
  2.1145e+04   4.71e-12
  2.2013e+04   1.01e-12
  2.2917e+04   1.77e-13
  2.3858e+04   2.51e-14
  2.4837e+04   2.71e-15
  2.5857e+04   2.12e-16
  2.6919e+04   1.16e-17
  2.8024e+04   4.08e-19
  2.9174e+04   8.38e-21
  3.0372e+04   9.29e-23
  3.1619e+04   4.75e-25
  3.2917e+04   9.60e-28
  3.4268e+04   6.34e-31
  3.5675e+04   1.03e-34
  3.7140e+04   3.02e-39
  3.8664e+04   1.05e-44
  4.0252e+04   4.40e-47
  4.1904e+04   3.95e-47
  4.3624e+04   3.57e-47
  4.5415e+04   3.21e-47
  4.7280e+04   2.91e-47
  4.9221e+04   2.64e-47
  5.1241e+04   2.39e-47
  5.3345e+04   2.19e-47
  5.5535e+04   2.00e-47
  5.7815e+04   1.82e-47
  6.0188e+04   1.67e-47
  6.2659e+04   1.53e-47
  6.5232e+04   1.39e-47
  6.7910e+04   1.27e-47
  7.0698e+04   1.15e-47
  7.3600e+04   1.04e-47
  7.6621e+04   9.34e-48
  7.9767e+04   8.32e-48
  8.3042e+04   7.45e-48
  8.6451e+04   6.77e-48
  9.0000e+04   6.12e-48
