#  E [GeV]   # per interaction  [GeV^{-1}]
  3.0000e+01   3.01e-02
  3.1232e+01   2.89e-02
  3.2514e+01   2.78e-02
  3.3849e+01   2.68e-02
  3.5238e+01   2.57e-02
  3.6685e+01   2.47e-02
  3.8191e+01   2.37e-02
  3.9759e+01   2.28e-02
  4.1391e+01   2.19e-02
  4.3090e+01   2.10e-02
  4.4859e+01   2.02e-02
  4.6701e+01   1.93e-02
  4.8618e+01   1.86e-02
  5.0614e+01   1.78e-02
  5.2692e+01   1.71e-02
  5.4855e+01   1.64e-02
  5.7107e+01   1.57e-02
  5.9451e+01   1.50e-02
  6.1892e+01   1.44e-02
  6.4433e+01   1.38e-02
  6.7078e+01   1.32e-02
  6.9832e+01   1.26e-02
  7.2699e+01   1.21e-02
  7.5683e+01   1.16e-02
  7.8790e+01   1.11e-02
  8.2025e+01   1.06e-02
  8.5392e+01   1.01e-02
  8.8898e+01   9.68e-03
  9.2547e+01   9.25e-03
  9.6347e+01   8.84e-03
  1.0030e+02   8.44e-03
  1.0442e+02   8.06e-03
  1.0871e+02   7.69e-03
  1.1317e+02   7.34e-03
  1.1782e+02   7.00e-03
  1.2265e+02   6.68e-03
  1.2769e+02   6.37e-03
  1.3293e+02   6.07e-03
  1.3839e+02   5.78e-03
  1.4407e+02   5.50e-03
  1.4998e+02   5.24e-03
  1.5614e+02   4.99e-03
  1.6255e+02   4.74e-03
  1.6922e+02   4.51e-03
  1.7617e+02   4.29e-03
  1.8340e+02   4.08e-03
  1.9093e+02   3.87e-03
  1.9877e+02   3.68e-03
  2.0693e+02   3.49e-03
  2.1543e+02   3.31e-03
  2.2427e+02   3.14e-03
  2.3348e+02   2.97e-03
  2.4306e+02   2.82e-03
  2.5304e+02   2.67e-03
  2.6343e+02   2.52e-03
  2.7424e+02   2.39e-03
  2.8550e+02   2.26e-03
  2.9722e+02   2.13e-03
  3.0942e+02   2.01e-03
  3.2213e+02   1.90e-03
  3.3535e+02   1.79e-03
  3.4912e+02   1.69e-03
  3.6345e+02   1.59e-03
  3.7837e+02   1.50e-03
  3.9390e+02   1.41e-03
  4.1008e+02   1.33e-03
  4.2691e+02   1.25e-03
  4.4444e+02   1.17e-03
  4.6268e+02   1.10e-03
  4.8168e+02   1.04e-03
  5.0145e+02   9.73e-04
  5.2204e+02   9.14e-04
  5.4347e+02   8.57e-04
  5.6578e+02   8.05e-04
  5.8901e+02   7.55e-04
  6.1319e+02   7.08e-04
  6.3836e+02   6.64e-04
  6.6457e+02   6.23e-04
  6.9185e+02   5.85e-04
  7.2025e+02   5.49e-04
  7.4982e+02   5.15e-04
  7.8061e+02   4.84e-04
  8.1265e+02   4.55e-04
  8.4601e+02   4.27e-04
  8.8075e+02   4.02e-04
  9.1690e+02   3.78e-04
  9.5455e+02   3.56e-04
  9.9373e+02   3.35e-04
  1.0345e+03   3.16e-04
  1.0770e+03   2.98e-04
  1.1212e+03   2.82e-04
  1.1672e+03   2.66e-04
  1.2152e+03   2.52e-04
  1.2650e+03   2.39e-04
  1.3170e+03   2.26e-04
  1.3711e+03   2.15e-04
  1.4273e+03   2.04e-04
  1.4859e+03   1.94e-04
  1.5469e+03   1.85e-04
  1.6104e+03   1.76e-04
  1.6766e+03   1.68e-04
  1.7454e+03   1.60e-04
  1.8170e+03   1.53e-04
  1.8916e+03   1.46e-04
  1.9693e+03   1.40e-04
  2.0501e+03   1.34e-04
  2.1343e+03   1.28e-04
  2.2219e+03   1.23e-04
  2.3131e+03   1.18e-04
  2.4081e+03   1.13e-04
  2.5070e+03   1.08e-04
  2.6099e+03   1.04e-04
  2.7170e+03   9.97e-05
  2.8286e+03   9.57e-05
  2.9447e+03   9.19e-05
  3.0656e+03   8.82e-05
  3.1914e+03   8.46e-05
  3.3225e+03   8.12e-05
  3.4589e+03   7.79e-05
  3.6008e+03   7.46e-05
  3.7487e+03   7.15e-05
  3.9026e+03   6.84e-05
  4.0628e+03   6.54e-05
  4.2296e+03   6.25e-05
  4.4032e+03   5.97e-05
  4.5840e+03   5.69e-05
  4.7722e+03   5.42e-05
  4.9681e+03   5.15e-05
  5.1720e+03   4.89e-05
  5.3844e+03   4.63e-05
  5.6054e+03   4.38e-05
  5.8355e+03   4.13e-05
  6.0751e+03   3.89e-05
  6.3245e+03   3.65e-05
  6.5841e+03   3.41e-05
  6.8544e+03   3.18e-05
  7.1358e+03   2.96e-05
  7.4288e+03   2.74e-05
  7.7338e+03   2.53e-05
  8.0513e+03   2.32e-05
  8.3818e+03   2.12e-05
  8.7259e+03   1.93e-05
  9.0841e+03   1.74e-05
  9.4571e+03   1.56e-05
  9.8453e+03   1.39e-05
  1.0249e+04   1.23e-05
  1.0670e+04   1.08e-05
  1.1108e+04   9.35e-06
  1.1564e+04   8.03e-06
  1.2039e+04   6.82e-06
  1.2533e+04   5.71e-06
  1.3048e+04   4.72e-06
  1.3584e+04   3.83e-06
  1.4141e+04   3.06e-06
  1.4722e+04   2.39e-06
  1.5326e+04   1.83e-06
  1.5955e+04   1.36e-06
  1.6610e+04   9.82e-07
  1.7292e+04   6.86e-07
  1.8002e+04   4.61e-07
  1.8741e+04   2.96e-07
  1.9511e+04   1.81e-07
  2.0312e+04   1.04e-07
  2.1145e+04   5.63e-08
  2.2013e+04   2.80e-08
  2.2917e+04   1.27e-08
  2.3858e+04   5.19e-09
  2.4837e+04   1.86e-09
  2.5857e+04   5.74e-10
  2.6919e+04   1.48e-10
  2.8024e+04   3.06e-11
  2.9174e+04   4.88e-12
  3.0372e+04   5.67e-13
  3.1619e+04   4.46e-14
  3.2917e+04   2.19e-15
  3.4268e+04   5.93e-17
  3.5675e+04   7.72e-19
  3.7140e+04   3.99e-21
  3.8664e+04   6.42e-24
  4.0252e+04   2.34e-27
  4.1904e+04   1.25e-31
  4.3624e+04   5.56e-37
  4.5415e+04   9.50e-44
  4.7280e+04   4.68e-46
  4.9221e+04   4.13e-46
  5.1241e+04   3.64e-46
  5.3345e+04   3.17e-46
  5.5535e+04   2.77e-46
  5.7815e+04   2.40e-46
  6.0188e+04   2.05e-46
  6.2659e+04   1.78e-46
  6.5232e+04   1.53e-46
  6.7910e+04   1.29e-46
  7.0698e+04   1.12e-46
  7.3600e+04   9.59e-47
  7.6621e+04   8.18e-47
  7.9767e+04   7.18e-47
  8.3042e+04   6.24e-47
  8.6451e+04   5.50e-47
  9.0000e+04   5.02e-47
