#  E [MeV]   Flux [# cm^{-2} s^{-1}  MeV^{-1}]
  3.0000e+04   1.72e-25
  3.1232e+04   1.65e-25
  3.2514e+04   1.58e-25
  3.3849e+04   1.51e-25
  3.5238e+04   1.44e-25
  3.6685e+04   1.38e-25
  3.8191e+04   1.32e-25
  3.9759e+04   1.26e-25
  4.1391e+04   1.21e-25
  4.3090e+04   1.16e-25
  4.4859e+04   1.10e-25
  4.6701e+04   1.06e-25
  4.8618e+04   1.01e-25
  5.0614e+04   9.66e-26
  5.2692e+04   9.23e-26
  5.4855e+04   8.82e-26
  5.7107e+04   8.43e-26
  5.9451e+04   8.06e-26
  6.1892e+04   7.70e-26
  6.4433e+04   7.36e-26
  6.7078e+04   7.04e-26
  6.9832e+04   6.72e-26
  7.2699e+04   6.42e-26
  7.5683e+04   6.13e-26
  7.8790e+04   5.86e-26
  8.2025e+04   5.60e-26
  8.5392e+04   5.34e-26
  8.8898e+04   5.10e-26
  9.2547e+04   4.87e-26
  9.6347e+04   4.65e-26
  1.0030e+05   4.44e-26
  1.0442e+05   4.24e-26
  1.0871e+05   4.04e-26
  1.1317e+05   3.86e-26
  1.1782e+05   3.68e-26
  1.2265e+05   3.51e-26
  1.2769e+05   3.35e-26
  1.3293e+05   3.19e-26
  1.3839e+05   3.04e-26
  1.4407e+05   2.90e-26
  1.4998e+05   2.76e-26
  1.5614e+05   2.63e-26
  1.6255e+05   2.50e-26
  1.6922e+05   2.38e-26
  1.7617e+05   2.27e-26
  1.8340e+05   2.16e-26
  1.9093e+05   2.05e-26
  1.9877e+05   1.95e-26
  2.0693e+05   1.85e-26
  2.1543e+05   1.76e-26
  2.2427e+05   1.67e-26
  2.3348e+05   1.59e-26
  2.4306e+05   1.50e-26
  2.5304e+05   1.43e-26
  2.6343e+05   1.35e-26
  2.7424e+05   1.28e-26
  2.8550e+05   1.21e-26
  2.9722e+05   1.15e-26
  3.0942e+05   1.08e-26
  3.2213e+05   1.02e-26
  3.3535e+05   9.68e-27
  3.4912e+05   9.13e-27
  3.6345e+05   8.61e-27
  3.7837e+05   8.12e-27
  3.9390e+05   7.64e-27
  4.1008e+05   7.19e-27
  4.2691e+05   6.77e-27
  4.4444e+05   6.36e-27
  4.6268e+05   5.97e-27
  4.8168e+05   5.61e-27
  5.0145e+05   5.26e-27
  5.2204e+05   4.93e-27
  5.4347e+05   4.62e-27
  5.6578e+05   4.32e-27
  5.8901e+05   4.04e-27
  6.1319e+05   3.77e-27
  6.3836e+05   3.52e-27
  6.6457e+05   3.29e-27
  6.9185e+05   3.07e-27
  7.2025e+05   2.86e-27
  7.4982e+05   2.66e-27
  7.8061e+05   2.48e-27
  8.1265e+05   2.31e-27
  8.4601e+05   2.15e-27
  8.8075e+05   2.00e-27
  9.1690e+05   1.85e-27
  9.5455e+05   1.72e-27
  9.9373e+05   1.60e-27
  1.0345e+06   1.48e-27
  1.0770e+06   1.38e-27
  1.1212e+06   1.28e-27
  1.1672e+06   1.18e-27
  1.2152e+06   1.10e-27
  1.2650e+06   1.02e-27
  1.3170e+06   9.41e-28
  1.3711e+06   8.71e-28
  1.4273e+06   8.06e-28
  1.4859e+06   7.46e-28
  1.5469e+06   6.90e-28
  1.6104e+06   6.38e-28
  1.6766e+06   5.90e-28
  1.7454e+06   5.45e-28
  1.8170e+06   5.04e-28
  1.8916e+06   4.65e-28
  1.9693e+06   4.30e-28
  2.0501e+06   3.96e-28
  2.1343e+06   3.65e-28
  2.2219e+06   3.37e-28
  2.3131e+06   3.10e-28
  2.4081e+06   2.85e-28
  2.5070e+06   2.62e-28
  2.6099e+06   2.41e-28
  2.7170e+06   2.21e-28
  2.8286e+06   2.03e-28
  2.9447e+06   1.86e-28
  3.0656e+06   1.70e-28
  3.1914e+06   1.56e-28
  3.3225e+06   1.42e-28
  3.4589e+06   1.30e-28
  3.6008e+06   1.18e-28
  3.7487e+06   1.08e-28
  3.9026e+06   9.77e-29
  4.0628e+06   8.88e-29
  4.2296e+06   8.04e-29
  4.4032e+06   7.28e-29
  4.5840e+06   6.58e-29
  4.7722e+06   5.93e-29
  4.9681e+06   5.33e-29
  5.1720e+06   4.80e-29
  5.3844e+06   4.29e-29
  5.6054e+06   3.84e-29
  5.8355e+06   3.43e-29
  6.0751e+06   3.05e-29
  6.3245e+06   2.72e-29
  6.5841e+06   2.41e-29
  6.8544e+06   2.12e-29
  7.1358e+06   1.88e-29
  7.4288e+06   1.65e-29
  7.7338e+06   1.44e-29
  8.0513e+06   1.26e-29
  8.3818e+06   1.09e-29
  8.7259e+06   9.46e-30
  9.0841e+06   8.17e-30
  9.4571e+06   7.00e-30
  9.8453e+06   5.96e-30
  1.0249e+07   5.07e-30
  1.0670e+07   4.27e-30
  1.1108e+07   3.57e-30
  1.1564e+07   2.98e-30
  1.2039e+07   2.45e-30
  1.2533e+07   2.01e-30
  1.3048e+07   1.63e-30
  1.3584e+07   1.30e-30
  1.4141e+07   1.03e-30
  1.4722e+07   8.10e-31
  1.5326e+07   6.21e-31
  1.5955e+07   4.73e-31
  1.6610e+07   3.52e-31
  1.7292e+07   2.55e-31
  1.8002e+07   1.82e-31
  1.8741e+07   1.26e-31
  1.9511e+07   8.37e-32
  2.0312e+07   5.43e-32
  2.1145e+07   3.35e-32
  2.2013e+07   1.97e-32
  2.2917e+07   1.10e-32
  2.3858e+07   5.70e-33
  2.4837e+07   2.73e-33
  2.5857e+07   1.20e-33
  2.6919e+07   4.67e-34
  2.8024e+07   1.60e-34
  2.9174e+07   4.65e-35
  3.0372e+07   1.10e-35
  3.1619e+07   2.07e-36
  3.2917e+07   2.90e-37
  3.4268e+07   2.79e-38
  3.5675e+07   1.73e-39
  3.7140e+07   5.99e-41
  3.8664e+07   9.98e-43
  4.0252e+07   6.75e-45
  4.1904e+07   1.38e-47
  4.3624e+07   6.01e-51
  4.5415e+07   3.57e-55
  4.7280e+07   1.46e-60
  4.9221e+07   1.69e-67
  5.1241e+07   5.69e-72
  5.3345e+07   4.85e-72
  5.5535e+07   4.15e-72
  5.7815e+07   3.60e-72
  6.0188e+07   3.08e-72
  6.2659e+07   2.67e-72
  6.5232e+07   2.34e-72
  6.7910e+07   2.02e-72
  7.0698e+07   1.78e-72
  7.3600e+07   1.59e-72
  7.6621e+07   1.40e-72
  7.9767e+07   1.26e-72
  8.3042e+07   1.13e-72
  8.6451e+07   1.02e-72
  9.0000e+07   9.29e-73
