#  E [MeV]   Flux [# cm^{-2} s^{-1}  MeV^{-1}]
  3.0000e+04   3.76e-18
  3.0854e+04   3.63e-18
  3.1733e+04   3.52e-18
  3.2636e+04   3.40e-18
  3.3566e+04   3.28e-18
  3.4521e+04   3.18e-18
  3.5504e+04   3.07e-18
  3.6515e+04   2.96e-18
  3.7555e+04   2.86e-18
  3.8625e+04   2.77e-18
  3.9724e+04   2.67e-18
  4.0855e+04   2.58e-18
  4.2019e+04   2.49e-18
  4.3215e+04   2.40e-18
  4.4446e+04   2.32e-18
  4.5711e+04   2.24e-18
  4.7013e+04   2.16e-18
  4.8352e+04   2.08e-18
  4.9728e+04   2.01e-18
  5.1144e+04   1.93e-18
  5.2601e+04   1.86e-18
  5.4099e+04   1.79e-18
  5.5639e+04   1.73e-18
  5.7223e+04   1.66e-18
  5.8853e+04   1.60e-18
  6.0528e+04   1.54e-18
  6.2252e+04   1.48e-18
  6.4025e+04   1.43e-18
  6.5848e+04   1.37e-18
  6.7723e+04   1.32e-18
  6.9651e+04   1.27e-18
  7.1634e+04   1.22e-18
  7.3674e+04   1.17e-18
  7.5772e+04   1.13e-18
  7.7929e+04   1.08e-18
  8.0148e+04   1.04e-18
  8.2431e+04   9.96e-19
  8.4778e+04   9.56e-19
  8.7192e+04   9.18e-19
  8.9674e+04   8.80e-19
  9.2228e+04   8.45e-19
  9.4854e+04   8.10e-19
  9.7555e+04   7.77e-19
  1.0033e+05   7.44e-19
  1.0319e+05   7.13e-19
  1.0613e+05   6.83e-19
  1.0915e+05   6.54e-19
  1.1226e+05   6.26e-19
  1.1545e+05   5.99e-19
  1.1874e+05   5.73e-19
  1.2212e+05   5.49e-19
  1.2560e+05   5.25e-19
  1.2918e+05   5.02e-19
  1.3286e+05   4.80e-19
  1.3664e+05   4.58e-19
  1.4053e+05   4.38e-19
  1.4453e+05   4.18e-19
  1.4865e+05   4.00e-19
  1.5288e+05   3.82e-19
  1.5723e+05   3.64e-19
  1.6171e+05   3.48e-19
  1.6631e+05   3.32e-19
  1.7105e+05   3.17e-19
  1.7592e+05   3.02e-19
  1.8093e+05   2.88e-19
  1.8608e+05   2.74e-19
  1.9138e+05   2.61e-19
  1.9683e+05   2.49e-19
  2.0243e+05   2.37e-19
  2.0820e+05   2.25e-19
  2.1413e+05   2.14e-19
  2.2022e+05   2.04e-19
  2.2649e+05   1.94e-19
  2.3294e+05   1.84e-19
  2.3958e+05   1.75e-19
  2.4640e+05   1.66e-19
  2.5341e+05   1.58e-19
  2.6063e+05   1.50e-19
  2.6805e+05   1.42e-19
  2.7568e+05   1.35e-19
  2.8353e+05   1.28e-19
  2.9161e+05   1.21e-19
  2.9991e+05   1.15e-19
  3.0845e+05   1.09e-19
  3.1723e+05   1.03e-19
  3.2627e+05   9.75e-20
  3.3556e+05   9.23e-20
  3.4511e+05   8.73e-20
  3.5494e+05   8.25e-20
  3.6504e+05   7.81e-20
  3.7544e+05   7.38e-20
  3.8613e+05   6.97e-20
  3.9712e+05   6.58e-20
  4.0843e+05   6.21e-20
  4.2006e+05   5.86e-20
  4.3202e+05   5.53e-20
  4.4432e+05   5.21e-20
  4.5698e+05   4.91e-20
  4.6999e+05   4.63e-20
  4.8337e+05   4.36e-20
  4.9713e+05   4.10e-20
  5.1129e+05   3.86e-20
  5.2585e+05   3.63e-20
  5.4082e+05   3.41e-20
  5.5622e+05   3.20e-20
  5.7206e+05   3.01e-20
  5.8835e+05   2.83e-20
  6.0510e+05   2.65e-20
  6.2233e+05   2.49e-20
  6.4005e+05   2.33e-20
  6.5828e+05   2.19e-20
  6.7702e+05   2.05e-20
  6.9630e+05   1.92e-20
  7.1613e+05   1.79e-20
  7.3652e+05   1.68e-20
  7.5749e+05   1.57e-20
  7.7906e+05   1.47e-20
  8.0124e+05   1.37e-20
  8.2406e+05   1.28e-20
  8.4752e+05   1.20e-20
  8.7165e+05   1.11e-20
  8.9647e+05   1.04e-20
  9.2200e+05   9.69e-21
  9.4825e+05   9.03e-21
  9.7526e+05   8.40e-21
  1.0030e+06   7.80e-21
  1.0316e+06   7.27e-21
  1.0610e+06   6.76e-21
  1.0912e+06   6.28e-21
  1.1222e+06   5.82e-21
  1.1542e+06   5.41e-21
  1.1871e+06   5.03e-21
  1.2209e+06   4.66e-21
  1.2556e+06   4.31e-21
  1.2914e+06   4.00e-21
  1.3281e+06   3.71e-21
  1.3660e+06   3.43e-21
  1.4049e+06   3.16e-21
  1.4449e+06   2.93e-21
  1.4860e+06   2.71e-21
  1.5283e+06   2.50e-21
  1.5718e+06   2.30e-21
  1.6166e+06   2.13e-21
  1.6626e+06   1.97e-21
  1.7100e+06   1.81e-21
  1.7587e+06   1.66e-21
  1.8087e+06   1.53e-21
  1.8602e+06   1.41e-21
  1.9132e+06   1.30e-21
  1.9677e+06   1.19e-21
  2.0237e+06   1.10e-21
  2.0813e+06   1.01e-21
  2.1406e+06   9.30e-22
  2.2016e+06   8.52e-22
  2.2642e+06   7.84e-22
  2.3287e+06   7.22e-22
  2.3950e+06   6.64e-22
  2.4632e+06   6.08e-22
  2.5334e+06   5.59e-22
  2.6055e+06   5.15e-22
  2.6797e+06   4.74e-22
  2.7560e+06   4.35e-22
  2.8345e+06   4.00e-22
  2.9152e+06   3.70e-22
  2.9982e+06   3.41e-22
  3.0836e+06   3.13e-22
  3.1714e+06   2.89e-22
  3.2617e+06   2.69e-22
  3.3545e+06   2.50e-22
  3.4501e+06   2.31e-22
  3.5483e+06   2.15e-22
  3.6493e+06   2.01e-22
  3.7532e+06   1.89e-22
  3.8601e+06   1.77e-22
  3.9700e+06   1.65e-22
  4.0831e+06   1.57e-22
  4.1993e+06   1.49e-22
  4.3189e+06   1.41e-22
  4.4419e+06   1.34e-22
  4.5684e+06   1.29e-22
  4.6985e+06   1.24e-22
  4.8322e+06   1.19e-22
  4.9698e+06   1.15e-22
  5.1114e+06   1.13e-22
  5.2569e+06   1.11e-22
  5.4066e+06   1.09e-22
  5.5605e+06   1.07e-22
  5.7189e+06   1.08e-22
  5.8817e+06   1.09e-22
  6.0492e+06   1.11e-22
  6.2214e+06   1.11e-22
  6.3986e+06   1.17e-22
  6.5808e+06   1.24e-22
  6.7682e+06   1.31e-22
  6.9609e+06   1.38e-22
  7.1591e+06   1.54e-22
  7.3630e+06   1.77e-22
  7.5726e+06   1.99e-22
  7.7882e+06   2.19e-22
  8.0100e+06   2.19e-22
