#  E [MeV]   Flux [# cm^{-2} s^{-1}  MeV^{-1}]
  3.0000e+04   3.38e-19
  3.0589e+04   3.27e-19
  3.1190e+04   3.17e-19
  3.1803e+04   3.07e-19
  3.2428e+04   2.98e-19
  3.3065e+04   2.88e-19
  3.3714e+04   2.79e-19
  3.4376e+04   2.70e-19
  3.5052e+04   2.61e-19
  3.5740e+04   2.53e-19
  3.6442e+04   2.45e-19
  3.7158e+04   2.37e-19
  3.7888e+04   2.29e-19
  3.8632e+04   2.22e-19
  3.9391e+04   2.14e-19
  4.0165e+04   2.07e-19
  4.0954e+04   2.00e-19
  4.1758e+04   1.94e-19
  4.2579e+04   1.87e-19
  4.3415e+04   1.81e-19
  4.4268e+04   1.75e-19
  4.5138e+04   1.69e-19
  4.6024e+04   1.63e-19
  4.6928e+04   1.57e-19
  4.7850e+04   1.52e-19
  4.8790e+04   1.47e-19
  4.9749e+04   1.42e-19
  5.0726e+04   1.37e-19
  5.1722e+04   1.32e-19
  5.2738e+04   1.27e-19
  5.3774e+04   1.23e-19
  5.4831e+04   1.18e-19
  5.5908e+04   1.14e-19
  5.7006e+04   1.10e-19
  5.8126e+04   1.06e-19
  5.9268e+04   1.02e-19
  6.0432e+04   9.87e-20
  6.1619e+04   9.50e-20
  6.2829e+04   9.16e-20
  6.4064e+04   8.83e-20
  6.5322e+04   8.50e-20
  6.6605e+04   8.19e-20
  6.7913e+04   7.88e-20
  6.9248e+04   7.58e-20
  7.0608e+04   7.30e-20
  7.1995e+04   7.03e-20
  7.3409e+04   6.76e-20
  7.4851e+04   6.50e-20
  7.6321e+04   6.25e-20
  7.7821e+04   6.01e-20
  7.9349e+04   5.78e-20
  8.0908e+04   5.55e-20
  8.2497e+04   5.34e-20
  8.4118e+04   5.13e-20
  8.5770e+04   4.93e-20
  8.7455e+04   4.73e-20
  8.9173e+04   4.54e-20
  9.0925e+04   4.36e-20
  9.2711e+04   4.19e-20
  9.4532e+04   4.02e-20
  9.6389e+04   3.85e-20
  9.8283e+04   3.70e-20
  1.0021e+05   3.55e-20
  1.0218e+05   3.40e-20
  1.0419e+05   3.26e-20
  1.0624e+05   3.13e-20
  1.0832e+05   2.99e-20
  1.1045e+05   2.87e-20
  1.1262e+05   2.75e-20
  1.1483e+05   2.63e-20
  1.1709e+05   2.52e-20
  1.1939e+05   2.41e-20
  1.2173e+05   2.31e-20
  1.2412e+05   2.21e-20
  1.2656e+05   2.11e-20
  1.2905e+05   2.02e-20
  1.3158e+05   1.93e-20
  1.3417e+05   1.85e-20
  1.3680e+05   1.76e-20
  1.3949e+05   1.68e-20
  1.4223e+05   1.61e-20
  1.4503e+05   1.54e-20
  1.4787e+05   1.47e-20
  1.5078e+05   1.40e-20
  1.5374e+05   1.33e-20
  1.5676e+05   1.27e-20
  1.5984e+05   1.21e-20
  1.6298e+05   1.15e-20
  1.6618e+05   1.10e-20
  1.6945e+05   1.05e-20
  1.7278e+05   9.96e-21
  1.7617e+05   9.48e-21
  1.7963e+05   9.03e-21
  1.8316e+05   8.59e-21
  1.8676e+05   8.17e-21
  1.9042e+05   7.76e-21
  1.9417e+05   7.37e-21
  1.9798e+05   7.00e-21
  2.0187e+05   6.66e-21
  2.0583e+05   6.32e-21
  2.0988e+05   6.00e-21
  2.1400e+05   5.69e-21
  2.1820e+05   5.39e-21
  2.2249e+05   5.11e-21
  2.2686e+05   4.85e-21
  2.3132e+05   4.60e-21
  2.3586e+05   4.36e-21
  2.4049e+05   4.12e-21
  2.4522e+05   3.89e-21
  2.5004e+05   3.69e-21
  2.5495e+05   3.49e-21
  2.5996e+05   3.30e-21
  2.6506e+05   3.12e-21
  2.7027e+05   2.94e-21
  2.7558e+05   2.77e-21
  2.8099e+05   2.62e-21
  2.8651e+05   2.48e-21
  2.9214e+05   2.34e-21
  2.9788e+05   2.20e-21
  3.0373e+05   2.07e-21
  3.0970e+05   1.94e-21
  3.1578e+05   1.83e-21
  3.2198e+05   1.73e-21
  3.2831e+05   1.63e-21
  3.3476e+05   1.53e-21
  3.4133e+05   1.43e-21
  3.4804e+05   1.34e-21
  3.5487e+05   1.27e-21
  3.6185e+05   1.19e-21
  3.6895e+05   1.12e-21
  3.7620e+05   1.05e-21
  3.8359e+05   9.81e-22
  3.9113e+05   9.18e-22
  3.9881e+05   8.63e-22
  4.0664e+05   8.11e-22
  4.1463e+05   7.60e-22
  4.2278e+05   7.11e-22
  4.3108e+05   6.64e-22
  4.3955e+05   6.20e-22
  4.4818e+05   5.83e-22
  4.5699e+05   5.47e-22
  4.6596e+05   5.12e-22
  4.7512e+05   4.78e-22
  4.8445e+05   4.46e-22
  4.9397e+05   4.16e-22
  5.0367e+05   3.91e-22
  5.1356e+05   3.66e-22
  5.2365e+05   3.43e-22
  5.3394e+05   3.20e-22
  5.4443e+05   2.98e-22
  5.5512e+05   2.79e-22
  5.6603e+05   2.62e-22
  5.7715e+05   2.46e-22
  5.8848e+05   2.30e-22
  6.0004e+05   2.16e-22
  6.1183e+05   2.01e-22
  6.2385e+05   1.89e-22
  6.3610e+05   1.78e-22
  6.4860e+05   1.68e-22
  6.6134e+05   1.58e-22
  6.7433e+05   1.49e-22
  6.8758e+05   1.40e-22
  7.0108e+05   1.32e-22
  7.1486e+05   1.25e-22
  7.2890e+05   1.19e-22
  7.4322e+05   1.13e-22
  7.5782e+05   1.07e-22
  7.7270e+05   1.01e-22
  7.8788e+05   9.65e-23
  8.0336e+05   9.24e-23
  8.1914e+05   8.85e-23
  8.3523e+05   8.47e-23
  8.5164e+05   8.10e-23
  8.6837e+05   7.75e-23
  8.8542e+05   7.50e-23
  9.0282e+05   7.30e-23
  9.2055e+05   7.10e-23
  9.3863e+05   6.90e-23
  9.5707e+05   6.72e-23
  9.7587e+05   6.53e-23
  9.9504e+05   6.45e-23
  1.0146e+06   6.39e-23
  1.0345e+06   6.32e-23
  1.0548e+06   6.26e-23
  1.0756e+06   6.20e-23
  1.0967e+06   6.13e-23
  1.1182e+06   6.21e-23
  1.1402e+06   6.30e-23
  1.1626e+06   6.38e-23
  1.1854e+06   6.45e-23
  1.2087e+06   6.52e-23
  1.2325e+06   6.58e-23
  1.2567e+06   6.26e-23
  1.2814e+06   5.94e-23
  1.3065e+06   5.64e-23
  1.3322e+06   5.34e-23
  1.3584e+06   5.05e-23
  1.3851e+06   4.75e-23
  1.4123e+06   3.86e-23
  1.4400e+06   3.02e-23
