#  E [GeV]   # per interaction  [GeV^{-1}]
  3.0000e+01   8.58e-01
  3.1033e+01   8.22e-01
  3.2102e+01   7.87e-01
  3.3207e+01   7.54e-01
  3.4350e+01   7.22e-01
  3.5533e+01   6.91e-01
  3.6757e+01   6.62e-01
  3.8022e+01   6.34e-01
  3.9332e+01   6.07e-01
  4.0686e+01   5.81e-01
  4.2087e+01   5.56e-01
  4.3536e+01   5.32e-01
  4.5035e+01   5.09e-01
  4.6586e+01   4.86e-01
  4.8190e+01   4.65e-01
  4.9850e+01   4.45e-01
  5.1566e+01   4.25e-01
  5.3342e+01   4.07e-01
  5.5178e+01   3.89e-01
  5.7078e+01   3.72e-01
  5.9044e+01   3.55e-01
  6.1077e+01   3.39e-01
  6.3180e+01   3.24e-01
  6.5356e+01   3.10e-01
  6.7606e+01   2.96e-01
  6.9934e+01   2.83e-01
  7.2342e+01   2.70e-01
  7.4833e+01   2.58e-01
  7.7410e+01   2.46e-01
  8.0075e+01   2.35e-01
  8.2833e+01   2.24e-01
  8.5685e+01   2.14e-01
  8.8635e+01   2.04e-01
  9.1687e+01   1.95e-01
  9.4844e+01   1.86e-01
  9.8110e+01   1.77e-01
  1.0149e+02   1.69e-01
  1.0498e+02   1.61e-01
  1.0860e+02   1.54e-01
  1.1234e+02   1.46e-01
  1.1621e+02   1.39e-01
  1.2021e+02   1.33e-01
  1.2435e+02   1.26e-01
  1.2863e+02   1.20e-01
  1.3306e+02   1.15e-01
  1.3764e+02   1.09e-01
  1.4238e+02   1.04e-01
  1.4728e+02   9.88e-02
  1.5235e+02   9.40e-02
  1.5760e+02   8.93e-02
  1.6302e+02   8.49e-02
  1.6864e+02   8.06e-02
  1.7445e+02   7.66e-02
  1.8045e+02   7.27e-02
  1.8667e+02   6.90e-02
  1.9309e+02   6.54e-02
  1.9974e+02   6.20e-02
  2.0662e+02   5.87e-02
  2.1373e+02   5.56e-02
  2.2109e+02   5.26e-02
  2.2871e+02   4.98e-02
  2.3658e+02   4.71e-02
  2.4473e+02   4.45e-02
  2.5316e+02   4.20e-02
  2.6187e+02   3.96e-02
  2.7089e+02   3.73e-02
  2.8022e+02   3.51e-02
  2.8987e+02   3.31e-02
  2.9985e+02   3.11e-02
  3.1017e+02   2.92e-02
  3.2085e+02   2.74e-02
  3.3190e+02   2.57e-02
  3.4333e+02   2.41e-02
  3.5515e+02   2.25e-02
  3.6738e+02   2.11e-02
  3.8003e+02   1.97e-02
  3.9312e+02   1.84e-02
  4.0665e+02   1.72e-02
  4.2066e+02   1.60e-02
  4.3514e+02   1.50e-02
  4.5013e+02   1.40e-02
  4.6562e+02   1.30e-02
  4.8166e+02   1.21e-02
  4.9824e+02   1.13e-02
  5.1540e+02   1.05e-02
  5.3315e+02   9.72e-03
  5.5150e+02   9.03e-03
  5.7050e+02   8.37e-03
  5.9014e+02   7.76e-03
  6.1046e+02   7.19e-03
  6.3148e+02   6.65e-03
  6.5322e+02   6.15e-03
  6.7572e+02   5.68e-03
  6.9898e+02   5.25e-03
  7.2305e+02   4.84e-03
  7.4795e+02   4.46e-03
  7.7371e+02   4.11e-03
  8.0035e+02   3.79e-03
  8.2791e+02   3.49e-03
  8.5641e+02   3.21e-03
  8.8590e+02   2.95e-03
  9.1641e+02   2.71e-03
  9.4796e+02   2.49e-03
  9.8061e+02   2.29e-03
  1.0144e+03   2.10e-03
  1.0493e+03   1.92e-03
  1.0854e+03   1.77e-03
  1.1228e+03   1.62e-03
  1.1615e+03   1.48e-03
  1.2015e+03   1.36e-03
  1.2428e+03   1.24e-03
  1.2856e+03   1.13e-03
  1.3299e+03   1.04e-03
  1.3757e+03   9.47e-04
  1.4231e+03   8.65e-04
  1.4721e+03   7.88e-04
  1.5228e+03   7.18e-04
  1.5752e+03   6.55e-04
  1.6294e+03   5.96e-04
  1.6855e+03   5.41e-04
  1.7436e+03   4.93e-04
  1.8036e+03   4.48e-04
  1.8657e+03   4.06e-04
  1.9300e+03   3.68e-04
  1.9964e+03   3.34e-04
  2.0652e+03   3.02e-04
  2.1363e+03   2.73e-04
  2.2098e+03   2.47e-04
  2.2859e+03   2.23e-04
  2.3646e+03   2.00e-04
  2.4461e+03   1.80e-04
  2.5303e+03   1.62e-04
  2.6174e+03   1.45e-04
  2.7075e+03   1.30e-04
  2.8008e+03   1.16e-04
  2.8972e+03   1.04e-04
  2.9970e+03   9.21e-05
  3.1002e+03   8.23e-05
  3.2069e+03   7.32e-05
  3.3173e+03   6.47e-05
  3.4316e+03   5.73e-05
  3.5497e+03   5.08e-05
  3.6720e+03   4.47e-05
  3.7984e+03   3.92e-05
  3.9292e+03   3.46e-05
  4.0645e+03   3.03e-05
  4.2044e+03   2.63e-05
  4.3492e+03   2.31e-05
  4.4990e+03   2.01e-05
  4.6539e+03   1.74e-05
  4.8141e+03   1.50e-05
  4.9799e+03   1.31e-05
  5.1514e+03   1.12e-05
  5.3288e+03   9.53e-06
  5.5123e+03   8.23e-06
  5.7021e+03   7.04e-06
  5.8984e+03   5.94e-06
  6.1015e+03   5.05e-06
  6.3116e+03   4.30e-06
  6.5289e+03   3.61e-06
  6.7538e+03   3.00e-06
  6.9863e+03   2.54e-06
  7.2269e+03   2.12e-06
  7.4757e+03   1.74e-06
  7.7331e+03   1.45e-06
  7.9994e+03   1.20e-06
  8.2749e+03   9.80e-07
  8.5598e+03   7.97e-07
  8.8546e+03   6.55e-07
  9.1594e+03   5.30e-07
  9.4748e+03   4.20e-07
  9.8011e+03   3.42e-07
  1.0139e+04   2.73e-07
  1.0488e+04   2.14e-07
  1.0849e+04   1.70e-07
  1.1222e+04   1.34e-07
  1.1609e+04   1.04e-07
  1.2009e+04   7.99e-08
  1.2422e+04   6.22e-08
  1.2850e+04   4.76e-08
  1.3292e+04   3.55e-08
  1.3750e+04   2.68e-08
  1.4223e+04   1.99e-08
  1.4713e+04   1.45e-08
  1.5220e+04   1.04e-08
  1.5744e+04   7.48e-09
  1.6286e+04   5.22e-09
  1.6847e+04   3.54e-09
  1.7427e+04   2.38e-09
  1.8027e+04   1.54e-09
  1.8648e+04   9.63e-10
  1.9290e+04   5.80e-10
  1.9954e+04   3.35e-10
  2.0641e+04   1.83e-10
  2.1352e+04   9.43e-11
  2.2087e+04   4.54e-11
  2.2848e+04   2.02e-11
  2.3634e+04   8.20e-12
  2.4448e+04   3.07e-12
  2.5290e+04   1.03e-12
