#  E [GeV]   # per interaction  [GeV^{-1}]
  3.0000e+01   3.06e-02
  3.1232e+01   2.95e-02
  3.2514e+01   2.83e-02
  3.3849e+01   2.72e-02
  3.5238e+01   2.62e-02
  3.6685e+01   2.51e-02
  3.8191e+01   2.41e-02
  3.9759e+01   2.32e-02
  4.1391e+01   2.22e-02
  4.3090e+01   2.14e-02
  4.4859e+01   2.05e-02
  4.6701e+01   1.97e-02
  4.8618e+01   1.89e-02
  5.0614e+01   1.81e-02
  5.2692e+01   1.73e-02
  5.4855e+01   1.66e-02
  5.7107e+01   1.59e-02
  5.9451e+01   1.52e-02
  6.1892e+01   1.46e-02
  6.4433e+01   1.40e-02
  6.7078e+01   1.34e-02
  6.9832e+01   1.28e-02
  7.2699e+01   1.23e-02
  7.5683e+01   1.17e-02
  7.8790e+01   1.12e-02
  8.2025e+01   1.07e-02
  8.5392e+01   1.03e-02
  8.8898e+01   9.80e-03
  9.2547e+01   9.36e-03
  9.6347e+01   8.94e-03
  1.0030e+02   8.53e-03
  1.0442e+02   8.14e-03
  1.0871e+02   7.77e-03
  1.1317e+02   7.41e-03
  1.1782e+02   7.07e-03
  1.2265e+02   6.74e-03
  1.2769e+02   6.42e-03
  1.3293e+02   6.12e-03
  1.3839e+02   5.83e-03
  1.4407e+02   5.55e-03
  1.4998e+02   5.28e-03
  1.5614e+02   5.02e-03
  1.6255e+02   4.77e-03
  1.6922e+02   4.54e-03
  1.7617e+02   4.31e-03
  1.8340e+02   4.10e-03
  1.9093e+02   3.89e-03
  1.9877e+02   3.69e-03
  2.0693e+02   3.50e-03
  2.1543e+02   3.32e-03
  2.2427e+02   3.15e-03
  2.3348e+02   2.98e-03
  2.4306e+02   2.82e-03
  2.5304e+02   2.67e-03
  2.6343e+02   2.53e-03
  2.7424e+02   2.39e-03
  2.8550e+02   2.26e-03
  2.9722e+02   2.13e-03
  3.0942e+02   2.02e-03
  3.2213e+02   1.90e-03
  3.3535e+02   1.79e-03
  3.4912e+02   1.69e-03
  3.6345e+02   1.59e-03
  3.7837e+02   1.50e-03
  3.9390e+02   1.41e-03
  4.1008e+02   1.33e-03
  4.2691e+02   1.25e-03
  4.4444e+02   1.17e-03
  4.6268e+02   1.10e-03
  4.8168e+02   1.04e-03
  5.0145e+02   9.72e-04
  5.2204e+02   9.11e-04
  5.4347e+02   8.54e-04
  5.6578e+02   8.00e-04
  5.8901e+02   7.50e-04
  6.1319e+02   7.02e-04
  6.3836e+02   6.56e-04
  6.6457e+02   6.14e-04
  6.9185e+02   5.74e-04
  7.2025e+02   5.37e-04
  7.4982e+02   5.01e-04
  7.8061e+02   4.68e-04
  8.1265e+02   4.37e-04
  8.4601e+02   4.09e-04
  8.8075e+02   3.81e-04
  9.1690e+02   3.56e-04
  9.5455e+02   3.32e-04
  9.9373e+02   3.10e-04
  1.0345e+03   2.89e-04
  1.0770e+03   2.70e-04
  1.1212e+03   2.52e-04
  1.1672e+03   2.35e-04
  1.2152e+03   2.19e-04
  1.2650e+03   2.04e-04
  1.3170e+03   1.91e-04
  1.3711e+03   1.78e-04
  1.4273e+03   1.66e-04
  1.4859e+03   1.55e-04
  1.5469e+03   1.44e-04
  1.6104e+03   1.35e-04
  1.6766e+03   1.26e-04
  1.7454e+03   1.17e-04
  1.8170e+03   1.10e-04
  1.8916e+03   1.02e-04
  1.9693e+03   9.56e-05
  2.0501e+03   8.93e-05
  2.1343e+03   8.34e-05
  2.2219e+03   7.78e-05
  2.3131e+03   7.27e-05
  2.4081e+03   6.79e-05
  2.5070e+03   6.34e-05
  2.6099e+03   5.92e-05
  2.7170e+03   5.52e-05
  2.8286e+03   5.16e-05
  2.9447e+03   4.82e-05
  3.0656e+03   4.50e-05
  3.1914e+03   4.21e-05
  3.3225e+03   3.93e-05
  3.4589e+03   3.67e-05
  3.6008e+03   3.43e-05
  3.7487e+03   3.21e-05
  3.9026e+03   2.99e-05
  4.0628e+03   2.80e-05
  4.2296e+03   2.61e-05
  4.4032e+03   2.43e-05
  4.5840e+03   2.27e-05
  4.7722e+03   2.12e-05
  4.9681e+03   1.98e-05
  5.1720e+03   1.85e-05
  5.3844e+03   1.72e-05
  5.6054e+03   1.60e-05
  5.8355e+03   1.49e-05
  6.0751e+03   1.39e-05
  6.3245e+03   1.29e-05
  6.5841e+03   1.20e-05
  6.8544e+03   1.12e-05
  7.1358e+03   1.04e-05
  7.4288e+03   9.63e-06
  7.7338e+03   8.91e-06
  8.0513e+03   8.25e-06
  8.3818e+03   7.62e-06
  8.7259e+03   7.02e-06
  9.0841e+03   6.47e-06
  9.4571e+03   5.94e-06
  9.8453e+03   5.45e-06
  1.0249e+04   4.98e-06
  1.0670e+04   4.54e-06
  1.1108e+04   4.12e-06
  1.1564e+04   3.73e-06
  1.2039e+04   3.36e-06
  1.2533e+04   3.01e-06
  1.3048e+04   2.68e-06
  1.3584e+04   2.38e-06
  1.4141e+04   2.09e-06
  1.4722e+04   1.82e-06
  1.5326e+04   1.58e-06
  1.5955e+04   1.35e-06
  1.6610e+04   1.14e-06
  1.7292e+04   9.50e-07
  1.8002e+04   7.80e-07
  1.8741e+04   6.29e-07
  1.9511e+04   4.96e-07
  2.0312e+04   3.82e-07
  2.1145e+04   2.86e-07
  2.2013e+04   2.07e-07
  2.2917e+04   1.44e-07
  2.3858e+04   9.60e-08
  2.4837e+04   6.05e-08
  2.5857e+04   3.57e-08
  2.6919e+04   1.96e-08
  2.8024e+04   9.76e-09
  2.9174e+04   4.36e-09
  3.0372e+04   1.70e-09
  3.1619e+04   5.64e-10
  3.2917e+04   1.52e-10
  3.4268e+04   3.21e-11
  3.5675e+04   4.96e-12
  3.7140e+04   5.17e-13
  3.8664e+04   3.30e-14
  4.0252e+04   1.13e-15
  4.1904e+04   1.72e-17
  4.3624e+04   9.24e-20
  4.5415e+04   1.28e-22
  4.7280e+04   2.95e-26
  4.9221e+04   6.28e-31
  5.1241e+04   5.40e-37
  5.3345e+04   5.89e-45
  5.5535e+04   1.13e-46
  5.7815e+04   1.06e-46
  6.0188e+04   1.00e-46
  6.2659e+04   9.46e-47
  6.5232e+04   8.91e-47
  6.7910e+04   8.40e-47
  7.0698e+04   7.90e-47
  7.3600e+04   7.43e-47
  7.6621e+04   6.98e-47
  7.9767e+04   6.55e-47
  8.3042e+04   6.13e-47
  8.6451e+04   5.74e-47
  9.0000e+04   5.39e-47
