#  E [GeV]   # per interaction  [GeV^{-1}]
  3.0000e+01   5.59e-01
  3.1141e+01   5.37e-01
  3.2326e+01   5.16e-01
  3.3556e+01   4.95e-01
  3.4832e+01   4.75e-01
  3.6157e+01   4.56e-01
  3.7533e+01   4.38e-01
  3.8961e+01   4.20e-01
  4.0443e+01   4.04e-01
  4.1982e+01   3.87e-01
  4.3579e+01   3.72e-01
  4.5237e+01   3.57e-01
  4.6958e+01   3.42e-01
  4.8744e+01   3.28e-01
  5.0598e+01   3.15e-01
  5.2523e+01   3.02e-01
  5.4521e+01   2.90e-01
  5.6596e+01   2.78e-01
  5.8749e+01   2.67e-01
  6.0984e+01   2.56e-01
  6.3304e+01   2.45e-01
  6.5712e+01   2.35e-01
  6.8212e+01   2.25e-01
  7.0807e+01   2.16e-01
  7.3500e+01   2.07e-01
  7.6297e+01   1.98e-01
  7.9199e+01   1.90e-01
  8.2212e+01   1.82e-01
  8.5340e+01   1.74e-01
  8.8586e+01   1.67e-01
  9.1956e+01   1.60e-01
  9.5455e+01   1.53e-01
  9.9086e+01   1.47e-01
  1.0286e+02   1.40e-01
  1.0677e+02   1.34e-01
  1.1083e+02   1.29e-01
  1.1505e+02   1.23e-01
  1.1942e+02   1.18e-01
  1.2397e+02   1.12e-01
  1.2868e+02   1.08e-01
  1.3358e+02   1.03e-01
  1.3866e+02   9.82e-02
  1.4394e+02   9.39e-02
  1.4941e+02   8.97e-02
  1.5509e+02   8.56e-02
  1.6100e+02   8.17e-02
  1.6712e+02   7.80e-02
  1.7348e+02   7.44e-02
  1.8008e+02   7.10e-02
  1.8693e+02   6.77e-02
  1.9404e+02   6.45e-02
  2.0142e+02   6.15e-02
  2.0908e+02   5.86e-02
  2.1704e+02   5.58e-02
  2.2529e+02   5.31e-02
  2.3387e+02   5.06e-02
  2.4276e+02   4.81e-02
  2.5200e+02   4.58e-02
  2.6158e+02   4.35e-02
  2.7154e+02   4.14e-02
  2.8187e+02   3.93e-02
  2.9259e+02   3.73e-02
  3.0372e+02   3.54e-02
  3.1527e+02   3.36e-02
  3.2727e+02   3.19e-02
  3.3972e+02   3.02e-02
  3.5264e+02   2.87e-02
  3.6606e+02   2.71e-02
  3.7998e+02   2.57e-02
  3.9444e+02   2.43e-02
  4.0945e+02   2.30e-02
  4.2502e+02   2.17e-02
  4.4119e+02   2.06e-02
  4.5798e+02   1.94e-02
  4.7540e+02   1.83e-02
  4.9348e+02   1.73e-02
  5.1226e+02   1.63e-02
  5.3175e+02   1.54e-02
  5.5198e+02   1.45e-02
  5.7297e+02   1.37e-02
  5.9477e+02   1.29e-02
  6.1740e+02   1.21e-02
  6.4089e+02   1.14e-02
  6.6527e+02   1.07e-02
  6.9058e+02   1.01e-02
  7.1685e+02   9.47e-03
  7.4412e+02   8.89e-03
  7.7243e+02   8.35e-03
  8.0181e+02   7.83e-03
  8.3232e+02   7.34e-03
  8.6398e+02   6.88e-03
  8.9685e+02   6.45e-03
  9.3097e+02   6.04e-03
  9.6638e+02   5.66e-03
  1.0031e+03   5.30e-03
  1.0413e+03   4.95e-03
  1.0809e+03   4.63e-03
  1.1220e+03   4.33e-03
  1.1647e+03   4.05e-03
  1.2090e+03   3.78e-03
  1.2550e+03   3.53e-03
  1.3028e+03   3.29e-03
  1.3523e+03   3.07e-03
  1.4038e+03   2.86e-03
  1.4572e+03   2.66e-03
  1.5126e+03   2.48e-03
  1.5702e+03   2.31e-03
  1.6299e+03   2.15e-03
  1.6919e+03   2.00e-03
  1.7563e+03   1.85e-03
  1.8231e+03   1.72e-03
  1.8925e+03   1.60e-03
  1.9645e+03   1.48e-03
  2.0392e+03   1.37e-03
  2.1168e+03   1.27e-03
  2.1973e+03   1.18e-03
  2.2809e+03   1.09e-03
  2.3677e+03   1.01e-03
  2.4577e+03   9.34e-04
  2.5512e+03   8.63e-04
  2.6483e+03   7.97e-04
  2.7490e+03   7.34e-04
  2.8536e+03   6.77e-04
  2.9622e+03   6.23e-04
  3.0749e+03   5.73e-04
  3.1918e+03   5.27e-04
  3.3133e+03   4.85e-04
  3.4393e+03   4.45e-04
  3.5702e+03   4.08e-04
  3.7060e+03   3.74e-04
  3.8470e+03   3.43e-04
  3.9933e+03   3.13e-04
  4.1452e+03   2.87e-04
  4.3029e+03   2.62e-04
  4.4666e+03   2.39e-04
  4.6366e+03   2.18e-04
  4.8129e+03   1.98e-04
  4.9960e+03   1.80e-04
  5.1861e+03   1.64e-04
  5.3834e+03   1.49e-04
  5.5882e+03   1.34e-04
  5.8008e+03   1.22e-04
  6.0215e+03   1.10e-04
  6.2506e+03   9.91e-05
  6.4883e+03   8.96e-05
  6.7352e+03   8.06e-05
  6.9914e+03   7.23e-05
  7.2574e+03   6.50e-05
  7.5335e+03   5.83e-05
  7.8201e+03   5.20e-05
  8.1176e+03   4.65e-05
  8.4264e+03   4.15e-05
  8.7470e+03   3.68e-05
  9.0797e+03   3.27e-05
  9.4251e+03   2.90e-05
  9.7837e+03   2.56e-05
  1.0156e+04   2.26e-05
  1.0542e+04   1.99e-05
  1.0943e+04   1.74e-05
  1.1360e+04   1.52e-05
  1.1792e+04   1.33e-05
  1.2240e+04   1.16e-05
  1.2706e+04   1.00e-05
  1.3189e+04   8.67e-06
  1.3691e+04   7.45e-06
  1.4212e+04   6.37e-06
  1.4753e+04   5.46e-06
  1.5314e+04   4.63e-06
  1.5897e+04   3.90e-06
  1.6501e+04   3.30e-06
  1.7129e+04   2.76e-06
  1.7781e+04   2.28e-06
  1.8457e+04   1.90e-06
  1.9159e+04   1.55e-06
  1.9888e+04   1.25e-06
  2.0645e+04   1.01e-06
  2.1430e+04   8.06e-07
  2.2245e+04   6.25e-07
  2.3092e+04   4.90e-07
  2.3970e+04   3.75e-07
  2.4882e+04   2.77e-07
  2.5829e+04   2.06e-07
  2.6811e+04   1.49e-07
  2.7831e+04   1.02e-07
  2.8890e+04   7.02e-08
  2.9989e+04   4.61e-08
  3.1130e+04   2.85e-08
  3.2314e+04   1.70e-08
  3.3544e+04   9.53e-09
  3.4820e+04   4.85e-09
  3.6144e+04   2.27e-09
  3.7519e+04   9.50e-10
  3.8947e+04   3.36e-10
  4.0428e+04   1.00e-10
  4.1966e+04   2.41e-11
  4.3563e+04   4.22e-12
  4.5220e+04   5.10e-13
  4.6941e+04   3.82e-14
  4.8726e+04   1.49e-15
  5.0580e+04   2.53e-17
