#  E [MeV]   Flux [# cm^{-2} s^{-1}  MeV^{-1}]
  3.0000e+04   3.89e-27
  3.1232e+04   3.74e-27
  3.2514e+04   3.60e-27
  3.3849e+04   3.46e-27
  3.5238e+04   3.32e-27
  3.6685e+04   3.19e-27
  3.8191e+04   3.07e-27
  3.9759e+04   2.95e-27
  4.1391e+04   2.83e-27
  4.3090e+04   2.72e-27
  4.4859e+04   2.61e-27
  4.6701e+04   2.50e-27
  4.8618e+04   2.40e-27
  5.0614e+04   2.30e-27
  5.2692e+04   2.21e-27
  5.4855e+04   2.12e-27
  5.7107e+04   2.03e-27
  5.9451e+04   1.94e-27
  6.1892e+04   1.86e-27
  6.4433e+04   1.78e-27
  6.7078e+04   1.71e-27
  6.9832e+04   1.64e-27
  7.2699e+04   1.56e-27
  7.5683e+04   1.50e-27
  7.8790e+04   1.43e-27
  8.2025e+04   1.37e-27
  8.5392e+04   1.31e-27
  8.8898e+04   1.25e-27
  9.2547e+04   1.20e-27
  9.6347e+04   1.14e-27
  1.0030e+05   1.09e-27
  1.0442e+05   1.04e-27
  1.0871e+05   9.96e-28
  1.1317e+05   9.50e-28
  1.1782e+05   9.06e-28
  1.2265e+05   8.64e-28
  1.2769e+05   8.24e-28
  1.3293e+05   7.86e-28
  1.3839e+05   7.48e-28
  1.4407e+05   7.13e-28
  1.4998e+05   6.79e-28
  1.5614e+05   6.46e-28
  1.6255e+05   6.15e-28
  1.6922e+05   5.85e-28
  1.7617e+05   5.56e-28
  1.8340e+05   5.28e-28
  1.9093e+05   5.02e-28
  1.9877e+05   4.76e-28
  2.0693e+05   4.52e-28
  2.1543e+05   4.29e-28
  2.2427e+05   4.07e-28
  2.3348e+05   3.86e-28
  2.4306e+05   3.66e-28
  2.5304e+05   3.46e-28
  2.6343e+05   3.28e-28
  2.7424e+05   3.10e-28
  2.8550e+05   2.93e-28
  2.9722e+05   2.77e-28
  3.0942e+05   2.62e-28
  3.2213e+05   2.47e-28
  3.3535e+05   2.33e-28
  3.4912e+05   2.20e-28
  3.6345e+05   2.07e-28
  3.7837e+05   1.95e-28
  3.9390e+05   1.84e-28
  4.1008e+05   1.73e-28
  4.2691e+05   1.63e-28
  4.4444e+05   1.53e-28
  4.6268e+05   1.44e-28
  4.8168e+05   1.36e-28
  5.0145e+05   1.27e-28
  5.2204e+05   1.20e-28
  5.4347e+05   1.12e-28
  5.6578e+05   1.06e-28
  5.8901e+05   9.91e-29
  6.1319e+05   9.30e-29
  6.3836e+05   8.74e-29
  6.6457e+05   8.20e-29
  6.9185e+05   7.70e-29
  7.2025e+05   7.24e-29
  7.4982e+05   6.80e-29
  7.8061e+05   6.39e-29
  8.1265e+05   6.01e-29
  8.4601e+05   5.65e-29
  8.8075e+05   5.32e-29
  9.1690e+05   5.01e-29
  9.5455e+05   4.72e-29
  9.9373e+05   4.45e-29
  1.0345e+06   4.20e-29
  1.0770e+06   3.96e-29
  1.1212e+06   3.75e-29
  1.1672e+06   3.55e-29
  1.2152e+06   3.36e-29
  1.2650e+06   3.18e-29
  1.3170e+06   3.02e-29
  1.3711e+06   2.87e-29
  1.4273e+06   2.72e-29
  1.4859e+06   2.59e-29
  1.5469e+06   2.47e-29
  1.6104e+06   2.35e-29
  1.6766e+06   2.24e-29
  1.7454e+06   2.14e-29
  1.8170e+06   2.04e-29
  1.8916e+06   1.95e-29
  1.9693e+06   1.87e-29
  2.0501e+06   1.79e-29
  2.1343e+06   1.71e-29
  2.2219e+06   1.64e-29
  2.3131e+06   1.58e-29
  2.4081e+06   1.51e-29
  2.5070e+06   1.45e-29
  2.6099e+06   1.40e-29
  2.7170e+06   1.34e-29
  2.8286e+06   1.29e-29
  2.9447e+06   1.24e-29
  3.0656e+06   1.19e-29
  3.1914e+06   1.14e-29
  3.3225e+06   1.09e-29
  3.4589e+06   1.05e-29
  3.6008e+06   1.01e-29
  3.7487e+06   9.64e-30
  3.9026e+06   9.24e-30
  4.0628e+06   8.84e-30
  4.2296e+06   8.45e-30
  4.4032e+06   8.07e-30
  4.5840e+06   7.71e-30
  4.7722e+06   7.35e-30
  4.9681e+06   6.99e-30
  5.1720e+06   6.64e-30
  5.3844e+06   6.30e-30
  5.6054e+06   5.97e-30
  5.8355e+06   5.64e-30
  6.0751e+06   5.31e-30
  6.3245e+06   4.99e-30
  6.5841e+06   4.68e-30
  6.8544e+06   4.38e-30
  7.1358e+06   4.08e-30
  7.4288e+06   3.78e-30
  7.7338e+06   3.50e-30
  8.0513e+06   3.22e-30
  8.3818e+06   2.95e-30
  8.7259e+06   2.69e-30
  9.0841e+06   2.44e-30
  9.4571e+06   2.20e-30
  9.8453e+06   1.97e-30
  1.0249e+07   1.75e-30
  1.0670e+07   1.54e-30
  1.1108e+07   1.35e-30
  1.1564e+07   1.16e-30
  1.2039e+07   9.95e-31
  1.2533e+07   8.40e-31
  1.3048e+07   7.00e-31
  1.3584e+07   5.74e-31
  1.4141e+07   4.63e-31
  1.4722e+07   3.66e-31
  1.5326e+07   2.83e-31
  1.5955e+07   2.14e-31
  1.6610e+07   1.57e-31
  1.7292e+07   1.12e-31
  1.8002e+07   7.66e-32
  1.8741e+07   5.04e-32
  1.9511e+07   3.16e-32
  2.0312e+07   1.87e-32
  2.1145e+07   1.04e-32
  2.2013e+07   5.39e-33
  2.2917e+07   2.55e-33
  2.3858e+07   1.09e-33
  2.4837e+07   4.14e-34
  2.5857e+07   1.36e-34
  2.6919e+07   3.77e-35
  2.8024e+07   8.50e-36
  2.9174e+07   1.50e-36
  3.0372e+07   1.95e-37
  3.1619e+07   1.77e-38
  3.2917e+07   1.02e-39
  3.4268e+07   3.35e-41
  3.5675e+07   5.48e-43
  3.7140e+07   3.74e-45
  3.8664e+07   8.44e-48
  4.0252e+07   4.62e-51
  4.1904e+07   4.09e-55
  4.3624e+07   3.39e-60
  4.5415e+07   1.26e-66
  4.7280e+07   6.08e-71
  4.9221e+07   5.37e-71
  5.1241e+07   4.73e-71
  5.3345e+07   4.12e-71
  5.5535e+07   3.60e-71
  5.7815e+07   3.12e-71
  6.0188e+07   2.68e-71
  6.2659e+07   2.32e-71
  6.5232e+07   1.99e-71
  6.7910e+07   1.68e-71
  7.0698e+07   1.46e-71
  7.3600e+07   1.25e-71
  7.6621e+07   1.06e-71
  7.9767e+07   9.33e-72
  8.3042e+07   8.12e-72
  8.6451e+07   7.13e-72
  9.0000e+07   6.51e-72
