#  E [GeV]   # per interaction  [GeV^{-1}]
  3.0000e+01   1.16e+00
  3.1141e+01   1.11e+00
  3.2326e+01   1.06e+00
  3.3556e+01   1.01e+00
  3.4832e+01   9.67e-01
  3.6157e+01   9.23e-01
  3.7533e+01   8.82e-01
  3.8961e+01   8.42e-01
  4.0443e+01   8.03e-01
  4.1982e+01   7.67e-01
  4.3579e+01   7.32e-01
  4.5237e+01   6.98e-01
  4.6958e+01   6.66e-01
  4.8744e+01   6.35e-01
  5.0598e+01   6.06e-01
  5.2523e+01   5.77e-01
  5.4521e+01   5.50e-01
  5.6596e+01   5.25e-01
  5.8749e+01   5.00e-01
  6.0984e+01   4.77e-01
  6.3304e+01   4.54e-01
  6.5712e+01   4.33e-01
  6.8212e+01   4.12e-01
  7.0807e+01   3.93e-01
  7.3500e+01   3.74e-01
  7.6297e+01   3.56e-01
  7.9199e+01   3.39e-01
  8.2212e+01   3.23e-01
  8.5340e+01   3.07e-01
  8.8586e+01   2.92e-01
  9.1956e+01   2.78e-01
  9.5455e+01   2.64e-01
  9.9086e+01   2.51e-01
  1.0286e+02   2.39e-01
  1.0677e+02   2.27e-01
  1.1083e+02   2.16e-01
  1.1505e+02   2.06e-01
  1.1942e+02   1.95e-01
  1.2397e+02   1.86e-01
  1.2868e+02   1.76e-01
  1.3358e+02   1.68e-01
  1.3866e+02   1.59e-01
  1.4394e+02   1.51e-01
  1.4941e+02   1.44e-01
  1.5509e+02   1.36e-01
  1.6100e+02   1.30e-01
  1.6712e+02   1.23e-01
  1.7348e+02   1.17e-01
  1.8008e+02   1.11e-01
  1.8693e+02   1.05e-01
  1.9404e+02   9.98e-02
  2.0142e+02   9.46e-02
  2.0908e+02   8.98e-02
  2.1704e+02   8.51e-02
  2.2529e+02   8.07e-02
  2.3387e+02   7.65e-02
  2.4276e+02   7.25e-02
  2.5200e+02   6.87e-02
  2.6158e+02   6.51e-02
  2.7154e+02   6.17e-02
  2.8187e+02   5.84e-02
  2.9259e+02   5.53e-02
  3.0372e+02   5.23e-02
  3.1527e+02   4.95e-02
  3.2727e+02   4.69e-02
  3.3972e+02   4.43e-02
  3.5264e+02   4.19e-02
  3.6606e+02   3.96e-02
  3.7998e+02   3.74e-02
  3.9444e+02   3.53e-02
  4.0945e+02   3.34e-02
  4.2502e+02   3.15e-02
  4.4119e+02   2.97e-02
  4.5798e+02   2.80e-02
  4.7540e+02   2.64e-02
  4.9348e+02   2.49e-02
  5.1226e+02   2.34e-02
  5.3175e+02   2.21e-02
  5.5198e+02   2.08e-02
  5.7297e+02   1.95e-02
  5.9477e+02   1.83e-02
  6.1740e+02   1.72e-02
  6.4089e+02   1.62e-02
  6.6527e+02   1.52e-02
  6.9058e+02   1.42e-02
  7.1685e+02   1.33e-02
  7.4412e+02   1.25e-02
  7.7243e+02   1.17e-02
  8.0181e+02   1.09e-02
  8.3232e+02   1.02e-02
  8.6398e+02   9.55e-03
  8.9685e+02   8.93e-03
  9.3097e+02   8.35e-03
  9.6638e+02   7.81e-03
  1.0031e+03   7.29e-03
  1.0413e+03   6.81e-03
  1.0809e+03   6.36e-03
  1.1220e+03   5.93e-03
  1.1647e+03   5.54e-03
  1.2090e+03   5.16e-03
  1.2550e+03   4.81e-03
  1.3028e+03   4.48e-03
  1.3523e+03   4.17e-03
  1.4038e+03   3.87e-03
  1.4572e+03   3.60e-03
  1.5126e+03   3.34e-03
  1.5702e+03   3.10e-03
  1.6299e+03   2.88e-03
  1.6919e+03   2.66e-03
  1.7563e+03   2.47e-03
  1.8231e+03   2.28e-03
  1.8925e+03   2.11e-03
  1.9645e+03   1.95e-03
  2.0392e+03   1.80e-03
  2.1168e+03   1.66e-03
  2.1973e+03   1.53e-03
  2.2809e+03   1.41e-03
  2.3677e+03   1.30e-03
  2.4577e+03   1.19e-03
  2.5512e+03   1.09e-03
  2.6483e+03   1.00e-03
  2.7490e+03   9.19e-04
  2.8536e+03   8.40e-04
  2.9622e+03   7.69e-04
  3.0749e+03   7.01e-04
  3.1918e+03   6.39e-04
  3.3133e+03   5.82e-04
  3.4393e+03   5.29e-04
  3.5702e+03   4.80e-04
  3.7060e+03   4.36e-04
  3.8470e+03   3.95e-04
  3.9933e+03   3.57e-04
  4.1452e+03   3.23e-04
  4.3029e+03   2.91e-04
  4.4666e+03   2.62e-04
  4.6366e+03   2.36e-04
  4.8129e+03   2.12e-04
  4.9960e+03   1.89e-04
  5.1861e+03   1.70e-04
  5.3834e+03   1.52e-04
  5.5882e+03   1.35e-04
  5.8008e+03   1.20e-04
  6.0215e+03   1.07e-04
  6.2506e+03   9.42e-05
  6.4883e+03   8.36e-05
  6.7352e+03   7.39e-05
  6.9914e+03   6.48e-05
  7.2574e+03   5.72e-05
  7.5335e+03   5.03e-05
  7.8201e+03   4.39e-05
  8.1176e+03   3.85e-05
  8.4264e+03   3.37e-05
  8.7470e+03   2.92e-05
  9.0797e+03   2.54e-05
  9.4251e+03   2.21e-05
  9.7837e+03   1.90e-05
  1.0156e+04   1.64e-05
  1.0542e+04   1.42e-05
  1.0943e+04   1.21e-05
  1.1360e+04   1.04e-05
  1.1792e+04   8.91e-06
  1.2240e+04   7.56e-06
  1.2706e+04   6.40e-06
  1.3189e+04   5.47e-06
  1.3691e+04   4.61e-06
  1.4212e+04   3.86e-06
  1.4753e+04   3.27e-06
  1.5314e+04   2.74e-06
  1.5897e+04   2.26e-06
  1.6501e+04   1.91e-06
  1.7129e+04   1.58e-06
  1.7781e+04   1.29e-06
  1.8457e+04   1.08e-06
  1.9159e+04   8.84e-07
  1.9888e+04   7.11e-07
  2.0645e+04   5.87e-07
  2.1430e+04   4.75e-07
  2.2245e+04   3.76e-07
  2.3092e+04   3.05e-07
  2.3970e+04   2.43e-07
  2.4882e+04   1.89e-07
  2.5829e+04   1.49e-07
  2.6811e+04   1.15e-07
  2.7831e+04   8.70e-08
  2.8890e+04   6.54e-08
  2.9989e+04   4.81e-08
  3.1130e+04   3.39e-08
  3.2314e+04   2.35e-08
  3.3544e+04   1.56e-08
  3.4820e+04   9.81e-09
  3.6144e+04   5.79e-09
  3.7519e+04   3.16e-09
  3.8947e+04   1.55e-09
  4.0428e+04   6.66e-10
  4.1966e+04   2.44e-10
  4.3563e+04   7.21e-11
  4.5220e+04   1.63e-11
  4.6941e+04   2.59e-12
  4.8726e+04   2.62e-13
  5.0580e+04   1.48e-14
