#  E [MeV]   Flux [# cm^{-2} s^{-1}  MeV^{-1}]
  3.0000e+04   4.62e-24
  3.1141e+04   4.42e-24
  3.2326e+04   4.23e-24
  3.3556e+04   4.04e-24
  3.4832e+04   3.86e-24
  3.6157e+04   3.69e-24
  3.7533e+04   3.53e-24
  3.8961e+04   3.37e-24
  4.0443e+04   3.22e-24
  4.1982e+04   3.08e-24
  4.3579e+04   2.94e-24
  4.5237e+04   2.80e-24
  4.6958e+04   2.68e-24
  4.8744e+04   2.56e-24
  5.0598e+04   2.44e-24
  5.2523e+04   2.33e-24
  5.4521e+04   2.22e-24
  5.6596e+04   2.12e-24
  5.8749e+04   2.02e-24
  6.0984e+04   1.93e-24
  6.3304e+04   1.84e-24
  6.5712e+04   1.75e-24
  6.8212e+04   1.67e-24
  7.0807e+04   1.59e-24
  7.3500e+04   1.51e-24
  7.6297e+04   1.44e-24
  7.9199e+04   1.37e-24
  8.2212e+04   1.31e-24
  8.5340e+04   1.25e-24
  8.8586e+04   1.19e-24
  9.1956e+04   1.13e-24
  9.5455e+04   1.07e-24
  9.9086e+04   1.02e-24
  1.0286e+05   9.71e-25
  1.0677e+05   9.24e-25
  1.1083e+05   8.79e-25
  1.1505e+05   8.35e-25
  1.1942e+05   7.94e-25
  1.2397e+05   7.54e-25
  1.2868e+05   7.17e-25
  1.3358e+05   6.81e-25
  1.3866e+05   6.47e-25
  1.4394e+05   6.14e-25
  1.4941e+05   5.83e-25
  1.5509e+05   5.53e-25
  1.6100e+05   5.25e-25
  1.6712e+05   4.98e-25
  1.7348e+05   4.72e-25
  1.8008e+05   4.48e-25
  1.8693e+05   4.24e-25
  1.9404e+05   4.02e-25
  2.0142e+05   3.81e-25
  2.0908e+05   3.61e-25
  2.1704e+05   3.42e-25
  2.2529e+05   3.23e-25
  2.3387e+05   3.06e-25
  2.4276e+05   2.90e-25
  2.5200e+05   2.74e-25
  2.6158e+05   2.59e-25
  2.7154e+05   2.45e-25
  2.8187e+05   2.31e-25
  2.9259e+05   2.18e-25
  3.0372e+05   2.06e-25
  3.1527e+05   1.94e-25
  3.2727e+05   1.83e-25
  3.3972e+05   1.73e-25
  3.5264e+05   1.63e-25
  3.6606e+05   1.54e-25
  3.7998e+05   1.45e-25
  3.9444e+05   1.36e-25
  4.0945e+05   1.28e-25
  4.2502e+05   1.20e-25
  4.4119e+05   1.13e-25
  4.5798e+05   1.06e-25
  4.7540e+05   9.98e-26
  4.9348e+05   9.36e-26
  5.1226e+05   8.78e-26
  5.3175e+05   8.24e-26
  5.5198e+05   7.72e-26
  5.7297e+05   7.23e-26
  5.9477e+05   6.77e-26
  6.1740e+05   6.34e-26
  6.4089e+05   5.93e-26
  6.6527e+05   5.55e-26
  6.9058e+05   5.19e-26
  7.1685e+05   4.85e-26
  7.4412e+05   4.53e-26
  7.7243e+05   4.22e-26
  8.0181e+05   3.94e-26
  8.3232e+05   3.68e-26
  8.6398e+05   3.43e-26
  8.9685e+05   3.19e-26
  9.3097e+05   2.97e-26
  9.6638e+05   2.77e-26
  1.0031e+06   2.57e-26
  1.0413e+06   2.39e-26
  1.0809e+06   2.22e-26
  1.1220e+06   2.06e-26
  1.1647e+06   1.92e-26
  1.2090e+06   1.78e-26
  1.2550e+06   1.65e-26
  1.3028e+06   1.53e-26
  1.3523e+06   1.41e-26
  1.4038e+06   1.31e-26
  1.4572e+06   1.21e-26
  1.5126e+06   1.12e-26
  1.5702e+06   1.03e-26
  1.6299e+06   9.50e-27
  1.6919e+06   8.76e-27
  1.7563e+06   8.06e-27
  1.8231e+06   7.42e-27
  1.8925e+06   6.83e-27
  1.9645e+06   6.27e-27
  2.0392e+06   5.76e-27
  2.1168e+06   5.28e-27
  2.1973e+06   4.84e-27
  2.2809e+06   4.43e-27
  2.3677e+06   4.06e-27
  2.4577e+06   3.71e-27
  2.5512e+06   3.38e-27
  2.6483e+06   3.09e-27
  2.7490e+06   2.81e-27
  2.8536e+06   2.56e-27
  2.9622e+06   2.33e-27
  3.0749e+06   2.11e-27
  3.1918e+06   1.91e-27
  3.3133e+06   1.74e-27
  3.4393e+06   1.57e-27
  3.5702e+06   1.42e-27
  3.7060e+06   1.28e-27
  3.8470e+06   1.16e-27
  3.9933e+06   1.04e-27
  4.1452e+06   9.38e-28
  4.3029e+06   8.42e-28
  4.4666e+06   7.54e-28
  4.6366e+06   6.78e-28
  4.8129e+06   6.07e-28
  4.9960e+06   5.40e-28
  5.1861e+06   4.84e-28
  5.3834e+06   4.31e-28
  5.5882e+06   3.82e-28
  5.8008e+06   3.41e-28
  6.0215e+06   3.03e-28
  6.2506e+06   2.67e-28
  6.4883e+06   2.37e-28
  6.7352e+06   2.10e-28
  6.9914e+06   1.84e-28
  7.2574e+06   1.63e-28
  7.5335e+06   1.43e-28
  7.8201e+06   1.25e-28
  8.1176e+06   1.10e-28
  8.4264e+06   9.68e-29
  8.7470e+06   8.42e-29
  9.0797e+06   7.37e-29
  9.4251e+06   6.45e-29
  9.7837e+06   5.59e-29
  1.0156e+07   4.86e-29
  1.0542e+07   4.23e-29
  1.0943e+07   3.65e-29
  1.1360e+07   3.15e-29
  1.1792e+07   2.74e-29
  1.2240e+07   2.35e-29
  1.2706e+07   2.02e-29
  1.3189e+07   1.75e-29
  1.3691e+07   1.50e-29
  1.4212e+07   1.28e-29
  1.4753e+07   1.10e-29
  1.5314e+07   9.40e-30
  1.5897e+07   7.97e-30
  1.6501e+07   6.85e-30
  1.7129e+07   5.82e-30
  1.7781e+07   4.90e-30
  1.8457e+07   4.19e-30
  1.9159e+07   3.53e-30
  1.9888e+07   2.95e-30
  2.0645e+07   2.50e-30
  2.1430e+07   2.09e-30
  2.2245e+07   1.73e-30
  2.3092e+07   1.44e-30
  2.3970e+07   1.19e-30
  2.4882e+07   9.59e-31
  2.5829e+07   7.76e-31
  2.6811e+07   6.17e-31
  2.7831e+07   4.79e-31
  2.8890e+07   3.66e-31
  2.9989e+07   2.72e-31
  3.1130e+07   1.94e-31
  3.2314e+07   1.34e-31
  3.3544e+07   8.84e-32
  3.4820e+07   5.45e-32
  3.6144e+07   3.13e-32
  3.7519e+07   1.64e-32
  3.8947e+07   7.64e-33
  4.0428e+07   3.07e-33
  4.1966e+07   1.02e-33
  4.3563e+07   2.70e-34
  4.5220e+07   5.26e-35
  4.6941e+07   6.98e-36
  4.8726e+07   5.61e-37
  5.0580e+07   2.36e-38
