#  E [GeV]   # per interaction  [GeV^{-1}]
  3.0000e+01   2.74e-02
  3.1141e+01   2.63e-02
  3.2326e+01   2.53e-02
  3.3556e+01   2.43e-02
  3.4832e+01   2.34e-02
  3.6157e+01   2.25e-02
  3.7533e+01   2.16e-02
  3.8961e+01   2.08e-02
  4.0443e+01   2.00e-02
  4.1982e+01   1.92e-02
  4.3579e+01   1.84e-02
  4.5237e+01   1.77e-02
  4.6958e+01   1.70e-02
  4.8744e+01   1.63e-02
  5.0598e+01   1.56e-02
  5.2523e+01   1.50e-02
  5.4521e+01   1.44e-02
  5.6596e+01   1.38e-02
  5.8749e+01   1.32e-02
  6.0984e+01   1.26e-02
  6.3304e+01   1.21e-02
  6.5712e+01   1.16e-02
  6.8212e+01   1.11e-02
  7.0807e+01   1.06e-02
  7.3500e+01   1.02e-02
  7.6297e+01   9.73e-03
  7.9199e+01   9.31e-03
  8.2212e+01   8.90e-03
  8.5340e+01   8.51e-03
  8.8586e+01   8.13e-03
  9.1956e+01   7.77e-03
  9.5455e+01   7.42e-03
  9.9086e+01   7.09e-03
  1.0286e+02   6.77e-03
  1.0677e+02   6.46e-03
  1.1083e+02   6.16e-03
  1.1505e+02   5.88e-03
  1.1942e+02   5.60e-03
  1.2397e+02   5.34e-03
  1.2868e+02   5.09e-03
  1.3358e+02   4.85e-03
  1.3866e+02   4.62e-03
  1.4394e+02   4.40e-03
  1.4941e+02   4.19e-03
  1.5509e+02   3.99e-03
  1.6100e+02   3.79e-03
  1.6712e+02   3.60e-03
  1.7348e+02   3.43e-03
  1.8008e+02   3.26e-03
  1.8693e+02   3.09e-03
  1.9404e+02   2.94e-03
  2.0142e+02   2.79e-03
  2.0908e+02   2.65e-03
  2.1704e+02   2.51e-03
  2.2529e+02   2.38e-03
  2.3387e+02   2.26e-03
  2.4276e+02   2.14e-03
  2.5200e+02   2.03e-03
  2.6158e+02   1.92e-03
  2.7154e+02   1.82e-03
  2.8187e+02   1.72e-03
  2.9259e+02   1.63e-03
  3.0372e+02   1.54e-03
  3.1527e+02   1.45e-03
  3.2727e+02   1.37e-03
  3.3972e+02   1.30e-03
  3.5264e+02   1.22e-03
  3.6606e+02   1.15e-03
  3.7998e+02   1.09e-03
  3.9444e+02   1.03e-03
  4.0945e+02   9.68e-04
  4.2502e+02   9.12e-04
  4.4119e+02   8.59e-04
  4.5798e+02   8.09e-04
  4.7540e+02   7.61e-04
  4.9348e+02   7.16e-04
  5.1226e+02   6.74e-04
  5.3175e+02   6.34e-04
  5.5198e+02   5.95e-04
  5.7297e+02   5.60e-04
  5.9477e+02   5.26e-04
  6.1740e+02   4.94e-04
  6.4089e+02   4.64e-04
  6.6527e+02   4.35e-04
  6.9058e+02   4.08e-04
  7.1685e+02   3.83e-04
  7.4412e+02   3.59e-04
  7.7243e+02   3.37e-04
  8.0181e+02   3.16e-04
  8.3232e+02   2.96e-04
  8.6398e+02   2.78e-04
  8.9685e+02   2.61e-04
  9.3097e+02   2.45e-04
  9.6638e+02   2.29e-04
  1.0031e+03   2.15e-04
  1.0413e+03   2.02e-04
  1.0809e+03   1.89e-04
  1.1220e+03   1.77e-04
  1.1647e+03   1.67e-04
  1.2090e+03   1.56e-04
  1.2550e+03   1.47e-04
  1.3028e+03   1.38e-04
  1.3523e+03   1.29e-04
  1.4038e+03   1.21e-04
  1.4572e+03   1.14e-04
  1.5126e+03   1.07e-04
  1.5702e+03   1.00e-04
  1.6299e+03   9.45e-05
  1.6919e+03   8.88e-05
  1.7563e+03   8.35e-05
  1.8231e+03   7.85e-05
  1.8925e+03   7.38e-05
  1.9645e+03   6.94e-05
  2.0392e+03   6.54e-05
  2.1168e+03   6.16e-05
  2.1973e+03   5.79e-05
  2.2809e+03   5.46e-05
  2.3677e+03   5.14e-05
  2.4577e+03   4.84e-05
  2.5512e+03   4.56e-05
  2.6483e+03   4.30e-05
  2.7490e+03   4.06e-05
  2.8536e+03   3.83e-05
  2.9622e+03   3.61e-05
  3.0749e+03   3.41e-05
  3.1918e+03   3.22e-05
  3.3133e+03   3.04e-05
  3.4393e+03   2.86e-05
  3.5702e+03   2.71e-05
  3.7060e+03   2.56e-05
  3.8470e+03   2.41e-05
  3.9933e+03   2.28e-05
  4.1452e+03   2.15e-05
  4.3029e+03   2.03e-05
  4.4666e+03   1.92e-05
  4.6366e+03   1.81e-05
  4.8129e+03   1.71e-05
  4.9960e+03   1.62e-05
  5.1861e+03   1.53e-05
  5.3834e+03   1.44e-05
  5.5882e+03   1.36e-05
  5.8008e+03   1.28e-05
  6.0215e+03   1.21e-05
  6.2506e+03   1.14e-05
  6.4883e+03   1.07e-05
  6.7352e+03   1.01e-05
  6.9914e+03   9.52e-06
  7.2574e+03   8.95e-06
  7.5335e+03   8.41e-06
  7.8201e+03   7.89e-06
  8.1176e+03   7.40e-06
  8.4264e+03   6.93e-06
  8.7470e+03   6.47e-06
  9.0797e+03   6.04e-06
  9.4251e+03   5.63e-06
  9.7837e+03   5.23e-06
  1.0156e+04   4.86e-06
  1.0542e+04   4.50e-06
  1.0943e+04   4.15e-06
  1.1360e+04   3.82e-06
  1.1792e+04   3.51e-06
  1.2240e+04   3.21e-06
  1.2706e+04   2.92e-06
  1.3189e+04   2.65e-06
  1.3691e+04   2.39e-06
  1.4212e+04   2.14e-06
  1.4753e+04   1.91e-06
  1.5314e+04   1.69e-06
  1.5897e+04   1.48e-06
  1.6501e+04   1.29e-06
  1.7129e+04   1.11e-06
  1.7781e+04   9.47e-07
  1.8457e+04   7.96e-07
  1.9159e+04   6.60e-07
  1.9888e+04   5.37e-07
  2.0645e+04   4.29e-07
  2.1430e+04   3.36e-07
  2.2245e+04   2.56e-07
  2.3092e+04   1.89e-07
  2.3970e+04   1.35e-07
  2.4882e+04   9.30e-08
  2.5829e+04   6.09e-08
  2.6811e+04   3.78e-08
  2.7831e+04   2.19e-08
  2.8890e+04   1.18e-08
  2.9989e+04   5.77e-09
  3.1130e+04   2.52e-09
  3.2314e+04   9.65e-10
  3.3544e+04   3.13e-10
  3.4820e+04   8.33e-11
  3.6144e+04   1.73e-11
  3.7519e+04   2.66e-12
  3.8947e+04   2.80e-13
  4.0428e+04   1.84e-14
  4.1966e+04   6.66e-16
  4.3563e+04   1.13e-17
  4.5220e+04   7.30e-20
  4.6941e+04   1.35e-22
  4.8726e+04   4.91e-26
  5.0580e+04   2.12e-30
