#  E [MeV]   Flux [# cm^{-2} s^{-1}  MeV^{-1}]
  3.0000e+04   1.65e-19
  3.0589e+04   1.60e-19
  3.1190e+04   1.54e-19
  3.1803e+04   1.48e-19
  3.2428e+04   1.43e-19
  3.3065e+04   1.38e-19
  3.3714e+04   1.33e-19
  3.4376e+04   1.28e-19
  3.5052e+04   1.23e-19
  3.5740e+04   1.19e-19
  3.6442e+04   1.14e-19
  3.7158e+04   1.10e-19
  3.7888e+04   1.06e-19
  3.8632e+04   1.02e-19
  3.9391e+04   9.81e-20
  4.0165e+04   9.44e-20
  4.0954e+04   9.07e-20
  4.1758e+04   8.72e-20
  4.2579e+04   8.38e-20
  4.3415e+04   8.06e-20
  4.4268e+04   7.74e-20
  4.5138e+04   7.44e-20
  4.6024e+04   7.14e-20
  4.6928e+04   6.85e-20
  4.7850e+04   6.58e-20
  4.8790e+04   6.32e-20
  4.9749e+04   6.06e-20
  5.0726e+04   5.81e-20
  5.1722e+04   5.57e-20
  5.2738e+04   5.34e-20
  5.3774e+04   5.12e-20
  5.4831e+04   4.91e-20
  5.5908e+04   4.70e-20
  5.7006e+04   4.51e-20
  5.8126e+04   4.31e-20
  5.9268e+04   4.12e-20
  6.0432e+04   3.95e-20
  6.1619e+04   3.78e-20
  6.2829e+04   3.62e-20
  6.4064e+04   3.46e-20
  6.5322e+04   3.31e-20
  6.6605e+04   3.16e-20
  6.7913e+04   3.02e-20
  6.9248e+04   2.88e-20
  7.0608e+04   2.75e-20
  7.1995e+04   2.63e-20
  7.3409e+04   2.50e-20
  7.4851e+04   2.39e-20
  7.6321e+04   2.28e-20
  7.7821e+04   2.17e-20
  7.9349e+04   2.07e-20
  8.0908e+04   1.97e-20
  8.2497e+04   1.87e-20
  8.4118e+04   1.78e-20
  8.5770e+04   1.70e-20
  8.7455e+04   1.62e-20
  8.9173e+04   1.54e-20
  9.0925e+04   1.46e-20
  9.2711e+04   1.39e-20
  9.4532e+04   1.32e-20
  9.6389e+04   1.25e-20
  9.8283e+04   1.19e-20
  1.0021e+05   1.13e-20
  1.0218e+05   1.07e-20
  1.0419e+05   1.01e-20
  1.0624e+05   9.62e-21
  1.0832e+05   9.13e-21
  1.1045e+05   8.66e-21
  1.1262e+05   8.20e-21
  1.1483e+05   7.76e-21
  1.1709e+05   7.33e-21
  1.1939e+05   6.93e-21
  1.2173e+05   6.56e-21
  1.2412e+05   6.21e-21
  1.2656e+05   5.87e-21
  1.2905e+05   5.54e-21
  1.3158e+05   5.22e-21
  1.3417e+05   4.92e-21
  1.3680e+05   4.65e-21
  1.3949e+05   4.39e-21
  1.4223e+05   4.14e-21
  1.4503e+05   3.89e-21
  1.4787e+05   3.66e-21
  1.5078e+05   3.44e-21
  1.5374e+05   3.25e-21
  1.5676e+05   3.06e-21
  1.5984e+05   2.87e-21
  1.6298e+05   2.69e-21
  1.6618e+05   2.52e-21
  1.6945e+05   2.37e-21
  1.7278e+05   2.23e-21
  1.7617e+05   2.09e-21
  1.7963e+05   1.96e-21
  1.8316e+05   1.83e-21
  1.8676e+05   1.71e-21
  1.9042e+05   1.61e-21
  1.9417e+05   1.51e-21
  1.9798e+05   1.41e-21
  2.0187e+05   1.32e-21
  2.0583e+05   1.23e-21
  2.0988e+05   1.14e-21
  2.1400e+05   1.07e-21
  2.1820e+05   1.00e-21
  2.2249e+05   9.34e-22
  2.2686e+05   8.70e-22
  2.3132e+05   8.08e-22
  2.3586e+05   7.49e-22
  2.4049e+05   7.00e-22
  2.4522e+05   6.53e-22
  2.5004e+05   6.08e-22
  2.5495e+05   5.64e-22
  2.5996e+05   5.22e-22
  2.6506e+05   4.82e-22
  2.7027e+05   4.49e-22
  2.7558e+05   4.17e-22
  2.8099e+05   3.87e-22
  2.8651e+05   3.58e-22
  2.9214e+05   3.30e-22
  2.9788e+05   3.03e-22
  3.0373e+05   2.82e-22
  3.0970e+05   2.61e-22
  3.1578e+05   2.41e-22
  3.2198e+05   2.22e-22
  3.2831e+05   2.04e-22
  3.3476e+05   1.87e-22
  3.4133e+05   1.73e-22
  3.4804e+05   1.60e-22
  3.5487e+05   1.48e-22
  3.6185e+05   1.35e-22
  3.6895e+05   1.24e-22
  3.7620e+05   1.13e-22
  3.8359e+05   1.05e-22
  3.9113e+05   9.64e-23
  3.9881e+05   8.85e-23
  4.0664e+05   8.09e-23
  4.1463e+05   7.37e-23
  4.2278e+05   6.73e-23
  4.3108e+05   6.20e-23
  4.3955e+05   5.70e-23
  4.4818e+05   5.22e-23
  4.5699e+05   4.76e-23
  4.6596e+05   4.32e-23
  4.7512e+05   3.94e-23
  4.8445e+05   3.63e-23
  4.9397e+05   3.33e-23
  5.0367e+05   3.04e-23
  5.1356e+05   2.77e-23
  5.2365e+05   2.51e-23
  5.3394e+05   2.29e-23
  5.4443e+05   2.10e-23
  5.5512e+05   1.93e-23
  5.6603e+05   1.76e-23
  5.7715e+05   1.60e-23
  5.8848e+05   1.45e-23
  6.0004e+05   1.33e-23
  6.1183e+05   1.22e-23
  6.2385e+05   1.12e-23
  6.3610e+05   1.03e-23
  6.4860e+05   9.36e-24
  6.6134e+05   8.50e-24
  6.7433e+05   7.81e-24
  6.8758e+05   7.21e-24
  7.0108e+05   6.64e-24
  7.1486e+05   6.09e-24
  7.2890e+05   5.58e-24
  7.4322e+05   5.08e-24
  7.5782e+05   4.69e-24
  7.7270e+05   4.34e-24
  7.8788e+05   4.01e-24
  8.0336e+05   3.69e-24
  8.1914e+05   3.39e-24
  8.3523e+05   3.10e-24
  8.5164e+05   2.88e-24
  8.6837e+05   2.68e-24
  8.8542e+05   2.48e-24
  9.0282e+05   2.30e-24
  9.2055e+05   2.13e-24
  9.3863e+05   1.96e-24
  9.5707e+05   1.83e-24
  9.7587e+05   1.71e-24
  9.9504e+05   1.59e-24
  1.0146e+06   1.47e-24
  1.0345e+06   1.37e-24
  1.0548e+06   1.27e-24
  1.0756e+06   1.18e-24
  1.0967e+06   1.10e-24
  1.1182e+06   1.02e-24
  1.1402e+06   9.45e-25
  1.1626e+06   8.75e-25
  1.1854e+06   8.08e-25
  1.2087e+06   7.46e-25
  1.2325e+06   6.88e-25
  1.2567e+06   6.32e-25
  1.2814e+06   5.79e-25
  1.3065e+06   5.29e-25
  1.3322e+06   4.84e-25
  1.3584e+06   4.52e-25
  1.3851e+06   4.22e-25
  1.4123e+06   3.93e-25
  1.4400e+06   3.65e-25
