#  E [MeV]   Flux [# cm^{-2} s^{-1}  MeV^{-1}]
  3.0000e+04   2.01e-21
  3.0675e+04   1.95e-21
  3.1366e+04   1.88e-21
  3.2072e+04   1.83e-21
  3.2794e+04   1.77e-21
  3.3533e+04   1.71e-21
  3.4288e+04   1.66e-21
  3.5060e+04   1.61e-21
  3.5849e+04   1.56e-21
  3.6656e+04   1.51e-21
  3.7482e+04   1.46e-21
  3.8326e+04   1.41e-21
  3.9188e+04   1.37e-21
  4.0071e+04   1.32e-21
  4.0973e+04   1.28e-21
  4.1896e+04   1.24e-21
  4.2839e+04   1.20e-21
  4.3803e+04   1.17e-21
  4.4790e+04   1.13e-21
  4.5798e+04   1.09e-21
  4.6829e+04   1.06e-21
  4.7884e+04   1.02e-21
  4.8962e+04   9.92e-22
  5.0064e+04   9.61e-22
  5.1191e+04   9.30e-22
  5.2344e+04   9.01e-22
  5.3522e+04   8.72e-22
  5.4727e+04   8.44e-22
  5.5960e+04   8.17e-22
  5.7219e+04   7.91e-22
  5.8508e+04   7.66e-22
  5.9825e+04   7.42e-22
  6.1172e+04   7.18e-22
  6.2549e+04   6.96e-22
  6.3958e+04   6.73e-22
  6.5398e+04   6.52e-22
  6.6870e+04   6.31e-22
  6.8376e+04   6.11e-22
  6.9915e+04   5.92e-22
  7.1489e+04   5.73e-22
  7.3099e+04   5.55e-22
  7.4745e+04   5.38e-22
  7.6428e+04   5.21e-22
  7.8148e+04   5.04e-22
  7.9908e+04   4.88e-22
  8.1707e+04   4.73e-22
  8.3547e+04   4.58e-22
  8.5428e+04   4.43e-22
  8.7351e+04   4.29e-22
  8.9318e+04   4.16e-22
  9.1329e+04   4.02e-22
  9.3385e+04   3.90e-22
  9.5488e+04   3.77e-22
  9.7638e+04   3.66e-22
  9.9836e+04   3.54e-22
  1.0208e+05   3.43e-22
  1.0438e+05   3.32e-22
  1.0673e+05   3.22e-22
  1.0914e+05   3.11e-22
  1.1159e+05   3.02e-22
  1.1411e+05   2.92e-22
  1.1667e+05   2.83e-22
  1.1930e+05   2.74e-22
  1.2199e+05   2.66e-22
  1.2473e+05   2.57e-22
  1.2754e+05   2.49e-22
  1.3041e+05   2.41e-22
  1.3335e+05   2.34e-22
  1.3635e+05   2.26e-22
  1.3942e+05   2.19e-22
  1.4256e+05   2.12e-22
  1.4577e+05   2.06e-22
  1.4905e+05   1.99e-22
  1.5241e+05   1.93e-22
  1.5584e+05   1.87e-22
  1.5935e+05   1.81e-22
  1.6294e+05   1.75e-22
  1.6661e+05   1.70e-22
  1.7036e+05   1.64e-22
  1.7419e+05   1.59e-22
  1.7812e+05   1.54e-22
  1.8213e+05   1.49e-22
  1.8623e+05   1.44e-22
  1.9042e+05   1.40e-22
  1.9471e+05   1.35e-22
  1.9909e+05   1.31e-22
  2.0357e+05   1.26e-22
  2.0816e+05   1.22e-22
  2.1284e+05   1.18e-22
  2.1763e+05   1.14e-22
  2.2253e+05   1.11e-22
  2.2755e+05   1.07e-22
  2.3267e+05   1.03e-22
  2.3791e+05   1.00e-22
  2.4326e+05   9.67e-23
  2.4874e+05   9.35e-23
  2.5434e+05   9.03e-23
  2.6007e+05   8.72e-23
  2.6592e+05   8.42e-23
  2.7191e+05   8.14e-23
  2.7803e+05   7.85e-23
  2.8429e+05   7.58e-23
  2.9069e+05   7.32e-23
  2.9724e+05   7.06e-23
  3.0393e+05   6.81e-23
  3.1077e+05   6.57e-23
  3.1777e+05   6.33e-23
  3.2493e+05   6.10e-23
  3.3224e+05   5.88e-23
  3.3972e+05   5.66e-23
  3.4737e+05   5.46e-23
  3.5519e+05   5.25e-23
  3.6319e+05   5.06e-23
  3.7137e+05   4.87e-23
  3.7973e+05   4.68e-23
  3.8828e+05   4.50e-23
  3.9702e+05   4.33e-23
  4.0596e+05   4.16e-23
  4.1510e+05   4.00e-23
  4.2444e+05   3.84e-23
  4.3400e+05   3.69e-23
  4.4377e+05   3.54e-23
  4.5376e+05   3.40e-23
  4.6398e+05   3.26e-23
  4.7443e+05   3.13e-23
  4.8511e+05   3.00e-23
  4.9603e+05   2.88e-23
  5.0720e+05   2.76e-23
  5.1862e+05   2.64e-23
  5.3030e+05   2.53e-23
  5.4224e+05   2.42e-23
  5.5444e+05   2.32e-23
  5.6693e+05   2.22e-23
  5.7969e+05   2.12e-23
  5.9274e+05   2.03e-23
  6.0609e+05   1.94e-23
  6.1974e+05   1.85e-23
  6.3369e+05   1.77e-23
  6.4796e+05   1.69e-23
  6.6255e+05   1.61e-23
  6.7746e+05   1.54e-23
  6.9272e+05   1.47e-23
  7.0831e+05   1.41e-23
  7.2426e+05   1.34e-23
  7.4057e+05   1.28e-23
  7.5724e+05   1.22e-23
  7.7429e+05   1.17e-23
  7.9172e+05   1.12e-23
  8.0955e+05   1.06e-23
  8.2778e+05   1.02e-23
  8.4641e+05   9.70e-24
  8.6547e+05   9.25e-24
  8.8496e+05   8.83e-24
  9.0488e+05   8.43e-24
  9.2526e+05   8.04e-24
  9.4609e+05   7.67e-24
  9.6739e+05   7.32e-24
  9.8917e+05   6.98e-24
  1.0114e+06   6.66e-24
  1.0342e+06   6.36e-24
  1.0575e+06   6.07e-24
  1.0813e+06   5.79e-24
  1.1057e+06   5.53e-24
  1.1305e+06   5.28e-24
  1.1560e+06   5.04e-24
  1.1820e+06   4.82e-24
  1.2086e+06   4.60e-24
  1.2359e+06   4.39e-24
  1.2637e+06   4.20e-24
  1.2921e+06   4.01e-24
  1.3212e+06   3.84e-24
  1.3510e+06   3.67e-24
  1.3814e+06   3.51e-24
  1.4125e+06   3.35e-24
  1.4443e+06   3.21e-24
  1.4768e+06   3.07e-24
  1.5101e+06   2.93e-24
  1.5441e+06   2.81e-24
  1.5788e+06   2.68e-24
  1.6144e+06   2.57e-24
  1.6507e+06   2.46e-24
  1.6879e+06   2.35e-24
  1.7259e+06   2.25e-24
  1.7648e+06   2.15e-24
  1.8045e+06   2.06e-24
  1.8451e+06   1.97e-24
  1.8867e+06   1.89e-24
  1.9291e+06   1.80e-24
  1.9726e+06   1.73e-24
  2.0170e+06   1.65e-24
  2.0624e+06   1.58e-24
  2.1088e+06   1.51e-24
  2.1563e+06   1.44e-24
  2.2049e+06   1.38e-24
  2.2545e+06   1.32e-24
  2.3053e+06   1.26e-24
  2.3572e+06   1.21e-24
  2.4102e+06   1.16e-24
  2.4645e+06   1.12e-24
  2.5200e+06   1.07e-24
