#  E [MeV]   Flux [# cm^{-2} s^{-1}  MeV^{-1}]
  3.0000e+04   8.44e-25
  3.1051e+04   8.08e-25
  3.2139e+04   7.74e-25
  3.3266e+04   7.41e-25
  3.4432e+04   7.10e-25
  3.5638e+04   6.80e-25
  3.6887e+04   6.51e-25
  3.8180e+04   6.23e-25
  3.9518e+04   5.96e-25
  4.0903e+04   5.70e-25
  4.2336e+04   5.46e-25
  4.3820e+04   5.22e-25
  4.5355e+04   4.99e-25
  4.6945e+04   4.77e-25
  4.8590e+04   4.56e-25
  5.0293e+04   4.36e-25
  5.2055e+04   4.16e-25
  5.3879e+04   3.98e-25
  5.5767e+04   3.80e-25
  5.7722e+04   3.63e-25
  5.9745e+04   3.47e-25
  6.1838e+04   3.31e-25
  6.4005e+04   3.16e-25
  6.6248e+04   3.01e-25
  6.8570e+04   2.88e-25
  7.0973e+04   2.74e-25
  7.3460e+04   2.62e-25
  7.6034e+04   2.49e-25
  7.8699e+04   2.38e-25
  8.1457e+04   2.27e-25
  8.4311e+04   2.16e-25
  8.7266e+04   2.06e-25
  9.0324e+04   1.96e-25
  9.3490e+04   1.86e-25
  9.6766e+04   1.77e-25
  1.0016e+05   1.69e-25
  1.0367e+05   1.61e-25
  1.0730e+05   1.53e-25
  1.1106e+05   1.45e-25
  1.1495e+05   1.38e-25
  1.1898e+05   1.31e-25
  1.2315e+05   1.24e-25
  1.2747e+05   1.18e-25
  1.3193e+05   1.12e-25
  1.3656e+05   1.06e-25
  1.4134e+05   1.01e-25
  1.4629e+05   9.55e-26
  1.5142e+05   9.05e-26
  1.5673e+05   8.57e-26
  1.6222e+05   8.11e-26
  1.6790e+05   7.67e-26
  1.7379e+05   7.25e-26
  1.7988e+05   6.85e-26
  1.8618e+05   6.46e-26
  1.9271e+05   6.10e-26
  1.9946e+05   5.75e-26
  2.0645e+05   5.41e-26
  2.1369e+05   5.10e-26
  2.2117e+05   4.79e-26
  2.2892e+05   4.51e-26
  2.3695e+05   4.23e-26
  2.4525e+05   3.97e-26
  2.5385e+05   3.73e-26
  2.6274e+05   3.49e-26
  2.7195e+05   3.27e-26
  2.8148e+05   3.06e-26
  2.9134e+05   2.86e-26
  3.0155e+05   2.67e-26
  3.1212e+05   2.49e-26
  3.2306e+05   2.32e-26
  3.3438e+05   2.16e-26
  3.4610e+05   2.01e-26
  3.5823e+05   1.87e-26
  3.7078e+05   1.73e-26
  3.8377e+05   1.61e-26
  3.9722e+05   1.49e-26
  4.1114e+05   1.38e-26
  4.2555e+05   1.27e-26
  4.4046e+05   1.18e-26
  4.5590e+05   1.09e-26
  4.7188e+05   1.00e-26
  4.8841e+05   9.22e-27
  5.0553e+05   8.48e-27
  5.2324e+05   7.79e-27
  5.4158e+05   7.15e-27
  5.6056e+05   6.56e-27
  5.8020e+05   6.01e-27
  6.0054e+05   5.51e-27
  6.2158e+05   5.04e-27
  6.4337e+05   4.61e-27
  6.6591e+05   4.21e-27
  6.8925e+05   3.84e-27
  7.1340e+05   3.50e-27
  7.3840e+05   3.18e-27
  7.6428e+05   2.90e-27
  7.9106e+05   2.64e-27
  8.1878e+05   2.40e-27
  8.4748e+05   2.18e-27
  8.7718e+05   1.98e-27
  9.0792e+05   1.80e-27
  9.3973e+05   1.63e-27
  9.7267e+05   1.48e-27
  1.0068e+06   1.34e-27
  1.0420e+06   1.22e-27
  1.0785e+06   1.10e-27
  1.1163e+06   1.00e-27
  1.1555e+06   9.06e-28
  1.1960e+06   8.21e-28
  1.2379e+06   7.44e-28
  1.2813e+06   6.73e-28
  1.3262e+06   6.09e-28
  1.3726e+06   5.51e-28
  1.4207e+06   4.98e-28
  1.4705e+06   4.49e-28
  1.5220e+06   4.06e-28
  1.5754e+06   3.67e-28
  1.6306e+06   3.31e-28
  1.6877e+06   2.99e-28
  1.7469e+06   2.70e-28
  1.8081e+06   2.43e-28
  1.8715e+06   2.18e-28
  1.9370e+06   1.97e-28
  2.0049e+06   1.77e-28
  2.0752e+06   1.59e-28
  2.1479e+06   1.43e-28
  2.2232e+06   1.29e-28
  2.3011e+06   1.15e-28
  2.3817e+06   1.03e-28
  2.4652e+06   9.24e-29
  2.5516e+06   8.25e-29
  2.6410e+06   7.35e-29
  2.7336e+06   6.57e-29
  2.8294e+06   5.85e-29
  2.9285e+06   5.17e-29
  3.0311e+06   4.61e-29
  3.1374e+06   4.09e-29
  3.2473e+06   3.61e-29
  3.3611e+06   3.19e-29
  3.4789e+06   2.82e-29
  3.6008e+06   2.47e-29
  3.7270e+06   2.17e-29
  3.8576e+06   1.91e-29
  3.9928e+06   1.67e-29
  4.1327e+06   1.45e-29
  4.2775e+06   1.27e-29
  4.4274e+06   1.10e-29
  4.5826e+06   9.51e-30
  4.7432e+06   8.23e-30
  4.9094e+06   7.12e-30
  5.0815e+06   6.10e-30
  5.2595e+06   5.21e-30
  5.4438e+06   4.48e-30
  5.6346e+06   3.81e-30
  5.8321e+06   3.21e-30
  6.0365e+06   2.73e-30
  6.2480e+06   2.31e-30
  6.4670e+06   1.93e-30
  6.6936e+06   1.61e-30
  6.9282e+06   1.35e-30
  7.1709e+06   1.12e-30
  7.4222e+06   9.18e-31
  7.6823e+06   7.61e-31
  7.9516e+06   6.23e-31
  8.2302e+06   5.03e-31
  8.5186e+06   4.10e-31
  8.8172e+06   3.31e-31
  9.1262e+06   2.63e-31
  9.4460e+06   2.09e-31
  9.7770e+06   1.66e-31
  1.0120e+07   1.29e-31
  1.0474e+07   9.94e-32
  1.0841e+07   7.71e-32
  1.1221e+07   5.87e-32
  1.1614e+07   4.39e-32
  1.2022e+07   3.28e-32
  1.2443e+07   2.41e-32
  1.2879e+07   1.74e-32
  1.3330e+07   1.23e-32
  1.3797e+07   8.60e-33
  1.4281e+07   5.84e-33
  1.4781e+07   3.86e-33
  1.5299e+07   2.50e-33
  1.5835e+07   1.57e-33
  1.6390e+07   9.42e-34
  1.6965e+07   5.49e-34
  1.7559e+07   3.05e-34
  1.8175e+07   1.61e-34
  1.8812e+07   8.00e-35
  1.9471e+07   3.74e-35
  2.0153e+07   1.62e-35
  2.0859e+07   6.42e-36
  2.1590e+07   2.31e-36
  2.2347e+07   7.41e-37
  2.3130e+07   2.09e-37
  2.3941e+07   5.09e-38
  2.4780e+07   1.05e-38
  2.5648e+07   1.77e-39
  2.6547e+07   2.41e-40
  2.7477e+07   2.58e-41
  2.8440e+07   2.04e-42
