#  E [GeV]   # per interaction  [GeV^{-1}]
  3.0000e+01   2.27e-01
  3.0675e+01   2.19e-01
  3.1366e+01   2.12e-01
  3.2072e+01   2.06e-01
  3.2794e+01   1.99e-01
  3.3533e+01   1.92e-01
  3.4288e+01   1.86e-01
  3.5060e+01   1.80e-01
  3.5849e+01   1.74e-01
  3.6656e+01   1.68e-01
  3.7482e+01   1.62e-01
  3.8326e+01   1.57e-01
  3.9188e+01   1.52e-01
  4.0071e+01   1.47e-01
  4.0973e+01   1.42e-01
  4.1896e+01   1.37e-01
  4.2839e+01   1.32e-01
  4.3803e+01   1.27e-01
  4.4790e+01   1.23e-01
  4.5798e+01   1.19e-01
  4.6829e+01   1.15e-01
  4.7884e+01   1.11e-01
  4.8962e+01   1.07e-01
  5.0064e+01   1.03e-01
  5.1191e+01   9.92e-02
  5.2344e+01   9.57e-02
  5.3522e+01   9.22e-02
  5.4727e+01   8.89e-02
  5.5960e+01   8.57e-02
  5.7219e+01   8.25e-02
  5.8508e+01   7.95e-02
  5.9825e+01   7.66e-02
  6.1172e+01   7.37e-02
  6.2549e+01   7.10e-02
  6.3958e+01   6.83e-02
  6.5398e+01   6.57e-02
  6.6870e+01   6.32e-02
  6.8376e+01   6.08e-02
  6.9915e+01   5.85e-02
  7.1489e+01   5.62e-02
  7.3099e+01   5.41e-02
  7.4745e+01   5.19e-02
  7.6428e+01   4.99e-02
  7.8148e+01   4.80e-02
  7.9908e+01   4.61e-02
  8.1707e+01   4.43e-02
  8.3547e+01   4.25e-02
  8.5428e+01   4.08e-02
  8.7351e+01   3.92e-02
  8.9318e+01   3.76e-02
  9.1329e+01   3.61e-02
  9.3385e+01   3.46e-02
  9.5488e+01   3.31e-02
  9.7638e+01   3.18e-02
  9.9836e+01   3.05e-02
  1.0208e+02   2.92e-02
  1.0438e+02   2.80e-02
  1.0673e+02   2.68e-02
  1.0914e+02   2.57e-02
  1.1159e+02   2.46e-02
  1.1411e+02   2.35e-02
  1.1667e+02   2.25e-02
  1.1930e+02   2.15e-02
  1.2199e+02   2.06e-02
  1.2473e+02   1.97e-02
  1.2754e+02   1.88e-02
  1.3041e+02   1.80e-02
  1.3335e+02   1.72e-02
  1.3635e+02   1.64e-02
  1.3942e+02   1.57e-02
  1.4256e+02   1.50e-02
  1.4577e+02   1.43e-02
  1.4905e+02   1.36e-02
  1.5241e+02   1.30e-02
  1.5584e+02   1.24e-02
  1.5935e+02   1.18e-02
  1.6294e+02   1.13e-02
  1.6661e+02   1.07e-02
  1.7036e+02   1.02e-02
  1.7419e+02   9.74e-03
  1.7812e+02   9.28e-03
  1.8213e+02   8.83e-03
  1.8623e+02   8.40e-03
  1.9042e+02   7.98e-03
  1.9471e+02   7.59e-03
  1.9909e+02   7.22e-03
  2.0357e+02   6.86e-03
  2.0816e+02   6.51e-03
  2.1284e+02   6.18e-03
  2.1763e+02   5.86e-03
  2.2253e+02   5.57e-03
  2.2755e+02   5.28e-03
  2.3267e+02   5.01e-03
  2.3791e+02   4.74e-03
  2.4326e+02   4.49e-03
  2.4874e+02   4.25e-03
  2.5434e+02   4.03e-03
  2.6007e+02   3.81e-03
  2.6592e+02   3.60e-03
  2.7191e+02   3.40e-03
  2.7803e+02   3.21e-03
  2.8429e+02   3.04e-03
  2.9069e+02   2.87e-03
  2.9724e+02   2.70e-03
  3.0393e+02   2.55e-03
  3.1077e+02   2.40e-03
  3.1777e+02   2.27e-03
  3.2493e+02   2.13e-03
  3.3224e+02   2.01e-03
  3.3972e+02   1.89e-03
  3.4737e+02   1.78e-03
  3.5519e+02   1.67e-03
  3.6319e+02   1.57e-03
  3.7137e+02   1.47e-03
  3.7973e+02   1.38e-03
  3.8828e+02   1.30e-03
  3.9702e+02   1.22e-03
  4.0596e+02   1.14e-03
  4.1510e+02   1.07e-03
  4.2444e+02   9.99e-04
  4.3400e+02   9.36e-04
  4.4377e+02   8.77e-04
  4.5376e+02   8.21e-04
  4.6398e+02   7.67e-04
  4.7443e+02   7.15e-04
  4.8511e+02   6.67e-04
  4.9603e+02   6.23e-04
  5.0720e+02   5.82e-04
  5.1862e+02   5.42e-04
  5.3030e+02   5.04e-04
  5.4224e+02   4.68e-04
  5.5444e+02   4.37e-04
  5.6693e+02   4.07e-04
  5.7969e+02   3.78e-04
  5.9274e+02   3.51e-04
  6.0609e+02   3.24e-04
  6.1974e+02   3.02e-04
  6.3369e+02   2.81e-04
  6.4796e+02   2.61e-04
  6.6255e+02   2.42e-04
  6.7746e+02   2.23e-04
  6.9272e+02   2.08e-04
  7.0831e+02   1.93e-04
  7.2426e+02   1.79e-04
  7.4057e+02   1.66e-04
  7.5724e+02   1.53e-04
  7.7429e+02   1.42e-04
  7.9172e+02   1.32e-04
  8.0955e+02   1.22e-04
  8.2778e+02   1.13e-04
  8.4641e+02   1.04e-04
  8.6547e+02   9.65e-05
  8.8496e+02   8.98e-05
  9.0488e+02   8.33e-05
  9.2526e+02   7.72e-05
  9.4609e+02   7.13e-05
  9.6739e+02   6.61e-05
  9.8917e+02   6.17e-05
  1.0114e+03   5.75e-05
  1.0342e+03   5.35e-05
  1.0575e+03   4.97e-05
  1.0813e+03   4.62e-05
  1.1057e+03   4.34e-05
  1.1305e+03   4.07e-05
  1.1560e+03   3.81e-05
  1.1820e+03   3.57e-05
  1.2086e+03   3.33e-05
  1.2359e+03   3.16e-05
  1.2637e+03   2.99e-05
  1.2921e+03   2.83e-05
  1.3212e+03   2.68e-05
  1.3510e+03   2.53e-05
  1.3814e+03   2.42e-05
  1.4125e+03   2.32e-05
  1.4443e+03   2.22e-05
  1.4768e+03   2.12e-05
  1.5101e+03   2.03e-05
  1.5441e+03   1.97e-05
  1.5788e+03   1.92e-05
  1.6144e+03   1.88e-05
  1.6507e+03   1.83e-05
  1.6879e+03   1.79e-05
  1.7259e+03   1.76e-05
  1.7648e+03   1.76e-05
  1.8045e+03   1.75e-05
  1.8451e+03   1.75e-05
  1.8867e+03   1.74e-05
  1.9291e+03   1.76e-05
  1.9726e+03   1.82e-05
  2.0170e+03   1.87e-05
  2.0624e+03   1.92e-05
  2.1088e+03   1.97e-05
  2.1563e+03   2.02e-05
  2.2049e+03   2.09e-05
  2.2545e+03   2.17e-05
  2.3053e+03   2.23e-05
  2.3572e+03   2.29e-05
  2.4102e+03   2.35e-05
  2.4645e+03   1.85e-05
  2.5200e+03   1.37e-05
