#  E [GeV]   # per interaction  [GeV^{-1}]
  3.0000e+01   1.31e-02
  3.0675e+01   1.29e-02
  3.1366e+01   1.27e-02
  3.2072e+01   1.25e-02
  3.2794e+01   1.22e-02
  3.3533e+01   1.20e-02
  3.4288e+01   1.18e-02
  3.5060e+01   1.17e-02
  3.5849e+01   1.15e-02
  3.6656e+01   1.13e-02
  3.7482e+01   1.11e-02
  3.8326e+01   1.09e-02
  3.9188e+01   1.08e-02
  4.0071e+01   1.06e-02
  4.0973e+01   1.04e-02
  4.1896e+01   1.03e-02
  4.2839e+01   1.01e-02
  4.3803e+01   9.97e-03
  4.4790e+01   9.82e-03
  4.5798e+01   9.68e-03
  4.6829e+01   9.53e-03
  4.7884e+01   9.39e-03
  4.8962e+01   9.25e-03
  5.0064e+01   9.12e-03
  5.1191e+01   8.99e-03
  5.2344e+01   8.86e-03
  5.3522e+01   8.73e-03
  5.4727e+01   8.61e-03
  5.5960e+01   8.49e-03
  5.7219e+01   8.37e-03
  5.8508e+01   8.25e-03
  5.9825e+01   8.13e-03
  6.1172e+01   8.02e-03
  6.2549e+01   7.91e-03
  6.3958e+01   7.80e-03
  6.5398e+01   7.69e-03
  6.6870e+01   7.58e-03
  6.8376e+01   7.47e-03
  6.9915e+01   7.37e-03
  7.1489e+01   7.27e-03
  7.3099e+01   7.17e-03
  7.4745e+01   7.07e-03
  7.6428e+01   6.97e-03
  7.8148e+01   6.88e-03
  7.9908e+01   6.78e-03
  8.1707e+01   6.69e-03
  8.3547e+01   6.60e-03
  8.5428e+01   6.50e-03
  8.7351e+01   6.41e-03
  8.9318e+01   6.33e-03
  9.1329e+01   6.24e-03
  9.3385e+01   6.15e-03
  9.5488e+01   6.06e-03
  9.7638e+01   5.98e-03
  9.9836e+01   5.90e-03
  1.0208e+02   5.81e-03
  1.0438e+02   5.73e-03
  1.0673e+02   5.65e-03
  1.0914e+02   5.57e-03
  1.1159e+02   5.49e-03
  1.1411e+02   5.41e-03
  1.1667e+02   5.33e-03
  1.1930e+02   5.25e-03
  1.2199e+02   5.18e-03
  1.2473e+02   5.10e-03
  1.2754e+02   5.02e-03
  1.3041e+02   4.95e-03
  1.3335e+02   4.87e-03
  1.3635e+02   4.80e-03
  1.3942e+02   4.72e-03
  1.4256e+02   4.65e-03
  1.4577e+02   4.57e-03
  1.4905e+02   4.50e-03
  1.5241e+02   4.43e-03
  1.5584e+02   4.36e-03
  1.5935e+02   4.28e-03
  1.6294e+02   4.21e-03
  1.6661e+02   4.14e-03
  1.7036e+02   4.07e-03
  1.7419e+02   4.00e-03
  1.7812e+02   3.93e-03
  1.8213e+02   3.86e-03
  1.8623e+02   3.80e-03
  1.9042e+02   3.73e-03
  1.9471e+02   3.66e-03
  1.9909e+02   3.59e-03
  2.0357e+02   3.53e-03
  2.0816e+02   3.46e-03
  2.1284e+02   3.40e-03
  2.1763e+02   3.33e-03
  2.2253e+02   3.27e-03
  2.2755e+02   3.20e-03
  2.3267e+02   3.14e-03
  2.3791e+02   3.08e-03
  2.4326e+02   3.02e-03
  2.4874e+02   2.95e-03
  2.5434e+02   2.89e-03
  2.6007e+02   2.83e-03
  2.6592e+02   2.77e-03
  2.7191e+02   2.71e-03
  2.7803e+02   2.64e-03
  2.8429e+02   2.58e-03
  2.9069e+02   2.52e-03
  2.9724e+02   2.46e-03
  3.0393e+02   2.41e-03
  3.1077e+02   2.35e-03
  3.1777e+02   2.29e-03
  3.2493e+02   2.23e-03
  3.3224e+02   2.18e-03
  3.3972e+02   2.12e-03
  3.4737e+02   2.07e-03
  3.5519e+02   2.01e-03
  3.6319e+02   1.96e-03
  3.7137e+02   1.90e-03
  3.7973e+02   1.85e-03
  3.8828e+02   1.80e-03
  3.9702e+02   1.75e-03
  4.0596e+02   1.69e-03
  4.1510e+02   1.64e-03
  4.2444e+02   1.60e-03
  4.3400e+02   1.55e-03
  4.4377e+02   1.50e-03
  4.5376e+02   1.45e-03
  4.6398e+02   1.41e-03
  4.7443e+02   1.36e-03
  4.8511e+02   1.32e-03
  4.9603e+02   1.27e-03
  5.0720e+02   1.23e-03
  5.1862e+02   1.18e-03
  5.3030e+02   1.14e-03
  5.4224e+02   1.10e-03
  5.5444e+02   1.06e-03
  5.6693e+02   1.02e-03
  5.7969e+02   9.81e-04
  5.9274e+02   9.44e-04
  6.0609e+02   9.08e-04
  6.1974e+02   8.71e-04
  6.3369e+02   8.36e-04
  6.4796e+02   8.01e-04
  6.6255e+02   7.68e-04
  6.7746e+02   7.36e-04
  6.9272e+02   7.05e-04
  7.0831e+02   6.74e-04
  7.2426e+02   6.44e-04
  7.4057e+02   6.15e-04
  7.5724e+02   5.87e-04
  7.7429e+02   5.60e-04
  7.9172e+02   5.33e-04
  8.0955e+02   5.07e-04
  8.2778e+02   4.83e-04
  8.4641e+02   4.59e-04
  8.6547e+02   4.36e-04
  8.8496e+02   4.14e-04
  9.0488e+02   3.92e-04
  9.2526e+02   3.72e-04
  9.4609e+02   3.52e-04
  9.6739e+02   3.33e-04
  9.8917e+02   3.14e-04
  1.0114e+03   2.96e-04
  1.0342e+03   2.78e-04
  1.0575e+03   2.62e-04
  1.0813e+03   2.46e-04
  1.1057e+03   2.31e-04
  1.1305e+03   2.17e-04
  1.1560e+03   2.03e-04
  1.1820e+03   1.89e-04
  1.2086e+03   1.77e-04
  1.2359e+03   1.65e-04
  1.2637e+03   1.54e-04
  1.2921e+03   1.43e-04
  1.3212e+03   1.33e-04
  1.3510e+03   1.23e-04
  1.3814e+03   1.14e-04
  1.4125e+03   1.06e-04
  1.4443e+03   9.78e-05
  1.4768e+03   9.02e-05
  1.5101e+03   8.29e-05
  1.5441e+03   7.62e-05
  1.5788e+03   7.01e-05
  1.6144e+03   6.43e-05
  1.6507e+03   5.87e-05
  1.6879e+03   5.34e-05
  1.7259e+03   4.84e-05
  1.7648e+03   4.43e-05
  1.8045e+03   4.04e-05
  1.8451e+03   3.66e-05
  1.8867e+03   3.30e-05
  1.9291e+03   2.96e-05
  1.9726e+03   2.70e-05
  2.0170e+03   2.45e-05
  2.0624e+03   2.21e-05
  2.1088e+03   1.99e-05
  2.1563e+03   1.77e-05
  2.2049e+03   1.62e-05
  2.2545e+03   1.48e-05
  2.3053e+03   1.35e-05
  2.3572e+03   1.22e-05
  2.4102e+03   1.10e-05
  2.4645e+03   1.02e-05
  2.5200e+03   9.62e-06
