#  E [GeV]   # per interaction  [GeV^{-1}]
  3.0000e+01   6.88e-01
  3.1232e+01   6.57e-01
  3.2514e+01   6.28e-01
  3.3849e+01   6.01e-01
  3.5238e+01   5.74e-01
  3.6685e+01   5.49e-01
  3.8191e+01   5.24e-01
  3.9759e+01   5.01e-01
  4.1391e+01   4.78e-01
  4.3090e+01   4.57e-01
  4.4859e+01   4.36e-01
  4.6701e+01   4.17e-01
  4.8618e+01   3.98e-01
  5.0614e+01   3.80e-01
  5.2692e+01   3.63e-01
  5.4855e+01   3.46e-01
  5.7107e+01   3.31e-01
  5.9451e+01   3.16e-01
  6.1892e+01   3.01e-01
  6.4433e+01   2.87e-01
  6.7078e+01   2.74e-01
  6.9832e+01   2.62e-01
  7.2699e+01   2.49e-01
  7.5683e+01   2.38e-01
  7.8790e+01   2.27e-01
  8.2025e+01   2.16e-01
  8.5392e+01   2.06e-01
  8.8898e+01   1.97e-01
  9.2547e+01   1.87e-01
  9.6347e+01   1.79e-01
  1.0030e+02   1.70e-01
  1.0442e+02   1.62e-01
  1.0871e+02   1.54e-01
  1.1317e+02   1.47e-01
  1.1782e+02   1.40e-01
  1.2265e+02   1.33e-01
  1.2769e+02   1.27e-01
  1.3293e+02   1.20e-01
  1.3839e+02   1.15e-01
  1.4407e+02   1.09e-01
  1.4998e+02   1.04e-01
  1.5614e+02   9.83e-02
  1.6255e+02   9.34e-02
  1.6922e+02   8.86e-02
  1.7617e+02   8.41e-02
  1.8340e+02   7.98e-02
  1.9093e+02   7.57e-02
  1.9877e+02   7.17e-02
  2.0693e+02   6.79e-02
  2.1543e+02   6.43e-02
  2.2427e+02   6.09e-02
  2.3348e+02   5.76e-02
  2.4306e+02   5.45e-02
  2.5304e+02   5.15e-02
  2.6343e+02   4.86e-02
  2.7424e+02   4.59e-02
  2.8550e+02   4.32e-02
  2.9722e+02   4.07e-02
  3.0942e+02   3.84e-02
  3.2213e+02   3.61e-02
  3.3535e+02   3.39e-02
  3.4912e+02   3.19e-02
  3.6345e+02   2.99e-02
  3.7837e+02   2.81e-02
  3.9390e+02   2.63e-02
  4.1008e+02   2.46e-02
  4.2691e+02   2.30e-02
  4.4444e+02   2.15e-02
  4.6268e+02   2.01e-02
  4.8168e+02   1.88e-02
  5.0145e+02   1.75e-02
  5.2204e+02   1.63e-02
  5.4347e+02   1.52e-02
  5.6578e+02   1.41e-02
  5.8901e+02   1.31e-02
  6.1319e+02   1.22e-02
  6.3836e+02   1.13e-02
  6.6457e+02   1.05e-02
  6.9185e+02   9.71e-03
  7.2025e+02   9.00e-03
  7.4982e+02   8.33e-03
  7.8061e+02   7.71e-03
  8.1265e+02   7.13e-03
  8.4601e+02   6.59e-03
  8.8075e+02   6.10e-03
  9.1690e+02   5.63e-03
  9.5455e+02   5.20e-03
  9.9373e+02   4.81e-03
  1.0345e+03   4.44e-03
  1.0770e+03   4.10e-03
  1.1212e+03   3.78e-03
  1.1672e+03   3.49e-03
  1.2152e+03   3.22e-03
  1.2650e+03   2.97e-03
  1.3170e+03   2.74e-03
  1.3711e+03   2.53e-03
  1.4273e+03   2.34e-03
  1.4859e+03   2.16e-03
  1.5469e+03   1.99e-03
  1.6104e+03   1.84e-03
  1.6766e+03   1.69e-03
  1.7454e+03   1.56e-03
  1.8170e+03   1.44e-03
  1.8916e+03   1.33e-03
  1.9693e+03   1.22e-03
  2.0501e+03   1.13e-03
  2.1343e+03   1.04e-03
  2.2219e+03   9.55e-04
  2.3131e+03   8.79e-04
  2.4081e+03   8.07e-04
  2.5070e+03   7.42e-04
  2.6099e+03   6.81e-04
  2.7170e+03   6.25e-04
  2.8286e+03   5.73e-04
  2.9447e+03   5.25e-04
  3.0656e+03   4.80e-04
  3.1914e+03   4.39e-04
  3.3225e+03   4.01e-04
  3.4589e+03   3.65e-04
  3.6008e+03   3.33e-04
  3.7487e+03   3.03e-04
  3.9026e+03   2.75e-04
  4.0628e+03   2.49e-04
  4.2296e+03   2.25e-04
  4.4032e+03   2.04e-04
  4.5840e+03   1.84e-04
  4.7722e+03   1.65e-04
  4.9681e+03   1.48e-04
  5.1720e+03   1.33e-04
  5.3844e+03   1.19e-04
  5.6054e+03   1.06e-04
  5.8355e+03   9.42e-05
  6.0751e+03   8.34e-05
  6.3245e+03   7.38e-05
  6.5841e+03   6.49e-05
  6.8544e+03   5.69e-05
  7.1358e+03   4.98e-05
  7.4288e+03   4.33e-05
  7.7338e+03   3.75e-05
  8.0513e+03   3.24e-05
  8.3818e+03   2.78e-05
  8.7259e+03   2.37e-05
  9.0841e+03   2.01e-05
  9.4571e+03   1.69e-05
  9.8453e+03   1.42e-05
  1.0249e+04   1.18e-05
  1.0670e+04   9.64e-06
  1.1108e+04   7.87e-06
  1.1564e+04   6.35e-06
  1.2039e+04   5.04e-06
  1.2533e+04   3.98e-06
  1.3048e+04   3.09e-06
  1.3584e+04   2.35e-06
  1.4141e+04   1.77e-06
  1.4722e+04   1.30e-06
  1.5326e+04   9.34e-07
  1.5955e+04   6.57e-07
  1.6610e+04   4.47e-07
  1.7292e+04   2.95e-07
  1.8002e+04   1.88e-07
  1.8741e+04   1.14e-07
  1.9511e+04   6.63e-08
  2.0312e+04   3.64e-08
  2.1145e+04   1.86e-08
  2.2013e+04   8.89e-09
  2.2917e+04   3.87e-09
  2.3858e+04   1.51e-09
  2.4837e+04   5.24e-10
  2.5857e+04   1.56e-10
  2.6919e+04   3.89e-11
  2.8024e+04   7.89e-12
  2.9174e+04   1.23e-12
  3.0372e+04   1.40e-13
  3.1619e+04   1.10e-14
  3.2917e+04   5.36e-16
  3.4268e+04   1.46e-17
  3.5675e+04   1.93e-19
  3.7140e+04   1.02e-21
  3.8664e+04   1.68e-24
  4.0252e+04   6.37e-28
  4.1904e+04   3.56e-32
  4.3624e+04   1.68e-37
  4.5415e+04   3.07e-44
  4.7280e+04   1.63e-46
  4.9221e+04   1.57e-46
  5.1241e+04   1.53e-46
  5.3345e+04   1.48e-46
  5.5535e+04   1.48e-46
  5.7815e+04   1.48e-46
  6.0188e+04   1.47e-46
  6.2659e+04   1.53e-46
  6.5232e+04   1.59e-46
  6.7910e+04   1.66e-46
  7.0698e+04   1.88e-46
  7.3600e+04   2.08e-46
  7.6621e+04   2.46e-46
  7.9767e+04   3.40e-46
  8.3042e+04   4.27e-46
  8.6451e+04   5.58e-46
  9.0000e+04   7.59e-46
