#  E [GeV]   # per interaction  [GeV^{-1}]
  3.0000e+01   1.59e-01
  3.0517e+01   1.54e-01
  3.1043e+01   1.48e-01
  3.1578e+01   1.43e-01
  3.2123e+01   1.38e-01
  3.2676e+01   1.34e-01
  3.3240e+01   1.29e-01
  3.3813e+01   1.24e-01
  3.4396e+01   1.20e-01
  3.4989e+01   1.16e-01
  3.5592e+01   1.12e-01
  3.6205e+01   1.08e-01
  3.6829e+01   1.04e-01
  3.7464e+01   9.99e-02
  3.8110e+01   9.62e-02
  3.8767e+01   9.26e-02
  3.9435e+01   8.92e-02
  4.0115e+01   8.60e-02
  4.0807e+01   8.28e-02
  4.1510e+01   7.97e-02
  4.2226e+01   7.67e-02
  4.2953e+01   7.38e-02
  4.3694e+01   7.09e-02
  4.4447e+01   6.82e-02
  4.5213e+01   6.56e-02
  4.5993e+01   6.31e-02
  4.6786e+01   6.06e-02
  4.7592e+01   5.82e-02
  4.8412e+01   5.59e-02
  4.9247e+01   5.36e-02
  5.0096e+01   5.15e-02
  5.0960e+01   4.95e-02
  5.1838e+01   4.75e-02
  5.2732e+01   4.56e-02
  5.3641e+01   4.37e-02
  5.4565e+01   4.19e-02
  5.5506e+01   4.01e-02
  5.6463e+01   3.85e-02
  5.7436e+01   3.69e-02
  5.8426e+01   3.54e-02
  5.9433e+01   3.39e-02
  6.0458e+01   3.24e-02
  6.1500e+01   3.10e-02
  6.2560e+01   2.97e-02
  6.3639e+01   2.85e-02
  6.4736e+01   2.73e-02
  6.5852e+01   2.61e-02
  6.6987e+01   2.49e-02
  6.8142e+01   2.38e-02
  6.9316e+01   2.27e-02
  7.0511e+01   2.17e-02
  7.1727e+01   2.08e-02
  7.2963e+01   1.99e-02
  7.4221e+01   1.90e-02
  7.5500e+01   1.81e-02
  7.6802e+01   1.73e-02
  7.8126e+01   1.65e-02
  7.9472e+01   1.57e-02
  8.0842e+01   1.50e-02
  8.2236e+01   1.43e-02
  8.3654e+01   1.37e-02
  8.5096e+01   1.30e-02
  8.6563e+01   1.24e-02
  8.8055e+01   1.18e-02
  8.9573e+01   1.12e-02
  9.1117e+01   1.07e-02
  9.2687e+01   1.02e-02
  9.4285e+01   9.68e-03
  9.5911e+01   9.20e-03
  9.7564e+01   8.72e-03
  9.9246e+01   8.29e-03
  1.0096e+02   7.90e-03
  1.0270e+02   7.51e-03
  1.0447e+02   7.13e-03
  1.0627e+02   6.77e-03
  1.0810e+02   6.42e-03
  1.0996e+02   6.07e-03
  1.1186e+02   5.77e-03
  1.1379e+02   5.49e-03
  1.1575e+02   5.21e-03
  1.1774e+02   4.94e-03
  1.1977e+02   4.67e-03
  1.2184e+02   4.42e-03
  1.2394e+02   4.18e-03
  1.2608e+02   3.97e-03
  1.2825e+02   3.76e-03
  1.3046e+02   3.57e-03
  1.3271e+02   3.37e-03
  1.3500e+02   3.19e-03
  1.3732e+02   3.01e-03
  1.3969e+02   2.84e-03
  1.4210e+02   2.69e-03
  1.4455e+02   2.55e-03
  1.4704e+02   2.41e-03
  1.4957e+02   2.28e-03
  1.5215e+02   2.15e-03
  1.5478e+02   2.02e-03
  1.5744e+02   1.91e-03
  1.6016e+02   1.81e-03
  1.6292e+02   1.71e-03
  1.6573e+02   1.61e-03
  1.6858e+02   1.52e-03
  1.7149e+02   1.43e-03
  1.7445e+02   1.34e-03
  1.7745e+02   1.27e-03
  1.8051e+02   1.20e-03
  1.8362e+02   1.13e-03
  1.8679e+02   1.06e-03
  1.9001e+02   1.00e-03
  1.9328e+02   9.39e-04
  1.9662e+02   8.80e-04
  2.0001e+02   8.32e-04
  2.0345e+02   7.85e-04
  2.0696e+02   7.39e-04
  2.1053e+02   6.95e-04
  2.1416e+02   6.52e-04
  2.1785e+02   6.10e-04
  2.2160e+02   5.73e-04
  2.2543e+02   5.41e-04
  2.2931e+02   5.09e-04
  2.3326e+02   4.79e-04
  2.3729e+02   4.50e-04
  2.4138e+02   4.21e-04
  2.4554e+02   3.93e-04
  2.4977e+02   3.70e-04
  2.5407e+02   3.49e-04
  2.5845e+02   3.28e-04
  2.6291e+02   3.09e-04
  2.6744e+02   2.89e-04
  2.7205e+02   2.70e-04
  2.7674e+02   2.52e-04
  2.8151e+02   2.38e-04
  2.8637e+02   2.24e-04
  2.9130e+02   2.11e-04
  2.9632e+02   1.98e-04
  3.0143e+02   1.85e-04
  3.0663e+02   1.73e-04
  3.1191e+02   1.61e-04
  3.1729e+02   1.52e-04
  3.2276e+02   1.43e-04
  3.2832e+02   1.35e-04
  3.3398e+02   1.26e-04
  3.3974e+02   1.18e-04
  3.4560e+02   1.10e-04
  3.5155e+02   1.03e-04
  3.5761e+02   9.72e-05
  3.6378e+02   9.14e-05
  3.7005e+02   8.58e-05
  3.7643e+02   8.04e-05
  3.8292e+02   7.52e-05
  3.8952e+02   7.01e-05
  3.9623e+02   6.59e-05
  4.0306e+02   6.20e-05
  4.1001e+02   5.82e-05
  4.1708e+02   5.45e-05
  4.2427e+02   5.09e-05
  4.3158e+02   4.75e-05
  4.3902e+02   4.42e-05
  4.4659e+02   4.17e-05
  4.5429e+02   3.93e-05
  4.6212e+02   3.69e-05
  4.7009e+02   3.46e-05
  4.7819e+02   3.24e-05
  4.8643e+02   3.03e-05
  4.9482e+02   2.84e-05
  5.0335e+02   2.68e-05
  5.1203e+02   2.54e-05
  5.2085e+02   2.40e-05
  5.2983e+02   2.26e-05
  5.3897e+02   2.12e-05
  5.4826e+02   2.00e-05
  5.5771e+02   1.89e-05
  5.6732e+02   1.81e-05
  5.7710e+02   1.73e-05
  5.8705e+02   1.65e-05
  5.9717e+02   1.58e-05
  6.0746e+02   1.50e-05
  6.1793e+02   1.43e-05
  6.2859e+02   1.38e-05
  6.3942e+02   1.33e-05
  6.5045e+02   1.29e-05
  6.6166e+02   1.24e-05
  6.7306e+02   1.20e-05
  6.8467e+02   1.16e-05
  6.9647e+02   1.12e-05
  7.0847e+02   1.09e-05
  7.2069e+02   1.07e-05
  7.3311e+02   1.04e-05
  7.4575e+02   1.02e-05
  7.5860e+02   9.94e-06
  7.7168e+02   9.71e-06
  7.8498e+02   9.49e-06
  7.9852e+02   9.30e-06
  8.1228e+02   9.11e-06
  8.2628e+02   8.93e-06
  8.4053e+02   8.74e-06
  8.5502e+02   8.57e-06
  8.6976e+02   8.39e-06
  8.8475e+02   8.22e-06
  9.0000e+02   8.06e-06
