#  E [GeV]   # per interaction  [GeV^{-1}]
  3.0000e+01   2.02e-01
  3.0589e+01   1.95e-01
  3.1190e+01   1.88e-01
  3.1803e+01   1.81e-01
  3.2428e+01   1.74e-01
  3.3065e+01   1.68e-01
  3.3714e+01   1.62e-01
  3.4376e+01   1.56e-01
  3.5052e+01   1.50e-01
  3.5740e+01   1.45e-01
  3.6442e+01   1.39e-01
  3.7158e+01   1.34e-01
  3.7888e+01   1.29e-01
  3.8632e+01   1.24e-01
  3.9391e+01   1.19e-01
  4.0165e+01   1.15e-01
  4.0954e+01   1.10e-01
  4.1758e+01   1.06e-01
  4.2579e+01   1.02e-01
  4.3415e+01   9.80e-02
  4.4268e+01   9.41e-02
  4.5138e+01   9.04e-02
  4.6024e+01   8.68e-02
  4.6928e+01   8.33e-02
  4.7850e+01   8.00e-02
  4.8790e+01   7.67e-02
  4.9749e+01   7.36e-02
  5.0726e+01   7.06e-02
  5.1722e+01   6.76e-02
  5.2738e+01   6.48e-02
  5.3774e+01   6.22e-02
  5.4831e+01   5.96e-02
  5.5908e+01   5.71e-02
  5.7006e+01   5.46e-02
  5.8126e+01   5.22e-02
  5.9268e+01   5.00e-02
  6.0432e+01   4.79e-02
  6.1619e+01   4.58e-02
  6.2829e+01   4.38e-02
  6.4064e+01   4.19e-02
  6.5322e+01   4.00e-02
  6.6605e+01   3.82e-02
  6.7913e+01   3.65e-02
  6.9248e+01   3.49e-02
  7.0608e+01   3.33e-02
  7.1995e+01   3.17e-02
  7.3409e+01   3.02e-02
  7.4851e+01   2.88e-02
  7.6321e+01   2.75e-02
  7.7821e+01   2.62e-02
  7.9349e+01   2.50e-02
  8.0908e+01   2.37e-02
  8.2497e+01   2.26e-02
  8.4118e+01   2.15e-02
  8.5770e+01   2.05e-02
  8.7455e+01   1.95e-02
  8.9173e+01   1.85e-02
  9.0925e+01   1.76e-02
  9.2711e+01   1.67e-02
  9.4532e+01   1.59e-02
  9.6389e+01   1.51e-02
  9.8283e+01   1.43e-02
  1.0021e+02   1.36e-02
  1.0218e+02   1.29e-02
  1.0419e+02   1.22e-02
  1.0624e+02   1.15e-02
  1.0832e+02   1.10e-02
  1.1045e+02   1.04e-02
  1.1262e+02   9.81e-03
  1.1483e+02   9.27e-03
  1.1709e+02   8.76e-03
  1.1939e+02   8.30e-03
  1.2173e+02   7.85e-03
  1.2412e+02   7.42e-03
  1.2656e+02   7.00e-03
  1.2905e+02   6.60e-03
  1.3158e+02   6.22e-03
  1.3417e+02   5.88e-03
  1.3680e+02   5.55e-03
  1.3949e+02   5.23e-03
  1.4223e+02   4.92e-03
  1.4503e+02   4.62e-03
  1.4787e+02   4.34e-03
  1.5078e+02   4.10e-03
  1.5374e+02   3.86e-03
  1.5676e+02   3.62e-03
  1.5984e+02   3.40e-03
  1.6298e+02   3.18e-03
  1.6618e+02   2.99e-03
  1.6945e+02   2.81e-03
  1.7278e+02   2.64e-03
  1.7617e+02   2.47e-03
  1.7963e+02   2.31e-03
  1.8316e+02   2.16e-03
  1.8676e+02   2.02e-03
  1.9042e+02   1.89e-03
  1.9417e+02   1.77e-03
  1.9798e+02   1.66e-03
  2.0187e+02   1.54e-03
  2.0583e+02   1.44e-03
  2.0988e+02   1.34e-03
  2.1400e+02   1.25e-03
  2.1820e+02   1.17e-03
  2.2249e+02   1.09e-03
  2.2686e+02   1.01e-03
  2.3132e+02   9.38e-04
  2.3586e+02   8.74e-04
  2.4049e+02   8.15e-04
  2.4522e+02   7.58e-04
  2.5004e+02   7.03e-04
  2.5495e+02   6.51e-04
  2.5996e+02   6.00e-04
  2.6506e+02   5.58e-04
  2.7027e+02   5.18e-04
  2.7558e+02   4.80e-04
  2.8099e+02   4.44e-04
  2.8651e+02   4.09e-04
  2.9214e+02   3.75e-04
  2.9788e+02   3.48e-04
  3.0373e+02   3.22e-04
  3.0970e+02   2.98e-04
  3.1578e+02   2.74e-04
  3.2198e+02   2.51e-04
  3.2831e+02   2.30e-04
  3.3476e+02   2.13e-04
  3.4133e+02   1.96e-04
  3.4804e+02   1.81e-04
  3.5487e+02   1.66e-04
  3.6185e+02   1.51e-04
  3.6895e+02   1.38e-04
  3.7620e+02   1.27e-04
  3.8359e+02   1.17e-04
  3.9113e+02   1.07e-04
  3.9881e+02   9.80e-05
  4.0664e+02   8.92e-05
  4.1463e+02   8.10e-05
  4.2278e+02   7.46e-05
  4.3108e+02   6.84e-05
  4.3955e+02   6.26e-05
  4.4818e+02   5.70e-05
  4.5699e+02   5.17e-05
  4.6596e+02   4.69e-05
  4.7512e+02   4.31e-05
  4.8445e+02   3.94e-05
  4.9397e+02   3.60e-05
  5.0367e+02   3.27e-05
  5.1356e+02   2.96e-05
  5.2365e+02   2.68e-05
  5.3394e+02   2.46e-05
  5.4443e+02   2.25e-05
  5.5512e+02   2.05e-05
  5.6603e+02   1.87e-05
  5.7715e+02   1.69e-05
  5.8848e+02   1.53e-05
  6.0004e+02   1.41e-05
  6.1183e+02   1.29e-05
  6.2385e+02   1.18e-05
  6.3610e+02   1.07e-05
  6.4860e+02   9.73e-06
  6.6134e+02   8.88e-06
  6.7433e+02   8.17e-06
  6.8758e+02   7.51e-06
  7.0108e+02   6.88e-06
  7.1486e+02   6.28e-06
  7.2890e+02   5.72e-06
  7.4322e+02   5.24e-06
  7.5782e+02   4.84e-06
  7.7270e+02   4.45e-06
  7.8788e+02   4.09e-06
  8.0336e+02   3.75e-06
  8.1914e+02   3.43e-06
  8.3523e+02   3.16e-06
  8.5164e+02   2.93e-06
  8.6837e+02   2.71e-06
  8.8542e+02   2.51e-06
  9.0282e+02   2.31e-06
  9.2055e+02   2.13e-06
  9.3863e+02   1.97e-06
  9.5707e+02   1.84e-06
  9.7587e+02   1.70e-06
  9.9504e+02   1.58e-06
  1.0146e+03   1.46e-06
  1.0345e+03   1.35e-06
  1.0548e+03   1.25e-06
  1.0756e+03   1.16e-06
  1.0967e+03   1.08e-06
  1.1182e+03   9.99e-07
  1.1402e+03   9.22e-07
  1.1626e+03   8.50e-07
  1.1854e+03   7.83e-07
  1.2087e+03   7.21e-07
  1.2325e+03   6.61e-07
  1.2567e+03   6.05e-07
  1.2814e+03   5.52e-07
  1.3065e+03   5.02e-07
  1.3322e+03   4.67e-07
  1.3584e+03   4.35e-07
  1.3851e+03   4.04e-07
  1.4123e+03   3.75e-07
  1.4400e+03   3.48e-07
