#  E [GeV]   # per interaction  [GeV^{-1}]
  3.0000e+01   2.74e-02
  3.1141e+01   2.64e-02
  3.2326e+01   2.54e-02
  3.3556e+01   2.44e-02
  3.4832e+01   2.35e-02
  3.6157e+01   2.26e-02
  3.7533e+01   2.17e-02
  3.8961e+01   2.09e-02
  4.0443e+01   2.01e-02
  4.1982e+01   1.93e-02
  4.3579e+01   1.85e-02
  4.5237e+01   1.78e-02
  4.6958e+01   1.71e-02
  4.8744e+01   1.64e-02
  5.0598e+01   1.58e-02
  5.2523e+01   1.51e-02
  5.4521e+01   1.45e-02
  5.6596e+01   1.39e-02
  5.8749e+01   1.34e-02
  6.0984e+01   1.28e-02
  6.3304e+01   1.23e-02
  6.5712e+01   1.18e-02
  6.8212e+01   1.13e-02
  7.0807e+01   1.08e-02
  7.3500e+01   1.04e-02
  7.6297e+01   9.93e-03
  7.9199e+01   9.51e-03
  8.2212e+01   9.11e-03
  8.5340e+01   8.72e-03
  8.8586e+01   8.35e-03
  9.1956e+01   7.99e-03
  9.5455e+01   7.64e-03
  9.9086e+01   7.31e-03
  1.0286e+02   6.99e-03
  1.0677e+02   6.69e-03
  1.1083e+02   6.39e-03
  1.1505e+02   6.11e-03
  1.1942e+02   5.84e-03
  1.2397e+02   5.58e-03
  1.2868e+02   5.33e-03
  1.3358e+02   5.09e-03
  1.3866e+02   4.86e-03
  1.4394e+02   4.64e-03
  1.4941e+02   4.43e-03
  1.5509e+02   4.23e-03
  1.6100e+02   4.03e-03
  1.6712e+02   3.85e-03
  1.7348e+02   3.67e-03
  1.8008e+02   3.50e-03
  1.8693e+02   3.34e-03
  1.9404e+02   3.19e-03
  2.0142e+02   3.04e-03
  2.0908e+02   2.90e-03
  2.1704e+02   2.76e-03
  2.2529e+02   2.63e-03
  2.3387e+02   2.51e-03
  2.4276e+02   2.39e-03
  2.5200e+02   2.27e-03
  2.6158e+02   2.17e-03
  2.7154e+02   2.06e-03
  2.8187e+02   1.97e-03
  2.9259e+02   1.87e-03
  3.0372e+02   1.78e-03
  3.1527e+02   1.70e-03
  3.2727e+02   1.62e-03
  3.3972e+02   1.54e-03
  3.5264e+02   1.47e-03
  3.6606e+02   1.40e-03
  3.7998e+02   1.33e-03
  3.9444e+02   1.27e-03
  4.0945e+02   1.21e-03
  4.2502e+02   1.15e-03
  4.4119e+02   1.09e-03
  4.5798e+02   1.04e-03
  4.7540e+02   9.93e-04
  4.9348e+02   9.46e-04
  5.1226e+02   9.01e-04
  5.3175e+02   8.59e-04
  5.5198e+02   8.19e-04
  5.7297e+02   7.81e-04
  5.9477e+02   7.44e-04
  6.1740e+02   7.10e-04
  6.4089e+02   6.78e-04
  6.6527e+02   6.47e-04
  6.9058e+02   6.18e-04
  7.1685e+02   5.91e-04
  7.4412e+02   5.65e-04
  7.7243e+02   5.40e-04
  8.0181e+02   5.17e-04
  8.3232e+02   4.95e-04
  8.6398e+02   4.73e-04
  8.9685e+02   4.54e-04
  9.3097e+02   4.35e-04
  9.6638e+02   4.17e-04
  1.0031e+03   4.00e-04
  1.0413e+03   3.84e-04
  1.0809e+03   3.69e-04
  1.1220e+03   3.55e-04
  1.1647e+03   3.41e-04
  1.2090e+03   3.28e-04
  1.2550e+03   3.16e-04
  1.3028e+03   3.05e-04
  1.3523e+03   2.93e-04
  1.4038e+03   2.83e-04
  1.4572e+03   2.73e-04
  1.5126e+03   2.63e-04
  1.5702e+03   2.54e-04
  1.6299e+03   2.46e-04
  1.6919e+03   2.37e-04
  1.7563e+03   2.29e-04
  1.8231e+03   2.22e-04
  1.8925e+03   2.14e-04
  1.9645e+03   2.07e-04
  2.0392e+03   2.01e-04
  2.1168e+03   1.94e-04
  2.1973e+03   1.88e-04
  2.2809e+03   1.82e-04
  2.3677e+03   1.76e-04
  2.4577e+03   1.71e-04
  2.5512e+03   1.65e-04
  2.6483e+03   1.60e-04
  2.7490e+03   1.55e-04
  2.8536e+03   1.50e-04
  2.9622e+03   1.45e-04
  3.0749e+03   1.40e-04
  3.1918e+03   1.35e-04
  3.3133e+03   1.30e-04
  3.4393e+03   1.26e-04
  3.5702e+03   1.21e-04
  3.7060e+03   1.17e-04
  3.8470e+03   1.13e-04
  3.9933e+03   1.09e-04
  4.1452e+03   1.04e-04
  4.3029e+03   1.00e-04
  4.4666e+03   9.64e-05
  4.6366e+03   9.25e-05
  4.8129e+03   8.87e-05
  4.9960e+03   8.48e-05
  5.1861e+03   8.10e-05
  5.3834e+03   7.73e-05
  5.5882e+03   7.37e-05
  5.8008e+03   7.00e-05
  6.0215e+03   6.65e-05
  6.2506e+03   6.31e-05
  6.4883e+03   5.96e-05
  6.7352e+03   5.63e-05
  6.9914e+03   5.30e-05
  7.2574e+03   4.98e-05
  7.5335e+03   4.67e-05
  7.8201e+03   4.37e-05
  8.1176e+03   4.06e-05
  8.4264e+03   3.78e-05
  8.7470e+03   3.50e-05
  9.0797e+03   3.22e-05
  9.4251e+03   2.96e-05
  9.7837e+03   2.71e-05
  1.0156e+04   2.47e-05
  1.0542e+04   2.23e-05
  1.0943e+04   2.01e-05
  1.1360e+04   1.80e-05
  1.1792e+04   1.60e-05
  1.2240e+04   1.41e-05
  1.2706e+04   1.24e-05
  1.3189e+04   1.08e-05
  1.3691e+04   9.26e-06
  1.4212e+04   7.88e-06
  1.4753e+04   6.64e-06
  1.5314e+04   5.53e-06
  1.5897e+04   4.53e-06
  1.6501e+04   3.66e-06
  1.7129e+04   2.90e-06
  1.7781e+04   2.26e-06
  1.8457e+04   1.72e-06
  1.9159e+04   1.27e-06
  1.9888e+04   9.18e-07
  2.0645e+04   6.39e-07
  2.1430e+04   4.29e-07
  2.2245e+04   2.76e-07
  2.3092e+04   1.69e-07
  2.3970e+04   9.78e-08
  2.4882e+04   5.30e-08
  2.5829e+04   2.66e-08
  2.6811e+04   1.22e-08
  2.7831e+04   5.01e-09
  2.8890e+04   1.82e-09
  2.9989e+04   5.70e-10
  3.1130e+04   1.49e-10
  3.2314e+04   3.13e-11
  3.3544e+04   5.05e-12
  3.4820e+04   5.91e-13
  3.6144e+04   4.71e-14
  3.7519e+04   2.30e-15
  3.8947e+04   6.11e-17
  4.0428e+04   7.79e-19
  4.1966e+04   3.80e-21
  4.3563e+04   5.47e-24
  4.5220e+04   1.72e-27
  4.6941e+04   7.22e-32
  4.8726e+04   2.17e-37
  5.0580e+04   2.19e-44
