#  E [MeV]   Flux [# cm^{-2} s^{-1}  MeV^{-1}]
  3.0000e+04   3.86e-26
  3.1141e+04   3.72e-26
  3.2326e+04   3.58e-26
  3.3556e+04   3.44e-26
  3.4832e+04   3.31e-26
  3.6157e+04   3.19e-26
  3.7533e+04   3.06e-26
  3.8961e+04   2.95e-26
  4.0443e+04   2.83e-26
  4.1982e+04   2.72e-26
  4.3579e+04   2.61e-26
  4.5237e+04   2.51e-26
  4.6958e+04   2.41e-26
  4.8744e+04   2.32e-26
  5.0598e+04   2.22e-26
  5.2523e+04   2.13e-26
  5.4521e+04   2.05e-26
  5.6596e+04   1.96e-26
  5.8749e+04   1.88e-26
  6.0984e+04   1.81e-26
  6.3304e+04   1.73e-26
  6.5712e+04   1.66e-26
  6.8212e+04   1.59e-26
  7.0807e+04   1.53e-26
  7.3500e+04   1.46e-26
  7.6297e+04   1.40e-26
  7.9199e+04   1.34e-26
  8.2212e+04   1.28e-26
  8.5340e+04   1.23e-26
  8.8586e+04   1.18e-26
  9.1956e+04   1.13e-26
  9.5455e+04   1.08e-26
  9.9086e+04   1.03e-26
  1.0286e+05   9.85e-27
  1.0677e+05   9.42e-27
  1.1083e+05   9.01e-27
  1.1505e+05   8.61e-27
  1.1942e+05   8.23e-27
  1.2397e+05   7.86e-27
  1.2868e+05   7.51e-27
  1.3358e+05   7.17e-27
  1.3866e+05   6.85e-27
  1.4394e+05   6.54e-27
  1.4941e+05   6.24e-27
  1.5509e+05   5.96e-27
  1.6100e+05   5.69e-27
  1.6712e+05   5.43e-27
  1.7348e+05   5.18e-27
  1.8008e+05   4.94e-27
  1.8693e+05   4.71e-27
  1.9404e+05   4.49e-27
  2.0142e+05   4.28e-27
  2.0908e+05   4.08e-27
  2.1704e+05   3.89e-27
  2.2529e+05   3.71e-27
  2.3387e+05   3.53e-27
  2.4276e+05   3.37e-27
  2.5200e+05   3.21e-27
  2.6158e+05   3.05e-27
  2.7154e+05   2.91e-27
  2.8187e+05   2.77e-27
  2.9259e+05   2.64e-27
  3.0372e+05   2.51e-27
  3.1527e+05   2.39e-27
  3.2727e+05   2.28e-27
  3.3972e+05   2.17e-27
  3.5264e+05   2.07e-27
  3.6606e+05   1.97e-27
  3.7998e+05   1.87e-27
  3.9444e+05   1.78e-27
  4.0945e+05   1.70e-27
  4.2502e+05   1.62e-27
  4.4119e+05   1.54e-27
  4.5798e+05   1.47e-27
  4.7540e+05   1.40e-27
  4.9348e+05   1.33e-27
  5.1226e+05   1.27e-27
  5.3175e+05   1.21e-27
  5.5198e+05   1.15e-27
  5.7297e+05   1.10e-27
  5.9477e+05   1.05e-27
  6.1740e+05   1.00e-27
  6.4089e+05   9.56e-28
  6.6527e+05   9.13e-28
  6.9058e+05   8.71e-28
  7.1685e+05   8.33e-28
  7.4412e+05   7.96e-28
  7.7243e+05   7.61e-28
  8.0181e+05   7.28e-28
  8.3232e+05   6.97e-28
  8.6398e+05   6.67e-28
  8.9685e+05   6.40e-28
  9.3097e+05   6.13e-28
  9.6638e+05   5.88e-28
  1.0031e+06   5.64e-28
  1.0413e+06   5.42e-28
  1.0809e+06   5.21e-28
  1.1220e+06   5.00e-28
  1.1647e+06   4.81e-28
  1.2090e+06   4.63e-28
  1.2550e+06   4.46e-28
  1.3028e+06   4.29e-28
  1.3523e+06   4.14e-28
  1.4038e+06   3.99e-28
  1.4572e+06   3.85e-28
  1.5126e+06   3.71e-28
  1.5702e+06   3.58e-28
  1.6299e+06   3.46e-28
  1.6919e+06   3.34e-28
  1.7563e+06   3.23e-28
  1.8231e+06   3.13e-28
  1.8925e+06   3.02e-28
  1.9645e+06   2.92e-28
  2.0392e+06   2.83e-28
  2.1168e+06   2.74e-28
  2.1973e+06   2.65e-28
  2.2809e+06   2.57e-28
  2.3677e+06   2.48e-28
  2.4577e+06   2.40e-28
  2.5512e+06   2.33e-28
  2.6483e+06   2.25e-28
  2.7490e+06   2.18e-28
  2.8536e+06   2.11e-28
  2.9622e+06   2.04e-28
  3.0749e+06   1.97e-28
  3.1918e+06   1.90e-28
  3.3133e+06   1.84e-28
  3.4393e+06   1.78e-28
  3.5702e+06   1.71e-28
  3.7060e+06   1.65e-28
  3.8470e+06   1.59e-28
  3.9933e+06   1.53e-28
  4.1452e+06   1.47e-28
  4.3029e+06   1.42e-28
  4.4666e+06   1.36e-28
  4.6366e+06   1.30e-28
  4.8129e+06   1.25e-28
  4.9960e+06   1.20e-28
  5.1861e+06   1.14e-28
  5.3834e+06   1.09e-28
  5.5882e+06   1.04e-28
  5.8008e+06   9.87e-29
  6.0215e+06   9.38e-29
  6.2506e+06   8.89e-29
  6.4883e+06   8.41e-29
  6.7352e+06   7.94e-29
  6.9914e+06   7.48e-29
  7.2574e+06   7.02e-29
  7.5335e+06   6.58e-29
  7.8201e+06   6.15e-29
  8.1176e+06   5.73e-29
  8.4264e+06   5.32e-29
  8.7470e+06   4.93e-29
  9.0797e+06   4.54e-29
  9.4251e+06   4.18e-29
  9.7837e+06   3.82e-29
  1.0156e+07   3.48e-29
  1.0542e+07   3.15e-29
  1.0943e+07   2.84e-29
  1.1360e+07   2.54e-29
  1.1792e+07   2.26e-29
  1.2240e+07   1.99e-29
  1.2706e+07   1.74e-29
  1.3189e+07   1.52e-29
  1.3691e+07   1.31e-29
  1.4212e+07   1.11e-29
  1.4753e+07   9.36e-30
  1.5314e+07   7.79e-30
  1.5897e+07   6.38e-30
  1.6501e+07   5.15e-30
  1.7129e+07   4.09e-30
  1.7781e+07   3.18e-30
  1.8457e+07   2.42e-30
  1.9159e+07   1.80e-30
  1.9888e+07   1.29e-30
  2.0645e+07   9.01e-31
  2.1430e+07   6.05e-31
  2.2245e+07   3.89e-31
  2.3092e+07   2.38e-31
  2.3970e+07   1.38e-31
  2.4882e+07   7.46e-32
  2.5829e+07   3.75e-32
  2.6811e+07   1.71e-32
  2.7831e+07   7.06e-33
  2.8890e+07   2.57e-33
  2.9989e+07   8.03e-34
  3.1130e+07   2.09e-34
  3.2314e+07   4.42e-35
  3.3544e+07   7.12e-36
  3.4820e+07   8.33e-37
  3.6144e+07   6.64e-38
  3.7519e+07   3.24e-39
  3.8947e+07   8.61e-41
  4.0428e+07   1.10e-42
  4.1966e+07   5.36e-45
  4.3563e+07   7.71e-48
  4.5220e+07   2.43e-51
  4.6941e+07   1.02e-55
  4.8726e+07   3.06e-61
  5.0580e+07   3.08e-68
