#  E [MeV]   Flux [# cm^{-2} s^{-1}  MeV^{-1}]
  3.0000e+04   6.36e-26
  3.1232e+04   6.08e-26
  3.2514e+04   5.81e-26
  3.3849e+04   5.55e-26
  3.5238e+04   5.31e-26
  3.6685e+04   5.07e-26
  3.8191e+04   4.85e-26
  3.9759e+04   4.63e-26
  4.1391e+04   4.42e-26
  4.3090e+04   4.22e-26
  4.4859e+04   4.03e-26
  4.6701e+04   3.85e-26
  4.8618e+04   3.68e-26
  5.0614e+04   3.51e-26
  5.2692e+04   3.35e-26
  5.4855e+04   3.20e-26
  5.7107e+04   3.06e-26
  5.9451e+04   2.92e-26
  6.1892e+04   2.78e-26
  6.4433e+04   2.66e-26
  6.7078e+04   2.53e-26
  6.9832e+04   2.42e-26
  7.2699e+04   2.31e-26
  7.5683e+04   2.20e-26
  7.8790e+04   2.10e-26
  8.2025e+04   2.00e-26
  8.5392e+04   1.91e-26
  8.8898e+04   1.82e-26
  9.2547e+04   1.73e-26
  9.6347e+04   1.65e-26
  1.0030e+05   1.57e-26
  1.0442e+05   1.50e-26
  1.0871e+05   1.43e-26
  1.1317e+05   1.36e-26
  1.1782e+05   1.29e-26
  1.2265e+05   1.23e-26
  1.2769e+05   1.17e-26
  1.3293e+05   1.11e-26
  1.3839e+05   1.06e-26
  1.4407e+05   1.01e-26
  1.4998e+05   9.57e-27
  1.5614e+05   9.09e-27
  1.6255e+05   8.63e-27
  1.6922e+05   8.19e-27
  1.7617e+05   7.77e-27
  1.8340e+05   7.37e-27
  1.9093e+05   6.99e-27
  1.9877e+05   6.63e-27
  2.0693e+05   6.28e-27
  2.1543e+05   5.94e-27
  2.2427e+05   5.63e-27
  2.3348e+05   5.32e-27
  2.4306e+05   5.03e-27
  2.5304e+05   4.75e-27
  2.6343e+05   4.49e-27
  2.7424e+05   4.24e-27
  2.8550e+05   3.99e-27
  2.9722e+05   3.76e-27
  3.0942e+05   3.54e-27
  3.2213e+05   3.33e-27
  3.3535e+05   3.13e-27
  3.4912e+05   2.94e-27
  3.6345e+05   2.76e-27
  3.7837e+05   2.59e-27
  3.9390e+05   2.43e-27
  4.1008e+05   2.27e-27
  4.2691e+05   2.12e-27
  4.4444e+05   1.99e-27
  4.6268e+05   1.85e-27
  4.8168e+05   1.73e-27
  5.0145e+05   1.61e-27
  5.2204e+05   1.50e-27
  5.4347e+05   1.40e-27
  5.6578e+05   1.30e-27
  5.8901e+05   1.21e-27
  6.1319e+05   1.12e-27
  6.3836e+05   1.04e-27
  6.6457e+05   9.65e-28
  6.9185e+05   8.94e-28
  7.2025e+05   8.28e-28
  7.4982e+05   7.66e-28
  7.8061e+05   7.09e-28
  8.1265e+05   6.56e-28
  8.4601e+05   6.06e-28
  8.8075e+05   5.60e-28
  9.1690e+05   5.18e-28
  9.5455e+05   4.78e-28
  9.9373e+05   4.41e-28
  1.0345e+06   4.08e-28
  1.0770e+06   3.76e-28
  1.1212e+06   3.47e-28
  1.1672e+06   3.20e-28
  1.2152e+06   2.96e-28
  1.2650e+06   2.73e-28
  1.3170e+06   2.52e-28
  1.3711e+06   2.32e-28
  1.4273e+06   2.14e-28
  1.4859e+06   1.98e-28
  1.5469e+06   1.82e-28
  1.6104e+06   1.68e-28
  1.6766e+06   1.55e-28
  1.7454e+06   1.43e-28
  1.8170e+06   1.32e-28
  1.8916e+06   1.22e-28
  1.9693e+06   1.12e-28
  2.0501e+06   1.03e-28
  2.1343e+06   9.50e-29
  2.2219e+06   8.75e-29
  2.3131e+06   8.05e-29
  2.4081e+06   7.39e-29
  2.5070e+06   6.80e-29
  2.6099e+06   6.24e-29
  2.7170e+06   5.72e-29
  2.8286e+06   5.24e-29
  2.9447e+06   4.80e-29
  3.0656e+06   4.39e-29
  3.1914e+06   4.02e-29
  3.3225e+06   3.66e-29
  3.4589e+06   3.34e-29
  3.6008e+06   3.04e-29
  3.7487e+06   2.77e-29
  3.9026e+06   2.51e-29
  4.0628e+06   2.28e-29
  4.2296e+06   2.06e-29
  4.4032e+06   1.86e-29
  4.5840e+06   1.68e-29
  4.7722e+06   1.51e-29
  4.9681e+06   1.36e-29
  5.1720e+06   1.21e-29
  5.3844e+06   1.08e-29
  5.6054e+06   9.66e-30
  5.8355e+06   8.58e-30
  6.0751e+06   7.60e-30
  6.3245e+06   6.72e-30
  6.5841e+06   5.91e-30
  6.8544e+06   5.18e-30
  7.1358e+06   4.53e-30
  7.4288e+06   3.94e-30
  7.7338e+06   3.41e-30
  8.0513e+06   2.94e-30
  8.3818e+06   2.52e-30
  8.7259e+06   2.15e-30
  9.0841e+06   1.82e-30
  9.4571e+06   1.53e-30
  9.8453e+06   1.28e-30
  1.0249e+07   1.06e-30
  1.0670e+07   8.68e-31
  1.1108e+07   7.08e-31
  1.1564e+07   5.70e-31
  1.2039e+07   4.52e-31
  1.2533e+07   3.56e-31
  1.3048e+07   2.76e-31
  1.3584e+07   2.09e-31
  1.4141e+07   1.57e-31
  1.4722e+07   1.15e-31
  1.5326e+07   8.24e-32
  1.5955e+07   5.78e-32
  1.6610e+07   3.92e-32
  1.7292e+07   2.57e-32
  1.8002e+07   1.63e-32
  1.8741e+07   9.85e-33
  1.9511e+07   5.68e-33
  2.0312e+07   3.10e-33
  2.1145e+07   1.57e-33
  2.2013e+07   7.43e-34
  2.2917e+07   3.21e-34
  2.3858e+07   1.23e-34
  2.4837e+07   4.23e-35
  2.5857e+07   1.24e-35
  2.6919e+07   3.03e-36
  2.8024e+07   6.02e-37
  2.9174e+07   9.17e-38
  3.0372e+07   1.01e-38
  3.1619e+07   7.68e-40
  3.2917e+07   3.59e-41
  3.4268e+07   9.30e-43
  3.5675e+07   1.16e-44
  3.7140e+07   5.71e-47
  3.8664e+07   8.70e-50
  4.0252e+07   2.97e-53
  4.1904e+07   1.47e-57
  4.3624e+07   5.92e-63
  4.5415e+07   8.93e-70
  4.7280e+07   1.51e-71
  4.9221e+07   1.46e-71
  5.1241e+07   1.41e-71
  5.3345e+07   1.37e-71
  5.5535e+07   1.37e-71
  5.7815e+07   1.37e-71
  6.0188e+07   1.36e-71
  6.2659e+07   1.42e-71
  6.5232e+07   1.47e-71
  6.7910e+07   1.54e-71
  7.0698e+07   1.74e-71
  7.3600e+07   1.93e-71
  7.6621e+07   2.29e-71
  7.9767e+07   3.16e-71
  8.3042e+07   3.96e-71
  8.6451e+07   5.19e-71
  9.0000e+07   7.04e-71
