#  E [MeV]   Flux [# cm^{-2} s^{-1}  MeV^{-1}]
  3.0000e+04   1.31e-19
  3.1123e+04   1.25e-19
  3.2288e+04   1.20e-19
  3.3497e+04   1.16e-19
  3.4751e+04   1.11e-19
  3.6051e+04   1.07e-19
  3.7401e+04   1.02e-19
  3.8801e+04   9.81e-20
  4.0253e+04   9.41e-20
  4.1760e+04   9.03e-20
  4.3324e+04   8.66e-20
  4.4945e+04   8.31e-20
  4.6628e+04   7.97e-20
  4.8373e+04   7.65e-20
  5.0184e+04   7.33e-20
  5.2063e+04   7.03e-20
  5.4011e+04   6.74e-20
  5.6033e+04   6.46e-20
  5.8131e+04   6.20e-20
  6.0307e+04   5.94e-20
  6.2564e+04   5.69e-20
  6.4906e+04   5.45e-20
  6.7336e+04   5.23e-20
  6.9857e+04   5.01e-20
  7.2472e+04   4.80e-20
  7.5184e+04   4.59e-20
  7.7999e+04   4.40e-20
  8.0919e+04   4.21e-20
  8.3948e+04   4.03e-20
  8.7090e+04   3.86e-20
  9.0350e+04   3.69e-20
  9.3732e+04   3.53e-20
  9.7241e+04   3.38e-20
  1.0088e+05   3.23e-20
  1.0466e+05   3.09e-20
  1.0858e+05   2.96e-20
  1.1264e+05   2.83e-20
  1.1686e+05   2.70e-20
  1.2123e+05   2.58e-20
  1.2577e+05   2.47e-20
  1.3048e+05   2.36e-20
  1.3536e+05   2.25e-20
  1.4043e+05   2.15e-20
  1.4568e+05   2.05e-20
  1.5114e+05   1.96e-20
  1.5680e+05   1.87e-20
  1.6266e+05   1.78e-20
  1.6875e+05   1.70e-20
  1.7507e+05   1.62e-20
  1.8162e+05   1.54e-20
  1.8842e+05   1.47e-20
  1.9548e+05   1.40e-20
  2.0279e+05   1.33e-20
  2.1039e+05   1.27e-20
  2.1826e+05   1.21e-20
  2.2643e+05   1.15e-20
  2.3491e+05   1.09e-20
  2.4370e+05   1.04e-20
  2.5282e+05   9.86e-21
  2.6229e+05   9.37e-21
  2.7211e+05   8.90e-21
  2.8229e+05   8.45e-21
  2.9286e+05   8.02e-21
  3.0382e+05   7.60e-21
  3.1519e+05   7.21e-21
  3.2699e+05   6.83e-21
  3.3923e+05   6.47e-21
  3.5193e+05   6.13e-21
  3.6511e+05   5.80e-21
  3.7877e+05   5.49e-21
  3.9295e+05   5.19e-21
  4.0766e+05   4.90e-21
  4.2292e+05   4.63e-21
  4.3875e+05   4.38e-21
  4.5518e+05   4.13e-21
  4.7222e+05   3.90e-21
  4.8989e+05   3.68e-21
  5.0823e+05   3.47e-21
  5.2726e+05   3.27e-21
  5.4699e+05   3.08e-21
  5.6747e+05   2.90e-21
  5.8871e+05   2.73e-21
  6.1075e+05   2.57e-21
  6.3361e+05   2.42e-21
  6.5733e+05   2.27e-21
  6.8194e+05   2.14e-21
  7.0746e+05   2.01e-21
  7.3395e+05   1.88e-21
  7.6142e+05   1.77e-21
  7.8992e+05   1.66e-21
  8.1949e+05   1.55e-21
  8.5017e+05   1.46e-21
  8.8199e+05   1.37e-21
  9.1501e+05   1.28e-21
  9.4926e+05   1.20e-21
  9.8479e+05   1.12e-21
  1.0217e+06   1.05e-21
  1.0599e+06   9.80e-22
  1.0996e+06   9.15e-22
  1.1407e+06   8.55e-22
  1.1834e+06   7.98e-22
  1.2277e+06   7.44e-22
  1.2737e+06   6.94e-22
  1.3214e+06   6.47e-22
  1.3708e+06   6.03e-22
  1.4222e+06   5.61e-22
  1.4754e+06   5.23e-22
  1.5306e+06   4.86e-22
  1.5879e+06   4.52e-22
  1.6474e+06   4.20e-22
  1.7090e+06   3.90e-22
  1.7730e+06   3.62e-22
  1.8394e+06   3.36e-22
  1.9082e+06   3.12e-22
  1.9797e+06   2.89e-22
  2.0538e+06   2.68e-22
  2.1306e+06   2.48e-22
  2.2104e+06   2.29e-22
  2.2931e+06   2.12e-22
  2.3790e+06   1.96e-22
  2.4680e+06   1.81e-22
  2.5604e+06   1.67e-22
  2.6563e+06   1.54e-22
  2.7557e+06   1.42e-22
  2.8589e+06   1.31e-22
  2.9659e+06   1.20e-22
  3.0769e+06   1.11e-22
  3.1921e+06   1.02e-22
  3.3116e+06   9.36e-23
  3.4355e+06   8.58e-23
  3.5641e+06   7.87e-23
  3.6976e+06   7.22e-23
  3.8360e+06   6.61e-23
  3.9796e+06   6.04e-23
  4.1285e+06   5.54e-23
  4.2831e+06   5.06e-23
  4.4434e+06   4.61e-23
  4.6097e+06   4.21e-23
  4.7823e+06   3.84e-23
  4.9613e+06   3.49e-23
  5.1470e+06   3.18e-23
  5.3397e+06   2.89e-23
  5.5396e+06   2.62e-23
  5.7470e+06   2.38e-23
  5.9621e+06   2.16e-23
  6.1853e+06   1.95e-23
  6.4168e+06   1.77e-23
  6.6570e+06   1.60e-23
  6.9062e+06   1.45e-23
  7.1647e+06   1.30e-23
  7.4329e+06   1.18e-23
  7.7112e+06   1.06e-23
  7.9998e+06   9.53e-24
  8.2993e+06   8.60e-24
  8.6100e+06   7.72e-24
  8.9323e+06   6.91e-24
  9.2666e+06   6.22e-24
  9.6135e+06   5.57e-24
  9.9734e+06   4.97e-24
  1.0347e+07   4.46e-24
  1.0734e+07   3.99e-24
  1.1136e+07   3.55e-24
  1.1553e+07   3.18e-24
  1.1985e+07   2.84e-24
  1.2434e+07   2.52e-24
  1.2899e+07   2.25e-24
  1.3382e+07   2.01e-24
  1.3883e+07   1.78e-24
  1.4403e+07   1.59e-24
  1.4942e+07   1.42e-24
  1.5501e+07   1.26e-24
  1.6081e+07   1.12e-24
  1.6683e+07   9.99e-25
  1.7308e+07   8.86e-25
  1.7956e+07   7.87e-25
  1.8628e+07   7.03e-25
  1.9325e+07   6.24e-25
  2.0049e+07   5.54e-25
  2.0799e+07   4.94e-25
  2.1578e+07   4.37e-25
  2.2386e+07   3.85e-25
  2.3224e+07   3.42e-25
  2.4093e+07   3.00e-25
  2.4995e+07   2.61e-25
  2.5930e+07   2.28e-25
  2.6901e+07   1.96e-25
  2.7908e+07   1.65e-25
  2.8953e+07   1.40e-25
  3.0037e+07   1.17e-25
  3.1161e+07   9.37e-26
  3.2327e+07   7.49e-26
  3.3537e+07   5.76e-26
  3.4793e+07   4.18e-26
  3.6095e+07   3.01e-26
  3.7446e+07   2.03e-26
  3.8848e+07   1.22e-26
  4.0302e+07   7.32e-27
  4.1811e+07   3.96e-27
  4.3376e+07   1.64e-27
  4.5000e+07   5.34e-28
