#  E [MeV]   Flux [# cm^{-2} s^{-1}  MeV^{-1}]
  3.0000e+04   3.72e-20
  3.1123e+04   3.56e-20
  3.2288e+04   3.40e-20
  3.3497e+04   3.25e-20
  3.4751e+04   3.10e-20
  3.6051e+04   2.96e-20
  3.7401e+04   2.83e-20
  3.8801e+04   2.70e-20
  4.0253e+04   2.58e-20
  4.1760e+04   2.46e-20
  4.3324e+04   2.35e-20
  4.4945e+04   2.24e-20
  4.6628e+04   2.14e-20
  4.8373e+04   2.04e-20
  5.0184e+04   1.95e-20
  5.2063e+04   1.86e-20
  5.4011e+04   1.77e-20
  5.6033e+04   1.69e-20
  5.8131e+04   1.61e-20
  6.0307e+04   1.54e-20
  6.2564e+04   1.46e-20
  6.4906e+04   1.39e-20
  6.7336e+04   1.33e-20
  6.9857e+04   1.27e-20
  7.2472e+04   1.21e-20
  7.5184e+04   1.15e-20
  7.7999e+04   1.09e-20
  8.0919e+04   1.04e-20
  8.3948e+04   9.90e-21
  8.7090e+04   9.42e-21
  9.0350e+04   8.97e-21
  9.3732e+04   8.53e-21
  9.7241e+04   8.11e-21
  1.0088e+05   7.72e-21
  1.0466e+05   7.34e-21
  1.0858e+05   6.98e-21
  1.1264e+05   6.63e-21
  1.1686e+05   6.31e-21
  1.2123e+05   5.99e-21
  1.2577e+05   5.69e-21
  1.3048e+05   5.41e-21
  1.3536e+05   5.14e-21
  1.4043e+05   4.88e-21
  1.4568e+05   4.63e-21
  1.5114e+05   4.39e-21
  1.5680e+05   4.17e-21
  1.6266e+05   3.96e-21
  1.6875e+05   3.75e-21
  1.7507e+05   3.56e-21
  1.8162e+05   3.37e-21
  1.8842e+05   3.20e-21
  1.9548e+05   3.03e-21
  2.0279e+05   2.87e-21
  2.1039e+05   2.72e-21
  2.1826e+05   2.57e-21
  2.2643e+05   2.43e-21
  2.3491e+05   2.30e-21
  2.4370e+05   2.18e-21
  2.5282e+05   2.06e-21
  2.6229e+05   1.94e-21
  2.7211e+05   1.84e-21
  2.8229e+05   1.73e-21
  2.9286e+05   1.63e-21
  3.0382e+05   1.54e-21
  3.1519e+05   1.45e-21
  3.2699e+05   1.37e-21
  3.3923e+05   1.29e-21
  3.5193e+05   1.21e-21
  3.6511e+05   1.14e-21
  3.7877e+05   1.07e-21
  3.9295e+05   1.00e-21
  4.0766e+05   9.43e-22
  4.2292e+05   8.84e-22
  4.3875e+05   8.28e-22
  4.5518e+05   7.76e-22
  4.7222e+05   7.26e-22
  4.8989e+05   6.78e-22
  5.0823e+05   6.34e-22
  5.2726e+05   5.91e-22
  5.4699e+05   5.51e-22
  5.6747e+05   5.14e-22
  5.8871e+05   4.78e-22
  6.1075e+05   4.45e-22
  6.3361e+05   4.14e-22
  6.5733e+05   3.84e-22
  6.8194e+05   3.57e-22
  7.0746e+05   3.32e-22
  7.3395e+05   3.08e-22
  7.6142e+05   2.86e-22
  7.8992e+05   2.65e-22
  8.1949e+05   2.46e-22
  8.5017e+05   2.28e-22
  8.8199e+05   2.11e-22
  9.1501e+05   1.96e-22
  9.4926e+05   1.82e-22
  9.8479e+05   1.68e-22
  1.0217e+06   1.56e-22
  1.0599e+06   1.44e-22
  1.0996e+06   1.33e-22
  1.1407e+06   1.23e-22
  1.1834e+06   1.14e-22
  1.2277e+06   1.05e-22
  1.2737e+06   9.71e-23
  1.3214e+06   8.96e-23
  1.3708e+06   8.26e-23
  1.4222e+06   7.62e-23
  1.4754e+06   7.03e-23
  1.5306e+06   6.47e-23
  1.5879e+06   5.96e-23
  1.6474e+06   5.49e-23
  1.7090e+06   5.04e-23
  1.7730e+06   4.64e-23
  1.8394e+06   4.26e-23
  1.9082e+06   3.91e-23
  1.9797e+06   3.59e-23
  2.0538e+06   3.29e-23
  2.1306e+06   3.01e-23
  2.2104e+06   2.76e-23
  2.2931e+06   2.52e-23
  2.3790e+06   2.30e-23
  2.4680e+06   2.10e-23
  2.5604e+06   1.91e-23
  2.6563e+06   1.74e-23
  2.7557e+06   1.58e-23
  2.8589e+06   1.44e-23
  2.9659e+06   1.30e-23
  3.0769e+06   1.18e-23
  3.1921e+06   1.07e-23
  3.3116e+06   9.62e-24
  3.4355e+06   8.65e-24
  3.5641e+06   7.80e-24
  3.6976e+06   7.01e-24
  3.8360e+06   6.27e-24
  3.9796e+06   5.62e-24
  4.1285e+06   5.03e-24
  4.2831e+06   4.47e-24
  4.4434e+06   3.98e-24
  4.6097e+06   3.54e-24
  4.7823e+06   3.12e-24
  4.9613e+06   2.76e-24
  5.1470e+06   2.43e-24
  5.3397e+06   2.13e-24
  5.5396e+06   1.87e-24
  5.7470e+06   1.63e-24
  5.9621e+06   1.42e-24
  6.1853e+06   1.23e-24
  6.4168e+06   1.07e-24
  6.6570e+06   9.24e-25
  6.9062e+06   7.93e-25
  7.1647e+06   6.83e-25
  7.4329e+06   5.83e-25
  7.7112e+06   4.93e-25
  7.9998e+06   4.21e-25
  8.2993e+06   3.56e-25
  8.6100e+06   2.96e-25
  8.9323e+06   2.50e-25
  9.2666e+06   2.08e-25
  9.6135e+06   1.71e-25
  9.9734e+06   1.42e-25
  1.0347e+07   1.16e-25
  1.0734e+07   9.38e-26
  1.1136e+07   7.62e-26
  1.1553e+07   6.14e-26
  1.1985e+07   4.85e-26
  1.2434e+07   3.84e-26
  1.2899e+07   3.02e-26
  1.3382e+07   2.33e-26
  1.3883e+07   1.78e-26
  1.4403e+07   1.36e-26
  1.4942e+07   1.02e-26
  1.5501e+07   7.47e-27
  1.6081e+07   5.49e-27
  1.6683e+07   3.91e-27
  1.7308e+07   2.72e-27
  1.7956e+07   1.89e-27
  1.8628e+07   1.27e-27
  1.9325e+07   8.18e-28
  2.0049e+07   5.26e-28
  2.0799e+07   3.23e-28
  2.1578e+07   1.87e-28
  2.2386e+07   1.07e-28
  2.3224e+07   5.73e-29
  2.4093e+07   2.84e-29
  2.4995e+07   1.33e-29
  2.5930e+07   5.72e-30
  2.6901e+07   2.19e-30
  2.7908e+07   7.51e-31
  2.8953e+07   2.23e-31
  3.0037e+07   5.52e-32
  3.1161e+07   1.11e-32
  3.2327e+07   1.73e-33
  3.3537e+07   1.95e-34
  3.4793e+07   1.51e-35
  3.6095e+07   7.26e-37
  3.7446e+07   1.95e-38
  3.8848e+07   2.51e-40
  4.0302e+07   1.30e-42
  4.1811e+07   2.13e-45
  4.3376e+07   8.14e-49
  4.5000e+07   4.91e-53
