#  E [MeV]   Flux [# cm^{-2} s^{-1}  MeV^{-1}]
  3.0000e+04   5.20e-25
  3.1141e+04   4.97e-25
  3.2326e+04   4.75e-25
  3.3556e+04   4.54e-25
  3.4832e+04   4.34e-25
  3.6157e+04   4.15e-25
  3.7533e+04   3.96e-25
  3.8961e+04   3.79e-25
  4.0443e+04   3.62e-25
  4.1982e+04   3.46e-25
  4.3579e+04   3.30e-25
  4.5237e+04   3.15e-25
  4.6958e+04   3.01e-25
  4.8744e+04   2.87e-25
  5.0598e+04   2.74e-25
  5.2523e+04   2.61e-25
  5.4521e+04   2.49e-25
  5.6596e+04   2.38e-25
  5.8749e+04   2.27e-25
  6.0984e+04   2.16e-25
  6.3304e+04   2.06e-25
  6.5712e+04   1.96e-25
  6.8212e+04   1.87e-25
  7.0807e+04   1.78e-25
  7.3500e+04   1.70e-25
  7.6297e+04   1.62e-25
  7.9199e+04   1.54e-25
  8.2212e+04   1.47e-25
  8.5340e+04   1.40e-25
  8.8586e+04   1.33e-25
  9.1956e+04   1.27e-25
  9.5455e+04   1.21e-25
  9.9086e+04   1.15e-25
  1.0286e+05   1.09e-25
  1.0677e+05   1.04e-25
  1.1083e+05   9.86e-26
  1.1505e+05   9.38e-26
  1.1942e+05   8.91e-26
  1.2397e+05   8.47e-26
  1.2868e+05   8.05e-26
  1.3358e+05   7.64e-26
  1.3866e+05   7.26e-26
  1.4394e+05   6.89e-26
  1.4941e+05   6.54e-26
  1.5509e+05   6.21e-26
  1.6100e+05   5.89e-26
  1.6712e+05   5.59e-26
  1.7348e+05   5.30e-26
  1.8008e+05   5.02e-26
  1.8693e+05   4.76e-26
  1.9404e+05   4.51e-26
  2.0142e+05   4.27e-26
  2.0908e+05   4.05e-26
  2.1704e+05   3.83e-26
  2.2529e+05   3.63e-26
  2.3387e+05   3.43e-26
  2.4276e+05   3.24e-26
  2.5200e+05   3.07e-26
  2.6158e+05   2.90e-26
  2.7154e+05   2.74e-26
  2.8187e+05   2.59e-26
  2.9259e+05   2.44e-26
  3.0372e+05   2.31e-26
  3.1527e+05   2.18e-26
  3.2727e+05   2.05e-26
  3.3972e+05   1.93e-26
  3.5264e+05   1.82e-26
  3.6606e+05   1.72e-26
  3.7998e+05   1.62e-26
  3.9444e+05   1.52e-26
  4.0945e+05   1.43e-26
  4.2502e+05   1.34e-26
  4.4119e+05   1.26e-26
  4.5798e+05   1.19e-26
  4.7540e+05   1.11e-26
  4.9348e+05   1.04e-26
  5.1226e+05   9.79e-27
  5.3175e+05   9.17e-27
  5.5198e+05   8.59e-27
  5.7297e+05   8.05e-27
  5.9477e+05   7.53e-27
  6.1740e+05   7.05e-27
  6.4089e+05   6.59e-27
  6.6527e+05   6.16e-27
  6.9058e+05   5.76e-27
  7.1685e+05   5.37e-27
  7.4412e+05   5.02e-27
  7.7243e+05   4.68e-27
  8.0181e+05   4.37e-27
  8.3232e+05   4.07e-27
  8.6398e+05   3.79e-27
  8.9685e+05   3.53e-27
  9.3097e+05   3.29e-27
  9.6638e+05   3.06e-27
  1.0031e+06   2.84e-27
  1.0413e+06   2.64e-27
  1.0809e+06   2.45e-27
  1.1220e+06   2.28e-27
  1.1647e+06   2.11e-27
  1.2090e+06   1.96e-27
  1.2550e+06   1.81e-27
  1.3028e+06   1.68e-27
  1.3523e+06   1.55e-27
  1.4038e+06   1.44e-27
  1.4572e+06   1.33e-27
  1.5126e+06   1.23e-27
  1.5702e+06   1.13e-27
  1.6299e+06   1.04e-27
  1.6919e+06   9.61e-28
  1.7563e+06   8.84e-28
  1.8231e+06   8.14e-28
  1.8925e+06   7.49e-28
  1.9645e+06   6.87e-28
  2.0392e+06   6.31e-28
  2.1168e+06   5.79e-28
  2.1973e+06   5.30e-28
  2.2809e+06   4.85e-28
  2.3677e+06   4.44e-28
  2.4577e+06   4.05e-28
  2.5512e+06   3.70e-28
  2.6483e+06   3.38e-28
  2.7490e+06   3.07e-28
  2.8536e+06   2.79e-28
  2.9622e+06   2.54e-28
  3.0749e+06   2.30e-28
  3.1918e+06   2.09e-28
  3.3133e+06   1.89e-28
  3.4393e+06   1.71e-28
  3.5702e+06   1.55e-28
  3.7060e+06   1.40e-28
  3.8470e+06   1.26e-28
  3.9933e+06   1.13e-28
  4.1452e+06   1.02e-28
  4.3029e+06   9.16e-29
  4.4666e+06   8.20e-29
  4.6366e+06   7.37e-29
  4.8129e+06   6.59e-29
  4.9960e+06   5.87e-29
  5.1861e+06   5.25e-29
  5.3834e+06   4.68e-29
  5.5882e+06   4.14e-29
  5.8008e+06   3.69e-29
  6.0215e+06   3.27e-29
  6.2506e+06   2.88e-29
  6.4883e+06   2.56e-29
  6.7352e+06   2.26e-29
  6.9914e+06   1.98e-29
  7.2574e+06   1.75e-29
  7.5335e+06   1.54e-29
  7.8201e+06   1.34e-29
  8.1176e+06   1.18e-29
  8.4264e+06   1.03e-29
  8.7470e+06   8.99e-30
  9.0797e+06   7.86e-30
  9.4251e+06   6.86e-30
  9.7837e+06   5.93e-30
  1.0156e+07   5.15e-30
  1.0542e+07   4.47e-30
  1.0943e+07   3.84e-30
  1.1360e+07   3.31e-30
  1.1792e+07   2.86e-30
  1.2240e+07   2.45e-30
  1.2706e+07   2.10e-30
  1.3189e+07   1.81e-30
  1.3691e+07   1.54e-30
  1.4212e+07   1.31e-30
  1.4753e+07   1.12e-30
  1.5314e+07   9.51e-31
  1.5897e+07   8.02e-31
  1.6501e+07   6.84e-31
  1.7129e+07   5.76e-31
  1.7781e+07   4.81e-31
  1.8457e+07   4.06e-31
  1.9159e+07   3.39e-31
  1.9888e+07   2.79e-31
  2.0645e+07   2.33e-31
  2.1430e+07   1.92e-31
  2.2245e+07   1.55e-31
  2.3092e+07   1.27e-31
  2.3970e+07   1.02e-31
  2.4882e+07   8.04e-32
  2.5829e+07   6.31e-32
  2.6811e+07   4.83e-32
  2.7831e+07   3.60e-32
  2.8890e+07   2.62e-32
  2.9989e+07   1.84e-32
  3.1130e+07   1.23e-32
  3.2314e+07   7.89e-33
  3.3544e+07   4.74e-33
  3.4820e+07   2.63e-33
  3.6144e+07   1.33e-33
  3.7519e+07   5.97e-34
  3.8947e+07   2.31e-34
  4.0428e+07   7.40e-35
  4.1966e+07   1.87e-35
  4.3563e+07   3.52e-36
  4.5220e+07   4.52e-37
  4.6941e+07   3.55e-38
  4.8726e+07   1.48e-39
  5.0580e+07   2.70e-41
