#  E [MeV]   Flux [# cm^{-2} s^{-1}  MeV^{-1}]
  3.0000e+04   3.86e-25
  3.1141e+04   3.71e-25
  3.2326e+04   3.56e-25
  3.3556e+04   3.42e-25
  3.4832e+04   3.28e-25
  3.6157e+04   3.15e-25
  3.7533e+04   3.03e-25
  3.8961e+04   2.90e-25
  4.0443e+04   2.79e-25
  4.1982e+04   2.67e-25
  4.3579e+04   2.57e-25
  4.5237e+04   2.46e-25
  4.6958e+04   2.36e-25
  4.8744e+04   2.27e-25
  5.0598e+04   2.17e-25
  5.2523e+04   2.09e-25
  5.4521e+04   2.00e-25
  5.6596e+04   1.92e-25
  5.8749e+04   1.84e-25
  6.0984e+04   1.76e-25
  6.3304e+04   1.69e-25
  6.5712e+04   1.62e-25
  6.8212e+04   1.55e-25
  7.0807e+04   1.49e-25
  7.3500e+04   1.43e-25
  7.6297e+04   1.37e-25
  7.9199e+04   1.31e-25
  8.2212e+04   1.25e-25
  8.5340e+04   1.20e-25
  8.8586e+04   1.15e-25
  9.1956e+04   1.10e-25
  9.5455e+04   1.05e-25
  9.9086e+04   1.01e-25
  1.0286e+05   9.64e-26
  1.0677e+05   9.22e-26
  1.1083e+05   8.82e-26
  1.1505e+05   8.43e-26
  1.1942e+05   8.06e-26
  1.2397e+05   7.70e-26
  1.2868e+05   7.36e-26
  1.3358e+05   7.03e-26
  1.3866e+05   6.71e-26
  1.4394e+05   6.40e-26
  1.4941e+05   6.11e-26
  1.5509e+05   5.83e-26
  1.6100e+05   5.56e-26
  1.6712e+05   5.30e-26
  1.7348e+05   5.05e-26
  1.8008e+05   4.81e-26
  1.8693e+05   4.58e-26
  1.9404e+05   4.36e-26
  2.0142e+05   4.15e-26
  2.0908e+05   3.95e-26
  2.1704e+05   3.75e-26
  2.2529e+05   3.56e-26
  2.3387e+05   3.38e-26
  2.4276e+05   3.21e-26
  2.5200e+05   3.05e-26
  2.6158e+05   2.89e-26
  2.7154e+05   2.74e-26
  2.8187e+05   2.59e-26
  2.9259e+05   2.46e-26
  3.0372e+05   2.32e-26
  3.1527e+05   2.20e-26
  3.2727e+05   2.08e-26
  3.3972e+05   1.96e-26
  3.5264e+05   1.85e-26
  3.6606e+05   1.74e-26
  3.7998e+05   1.64e-26
  3.9444e+05   1.55e-26
  4.0945e+05   1.46e-26
  4.2502e+05   1.37e-26
  4.4119e+05   1.29e-26
  4.5798e+05   1.21e-26
  4.7540e+05   1.14e-26
  4.9348e+05   1.07e-26
  5.1226e+05   1.00e-26
  5.3175e+05   9.37e-27
  5.5198e+05   8.77e-27
  5.7297e+05   8.21e-27
  5.9477e+05   7.68e-27
  6.1740e+05   7.18e-27
  6.4089e+05   6.70e-27
  6.6527e+05   6.26e-27
  6.9058e+05   5.84e-27
  7.1685e+05   5.44e-27
  7.4412e+05   5.07e-27
  7.7243e+05   4.73e-27
  8.0181e+05   4.40e-27
  8.3232e+05   4.10e-27
  8.6398e+05   3.81e-27
  8.9685e+05   3.55e-27
  9.3097e+05   3.30e-27
  9.6638e+05   3.07e-27
  1.0031e+06   2.85e-27
  1.0413e+06   2.65e-27
  1.0809e+06   2.46e-27
  1.1220e+06   2.28e-27
  1.1647e+06   2.12e-27
  1.2090e+06   1.97e-27
  1.2550e+06   1.82e-27
  1.3028e+06   1.69e-27
  1.3523e+06   1.57e-27
  1.4038e+06   1.45e-27
  1.4572e+06   1.35e-27
  1.5126e+06   1.25e-27
  1.5702e+06   1.15e-27
  1.6299e+06   1.07e-27
  1.6919e+06   9.87e-28
  1.7563e+06   9.13e-28
  1.8231e+06   8.44e-28
  1.8925e+06   7.80e-28
  1.9645e+06   7.20e-28
  2.0392e+06   6.65e-28
  2.1168e+06   6.14e-28
  2.1973e+06   5.66e-28
  2.2809e+06   5.22e-28
  2.3677e+06   4.81e-28
  2.4577e+06   4.42e-28
  2.5512e+06   4.07e-28
  2.6483e+06   3.74e-28
  2.7490e+06   3.43e-28
  2.8536e+06   3.15e-28
  2.9622e+06   2.89e-28
  3.0749e+06   2.65e-28
  3.1918e+06   2.43e-28
  3.3133e+06   2.22e-28
  3.4393e+06   2.02e-28
  3.5702e+06   1.85e-28
  3.7060e+06   1.69e-28
  3.8470e+06   1.53e-28
  3.9933e+06   1.39e-28
  4.1452e+06   1.27e-28
  4.3029e+06   1.15e-28
  4.4666e+06   1.04e-28
  4.6366e+06   9.41e-29
  4.8129e+06   8.48e-29
  4.9960e+06   7.65e-29
  5.1861e+06   6.89e-29
  5.3834e+06   6.17e-29
  5.5882e+06   5.53e-29
  5.8008e+06   4.95e-29
  6.0215e+06   4.41e-29
  6.2506e+06   3.92e-29
  6.4883e+06   3.49e-29
  6.7352e+06   3.09e-29
  6.9914e+06   2.72e-29
  7.2574e+06   2.40e-29
  7.5335e+06   2.11e-29
  7.8201e+06   1.84e-29
  8.1176e+06   1.61e-29
  8.4264e+06   1.40e-29
  8.7470e+06   1.21e-29
  9.0797e+06   1.05e-29
  9.4251e+06   8.97e-30
  9.7837e+06   7.64e-30
  1.0156e+07   6.51e-30
  1.0542e+07   5.50e-30
  1.0943e+07   4.59e-30
  1.1360e+07   3.85e-30
  1.1792e+07   3.18e-30
  1.2240e+07   2.60e-30
  1.2706e+07   2.13e-30
  1.3189e+07   1.72e-30
  1.3691e+07   1.36e-30
  1.4212e+07   1.08e-30
  1.4753e+07   8.47e-31
  1.5314e+07   6.47e-31
  1.5897e+07   4.94e-31
  1.6501e+07   3.69e-31
  1.7129e+07   2.68e-31
  1.7781e+07   1.93e-31
  1.8457e+07   1.36e-31
  1.9159e+07   9.17e-32
  1.9888e+07   6.08e-32
  2.0645e+07   3.89e-32
  2.1430e+07   2.36e-32
  2.2245e+07   1.39e-32
  2.3092e+07   7.74e-33
  2.3970e+07   4.01e-33
  2.4882e+07   1.96e-33
  2.5829e+07   8.84e-34
  2.6811e+07   3.57e-34
  2.7831e+07   1.29e-34
  2.8890e+07   4.15e-35
  2.9989e+07   1.11e-35
  3.1130e+07   2.46e-36
  3.2314e+07   4.37e-37
  3.3544e+07   5.74e-38
  3.4820e+07   5.30e-39
  3.6144e+07   3.24e-40
  3.7519e+07   1.14e-41
  3.8947e+07   2.06e-43
  4.0428e+07   1.67e-45
  4.1966e+07   4.63e-48
  4.3563e+07   3.30e-51
  4.5220e+07   4.28e-55
  4.6941e+07   5.80e-60
  4.8726e+07   4.09e-66
  5.0580e+07   1.55e-72
