#  E [MeV]   Flux [# cm^{-2} s^{-1}  MeV^{-1}]
  3.0000e+04   1.36e-26
  3.1232e+04   1.30e-26
  3.2514e+04   1.25e-26
  3.3849e+04   1.20e-26
  3.5238e+04   1.16e-26
  3.6685e+04   1.11e-26
  3.8191e+04   1.07e-26
  3.9759e+04   1.03e-26
  4.1391e+04   9.84e-27
  4.3090e+04   9.45e-27
  4.4859e+04   9.06e-27
  4.6701e+04   8.69e-27
  4.8618e+04   8.34e-27
  5.0614e+04   7.99e-27
  5.2692e+04   7.66e-27
  5.4855e+04   7.35e-27
  5.7107e+04   7.04e-27
  5.9451e+04   6.74e-27
  6.1892e+04   6.46e-27
  6.4433e+04   6.18e-27
  6.7078e+04   5.92e-27
  6.9832e+04   5.67e-27
  7.2699e+04   5.42e-27
  7.5683e+04   5.18e-27
  7.8790e+04   4.96e-27
  8.2025e+04   4.74e-27
  8.5392e+04   4.53e-27
  8.8898e+04   4.33e-27
  9.2547e+04   4.13e-27
  9.6347e+04   3.95e-27
  1.0030e+05   3.77e-27
  1.0442e+05   3.59e-27
  1.0871e+05   3.43e-27
  1.1317e+05   3.27e-27
  1.1782e+05   3.12e-27
  1.2265e+05   2.97e-27
  1.2769e+05   2.83e-27
  1.3293e+05   2.70e-27
  1.3839e+05   2.57e-27
  1.4407e+05   2.44e-27
  1.4998e+05   2.33e-27
  1.5614e+05   2.21e-27
  1.6255e+05   2.10e-27
  1.6922e+05   2.00e-27
  1.7617e+05   1.90e-27
  1.8340e+05   1.80e-27
  1.9093e+05   1.71e-27
  1.9877e+05   1.62e-27
  2.0693e+05   1.54e-27
  2.1543e+05   1.46e-27
  2.2427e+05   1.38e-27
  2.3348e+05   1.31e-27
  2.4306e+05   1.24e-27
  2.5304e+05   1.17e-27
  2.6343e+05   1.11e-27
  2.7424e+05   1.04e-27
  2.8550e+05   9.86e-28
  2.9722e+05   9.31e-28
  3.0942e+05   8.78e-28
  3.2213e+05   8.28e-28
  3.3535e+05   7.80e-28
  3.4912e+05   7.34e-28
  3.6345e+05   6.91e-28
  3.7837e+05   6.50e-28
  3.9390e+05   6.11e-28
  4.1008e+05   5.74e-28
  4.2691e+05   5.39e-28
  4.4444e+05   5.05e-28
  4.6268e+05   4.74e-28
  4.8168e+05   4.44e-28
  5.0145e+05   4.16e-28
  5.2204e+05   3.89e-28
  5.4347e+05   3.64e-28
  5.6578e+05   3.41e-28
  5.8901e+05   3.18e-28
  6.1319e+05   2.97e-28
  6.3836e+05   2.78e-28
  6.6457e+05   2.59e-28
  6.9185e+05   2.42e-28
  7.2025e+05   2.25e-28
  7.4982e+05   2.10e-28
  7.8061e+05   1.96e-28
  8.1265e+05   1.83e-28
  8.4601e+05   1.70e-28
  8.8075e+05   1.59e-28
  9.1690e+05   1.48e-28
  9.5455e+05   1.38e-28
  9.9373e+05   1.28e-28
  1.0345e+06   1.19e-28
  1.0770e+06   1.11e-28
  1.1212e+06   1.03e-28
  1.1672e+06   9.63e-29
  1.2152e+06   8.96e-29
  1.2650e+06   8.35e-29
  1.3170e+06   7.77e-29
  1.3711e+06   7.24e-29
  1.4273e+06   6.74e-29
  1.4859e+06   6.28e-29
  1.5469e+06   5.85e-29
  1.6104e+06   5.46e-29
  1.6766e+06   5.09e-29
  1.7454e+06   4.74e-29
  1.8170e+06   4.42e-29
  1.8916e+06   4.12e-29
  1.9693e+06   3.84e-29
  2.0501e+06   3.59e-29
  2.1343e+06   3.34e-29
  2.2219e+06   3.12e-29
  2.3131e+06   2.91e-29
  2.4081e+06   2.71e-29
  2.5070e+06   2.53e-29
  2.6099e+06   2.36e-29
  2.7170e+06   2.20e-29
  2.8286e+06   2.05e-29
  2.9447e+06   1.92e-29
  3.0656e+06   1.79e-29
  3.1914e+06   1.67e-29
  3.3225e+06   1.56e-29
  3.4589e+06   1.45e-29
  3.6008e+06   1.36e-29
  3.7487e+06   1.26e-29
  3.9026e+06   1.18e-29
  4.0628e+06   1.10e-29
  4.2296e+06   1.02e-29
  4.4032e+06   9.53e-30
  4.5840e+06   8.88e-30
  4.7722e+06   8.26e-30
  4.9681e+06   7.69e-30
  5.1720e+06   7.15e-30
  5.3844e+06   6.65e-30
  5.6054e+06   6.18e-30
  5.8355e+06   5.73e-30
  6.0751e+06   5.32e-30
  6.3245e+06   4.93e-30
  6.5841e+06   4.56e-30
  6.8544e+06   4.22e-30
  7.1358e+06   3.90e-30
  7.4288e+06   3.59e-30
  7.7338e+06   3.30e-30
  8.0513e+06   3.04e-30
  8.3818e+06   2.78e-30
  8.7259e+06   2.55e-30
  9.0841e+06   2.33e-30
  9.4571e+06   2.12e-30
  9.8453e+06   1.92e-30
  1.0249e+07   1.74e-30
  1.0670e+07   1.56e-30
  1.1108e+07   1.40e-30
  1.1564e+07   1.25e-30
  1.2039e+07   1.11e-30
  1.2533e+07   9.73e-31
  1.3048e+07   8.51e-31
  1.3584e+07   7.37e-31
  1.4141e+07   6.33e-31
  1.4722e+07   5.37e-31
  1.5326e+07   4.51e-31
  1.5955e+07   3.73e-31
  1.6610e+07   3.04e-31
  1.7292e+07   2.43e-31
  1.8002e+07   1.90e-31
  1.8741e+07   1.45e-31
  1.9511e+07   1.08e-31
  2.0312e+07   7.80e-32
  2.1145e+07   5.41e-32
  2.2013e+07   3.59e-32
  2.2917e+07   2.27e-32
  2.3858e+07   1.35e-32
  2.4837e+07   7.44e-33
  2.5857e+07   3.78e-33
  2.6919e+07   1.73e-33
  2.8024e+07   7.04e-34
  2.9174e+07   2.47e-34
  3.0372e+07   7.25e-35
  3.1619e+07   1.71e-35
  3.2917e+07   3.08e-36
  3.4268e+07   3.99e-37
  3.5675e+07   3.42e-38
  3.7140e+07   1.74e-39
  3.8664e+07   4.60e-41
  4.0252e+07   5.25e-43
  4.1904e+07   2.05e-45
  4.3624e+07   1.99e-48
  4.5415e+07   3.11e-52
  4.7280e+07   4.39e-57
  4.9221e+07   2.49e-63
  5.1241e+07   5.57e-71
  5.3345e+07   5.26e-71
  5.5535e+07   4.97e-71
  5.7815e+07   4.69e-71
  6.0188e+07   4.43e-71
  6.2659e+07   4.17e-71
  6.5232e+07   3.93e-71
  6.7910e+07   3.70e-71
  7.0698e+07   3.48e-71
  7.3600e+07   3.28e-71
  7.6621e+07   3.08e-71
  7.9767e+07   2.89e-71
  8.3042e+07   2.70e-71
  8.6451e+07   2.53e-71
  9.0000e+07   2.38e-71
