#  E [MeV]   Flux [# cm^{-2} s^{-1}  MeV^{-1}]
  3.0000e+04   1.96e-19
  3.1123e+04   1.88e-19
  3.2288e+04   1.81e-19
  3.3497e+04   1.74e-19
  3.4751e+04   1.67e-19
  3.6051e+04   1.61e-19
  3.7401e+04   1.55e-19
  3.8801e+04   1.49e-19
  4.0253e+04   1.43e-19
  4.1760e+04   1.37e-19
  4.3324e+04   1.32e-19
  4.4945e+04   1.27e-19
  4.6628e+04   1.22e-19
  4.8373e+04   1.17e-19
  5.0184e+04   1.13e-19
  5.2063e+04   1.08e-19
  5.4011e+04   1.04e-19
  5.6033e+04   9.99e-20
  5.8131e+04   9.60e-20
  6.0307e+04   9.22e-20
  6.2564e+04   8.85e-20
  6.4906e+04   8.50e-20
  6.7336e+04   8.16e-20
  6.9857e+04   7.84e-20
  7.2472e+04   7.52e-20
  7.5184e+04   7.22e-20
  7.7999e+04   6.92e-20
  8.0919e+04   6.64e-20
  8.3948e+04   6.37e-20
  8.7090e+04   6.11e-20
  9.0350e+04   5.86e-20
  9.3732e+04   5.61e-20
  9.7241e+04   5.38e-20
  1.0088e+05   5.16e-20
  1.0466e+05   4.94e-20
  1.0858e+05   4.73e-20
  1.1264e+05   4.53e-20
  1.1686e+05   4.34e-20
  1.2123e+05   4.16e-20
  1.2577e+05   3.98e-20
  1.3048e+05   3.81e-20
  1.3536e+05   3.64e-20
  1.4043e+05   3.48e-20
  1.4568e+05   3.33e-20
  1.5114e+05   3.18e-20
  1.5680e+05   3.04e-20
  1.6266e+05   2.90e-20
  1.6875e+05   2.77e-20
  1.7507e+05   2.64e-20
  1.8162e+05   2.52e-20
  1.8842e+05   2.41e-20
  1.9548e+05   2.30e-20
  2.0279e+05   2.19e-20
  2.1039e+05   2.09e-20
  2.1826e+05   1.99e-20
  2.2643e+05   1.89e-20
  2.3491e+05   1.80e-20
  2.4370e+05   1.71e-20
  2.5282e+05   1.63e-20
  2.6229e+05   1.55e-20
  2.7211e+05   1.47e-20
  2.8229e+05   1.40e-20
  2.9286e+05   1.33e-20
  3.0382e+05   1.26e-20
  3.1519e+05   1.19e-20
  3.2699e+05   1.13e-20
  3.3923e+05   1.07e-20
  3.5193e+05   1.02e-20
  3.6511e+05   9.61e-21
  3.7877e+05   9.09e-21
  3.9295e+05   8.60e-21
  4.0766e+05   8.12e-21
  4.2292e+05   7.67e-21
  4.3875e+05   7.24e-21
  4.5518e+05   6.83e-21
  4.7222e+05   6.45e-21
  4.8989e+05   6.08e-21
  5.0823e+05   5.72e-21
  5.2726e+05   5.39e-21
  5.4699e+05   5.07e-21
  5.6747e+05   4.77e-21
  5.8871e+05   4.48e-21
  6.1075e+05   4.21e-21
  6.3361e+05   3.95e-21
  6.5733e+05   3.71e-21
  6.8194e+05   3.48e-21
  7.0746e+05   3.26e-21
  7.3395e+05   3.06e-21
  7.6142e+05   2.86e-21
  7.8992e+05   2.68e-21
  8.1949e+05   2.51e-21
  8.5017e+05   2.35e-21
  8.8199e+05   2.19e-21
  9.1501e+05   2.05e-21
  9.4926e+05   1.91e-21
  9.8479e+05   1.79e-21
  1.0217e+06   1.67e-21
  1.0599e+06   1.55e-21
  1.0996e+06   1.45e-21
  1.1407e+06   1.35e-21
  1.1834e+06   1.25e-21
  1.2277e+06   1.17e-21
  1.2737e+06   1.08e-21
  1.3214e+06   1.01e-21
  1.3708e+06   9.34e-22
  1.4222e+06   8.66e-22
  1.4754e+06   8.03e-22
  1.5306e+06   7.44e-22
  1.5879e+06   6.88e-22
  1.6474e+06   6.37e-22
  1.7090e+06   5.89e-22
  1.7730e+06   5.44e-22
  1.8394e+06   5.03e-22
  1.9082e+06   4.64e-22
  1.9797e+06   4.27e-22
  2.0538e+06   3.94e-22
  2.1306e+06   3.63e-22
  2.2104e+06   3.33e-22
  2.2931e+06   3.07e-22
  2.3790e+06   2.82e-22
  2.4680e+06   2.58e-22
  2.5604e+06   2.37e-22
  2.6563e+06   2.17e-22
  2.7557e+06   1.98e-22
  2.8589e+06   1.81e-22
  2.9659e+06   1.66e-22
  3.0769e+06   1.51e-22
  3.1921e+06   1.38e-22
  3.3116e+06   1.25e-22
  3.4355e+06   1.14e-22
  3.5641e+06   1.04e-22
  3.6976e+06   9.42e-23
  3.8360e+06   8.54e-23
  3.9796e+06   7.73e-23
  4.1285e+06   7.01e-23
  4.2831e+06   6.34e-23
  4.4434e+06   5.71e-23
  4.6097e+06   5.17e-23
  4.7823e+06   4.66e-23
  4.9613e+06   4.18e-23
  5.1470e+06   3.77e-23
  5.3397e+06   3.38e-23
  5.5396e+06   3.02e-23
  5.7470e+06   2.71e-23
  5.9621e+06   2.43e-23
  6.1853e+06   2.17e-23
  6.4168e+06   1.93e-23
  6.6570e+06   1.73e-23
  6.9062e+06   1.53e-23
  7.1647e+06   1.36e-23
  7.4329e+06   1.21e-23
  7.7112e+06   1.07e-23
  7.9998e+06   9.48e-24
  8.2993e+06   8.41e-24
  8.6100e+06   7.41e-24
  8.9323e+06   6.51e-24
  9.2666e+06   5.75e-24
  9.6135e+06   5.04e-24
  9.9734e+06   4.39e-24
  1.0347e+07   3.87e-24
  1.0734e+07   3.38e-24
  1.1136e+07   2.92e-24
  1.1553e+07   2.56e-24
  1.1985e+07   2.22e-24
  1.2434e+07   1.91e-24
  1.2899e+07   1.66e-24
  1.3382e+07   1.43e-24
  1.3883e+07   1.22e-24
  1.4403e+07   1.05e-24
  1.4942e+07   9.04e-25
  1.5501e+07   7.67e-25
  1.6081e+07   6.52e-25
  1.6683e+07   5.55e-25
  1.7308e+07   4.66e-25
  1.7956e+07   3.91e-25
  1.8628e+07   3.29e-25
  1.9325e+07   2.73e-25
  2.0049e+07   2.25e-25
  2.0799e+07   1.86e-25
  2.1578e+07   1.51e-25
  2.2386e+07   1.21e-25
  2.3224e+07   9.79e-26
  2.4093e+07   7.76e-26
  2.4995e+07   6.01e-26
  2.5930e+07   4.72e-26
  2.6901e+07   3.60e-26
  2.7908e+07   2.67e-26
  2.8953e+07   1.99e-26
  3.0037e+07   1.43e-26
  3.1161e+07   9.86e-27
  3.2327e+07   6.67e-27
  3.3537e+07   4.31e-27
  3.4793e+07   2.61e-27
  3.6095e+07   1.49e-27
  3.7446e+07   7.88e-28
  3.8848e+07   3.71e-28
  4.0302e+07   1.53e-28
  4.1811e+07   5.37e-29
  4.3376e+07   1.51e-29
  4.5000e+07   3.21e-30
