#  E [GeV]   # per interaction  [GeV^{-1}]
  3.0000e+01   8.95e-01
  3.1051e+01   8.57e-01
  3.2139e+01   8.21e-01
  3.3266e+01   7.86e-01
  3.4432e+01   7.52e-01
  3.5638e+01   7.20e-01
  3.6887e+01   6.89e-01
  3.8180e+01   6.59e-01
  3.9518e+01   6.31e-01
  4.0903e+01   6.03e-01
  4.2336e+01   5.77e-01
  4.3820e+01   5.52e-01
  4.5355e+01   5.27e-01
  4.6945e+01   5.04e-01
  4.8590e+01   4.82e-01
  5.0293e+01   4.61e-01
  5.2055e+01   4.40e-01
  5.3879e+01   4.21e-01
  5.5767e+01   4.02e-01
  5.7722e+01   3.84e-01
  5.9745e+01   3.67e-01
  6.1838e+01   3.50e-01
  6.4005e+01   3.34e-01
  6.6248e+01   3.19e-01
  6.8570e+01   3.05e-01
  7.0973e+01   2.91e-01
  7.3460e+01   2.78e-01
  7.6034e+01   2.65e-01
  7.8699e+01   2.53e-01
  8.1457e+01   2.41e-01
  8.4311e+01   2.30e-01
  8.7266e+01   2.19e-01
  9.0324e+01   2.09e-01
  9.3490e+01   1.99e-01
  9.6766e+01   1.90e-01
  1.0016e+02   1.81e-01
  1.0367e+02   1.72e-01
  1.0730e+02   1.64e-01
  1.1106e+02   1.57e-01
  1.1495e+02   1.49e-01
  1.1898e+02   1.42e-01
  1.2315e+02   1.35e-01
  1.2747e+02   1.29e-01
  1.3193e+02   1.22e-01
  1.3656e+02   1.16e-01
  1.4134e+02   1.11e-01
  1.4629e+02   1.05e-01
  1.5142e+02   1.00e-01
  1.5673e+02   9.51e-02
  1.6222e+02   9.03e-02
  1.6790e+02   8.58e-02
  1.7379e+02   8.15e-02
  1.7988e+02   7.73e-02
  1.8618e+02   7.33e-02
  1.9271e+02   6.95e-02
  1.9946e+02   6.59e-02
  2.0645e+02   6.24e-02
  2.1369e+02   5.91e-02
  2.2117e+02   5.59e-02
  2.2892e+02   5.29e-02
  2.3695e+02   5.00e-02
  2.4525e+02   4.72e-02
  2.5385e+02   4.46e-02
  2.6274e+02   4.21e-02
  2.7195e+02   3.97e-02
  2.8148e+02   3.74e-02
  2.9134e+02   3.52e-02
  3.0155e+02   3.31e-02
  3.1212e+02   3.11e-02
  3.2306e+02   2.92e-02
  3.3438e+02   2.74e-02
  3.4610e+02   2.56e-02
  3.5823e+02   2.40e-02
  3.7078e+02   2.24e-02
  3.8377e+02   2.10e-02
  3.9722e+02   1.96e-02
  4.1114e+02   1.83e-02
  4.2555e+02   1.70e-02
  4.4046e+02   1.59e-02
  4.5590e+02   1.48e-02
  4.7188e+02   1.38e-02
  4.8841e+02   1.28e-02
  5.0553e+02   1.19e-02
  5.2324e+02   1.11e-02
  5.4158e+02   1.03e-02
  5.6056e+02   9.54e-03
  5.8020e+02   8.85e-03
  6.0054e+02   8.19e-03
  6.2158e+02   7.59e-03
  6.4337e+02   7.03e-03
  6.6591e+02   6.50e-03
  6.8925e+02   6.00e-03
  7.1340e+02   5.54e-03
  7.3840e+02   5.11e-03
  7.6428e+02   4.72e-03
  7.9106e+02   4.35e-03
  8.1878e+02   4.00e-03
  8.4748e+02   3.68e-03
  8.7718e+02   3.39e-03
  9.0792e+02   3.12e-03
  9.3973e+02   2.87e-03
  9.7267e+02   2.64e-03
  1.0068e+03   2.42e-03
  1.0420e+03   2.22e-03
  1.0785e+03   2.04e-03
  1.1163e+03   1.87e-03
  1.1555e+03   1.72e-03
  1.1960e+03   1.57e-03
  1.2379e+03   1.44e-03
  1.2813e+03   1.32e-03
  1.3262e+03   1.21e-03
  1.3726e+03   1.11e-03
  1.4207e+03   1.01e-03
  1.4705e+03   9.23e-04
  1.5220e+03   8.42e-04
  1.5754e+03   7.69e-04
  1.6306e+03   7.01e-04
  1.6877e+03   6.38e-04
  1.7469e+03   5.82e-04
  1.8081e+03   5.30e-04
  1.8715e+03   4.81e-04
  1.9370e+03   4.37e-04
  2.0049e+03   3.97e-04
  2.0752e+03   3.60e-04
  2.1479e+03   3.26e-04
  2.2232e+03   2.95e-04
  2.3011e+03   2.67e-04
  2.3817e+03   2.40e-04
  2.4652e+03   2.17e-04
  2.5516e+03   1.96e-04
  2.6410e+03   1.76e-04
  2.7336e+03   1.58e-04
  2.8294e+03   1.42e-04
  2.9285e+03   1.27e-04
  3.0311e+03   1.13e-04
  3.1374e+03   1.01e-04
  3.2473e+03   8.99e-05
  3.3611e+03   7.95e-05
  3.4789e+03   7.08e-05
  3.6008e+03   6.27e-05
  3.7270e+03   5.52e-05
  3.8576e+03   4.87e-05
  3.9928e+03   4.30e-05
  4.1327e+03   3.76e-05
  4.2775e+03   3.28e-05
  4.4274e+03   2.88e-05
  4.5826e+03   2.51e-05
  4.7432e+03   2.17e-05
  4.9094e+03   1.89e-05
  5.0815e+03   1.64e-05
  5.2595e+03   1.41e-05
  5.4438e+03   1.21e-05
  5.6346e+03   1.04e-05
  5.8321e+03   8.84e-06
  6.0365e+03   7.47e-06
  6.2480e+03   6.39e-06
  6.4670e+03   5.40e-06
  6.6936e+03   4.49e-06
  6.9282e+03   3.80e-06
  7.1709e+03   3.19e-06
  7.4222e+03   2.63e-06
  7.6823e+03   2.18e-06
  7.9516e+03   1.81e-06
  8.2302e+03   1.48e-06
  8.5186e+03   1.20e-06
  8.8172e+03   9.87e-07
  9.1262e+03   7.99e-07
  9.4460e+03   6.34e-07
  9.7770e+03   5.12e-07
  1.0120e+04   4.09e-07
  1.0474e+04   3.20e-07
  1.0841e+04   2.51e-07
  1.1221e+04   1.97e-07
  1.1614e+04   1.52e-07
  1.2022e+04   1.15e-07
  1.2443e+04   8.85e-08
  1.2879e+04   6.67e-08
  1.3330e+04   4.91e-08
  1.3797e+04   3.66e-08
  1.4281e+04   2.68e-08
  1.4781e+04   1.91e-08
  1.5299e+04   1.35e-08
  1.5835e+04   9.47e-09
  1.6390e+04   6.44e-09
  1.6965e+04   4.26e-09
  1.7559e+04   2.81e-09
  1.8175e+04   1.78e-09
  1.8812e+04   1.08e-09
  1.9471e+04   6.40e-10
  2.0153e+04   3.62e-10
  2.0859e+04   1.93e-10
  2.1590e+04   9.67e-11
  2.2347e+04   4.54e-11
  2.3130e+04   1.96e-11
  2.3941e+04   7.68e-12
  2.4780e+04   2.70e-12
  2.5648e+04   8.32e-13
  2.6547e+04   2.21e-13
  2.7477e+04   5.04e-14
  2.8440e+04   9.44e-15
