#  E [MeV]   Flux [# cm^{-2} s^{-1}  MeV^{-1}]
  3.0000e+04   4.28e-24
  3.1051e+04   4.12e-24
  3.2139e+04   3.97e-24
  3.3266e+04   3.83e-24
  3.4432e+04   3.69e-24
  3.5638e+04   3.55e-24
  3.6887e+04   3.42e-24
  3.8180e+04   3.30e-24
  3.9518e+04   3.18e-24
  4.0903e+04   3.06e-24
  4.2336e+04   2.95e-24
  4.3820e+04   2.84e-24
  4.5355e+04   2.73e-24
  4.6945e+04   2.63e-24
  4.8590e+04   2.53e-24
  5.0293e+04   2.43e-24
  5.2055e+04   2.34e-24
  5.3879e+04   2.25e-24
  5.5767e+04   2.17e-24
  5.7722e+04   2.08e-24
  5.9745e+04   2.00e-24
  6.1838e+04   1.93e-24
  6.4005e+04   1.85e-24
  6.6248e+04   1.78e-24
  6.8570e+04   1.71e-24
  7.0973e+04   1.64e-24
  7.3460e+04   1.58e-24
  7.6034e+04   1.52e-24
  7.8699e+04   1.46e-24
  8.1457e+04   1.40e-24
  8.4311e+04   1.34e-24
  8.7266e+04   1.29e-24
  9.0324e+04   1.24e-24
  9.3490e+04   1.18e-24
  9.6766e+04   1.14e-24
  1.0016e+05   1.09e-24
  1.0367e+05   1.04e-24
  1.0730e+05   1.00e-24
  1.1106e+05   9.59e-25
  1.1495e+05   9.18e-25
  1.1898e+05   8.79e-25
  1.2315e+05   8.42e-25
  1.2747e+05   8.05e-25
  1.3193e+05   7.71e-25
  1.3656e+05   7.37e-25
  1.4134e+05   7.05e-25
  1.4629e+05   6.74e-25
  1.5142e+05   6.44e-25
  1.5673e+05   6.15e-25
  1.6222e+05   5.88e-25
  1.6790e+05   5.61e-25
  1.7379e+05   5.36e-25
  1.7988e+05   5.11e-25
  1.8618e+05   4.87e-25
  1.9271e+05   4.65e-25
  1.9946e+05   4.43e-25
  2.0645e+05   4.22e-25
  2.1369e+05   4.02e-25
  2.2117e+05   3.83e-25
  2.2892e+05   3.64e-25
  2.3695e+05   3.46e-25
  2.4525e+05   3.29e-25
  2.5385e+05   3.13e-25
  2.6274e+05   2.98e-25
  2.7195e+05   2.83e-25
  2.8148e+05   2.69e-25
  2.9134e+05   2.55e-25
  3.0155e+05   2.42e-25
  3.1212e+05   2.29e-25
  3.2306e+05   2.17e-25
  3.3438e+05   2.06e-25
  3.4610e+05   1.95e-25
  3.5823e+05   1.85e-25
  3.7078e+05   1.75e-25
  3.8377e+05   1.65e-25
  3.9722e+05   1.56e-25
  4.1114e+05   1.48e-25
  4.2555e+05   1.40e-25
  4.4046e+05   1.32e-25
  4.5590e+05   1.25e-25
  4.7188e+05   1.18e-25
  4.8841e+05   1.11e-25
  5.0553e+05   1.05e-25
  5.2324e+05   9.86e-26
  5.4158e+05   9.29e-26
  5.6056e+05   8.75e-26
  5.8020e+05   8.24e-26
  6.0054e+05   7.75e-26
  6.2158e+05   7.29e-26
  6.4337e+05   6.85e-26
  6.6591e+05   6.44e-26
  6.8925e+05   6.05e-26
  7.1340e+05   5.68e-26
  7.3840e+05   5.33e-26
  7.6428e+05   5.00e-26
  7.9106e+05   4.68e-26
  8.1878e+05   4.39e-26
  8.4748e+05   4.11e-26
  8.7718e+05   3.84e-26
  9.0792e+05   3.60e-26
  9.3973e+05   3.36e-26
  9.7267e+05   3.14e-26
  1.0068e+06   2.94e-26
  1.0420e+06   2.74e-26
  1.0785e+06   2.56e-26
  1.1163e+06   2.39e-26
  1.1555e+06   2.23e-26
  1.1960e+06   2.08e-26
  1.2379e+06   1.93e-26
  1.2813e+06   1.80e-26
  1.3262e+06   1.68e-26
  1.3726e+06   1.56e-26
  1.4207e+06   1.45e-26
  1.4705e+06   1.35e-26
  1.5220e+06   1.25e-26
  1.5754e+06   1.16e-26
  1.6306e+06   1.08e-26
  1.6877e+06   9.98e-27
  1.7469e+06   9.24e-27
  1.8081e+06   8.56e-27
  1.8715e+06   7.92e-27
  1.9370e+06   7.32e-27
  2.0049e+06   6.76e-27
  2.0752e+06   6.25e-27
  2.1479e+06   5.77e-27
  2.2232e+06   5.31e-27
  2.3011e+06   4.90e-27
  2.3817e+06   4.52e-27
  2.4652e+06   4.15e-27
  2.5516e+06   3.82e-27
  2.6410e+06   3.52e-27
  2.7336e+06   3.23e-27
  2.8294e+06   2.96e-27
  2.9285e+06   2.71e-27
  3.0311e+06   2.48e-27
  3.1374e+06   2.27e-27
  3.2473e+06   2.08e-27
  3.3611e+06   1.90e-27
  3.4789e+06   1.73e-27
  3.6008e+06   1.57e-27
  3.7270e+06   1.44e-27
  3.8576e+06   1.30e-27
  3.9928e+06   1.18e-27
  4.1327e+06   1.08e-27
  4.2775e+06   9.77e-28
  4.4274e+06   8.82e-28
  4.5826e+06   8.00e-28
  4.7432e+06   7.23e-28
  4.9094e+06   6.51e-28
  5.0815e+06   5.87e-28
  5.2595e+06   5.30e-28
  5.4438e+06   4.76e-28
  5.6346e+06   4.26e-28
  5.8321e+06   3.83e-28
  6.0365e+06   3.42e-28
  6.2480e+06   3.04e-28
  6.4670e+06   2.72e-28
  6.6936e+06   2.42e-28
  6.9282e+06   2.15e-28
  7.1709e+06   1.90e-28
  7.4222e+06   1.69e-28
  7.6823e+06   1.49e-28
  7.9516e+06   1.31e-28
  8.2302e+06   1.16e-28
  8.5186e+06   1.02e-28
  8.8172e+06   8.87e-29
  9.1262e+06   7.80e-29
  9.4460e+06   6.83e-29
  9.7770e+06   5.92e-29
  1.0120e+07   5.14e-29
  1.0474e+07   4.48e-29
  1.0841e+07   3.86e-29
  1.1221e+07   3.30e-29
  1.1614e+07   2.87e-29
  1.2022e+07   2.46e-29
  1.2443e+07   2.08e-29
  1.2879e+07   1.78e-29
  1.3330e+07   1.52e-29
  1.3797e+07   1.27e-29
  1.4281e+07   1.07e-29
  1.4781e+07   9.05e-30
  1.5299e+07   7.55e-30
  1.5835e+07   6.21e-30
  1.6390e+07   5.23e-30
  1.6965e+07   4.33e-30
  1.7559e+07   3.52e-30
  1.8175e+07   2.91e-30
  1.8812e+07   2.39e-30
  1.9471e+07   1.92e-30
  2.0153e+07   1.54e-30
  2.0859e+07   1.24e-30
  2.1590e+07   9.82e-31
  2.2347e+07   7.57e-31
  2.3130e+07   5.95e-31
  2.3941e+07   4.55e-31
  2.4780e+07   3.34e-31
  2.5648e+07   2.46e-31
  2.6547e+07   1.76e-31
  2.7477e+07   1.20e-31
  2.8440e+07   7.81e-32
