#  E [GeV]   # per interaction  [GeV^{-1}]
  3.0000e+01   1.45e-02
  3.0589e+01   1.44e-02
  3.1190e+01   1.42e-02
  3.1803e+01   1.41e-02
  3.2428e+01   1.39e-02
  3.3065e+01   1.37e-02
  3.3714e+01   1.36e-02
  3.4376e+01   1.34e-02
  3.5052e+01   1.33e-02
  3.5740e+01   1.31e-02
  3.6442e+01   1.30e-02
  3.7158e+01   1.28e-02
  3.7888e+01   1.27e-02
  3.8632e+01   1.25e-02
  3.9391e+01   1.24e-02
  4.0165e+01   1.23e-02
  4.0954e+01   1.21e-02
  4.1758e+01   1.20e-02
  4.2579e+01   1.18e-02
  4.3415e+01   1.17e-02
  4.4268e+01   1.16e-02
  4.5138e+01   1.14e-02
  4.6024e+01   1.13e-02
  4.6928e+01   1.12e-02
  4.7850e+01   1.11e-02
  4.8790e+01   1.09e-02
  4.9749e+01   1.08e-02
  5.0726e+01   1.07e-02
  5.1722e+01   1.06e-02
  5.2738e+01   1.04e-02
  5.3774e+01   1.03e-02
  5.4831e+01   1.02e-02
  5.5908e+01   1.01e-02
  5.7006e+01   9.95e-03
  5.8126e+01   9.83e-03
  5.9268e+01   9.71e-03
  6.0432e+01   9.60e-03
  6.1619e+01   9.48e-03
  6.2829e+01   9.36e-03
  6.4064e+01   9.25e-03
  6.5322e+01   9.14e-03
  6.6605e+01   9.02e-03
  6.7913e+01   8.91e-03
  6.9248e+01   8.79e-03
  7.0608e+01   8.68e-03
  7.1995e+01   8.57e-03
  7.3409e+01   8.45e-03
  7.4851e+01   8.34e-03
  7.6321e+01   8.23e-03
  7.7821e+01   8.12e-03
  7.9349e+01   8.01e-03
  8.0908e+01   7.90e-03
  8.2497e+01   7.80e-03
  8.4118e+01   7.69e-03
  8.5770e+01   7.58e-03
  8.7455e+01   7.47e-03
  8.9173e+01   7.37e-03
  9.0925e+01   7.26e-03
  9.2711e+01   7.16e-03
  9.4532e+01   7.05e-03
  9.6389e+01   6.95e-03
  9.8283e+01   6.84e-03
  1.0021e+02   6.74e-03
  1.0218e+02   6.64e-03
  1.0419e+02   6.54e-03
  1.0624e+02   6.44e-03
  1.0832e+02   6.34e-03
  1.1045e+02   6.24e-03
  1.1262e+02   6.14e-03
  1.1483e+02   6.04e-03
  1.1709e+02   5.94e-03
  1.1939e+02   5.84e-03
  1.2173e+02   5.74e-03
  1.2412e+02   5.65e-03
  1.2656e+02   5.55e-03
  1.2905e+02   5.46e-03
  1.3158e+02   5.36e-03
  1.3417e+02   5.27e-03
  1.3680e+02   5.17e-03
  1.3949e+02   5.07e-03
  1.4223e+02   4.98e-03
  1.4503e+02   4.89e-03
  1.4787e+02   4.80e-03
  1.5078e+02   4.70e-03
  1.5374e+02   4.61e-03
  1.5676e+02   4.52e-03
  1.5984e+02   4.43e-03
  1.6298e+02   4.34e-03
  1.6618e+02   4.25e-03
  1.6945e+02   4.16e-03
  1.7278e+02   4.07e-03
  1.7617e+02   3.98e-03
  1.7963e+02   3.90e-03
  1.8316e+02   3.81e-03
  1.8676e+02   3.73e-03
  1.9042e+02   3.64e-03
  1.9417e+02   3.55e-03
  1.9798e+02   3.47e-03
  2.0187e+02   3.39e-03
  2.0583e+02   3.31e-03
  2.0988e+02   3.23e-03
  2.1400e+02   3.14e-03
  2.1820e+02   3.06e-03
  2.2249e+02   2.98e-03
  2.2686e+02   2.90e-03
  2.3132e+02   2.83e-03
  2.3586e+02   2.75e-03
  2.4049e+02   2.68e-03
  2.4522e+02   2.60e-03
  2.5004e+02   2.53e-03
  2.5495e+02   2.45e-03
  2.5996e+02   2.38e-03
  2.6506e+02   2.31e-03
  2.7027e+02   2.24e-03
  2.7558e+02   2.17e-03
  2.8099e+02   2.10e-03
  2.8651e+02   2.03e-03
  2.9214e+02   1.96e-03
  2.9788e+02   1.90e-03
  3.0373e+02   1.83e-03
  3.0970e+02   1.77e-03
  3.1578e+02   1.71e-03
  3.2198e+02   1.65e-03
  3.2831e+02   1.59e-03
  3.3476e+02   1.53e-03
  3.4133e+02   1.47e-03
  3.4804e+02   1.41e-03
  3.5487e+02   1.36e-03
  3.6185e+02   1.30e-03
  3.6895e+02   1.25e-03
  3.7620e+02   1.20e-03
  3.8359e+02   1.15e-03
  3.9113e+02   1.10e-03
  3.9881e+02   1.05e-03
  4.0664e+02   1.01e-03
  4.1463e+02   9.62e-04
  4.2278e+02   9.19e-04
  4.3108e+02   8.76e-04
  4.3955e+02   8.35e-04
  4.4818e+02   7.96e-04
  4.5699e+02   7.57e-04
  4.6596e+02   7.21e-04
  4.7512e+02   6.85e-04
  4.8445e+02   6.50e-04
  4.9397e+02   6.16e-04
  5.0367e+02   5.84e-04
  5.1356e+02   5.53e-04
  5.2365e+02   5.24e-04
  5.3394e+02   4.95e-04
  5.4443e+02   4.67e-04
  5.5512e+02   4.40e-04
  5.6603e+02   4.14e-04
  5.7715e+02   3.89e-04
  5.8848e+02   3.66e-04
  6.0004e+02   3.43e-04
  6.1183e+02   3.22e-04
  6.2385e+02   3.01e-04
  6.3610e+02   2.82e-04
  6.4860e+02   2.63e-04
  6.6134e+02   2.46e-04
  6.7433e+02   2.29e-04
  6.8758e+02   2.13e-04
  7.0108e+02   1.99e-04
  7.1486e+02   1.84e-04
  7.2890e+02   1.71e-04
  7.4322e+02   1.58e-04
  7.5782e+02   1.47e-04
  7.7270e+02   1.36e-04
  7.8788e+02   1.26e-04
  8.0336e+02   1.16e-04
  8.1914e+02   1.07e-04
  8.3523e+02   9.79e-05
  8.5164e+02   9.02e-05
  8.6837e+02   8.29e-05
  8.8542e+02   7.60e-05
  9.0282e+02   6.95e-05
  9.2055e+02   6.32e-05
  9.3863e+02   5.74e-05
  9.5707e+02   5.26e-05
  9.7587e+02   4.81e-05
  9.9504e+02   4.38e-05
  1.0146e+03   3.97e-05
  1.0345e+03   3.58e-05
  1.0548e+03   3.23e-05
  1.0756e+03   2.95e-05
  1.0967e+03   2.68e-05
  1.1182e+03   2.43e-05
  1.1402e+03   2.19e-05
  1.1626e+03   1.97e-05
  1.1854e+03   1.77e-05
  1.2087e+03   1.62e-05
  1.2325e+03   1.48e-05
  1.2567e+03   1.35e-05
  1.2814e+03   1.23e-05
  1.3065e+03   1.11e-05
  1.3322e+03   1.02e-05
  1.3584e+03   9.56e-06
  1.3851e+03   8.98e-06
  1.4123e+03   8.44e-06
  1.4400e+03   7.92e-06
