#  E [GeV]   # per interaction  [GeV^{-1}]
  3.0000e+01   1.82e-02
  3.0943e+01   1.75e-02
  3.1916e+01   1.68e-02
  3.2920e+01   1.62e-02
  3.3955e+01   1.56e-02
  3.5023e+01   1.50e-02
  3.6124e+01   1.44e-02
  3.7260e+01   1.39e-02
  3.8432e+01   1.34e-02
  3.9640e+01   1.29e-02
  4.0887e+01   1.24e-02
  4.2172e+01   1.19e-02
  4.3499e+01   1.14e-02
  4.4866e+01   1.10e-02
  4.6277e+01   1.06e-02
  4.7732e+01   1.01e-02
  4.9233e+01   9.73e-03
  5.0781e+01   9.35e-03
  5.2378e+01   8.97e-03
  5.4025e+01   8.61e-03
  5.5724e+01   8.27e-03
  5.7476e+01   7.93e-03
  5.9284e+01   7.61e-03
  6.1148e+01   7.30e-03
  6.3071e+01   7.00e-03
  6.5054e+01   6.71e-03
  6.7100e+01   6.43e-03
  6.9210e+01   6.17e-03
  7.1386e+01   5.91e-03
  7.3631e+01   5.66e-03
  7.5946e+01   5.42e-03
  7.8334e+01   5.19e-03
  8.0797e+01   4.97e-03
  8.3338e+01   4.76e-03
  8.5959e+01   4.56e-03
  8.8662e+01   4.36e-03
  9.1450e+01   4.18e-03
  9.4325e+01   4.00e-03
  9.7291e+01   3.82e-03
  1.0035e+02   3.65e-03
  1.0351e+02   3.49e-03
  1.0676e+02   3.34e-03
  1.1012e+02   3.19e-03
  1.1358e+02   3.05e-03
  1.1715e+02   2.92e-03
  1.2084e+02   2.79e-03
  1.2464e+02   2.66e-03
  1.2856e+02   2.54e-03
  1.3260e+02   2.43e-03
  1.3677e+02   2.32e-03
  1.4107e+02   2.21e-03
  1.4550e+02   2.11e-03
  1.5008e+02   2.02e-03
  1.5480e+02   1.92e-03
  1.5967e+02   1.83e-03
  1.6469e+02   1.75e-03
  1.6987e+02   1.67e-03
  1.7521e+02   1.59e-03
  1.8072e+02   1.52e-03
  1.8640e+02   1.44e-03
  1.9226e+02   1.38e-03
  1.9831e+02   1.31e-03
  2.0454e+02   1.25e-03
  2.1097e+02   1.19e-03
  2.1761e+02   1.13e-03
  2.2445e+02   1.08e-03
  2.3151e+02   1.03e-03
  2.3879e+02   9.78e-04
  2.4630e+02   9.31e-04
  2.5404e+02   8.86e-04
  2.6203e+02   8.43e-04
  2.7027e+02   8.02e-04
  2.7877e+02   7.62e-04
  2.8753e+02   7.25e-04
  2.9657e+02   6.89e-04
  3.0590e+02   6.54e-04
  3.1552e+02   6.22e-04
  3.2544e+02   5.91e-04
  3.3567e+02   5.61e-04
  3.4623e+02   5.33e-04
  3.5712e+02   5.06e-04
  3.6835e+02   4.80e-04
  3.7993e+02   4.56e-04
  3.9188e+02   4.32e-04
  4.0420e+02   4.10e-04
  4.1691e+02   3.89e-04
  4.3002e+02   3.69e-04
  4.4354e+02   3.50e-04
  4.5749e+02   3.32e-04
  4.7187e+02   3.15e-04
  4.8671e+02   2.98e-04
  5.0202e+02   2.83e-04
  5.1780e+02   2.68e-04
  5.3409e+02   2.54e-04
  5.5088e+02   2.41e-04
  5.6820e+02   2.28e-04
  5.8607e+02   2.16e-04
  6.0450e+02   2.05e-04
  6.2351e+02   1.94e-04
  6.4311e+02   1.84e-04
  6.6334e+02   1.74e-04
  6.8419e+02   1.65e-04
  7.0571e+02   1.56e-04
  7.2790e+02   1.48e-04
  7.5079e+02   1.40e-04
  7.7440e+02   1.33e-04
  7.9875e+02   1.26e-04
  8.2387e+02   1.20e-04
  8.4977e+02   1.14e-04
  8.7649e+02   1.08e-04
  9.0405e+02   1.02e-04
  9.3248e+02   9.71e-05
  9.6180e+02   9.22e-05
  9.9205e+02   8.76e-05
  1.0232e+03   8.32e-05
  1.0554e+03   7.91e-05
  1.0886e+03   7.51e-05
  1.1228e+03   7.14e-05
  1.1581e+03   6.79e-05
  1.1946e+03   6.46e-05
  1.2321e+03   6.15e-05
  1.2709e+03   5.86e-05
  1.3108e+03   5.58e-05
  1.3521e+03   5.31e-05
  1.3946e+03   5.06e-05
  1.4384e+03   4.83e-05
  1.4837e+03   4.60e-05
  1.5303e+03   4.39e-05
  1.5784e+03   4.19e-05
  1.6281e+03   4.00e-05
  1.6793e+03   3.82e-05
  1.7321e+03   3.64e-05
  1.7865e+03   3.48e-05
  1.8427e+03   3.32e-05
  1.9006e+03   3.17e-05
  1.9604e+03   3.03e-05
  2.0221e+03   2.90e-05
  2.0856e+03   2.77e-05
  2.1512e+03   2.65e-05
  2.2189e+03   2.53e-05
  2.2886e+03   2.42e-05
  2.3606e+03   2.32e-05
  2.4348e+03   2.22e-05
  2.5114e+03   2.12e-05
  2.5904e+03   2.03e-05
  2.6718e+03   1.94e-05
  2.7558e+03   1.85e-05
  2.8425e+03   1.77e-05
  2.9319e+03   1.70e-05
  3.0241e+03   1.62e-05
  3.1192e+03   1.55e-05
  3.2173e+03   1.48e-05
  3.3184e+03   1.42e-05
  3.4228e+03   1.35e-05
  3.5304e+03   1.29e-05
  3.6414e+03   1.23e-05
  3.7559e+03   1.18e-05
  3.8740e+03   1.12e-05
  3.9958e+03   1.07e-05
  4.1215e+03   1.02e-05
  4.2511e+03   9.70e-06
  4.3848e+03   9.23e-06
  4.5227e+03   8.77e-06
  4.6649e+03   8.34e-06
  4.8116e+03   7.92e-06
  4.9629e+03   7.51e-06
  5.1189e+03   7.12e-06
  5.2799e+03   6.74e-06
  5.4459e+03   6.38e-06
  5.6171e+03   6.03e-06
  5.7938e+03   5.70e-06
  5.9760e+03   5.38e-06
  6.1639e+03   5.07e-06
  6.3577e+03   4.77e-06
  6.5576e+03   4.48e-06
  6.7638e+03   4.21e-06
  6.9765e+03   3.94e-06
  7.1959e+03   3.69e-06
  7.4222e+03   3.45e-06
  7.6556e+03   3.22e-06
  7.8963e+03   2.99e-06
  8.1446e+03   2.78e-06
  8.4007e+03   2.58e-06
  8.6649e+03   2.39e-06
  8.9373e+03   2.20e-06
  9.2184e+03   2.03e-06
  9.5082e+03   1.86e-06
  9.8072e+03   1.70e-06
  1.0116e+04   1.55e-06
  1.0434e+04   1.41e-06
  1.0762e+04   1.28e-06
  1.1100e+04   1.15e-06
  1.1449e+04   1.04e-06
  1.1809e+04   9.26e-07
  1.2181e+04   8.23e-07
  1.2564e+04   7.27e-07
  1.2959e+04   6.38e-07
  1.3366e+04   5.56e-07
  1.3786e+04   4.83e-07
  1.4220e+04   4.17e-07
