#  E [MeV]   Flux [# cm^{-2} s^{-1}  MeV^{-1}]
  3.0000e+04   2.84e-25
  3.1141e+04   2.71e-25
  3.2326e+04   2.59e-25
  3.3556e+04   2.47e-25
  3.4832e+04   2.36e-25
  3.6157e+04   2.26e-25
  3.7533e+04   2.15e-25
  3.8961e+04   2.06e-25
  4.0443e+04   1.96e-25
  4.1982e+04   1.87e-25
  4.3579e+04   1.78e-25
  4.5237e+04   1.70e-25
  4.6958e+04   1.62e-25
  4.8744e+04   1.55e-25
  5.0598e+04   1.48e-25
  5.2523e+04   1.41e-25
  5.4521e+04   1.34e-25
  5.6596e+04   1.28e-25
  5.8749e+04   1.22e-25
  6.0984e+04   1.16e-25
  6.3304e+04   1.10e-25
  6.5712e+04   1.05e-25
  6.8212e+04   1.00e-25
  7.0807e+04   9.53e-26
  7.3500e+04   9.07e-26
  7.6297e+04   8.63e-26
  7.9199e+04   8.21e-26
  8.2212e+04   7.81e-26
  8.5340e+04   7.43e-26
  8.8586e+04   7.07e-26
  9.1956e+04   6.72e-26
  9.5455e+04   6.38e-26
  9.9086e+04   6.07e-26
  1.0286e+05   5.77e-26
  1.0677e+05   5.48e-26
  1.1083e+05   5.20e-26
  1.1505e+05   4.94e-26
  1.1942e+05   4.69e-26
  1.2397e+05   4.45e-26
  1.2868e+05   4.23e-26
  1.3358e+05   4.01e-26
  1.3866e+05   3.80e-26
  1.4394e+05   3.61e-26
  1.4941e+05   3.42e-26
  1.5509e+05   3.24e-26
  1.6100e+05   3.07e-26
  1.6712e+05   2.91e-26
  1.7348e+05   2.76e-26
  1.8008e+05   2.61e-26
  1.8693e+05   2.47e-26
  1.9404e+05   2.34e-26
  2.0142e+05   2.21e-26
  2.0908e+05   2.09e-26
  2.1704e+05   1.97e-26
  2.2529e+05   1.86e-26
  2.3387e+05   1.76e-26
  2.4276e+05   1.66e-26
  2.5200e+05   1.57e-26
  2.6158e+05   1.48e-26
  2.7154e+05   1.39e-26
  2.8187e+05   1.31e-26
  2.9259e+05   1.23e-26
  3.0372e+05   1.16e-26
  3.1527e+05   1.09e-26
  3.2727e+05   1.02e-26
  3.3972e+05   9.61e-27
  3.5264e+05   9.01e-27
  3.6606e+05   8.45e-27
  3.7998e+05   7.91e-27
  3.9444e+05   7.40e-27
  4.0945e+05   6.92e-27
  4.2502e+05   6.47e-27
  4.4119e+05   6.04e-27
  4.5798e+05   5.63e-27
  4.7540e+05   5.25e-27
  4.9348e+05   4.89e-27
  5.1226e+05   4.55e-27
  5.3175e+05   4.23e-27
  5.5198e+05   3.92e-27
  5.7297e+05   3.64e-27
  5.9477e+05   3.38e-27
  6.1740e+05   3.13e-27
  6.4089e+05   2.89e-27
  6.6527e+05   2.67e-27
  6.9058e+05   2.47e-27
  7.1685e+05   2.28e-27
  7.4412e+05   2.11e-27
  7.7243e+05   1.95e-27
  8.0181e+05   1.80e-27
  8.3232e+05   1.66e-27
  8.6398e+05   1.53e-27
  8.9685e+05   1.41e-27
  9.3097e+05   1.30e-27
  9.6638e+05   1.20e-27
  1.0031e+06   1.11e-27
  1.0413e+06   1.02e-27
  1.0809e+06   9.39e-28
  1.1220e+06   8.65e-28
  1.1647e+06   7.97e-28
  1.2090e+06   7.34e-28
  1.2550e+06   6.75e-28
  1.3028e+06   6.21e-28
  1.3523e+06   5.71e-28
  1.4038e+06   5.26e-28
  1.4572e+06   4.83e-28
  1.5126e+06   4.44e-28
  1.5702e+06   4.08e-28
  1.6299e+06   3.75e-28
  1.6919e+06   3.44e-28
  1.7563e+06   3.16e-28
  1.8231e+06   2.90e-28
  1.8925e+06   2.65e-28
  1.9645e+06   2.43e-28
  2.0392e+06   2.23e-28
  2.1168e+06   2.04e-28
  2.1973e+06   1.86e-28
  2.2809e+06   1.70e-28
  2.3677e+06   1.55e-28
  2.4577e+06   1.42e-28
  2.5512e+06   1.29e-28
  2.6483e+06   1.17e-28
  2.7490e+06   1.06e-28
  2.8536e+06   9.66e-29
  2.9622e+06   8.74e-29
  3.0749e+06   7.90e-29
  3.1918e+06   7.14e-29
  3.3133e+06   6.43e-29
  3.4393e+06   5.79e-29
  3.5702e+06   5.21e-29
  3.7060e+06   4.66e-29
  3.8470e+06   4.17e-29
  3.9933e+06   3.73e-29
  4.1452e+06   3.32e-29
  4.3029e+06   2.95e-29
  4.4666e+06   2.62e-29
  4.6366e+06   2.32e-29
  4.8129e+06   2.04e-29
  4.9960e+06   1.80e-29
  5.1861e+06   1.57e-29
  5.3834e+06   1.37e-29
  5.5882e+06   1.20e-29
  5.8008e+06   1.04e-29
  6.0215e+06   8.94e-30
  6.2506e+06   7.75e-30
  6.4883e+06   6.65e-30
  6.7352e+06   5.65e-30
  6.9914e+06   4.83e-30
  7.2574e+06   4.10e-30
  7.5335e+06   3.43e-30
  7.8201e+06   2.90e-30
  8.1176e+06   2.42e-30
  8.4264e+06   1.99e-30
  8.7470e+06   1.65e-30
  9.0797e+06   1.36e-30
  9.4251e+06   1.10e-30
  9.7837e+06   8.88e-31
  1.0156e+07   7.13e-31
  1.0542e+07   5.62e-31
  1.0943e+07   4.43e-31
  1.1360e+07   3.46e-31
  1.1792e+07   2.65e-31
  1.2240e+07   2.02e-31
  1.2706e+07   1.52e-31
  1.3189e+07   1.12e-31
  1.3691e+07   8.17e-32
  1.4212e+07   5.90e-32
  1.4753e+07   4.13e-32
  1.5314e+07   2.83e-32
  1.5897e+07   1.93e-32
  1.6501e+07   1.26e-32
  1.7129e+07   7.95e-33
  1.7781e+07   4.96e-33
  1.8457e+07   2.94e-33
  1.9159e+07   1.66e-33
  1.9888e+07   9.14e-34
  2.0645e+07   4.70e-34
  2.1430e+07   2.25e-34
  2.2245e+07   1.03e-34
  2.3092e+07   4.27e-35
  2.3970e+07   1.58e-35
  2.4882e+07   5.42e-36
  2.5829e+07   1.60e-36
  2.6811e+07   3.99e-37
  2.7831e+07   8.46e-38
  2.8890e+07   1.42e-38
  2.9989e+07   1.80e-39
  3.1130e+07   1.70e-40
  3.2314e+07   1.07e-41
  3.3544e+07   4.19e-43
  3.4820e+07   9.22e-45
  3.6144e+07   9.86e-47
  3.7519e+07   4.30e-49
  3.8947e+07   6.19e-52
  4.0428e+07   2.20e-55
  4.1966e+07   1.33e-59
  4.3563e+07   8.39e-65
  4.5220e+07   2.91e-71
  4.6941e+07   1.45e-72
  4.8726e+07   1.28e-72
  5.0580e+07   1.14e-72
