#  E [MeV]   Flux [# cm^{-2} s^{-1}  MeV^{-1}]
  3.0000e+04   1.04e-19
  3.0675e+04   1.00e-19
  3.1366e+04   9.70e-20
  3.2072e+04   9.38e-20
  3.2794e+04   9.07e-20
  3.3533e+04   8.76e-20
  3.4288e+04   8.47e-20
  3.5060e+04   8.19e-20
  3.5849e+04   7.91e-20
  3.6656e+04   7.64e-20
  3.7482e+04   7.38e-20
  3.8326e+04   7.13e-20
  3.9188e+04   6.88e-20
  4.0071e+04   6.65e-20
  4.0973e+04   6.42e-20
  4.1896e+04   6.19e-20
  4.2839e+04   5.98e-20
  4.3803e+04   5.77e-20
  4.4790e+04   5.56e-20
  4.5798e+04   5.36e-20
  4.6829e+04   5.17e-20
  4.7884e+04   4.99e-20
  4.8962e+04   4.81e-20
  5.0064e+04   4.63e-20
  5.1191e+04   4.47e-20
  5.2344e+04   4.30e-20
  5.3522e+04   4.14e-20
  5.4727e+04   3.99e-20
  5.5960e+04   3.84e-20
  5.7219e+04   3.70e-20
  5.8508e+04   3.56e-20
  5.9825e+04   3.43e-20
  6.1172e+04   3.30e-20
  6.2549e+04   3.17e-20
  6.3958e+04   3.05e-20
  6.5398e+04   2.93e-20
  6.6870e+04   2.81e-20
  6.8376e+04   2.71e-20
  6.9915e+04   2.60e-20
  7.1489e+04   2.50e-20
  7.3099e+04   2.40e-20
  7.4745e+04   2.30e-20
  7.6428e+04   2.21e-20
  7.8148e+04   2.12e-20
  7.9908e+04   2.03e-20
  8.1707e+04   1.95e-20
  8.3547e+04   1.87e-20
  8.5428e+04   1.79e-20
  8.7351e+04   1.72e-20
  8.9318e+04   1.65e-20
  9.1329e+04   1.58e-20
  9.3385e+04   1.51e-20
  9.5488e+04   1.45e-20
  9.7638e+04   1.39e-20
  9.9836e+04   1.33e-20
  1.0208e+05   1.27e-20
  1.0438e+05   1.21e-20
  1.0673e+05   1.16e-20
  1.0914e+05   1.11e-20
  1.1159e+05   1.06e-20
  1.1411e+05   1.01e-20
  1.1667e+05   9.68e-21
  1.1930e+05   9.25e-21
  1.2199e+05   8.83e-21
  1.2473e+05   8.43e-21
  1.2754e+05   8.04e-21
  1.3041e+05   7.66e-21
  1.3335e+05   7.30e-21
  1.3635e+05   6.97e-21
  1.3942e+05   6.64e-21
  1.4256e+05   6.32e-21
  1.4577e+05   6.02e-21
  1.4905e+05   5.73e-21
  1.5241e+05   5.45e-21
  1.5584e+05   5.19e-21
  1.5935e+05   4.94e-21
  1.6294e+05   4.69e-21
  1.6661e+05   4.45e-21
  1.7036e+05   4.23e-21
  1.7419e+05   4.02e-21
  1.7812e+05   3.82e-21
  1.8213e+05   3.62e-21
  1.8623e+05   3.43e-21
  1.9042e+05   3.26e-21
  1.9471e+05   3.09e-21
  1.9909e+05   2.93e-21
  2.0357e+05   2.77e-21
  2.0816e+05   2.62e-21
  2.1284e+05   2.48e-21
  2.1763e+05   2.35e-21
  2.2253e+05   2.22e-21
  2.2755e+05   2.10e-21
  2.3267e+05   1.98e-21
  2.3791e+05   1.87e-21
  2.4326e+05   1.76e-21
  2.4874e+05   1.66e-21
  2.5434e+05   1.57e-21
  2.6007e+05   1.47e-21
  2.6592e+05   1.39e-21
  2.7191e+05   1.31e-21
  2.7803e+05   1.23e-21
  2.8429e+05   1.16e-21
  2.9069e+05   1.08e-21
  2.9724e+05   1.02e-21
  3.0393e+05   9.56e-22
  3.1077e+05   8.97e-22
  3.1777e+05   8.41e-22
  3.2493e+05   7.87e-22
  3.3224e+05   7.36e-22
  3.3972e+05   6.89e-22
  3.4737e+05   6.45e-22
  3.5519e+05   6.03e-22
  3.6319e+05   5.63e-22
  3.7137e+05   5.24e-22
  3.7973e+05   4.89e-22
  3.8828e+05   4.57e-22
  3.9702e+05   4.26e-22
  4.0596e+05   3.96e-22
  4.1510e+05   3.68e-22
  4.2444e+05   3.42e-22
  4.3400e+05   3.19e-22
  4.4377e+05   2.96e-22
  4.5376e+05   2.75e-22
  4.6398e+05   2.54e-22
  4.7443e+05   2.35e-22
  4.8511e+05   2.18e-22
  4.9603e+05   2.02e-22
  5.0720e+05   1.86e-22
  5.1862e+05   1.72e-22
  5.3030e+05   1.58e-22
  5.4224e+05   1.46e-22
  5.5444e+05   1.35e-22
  5.6693e+05   1.24e-22
  5.7969e+05   1.14e-22
  5.9274e+05   1.04e-22
  6.0609e+05   9.61e-23
  6.1974e+05   8.84e-23
  6.3369e+05   8.12e-23
  6.4796e+05   7.42e-23
  6.6255e+05   6.77e-23
  6.7746e+05   6.20e-23
  6.9272e+05   5.69e-23
  7.0831e+05   5.20e-23
  7.2426e+05   4.74e-23
  7.4057e+05   4.31e-23
  7.5724e+05   3.92e-23
  7.7429e+05   3.59e-23
  7.9172e+05   3.27e-23
  8.0955e+05   2.97e-23
  8.2778e+05   2.69e-23
  8.4641e+05   2.43e-23
  8.6547e+05   2.22e-23
  8.8496e+05   2.02e-23
  9.0488e+05   1.82e-23
  9.2526e+05   1.64e-23
  9.4609e+05   1.48e-23
  9.6739e+05   1.34e-23
  9.8917e+05   1.21e-23
  1.0114e+06   1.09e-23
  1.0342e+06   9.79e-24
  1.0575e+06   8.72e-24
  1.0813e+06   7.90e-24
  1.1057e+06   7.13e-24
  1.1305e+06   6.40e-24
  1.1560e+06   5.71e-24
  1.1820e+06   5.06e-24
  1.2086e+06   4.56e-24
  1.2359e+06   4.10e-24
  1.2637e+06   3.67e-24
  1.2921e+06   3.26e-24
  1.3212e+06   2.87e-24
  1.3510e+06   2.57e-24
  1.3814e+06   2.31e-24
  1.4125e+06   2.06e-24
  1.4443e+06   1.83e-24
  1.4768e+06   1.60e-24
  1.5101e+06   1.42e-24
  1.5441e+06   1.27e-24
  1.5788e+06   1.13e-24
  1.6144e+06   9.99e-25
  1.6507e+06   8.72e-25
  1.6879e+06   7.64e-25
  1.7259e+06   6.82e-25
  1.7648e+06   6.04e-25
  1.8045e+06   5.31e-25
  1.8451e+06   4.61e-25
  1.8867e+06   3.98e-25
  1.9291e+06   3.54e-25
  1.9726e+06   3.12e-25
  2.0170e+06   2.72e-25
  2.0624e+06   2.34e-25
  2.1088e+06   1.98e-25
  2.1563e+06   1.74e-25
  2.2049e+06   1.51e-25
  2.2545e+06   1.29e-25
  2.3053e+06   1.08e-25
  2.3572e+06   8.80e-26
  2.4102e+06   7.61e-26
  2.4645e+06   6.61e-26
  2.5200e+06   5.66e-26
