#  E [GeV]   # per interaction  [GeV^{-1}]
  3.0000e+01   3.19e-01
  3.0782e+01   3.09e-01
  3.1585e+01   2.99e-01
  3.2409e+01   2.89e-01
  3.3255e+01   2.80e-01
  3.4122e+01   2.71e-01
  3.5012e+01   2.61e-01
  3.5925e+01   2.53e-01
  3.6862e+01   2.44e-01
  3.7824e+01   2.36e-01
  3.8810e+01   2.28e-01
  3.9822e+01   2.20e-01
  4.0861e+01   2.12e-01
  4.1927e+01   2.05e-01
  4.3021e+01   1.98e-01
  4.4143e+01   1.91e-01
  4.5294e+01   1.84e-01
  4.6475e+01   1.78e-01
  4.7688e+01   1.71e-01
  4.8931e+01   1.65e-01
  5.0208e+01   1.59e-01
  5.1517e+01   1.53e-01
  5.2861e+01   1.48e-01
  5.4240e+01   1.42e-01
  5.5654e+01   1.37e-01
  5.7106e+01   1.32e-01
  5.8596e+01   1.27e-01
  6.0124e+01   1.22e-01
  6.1692e+01   1.18e-01
  6.3301e+01   1.13e-01
  6.4952e+01   1.09e-01
  6.6647e+01   1.04e-01
  6.8385e+01   1.00e-01
  7.0169e+01   9.64e-02
  7.1999e+01   9.26e-02
  7.3877e+01   8.89e-02
  7.5804e+01   8.54e-02
  7.7781e+01   8.20e-02
  7.9810e+01   7.87e-02
  8.1891e+01   7.55e-02
  8.4027e+01   7.24e-02
  8.6219e+01   6.95e-02
  8.8468e+01   6.66e-02
  9.0775e+01   6.39e-02
  9.3143e+01   6.12e-02
  9.5572e+01   5.86e-02
  9.8065e+01   5.62e-02
  1.0062e+02   5.38e-02
  1.0325e+02   5.15e-02
  1.0594e+02   4.93e-02
  1.0870e+02   4.72e-02
  1.1154e+02   4.51e-02
  1.1445e+02   4.32e-02
  1.1743e+02   4.13e-02
  1.2050e+02   3.95e-02
  1.2364e+02   3.77e-02
  1.2686e+02   3.60e-02
  1.3017e+02   3.44e-02
  1.3357e+02   3.28e-02
  1.3705e+02   3.13e-02
  1.4063e+02   2.99e-02
  1.4429e+02   2.85e-02
  1.4806e+02   2.72e-02
  1.5192e+02   2.59e-02
  1.5588e+02   2.47e-02
  1.5995e+02   2.35e-02
  1.6412e+02   2.24e-02
  1.6840e+02   2.13e-02
  1.7279e+02   2.03e-02
  1.7730e+02   1.93e-02
  1.8193e+02   1.83e-02
  1.8667e+02   1.74e-02
  1.9154e+02   1.66e-02
  1.9654e+02   1.57e-02
  2.0166e+02   1.49e-02
  2.0692e+02   1.42e-02
  2.1232e+02   1.35e-02
  2.1786e+02   1.28e-02
  2.2354e+02   1.21e-02
  2.2937e+02   1.15e-02
  2.3535e+02   1.09e-02
  2.4149e+02   1.03e-02
  2.4779e+02   9.73e-03
  2.5425e+02   9.21e-03
  2.6088e+02   8.70e-03
  2.6769e+02   8.22e-03
  2.7467e+02   7.76e-03
  2.8184e+02   7.33e-03
  2.8919e+02   6.92e-03
  2.9673e+02   6.53e-03
  3.0447e+02   6.15e-03
  3.1241e+02   5.80e-03
  3.2056e+02   5.46e-03
  3.2892e+02   5.14e-03
  3.3750e+02   4.83e-03
  3.4630e+02   4.54e-03
  3.5533e+02   4.27e-03
  3.6460e+02   4.02e-03
  3.7411e+02   3.77e-03
  3.8387e+02   3.53e-03
  3.9388e+02   3.32e-03
  4.0416e+02   3.11e-03
  4.1470e+02   2.91e-03
  4.2551e+02   2.72e-03
  4.3661e+02   2.55e-03
  4.4800e+02   2.39e-03
  4.5969e+02   2.23e-03
  4.7168e+02   2.08e-03
  4.8398e+02   1.94e-03
  4.9660e+02   1.81e-03
  5.0956e+02   1.69e-03
  5.2285e+02   1.58e-03
  5.3648e+02   1.46e-03
  5.5048e+02   1.36e-03
  5.6483e+02   1.27e-03
  5.7957e+02   1.18e-03
  5.9468e+02   1.09e-03
  6.1020e+02   1.01e-03
  6.2611e+02   9.43e-04
  6.4244e+02   8.75e-04
  6.5920e+02   8.10e-04
  6.7639e+02   7.49e-04
  6.9403e+02   6.93e-04
  7.1214e+02   6.42e-04
  7.3071e+02   5.94e-04
  7.4977e+02   5.48e-04
  7.6933e+02   5.05e-04
  7.8939e+02   4.67e-04
  8.0998e+02   4.31e-04
  8.3111e+02   3.97e-04
  8.5279e+02   3.64e-04
  8.7503e+02   3.36e-04
  8.9785e+02   3.09e-04
  9.2127e+02   2.84e-04
  9.4530e+02   2.61e-04
  9.6996e+02   2.39e-04
  9.9526e+02   2.20e-04
  1.0212e+03   2.01e-04
  1.0479e+03   1.84e-04
  1.0752e+03   1.68e-04
  1.1032e+03   1.54e-04
  1.1320e+03   1.41e-04
  1.1615e+03   1.29e-04
  1.1918e+03   1.17e-04
  1.2229e+03   1.06e-04
  1.2548e+03   9.72e-05
  1.2875e+03   8.86e-05
  1.3211e+03   8.05e-05
  1.3556e+03   7.28e-05
  1.3909e+03   6.63e-05
  1.4272e+03   6.04e-05
  1.4644e+03   5.47e-05
  1.5026e+03   4.94e-05
  1.5418e+03   4.46e-05
  1.5820e+03   4.05e-05
  1.6233e+03   3.67e-05
  1.6657e+03   3.30e-05
  1.7091e+03   2.95e-05
  1.7537e+03   2.68e-05
  1.7994e+03   2.42e-05
  1.8464e+03   2.17e-05
  1.8945e+03   1.94e-05
  1.9439e+03   1.74e-05
  1.9946e+03   1.56e-05
  2.0467e+03   1.40e-05
  2.1000e+03   1.25e-05
  2.1548e+03   1.10e-05
  2.2110e+03   9.87e-06
  2.2687e+03   8.83e-06
  2.3279e+03   7.84e-06
  2.3886e+03   6.90e-06
  2.4509e+03   6.10e-06
  2.5148e+03   5.45e-06
  2.5804e+03   4.83e-06
  2.6477e+03   4.24e-06
  2.7168e+03   3.68e-06
  2.7876e+03   3.29e-06
  2.8603e+03   2.91e-06
  2.9349e+03   2.56e-06
  3.0115e+03   2.22e-06
  3.0900e+03   1.94e-06
  3.1706e+03   1.72e-06
  3.2533e+03   1.50e-06
  3.3382e+03   1.30e-06
  3.4253e+03   1.11e-06
  3.5146e+03   9.84e-07
  3.6063e+03   8.61e-07
  3.7003e+03   7.44e-07
  3.7969e+03   6.34e-07
  3.8959e+03   5.46e-07
  3.9975e+03   4.75e-07
  4.1018e+03   4.08e-07
  4.2088e+03   3.44e-07
  4.3185e+03   2.86e-07
  4.4312e+03   2.45e-07
  4.5467e+03   2.07e-07
  4.6653e+03   1.71e-07
  4.7870e+03   1.37e-07
  4.9119e+03   1.13e-07
  5.0400e+03   9.41e-08
