#  E [MeV]   Flux [# cm^{-2} s^{-1}  MeV^{-1}]
  3.0000e+04   8.25e-21
  3.0675e+04   7.99e-21
  3.1366e+04   7.75e-21
  3.2072e+04   7.51e-21
  3.2794e+04   7.27e-21
  3.3533e+04   7.04e-21
  3.4288e+04   6.82e-21
  3.5060e+04   6.61e-21
  3.5849e+04   6.40e-21
  3.6656e+04   6.20e-21
  3.7482e+04   6.00e-21
  3.8326e+04   5.81e-21
  3.9188e+04   5.63e-21
  4.0071e+04   5.45e-21
  4.0973e+04   5.28e-21
  4.1896e+04   5.11e-21
  4.2839e+04   4.95e-21
  4.3803e+04   4.80e-21
  4.4790e+04   4.65e-21
  4.5798e+04   4.50e-21
  4.6829e+04   4.36e-21
  4.7884e+04   4.22e-21
  4.8962e+04   4.09e-21
  5.0064e+04   3.96e-21
  5.1191e+04   3.83e-21
  5.2344e+04   3.71e-21
  5.3522e+04   3.59e-21
  5.4727e+04   3.48e-21
  5.5960e+04   3.37e-21
  5.7219e+04   3.26e-21
  5.8508e+04   3.16e-21
  5.9825e+04   3.06e-21
  6.1172e+04   2.96e-21
  6.2549e+04   2.87e-21
  6.3958e+04   2.78e-21
  6.5398e+04   2.69e-21
  6.6870e+04   2.61e-21
  6.8376e+04   2.52e-21
  6.9915e+04   2.45e-21
  7.1489e+04   2.37e-21
  7.3099e+04   2.29e-21
  7.4745e+04   2.22e-21
  7.6428e+04   2.15e-21
  7.8148e+04   2.08e-21
  7.9908e+04   2.02e-21
  8.1707e+04   1.96e-21
  8.3547e+04   1.90e-21
  8.5428e+04   1.84e-21
  8.7351e+04   1.78e-21
  8.9318e+04   1.72e-21
  9.1329e+04   1.67e-21
  9.3385e+04   1.62e-21
  9.5488e+04   1.57e-21
  9.7638e+04   1.52e-21
  9.9836e+04   1.47e-21
  1.0208e+05   1.43e-21
  1.0438e+05   1.38e-21
  1.0673e+05   1.34e-21
  1.0914e+05   1.30e-21
  1.1159e+05   1.26e-21
  1.1411e+05   1.22e-21
  1.1667e+05   1.18e-21
  1.1930e+05   1.14e-21
  1.2199e+05   1.11e-21
  1.2473e+05   1.08e-21
  1.2754e+05   1.04e-21
  1.3041e+05   1.01e-21
  1.3335e+05   9.80e-22
  1.3635e+05   9.50e-22
  1.3942e+05   9.21e-22
  1.4256e+05   8.93e-22
  1.4577e+05   8.66e-22
  1.4905e+05   8.40e-22
  1.5241e+05   8.14e-22
  1.5584e+05   7.90e-22
  1.5935e+05   7.66e-22
  1.6294e+05   7.43e-22
  1.6661e+05   7.21e-22
  1.7036e+05   6.99e-22
  1.7419e+05   6.78e-22
  1.7812e+05   6.57e-22
  1.8213e+05   6.38e-22
  1.8623e+05   6.18e-22
  1.9042e+05   6.00e-22
  1.9471e+05   5.82e-22
  1.9909e+05   5.64e-22
  2.0357e+05   5.47e-22
  2.0816e+05   5.31e-22
  2.1284e+05   5.15e-22
  2.1763e+05   5.00e-22
  2.2253e+05   4.85e-22
  2.2755e+05   4.70e-22
  2.3267e+05   4.56e-22
  2.3791e+05   4.42e-22
  2.4326e+05   4.29e-22
  2.4874e+05   4.16e-22
  2.5434e+05   4.04e-22
  2.6007e+05   3.92e-22
  2.6592e+05   3.80e-22
  2.7191e+05   3.68e-22
  2.7803e+05   3.57e-22
  2.8429e+05   3.46e-22
  2.9069e+05   3.36e-22
  2.9724e+05   3.26e-22
  3.0393e+05   3.16e-22
  3.1077e+05   3.06e-22
  3.1777e+05   2.97e-22
  3.2493e+05   2.88e-22
  3.3224e+05   2.79e-22
  3.3972e+05   2.71e-22
  3.4737e+05   2.62e-22
  3.5519e+05   2.54e-22
  3.6319e+05   2.46e-22
  3.7137e+05   2.39e-22
  3.7973e+05   2.31e-22
  3.8828e+05   2.24e-22
  3.9702e+05   2.17e-22
  4.0596e+05   2.10e-22
  4.1510e+05   2.04e-22
  4.2444e+05   1.97e-22
  4.3400e+05   1.91e-22
  4.4377e+05   1.85e-22
  4.5376e+05   1.79e-22
  4.6398e+05   1.74e-22
  4.7443e+05   1.68e-22
  4.8511e+05   1.63e-22
  4.9603e+05   1.58e-22
  5.0720e+05   1.52e-22
  5.1862e+05   1.48e-22
  5.3030e+05   1.43e-22
  5.4224e+05   1.38e-22
  5.5444e+05   1.33e-22
  5.6693e+05   1.29e-22
  5.7969e+05   1.25e-22
  5.9274e+05   1.21e-22
  6.0609e+05   1.17e-22
  6.1974e+05   1.13e-22
  6.3369e+05   1.09e-22
  6.4796e+05   1.05e-22
  6.6255e+05   1.02e-22
  6.7746e+05   9.81e-23
  6.9272e+05   9.48e-23
  7.0831e+05   9.15e-23
  7.2426e+05   8.84e-23
  7.4057e+05   8.54e-23
  7.5724e+05   8.24e-23
  7.7429e+05   7.96e-23
  7.9172e+05   7.68e-23
  8.0955e+05   7.41e-23
  8.2778e+05   7.16e-23
  8.4641e+05   6.91e-23
  8.6547e+05   6.67e-23
  8.8496e+05   6.43e-23
  9.0488e+05   6.21e-23
  9.2526e+05   5.99e-23
  9.4609e+05   5.78e-23
  9.6739e+05   5.57e-23
  9.8917e+05   5.37e-23
  1.0114e+06   5.18e-23
  1.0342e+06   5.00e-23
  1.0575e+06   4.82e-23
  1.0813e+06   4.64e-23
  1.1057e+06   4.48e-23
  1.1305e+06   4.32e-23
  1.1560e+06   4.16e-23
  1.1820e+06   4.01e-23
  1.2086e+06   3.87e-23
  1.2359e+06   3.73e-23
  1.2637e+06   3.59e-23
  1.2921e+06   3.46e-23
  1.3212e+06   3.34e-23
  1.3510e+06   3.22e-23
  1.3814e+06   3.10e-23
  1.4125e+06   2.99e-23
  1.4443e+06   2.88e-23
  1.4768e+06   2.78e-23
  1.5101e+06   2.68e-23
  1.5441e+06   2.58e-23
  1.5788e+06   2.49e-23
  1.6144e+06   2.40e-23
  1.6507e+06   2.31e-23
  1.6879e+06   2.23e-23
  1.7259e+06   2.14e-23
  1.7648e+06   2.07e-23
  1.8045e+06   1.99e-23
  1.8451e+06   1.92e-23
  1.8867e+06   1.85e-23
  1.9291e+06   1.78e-23
  1.9726e+06   1.71e-23
  2.0170e+06   1.65e-23
  2.0624e+06   1.58e-23
  2.1088e+06   1.52e-23
  2.1563e+06   1.47e-23
  2.2049e+06   1.41e-23
  2.2545e+06   1.35e-23
  2.3053e+06   1.30e-23
  2.3572e+06   1.25e-23
  2.4102e+06   1.20e-23
  2.4645e+06   1.16e-23
  2.5200e+06   1.12e-23
