#  E [MeV]   Flux [# cm^{-2} s^{-1}  MeV^{-1}]
  3.0000e+04   3.00e-25
  3.1141e+04   2.86e-25
  3.2326e+04   2.74e-25
  3.3556e+04   2.61e-25
  3.4832e+04   2.50e-25
  3.6157e+04   2.38e-25
  3.7533e+04   2.27e-25
  3.8961e+04   2.17e-25
  4.0443e+04   2.07e-25
  4.1982e+04   1.98e-25
  4.3579e+04   1.89e-25
  4.5237e+04   1.80e-25
  4.6958e+04   1.72e-25
  4.8744e+04   1.64e-25
  5.0598e+04   1.56e-25
  5.2523e+04   1.49e-25
  5.4521e+04   1.42e-25
  5.6596e+04   1.35e-25
  5.8749e+04   1.29e-25
  6.0984e+04   1.23e-25
  6.3304e+04   1.17e-25
  6.5712e+04   1.11e-25
  6.8212e+04   1.06e-25
  7.0807e+04   1.01e-25
  7.3500e+04   9.60e-26
  7.6297e+04   9.14e-26
  7.9199e+04   8.70e-26
  8.2212e+04   8.28e-26
  8.5340e+04   7.87e-26
  8.8586e+04   7.49e-26
  9.1956e+04   7.12e-26
  9.5455e+04   6.77e-26
  9.9086e+04   6.44e-26
  1.0286e+05   6.12e-26
  1.0677e+05   5.81e-26
  1.1083e+05   5.52e-26
  1.1505e+05   5.25e-26
  1.1942e+05   4.98e-26
  1.2397e+05   4.73e-26
  1.2868e+05   4.49e-26
  1.3358e+05   4.27e-26
  1.3866e+05   4.05e-26
  1.4394e+05   3.84e-26
  1.4941e+05   3.65e-26
  1.5509e+05   3.46e-26
  1.6100e+05   3.28e-26
  1.6712e+05   3.11e-26
  1.7348e+05   2.95e-26
  1.8008e+05   2.79e-26
  1.8693e+05   2.64e-26
  1.9404e+05   2.50e-26
  2.0142e+05   2.37e-26
  2.0908e+05   2.24e-26
  2.1704e+05   2.12e-26
  2.2529e+05   2.01e-26
  2.3387e+05   1.90e-26
  2.4276e+05   1.79e-26
  2.5200e+05   1.69e-26
  2.6158e+05   1.60e-26
  2.7154e+05   1.51e-26
  2.8187e+05   1.43e-26
  2.9259e+05   1.34e-26
  3.0372e+05   1.27e-26
  3.1527e+05   1.19e-26
  3.2727e+05   1.12e-26
  3.3972e+05   1.06e-26
  3.5264e+05   9.95e-27
  3.6606e+05   9.35e-27
  3.7998e+05   8.79e-27
  3.9444e+05   8.25e-27
  4.0945e+05   7.74e-27
  4.2502e+05   7.26e-27
  4.4119e+05   6.80e-27
  4.5798e+05   6.37e-27
  4.7540e+05   5.96e-27
  4.9348e+05   5.57e-27
  5.1226e+05   5.20e-27
  5.3175e+05   4.86e-27
  5.5198e+05   4.53e-27
  5.7297e+05   4.22e-27
  5.9477e+05   3.93e-27
  6.1740e+05   3.66e-27
  6.4089e+05   3.40e-27
  6.6527e+05   3.16e-27
  6.9058e+05   2.93e-27
  7.1685e+05   2.72e-27
  7.4412e+05   2.53e-27
  7.7243e+05   2.34e-27
  8.0181e+05   2.17e-27
  8.3232e+05   2.01e-27
  8.6398e+05   1.87e-27
  8.9685e+05   1.73e-27
  9.3097e+05   1.60e-27
  9.6638e+05   1.48e-27
  1.0031e+06   1.38e-27
  1.0413e+06   1.27e-27
  1.0809e+06   1.18e-27
  1.1220e+06   1.09e-27
  1.1647e+06   1.01e-27
  1.2090e+06   9.32e-28
  1.2550e+06   8.62e-28
  1.3028e+06   7.96e-28
  1.3523e+06   7.35e-28
  1.4038e+06   6.78e-28
  1.4572e+06   6.26e-28
  1.5126e+06   5.77e-28
  1.5702e+06   5.32e-28
  1.6299e+06   4.90e-28
  1.6919e+06   4.51e-28
  1.7563e+06   4.15e-28
  1.8231e+06   3.82e-28
  1.8925e+06   3.51e-28
  1.9645e+06   3.23e-28
  2.0392e+06   2.96e-28
  2.1168e+06   2.72e-28
  2.1973e+06   2.49e-28
  2.2809e+06   2.28e-28
  2.3677e+06   2.09e-28
  2.4577e+06   1.91e-28
  2.5512e+06   1.74e-28
  2.6483e+06   1.59e-28
  2.7490e+06   1.44e-28
  2.8536e+06   1.32e-28
  2.9622e+06   1.20e-28
  3.0749e+06   1.08e-28
  3.1918e+06   9.83e-29
  3.3133e+06   8.89e-29
  3.4393e+06   8.01e-29
  3.5702e+06   7.24e-29
  3.7060e+06   6.52e-29
  3.8470e+06   5.84e-29
  3.9933e+06   5.25e-29
  4.1452e+06   4.70e-29
  4.3029e+06   4.19e-29
  4.4666e+06   3.75e-29
  4.6366e+06   3.34e-29
  4.8129e+06   2.95e-29
  4.9960e+06   2.62e-29
  5.1861e+06   2.31e-29
  5.3834e+06   2.03e-29
  5.5882e+06   1.79e-29
  5.8008e+06   1.57e-29
  6.0215e+06   1.36e-29
  6.2506e+06   1.19e-29
  6.4883e+06   1.03e-29
  6.7352e+06   8.89e-30
  6.9914e+06   7.67e-30
  7.2574e+06   6.61e-30
  7.5335e+06   5.63e-30
  7.8201e+06   4.80e-30
  8.1176e+06   4.09e-30
  8.4264e+06   3.44e-30
  8.7470e+06   2.89e-30
  9.0797e+06   2.43e-30
  9.4251e+06   2.02e-30
  9.7837e+06   1.66e-30
  1.0156e+07   1.38e-30
  1.0542e+07   1.12e-30
  1.0943e+07   9.05e-31
  1.1360e+07   7.35e-31
  1.1792e+07   5.87e-31
  1.2240e+07   4.62e-31
  1.2706e+07   3.66e-31
  1.3189e+07   2.85e-31
  1.3691e+07   2.16e-31
  1.4212e+07   1.66e-31
  1.4753e+07   1.25e-31
  1.5314e+07   9.11e-32
  1.5897e+07   6.72e-32
  1.6501e+07   4.81e-32
  1.7129e+07   3.33e-32
  1.7781e+07   2.31e-32
  1.8457e+07   1.55e-32
  1.9159e+07   9.94e-33
  1.9888e+07   6.32e-33
  2.0645e+07   3.86e-33
  2.1430e+07   2.22e-33
  2.2245e+07   1.24e-33
  2.3092e+07   6.57e-34
  2.3970e+07   3.20e-34
  2.4882e+07   1.47e-34
  2.5829e+07   6.20e-35
  2.6811e+07   2.32e-35
  2.7831e+07   7.71e-36
  2.8890e+07   2.22e-36
  2.9989e+07   5.26e-37
  3.1130e+07   1.01e-37
  3.2314e+07   1.50e-38
  3.3544e+07   1.59e-39
  3.4820e+07   1.14e-40
  3.6144e+07   5.02e-42
  3.7519e+07   1.19e-43
  3.8947e+07   1.32e-45
  4.0428e+07   5.59e-48
  4.1966e+07   6.98e-51
  4.3563e+07   1.84e-54
  4.5220e+07   6.49e-59
  4.6941e+07   1.71e-64
  4.8726e+07   1.50e-71
  5.0580e+07   1.24e-72
