#  E [MeV]   Flux [# cm^{-2} s^{-1}  MeV^{-1}]
  3.0000e+04   2.65e-25
  3.1141e+04   2.53e-25
  3.2326e+04   2.42e-25
  3.3556e+04   2.31e-25
  3.4832e+04   2.21e-25
  3.6157e+04   2.11e-25
  3.7533e+04   2.01e-25
  3.8961e+04   1.92e-25
  4.0443e+04   1.83e-25
  4.1982e+04   1.75e-25
  4.3579e+04   1.67e-25
  4.5237e+04   1.59e-25
  4.6958e+04   1.52e-25
  4.8744e+04   1.44e-25
  5.0598e+04   1.38e-25
  5.2523e+04   1.31e-25
  5.4521e+04   1.25e-25
  5.6596e+04   1.19e-25
  5.8749e+04   1.14e-25
  6.0984e+04   1.08e-25
  6.3304e+04   1.03e-25
  6.5712e+04   9.81e-26
  6.8212e+04   9.34e-26
  7.0807e+04   8.90e-26
  7.3500e+04   8.47e-26
  7.6297e+04   8.06e-26
  7.9199e+04   7.67e-26
  8.2212e+04   7.29e-26
  8.5340e+04   6.94e-26
  8.8586e+04   6.59e-26
  9.1956e+04   6.27e-26
  9.5455e+04   5.96e-26
  9.9086e+04   5.66e-26
  1.0286e+05   5.38e-26
  1.0677e+05   5.11e-26
  1.1083e+05   4.86e-26
  1.1505e+05   4.61e-26
  1.1942e+05   4.38e-26
  1.2397e+05   4.16e-26
  1.2868e+05   3.95e-26
  1.3358e+05   3.74e-26
  1.3866e+05   3.55e-26
  1.4394e+05   3.37e-26
  1.4941e+05   3.19e-26
  1.5509e+05   3.03e-26
  1.6100e+05   2.87e-26
  1.6712e+05   2.72e-26
  1.7348e+05   2.57e-26
  1.8008e+05   2.44e-26
  1.8693e+05   2.30e-26
  1.9404e+05   2.18e-26
  2.0142e+05   2.06e-26
  2.0908e+05   1.95e-26
  2.1704e+05   1.84e-26
  2.2529e+05   1.74e-26
  2.3387e+05   1.64e-26
  2.4276e+05   1.55e-26
  2.5200e+05   1.46e-26
  2.6158e+05   1.38e-26
  2.7154e+05   1.30e-26
  2.8187e+05   1.22e-26
  2.9259e+05   1.15e-26
  3.0372e+05   1.08e-26
  3.1527e+05   1.02e-26
  3.2727e+05   9.56e-27
  3.3972e+05   8.97e-27
  3.5264e+05   8.42e-27
  3.6606e+05   7.89e-27
  3.7998e+05   7.39e-27
  3.9444e+05   6.92e-27
  4.0945e+05   6.47e-27
  4.2502e+05   6.04e-27
  4.4119e+05   5.64e-27
  4.5798e+05   5.26e-27
  4.7540e+05   4.90e-27
  4.9348e+05   4.57e-27
  5.1226e+05   4.25e-27
  5.3175e+05   3.95e-27
  5.5198e+05   3.67e-27
  5.7297e+05   3.40e-27
  5.9477e+05   3.16e-27
  6.1740e+05   2.92e-27
  6.4089e+05   2.70e-27
  6.6527e+05   2.50e-27
  6.9058e+05   2.31e-27
  7.1685e+05   2.13e-27
  7.4412e+05   1.97e-27
  7.7243e+05   1.82e-27
  8.0181e+05   1.68e-27
  8.3232e+05   1.55e-27
  8.6398e+05   1.43e-27
  8.9685e+05   1.32e-27
  9.3097e+05   1.22e-27
  9.6638e+05   1.12e-27
  1.0031e+06   1.03e-27
  1.0413e+06   9.53e-28
  1.0809e+06   8.78e-28
  1.1220e+06   8.09e-28
  1.1647e+06   7.46e-28
  1.2090e+06   6.86e-28
  1.2550e+06   6.32e-28
  1.3028e+06   5.82e-28
  1.3523e+06   5.35e-28
  1.4038e+06   4.92e-28
  1.4572e+06   4.52e-28
  1.5126e+06   4.16e-28
  1.5702e+06   3.82e-28
  1.6299e+06   3.51e-28
  1.6919e+06   3.22e-28
  1.7563e+06   2.96e-28
  1.8231e+06   2.71e-28
  1.8925e+06   2.48e-28
  1.9645e+06   2.28e-28
  2.0392e+06   2.09e-28
  2.1168e+06   1.91e-28
  2.1973e+06   1.74e-28
  2.2809e+06   1.59e-28
  2.3677e+06   1.45e-28
  2.4577e+06   1.33e-28
  2.5512e+06   1.21e-28
  2.6483e+06   1.10e-28
  2.7490e+06   9.97e-29
  2.8536e+06   9.05e-29
  2.9622e+06   8.19e-29
  3.0749e+06   7.40e-29
  3.1918e+06   6.69e-29
  3.3133e+06   6.03e-29
  3.4393e+06   5.42e-29
  3.5702e+06   4.88e-29
  3.7060e+06   4.37e-29
  3.8470e+06   3.91e-29
  3.9933e+06   3.50e-29
  4.1452e+06   3.11e-29
  4.3029e+06   2.76e-29
  4.4666e+06   2.46e-29
  4.6366e+06   2.17e-29
  4.8129e+06   1.91e-29
  4.9960e+06   1.69e-29
  5.1861e+06   1.48e-29
  5.3834e+06   1.29e-29
  5.5882e+06   1.12e-29
  5.8008e+06   9.75e-30
  6.0215e+06   8.39e-30
  6.2506e+06   7.27e-30
  6.4883e+06   6.24e-30
  6.7352e+06   5.30e-30
  6.9914e+06   4.54e-30
  7.2574e+06   3.85e-30
  7.5335e+06   3.23e-30
  7.8201e+06   2.72e-30
  8.1176e+06   2.27e-30
  8.4264e+06   1.87e-30
  8.7470e+06   1.55e-30
  9.0797e+06   1.28e-30
  9.4251e+06   1.03e-30
  9.7837e+06   8.35e-31
  1.0156e+07   6.71e-31
  1.0542e+07   5.29e-31
  1.0943e+07   4.17e-31
  1.1360e+07   3.26e-31
  1.1792e+07   2.50e-31
  1.2240e+07   1.90e-31
  1.2706e+07   1.44e-31
  1.3189e+07   1.06e-31
  1.3691e+07   7.73e-32
  1.4212e+07   5.59e-32
  1.4753e+07   3.91e-32
  1.5314e+07   2.69e-32
  1.5897e+07   1.83e-32
  1.6501e+07   1.20e-32
  1.7129e+07   7.57e-33
  1.7781e+07   4.73e-33
  1.8457e+07   2.81e-33
  1.9159e+07   1.59e-33
  1.9888e+07   8.76e-34
  2.0645e+07   4.52e-34
  2.1430e+07   2.16e-34
  2.2245e+07   9.93e-35
  2.3092e+07   4.14e-35
  2.3970e+07   1.54e-35
  2.4882e+07   5.30e-36
  2.5829e+07   1.58e-36
  2.6811e+07   3.95e-37
  2.7831e+07   8.41e-38
  2.8890e+07   1.42e-38
  2.9989e+07   1.82e-39
  3.1130e+07   1.73e-40
  3.2314e+07   1.11e-41
  3.3544e+07   4.39e-43
  3.4820e+07   9.81e-45
  3.6144e+07   1.07e-46
  3.7519e+07   4.77e-49
  3.8947e+07   7.06e-52
  4.0428e+07   2.59e-55
  4.1966e+07   1.63e-59
  4.3563e+07   1.08e-64
  4.5220e+07   3.97e-71
  4.6941e+07   1.36e-72
  4.8726e+07   1.20e-72
  5.0580e+07   1.06e-72
