#  E [GeV]   # per interaction  [GeV^{-1}]
  3.0000e+01   1.48e-02
  3.0589e+01   1.46e-02
  3.1190e+01   1.44e-02
  3.1803e+01   1.43e-02
  3.2428e+01   1.41e-02
  3.3065e+01   1.40e-02
  3.3714e+01   1.38e-02
  3.4376e+01   1.36e-02
  3.5052e+01   1.35e-02
  3.5740e+01   1.33e-02
  3.6442e+01   1.32e-02
  3.7158e+01   1.30e-02
  3.7888e+01   1.29e-02
  3.8632e+01   1.27e-02
  3.9391e+01   1.26e-02
  4.0165e+01   1.25e-02
  4.0954e+01   1.23e-02
  4.1758e+01   1.22e-02
  4.2579e+01   1.20e-02
  4.3415e+01   1.19e-02
  4.4268e+01   1.18e-02
  4.5138e+01   1.16e-02
  4.6024e+01   1.15e-02
  4.6928e+01   1.14e-02
  4.7850e+01   1.12e-02
  4.8790e+01   1.11e-02
  4.9749e+01   1.10e-02
  5.0726e+01   1.09e-02
  5.1722e+01   1.07e-02
  5.2738e+01   1.06e-02
  5.3774e+01   1.05e-02
  5.4831e+01   1.04e-02
  5.5908e+01   1.02e-02
  5.7006e+01   1.01e-02
  5.8126e+01   1.00e-02
  5.9268e+01   9.89e-03
  6.0432e+01   9.77e-03
  6.1619e+01   9.66e-03
  6.2829e+01   9.54e-03
  6.4064e+01   9.42e-03
  6.5322e+01   9.31e-03
  6.6605e+01   9.20e-03
  6.7913e+01   9.08e-03
  6.9248e+01   8.97e-03
  7.0608e+01   8.86e-03
  7.1995e+01   8.74e-03
  7.3409e+01   8.63e-03
  7.4851e+01   8.52e-03
  7.6321e+01   8.41e-03
  7.7821e+01   8.30e-03
  7.9349e+01   8.19e-03
  8.0908e+01   8.08e-03
  8.2497e+01   7.97e-03
  8.4118e+01   7.86e-03
  8.5770e+01   7.76e-03
  8.7455e+01   7.65e-03
  8.9173e+01   7.54e-03
  9.0925e+01   7.44e-03
  9.2711e+01   7.33e-03
  9.4532e+01   7.23e-03
  9.6389e+01   7.13e-03
  9.8283e+01   7.02e-03
  1.0021e+02   6.92e-03
  1.0218e+02   6.82e-03
  1.0419e+02   6.72e-03
  1.0624e+02   6.62e-03
  1.0832e+02   6.52e-03
  1.1045e+02   6.42e-03
  1.1262e+02   6.32e-03
  1.1483e+02   6.22e-03
  1.1709e+02   6.12e-03
  1.1939e+02   6.03e-03
  1.2173e+02   5.93e-03
  1.2412e+02   5.83e-03
  1.2656e+02   5.74e-03
  1.2905e+02   5.64e-03
  1.3158e+02   5.55e-03
  1.3417e+02   5.46e-03
  1.3680e+02   5.36e-03
  1.3949e+02   5.27e-03
  1.4223e+02   5.17e-03
  1.4503e+02   5.08e-03
  1.4787e+02   4.99e-03
  1.5078e+02   4.90e-03
  1.5374e+02   4.81e-03
  1.5676e+02   4.71e-03
  1.5984e+02   4.62e-03
  1.6298e+02   4.53e-03
  1.6618e+02   4.45e-03
  1.6945e+02   4.36e-03
  1.7278e+02   4.27e-03
  1.7617e+02   4.18e-03
  1.7963e+02   4.10e-03
  1.8316e+02   4.01e-03
  1.8676e+02   3.93e-03
  1.9042e+02   3.84e-03
  1.9417e+02   3.76e-03
  1.9798e+02   3.67e-03
  2.0187e+02   3.59e-03
  2.0583e+02   3.51e-03
  2.0988e+02   3.43e-03
  2.1400e+02   3.35e-03
  2.1820e+02   3.27e-03
  2.2249e+02   3.19e-03
  2.2686e+02   3.11e-03
  2.3132e+02   3.03e-03
  2.3586e+02   2.96e-03
  2.4049e+02   2.89e-03
  2.4522e+02   2.81e-03
  2.5004e+02   2.73e-03
  2.5495e+02   2.66e-03
  2.5996e+02   2.59e-03
  2.6506e+02   2.52e-03
  2.7027e+02   2.45e-03
  2.7558e+02   2.38e-03
  2.8099e+02   2.31e-03
  2.8651e+02   2.24e-03
  2.9214e+02   2.17e-03
  2.9788e+02   2.10e-03
  3.0373e+02   2.04e-03
  3.0970e+02   1.97e-03
  3.1578e+02   1.91e-03
  3.2198e+02   1.85e-03
  3.2831e+02   1.78e-03
  3.3476e+02   1.72e-03
  3.4133e+02   1.67e-03
  3.4804e+02   1.61e-03
  3.5487e+02   1.55e-03
  3.6185e+02   1.49e-03
  3.6895e+02   1.44e-03
  3.7620e+02   1.38e-03
  3.8359e+02   1.33e-03
  3.9113e+02   1.28e-03
  3.9881e+02   1.23e-03
  4.0664e+02   1.18e-03
  4.1463e+02   1.13e-03
  4.2278e+02   1.09e-03
  4.3108e+02   1.04e-03
  4.3955e+02   9.98e-04
  4.4818e+02   9.54e-04
  4.5699e+02   9.13e-04
  4.6596e+02   8.72e-04
  4.7512e+02   8.33e-04
  4.8445e+02   7.95e-04
  4.9397e+02   7.58e-04
  5.0367e+02   7.22e-04
  5.1356e+02   6.87e-04
  5.2365e+02   6.54e-04
  5.3394e+02   6.22e-04
  5.4443e+02   5.90e-04
  5.5512e+02   5.59e-04
  5.6603e+02   5.29e-04
  5.7715e+02   5.01e-04
  5.8848e+02   4.73e-04
  6.0004e+02   4.47e-04
  6.1183e+02   4.21e-04
  6.2385e+02   3.97e-04
  6.3610e+02   3.74e-04
  6.4860e+02   3.52e-04
  6.6134e+02   3.30e-04
  6.7433e+02   3.10e-04
  6.8758e+02   2.90e-04
  7.0108e+02   2.72e-04
  7.1486e+02   2.54e-04
  7.2890e+02   2.37e-04
  7.4322e+02   2.21e-04
  7.5782e+02   2.06e-04
  7.7270e+02   1.92e-04
  7.8788e+02   1.79e-04
  8.0336e+02   1.66e-04
  8.1914e+02   1.54e-04
  8.3523e+02   1.43e-04
  8.5164e+02   1.32e-04
  8.6837e+02   1.22e-04
  8.8542e+02   1.13e-04
  9.0282e+02   1.04e-04
  9.2055e+02   9.54e-05
  9.3863e+02   8.74e-05
  9.5707e+02   7.98e-05
  9.7587e+02   7.32e-05
  9.9504e+02   6.73e-05
  1.0146e+03   6.16e-05
  1.0345e+03   5.62e-05
  1.0548e+03   5.11e-05
  1.0756e+03   4.61e-05
  1.0967e+03   4.22e-05
  1.1182e+03   3.86e-05
  1.1402e+03   3.52e-05
  1.1626e+03   3.20e-05
  1.1854e+03   2.88e-05
  1.2087e+03   2.59e-05
  1.2325e+03   2.38e-05
  1.2567e+03   2.19e-05
  1.2814e+03   2.01e-05
  1.3065e+03   1.83e-05
  1.3322e+03   1.66e-05
  1.3584e+03   1.51e-05
  1.3851e+03   1.42e-05
  1.4123e+03   1.34e-05
  1.4400e+03   1.26e-05
