#  E [MeV]   Flux [# cm^{-2} s^{-1}  MeV^{-1}]
  3.0000e+04   4.63e-20
  3.0943e+04   4.45e-20
  3.1916e+04   4.27e-20
  3.2920e+04   4.11e-20
  3.3955e+04   3.94e-20
  3.5023e+04   3.79e-20
  3.6124e+04   3.64e-20
  3.7260e+04   3.49e-20
  3.8432e+04   3.35e-20
  3.9640e+04   3.22e-20
  4.0887e+04   3.09e-20
  4.2172e+04   2.96e-20
  4.3499e+04   2.84e-20
  4.4866e+04   2.73e-20
  4.6277e+04   2.62e-20
  4.7732e+04   2.51e-20
  4.9233e+04   2.41e-20
  5.0781e+04   2.31e-20
  5.2378e+04   2.22e-20
  5.4025e+04   2.12e-20
  5.5724e+04   2.04e-20
  5.7476e+04   1.95e-20
  5.9284e+04   1.87e-20
  6.1148e+04   1.79e-20
  6.3071e+04   1.72e-20
  6.5054e+04   1.65e-20
  6.7100e+04   1.58e-20
  6.9210e+04   1.51e-20
  7.1386e+04   1.45e-20
  7.3631e+04   1.39e-20
  7.5946e+04   1.33e-20
  7.8334e+04   1.27e-20
  8.0797e+04   1.22e-20
  8.3338e+04   1.17e-20
  8.5959e+04   1.12e-20
  8.8662e+04   1.07e-20
  9.1450e+04   1.02e-20
  9.4325e+04   9.77e-21
  9.7291e+04   9.35e-21
  1.0035e+05   8.94e-21
  1.0351e+05   8.54e-21
  1.0676e+05   8.16e-21
  1.1012e+05   7.80e-21
  1.1358e+05   7.44e-21
  1.1715e+05   7.11e-21
  1.2084e+05   6.78e-21
  1.2464e+05   6.47e-21
  1.2856e+05   6.17e-21
  1.3260e+05   5.89e-21
  1.3677e+05   5.61e-21
  1.4107e+05   5.34e-21
  1.4550e+05   5.09e-21
  1.5008e+05   4.84e-21
  1.5480e+05   4.61e-21
  1.5967e+05   4.38e-21
  1.6469e+05   4.16e-21
  1.6987e+05   3.96e-21
  1.7521e+05   3.75e-21
  1.8072e+05   3.56e-21
  1.8640e+05   3.38e-21
  1.9226e+05   3.20e-21
  1.9831e+05   3.03e-21
  2.0454e+05   2.87e-21
  2.1097e+05   2.71e-21
  2.1761e+05   2.57e-21
  2.2445e+05   2.43e-21
  2.3151e+05   2.30e-21
  2.3879e+05   2.17e-21
  2.4630e+05   2.05e-21
  2.5404e+05   1.94e-21
  2.6203e+05   1.83e-21
  2.7027e+05   1.73e-21
  2.7877e+05   1.63e-21
  2.8753e+05   1.53e-21
  2.9657e+05   1.45e-21
  3.0590e+05   1.36e-21
  3.1552e+05   1.28e-21
  3.2544e+05   1.20e-21
  3.3567e+05   1.13e-21
  3.4623e+05   1.06e-21
  3.5712e+05   9.97e-22
  3.6835e+05   9.35e-22
  3.7993e+05   8.75e-22
  3.9188e+05   8.20e-22
  4.0420e+05   7.67e-22
  4.1691e+05   7.16e-22
  4.3002e+05   6.69e-22
  4.4354e+05   6.25e-22
  4.5749e+05   5.82e-22
  4.7187e+05   5.42e-22
  4.8671e+05   5.05e-22
  5.0202e+05   4.70e-22
  5.1780e+05   4.37e-22
  5.3409e+05   4.05e-22
  5.5088e+05   3.76e-22
  5.6820e+05   3.49e-22
  5.8607e+05   3.23e-22
  6.0450e+05   2.99e-22
  6.2351e+05   2.77e-22
  6.4311e+05   2.56e-22
  6.6334e+05   2.36e-22
  6.8419e+05   2.18e-22
  7.0571e+05   2.01e-22
  7.2790e+05   1.85e-22
  7.5079e+05   1.70e-22
  7.7440e+05   1.57e-22
  7.9875e+05   1.44e-22
  8.2387e+05   1.32e-22
  8.4977e+05   1.21e-22
  8.7649e+05   1.11e-22
  9.0405e+05   1.02e-22
  9.3248e+05   9.34e-23
  9.6180e+05   8.53e-23
  9.9205e+05   7.81e-23
  1.0232e+06   7.14e-23
  1.0554e+06   6.51e-23
  1.0886e+06   5.94e-23
  1.1228e+06   5.42e-23
  1.1581e+06   4.93e-23
  1.1946e+06   4.48e-23
  1.2321e+06   4.08e-23
  1.2709e+06   3.71e-23
  1.3108e+06   3.37e-23
  1.3521e+06   3.05e-23
  1.3946e+06   2.77e-23
  1.4384e+06   2.51e-23
  1.4837e+06   2.26e-23
  1.5303e+06   2.04e-23
  1.5784e+06   1.85e-23
  1.6281e+06   1.67e-23
  1.6793e+06   1.50e-23
  1.7321e+06   1.35e-23
  1.7865e+06   1.22e-23
  1.8427e+06   1.09e-23
  1.9006e+06   9.74e-24
  1.9604e+06   8.77e-24
  2.0221e+06   7.87e-24
  2.0856e+06   7.03e-24
  2.1512e+06   6.26e-24
  2.2189e+06   5.61e-24
  2.2886e+06   5.01e-24
  2.3606e+06   4.44e-24
  2.4348e+06   3.95e-24
  2.5114e+06   3.53e-24
  2.5904e+06   3.13e-24
  2.6718e+06   2.75e-24
  2.7558e+06   2.44e-24
  2.8425e+06   2.17e-24
  2.9319e+06   1.90e-24
  3.0241e+06   1.66e-24
  3.1192e+06   1.47e-24
  3.2173e+06   1.30e-24
  3.3184e+06   1.13e-24
  3.4228e+06   9.87e-25
  3.5304e+06   8.69e-25
  3.6414e+06   7.59e-25
  3.7559e+06   6.56e-25
  3.8740e+06   5.72e-25
  3.9958e+06   5.00e-25
  4.1215e+06   4.33e-25
  4.2511e+06   3.70e-25
  4.3848e+06   3.24e-25
  4.5227e+06   2.81e-25
  4.6649e+06   2.41e-25
  4.8116e+06   2.05e-25
  4.9629e+06   1.79e-25
  5.1189e+06   1.54e-25
  5.2799e+06   1.31e-25
  5.4459e+06   1.12e-25
  5.6171e+06   9.65e-26
  5.7938e+06   8.24e-26
  5.9760e+06   6.94e-26
  6.1639e+06   5.97e-26
  6.3577e+06   5.14e-26
  6.5576e+06   4.37e-26
  6.7638e+06   3.67e-26
  6.9765e+06   3.18e-26
  7.1959e+06   2.73e-26
  7.4222e+06   2.32e-26
  7.6556e+06   1.97e-26
  7.8963e+06   1.70e-26
  8.1446e+06   1.45e-26
  8.4007e+06   1.23e-26
  8.6649e+06   1.05e-26
  8.9373e+06   9.12e-27
  9.2184e+06   7.82e-27
  9.5082e+06   6.64e-27
  9.8072e+06   5.75e-27
  1.0116e+07   4.95e-27
  1.0434e+07   4.24e-27
  1.0762e+07   3.60e-27
  1.1100e+07   3.06e-27
  1.1449e+07   2.58e-27
  1.1809e+07   2.16e-27
  1.2181e+07   1.79e-27
  1.2564e+07   1.47e-27
  1.2959e+07   1.19e-27
  1.3366e+07   9.55e-28
  1.3786e+07   7.68e-28
  1.4220e+07   6.13e-28
