#  E [MeV]   Flux [# cm^{-2} s^{-1}  MeV^{-1}]
  3.0000e+04   1.10e-20
  3.0765e+04   1.08e-20
  3.1549e+04   1.05e-20
  3.2354e+04   1.03e-20
  3.3179e+04   1.00e-20
  3.4025e+04   9.76e-21
  3.4892e+04   9.53e-21
  3.5782e+04   9.30e-21
  3.6695e+04   9.08e-21
  3.7630e+04   8.86e-21
  3.8590e+04   8.66e-21
  3.9574e+04   8.46e-21
  4.0583e+04   8.26e-21
  4.1618e+04   8.07e-21
  4.2679e+04   7.89e-21
  4.3767e+04   7.71e-21
  4.4883e+04   7.54e-21
  4.6028e+04   7.37e-21
  4.7201e+04   7.21e-21
  4.8405e+04   7.05e-21
  4.9639e+04   6.90e-21
  5.0905e+04   6.75e-21
  5.2203e+04   6.61e-21
  5.3534e+04   6.47e-21
  5.4899e+04   6.33e-21
  5.6299e+04   6.20e-21
  5.7734e+04   6.08e-21
  5.9207e+04   5.95e-21
  6.0716e+04   5.83e-21
  6.2264e+04   5.72e-21
  6.3852e+04   5.61e-21
  6.5480e+04   5.50e-21
  6.7150e+04   5.39e-21
  6.8862e+04   5.29e-21
  7.0618e+04   5.19e-21
  7.2419e+04   5.09e-21
  7.4265e+04   4.99e-21
  7.6159e+04   4.90e-21
  7.8101e+04   4.81e-21
  8.0092e+04   4.72e-21
  8.2135e+04   4.64e-21
  8.4229e+04   4.55e-21
  8.6377e+04   4.47e-21
  8.8579e+04   4.39e-21
  9.0838e+04   4.31e-21
  9.3154e+04   4.24e-21
  9.5529e+04   4.16e-21
  9.7965e+04   4.09e-21
  1.0046e+05   4.02e-21
  1.0303e+05   3.95e-21
  1.0565e+05   3.88e-21
  1.0835e+05   3.81e-21
  1.1111e+05   3.74e-21
  1.1394e+05   3.68e-21
  1.1685e+05   3.62e-21
  1.1983e+05   3.55e-21
  1.2288e+05   3.49e-21
  1.2602e+05   3.43e-21
  1.2923e+05   3.37e-21
  1.3252e+05   3.31e-21
  1.3590e+05   3.26e-21
  1.3937e+05   3.20e-21
  1.4292e+05   3.15e-21
  1.4657e+05   3.09e-21
  1.5030e+05   3.04e-21
  1.5414e+05   2.98e-21
  1.5807e+05   2.93e-21
  1.6210e+05   2.88e-21
  1.6623e+05   2.83e-21
  1.7047e+05   2.78e-21
  1.7482e+05   2.73e-21
  1.7927e+05   2.68e-21
  1.8384e+05   2.63e-21
  1.8853e+05   2.58e-21
  1.9334e+05   2.53e-21
  1.9827e+05   2.48e-21
  2.0333e+05   2.43e-21
  2.0851e+05   2.39e-21
  2.1383e+05   2.34e-21
  2.1928e+05   2.29e-21
  2.2487e+05   2.25e-21
  2.3060e+05   2.20e-21
  2.3648e+05   2.16e-21
  2.4251e+05   2.11e-21
  2.4870e+05   2.07e-21
  2.5504e+05   2.03e-21
  2.6154e+05   1.98e-21
  2.6821e+05   1.94e-21
  2.7505e+05   1.90e-21
  2.8206e+05   1.85e-21
  2.8926e+05   1.81e-21
  2.9663e+05   1.77e-21
  3.0420e+05   1.73e-21
  3.1195e+05   1.69e-21
  3.1991e+05   1.64e-21
  3.2806e+05   1.60e-21
  3.3643e+05   1.56e-21
  3.4501e+05   1.52e-21
  3.5381e+05   1.48e-21
  3.6283e+05   1.44e-21
  3.7208e+05   1.41e-21
  3.8157e+05   1.37e-21
  3.9130e+05   1.33e-21
  4.0127e+05   1.29e-21
  4.1150e+05   1.25e-21
  4.2200e+05   1.22e-21
  4.3276e+05   1.18e-21
  4.4379e+05   1.15e-21
  4.5511e+05   1.11e-21
  4.6671e+05   1.08e-21
  4.7861e+05   1.04e-21
  4.9082e+05   1.01e-21
  5.0333e+05   9.74e-22
  5.1617e+05   9.42e-22
  5.2933e+05   9.11e-22
  5.4283e+05   8.79e-22
  5.5667e+05   8.48e-22
  5.7086e+05   8.18e-22
  5.8542e+05   7.89e-22
  6.0035e+05   7.61e-22
  6.1565e+05   7.32e-22
  6.3135e+05   7.05e-22
  6.4745e+05   6.78e-22
  6.6396e+05   6.52e-22
  6.8089e+05   6.27e-22
  6.9825e+05   6.02e-22
  7.1606e+05   5.78e-22
  7.3432e+05   5.55e-22
  7.5304e+05   5.33e-22
  7.7224e+05   5.10e-22
  7.9193e+05   4.89e-22
  8.1213e+05   4.68e-22
  8.3283e+05   4.48e-22
  8.5407e+05   4.29e-22
  8.7585e+05   4.09e-22
  8.9818e+05   3.91e-22
  9.2108e+05   3.73e-22
  9.4457e+05   3.56e-22
  9.6866e+05   3.39e-22
  9.9336e+05   3.23e-22
  1.0187e+06   3.08e-22
  1.0447e+06   2.93e-22
  1.0713e+06   2.79e-22
  1.0986e+06   2.65e-22
  1.1266e+06   2.51e-22
  1.1554e+06   2.39e-22
  1.1848e+06   2.27e-22
  1.2150e+06   2.15e-22
  1.2460e+06   2.04e-22
  1.2778e+06   1.93e-22
  1.3104e+06   1.82e-22
  1.3438e+06   1.73e-22
  1.3780e+06   1.63e-22
  1.4132e+06   1.54e-22
  1.4492e+06   1.45e-22
  1.4862e+06   1.37e-22
  1.5241e+06   1.29e-22
  1.5629e+06   1.21e-22
  1.6028e+06   1.14e-22
  1.6436e+06   1.07e-22
  1.6856e+06   1.00e-22
  1.7285e+06   9.39e-23
  1.7726e+06   8.78e-23
  1.8178e+06   8.19e-23
  1.8642e+06   7.63e-23
  1.9117e+06   7.11e-23
  1.9604e+06   6.60e-23
  2.0104e+06   6.13e-23
  2.0617e+06   5.68e-23
  2.1143e+06   5.25e-23
  2.1682e+06   4.85e-23
  2.2235e+06   4.48e-23
  2.2802e+06   4.12e-23
  2.3383e+06   3.78e-23
  2.3979e+06   3.46e-23
  2.4591e+06   3.18e-23
  2.5218e+06   2.91e-23
  2.5861e+06   2.65e-23
  2.6520e+06   2.41e-23
  2.7196e+06   2.19e-23
  2.7890e+06   1.99e-23
  2.8601e+06   1.80e-23
  2.9330e+06   1.62e-23
  3.0078e+06   1.45e-23
  3.0845e+06   1.31e-23
  3.1632e+06   1.17e-23
  3.2438e+06   1.05e-23
  3.3265e+06   9.28e-24
  3.4113e+06   8.28e-24
  3.4983e+06   7.43e-24
  3.5875e+06   6.62e-24
  3.6790e+06   5.86e-24
  3.7728e+06   5.13e-24
  3.8690e+06   4.64e-24
  3.9677e+06   4.18e-24
  4.0689e+06   3.74e-24
  4.1726e+06   3.33e-24
  4.2790e+06   3.00e-24
  4.3881e+06   2.79e-24
  4.5000e+06   2.58e-24
