#  E [GeV]   # per interaction  [GeV^{-1}]
  3.0000e+01   3.80e-01
  3.0696e+01   3.67e-01
  3.1408e+01   3.55e-01
  3.2137e+01   3.42e-01
  3.2883e+01   3.31e-01
  3.3646e+01   3.19e-01
  3.4426e+01   3.08e-01
  3.5225e+01   2.97e-01
  3.6042e+01   2.87e-01
  3.6878e+01   2.77e-01
  3.7734e+01   2.67e-01
  3.8609e+01   2.57e-01
  3.9505e+01   2.48e-01
  4.0422e+01   2.39e-01
  4.1360e+01   2.30e-01
  4.2319e+01   2.21e-01
  4.3301e+01   2.13e-01
  4.4306e+01   2.05e-01
  4.5334e+01   1.97e-01
  4.6386e+01   1.90e-01
  4.7462e+01   1.83e-01
  4.8563e+01   1.76e-01
  4.9690e+01   1.69e-01
  5.0843e+01   1.63e-01
  5.2022e+01   1.56e-01
  5.3229e+01   1.50e-01
  5.4464e+01   1.45e-01
  5.5728e+01   1.39e-01
  5.7021e+01   1.33e-01
  5.8344e+01   1.28e-01
  5.9697e+01   1.23e-01
  6.1083e+01   1.18e-01
  6.2500e+01   1.13e-01
  6.3950e+01   1.09e-01
  6.5434e+01   1.04e-01
  6.6952e+01   1.00e-01
  6.8505e+01   9.60e-02
  7.0095e+01   9.20e-02
  7.1721e+01   8.81e-02
  7.3385e+01   8.44e-02
  7.5088e+01   8.08e-02
  7.6830e+01   7.74e-02
  7.8612e+01   7.40e-02
  8.0436e+01   7.08e-02
  8.2302e+01   6.77e-02
  8.4212e+01   6.48e-02
  8.6166e+01   6.19e-02
  8.8165e+01   5.91e-02
  9.0210e+01   5.65e-02
  9.2304e+01   5.40e-02
  9.4445e+01   5.15e-02
  9.6636e+01   4.92e-02
  9.8878e+01   4.69e-02
  1.0117e+02   4.47e-02
  1.0352e+02   4.27e-02
  1.0592e+02   4.07e-02
  1.0838e+02   3.88e-02
  1.1089e+02   3.69e-02
  1.1347e+02   3.52e-02
  1.1610e+02   3.35e-02
  1.1879e+02   3.19e-02
  1.2155e+02   3.03e-02
  1.2437e+02   2.88e-02
  1.2725e+02   2.74e-02
  1.3021e+02   2.61e-02
  1.3323e+02   2.48e-02
  1.3632e+02   2.35e-02
  1.3948e+02   2.23e-02
  1.4272e+02   2.12e-02
  1.4603e+02   2.01e-02
  1.4942e+02   1.91e-02
  1.5288e+02   1.81e-02
  1.5643e+02   1.71e-02
  1.6006e+02   1.62e-02
  1.6377e+02   1.53e-02
  1.6757e+02   1.45e-02
  1.7146e+02   1.37e-02
  1.7544e+02   1.30e-02
  1.7951e+02   1.23e-02
  1.8368e+02   1.16e-02
  1.8794e+02   1.10e-02
  1.9230e+02   1.03e-02
  1.9676e+02   9.75e-03
  2.0132e+02   9.18e-03
  2.0600e+02   8.67e-03
  2.1078e+02   8.18e-03
  2.1567e+02   7.71e-03
  2.2067e+02   7.25e-03
  2.2579e+02   6.81e-03
  2.3103e+02   6.42e-03
  2.3639e+02   6.04e-03
  2.4187e+02   5.68e-03
  2.4748e+02   5.33e-03
  2.5323e+02   4.99e-03
  2.5910e+02   4.70e-03
  2.6511e+02   4.41e-03
  2.7126e+02   4.14e-03
  2.7756e+02   3.88e-03
  2.8400e+02   3.62e-03
  2.9059e+02   3.40e-03
  2.9733e+02   3.18e-03
  3.0423e+02   2.98e-03
  3.1129e+02   2.78e-03
  3.1851e+02   2.59e-03
  3.2590e+02   2.43e-03
  3.3346e+02   2.27e-03
  3.4120e+02   2.12e-03
  3.4911e+02   1.97e-03
  3.5721e+02   1.83e-03
  3.6550e+02   1.71e-03
  3.7398e+02   1.60e-03
  3.8266e+02   1.49e-03
  3.9154e+02   1.38e-03
  4.0062e+02   1.28e-03
  4.0991e+02   1.19e-03
  4.1943e+02   1.11e-03
  4.2916e+02   1.03e-03
  4.3911e+02   9.56e-04
  4.4930e+02   8.83e-04
  4.5973e+02   8.22e-04
  4.7039e+02   7.64e-04
  4.8131e+02   7.08e-04
  4.9247e+02   6.55e-04
  5.0390e+02   6.03e-04
  5.1559e+02   5.60e-04
  5.2755e+02   5.20e-04
  5.3979e+02   4.81e-04
  5.5232e+02   4.44e-04
  5.6513e+02   4.08e-04
  5.7824e+02   3.78e-04
  5.9166e+02   3.50e-04
  6.0539e+02   3.23e-04
  6.1943e+02   2.97e-04
  6.3381e+02   2.73e-04
  6.4851e+02   2.52e-04
  6.6356e+02   2.33e-04
  6.7895e+02   2.15e-04
  6.9471e+02   1.97e-04
  7.1082e+02   1.81e-04
  7.2732e+02   1.67e-04
  7.4419e+02   1.54e-04
  7.6146e+02   1.42e-04
  7.7912e+02   1.30e-04
  7.9720e+02   1.19e-04
  8.1570e+02   1.10e-04
  8.3462e+02   1.01e-04
  8.5399e+02   9.29e-05
  8.7380e+02   8.51e-05
  8.9407e+02   7.76e-05
  9.1482e+02   7.15e-05
  9.3604e+02   6.59e-05
  9.5776e+02   6.06e-05
  9.7998e+02   5.55e-05
  1.0027e+03   5.05e-05
  1.0260e+03   4.66e-05
  1.0498e+03   4.29e-05
  1.0741e+03   3.95e-05
  1.0991e+03   3.61e-05
  1.1246e+03   3.29e-05
  1.1507e+03   3.03e-05
  1.1774e+03   2.80e-05
  1.2047e+03   2.57e-05
  1.2326e+03   2.35e-05
  1.2612e+03   2.15e-05
  1.2905e+03   1.97e-05
  1.3204e+03   1.82e-05
  1.3511e+03   1.67e-05
  1.3824e+03   1.52e-05
  1.4145e+03   1.38e-05
  1.4473e+03   1.27e-05
  1.4809e+03   1.18e-05
  1.5152e+03   1.08e-05
  1.5504e+03   9.91e-06
  1.5864e+03   9.05e-06
  1.6232e+03   8.36e-06
  1.6608e+03   7.76e-06
  1.6994e+03   7.19e-06
  1.7388e+03   6.63e-06
  1.7791e+03   6.10e-06
  1.8204e+03   5.70e-06
  1.8626e+03   5.37e-06
  1.9059e+03   5.04e-06
  1.9501e+03   4.73e-06
  1.9953e+03   4.43e-06
  2.0416e+03   4.20e-06
  2.0890e+03   4.01e-06
  2.1375e+03   3.82e-06
  2.1870e+03   3.64e-06
  2.2378e+03   3.46e-06
  2.2897e+03   3.33e-06
  2.3428e+03   3.22e-06
  2.3972e+03   3.11e-06
  2.4528e+03   3.01e-06
  2.5097e+03   2.91e-06
  2.5680e+03   2.82e-06
  2.6275e+03   2.75e-06
  2.6885e+03   2.68e-06
  2.7509e+03   2.62e-06
  2.8147e+03   2.55e-06
  2.8800e+03   2.49e-06
