#  E [MeV]   Flux [# cm^{-2} s^{-1}  MeV^{-1}]
  3.0000e+04   1.62e-24
  3.0962e+04   1.57e-24
  3.1955e+04   1.51e-24
  3.2979e+04   1.46e-24
  3.4037e+04   1.41e-24
  3.5128e+04   1.36e-24
  3.6254e+04   1.31e-24
  3.7417e+04   1.26e-24
  3.8616e+04   1.22e-24
  3.9855e+04   1.17e-24
  4.1132e+04   1.13e-24
  4.2451e+04   1.09e-24
  4.3812e+04   1.05e-24
  4.5217e+04   1.01e-24
  4.6667e+04   9.75e-25
  4.8163e+04   9.39e-25
  4.9707e+04   9.04e-25
  5.1301e+04   8.71e-25
  5.2946e+04   8.38e-25
  5.4644e+04   8.07e-25
  5.6396e+04   7.76e-25
  5.8204e+04   7.46e-25
  6.0070e+04   7.18e-25
  6.1996e+04   6.90e-25
  6.3984e+04   6.63e-25
  6.6035e+04   6.37e-25
  6.8153e+04   6.13e-25
  7.0338e+04   5.88e-25
  7.2593e+04   5.65e-25
  7.4921e+04   5.43e-25
  7.7323e+04   5.21e-25
  7.9802e+04   5.00e-25
  8.2361e+04   4.80e-25
  8.5002e+04   4.60e-25
  8.7727e+04   4.41e-25
  9.0540e+04   4.23e-25
  9.3443e+04   4.05e-25
  9.6439e+04   3.88e-25
  9.9531e+04   3.72e-25
  1.0272e+05   3.56e-25
  1.0602e+05   3.41e-25
  1.0942e+05   3.26e-25
  1.1292e+05   3.12e-25
  1.1654e+05   2.99e-25
  1.2028e+05   2.85e-25
  1.2414e+05   2.73e-25
  1.2812e+05   2.61e-25
  1.3223e+05   2.49e-25
  1.3646e+05   2.38e-25
  1.4084e+05   2.27e-25
  1.4536e+05   2.16e-25
  1.5002e+05   2.06e-25
  1.5483e+05   1.97e-25
  1.5979e+05   1.88e-25
  1.6491e+05   1.79e-25
  1.7020e+05   1.70e-25
  1.7566e+05   1.62e-25
  1.8129e+05   1.54e-25
  1.8710e+05   1.47e-25
  1.9310e+05   1.40e-25
  1.9929e+05   1.33e-25
  2.0568e+05   1.26e-25
  2.1228e+05   1.20e-25
  2.1909e+05   1.14e-25
  2.2611e+05   1.08e-25
  2.3336e+05   1.02e-25
  2.4084e+05   9.68e-26
  2.4856e+05   9.18e-26
  2.5653e+05   8.69e-26
  2.6476e+05   8.23e-26
  2.7325e+05   7.78e-26
  2.8201e+05   7.36e-26
  2.9105e+05   6.96e-26
  3.0038e+05   6.57e-26
  3.1002e+05   6.21e-26
  3.1996e+05   5.86e-26
  3.3021e+05   5.52e-26
  3.4080e+05   5.21e-26
  3.5173e+05   4.91e-26
  3.6301e+05   4.62e-26
  3.7465e+05   4.35e-26
  3.8666e+05   4.09e-26
  3.9905e+05   3.84e-26
  4.1185e+05   3.61e-26
  4.2506e+05   3.39e-26
  4.3868e+05   3.18e-26
  4.5275e+05   2.98e-26
  4.6727e+05   2.79e-26
  4.8225e+05   2.62e-26
  4.9771e+05   2.45e-26
  5.1367e+05   2.29e-26
  5.3014e+05   2.14e-26
  5.4714e+05   2.00e-26
  5.6468e+05   1.87e-26
  5.8278e+05   1.75e-26
  6.0147e+05   1.63e-26
  6.2075e+05   1.52e-26
  6.4066e+05   1.41e-26
  6.6120e+05   1.32e-26
  6.8240e+05   1.23e-26
  7.0428e+05   1.14e-26
  7.2686e+05   1.06e-26
  7.5017e+05   9.87e-27
  7.7422e+05   9.16e-27
  7.9904e+05   8.51e-27
  8.2466e+05   7.90e-27
  8.5110e+05   7.33e-27
  8.7839e+05   6.79e-27
  9.0656e+05   6.30e-27
  9.3562e+05   5.84e-27
  9.6562e+05   5.40e-27
  9.9658e+05   5.01e-27
  1.0285e+06   4.64e-27
  1.0615e+06   4.30e-27
  1.0956e+06   3.97e-27
  1.1307e+06   3.68e-27
  1.1669e+06   3.40e-27
  1.2043e+06   3.14e-27
  1.2430e+06   2.90e-27
  1.2828e+06   2.68e-27
  1.3239e+06   2.47e-27
  1.3664e+06   2.27e-27
  1.4102e+06   2.10e-27
  1.4554e+06   1.94e-27
  1.5021e+06   1.78e-27
  1.5502e+06   1.64e-27
  1.6000e+06   1.52e-27
  1.6513e+06   1.39e-27
  1.7042e+06   1.28e-27
  1.7588e+06   1.18e-27
  1.8152e+06   1.09e-27
  1.8734e+06   9.97e-28
  1.9335e+06   9.13e-28
  1.9955e+06   8.40e-28
  2.0595e+06   7.71e-28
  2.1255e+06   7.06e-28
  2.1937e+06   6.47e-28
  2.2640e+06   5.94e-28
  2.3366e+06   5.44e-28
  2.4115e+06   4.96e-28
  2.4888e+06   4.54e-28
  2.5686e+06   4.16e-28
  2.6510e+06   3.79e-28
  2.7360e+06   3.45e-28
  2.8237e+06   3.16e-28
  2.9142e+06   2.89e-28
  3.0077e+06   2.62e-28
  3.1041e+06   2.39e-28
  3.2036e+06   2.18e-28
  3.3064e+06   1.98e-28
  3.4124e+06   1.79e-28
  3.5218e+06   1.63e-28
  3.6347e+06   1.48e-28
  3.7512e+06   1.34e-28
  3.8715e+06   1.21e-28
  3.9957e+06   1.10e-28
  4.1238e+06   9.96e-29
  4.2560e+06   8.99e-29
  4.3924e+06   8.13e-29
  4.5333e+06   7.37e-29
  4.6786e+06   6.66e-29
  4.8286e+06   5.99e-29
  4.9835e+06   5.43e-29
  5.1433e+06   4.92e-29
  5.3082e+06   4.44e-29
  5.4784e+06   4.00e-29
  5.6540e+06   3.63e-29
  5.8353e+06   3.29e-29
  6.0224e+06   2.96e-29
  6.2155e+06   2.69e-29
  6.4148e+06   2.45e-29
  6.6205e+06   2.23e-29
  6.8327e+06   2.02e-29
  7.0518e+06   1.85e-29
  7.2779e+06   1.69e-29
  7.5113e+06   1.55e-29
  7.7521e+06   1.41e-29
  8.0007e+06   1.31e-29
  8.2572e+06   1.21e-29
  8.5219e+06   1.11e-29
  8.7952e+06   1.03e-29
  9.0772e+06   9.57e-30
  9.3682e+06   8.89e-30
  9.6686e+06   8.23e-30
  9.9786e+06   7.79e-30
  1.0299e+07   7.36e-30
  1.0629e+07   6.92e-30
  1.0970e+07   6.56e-30
  1.1321e+07   6.32e-30
  1.1684e+07   6.06e-30
  1.2059e+07   5.76e-30
  1.2446e+07   5.72e-30
  1.2845e+07   5.72e-30
  1.3256e+07   5.62e-30
  1.3681e+07   5.46e-30
  1.4120e+07   6.17e-30
  1.4573e+07   6.56e-30
  1.5040e+07   6.69e-30
  1.5522e+07   6.45e-30
  1.6020e+07   5.87e-30
