#  E [MeV]   Flux [# cm^{-2} s^{-1}  MeV^{-1}]
  3.0000e+04   2.08e-20
  3.0943e+04   2.01e-20
  3.1916e+04   1.94e-20
  3.2920e+04   1.88e-20
  3.3955e+04   1.81e-20
  3.5023e+04   1.75e-20
  3.6124e+04   1.69e-20
  3.7260e+04   1.63e-20
  3.8432e+04   1.57e-20
  3.9640e+04   1.52e-20
  4.0887e+04   1.47e-20
  4.2172e+04   1.41e-20
  4.3499e+04   1.36e-20
  4.4866e+04   1.31e-20
  4.6277e+04   1.27e-20
  4.7732e+04   1.22e-20
  4.9233e+04   1.18e-20
  5.0781e+04   1.13e-20
  5.2378e+04   1.09e-20
  5.4025e+04   1.05e-20
  5.5724e+04   1.01e-20
  5.7476e+04   9.74e-21
  5.9284e+04   9.37e-21
  6.1148e+04   9.01e-21
  6.3071e+04   8.66e-21
  6.5054e+04   8.33e-21
  6.7100e+04   8.00e-21
  6.9210e+04   7.69e-21
  7.1386e+04   7.39e-21
  7.3631e+04   7.10e-21
  7.5946e+04   6.81e-21
  7.8334e+04   6.54e-21
  8.0797e+04   6.27e-21
  8.3338e+04   6.01e-21
  8.5959e+04   5.77e-21
  8.8662e+04   5.53e-21
  9.1450e+04   5.29e-21
  9.4325e+04   5.07e-21
  9.7291e+04   4.85e-21
  1.0035e+05   4.64e-21
  1.0351e+05   4.44e-21
  1.0676e+05   4.25e-21
  1.1012e+05   4.06e-21
  1.1358e+05   3.88e-21
  1.1715e+05   3.71e-21
  1.2084e+05   3.54e-21
  1.2464e+05   3.38e-21
  1.2856e+05   3.22e-21
  1.3260e+05   3.07e-21
  1.3677e+05   2.93e-21
  1.4107e+05   2.79e-21
  1.4550e+05   2.66e-21
  1.5008e+05   2.53e-21
  1.5480e+05   2.41e-21
  1.5967e+05   2.29e-21
  1.6469e+05   2.17e-21
  1.6987e+05   2.06e-21
  1.7521e+05   1.96e-21
  1.8072e+05   1.86e-21
  1.8640e+05   1.76e-21
  1.9226e+05   1.67e-21
  1.9831e+05   1.58e-21
  2.0454e+05   1.50e-21
  2.1097e+05   1.42e-21
  2.1761e+05   1.34e-21
  2.2445e+05   1.26e-21
  2.3151e+05   1.19e-21
  2.3879e+05   1.13e-21
  2.4630e+05   1.06e-21
  2.5404e+05   9.99e-22
  2.6203e+05   9.40e-22
  2.7027e+05   8.84e-22
  2.7877e+05   8.31e-22
  2.8753e+05   7.80e-22
  2.9657e+05   7.32e-22
  3.0590e+05   6.86e-22
  3.1552e+05   6.43e-22
  3.2544e+05   6.01e-22
  3.3567e+05   5.62e-22
  3.4623e+05   5.25e-22
  3.5712e+05   4.89e-22
  3.6835e+05   4.56e-22
  3.7993e+05   4.25e-22
  3.9188e+05   3.95e-22
  4.0420e+05   3.67e-22
  4.1691e+05   3.41e-22
  4.3002e+05   3.16e-22
  4.4354e+05   2.93e-22
  4.5749e+05   2.71e-22
  4.7187e+05   2.51e-22
  4.8671e+05   2.32e-22
  5.0202e+05   2.14e-22
  5.1780e+05   1.97e-22
  5.3409e+05   1.82e-22
  5.5088e+05   1.68e-22
  5.6820e+05   1.54e-22
  5.8607e+05   1.42e-22
  6.0450e+05   1.30e-22
  6.2351e+05   1.20e-22
  6.4311e+05   1.10e-22
  6.6334e+05   1.00e-22
  6.8419e+05   9.20e-23
  7.0571e+05   8.42e-23
  7.2790e+05   7.70e-23
  7.5079e+05   7.04e-23
  7.7440e+05   6.44e-23
  7.9875e+05   5.88e-23
  8.2387e+05   5.36e-23
  8.4977e+05   4.90e-23
  8.7649e+05   4.47e-23
  9.0405e+05   4.08e-23
  9.3248e+05   3.72e-23
  9.6180e+05   3.39e-23
  9.9205e+05   3.09e-23
  1.0232e+06   2.81e-23
  1.0554e+06   2.56e-23
  1.0886e+06   2.34e-23
  1.1228e+06   2.13e-23
  1.1581e+06   1.93e-23
  1.1946e+06   1.76e-23
  1.2321e+06   1.60e-23
  1.2709e+06   1.46e-23
  1.3108e+06   1.33e-23
  1.3521e+06   1.21e-23
  1.3946e+06   1.10e-23
  1.4384e+06   9.97e-24
  1.4837e+06   9.07e-24
  1.5303e+06   8.25e-24
  1.5784e+06   7.49e-24
  1.6281e+06   6.78e-24
  1.6793e+06   6.17e-24
  1.7321e+06   5.61e-24
  1.7865e+06   5.08e-24
  1.8427e+06   4.60e-24
  1.9006e+06   4.18e-24
  1.9604e+06   3.78e-24
  2.0221e+06   3.42e-24
  2.0856e+06   3.09e-24
  2.1512e+06   2.80e-24
  2.2189e+06   2.53e-24
  2.2886e+06   2.28e-24
  2.3606e+06   2.06e-24
  2.4348e+06   1.86e-24
  2.5114e+06   1.67e-24
  2.5904e+06   1.50e-24
  2.6718e+06   1.35e-24
  2.7558e+06   1.21e-24
  2.8425e+06   1.08e-24
  2.9319e+06   9.63e-25
  3.0241e+06   8.62e-25
  3.1192e+06   7.67e-25
  3.2173e+06   6.79e-25
  3.3184e+06   6.03e-25
  3.4228e+06   5.36e-25
  3.5304e+06   4.73e-25
  3.6414e+06   4.15e-25
  3.7559e+06   3.67e-25
  3.8740e+06   3.23e-25
  3.9958e+06   2.82e-25
  4.1215e+06   2.45e-25
  4.2511e+06   2.15e-25
  4.3848e+06   1.87e-25
  4.5227e+06   1.61e-25
  4.6649e+06   1.39e-25
  4.8116e+06   1.21e-25
  4.9629e+06   1.03e-25
  5.1189e+06   8.76e-26
  5.2799e+06   7.50e-26
  5.4459e+06   6.39e-26
  5.6171e+06   5.38e-26
  5.7938e+06   4.48e-26
  5.9760e+06   3.79e-26
  6.1639e+06   3.17e-26
  6.3577e+06   2.61e-26
  6.5576e+06   2.14e-26
  6.7638e+06   1.78e-26
  6.9765e+06   1.45e-26
  7.1959e+06   1.17e-26
  7.4222e+06   9.47e-27
  7.6556e+06   7.67e-27
  7.8963e+06   6.11e-27
  8.1446e+06   4.76e-27
  8.4007e+06   3.80e-27
  8.6649e+06   2.98e-27
  8.9373e+06   2.29e-27
  9.2184e+06   1.73e-27
  9.5082e+06   1.34e-27
  9.8072e+06   1.01e-27
  1.0116e+07   7.43e-28
  1.0434e+07   5.43e-28
  1.0762e+07   3.98e-28
  1.1100e+07   2.83e-28
  1.1449e+07   1.94e-28
  1.1809e+07   1.34e-28
  1.2181e+07   8.98e-29
  1.2564e+07   5.76e-29
  1.2959e+07   3.49e-29
  1.3366e+07   2.18e-29
  1.3786e+07   1.29e-29
  1.4220e+07   6.99e-30
