#  E [GeV]   # per interaction  [GeV^{-1}]
  3.0000e+01   2.69e-02
  3.1141e+01   2.59e-02
  3.2326e+01   2.49e-02
  3.3556e+01   2.39e-02
  3.4832e+01   2.30e-02
  3.6157e+01   2.21e-02
  3.7533e+01   2.13e-02
  3.8961e+01   2.04e-02
  4.0443e+01   1.96e-02
  4.1982e+01   1.88e-02
  4.3579e+01   1.81e-02
  4.5237e+01   1.74e-02
  4.6958e+01   1.67e-02
  4.8744e+01   1.60e-02
  5.0598e+01   1.53e-02
  5.2523e+01   1.47e-02
  5.4521e+01   1.41e-02
  5.6596e+01   1.35e-02
  5.8749e+01   1.29e-02
  6.0984e+01   1.24e-02
  6.3304e+01   1.19e-02
  6.5712e+01   1.14e-02
  6.8212e+01   1.09e-02
  7.0807e+01   1.04e-02
  7.3500e+01   9.97e-03
  7.6297e+01   9.54e-03
  7.9199e+01   9.12e-03
  8.2212e+01   8.72e-03
  8.5340e+01   8.33e-03
  8.8586e+01   7.96e-03
  9.1956e+01   7.60e-03
  9.5455e+01   7.26e-03
  9.9086e+01   6.93e-03
  1.0286e+02   6.61e-03
  1.0677e+02   6.31e-03
  1.1083e+02   6.02e-03
  1.1505e+02   5.74e-03
  1.1942e+02   5.47e-03
  1.2397e+02   5.21e-03
  1.2868e+02   4.96e-03
  1.3358e+02   4.73e-03
  1.3866e+02   4.50e-03
  1.4394e+02   4.28e-03
  1.4941e+02   4.07e-03
  1.5509e+02   3.87e-03
  1.6100e+02   3.68e-03
  1.6712e+02   3.50e-03
  1.7348e+02   3.32e-03
  1.8008e+02   3.15e-03
  1.8693e+02   2.99e-03
  1.9404e+02   2.84e-03
  2.0142e+02   2.69e-03
  2.0908e+02   2.55e-03
  2.1704e+02   2.42e-03
  2.2529e+02   2.29e-03
  2.3387e+02   2.17e-03
  2.4276e+02   2.05e-03
  2.5200e+02   1.94e-03
  2.6158e+02   1.83e-03
  2.7154e+02   1.73e-03
  2.8187e+02   1.63e-03
  2.9259e+02   1.54e-03
  3.0372e+02   1.45e-03
  3.1527e+02   1.37e-03
  3.2727e+02   1.29e-03
  3.3972e+02   1.22e-03
  3.5264e+02   1.15e-03
  3.6606e+02   1.08e-03
  3.7998e+02   1.01e-03
  3.9444e+02   9.52e-04
  4.0945e+02   8.94e-04
  4.2502e+02   8.40e-04
  4.4119e+02   7.88e-04
  4.5798e+02   7.39e-04
  4.7540e+02   6.92e-04
  4.9348e+02   6.49e-04
  5.1226e+02   6.08e-04
  5.3175e+02   5.69e-04
  5.5198e+02   5.32e-04
  5.7297e+02   4.98e-04
  5.9477e+02   4.65e-04
  6.1740e+02   4.35e-04
  6.4089e+02   4.06e-04
  6.6527e+02   3.79e-04
  6.9058e+02   3.54e-04
  7.1685e+02   3.31e-04
  7.4412e+02   3.09e-04
  7.7243e+02   2.88e-04
  8.0181e+02   2.69e-04
  8.3232e+02   2.51e-04
  8.6398e+02   2.34e-04
  8.9685e+02   2.18e-04
  9.3097e+02   2.04e-04
  9.6638e+02   1.90e-04
  1.0031e+03   1.77e-04
  1.0413e+03   1.66e-04
  1.0809e+03   1.55e-04
  1.1220e+03   1.44e-04
  1.1647e+03   1.35e-04
  1.2090e+03   1.26e-04
  1.2550e+03   1.18e-04
  1.3028e+03   1.10e-04
  1.3523e+03   1.03e-04
  1.4038e+03   9.63e-05
  1.4572e+03   9.01e-05
  1.5126e+03   8.43e-05
  1.5702e+03   7.90e-05
  1.6299e+03   7.40e-05
  1.6919e+03   6.93e-05
  1.7563e+03   6.50e-05
  1.8231e+03   6.10e-05
  1.8925e+03   5.72e-05
  1.9645e+03   5.37e-05
  2.0392e+03   5.04e-05
  2.1168e+03   4.73e-05
  2.1973e+03   4.44e-05
  2.2809e+03   4.17e-05
  2.3677e+03   3.92e-05
  2.4577e+03   3.68e-05
  2.5512e+03   3.47e-05
  2.6483e+03   3.26e-05
  2.7490e+03   3.06e-05
  2.8536e+03   2.88e-05
  2.9622e+03   2.71e-05
  3.0749e+03   2.55e-05
  3.1918e+03   2.40e-05
  3.3133e+03   2.26e-05
  3.4393e+03   2.13e-05
  3.5702e+03   2.00e-05
  3.7060e+03   1.88e-05
  3.8470e+03   1.77e-05
  3.9933e+03   1.67e-05
  4.1452e+03   1.57e-05
  4.3029e+03   1.47e-05
  4.4666e+03   1.38e-05
  4.6366e+03   1.30e-05
  4.8129e+03   1.22e-05
  4.9960e+03   1.15e-05
  5.1861e+03   1.07e-05
  5.3834e+03   1.01e-05
  5.5882e+03   9.43e-06
  5.8008e+03   8.83e-06
  6.0215e+03   8.25e-06
  6.2506e+03   7.70e-06
  6.4883e+03   7.18e-06
  6.7352e+03   6.69e-06
  6.9914e+03   6.22e-06
  7.2574e+03   5.77e-06
  7.5335e+03   5.34e-06
  7.8201e+03   4.94e-06
  8.1176e+03   4.56e-06
  8.4264e+03   4.19e-06
  8.7470e+03   3.84e-06
  9.0797e+03   3.51e-06
  9.4251e+03   3.20e-06
  9.7837e+03   2.90e-06
  1.0156e+04   2.62e-06
  1.0542e+04   2.36e-06
  1.0943e+04   2.11e-06
  1.1360e+04   1.88e-06
  1.1792e+04   1.66e-06
  1.2240e+04   1.46e-06
  1.2706e+04   1.27e-06
  1.3189e+04   1.09e-06
  1.3691e+04   9.35e-07
  1.4212e+04   7.90e-07
  1.4753e+04   6.60e-07
  1.5314e+04   5.44e-07
  1.5897e+04   4.41e-07
  1.6501e+04   3.52e-07
  1.7129e+04   2.76e-07
  1.7781e+04   2.11e-07
  1.8457e+04   1.57e-07
  1.9159e+04   1.14e-07
  1.9888e+04   8.00e-08
  2.0645e+04   5.40e-08
  2.1430e+04   3.50e-08
  2.2245e+04   2.15e-08
  2.3092e+04   1.25e-08
  2.3970e+04   6.78e-09
  2.4882e+04   3.40e-09
  2.5829e+04   1.55e-09
  2.6811e+04   6.37e-10
  2.7831e+04   2.29e-10
  2.8890e+04   7.06e-11
  2.9989e+04   1.81e-11
  3.1130e+04   3.71e-12
  3.2314e+04   5.80e-13
  3.3544e+04   6.54e-14
  3.4820e+04   4.93e-15
  3.6144e+04   2.27e-16
  3.7519e+04   5.66e-18
  3.8947e+04   6.56e-20
  4.0428e+04   2.91e-22
  4.1966e+04   3.81e-25
  4.3563e+04   1.06e-28
  4.5220e+04   3.97e-33
  4.6941e+04   1.11e-38
  4.8726e+04   1.05e-45
  5.0580e+04   9.23e-47
