#  E [MeV]   Flux [# cm^{-2} s^{-1}  MeV^{-1}]
  3.0000e+04   5.82e-19
  3.0675e+04   5.64e-19
  3.1366e+04   5.45e-19
  3.2072e+04   5.27e-19
  3.2794e+04   5.10e-19
  3.3533e+04   4.93e-19
  3.4288e+04   4.77e-19
  3.5060e+04   4.61e-19
  3.5849e+04   4.45e-19
  3.6656e+04   4.30e-19
  3.7482e+04   4.16e-19
  3.8326e+04   4.02e-19
  3.9188e+04   3.88e-19
  4.0071e+04   3.75e-19
  4.0973e+04   3.62e-19
  4.1896e+04   3.49e-19
  4.2839e+04   3.37e-19
  4.3803e+04   3.25e-19
  4.4790e+04   3.14e-19
  4.5798e+04   3.03e-19
  4.6829e+04   2.92e-19
  4.7884e+04   2.82e-19
  4.8962e+04   2.72e-19
  5.0064e+04   2.62e-19
  5.1191e+04   2.52e-19
  5.2344e+04   2.43e-19
  5.3522e+04   2.34e-19
  5.4727e+04   2.26e-19
  5.5960e+04   2.17e-19
  5.7219e+04   2.09e-19
  5.8508e+04   2.02e-19
  5.9825e+04   1.94e-19
  6.1172e+04   1.87e-19
  6.2549e+04   1.80e-19
  6.3958e+04   1.73e-19
  6.5398e+04   1.66e-19
  6.6870e+04   1.60e-19
  6.8376e+04   1.54e-19
  6.9915e+04   1.48e-19
  7.1489e+04   1.42e-19
  7.3099e+04   1.36e-19
  7.4745e+04   1.31e-19
  7.6428e+04   1.26e-19
  7.8148e+04   1.21e-19
  7.9908e+04   1.16e-19
  8.1707e+04   1.11e-19
  8.3547e+04   1.07e-19
  8.5428e+04   1.02e-19
  8.7351e+04   9.80e-20
  8.9318e+04   9.40e-20
  9.1329e+04   9.01e-20
  9.3385e+04   8.63e-20
  9.5488e+04   8.27e-20
  9.7638e+04   7.92e-20
  9.9836e+04   7.59e-20
  1.0208e+05   7.26e-20
  1.0438e+05   6.95e-20
  1.0673e+05   6.65e-20
  1.0914e+05   6.36e-20
  1.1159e+05   6.09e-20
  1.1411e+05   5.82e-20
  1.1667e+05   5.56e-20
  1.1930e+05   5.32e-20
  1.2199e+05   5.08e-20
  1.2473e+05   4.85e-20
  1.2754e+05   4.63e-20
  1.3041e+05   4.42e-20
  1.3335e+05   4.22e-20
  1.3635e+05   4.02e-20
  1.3942e+05   3.84e-20
  1.4256e+05   3.66e-20
  1.4577e+05   3.49e-20
  1.4905e+05   3.32e-20
  1.5241e+05   3.16e-20
  1.5584e+05   3.01e-20
  1.5935e+05   2.87e-20
  1.6294e+05   2.73e-20
  1.6661e+05   2.60e-20
  1.7036e+05   2.47e-20
  1.7419e+05   2.35e-20
  1.7812e+05   2.23e-20
  1.8213e+05   2.12e-20
  1.8623e+05   2.01e-20
  1.9042e+05   1.91e-20
  1.9471e+05   1.81e-20
  1.9909e+05   1.72e-20
  2.0357e+05   1.63e-20
  2.0816e+05   1.55e-20
  2.1284e+05   1.47e-20
  2.1763e+05   1.39e-20
  2.2253e+05   1.32e-20
  2.2755e+05   1.25e-20
  2.3267e+05   1.18e-20
  2.3791e+05   1.12e-20
  2.4326e+05   1.05e-20
  2.4874e+05   9.97e-21
  2.5434e+05   9.42e-21
  2.6007e+05   8.89e-21
  2.6592e+05   8.38e-21
  2.7191e+05   7.89e-21
  2.7803e+05   7.45e-21
  2.8429e+05   7.03e-21
  2.9069e+05   6.63e-21
  2.9724e+05   6.23e-21
  3.0393e+05   5.86e-21
  3.1077e+05   5.51e-21
  3.1777e+05   5.19e-21
  3.2493e+05   4.88e-21
  3.3224e+05   4.58e-21
  3.3972e+05   4.29e-21
  3.4737e+05   4.03e-21
  3.5519e+05   3.78e-21
  3.6319e+05   3.55e-21
  3.7137e+05   3.32e-21
  3.7973e+05   3.11e-21
  3.8828e+05   2.91e-21
  3.9702e+05   2.72e-21
  4.0596e+05   2.55e-21
  4.1510e+05   2.38e-21
  4.2444e+05   2.22e-21
  4.3400e+05   2.07e-21
  4.4377e+05   1.93e-21
  4.5376e+05   1.80e-21
  4.6398e+05   1.68e-21
  4.7443e+05   1.56e-21
  4.8511e+05   1.45e-21
  4.9603e+05   1.35e-21
  5.0720e+05   1.26e-21
  5.1862e+05   1.17e-21
  5.3030e+05   1.08e-21
  5.4224e+05   9.97e-22
  5.5444e+05   9.26e-22
  5.6693e+05   8.59e-22
  5.7969e+05   7.95e-22
  5.9274e+05   7.33e-22
  6.0609e+05   6.75e-22
  6.1974e+05   6.24e-22
  6.3369e+05   5.77e-22
  6.4796e+05   5.32e-22
  6.6255e+05   4.90e-22
  6.7746e+05   4.49e-22
  6.9272e+05   4.13e-22
  7.0831e+05   3.81e-22
  7.2426e+05   3.50e-22
  7.4057e+05   3.21e-22
  7.5724e+05   2.93e-22
  7.7429e+05   2.68e-22
  7.9172e+05   2.47e-22
  8.0955e+05   2.26e-22
  8.2778e+05   2.07e-22
  8.4641e+05   1.88e-22
  8.6547e+05   1.71e-22
  8.8496e+05   1.56e-22
  9.0488e+05   1.43e-22
  9.2526e+05   1.30e-22
  9.4609e+05   1.18e-22
  9.6739e+05   1.06e-22
  9.8917e+05   9.71e-23
  1.0114e+06   8.83e-23
  1.0342e+06   8.00e-23
  1.0575e+06   7.21e-23
  1.0813e+06   6.45e-23
  1.1057e+06   5.86e-23
  1.1305e+06   5.32e-23
  1.1560e+06   4.80e-23
  1.1820e+06   4.30e-23
  1.2086e+06   3.83e-23
  1.2359e+06   3.46e-23
  1.2637e+06   3.13e-23
  1.2921e+06   2.81e-23
  1.3212e+06   2.51e-23
  1.3510e+06   2.23e-23
  1.3814e+06   1.99e-23
  1.4125e+06   1.80e-23
  1.4443e+06   1.61e-23
  1.4768e+06   1.44e-23
  1.5101e+06   1.27e-23
  1.5441e+06   1.12e-23
  1.5788e+06   1.01e-23
  1.6144e+06   9.01e-24
  1.6507e+06   7.99e-24
  1.6879e+06   7.01e-24
  1.7259e+06   6.13e-24
  1.7648e+06   5.49e-24
  1.8045e+06   4.89e-24
  1.8451e+06   4.31e-24
  1.8867e+06   3.76e-24
  1.9291e+06   3.24e-24
  1.9726e+06   2.89e-24
  2.0170e+06   2.56e-24
  2.0624e+06   2.24e-24
  2.1088e+06   1.94e-24
  2.1563e+06   1.65e-24
  2.2049e+06   1.44e-24
  2.2545e+06   1.26e-24
  2.3053e+06   1.08e-24
  2.3572e+06   9.10e-25
  2.4102e+06   7.48e-25
  2.4645e+06   6.41e-25
  2.5200e+06   5.59e-25
