#  E [GeV]   # per interaction  [GeV^{-1}]
  3.0000e+01   4.16e-01
  3.0962e+01   4.02e-01
  3.1955e+01   3.88e-01
  3.2979e+01   3.75e-01
  3.4037e+01   3.62e-01
  3.5128e+01   3.49e-01
  3.6254e+01   3.37e-01
  3.7417e+01   3.26e-01
  3.8616e+01   3.14e-01
  3.9855e+01   3.03e-01
  4.1132e+01   2.93e-01
  4.2451e+01   2.82e-01
  4.3812e+01   2.72e-01
  4.5217e+01   2.63e-01
  4.6667e+01   2.53e-01
  4.8163e+01   2.44e-01
  4.9707e+01   2.35e-01
  5.1301e+01   2.27e-01
  5.2946e+01   2.18e-01
  5.4644e+01   2.10e-01
  5.6396e+01   2.02e-01
  5.8204e+01   1.95e-01
  6.0070e+01   1.88e-01
  6.1996e+01   1.81e-01
  6.3984e+01   1.74e-01
  6.6035e+01   1.67e-01
  6.8153e+01   1.61e-01
  7.0338e+01   1.54e-01
  7.2593e+01   1.48e-01
  7.4921e+01   1.43e-01
  7.7323e+01   1.37e-01
  7.9802e+01   1.32e-01
  8.2361e+01   1.26e-01
  8.5002e+01   1.21e-01
  8.7727e+01   1.16e-01
  9.0540e+01   1.12e-01
  9.3443e+01   1.07e-01
  9.6439e+01   1.03e-01
  9.9531e+01   9.83e-02
  1.0272e+02   9.41e-02
  1.0602e+02   9.02e-02
  1.0942e+02   8.63e-02
  1.1292e+02   8.26e-02
  1.1654e+02   7.90e-02
  1.2028e+02   7.56e-02
  1.2414e+02   7.22e-02
  1.2812e+02   6.90e-02
  1.3223e+02   6.60e-02
  1.3646e+02   6.30e-02
  1.4084e+02   6.01e-02
  1.4536e+02   5.74e-02
  1.5002e+02   5.47e-02
  1.5483e+02   5.22e-02
  1.5979e+02   4.98e-02
  1.6491e+02   4.74e-02
  1.7020e+02   4.52e-02
  1.7566e+02   4.30e-02
  1.8129e+02   4.09e-02
  1.8710e+02   3.89e-02
  1.9310e+02   3.70e-02
  1.9929e+02   3.52e-02
  2.0568e+02   3.34e-02
  2.1228e+02   3.17e-02
  2.1909e+02   3.01e-02
  2.2611e+02   2.85e-02
  2.3336e+02   2.70e-02
  2.4084e+02   2.56e-02
  2.4856e+02   2.43e-02
  2.5653e+02   2.30e-02
  2.6476e+02   2.17e-02
  2.7325e+02   2.05e-02
  2.8201e+02   1.94e-02
  2.9105e+02   1.83e-02
  3.0038e+02   1.73e-02
  3.1002e+02   1.63e-02
  3.1996e+02   1.54e-02
  3.3021e+02   1.45e-02
  3.4080e+02   1.37e-02
  3.5173e+02   1.29e-02
  3.6301e+02   1.21e-02
  3.7465e+02   1.14e-02
  3.8666e+02   1.07e-02
  3.9905e+02   1.00e-02
  4.1185e+02   9.42e-03
  4.2506e+02   8.83e-03
  4.3868e+02   8.27e-03
  4.5275e+02   7.75e-03
  4.6727e+02   7.25e-03
  4.8225e+02   6.77e-03
  4.9771e+02   6.33e-03
  5.1367e+02   5.91e-03
  5.3014e+02   5.52e-03
  5.4714e+02   5.15e-03
  5.6468e+02   4.80e-03
  5.8278e+02   4.47e-03
  6.0147e+02   4.16e-03
  6.2075e+02   3.87e-03
  6.4066e+02   3.60e-03
  6.6120e+02   3.35e-03
  6.8240e+02   3.11e-03
  7.0428e+02   2.89e-03
  7.2686e+02   2.68e-03
  7.5017e+02   2.48e-03
  7.7422e+02   2.30e-03
  7.9904e+02   2.13e-03
  8.2466e+02   1.97e-03
  8.5110e+02   1.83e-03
  8.7839e+02   1.69e-03
  9.0656e+02   1.56e-03
  9.3562e+02   1.44e-03
  9.6562e+02   1.33e-03
  9.9658e+02   1.23e-03
  1.0285e+03   1.14e-03
  1.0615e+03   1.05e-03
  1.0956e+03   9.69e-04
  1.1307e+03   8.94e-04
  1.1669e+03   8.24e-04
  1.2043e+03   7.59e-04
  1.2430e+03   6.99e-04
  1.2828e+03   6.44e-04
  1.3239e+03   5.91e-04
  1.3664e+03   5.43e-04
  1.4102e+03   5.00e-04
  1.4554e+03   4.60e-04
  1.5021e+03   4.22e-04
  1.5502e+03   3.87e-04
  1.6000e+03   3.56e-04
  1.6513e+03   3.26e-04
  1.7042e+03   2.98e-04
  1.7588e+03   2.74e-04
  1.8152e+03   2.51e-04
  1.8734e+03   2.29e-04
  1.9335e+03   2.09e-04
  1.9955e+03   1.92e-04
  2.0595e+03   1.75e-04
  2.1255e+03   1.59e-04
  2.1937e+03   1.45e-04
  2.2640e+03   1.33e-04
  2.3366e+03   1.21e-04
  2.4115e+03   1.10e-04
  2.4888e+03   9.98e-05
  2.5686e+03   9.07e-05
  2.6510e+03   8.22e-05
  2.7360e+03   7.43e-05
  2.8237e+03   6.75e-05
  2.9142e+03   6.11e-05
  3.0077e+03   5.50e-05
  3.1041e+03   4.96e-05
  3.2036e+03   4.48e-05
  3.3064e+03   4.02e-05
  3.4124e+03   3.59e-05
  3.5218e+03   3.23e-05
  3.6347e+03   2.89e-05
  3.7512e+03   2.58e-05
  3.8715e+03   2.29e-05
  3.9957e+03   2.05e-05
  4.1238e+03   1.82e-05
  4.2560e+03   1.61e-05
  4.3924e+03   1.43e-05
  4.5333e+03   1.27e-05
  4.6786e+03   1.11e-05
  4.8286e+03   9.73e-06
  4.9835e+03   8.61e-06
  5.1433e+03   7.56e-06
  5.3082e+03   6.58e-06
  5.4784e+03   5.72e-06
  5.6540e+03   5.01e-06
  5.8353e+03   4.34e-06
  6.0224e+03   3.73e-06
  6.2155e+03   3.23e-06
  6.4148e+03   2.79e-06
  6.6205e+03   2.38e-06
  6.8327e+03   2.01e-06
  7.0518e+03   1.73e-06
  7.2779e+03   1.47e-06
  7.5113e+03   1.23e-06
  7.7521e+03   1.04e-06
  8.0007e+03   8.77e-07
  8.2572e+03   7.33e-07
  8.5219e+03   6.03e-07
  8.7952e+03   5.04e-07
  9.0772e+03   4.19e-07
  9.3682e+03   3.43e-07
  9.6686e+03   2.76e-07
  9.9786e+03   2.28e-07
  1.0299e+04   1.85e-07
  1.0629e+04   1.47e-07
  1.0970e+04   1.17e-07
  1.1321e+04   9.45e-08
  1.1684e+04   7.45e-08
  1.2059e+04   5.72e-08
  1.2446e+04   4.48e-08
  1.2845e+04   3.46e-08
  1.3256e+04   2.59e-08
  1.3681e+04   1.90e-08
  1.4120e+04   1.41e-08
  1.4573e+04   1.01e-08
  1.5040e+04   6.85e-09
  1.5522e+04   4.63e-09
  1.6020e+04   3.11e-09
