#  E [GeV]   # per interaction  [GeV^{-1}]
  3.0000e+01   2.62e-01
  3.0607e+01   2.53e-01
  3.1227e+01   2.45e-01
  3.1859e+01   2.37e-01
  3.2504e+01   2.29e-01
  3.3163e+01   2.22e-01
  3.3834e+01   2.14e-01
  3.4519e+01   2.07e-01
  3.5218e+01   2.00e-01
  3.5931e+01   1.94e-01
  3.6659e+01   1.87e-01
  3.7401e+01   1.81e-01
  3.8158e+01   1.75e-01
  3.8931e+01   1.69e-01
  3.9719e+01   1.63e-01
  4.0523e+01   1.57e-01
  4.1344e+01   1.52e-01
  4.2181e+01   1.47e-01
  4.3035e+01   1.41e-01
  4.3906e+01   1.36e-01
  4.4795e+01   1.32e-01
  4.5702e+01   1.27e-01
  4.6628e+01   1.22e-01
  4.7572e+01   1.18e-01
  4.8535e+01   1.14e-01
  4.9517e+01   1.09e-01
  5.0520e+01   1.05e-01
  5.1543e+01   1.02e-01
  5.2587e+01   9.77e-02
  5.3651e+01   9.40e-02
  5.4738e+01   9.05e-02
  5.5846e+01   8.71e-02
  5.6977e+01   8.38e-02
  5.8130e+01   8.06e-02
  5.9307e+01   7.74e-02
  6.0508e+01   7.44e-02
  6.1733e+01   7.15e-02
  6.2983e+01   6.87e-02
  6.4258e+01   6.60e-02
  6.5559e+01   6.34e-02
  6.6887e+01   6.08e-02
  6.8241e+01   5.83e-02
  6.9623e+01   5.60e-02
  7.1033e+01   5.37e-02
  7.2471e+01   5.15e-02
  7.3938e+01   4.94e-02
  7.5435e+01   4.73e-02
  7.6963e+01   4.53e-02
  7.8521e+01   4.34e-02
  8.0111e+01   4.15e-02
  8.1733e+01   3.98e-02
  8.3388e+01   3.80e-02
  8.5076e+01   3.63e-02
  8.6799e+01   3.47e-02
  8.8556e+01   3.32e-02
  9.0349e+01   3.17e-02
  9.2178e+01   3.03e-02
  9.4045e+01   2.89e-02
  9.5949e+01   2.76e-02
  9.7892e+01   2.63e-02
  9.9874e+01   2.51e-02
  1.0190e+02   2.40e-02
  1.0396e+02   2.28e-02
  1.0606e+02   2.17e-02
  1.0821e+02   2.07e-02
  1.1040e+02   1.97e-02
  1.1264e+02   1.87e-02
  1.1492e+02   1.78e-02
  1.1725e+02   1.70e-02
  1.1962e+02   1.61e-02
  1.2204e+02   1.53e-02
  1.2451e+02   1.45e-02
  1.2703e+02   1.38e-02
  1.2961e+02   1.31e-02
  1.3223e+02   1.24e-02
  1.3491e+02   1.17e-02
  1.3764e+02   1.11e-02
  1.4043e+02   1.05e-02
  1.4327e+02   9.99e-03
  1.4617e+02   9.45e-03
  1.4913e+02   8.93e-03
  1.5215e+02   8.43e-03
  1.5523e+02   7.96e-03
  1.5837e+02   7.52e-03
  1.6158e+02   7.10e-03
  1.6485e+02   6.69e-03
  1.6819e+02   6.30e-03
  1.7159e+02   5.92e-03
  1.7507e+02   5.58e-03
  1.7861e+02   5.25e-03
  1.8223e+02   4.94e-03
  1.8592e+02   4.64e-03
  1.8968e+02   4.35e-03
  1.9352e+02   4.07e-03
  1.9744e+02   3.83e-03
  2.0144e+02   3.60e-03
  2.0552e+02   3.37e-03
  2.0968e+02   3.16e-03
  2.1392e+02   2.95e-03
  2.1826e+02   2.75e-03
  2.2267e+02   2.58e-03
  2.2718e+02   2.41e-03
  2.3178e+02   2.25e-03
  2.3648e+02   2.10e-03
  2.4126e+02   1.95e-03
  2.4615e+02   1.82e-03
  2.5113e+02   1.70e-03
  2.5622e+02   1.58e-03
  2.6141e+02   1.47e-03
  2.6670e+02   1.37e-03
  2.7210e+02   1.26e-03
  2.7761e+02   1.18e-03
  2.8323e+02   1.10e-03
  2.8896e+02   1.02e-03
  2.9481e+02   9.41e-04
  3.0078e+02   8.69e-04
  3.0687e+02   7.99e-04
  3.1309e+02   7.43e-04
  3.1943e+02   6.88e-04
  3.2589e+02   6.36e-04
  3.3249e+02   5.85e-04
  3.3922e+02   5.37e-04
  3.4609e+02   4.93e-04
  3.5310e+02   4.56e-04
  3.6025e+02   4.21e-04
  3.6754e+02   3.87e-04
  3.7498e+02   3.54e-04
  3.8258e+02   3.23e-04
  3.9032e+02   2.96e-04
  3.9823e+02   2.73e-04
  4.0629e+02   2.51e-04
  4.1452e+02   2.29e-04
  4.2291e+02   2.09e-04
  4.3147e+02   1.89e-04
  4.4021e+02   1.74e-04
  4.4912e+02   1.59e-04
  4.5821e+02   1.46e-04
  4.6749e+02   1.33e-04
  4.7696e+02   1.20e-04
  4.8661e+02   1.08e-04
  4.9647e+02   9.95e-05
  5.0652e+02   9.09e-05
  5.1678e+02   8.27e-05
  5.2724e+02   7.49e-05
  5.3791e+02   6.74e-05
  5.4881e+02   6.09e-05
  5.5992e+02   5.56e-05
  5.7125e+02   5.06e-05
  5.8282e+02   4.59e-05
  5.9462e+02   4.13e-05
  6.0666e+02   3.70e-05
  6.1894e+02   3.34e-05
  6.3148e+02   3.04e-05
  6.4426e+02   2.76e-05
  6.5731e+02   2.48e-05
  6.7061e+02   2.22e-05
  6.8419e+02   1.98e-05
  6.9805e+02   1.79e-05
  7.1218e+02   1.63e-05
  7.2660e+02   1.47e-05
  7.4131e+02   1.32e-05
  7.5632e+02   1.18e-05
  7.7163e+02   1.05e-05
  7.8726e+02   9.60e-06
  8.0320e+02   8.72e-06
  8.1946e+02   7.88e-06
  8.3605e+02   7.09e-06
  8.5298e+02   6.33e-06
  8.7025e+02   5.69e-06
  8.8787e+02   5.20e-06
  9.0585e+02   4.73e-06
  9.2419e+02   4.29e-06
  9.4290e+02   3.87e-06
  9.6199e+02   3.47e-06
  9.8147e+02   3.16e-06
  1.0013e+03   2.91e-06
  1.0216e+03   2.68e-06
  1.0423e+03   2.45e-06
  1.0634e+03   2.24e-06
  1.0849e+03   2.03e-06
  1.1069e+03   1.88e-06
  1.1293e+03   1.75e-06
  1.1522e+03   1.63e-06
  1.1755e+03   1.50e-06
  1.1993e+03   1.39e-06
  1.2236e+03   1.28e-06
  1.2484e+03   1.20e-06
  1.2736e+03   1.12e-06
  1.2994e+03   1.04e-06
  1.3257e+03   9.73e-07
  1.3526e+03   9.03e-07
  1.3800e+03   8.41e-07
  1.4079e+03   7.86e-07
  1.4364e+03   7.33e-07
  1.4655e+03   6.83e-07
  1.4952e+03   6.34e-07
  1.5255e+03   5.88e-07
  1.5563e+03   5.53e-07
  1.5879e+03   5.23e-07
  1.6200e+03   4.95e-07
