#  E [GeV]   # per interaction  [GeV^{-1}]
  3.0000e+01   2.71e-03
  3.0411e+01   2.67e-03
  3.0828e+01   2.62e-03
  3.1250e+01   2.58e-03
  3.1678e+01   2.54e-03
  3.2112e+01   2.49e-03
  3.2552e+01   2.45e-03
  3.2998e+01   2.41e-03
  3.3450e+01   2.37e-03
  3.3909e+01   2.34e-03
  3.4373e+01   2.30e-03
  3.4844e+01   2.26e-03
  3.5322e+01   2.22e-03
  3.5806e+01   2.19e-03
  3.6296e+01   2.15e-03
  3.6794e+01   2.12e-03
  3.7298e+01   2.08e-03
  3.7809e+01   2.05e-03
  3.8327e+01   2.02e-03
  3.8852e+01   1.98e-03
  3.9384e+01   1.95e-03
  3.9924e+01   1.92e-03
  4.0471e+01   1.89e-03
  4.1025e+01   1.86e-03
  4.1587e+01   1.83e-03
  4.2157e+01   1.80e-03
  4.2735e+01   1.77e-03
  4.3320e+01   1.74e-03
  4.3914e+01   1.71e-03
  4.4516e+01   1.68e-03
  4.5125e+01   1.65e-03
  4.5744e+01   1.63e-03
  4.6370e+01   1.60e-03
  4.7006e+01   1.57e-03
  4.7650e+01   1.55e-03
  4.8303e+01   1.52e-03
  4.8965e+01   1.50e-03
  4.9635e+01   1.47e-03
  5.0315e+01   1.45e-03
  5.1005e+01   1.43e-03
  5.1704e+01   1.40e-03
  5.2412e+01   1.38e-03
  5.3130e+01   1.36e-03
  5.3858e+01   1.33e-03
  5.4596e+01   1.31e-03
  5.5344e+01   1.29e-03
  5.6102e+01   1.27e-03
  5.6871e+01   1.25e-03
  5.7650e+01   1.23e-03
  5.8440e+01   1.21e-03
  5.9241e+01   1.19e-03
  6.0053e+01   1.17e-03
  6.0875e+01   1.15e-03
  6.1709e+01   1.13e-03
  6.2555e+01   1.11e-03
  6.3412e+01   1.10e-03
  6.4281e+01   1.08e-03
  6.5162e+01   1.06e-03
  6.6054e+01   1.04e-03
  6.6959e+01   1.03e-03
  6.7877e+01   1.01e-03
  6.8807e+01   9.94e-04
  6.9750e+01   9.78e-04
  7.0705e+01   9.62e-04
  7.1674e+01   9.46e-04
  7.2656e+01   9.31e-04
  7.3652e+01   9.16e-04
  7.4661e+01   9.01e-04
  7.5684e+01   8.86e-04
  7.6721e+01   8.71e-04
  7.7772e+01   8.57e-04
  7.8837e+01   8.43e-04
  7.9917e+01   8.29e-04
  8.1012e+01   8.15e-04
  8.2122e+01   8.02e-04
  8.3248e+01   7.88e-04
  8.4388e+01   7.75e-04
  8.5544e+01   7.62e-04
  8.6717e+01   7.50e-04
  8.7905e+01   7.37e-04
  8.9109e+01   7.24e-04
  9.0330e+01   7.12e-04
  9.1568e+01   7.00e-04
  9.2822e+01   6.88e-04
  9.4094e+01   6.76e-04
  9.5383e+01   6.65e-04
  9.6690e+01   6.53e-04
  9.8015e+01   6.42e-04
  9.9358e+01   6.31e-04
  1.0072e+02   6.20e-04
  1.0210e+02   6.10e-04
  1.0350e+02   5.99e-04
  1.0492e+02   5.89e-04
  1.0635e+02   5.78e-04
  1.0781e+02   5.68e-04
  1.0929e+02   5.59e-04
  1.1079e+02   5.49e-04
  1.1230e+02   5.39e-04
  1.1384e+02   5.30e-04
  1.1540e+02   5.20e-04
  1.1698e+02   5.11e-04
  1.1859e+02   5.02e-04
  1.2021e+02   4.93e-04
  1.2186e+02   4.84e-04
  1.2353e+02   4.76e-04
  1.2522e+02   4.67e-04
  1.2694e+02   4.59e-04
  1.2867e+02   4.51e-04
  1.3044e+02   4.42e-04
  1.3222e+02   4.34e-04
  1.3404e+02   4.27e-04
  1.3587e+02   4.19e-04
  1.3773e+02   4.11e-04
  1.3962e+02   4.04e-04
  1.4153e+02   3.96e-04
  1.4347e+02   3.89e-04
  1.4544e+02   3.82e-04
  1.4743e+02   3.75e-04
  1.4945e+02   3.68e-04
  1.5150e+02   3.61e-04
  1.5358e+02   3.55e-04
  1.5568e+02   3.48e-04
  1.5781e+02   3.41e-04
  1.5997e+02   3.35e-04
  1.6217e+02   3.29e-04
  1.6439e+02   3.22e-04
  1.6664e+02   3.16e-04
  1.6892e+02   3.10e-04
  1.7124e+02   3.04e-04
  1.7358e+02   2.99e-04
  1.7596e+02   2.93e-04
  1.7837e+02   2.87e-04
  1.8082e+02   2.82e-04
  1.8330e+02   2.76e-04
  1.8581e+02   2.71e-04
  1.8835e+02   2.66e-04
  1.9093e+02   2.61e-04
  1.9355e+02   2.55e-04
  1.9620e+02   2.50e-04
  1.9889e+02   2.45e-04
  2.0161e+02   2.41e-04
  2.0438e+02   2.36e-04
  2.0718e+02   2.31e-04
  2.1002e+02   2.26e-04
  2.1289e+02   2.22e-04
  2.1581e+02   2.17e-04
  2.1877e+02   2.13e-04
  2.2176e+02   2.09e-04
  2.2480e+02   2.04e-04
  2.2788e+02   2.00e-04
  2.3101e+02   1.96e-04
  2.3417e+02   1.92e-04
  2.3738e+02   1.88e-04
  2.4063e+02   1.84e-04
  2.4393e+02   1.80e-04
  2.4727e+02   1.77e-04
  2.5066e+02   1.73e-04
  2.5409e+02   1.69e-04
  2.5757e+02   1.66e-04
  2.6110e+02   1.62e-04
  2.6468e+02   1.59e-04
  2.6831e+02   1.55e-04
  2.7198e+02   1.52e-04
  2.7571e+02   1.49e-04
  2.7949e+02   1.45e-04
  2.8332e+02   1.42e-04
  2.8720e+02   1.39e-04
  2.9113e+02   1.36e-04
  2.9512e+02   1.33e-04
  2.9917e+02   1.30e-04
  3.0327e+02   1.27e-04
  3.0742e+02   1.24e-04
  3.1163e+02   1.21e-04
  3.1590e+02   1.19e-04
  3.2023e+02   1.16e-04
  3.2462e+02   1.13e-04
  3.2907e+02   1.11e-04
  3.3357e+02   1.08e-04
  3.3814e+02   1.06e-04
  3.4278e+02   1.03e-04
  3.4747e+02   1.01e-04
  3.5223e+02   9.86e-05
  3.5706e+02   9.62e-05
  3.6195e+02   9.39e-05
  3.6691e+02   9.16e-05
  3.7194e+02   8.94e-05
  3.7704e+02   8.72e-05
  3.8220e+02   8.51e-05
  3.8744e+02   8.30e-05
  3.9275e+02   8.09e-05
  3.9813e+02   7.89e-05
  4.0358e+02   7.70e-05
  4.0911e+02   7.50e-05
  4.1472e+02   7.31e-05
  4.2040e+02   7.13e-05
  4.2616e+02   6.95e-05
  4.3200e+02   6.77e-05
  4.3792e+02   6.62e-05
  4.4392e+02   6.48e-05
  4.5000e+02   6.33e-05
