#  E [MeV]   Flux [# cm^{-2} s^{-1}  MeV^{-1}]
  3.0000e+04   2.48e-20
  3.1123e+04   2.37e-20
  3.2288e+04   2.27e-20
  3.3497e+04   2.17e-20
  3.4751e+04   2.07e-20
  3.6051e+04   1.98e-20
  3.7401e+04   1.89e-20
  3.8801e+04   1.80e-20
  4.0253e+04   1.72e-20
  4.1760e+04   1.64e-20
  4.3324e+04   1.57e-20
  4.4945e+04   1.50e-20
  4.6628e+04   1.43e-20
  4.8373e+04   1.36e-20
  5.0184e+04   1.30e-20
  5.2063e+04   1.24e-20
  5.4011e+04   1.18e-20
  5.6033e+04   1.13e-20
  5.8131e+04   1.07e-20
  6.0307e+04   1.02e-20
  6.2564e+04   9.75e-21
  6.4906e+04   9.29e-21
  6.7336e+04   8.85e-21
  6.9857e+04   8.42e-21
  7.2472e+04   8.02e-21
  7.5184e+04   7.64e-21
  7.7999e+04   7.27e-21
  8.0919e+04   6.92e-21
  8.3948e+04   6.59e-21
  8.7090e+04   6.27e-21
  9.0350e+04   5.96e-21
  9.3732e+04   5.67e-21
  9.7241e+04   5.39e-21
  1.0088e+05   5.13e-21
  1.0466e+05   4.87e-21
  1.0858e+05   4.63e-21
  1.1264e+05   4.40e-21
  1.1686e+05   4.18e-21
  1.2123e+05   3.97e-21
  1.2577e+05   3.77e-21
  1.3048e+05   3.58e-21
  1.3536e+05   3.40e-21
  1.4043e+05   3.23e-21
  1.4568e+05   3.06e-21
  1.5114e+05   2.90e-21
  1.5680e+05   2.75e-21
  1.6266e+05   2.61e-21
  1.6875e+05   2.47e-21
  1.7507e+05   2.34e-21
  1.8162e+05   2.22e-21
  1.8842e+05   2.10e-21
  1.9548e+05   1.99e-21
  2.0279e+05   1.88e-21
  2.1039e+05   1.78e-21
  2.1826e+05   1.68e-21
  2.2643e+05   1.59e-21
  2.3491e+05   1.50e-21
  2.4370e+05   1.42e-21
  2.5282e+05   1.34e-21
  2.6229e+05   1.26e-21
  2.7211e+05   1.19e-21
  2.8229e+05   1.12e-21
  2.9286e+05   1.06e-21
  3.0382e+05   9.93e-22
  3.1519e+05   9.34e-22
  3.2699e+05   8.77e-22
  3.3923e+05   8.23e-22
  3.5193e+05   7.73e-22
  3.6511e+05   7.24e-22
  3.7877e+05   6.78e-22
  3.9295e+05   6.35e-22
  4.0766e+05   5.94e-22
  4.2292e+05   5.55e-22
  4.3875e+05   5.18e-22
  4.5518e+05   4.83e-22
  4.7222e+05   4.50e-22
  4.8989e+05   4.19e-22
  5.0823e+05   3.90e-22
  5.2726e+05   3.62e-22
  5.4699e+05   3.36e-22
  5.6747e+05   3.12e-22
  5.8871e+05   2.89e-22
  6.1075e+05   2.68e-22
  6.3361e+05   2.48e-22
  6.5733e+05   2.29e-22
  6.8194e+05   2.12e-22
  7.0746e+05   1.96e-22
  7.3395e+05   1.81e-22
  7.6142e+05   1.67e-22
  7.8992e+05   1.54e-22
  8.1949e+05   1.42e-22
  8.5017e+05   1.31e-22
  8.8199e+05   1.21e-22
  9.1501e+05   1.12e-22
  9.4926e+05   1.03e-22
  9.8479e+05   9.51e-23
  1.0217e+06   8.77e-23
  1.0599e+06   8.07e-23
  1.0996e+06   7.44e-23
  1.1407e+06   6.85e-23
  1.1834e+06   6.30e-23
  1.2277e+06   5.80e-23
  1.2737e+06   5.33e-23
  1.3214e+06   4.90e-23
  1.3708e+06   4.50e-23
  1.4222e+06   4.14e-23
  1.4754e+06   3.80e-23
  1.5306e+06   3.49e-23
  1.5879e+06   3.21e-23
  1.6474e+06   2.94e-23
  1.7090e+06   2.69e-23
  1.7730e+06   2.47e-23
  1.8394e+06   2.26e-23
  1.9082e+06   2.07e-23
  1.9797e+06   1.90e-23
  2.0538e+06   1.73e-23
  2.1306e+06   1.58e-23
  2.2104e+06   1.45e-23
  2.2931e+06   1.32e-23
  2.3790e+06   1.20e-23
  2.4680e+06   1.09e-23
  2.5604e+06   9.91e-24
  2.6563e+06   8.99e-24
  2.7557e+06   8.15e-24
  2.8589e+06   7.38e-24
  2.9659e+06   6.66e-24
  3.0769e+06   6.02e-24
  3.1921e+06   5.43e-24
  3.3116e+06   4.87e-24
  3.4355e+06   4.38e-24
  3.5641e+06   3.93e-24
  3.6976e+06   3.51e-24
  3.8360e+06   3.13e-24
  3.9796e+06   2.80e-24
  4.1285e+06   2.48e-24
  4.2831e+06   2.20e-24
  4.4434e+06   1.95e-24
  4.6097e+06   1.72e-24
  4.7823e+06   1.50e-24
  4.9613e+06   1.32e-24
  5.1470e+06   1.16e-24
  5.3397e+06   1.00e-24
  5.5396e+06   8.77e-25
  5.7470e+06   7.60e-25
  5.9621e+06   6.53e-25
  6.1853e+06   5.64e-25
  6.4168e+06   4.84e-25
  6.6570e+06   4.11e-25
  6.9062e+06   3.50e-25
  7.1647e+06   2.97e-25
  7.4329e+06   2.49e-25
  7.7112e+06   2.09e-25
  7.9998e+06   1.75e-25
  8.2993e+06   1.45e-25
  8.6100e+06   1.19e-25
  8.9323e+06   9.82e-26
  9.2666e+06   7.96e-26
  9.6135e+06   6.40e-26
  9.9734e+06   5.18e-26
  1.0347e+07   4.11e-26
  1.0734e+07   3.22e-26
  1.1136e+07   2.54e-26
  1.1553e+07   1.97e-26
  1.1985e+07   1.49e-26
  1.2434e+07   1.14e-26
  1.2899e+07   8.53e-27
  1.3382e+07   6.20e-27
  1.3883e+07   4.55e-27
  1.4403e+07   3.26e-27
  1.4942e+07   2.26e-27
  1.5501e+07   1.56e-27
  1.6081e+07   1.05e-27
  1.6683e+07   6.82e-28
  1.7308e+07   4.35e-28
  1.7956e+07   2.70e-28
  1.8628e+07   1.59e-28
  1.9325e+07   9.07e-29
  2.0049e+07   5.00e-29
  2.0799e+07   2.57e-29
  2.1578e+07   1.25e-29
  2.2386e+07   5.73e-30
  2.3224e+07   2.40e-30
  2.4093e+07   9.07e-31
  2.4995e+07   3.13e-31
  2.5930e+07   9.36e-32
  2.6901e+07   2.38e-32
  2.7908e+07   5.15e-33
  2.8953e+07   8.88e-34
  3.0037e+07   1.17e-34
  3.1161e+07   1.14e-35
  3.2327e+07   7.50e-37
  3.3537e+07   3.10e-38
  3.4793e+07   7.30e-40
  3.6095e+07   8.56e-42
  3.7446e+07   4.23e-44
  3.8848e+07   7.17e-47
  4.0302e+07   3.18e-50
  4.1811e+07   2.62e-54
  4.3376e+07   2.58e-59
  4.5000e+07   1.68e-65
