#  E [MeV]   Flux [# cm^{-2} s^{-1}  MeV^{-1}]
  3.0000e+04   4.04e-20
  3.1033e+04   3.90e-20
  3.2102e+04   3.76e-20
  3.3207e+04   3.63e-20
  3.4350e+04   3.50e-20
  3.5533e+04   3.38e-20
  3.6757e+04   3.26e-20
  3.8022e+04   3.14e-20
  3.9332e+04   3.03e-20
  4.0686e+04   2.92e-20
  4.2087e+04   2.82e-20
  4.3536e+04   2.72e-20
  4.5035e+04   2.62e-20
  4.6586e+04   2.52e-20
  4.8190e+04   2.43e-20
  4.9850e+04   2.34e-20
  5.1566e+04   2.25e-20
  5.3342e+04   2.17e-20
  5.5178e+04   2.09e-20
  5.7078e+04   2.01e-20
  5.9044e+04   1.93e-20
  6.1077e+04   1.86e-20
  6.3180e+04   1.79e-20
  6.5356e+04   1.72e-20
  6.7606e+04   1.65e-20
  6.9934e+04   1.59e-20
  7.2342e+04   1.52e-20
  7.4833e+04   1.46e-20
  7.7410e+04   1.41e-20
  8.0075e+04   1.35e-20
  8.2833e+04   1.29e-20
  8.5685e+04   1.24e-20
  8.8635e+04   1.19e-20
  9.1687e+04   1.14e-20
  9.4844e+04   1.09e-20
  9.8110e+04   1.05e-20
  1.0149e+05   1.00e-20
  1.0498e+05   9.60e-21
  1.0860e+05   9.18e-21
  1.1234e+05   8.78e-21
  1.1621e+05   8.40e-21
  1.2021e+05   8.02e-21
  1.2435e+05   7.66e-21
  1.2863e+05   7.32e-21
  1.3306e+05   6.98e-21
  1.3764e+05   6.66e-21
  1.4238e+05   6.35e-21
  1.4728e+05   6.05e-21
  1.5235e+05   5.76e-21
  1.5760e+05   5.48e-21
  1.6302e+05   5.22e-21
  1.6864e+05   4.96e-21
  1.7445e+05   4.71e-21
  1.8045e+05   4.47e-21
  1.8667e+05   4.24e-21
  1.9309e+05   4.02e-21
  1.9974e+05   3.81e-21
  2.0662e+05   3.61e-21
  2.1373e+05   3.41e-21
  2.2109e+05   3.23e-21
  2.2871e+05   3.05e-21
  2.3658e+05   2.88e-21
  2.4473e+05   2.71e-21
  2.5316e+05   2.56e-21
  2.6187e+05   2.41e-21
  2.7089e+05   2.27e-21
  2.8022e+05   2.13e-21
  2.8987e+05   2.00e-21
  2.9985e+05   1.88e-21
  3.1017e+05   1.76e-21
  3.2085e+05   1.64e-21
  3.3190e+05   1.54e-21
  3.4333e+05   1.44e-21
  3.5515e+05   1.34e-21
  3.6738e+05   1.25e-21
  3.8003e+05   1.17e-21
  3.9312e+05   1.08e-21
  4.0665e+05   1.01e-21
  4.2066e+05   9.37e-22
  4.3514e+05   8.70e-22
  4.5013e+05   8.07e-22
  4.6562e+05   7.47e-22
  4.8166e+05   6.91e-22
  4.9824e+05   6.39e-22
  5.1540e+05   5.90e-22
  5.3315e+05   5.45e-22
  5.5150e+05   5.02e-22
  5.7050e+05   4.63e-22
  5.9014e+05   4.26e-22
  6.1046e+05   3.92e-22
  6.3148e+05   3.60e-22
  6.5322e+05   3.30e-22
  6.7572e+05   3.03e-22
  6.9898e+05   2.77e-22
  7.2305e+05   2.54e-22
  7.4795e+05   2.32e-22
  7.7371e+05   2.12e-22
  8.0035e+05   1.94e-22
  8.2791e+05   1.77e-22
  8.5641e+05   1.62e-22
  8.8590e+05   1.48e-22
  9.1641e+05   1.35e-22
  9.4796e+05   1.23e-22
  9.8061e+05   1.12e-22
  1.0144e+06   1.02e-22
  1.0493e+06   9.30e-23
  1.0854e+06   8.48e-23
  1.1228e+06   7.72e-23
  1.1615e+06   7.02e-23
  1.2015e+06   6.39e-23
  1.2428e+06   5.82e-23
  1.2856e+06   5.29e-23
  1.3299e+06   4.80e-23
  1.3757e+06   4.37e-23
  1.4231e+06   3.97e-23
  1.4721e+06   3.60e-23
  1.5228e+06   3.27e-23
  1.5752e+06   2.97e-23
  1.6294e+06   2.69e-23
  1.6855e+06   2.44e-23
  1.7436e+06   2.22e-23
  1.8036e+06   2.01e-23
  1.8657e+06   1.81e-23
  1.9300e+06   1.65e-23
  1.9964e+06   1.49e-23
  2.0652e+06   1.34e-23
  2.1363e+06   1.22e-23
  2.2098e+06   1.10e-23
  2.2859e+06   9.90e-24
  2.3646e+06   8.91e-24
  2.4461e+06   8.04e-24
  2.5303e+06   7.23e-24
  2.6174e+06   6.47e-24
  2.7075e+06   5.83e-24
  2.8008e+06   5.23e-24
  2.8972e+06   4.67e-24
  2.9970e+06   4.18e-24
  3.1002e+06   3.74e-24
  3.2069e+06   3.33e-24
  3.3173e+06   2.96e-24
  3.4316e+06   2.64e-24
  3.5497e+06   2.34e-24
  3.6720e+06   2.07e-24
  3.7984e+06   1.83e-24
  3.9292e+06   1.62e-24
  4.0645e+06   1.43e-24
  4.2044e+06   1.25e-24
  4.3492e+06   1.10e-24
  4.4990e+06   9.67e-25
  4.6539e+06   8.40e-25
  4.8141e+06   7.36e-25
  4.9799e+06   6.41e-25
  5.1514e+06   5.53e-25
  5.3288e+06   4.78e-25
  5.5123e+06   4.13e-25
  5.7021e+06   3.55e-25
  5.8984e+06   3.02e-25
  6.1015e+06   2.59e-25
  6.3116e+06   2.21e-25
  6.5289e+06   1.86e-25
  6.7538e+06   1.57e-25
  6.9863e+06   1.33e-25
  7.2269e+06   1.11e-25
  7.4757e+06   9.17e-26
  7.7331e+06   7.65e-26
  7.9994e+06   6.30e-26
  8.2749e+06   5.11e-26
  8.5598e+06   4.20e-26
  8.8546e+06   3.40e-26
  9.1594e+06   2.72e-26
  9.4748e+06   2.17e-26
  9.8011e+06   1.72e-26
  1.0139e+07   1.35e-26
  1.0488e+07   1.04e-26
  1.0849e+07   8.05e-27
  1.1222e+07   6.11e-27
  1.1609e+07   4.54e-27
  1.2009e+07   3.38e-27
  1.2422e+07   2.48e-27
  1.2850e+07   1.77e-27
  1.3292e+07   1.25e-27
  1.3750e+07   8.78e-28
  1.4223e+07   5.99e-28
  1.4713e+07   3.96e-28
  1.5220e+07   2.62e-28
  1.5744e+07   1.69e-28
  1.6286e+07   1.04e-28
  1.6847e+07   6.30e-29
  1.7427e+07   3.70e-29
  1.8027e+07   2.07e-29
  1.8648e+07   1.10e-29
  1.9290e+07   5.66e-30
  1.9954e+07   2.72e-30
  2.0641e+07   1.22e-30
  2.1352e+07   5.08e-31
  2.2087e+07   1.93e-31
  2.2848e+07   6.62e-32
  2.3634e+07   2.01e-32
  2.4448e+07   5.35e-33
  2.5290e+07   1.21e-33
