#  E [MeV]   Flux [# cm^{-2} s^{-1}  MeV^{-1}]
  3.0000e+04   2.51e-25
  3.1051e+04   2.42e-25
  3.2139e+04   2.33e-25
  3.3266e+04   2.24e-25
  3.4432e+04   2.16e-25
  3.5638e+04   2.08e-25
  3.6887e+04   2.00e-25
  3.8180e+04   1.93e-25
  3.9518e+04   1.85e-25
  4.0903e+04   1.78e-25
  4.2336e+04   1.72e-25
  4.3820e+04   1.65e-25
  4.5355e+04   1.59e-25
  4.6945e+04   1.53e-25
  4.8590e+04   1.47e-25
  5.0293e+04   1.41e-25
  5.2055e+04   1.35e-25
  5.3879e+04   1.30e-25
  5.5767e+04   1.25e-25
  5.7722e+04   1.20e-25
  5.9745e+04   1.15e-25
  6.1838e+04   1.11e-25
  6.4005e+04   1.06e-25
  6.6248e+04   1.02e-25
  6.8570e+04   9.81e-26
  7.0973e+04   9.42e-26
  7.3460e+04   9.04e-26
  7.6034e+04   8.68e-26
  7.8699e+04   8.33e-26
  8.1457e+04   7.99e-26
  8.4311e+04   7.67e-26
  8.7266e+04   7.35e-26
  9.0324e+04   7.06e-26
  9.3490e+04   6.77e-26
  9.6766e+04   6.49e-26
  1.0016e+05   6.23e-26
  1.0367e+05   5.97e-26
  1.0730e+05   5.73e-26
  1.1106e+05   5.50e-26
  1.1495e+05   5.27e-26
  1.1898e+05   5.06e-26
  1.2315e+05   4.85e-26
  1.2747e+05   4.65e-26
  1.3193e+05   4.46e-26
  1.3656e+05   4.28e-26
  1.4134e+05   4.10e-26
  1.4629e+05   3.94e-26
  1.5142e+05   3.78e-26
  1.5673e+05   3.62e-26
  1.6222e+05   3.48e-26
  1.6790e+05   3.34e-26
  1.7379e+05   3.20e-26
  1.7988e+05   3.08e-26
  1.8618e+05   2.95e-26
  1.9271e+05   2.84e-26
  1.9946e+05   2.72e-26
  2.0645e+05   2.62e-26
  2.1369e+05   2.51e-26
  2.2117e+05   2.41e-26
  2.2892e+05   2.32e-26
  2.3695e+05   2.23e-26
  2.4525e+05   2.15e-26
  2.5385e+05   2.06e-26
  2.6274e+05   1.99e-26
  2.7195e+05   1.91e-26
  2.8148e+05   1.84e-26
  2.9134e+05   1.77e-26
  3.0155e+05   1.71e-26
  3.1212e+05   1.64e-26
  3.2306e+05   1.58e-26
  3.3438e+05   1.53e-26
  3.4610e+05   1.47e-26
  3.5823e+05   1.42e-26
  3.7078e+05   1.37e-26
  3.8377e+05   1.32e-26
  3.9722e+05   1.28e-26
  4.1114e+05   1.23e-26
  4.2555e+05   1.19e-26
  4.4046e+05   1.15e-26
  4.5590e+05   1.11e-26
  4.7188e+05   1.08e-26
  4.8841e+05   1.04e-26
  5.0553e+05   1.01e-26
  5.2324e+05   9.75e-27
  5.4158e+05   9.44e-27
  5.6056e+05   9.14e-27
  5.8020e+05   8.86e-27
  6.0054e+05   8.58e-27
  6.2158e+05   8.31e-27
  6.4337e+05   8.06e-27
  6.6591e+05   7.82e-27
  6.8925e+05   7.58e-27
  7.1340e+05   7.35e-27
  7.3840e+05   7.14e-27
  7.6428e+05   6.93e-27
  7.9106e+05   6.72e-27
  8.1878e+05   6.53e-27
  8.4748e+05   6.34e-27
  8.7718e+05   6.15e-27
  9.0792e+05   5.98e-27
  9.3973e+05   5.81e-27
  9.7267e+05   5.64e-27
  1.0068e+06   5.48e-27
  1.0420e+06   5.33e-27
  1.0785e+06   5.18e-27
  1.1163e+06   5.04e-27
  1.1555e+06   4.90e-27
  1.1960e+06   4.76e-27
  1.2379e+06   4.63e-27
  1.2813e+06   4.51e-27
  1.3262e+06   4.38e-27
  1.3726e+06   4.27e-27
  1.4207e+06   4.15e-27
  1.4705e+06   4.03e-27
  1.5220e+06   3.92e-27
  1.5754e+06   3.82e-27
  1.6306e+06   3.71e-27
  1.6877e+06   3.61e-27
  1.7469e+06   3.51e-27
  1.8081e+06   3.41e-27
  1.8715e+06   3.31e-27
  1.9370e+06   3.22e-27
  2.0049e+06   3.13e-27
  2.0752e+06   3.04e-27
  2.1479e+06   2.95e-27
  2.2232e+06   2.86e-27
  2.3011e+06   2.78e-27
  2.3817e+06   2.69e-27
  2.4652e+06   2.61e-27
  2.5516e+06   2.53e-27
  2.6410e+06   2.45e-27
  2.7336e+06   2.37e-27
  2.8294e+06   2.30e-27
  2.9285e+06   2.22e-27
  3.0311e+06   2.15e-27
  3.1374e+06   2.08e-27
  3.2473e+06   2.00e-27
  3.3611e+06   1.93e-27
  3.4789e+06   1.86e-27
  3.6008e+06   1.80e-27
  3.7270e+06   1.73e-27
  3.8576e+06   1.66e-27
  3.9928e+06   1.60e-27
  4.1327e+06   1.54e-27
  4.2775e+06   1.47e-27
  4.4274e+06   1.41e-27
  4.5826e+06   1.35e-27
  4.7432e+06   1.29e-27
  4.9094e+06   1.24e-27
  5.0815e+06   1.18e-27
  5.2595e+06   1.12e-27
  5.4438e+06   1.07e-27
  5.6346e+06   1.02e-27
  5.8321e+06   9.66e-28
  6.0365e+06   9.15e-28
  6.2480e+06   8.66e-28
  6.4670e+06   8.17e-28
  6.6936e+06   7.70e-28
  6.9282e+06   7.26e-28
  7.1709e+06   6.81e-28
  7.4222e+06   6.38e-28
  7.6823e+06   5.98e-28
  7.9516e+06   5.58e-28
  8.2302e+06   5.20e-28
  8.5186e+06   4.83e-28
  8.8172e+06   4.48e-28
  9.1262e+06   4.14e-28
  9.4460e+06   3.82e-28
  9.7770e+06   3.51e-28
  1.0120e+07   3.22e-28
  1.0474e+07   2.94e-28
  1.0841e+07   2.68e-28
  1.1221e+07   2.43e-28
  1.1614e+07   2.19e-28
  1.2022e+07   1.97e-28
  1.2443e+07   1.76e-28
  1.2879e+07   1.57e-28
  1.3330e+07   1.39e-28
  1.3797e+07   1.22e-28
  1.4281e+07   1.07e-28
  1.4781e+07   9.30e-29
  1.5299e+07   8.03e-29
  1.5835e+07   6.89e-29
  1.6390e+07   5.88e-29
  1.6965e+07   4.97e-29
  1.7559e+07   4.15e-29
  1.8175e+07   3.45e-29
  1.8812e+07   2.83e-29
  1.9471e+07   2.29e-29
  2.0153e+07   1.83e-29
  2.0859e+07   1.46e-29
  2.1590e+07   1.13e-29
  2.2347e+07   8.63e-30
  2.3130e+07   6.59e-30
  2.3941e+07   4.89e-30
  2.4780e+07   3.51e-30
  2.5648e+07   2.55e-30
  2.6547e+07   1.79e-30
  2.7477e+07   1.21e-30
  2.8440e+07   8.08e-31
