#  E [GeV]   # per interaction  [GeV^{-1}]
  3.0000e+01   1.36e+00
  3.1232e+01   1.30e+00
  3.2514e+01   1.24e+00
  3.3849e+01   1.18e+00
  3.5238e+01   1.13e+00
  3.6685e+01   1.07e+00
  3.8191e+01   1.02e+00
  3.9759e+01   9.72e-01
  4.1391e+01   9.26e-01
  4.3090e+01   8.81e-01
  4.4859e+01   8.39e-01
  4.6701e+01   7.98e-01
  4.8618e+01   7.59e-01
  5.0614e+01   7.22e-01
  5.2692e+01   6.87e-01
  5.4855e+01   6.53e-01
  5.7107e+01   6.21e-01
  5.9451e+01   5.90e-01
  6.1892e+01   5.61e-01
  6.4433e+01   5.33e-01
  6.7078e+01   5.06e-01
  6.9832e+01   4.81e-01
  7.2699e+01   4.57e-01
  7.5683e+01   4.34e-01
  7.8790e+01   4.12e-01
  8.2025e+01   3.91e-01
  8.5392e+01   3.71e-01
  8.8898e+01   3.52e-01
  9.2547e+01   3.34e-01
  9.6347e+01   3.16e-01
  1.0030e+02   3.00e-01
  1.0442e+02   2.84e-01
  1.0871e+02   2.70e-01
  1.1317e+02   2.55e-01
  1.1782e+02   2.42e-01
  1.2265e+02   2.29e-01
  1.2769e+02   2.17e-01
  1.3293e+02   2.05e-01
  1.3839e+02   1.94e-01
  1.4407e+02   1.84e-01
  1.4998e+02   1.74e-01
  1.5614e+02   1.65e-01
  1.6255e+02   1.56e-01
  1.6922e+02   1.47e-01
  1.7617e+02   1.39e-01
  1.8340e+02   1.31e-01
  1.9093e+02   1.24e-01
  1.9877e+02   1.17e-01
  2.0693e+02   1.11e-01
  2.1543e+02   1.04e-01
  2.2427e+02   9.83e-02
  2.3348e+02   9.27e-02
  2.4306e+02   8.74e-02
  2.5304e+02   8.23e-02
  2.6343e+02   7.75e-02
  2.7424e+02   7.30e-02
  2.8550e+02   6.86e-02
  2.9722e+02   6.45e-02
  3.0942e+02   6.07e-02
  3.2213e+02   5.70e-02
  3.3535e+02   5.35e-02
  3.4912e+02   5.02e-02
  3.6345e+02   4.71e-02
  3.7837e+02   4.42e-02
  3.9390e+02   4.14e-02
  4.1008e+02   3.88e-02
  4.2691e+02   3.63e-02
  4.4444e+02   3.40e-02
  4.6268e+02   3.18e-02
  4.8168e+02   2.97e-02
  5.0145e+02   2.78e-02
  5.2204e+02   2.59e-02
  5.4347e+02   2.42e-02
  5.6578e+02   2.26e-02
  5.8901e+02   2.10e-02
  6.1319e+02   1.96e-02
  6.3836e+02   1.83e-02
  6.6457e+02   1.70e-02
  6.9185e+02   1.58e-02
  7.2025e+02   1.47e-02
  7.4982e+02   1.37e-02
  7.8061e+02   1.27e-02
  8.1265e+02   1.18e-02
  8.4601e+02   1.09e-02
  8.8075e+02   1.01e-02
  9.1690e+02   9.41e-03
  9.5455e+02   8.73e-03
  9.9373e+02   8.09e-03
  1.0345e+03   7.49e-03
  1.0770e+03   6.93e-03
  1.1212e+03   6.42e-03
  1.1672e+03   5.93e-03
  1.2152e+03   5.48e-03
  1.2650e+03   5.07e-03
  1.3170e+03   4.69e-03
  1.3711e+03   4.33e-03
  1.4273e+03   4.00e-03
  1.4859e+03   3.70e-03
  1.5469e+03   3.42e-03
  1.6104e+03   3.16e-03
  1.6766e+03   2.92e-03
  1.7454e+03   2.70e-03
  1.8170e+03   2.49e-03
  1.8916e+03   2.30e-03
  1.9693e+03   2.12e-03
  2.0501e+03   1.96e-03
  2.1343e+03   1.81e-03
  2.2219e+03   1.67e-03
  2.3131e+03   1.53e-03
  2.4081e+03   1.41e-03
  2.5070e+03   1.30e-03
  2.6099e+03   1.19e-03
  2.7170e+03   1.09e-03
  2.8286e+03   1.00e-03
  2.9447e+03   9.18e-04
  3.0656e+03   8.40e-04
  3.1914e+03   7.68e-04
  3.3225e+03   7.01e-04
  3.4589e+03   6.39e-04
  3.6008e+03   5.82e-04
  3.7487e+03   5.29e-04
  3.9026e+03   4.80e-04
  4.0628e+03   4.35e-04
  4.2296e+03   3.93e-04
  4.4032e+03   3.55e-04
  4.5840e+03   3.20e-04
  4.7722e+03   2.88e-04
  4.9681e+03   2.58e-04
  5.1720e+03   2.31e-04
  5.3844e+03   2.06e-04
  5.6054e+03   1.84e-04
  5.8355e+03   1.63e-04
  6.0751e+03   1.44e-04
  6.3245e+03   1.28e-04
  6.5841e+03   1.12e-04
  6.8544e+03   9.83e-05
  7.1358e+03   8.62e-05
  7.4288e+03   7.50e-05
  7.7338e+03   6.49e-05
  8.0513e+03   5.62e-05
  8.3818e+03   4.83e-05
  8.7259e+03   4.12e-05
  9.0841e+03   3.51e-05
  9.4571e+03   2.97e-05
  9.8453e+03   2.49e-05
  1.0249e+04   2.08e-05
  1.0670e+04   1.72e-05
  1.1108e+04   1.42e-05
  1.1564e+04   1.16e-05
  1.2039e+04   9.32e-06
  1.2533e+04   7.47e-06
  1.3048e+04   5.92e-06
  1.3584e+04   4.60e-06
  1.4141e+04   3.57e-06
  1.4722e+04   2.71e-06
  1.5326e+04   2.01e-06
  1.5955e+04   1.49e-06
  1.6610e+04   1.07e-06
  1.7292e+04   7.45e-07
  1.8002e+04   5.13e-07
  1.8741e+04   3.39e-07
  1.9511e+04   2.16e-07
  2.0312e+04   1.34e-07
  2.1145e+04   7.83e-08
  2.2013e+04   4.34e-08
  2.2917e+04   2.29e-08
  2.3858e+04   1.11e-08
  2.4837e+04   4.94e-09
  2.5857e+04   2.00e-09
  2.6919e+04   7.09e-10
  2.8024e+04   2.19e-10
  2.9174e+04   5.70e-11
  3.0372e+04   1.18e-11
  3.1619e+04   1.91e-12
  3.2917e+04   2.24e-13
  3.4268e+04   1.74e-14
  3.5675e+04   8.45e-16
  3.7140e+04   2.18e-17
  3.8664e+04   2.53e-19
  4.0252e+04   1.11e-21
  4.1904e+04   1.31e-24
  4.3624e+04   2.88e-28
  4.5415e+04   7.12e-33
  4.7280e+04   9.40e-39
  4.9221e+04   2.50e-46
  5.1241e+04   1.54e-47
  5.3345e+04   1.35e-47
  5.5535e+04   1.19e-47
  5.7815e+04   1.06e-47
  6.0188e+04   9.45e-48
  6.2659e+04   8.46e-48
  6.5232e+04   7.59e-48
  6.7910e+04   6.79e-48
  7.0698e+04   6.08e-48
  7.3600e+04   5.44e-48
  7.6621e+04   4.83e-48
  7.9767e+04   4.26e-48
  8.3042e+04   3.72e-48
  8.6451e+04   3.21e-48
  9.0000e+04   2.81e-48
