#  E [GeV]   # per interaction  [GeV^{-1}]
  3.0000e+01   5.38e-01
  3.1123e+01   5.17e-01
  3.2288e+01   4.96e-01
  3.3497e+01   4.77e-01
  3.4751e+01   4.58e-01
  3.6051e+01   4.40e-01
  3.7401e+01   4.23e-01
  3.8801e+01   4.06e-01
  4.0253e+01   3.90e-01
  4.1760e+01   3.75e-01
  4.3324e+01   3.60e-01
  4.4945e+01   3.45e-01
  4.6628e+01   3.32e-01
  4.8373e+01   3.18e-01
  5.0184e+01   3.06e-01
  5.2063e+01   2.93e-01
  5.4011e+01   2.82e-01
  5.6033e+01   2.70e-01
  5.8131e+01   2.59e-01
  6.0307e+01   2.49e-01
  6.2564e+01   2.39e-01
  6.4906e+01   2.29e-01
  6.7336e+01   2.20e-01
  6.9857e+01   2.11e-01
  7.2472e+01   2.02e-01
  7.5184e+01   1.94e-01
  7.7999e+01   1.86e-01
  8.0919e+01   1.78e-01
  8.3948e+01   1.70e-01
  8.7090e+01   1.63e-01
  9.0350e+01   1.56e-01
  9.3732e+01   1.50e-01
  9.7241e+01   1.43e-01
  1.0088e+02   1.37e-01
  1.0466e+02   1.31e-01
  1.0858e+02   1.26e-01
  1.1264e+02   1.20e-01
  1.1686e+02   1.15e-01
  1.2123e+02   1.10e-01
  1.2577e+02   1.05e-01
  1.3048e+02   1.01e-01
  1.3536e+02   9.62e-02
  1.4043e+02   9.19e-02
  1.4568e+02   8.78e-02
  1.5114e+02   8.38e-02
  1.5680e+02   8.00e-02
  1.6266e+02   7.63e-02
  1.6875e+02   7.28e-02
  1.7507e+02   6.94e-02
  1.8162e+02   6.62e-02
  1.8842e+02   6.30e-02
  1.9548e+02   6.01e-02
  2.0279e+02   5.72e-02
  2.1039e+02   5.44e-02
  2.1826e+02   5.18e-02
  2.2643e+02   4.93e-02
  2.3491e+02   4.68e-02
  2.4370e+02   4.45e-02
  2.5282e+02   4.23e-02
  2.6229e+02   4.02e-02
  2.7211e+02   3.81e-02
  2.8229e+02   3.62e-02
  2.9286e+02   3.43e-02
  3.0382e+02   3.25e-02
  3.1519e+02   3.08e-02
  3.2699e+02   2.91e-02
  3.3923e+02   2.76e-02
  3.5193e+02   2.61e-02
  3.6511e+02   2.46e-02
  3.7877e+02   2.33e-02
  3.9295e+02   2.20e-02
  4.0766e+02   2.07e-02
  4.2292e+02   1.96e-02
  4.3875e+02   1.84e-02
  4.5518e+02   1.74e-02
  4.7222e+02   1.64e-02
  4.8989e+02   1.54e-02
  5.0823e+02   1.45e-02
  5.2726e+02   1.36e-02
  5.4699e+02   1.28e-02
  5.6747e+02   1.20e-02
  5.8871e+02   1.13e-02
  6.1075e+02   1.06e-02
  6.3361e+02   9.91e-03
  6.5733e+02   9.28e-03
  6.8194e+02   8.69e-03
  7.0746e+02   8.14e-03
  7.3395e+02   7.62e-03
  7.6142e+02   7.12e-03
  7.8992e+02   6.66e-03
  8.1949e+02   6.23e-03
  8.5017e+02   5.82e-03
  8.8199e+02   5.43e-03
  9.1501e+02   5.07e-03
  9.4926e+02   4.73e-03
  9.8479e+02   4.41e-03
  1.0217e+03   4.11e-03
  1.0599e+03   3.83e-03
  1.0996e+03   3.57e-03
  1.1407e+03   3.33e-03
  1.1834e+03   3.09e-03
  1.2277e+03   2.88e-03
  1.2737e+03   2.68e-03
  1.3214e+03   2.49e-03
  1.3708e+03   2.31e-03
  1.4222e+03   2.15e-03
  1.4754e+03   1.99e-03
  1.5306e+03   1.85e-03
  1.5879e+03   1.72e-03
  1.6474e+03   1.59e-03
  1.7090e+03   1.48e-03
  1.7730e+03   1.37e-03
  1.8394e+03   1.27e-03
  1.9082e+03   1.17e-03
  1.9797e+03   1.08e-03
  2.0538e+03   1.00e-03
  2.1306e+03   9.26e-04
  2.2104e+03   8.55e-04
  2.2931e+03   7.90e-04
  2.3790e+03   7.28e-04
  2.4680e+03   6.70e-04
  2.5604e+03   6.18e-04
  2.6563e+03   5.69e-04
  2.7557e+03   5.22e-04
  2.8589e+03   4.81e-04
  2.9659e+03   4.41e-04
  3.0769e+03   4.04e-04
  3.1921e+03   3.71e-04
  3.3116e+03   3.40e-04
  3.4355e+03   3.11e-04
  3.5641e+03   2.84e-04
  3.6976e+03   2.60e-04
  3.8360e+03   2.37e-04
  3.9796e+03   2.16e-04
  4.1285e+03   1.97e-04
  4.2831e+03   1.79e-04
  4.4434e+03   1.62e-04
  4.6097e+03   1.47e-04
  4.7823e+03   1.33e-04
  4.9613e+03   1.20e-04
  5.1470e+03   1.09e-04
  5.3397e+03   9.81e-05
  5.5396e+03   8.82e-05
  5.7470e+03   7.94e-05
  5.9621e+03   7.13e-05
  6.1853e+03   6.36e-05
  6.4168e+03   5.71e-05
  6.6570e+03   5.09e-05
  6.9062e+03   4.52e-05
  7.1647e+03   4.03e-05
  7.4329e+03   3.57e-05
  7.7112e+03   3.15e-05
  7.9998e+03   2.79e-05
  8.2993e+03   2.46e-05
  8.6100e+03   2.15e-05
  8.9323e+03   1.88e-05
  9.2666e+03   1.64e-05
  9.6135e+03   1.42e-05
  9.9734e+03   1.23e-05
  1.0347e+04   1.07e-05
  1.0734e+04   9.14e-06
  1.1136e+04   7.80e-06
  1.1553e+04   6.67e-06
  1.1985e+04   5.64e-06
  1.2434e+04   4.73e-06
  1.2899e+04   3.98e-06
  1.3382e+04   3.31e-06
  1.3883e+04   2.72e-06
  1.4403e+04   2.25e-06
  1.4942e+04   1.83e-06
  1.5501e+04   1.47e-06
  1.6081e+04   1.18e-06
  1.6683e+04   9.37e-07
  1.7308e+04   7.26e-07
  1.7956e+04   5.63e-07
  1.8628e+04   4.28e-07
  1.9325e+04   3.17e-07
  2.0049e+04   2.33e-07
  2.0799e+04   1.68e-07
  2.1578e+04   1.17e-07
  2.2386e+04   7.95e-08
  2.3224e+04   5.30e-08
  2.4093e+04   3.36e-08
  2.4995e+04   2.05e-08
  2.5930e+04   1.21e-08
  2.6901e+04   6.64e-09
  2.7908e+04   3.41e-09
  2.8953e+04   1.65e-09
  3.0037e+04   7.20e-10
  3.1161e+04   2.77e-10
  3.2327e+04   9.60e-11
  3.3537e+04   2.78e-11
  3.4793e+04   6.49e-12
  3.6095e+04   1.24e-12
  3.7446e+04   1.74e-13
  3.8848e+04   1.66e-14
  4.0302e+04   1.02e-15
  4.1811e+04   3.46e-17
  4.3376e+04   5.48e-19
  4.5000e+04   3.52e-21
