#  E [MeV]   Flux [# cm^{-2} s^{-1}  MeV^{-1}]
  3.0000e+04   4.56e-24
  3.0872e+04   4.41e-24
  3.1770e+04   4.26e-24
  3.2694e+04   4.12e-24
  3.3644e+04   3.99e-24
  3.4623e+04   3.85e-24
  3.5629e+04   3.72e-24
  3.6665e+04   3.60e-24
  3.7731e+04   3.48e-24
  3.8829e+04   3.36e-24
  3.9958e+04   3.24e-24
  4.1119e+04   3.13e-24
  4.2315e+04   3.03e-24
  4.3545e+04   2.92e-24
  4.4812e+04   2.82e-24
  4.6115e+04   2.72e-24
  4.7456e+04   2.62e-24
  4.8835e+04   2.53e-24
  5.0255e+04   2.44e-24
  5.1717e+04   2.35e-24
  5.3220e+04   2.27e-24
  5.4768e+04   2.18e-24
  5.6360e+04   2.10e-24
  5.7999e+04   2.02e-24
  5.9686e+04   1.95e-24
  6.1421e+04   1.87e-24
  6.3207e+04   1.80e-24
  6.5045e+04   1.73e-24
  6.6936e+04   1.67e-24
  6.8882e+04   1.60e-24
  7.0885e+04   1.54e-24
  7.2947e+04   1.48e-24
  7.5068e+04   1.42e-24
  7.7250e+04   1.37e-24
  7.9496e+04   1.31e-24
  8.1808e+04   1.26e-24
  8.4187e+04   1.21e-24
  8.6635e+04   1.16e-24
  8.9154e+04   1.11e-24
  9.1746e+04   1.06e-24
  9.4414e+04   1.02e-24
  9.7159e+04   9.78e-25
  9.9984e+04   9.37e-25
  1.0289e+05   8.97e-25
  1.0588e+05   8.59e-25
  1.0896e+05   8.22e-25
  1.1213e+05   7.86e-25
  1.1539e+05   7.52e-25
  1.1875e+05   7.19e-25
  1.2220e+05   6.87e-25
  1.2575e+05   6.56e-25
  1.2941e+05   6.27e-25
  1.3317e+05   5.99e-25
  1.3704e+05   5.71e-25
  1.4103e+05   5.45e-25
  1.4513e+05   5.20e-25
  1.4935e+05   4.96e-25
  1.5369e+05   4.73e-25
  1.5816e+05   4.51e-25
  1.6276e+05   4.30e-25
  1.6749e+05   4.09e-25
  1.7236e+05   3.90e-25
  1.7737e+05   3.71e-25
  1.8253e+05   3.53e-25
  1.8784e+05   3.36e-25
  1.9330e+05   3.19e-25
  1.9892e+05   3.03e-25
  2.0470e+05   2.88e-25
  2.1066e+05   2.74e-25
  2.1678e+05   2.60e-25
  2.2309e+05   2.46e-25
  2.2957e+05   2.34e-25
  2.3625e+05   2.21e-25
  2.4312e+05   2.10e-25
  2.5019e+05   1.99e-25
  2.5746e+05   1.88e-25
  2.6495e+05   1.78e-25
  2.7265e+05   1.68e-25
  2.8058e+05   1.59e-25
  2.8874e+05   1.50e-25
  2.9713e+05   1.42e-25
  3.0577e+05   1.34e-25
  3.1466e+05   1.26e-25
  3.2381e+05   1.19e-25
  3.3323e+05   1.12e-25
  3.4292e+05   1.05e-25
  3.5289e+05   9.93e-26
  3.6315e+05   9.34e-26
  3.7371e+05   8.78e-26
  3.8457e+05   8.25e-26
  3.9576e+05   7.75e-26
  4.0726e+05   7.28e-26
  4.1911e+05   6.82e-26
  4.3129e+05   6.39e-26
  4.4383e+05   5.99e-26
  4.5674e+05   5.61e-26
  4.7002e+05   5.25e-26
  4.8368e+05   4.90e-26
  4.9775e+05   4.59e-26
  5.1222e+05   4.28e-26
  5.2712e+05   4.00e-26
  5.4244e+05   3.72e-26
  5.5821e+05   3.48e-26
  5.7445e+05   3.24e-26
  5.9115e+05   3.02e-26
  6.0834e+05   2.80e-26
  6.2603e+05   2.61e-26
  6.4423e+05   2.43e-26
  6.6296e+05   2.25e-26
  6.8224e+05   2.09e-26
  7.0208e+05   1.94e-26
  7.2249e+05   1.80e-26
  7.4350e+05   1.67e-26
  7.6512e+05   1.55e-26
  7.8736e+05   1.43e-26
  8.1026e+05   1.33e-26
  8.3382e+05   1.23e-26
  8.5806e+05   1.13e-26
  8.8301e+05   1.05e-26
  9.0869e+05   9.68e-27
  9.3511e+05   8.93e-27
  9.6230e+05   8.22e-27
  9.9028e+05   7.58e-27
  1.0191e+06   7.00e-27
  1.0487e+06   6.44e-27
  1.0792e+06   5.91e-27
  1.1106e+06   5.45e-27
  1.1429e+06   5.02e-27
  1.1761e+06   4.61e-27
  1.2103e+06   4.22e-27
  1.2455e+06   3.88e-27
  1.2817e+06   3.57e-27
  1.3190e+06   3.27e-27
  1.3573e+06   2.99e-27
  1.3968e+06   2.74e-27
  1.4374e+06   2.51e-27
  1.4792e+06   2.30e-27
  1.5222e+06   2.09e-27
  1.5665e+06   1.92e-27
  1.6120e+06   1.75e-27
  1.6589e+06   1.60e-27
  1.7071e+06   1.45e-27
  1.7568e+06   1.32e-27
  1.8079e+06   1.21e-27
  1.8604e+06   1.10e-27
  1.9145e+06   9.91e-28
  1.9702e+06   9.01e-28
  2.0275e+06   8.19e-28
  2.0864e+06   7.41e-28
  2.1471e+06   6.67e-28
  2.2095e+06   6.04e-28
  2.2738e+06   5.47e-28
  2.3399e+06   4.93e-28
  2.4079e+06   4.42e-28
  2.4779e+06   3.98e-28
  2.5500e+06   3.59e-28
  2.6241e+06   3.22e-28
  2.7004e+06   2.87e-28
  2.7790e+06   2.58e-28
  2.8598e+06   2.31e-28
  2.9429e+06   2.07e-28
  3.0285e+06   1.83e-28
  3.1165e+06   1.63e-28
  3.2072e+06   1.46e-28
  3.3004e+06   1.30e-28
  3.3964e+06   1.14e-28
  3.4951e+06   1.01e-28
  3.5968e+06   8.98e-29
  3.7013e+06   7.91e-29
  3.8090e+06   6.90e-29
  3.9197e+06   6.07e-29
  4.0337e+06   5.36e-29
  4.1510e+06   4.69e-29
  4.2717e+06   4.05e-29
  4.3959e+06   3.54e-29
  4.5237e+06   3.10e-29
  4.6552e+06   2.69e-29
  4.7906e+06   2.31e-29
  4.9299e+06   2.00e-29
  5.0732e+06   1.74e-29
  5.2208e+06   1.50e-29
  5.3726e+06   1.28e-29
  5.5288e+06   1.10e-29
  5.6895e+06   9.49e-30
  5.8550e+06   8.11e-30
  6.0252e+06   6.82e-30
  6.2004e+06   5.79e-30
  6.3807e+06   4.98e-30
  6.5662e+06   4.22e-30
  6.7572e+06   3.51e-30
  6.9536e+06   2.95e-30
  7.1558e+06   2.49e-30
  7.3639e+06   2.07e-30
  7.5780e+06   1.69e-30
  7.7984e+06   1.38e-30
  8.0251e+06   1.13e-30
  8.2585e+06   9.06e-31
  8.4986e+06   7.01e-31
  8.7457e+06   5.46e-31
  9.0000e+06   4.34e-31
