#  E [GeV]   # per interaction  [GeV^{-1}]
  3.0000e+01   5.50e-01
  3.1123e+01   5.28e-01
  3.2288e+01   5.07e-01
  3.3497e+01   4.86e-01
  3.4751e+01   4.67e-01
  3.6051e+01   4.48e-01
  3.7401e+01   4.30e-01
  3.8801e+01   4.12e-01
  4.0253e+01   3.95e-01
  4.1760e+01   3.79e-01
  4.3324e+01   3.64e-01
  4.4945e+01   3.49e-01
  4.6628e+01   3.35e-01
  4.8373e+01   3.21e-01
  5.0184e+01   3.08e-01
  5.2063e+01   2.95e-01
  5.4011e+01   2.83e-01
  5.6033e+01   2.71e-01
  5.8131e+01   2.60e-01
  6.0307e+01   2.49e-01
  6.2564e+01   2.38e-01
  6.4906e+01   2.28e-01
  6.7336e+01   2.19e-01
  6.9857e+01   2.09e-01
  7.2472e+01   2.00e-01
  7.5184e+01   1.92e-01
  7.7999e+01   1.84e-01
  8.0919e+01   1.76e-01
  8.3948e+01   1.68e-01
  8.7090e+01   1.61e-01
  9.0350e+01   1.54e-01
  9.3732e+01   1.47e-01
  9.7241e+01   1.40e-01
  1.0088e+02   1.34e-01
  1.0466e+02   1.28e-01
  1.0858e+02   1.23e-01
  1.1264e+02   1.17e-01
  1.1686e+02   1.12e-01
  1.2123e+02   1.07e-01
  1.2577e+02   1.02e-01
  1.3048e+02   9.71e-02
  1.3536e+02   9.26e-02
  1.4043e+02   8.82e-02
  1.4568e+02   8.41e-02
  1.5114e+02   8.01e-02
  1.5680e+02   7.62e-02
  1.6266e+02   7.25e-02
  1.6875e+02   6.90e-02
  1.7507e+02   6.56e-02
  1.8162e+02   6.23e-02
  1.8842e+02   5.92e-02
  1.9548e+02   5.62e-02
  2.0279e+02   5.33e-02
  2.1039e+02   5.06e-02
  2.1826e+02   4.80e-02
  2.2643e+02   4.55e-02
  2.3491e+02   4.31e-02
  2.4370e+02   4.08e-02
  2.5282e+02   3.86e-02
  2.6229e+02   3.65e-02
  2.7211e+02   3.44e-02
  2.8229e+02   3.25e-02
  2.9286e+02   3.06e-02
  3.0382e+02   2.89e-02
  3.1519e+02   2.72e-02
  3.2699e+02   2.56e-02
  3.3923e+02   2.40e-02
  3.5193e+02   2.26e-02
  3.6511e+02   2.12e-02
  3.7877e+02   1.99e-02
  3.9295e+02   1.86e-02
  4.0766e+02   1.74e-02
  4.2292e+02   1.63e-02
  4.3875e+02   1.53e-02
  4.5518e+02   1.43e-02
  4.7222e+02   1.33e-02
  4.8989e+02   1.24e-02
  5.0823e+02   1.16e-02
  5.2726e+02   1.08e-02
  5.4699e+02   1.00e-02
  5.6747e+02   9.32e-03
  5.8871e+02   8.66e-03
  6.1075e+02   8.04e-03
  6.3361e+02   7.46e-03
  6.5733e+02   6.92e-03
  6.8194e+02   6.41e-03
  7.0746e+02   5.94e-03
  7.3395e+02   5.50e-03
  7.6142e+02   5.09e-03
  7.8992e+02   4.71e-03
  8.1949e+02   4.35e-03
  8.5017e+02   4.02e-03
  8.8199e+02   3.72e-03
  9.1501e+02   3.44e-03
  9.4926e+02   3.17e-03
  9.8479e+02   2.93e-03
  1.0217e+03   2.71e-03
  1.0599e+03   2.50e-03
  1.0996e+03   2.30e-03
  1.1407e+03   2.13e-03
  1.1834e+03   1.96e-03
  1.2277e+03   1.81e-03
  1.2737e+03   1.67e-03
  1.3214e+03   1.54e-03
  1.3708e+03   1.41e-03
  1.4222e+03   1.30e-03
  1.4754e+03   1.20e-03
  1.5306e+03   1.11e-03
  1.5879e+03   1.02e-03
  1.6474e+03   9.39e-04
  1.7090e+03   8.64e-04
  1.7730e+03   7.96e-04
  1.8394e+03   7.32e-04
  1.9082e+03   6.73e-04
  1.9797e+03   6.20e-04
  2.0538e+03   5.70e-04
  2.1306e+03   5.23e-04
  2.2104e+03   4.81e-04
  2.2931e+03   4.41e-04
  2.3790e+03   4.04e-04
  2.4680e+03   3.71e-04
  2.5604e+03   3.40e-04
  2.6563e+03   3.11e-04
  2.7557e+03   2.84e-04
  2.8589e+03   2.60e-04
  2.9659e+03   2.37e-04
  3.0769e+03   2.16e-04
  3.1921e+03   1.97e-04
  3.3116e+03   1.79e-04
  3.4355e+03   1.63e-04
  3.5641e+03   1.48e-04
  3.6976e+03   1.34e-04
  3.8360e+03   1.22e-04
  3.9796e+03   1.10e-04
  4.1285e+03   9.94e-05
  4.2831e+03   8.95e-05
  4.4434e+03   8.07e-05
  4.6097e+03   7.24e-05
  4.7823e+03   6.48e-05
  4.9613e+03   5.81e-05
  5.1470e+03   5.19e-05
  5.3397e+03   4.61e-05
  5.5396e+03   4.11e-05
  5.7470e+03   3.65e-05
  5.9621e+03   3.22e-05
  6.1853e+03   2.85e-05
  6.4168e+03   2.51e-05
  6.6570e+03   2.20e-05
  6.9062e+03   1.92e-05
  7.1647e+03   1.68e-05
  7.4329e+03   1.45e-05
  7.7112e+03   1.26e-05
  7.9998e+03   1.09e-05
  8.2993e+03   9.32e-06
  8.6100e+03   7.95e-06
  8.9323e+03   6.78e-06
  9.2666e+03   5.73e-06
  9.6135e+03   4.81e-06
  9.9734e+03   4.03e-06
  1.0347e+04   3.35e-06
  1.0734e+04   2.75e-06
  1.1136e+04   2.26e-06
  1.1553e+04   1.83e-06
  1.1985e+04   1.47e-06
  1.2434e+04   1.18e-06
  1.2899e+04   9.28e-07
  1.3382e+04   7.20e-07
  1.3883e+04   5.56e-07
  1.4403e+04   4.22e-07
  1.4942e+04   3.13e-07
  1.5501e+04   2.30e-07
  1.6081e+04   1.65e-07
  1.6683e+04   1.16e-07
  1.7308e+04   7.92e-08
  1.7956e+04   5.28e-08
  1.8628e+04   3.39e-08
  1.9325e+04   2.10e-08
  2.0049e+04   1.25e-08
  2.0799e+04   7.03e-09
  2.1578e+04   3.74e-09
  2.2386e+04   1.87e-09
  2.3224e+04   8.57e-10
  2.4093e+04   3.58e-10
  2.4995e+04   1.35e-10
  2.5930e+04   4.47e-11
  2.6901e+04   1.26e-11
  2.7908e+04   3.05e-12
  2.8953e+04   5.89e-13
  3.0037e+04   8.71e-14
  3.1161e+04   9.76e-15
  3.2327e+04   7.44e-16
  3.3537e+04   3.55e-17
  3.4793e+04   1.04e-18
  3.6095e+04   1.51e-20
  3.7446e+04   9.24e-23
  3.8848e+04   2.31e-25
  4.0302e+04   1.52e-28
  4.1811e+04   1.76e-32
  4.3376e+04   2.54e-37
  4.5000e+04   2.41e-43
