#  E [MeV]   Flux [# cm^{-2} s^{-1}  MeV^{-1}]
  3.0000e+04   2.20e-19
  3.0589e+04   2.13e-19
  3.1190e+04   2.06e-19
  3.1803e+04   1.99e-19
  3.2428e+04   1.93e-19
  3.3065e+04   1.86e-19
  3.3714e+04   1.80e-19
  3.4376e+04   1.74e-19
  3.5052e+04   1.68e-19
  3.5740e+04   1.63e-19
  3.6442e+04   1.57e-19
  3.7158e+04   1.52e-19
  3.7888e+04   1.47e-19
  3.8632e+04   1.42e-19
  3.9391e+04   1.37e-19
  4.0165e+04   1.32e-19
  4.0954e+04   1.28e-19
  4.1758e+04   1.23e-19
  4.2579e+04   1.19e-19
  4.3415e+04   1.15e-19
  4.4268e+04   1.10e-19
  4.5138e+04   1.07e-19
  4.6024e+04   1.03e-19
  4.6928e+04   9.89e-20
  4.7850e+04   9.53e-20
  4.8790e+04   9.18e-20
  4.9749e+04   8.85e-20
  5.0726e+04   8.52e-20
  5.1722e+04   8.20e-20
  5.2738e+04   7.89e-20
  5.3774e+04   7.59e-20
  5.4831e+04   7.30e-20
  5.5908e+04   7.03e-20
  5.7006e+04   6.76e-20
  5.8126e+04   6.49e-20
  5.9268e+04   6.24e-20
  6.0432e+04   5.99e-20
  6.1619e+04   5.76e-20
  6.2829e+04   5.53e-20
  6.4064e+04   5.31e-20
  6.5322e+04   5.10e-20
  6.6605e+04   4.89e-20
  6.7913e+04   4.69e-20
  6.9248e+04   4.50e-20
  7.0608e+04   4.31e-20
  7.1995e+04   4.13e-20
  7.3409e+04   3.96e-20
  7.4851e+04   3.79e-20
  7.6321e+04   3.62e-20
  7.7821e+04   3.47e-20
  7.9349e+04   3.32e-20
  8.0908e+04   3.18e-20
  8.2497e+04   3.03e-20
  8.4118e+04   2.90e-20
  8.5770e+04   2.77e-20
  8.7455e+04   2.65e-20
  8.9173e+04   2.53e-20
  9.0925e+04   2.41e-20
  9.2711e+04   2.30e-20
  9.4532e+04   2.19e-20
  9.6389e+04   2.09e-20
  9.8283e+04   1.99e-20
  1.0021e+05   1.90e-20
  1.0218e+05   1.81e-20
  1.0419e+05   1.72e-20
  1.0624e+05   1.64e-20
  1.0832e+05   1.56e-20
  1.1045e+05   1.48e-20
  1.1262e+05   1.41e-20
  1.1483e+05   1.34e-20
  1.1709e+05   1.27e-20
  1.1939e+05   1.20e-20
  1.2173e+05   1.14e-20
  1.2412e+05   1.09e-20
  1.2656e+05   1.03e-20
  1.2905e+05   9.75e-21
  1.3158e+05   9.23e-21
  1.3417e+05   8.72e-21
  1.3680e+05   8.26e-21
  1.3949e+05   7.82e-21
  1.4223e+05   7.39e-21
  1.4503e+05   6.97e-21
  1.4787e+05   6.57e-21
  1.5078e+05   6.19e-21
  1.5374e+05   5.84e-21
  1.5676e+05   5.52e-21
  1.5984e+05   5.20e-21
  1.6298e+05   4.89e-21
  1.6618e+05   4.60e-21
  1.6945e+05   4.31e-21
  1.7278e+05   4.06e-21
  1.7617e+05   3.82e-21
  1.7963e+05   3.59e-21
  1.8316e+05   3.37e-21
  1.8676e+05   3.15e-21
  1.9042e+05   2.94e-21
  1.9417e+05   2.77e-21
  1.9798e+05   2.60e-21
  2.0187e+05   2.43e-21
  2.0583e+05   2.27e-21
  2.0988e+05   2.12e-21
  2.1400e+05   1.97e-21
  2.1820e+05   1.85e-21
  2.2249e+05   1.73e-21
  2.2686e+05   1.61e-21
  2.3132e+05   1.50e-21
  2.3586e+05   1.39e-21
  2.4049e+05   1.29e-21
  2.4522e+05   1.21e-21
  2.5004e+05   1.13e-21
  2.5495e+05   1.05e-21
  2.5996e+05   9.70e-22
  2.6506e+05   8.96e-22
  2.7027e+05   8.28e-22
  2.7558e+05   7.71e-22
  2.8099e+05   7.15e-22
  2.8651e+05   6.62e-22
  2.9214e+05   6.11e-22
  2.9788e+05   5.61e-22
  3.0373e+05   5.17e-22
  3.0970e+05   4.79e-22
  3.1578e+05   4.43e-22
  3.2198e+05   4.08e-22
  3.2831e+05   3.75e-22
  3.3476e+05   3.42e-22
  3.4133e+05   3.14e-22
  3.4804e+05   2.90e-22
  3.5487e+05   2.67e-22
  3.6185e+05   2.45e-22
  3.6895e+05   2.24e-22
  3.7620e+05   2.04e-22
  3.8359e+05   1.86e-22
  3.9113e+05   1.72e-22
  3.9881e+05   1.57e-22
  4.0664e+05   1.44e-22
  4.1463e+05   1.31e-22
  4.2278e+05   1.18e-22
  4.3108e+05   1.08e-22
  4.3955e+05   9.89e-23
  4.4818e+05   9.04e-23
  4.5699e+05   8.22e-23
  4.6596e+05   7.44e-23
  4.7512e+05   6.70e-23
  4.8445e+05   6.10e-23
  4.9397e+05   5.57e-23
  5.0367e+05   5.07e-23
  5.1356e+05   4.60e-23
  5.2365e+05   4.14e-23
  5.3394e+05   3.71e-23
  5.4443e+05   3.37e-23
  5.5512e+05   3.07e-23
  5.6603e+05   2.78e-23
  5.7715e+05   2.50e-23
  5.8848e+05   2.24e-23
  6.0004e+05   1.99e-23
  6.1183e+05   1.81e-23
  6.2385e+05   1.65e-23
  6.3610e+05   1.49e-23
  6.4860e+05   1.34e-23
  6.6134e+05   1.20e-23
  6.7433e+05   1.06e-23
  6.8758e+05   9.70e-24
  7.0108e+05   8.82e-24
  7.1486e+05   7.99e-24
  7.2890e+05   7.19e-24
  7.4322e+05   6.44e-24
  7.5782e+05   5.72e-24
  7.7270e+05   5.24e-24
  7.8788e+05   4.77e-24
  8.0336e+05   4.33e-24
  8.1914e+05   3.92e-24
  8.3523e+05   3.52e-24
  8.5164e+05   3.15e-24
  8.6837e+05   2.90e-24
  8.8542e+05   2.67e-24
  9.0282e+05   2.45e-24
  9.2055e+05   2.23e-24
  9.3863e+05   2.03e-24
  9.5707e+05   1.85e-24
  9.7587e+05   1.72e-24
  9.9504e+05   1.59e-24
  1.0146e+06   1.47e-24
  1.0345e+06   1.36e-24
  1.0548e+06   1.25e-24
  1.0756e+06   1.16e-24
  1.0967e+06   1.08e-24
  1.1182e+06   1.01e-24
  1.1402e+06   9.39e-25
  1.1626e+06   8.73e-25
  1.1854e+06   8.10e-25
  1.2087e+06   7.52e-25
  1.2325e+06   7.02e-25
  1.2567e+06   6.54e-25
  1.2814e+06   6.08e-25
  1.3065e+06   5.65e-25
  1.3322e+06   5.23e-25
  1.3584e+06   4.88e-25
  1.3851e+06   4.62e-25
  1.4123e+06   4.36e-25
  1.4400e+06   4.12e-25
