#  E [GeV]   # per interaction  [GeV^{-1}]
  3.0000e+01   2.72e-02
  3.1141e+01   2.62e-02
  3.2326e+01   2.52e-02
  3.3556e+01   2.42e-02
  3.4832e+01   2.33e-02
  3.6157e+01   2.24e-02
  3.7533e+01   2.16e-02
  3.8961e+01   2.07e-02
  4.0443e+01   1.99e-02
  4.1982e+01   1.91e-02
  4.3579e+01   1.84e-02
  4.5237e+01   1.77e-02
  4.6958e+01   1.70e-02
  4.8744e+01   1.63e-02
  5.0598e+01   1.56e-02
  5.2523e+01   1.50e-02
  5.4521e+01   1.44e-02
  5.6596e+01   1.38e-02
  5.8749e+01   1.33e-02
  6.0984e+01   1.27e-02
  6.3304e+01   1.22e-02
  6.5712e+01   1.17e-02
  6.8212e+01   1.12e-02
  7.0807e+01   1.07e-02
  7.3500e+01   1.03e-02
  7.6297e+01   9.84e-03
  7.9199e+01   9.43e-03
  8.2212e+01   9.02e-03
  8.5340e+01   8.64e-03
  8.8586e+01   8.27e-03
  9.1956e+01   7.91e-03
  9.5455e+01   7.57e-03
  9.9086e+01   7.24e-03
  1.0286e+02   6.92e-03
  1.0677e+02   6.62e-03
  1.1083e+02   6.33e-03
  1.1505e+02   6.04e-03
  1.1942e+02   5.78e-03
  1.2397e+02   5.52e-03
  1.2868e+02   5.27e-03
  1.3358e+02   5.03e-03
  1.3866e+02   4.80e-03
  1.4394e+02   4.58e-03
  1.4941e+02   4.38e-03
  1.5509e+02   4.17e-03
  1.6100e+02   3.98e-03
  1.6712e+02   3.80e-03
  1.7348e+02   3.62e-03
  1.8008e+02   3.45e-03
  1.8693e+02   3.29e-03
  1.9404e+02   3.14e-03
  2.0142e+02   2.99e-03
  2.0908e+02   2.85e-03
  2.1704e+02   2.71e-03
  2.2529e+02   2.58e-03
  2.3387e+02   2.46e-03
  2.4276e+02   2.34e-03
  2.5200e+02   2.23e-03
  2.6158e+02   2.12e-03
  2.7154e+02   2.02e-03
  2.8187e+02   1.92e-03
  2.9259e+02   1.83e-03
  3.0372e+02   1.74e-03
  3.1527e+02   1.66e-03
  3.2727e+02   1.57e-03
  3.3972e+02   1.50e-03
  3.5264e+02   1.42e-03
  3.6606e+02   1.35e-03
  3.7998e+02   1.29e-03
  3.9444e+02   1.22e-03
  4.0945e+02   1.16e-03
  4.2502e+02   1.11e-03
  4.4119e+02   1.05e-03
  4.5798e+02   1.00e-03
  4.7540e+02   9.52e-04
  4.9348e+02   9.05e-04
  5.1226e+02   8.61e-04
  5.3175e+02   8.19e-04
  5.5198e+02   7.79e-04
  5.7297e+02   7.41e-04
  5.9477e+02   7.05e-04
  6.1740e+02   6.71e-04
  6.4089e+02   6.40e-04
  6.6527e+02   6.09e-04
  6.9058e+02   5.81e-04
  7.1685e+02   5.54e-04
  7.4412e+02   5.28e-04
  7.7243e+02   5.04e-04
  8.0181e+02   4.81e-04
  8.3232e+02   4.59e-04
  8.6398e+02   4.39e-04
  8.9685e+02   4.19e-04
  9.3097e+02   4.01e-04
  9.6638e+02   3.84e-04
  1.0031e+03   3.68e-04
  1.0413e+03   3.52e-04
  1.0809e+03   3.38e-04
  1.1220e+03   3.24e-04
  1.1647e+03   3.11e-04
  1.2090e+03   2.99e-04
  1.2550e+03   2.87e-04
  1.3028e+03   2.76e-04
  1.3523e+03   2.65e-04
  1.4038e+03   2.56e-04
  1.4572e+03   2.46e-04
  1.5126e+03   2.37e-04
  1.5702e+03   2.29e-04
  1.6299e+03   2.20e-04
  1.6919e+03   2.13e-04
  1.7563e+03   2.05e-04
  1.8231e+03   1.98e-04
  1.8925e+03   1.91e-04
  1.9645e+03   1.85e-04
  2.0392e+03   1.79e-04
  2.1168e+03   1.73e-04
  2.1973e+03   1.67e-04
  2.2809e+03   1.62e-04
  2.3677e+03   1.56e-04
  2.4577e+03   1.51e-04
  2.5512e+03   1.46e-04
  2.6483e+03   1.41e-04
  2.7490e+03   1.36e-04
  2.8536e+03   1.32e-04
  2.9622e+03   1.27e-04
  3.0749e+03   1.23e-04
  3.1918e+03   1.18e-04
  3.3133e+03   1.14e-04
  3.4393e+03   1.10e-04
  3.5702e+03   1.06e-04
  3.7060e+03   1.02e-04
  3.8470e+03   9.82e-05
  3.9933e+03   9.43e-05
  4.1452e+03   9.05e-05
  4.3029e+03   8.68e-05
  4.4666e+03   8.31e-05
  4.6366e+03   7.95e-05
  4.8129e+03   7.60e-05
  4.9960e+03   7.24e-05
  5.1861e+03   6.90e-05
  5.3834e+03   6.56e-05
  5.5882e+03   6.22e-05
  5.8008e+03   5.89e-05
  6.0215e+03   5.57e-05
  6.2506e+03   5.26e-05
  6.4883e+03   4.95e-05
  6.7352e+03   4.64e-05
  6.9914e+03   4.35e-05
  7.2574e+03   4.06e-05
  7.5335e+03   3.78e-05
  7.8201e+03   3.50e-05
  8.1176e+03   3.24e-05
  8.4264e+03   2.98e-05
  8.7470e+03   2.73e-05
  9.0797e+03   2.49e-05
  9.4251e+03   2.27e-05
  9.7837e+03   2.05e-05
  1.0156e+04   1.84e-05
  1.0542e+04   1.64e-05
  1.0943e+04   1.46e-05
  1.1360e+04   1.28e-05
  1.1792e+04   1.12e-05
  1.2240e+04   9.69e-06
  1.2706e+04   8.30e-06
  1.3189e+04   7.04e-06
  1.3691e+04   5.91e-06
  1.4212e+04   4.89e-06
  1.4753e+04   3.99e-06
  1.5314e+04   3.21e-06
  1.5897e+04   2.53e-06
  1.6501e+04   1.96e-06
  1.7129e+04   1.49e-06
  1.7781e+04   1.10e-06
  1.8457e+04   7.88e-07
  1.9159e+04   5.48e-07
  1.9888e+04   3.67e-07
  2.0645e+04   2.36e-07
  2.1430e+04   1.45e-07
  2.2245e+04   8.41e-08
  2.3092e+04   4.58e-08
  2.3970e+04   2.32e-08
  2.4882e+04   1.08e-08
  2.5829e+04   4.57e-09
  2.6811e+04   1.71e-09
  2.7831e+04   5.61e-10
  2.8890e+04   1.56e-10
  2.9989e+04   3.58e-11
  3.1130e+04   6.49e-12
  3.2314e+04   8.90e-13
  3.3544e+04   8.61e-14
  3.4820e+04   5.50e-15
  3.6144e+04   2.11e-16
  3.7519e+04   4.26e-18
  3.8947e+04   3.89e-20
  4.0428e+04   1.33e-22
  4.1966e+04   1.28e-25
  4.3563e+04   2.47e-29
  4.5220e+04   6.18e-34
  4.6941e+04   1.04e-39
  4.8726e+04   9.74e-47
  5.0580e+04   8.95e-47
