#  E [MeV]   Flux [# cm^{-2} s^{-1}  MeV^{-1}]
  3.0000e+04   5.59e-26
  3.1232e+04   5.35e-26
  3.2514e+04   5.11e-26
  3.3849e+04   4.89e-26
  3.5238e+04   4.67e-26
  3.6685e+04   4.46e-26
  3.8191e+04   4.26e-26
  3.9759e+04   4.07e-26
  4.1391e+04   3.89e-26
  4.3090e+04   3.72e-26
  4.4859e+04   3.55e-26
  4.6701e+04   3.39e-26
  4.8618e+04   3.24e-26
  5.0614e+04   3.09e-26
  5.2692e+04   2.95e-26
  5.4855e+04   2.82e-26
  5.7107e+04   2.69e-26
  5.9451e+04   2.57e-26
  6.1892e+04   2.45e-26
  6.4433e+04   2.34e-26
  6.7078e+04   2.23e-26
  6.9832e+04   2.13e-26
  7.2699e+04   2.03e-26
  7.5683e+04   1.93e-26
  7.8790e+04   1.84e-26
  8.2025e+04   1.76e-26
  8.5392e+04   1.68e-26
  8.8898e+04   1.60e-26
  9.2547e+04   1.52e-26
  9.6347e+04   1.45e-26
  1.0030e+05   1.38e-26
  1.0442e+05   1.32e-26
  1.0871e+05   1.25e-26
  1.1317e+05   1.19e-26
  1.1782e+05   1.14e-26
  1.2265e+05   1.08e-26
  1.2769e+05   1.03e-26
  1.3293e+05   9.79e-27
  1.3839e+05   9.31e-27
  1.4407e+05   8.85e-27
  1.4998e+05   8.41e-27
  1.5614e+05   7.99e-27
  1.6255e+05   7.58e-27
  1.6922e+05   7.20e-27
  1.7617e+05   6.83e-27
  1.8340e+05   6.48e-27
  1.9093e+05   6.14e-27
  1.9877e+05   5.82e-27
  2.0693e+05   5.51e-27
  2.1543e+05   5.22e-27
  2.2427e+05   4.94e-27
  2.3348e+05   4.67e-27
  2.4306e+05   4.41e-27
  2.5304e+05   4.17e-27
  2.6343e+05   3.94e-27
  2.7424e+05   3.72e-27
  2.8550e+05   3.50e-27
  2.9722e+05   3.30e-27
  3.0942e+05   3.10e-27
  3.2213e+05   2.92e-27
  3.3535e+05   2.74e-27
  3.4912e+05   2.57e-27
  3.6345e+05   2.42e-27
  3.7837e+05   2.26e-27
  3.9390e+05   2.12e-27
  4.1008e+05   1.98e-27
  4.2691e+05   1.86e-27
  4.4444e+05   1.73e-27
  4.6268e+05   1.62e-27
  4.8168e+05   1.51e-27
  5.0145e+05   1.41e-27
  5.2204e+05   1.31e-27
  5.4347e+05   1.22e-27
  5.6578e+05   1.13e-27
  5.8901e+05   1.05e-27
  6.1319e+05   9.75e-28
  6.3836e+05   9.04e-28
  6.6457e+05   8.38e-28
  6.9185e+05   7.76e-28
  7.2025e+05   7.18e-28
  7.4982e+05   6.65e-28
  7.8061e+05   6.15e-28
  8.1265e+05   5.68e-28
  8.4601e+05   5.25e-28
  8.8075e+05   4.85e-28
  9.1690e+05   4.48e-28
  9.5455e+05   4.13e-28
  9.9373e+05   3.81e-28
  1.0345e+06   3.52e-28
  1.0770e+06   3.25e-28
  1.1212e+06   3.00e-28
  1.1672e+06   2.76e-28
  1.2152e+06   2.55e-28
  1.2650e+06   2.35e-28
  1.3170e+06   2.17e-28
  1.3711e+06   2.00e-28
  1.4273e+06   1.84e-28
  1.4859e+06   1.70e-28
  1.5469e+06   1.57e-28
  1.6104e+06   1.45e-28
  1.6766e+06   1.33e-28
  1.7454e+06   1.23e-28
  1.8170e+06   1.13e-28
  1.8916e+06   1.04e-28
  1.9693e+06   9.62e-29
  2.0501e+06   8.86e-29
  2.1343e+06   8.15e-29
  2.2219e+06   7.50e-29
  2.3131e+06   6.90e-29
  2.4081e+06   6.33e-29
  2.5070e+06   5.82e-29
  2.6099e+06   5.34e-29
  2.7170e+06   4.90e-29
  2.8286e+06   4.49e-29
  2.9447e+06   4.11e-29
  3.0656e+06   3.76e-29
  3.1914e+06   3.43e-29
  3.3225e+06   3.13e-29
  3.4589e+06   2.85e-29
  3.6008e+06   2.60e-29
  3.7487e+06   2.36e-29
  3.9026e+06   2.14e-29
  4.0628e+06   1.94e-29
  4.2296e+06   1.76e-29
  4.4032e+06   1.59e-29
  4.5840e+06   1.43e-29
  4.7722e+06   1.28e-29
  4.9681e+06   1.15e-29
  5.1720e+06   1.03e-29
  5.3844e+06   9.19e-30
  5.6054e+06   8.19e-30
  5.8355e+06   7.27e-30
  6.0751e+06   6.42e-30
  6.3245e+06   5.67e-30
  6.5841e+06   4.98e-30
  6.8544e+06   4.36e-30
  7.1358e+06   3.81e-30
  7.4288e+06   3.31e-30
  7.7338e+06   2.86e-30
  8.0513e+06   2.46e-30
  8.3818e+06   2.10e-30
  8.7259e+06   1.79e-30
  9.0841e+06   1.51e-30
  9.4571e+06   1.27e-30
  9.8453e+06   1.06e-30
  1.0249e+07   8.72e-31
  1.0670e+07   7.12e-31
  1.1108e+07   5.78e-31
  1.1564e+07   4.64e-31
  1.2039e+07   3.66e-31
  1.2533e+07   2.87e-31
  1.3048e+07   2.21e-31
  1.3584e+07   1.67e-31
  1.4141e+07   1.24e-31
  1.4722e+07   9.03e-32
  1.5326e+07   6.41e-32
  1.5955e+07   4.44e-32
  1.6610e+07   2.98e-32
  1.7292e+07   1.93e-32
  1.8002e+07   1.21e-32
  1.8741e+07   7.19e-33
  1.9511e+07   4.08e-33
  2.0312e+07   2.18e-33
  2.1145e+07   1.08e-33
  2.2013e+07   5.00e-34
  2.2917e+07   2.10e-34
  2.3858e+07   7.81e-35
  2.4837e+07   2.58e-35
  2.5857e+07   7.26e-36
  2.6919e+07   1.69e-36
  2.8024e+07   3.17e-37
  2.9174e+07   4.51e-38
  3.0372e+07   4.62e-39
  3.1619e+07   3.19e-40
  3.2917e+07   1.34e-41
  3.4268e+07   3.05e-43
  3.5675e+07   3.26e-45
  3.7140e+07   1.33e-47
  3.8664e+07   1.62e-50
  4.0252e+07   4.22e-54
  4.1904e+07   1.49e-58
  4.3624e+07   3.97e-64
  4.5415e+07   3.58e-71
  4.7280e+07   1.33e-71
  4.9221e+07   1.28e-71
  5.1241e+07   1.24e-71
  5.3345e+07   1.21e-71
  5.5535e+07   1.20e-71
  5.7815e+07   1.20e-71
  6.0188e+07   1.20e-71
  6.2659e+07   1.25e-71
  6.5232e+07   1.30e-71
  6.7910e+07   1.36e-71
  7.0698e+07   1.54e-71
  7.3600e+07   1.70e-71
  7.6621e+07   2.05e-71
  7.9767e+07   2.81e-71
  8.3042e+07   3.52e-71
  8.6451e+07   4.64e-71
  9.0000e+07   6.27e-71
