#  E [GeV]   # per interaction  [GeV^{-1}]
  3.0000e+01   2.29e-02
  3.1051e+01   2.20e-02
  3.2139e+01   2.12e-02
  3.3266e+01   2.04e-02
  3.4432e+01   1.96e-02
  3.5638e+01   1.89e-02
  3.6887e+01   1.81e-02
  3.8180e+01   1.74e-02
  3.9518e+01   1.68e-02
  4.0903e+01   1.61e-02
  4.2336e+01   1.55e-02
  4.3820e+01   1.49e-02
  4.5355e+01   1.43e-02
  4.6945e+01   1.37e-02
  4.8590e+01   1.31e-02
  5.0293e+01   1.26e-02
  5.2055e+01   1.21e-02
  5.3879e+01   1.16e-02
  5.5767e+01   1.11e-02
  5.7722e+01   1.06e-02
  5.9745e+01   1.02e-02
  6.1838e+01   9.77e-03
  6.4005e+01   9.36e-03
  6.6248e+01   8.96e-03
  6.8570e+01   8.58e-03
  7.0973e+01   8.21e-03
  7.3460e+01   7.86e-03
  7.6034e+01   7.52e-03
  7.8699e+01   7.19e-03
  8.1457e+01   6.87e-03
  8.4311e+01   6.57e-03
  8.7266e+01   6.28e-03
  9.0324e+01   6.00e-03
  9.3490e+01   5.73e-03
  9.6766e+01   5.47e-03
  1.0016e+02   5.22e-03
  1.0367e+02   4.98e-03
  1.0730e+02   4.76e-03
  1.1106e+02   4.54e-03
  1.1495e+02   4.32e-03
  1.1898e+02   4.12e-03
  1.2315e+02   3.93e-03
  1.2747e+02   3.74e-03
  1.3193e+02   3.57e-03
  1.3656e+02   3.40e-03
  1.4134e+02   3.23e-03
  1.4629e+02   3.08e-03
  1.5142e+02   2.93e-03
  1.5673e+02   2.78e-03
  1.6222e+02   2.65e-03
  1.6790e+02   2.51e-03
  1.7379e+02   2.39e-03
  1.7988e+02   2.27e-03
  1.8618e+02   2.15e-03
  1.9271e+02   2.04e-03
  1.9946e+02   1.94e-03
  2.0645e+02   1.84e-03
  2.1369e+02   1.74e-03
  2.2117e+02   1.65e-03
  2.2892e+02   1.56e-03
  2.3695e+02   1.48e-03
  2.4525e+02   1.40e-03
  2.5385e+02   1.32e-03
  2.6274e+02   1.25e-03
  2.7195e+02   1.18e-03
  2.8148e+02   1.12e-03
  2.9134e+02   1.06e-03
  3.0155e+02   9.96e-04
  3.1212e+02   9.40e-04
  3.2306e+02   8.86e-04
  3.3438e+02   8.35e-04
  3.4610e+02   7.87e-04
  3.5823e+02   7.41e-04
  3.7078e+02   6.97e-04
  3.8377e+02   6.56e-04
  3.9722e+02   6.17e-04
  4.1114e+02   5.80e-04
  4.2555e+02   5.44e-04
  4.4046e+02   5.11e-04
  4.5590e+02   4.80e-04
  4.7188e+02   4.50e-04
  4.8841e+02   4.22e-04
  5.0553e+02   3.96e-04
  5.2324e+02   3.71e-04
  5.4158e+02   3.47e-04
  5.6056e+02   3.25e-04
  5.8020e+02   3.04e-04
  6.0054e+02   2.85e-04
  6.2158e+02   2.67e-04
  6.4337e+02   2.50e-04
  6.6591e+02   2.33e-04
  6.8925e+02   2.18e-04
  7.1340e+02   2.04e-04
  7.3840e+02   1.91e-04
  7.6428e+02   1.79e-04
  7.9106e+02   1.67e-04
  8.1878e+02   1.56e-04
  8.4748e+02   1.46e-04
  8.7718e+02   1.37e-04
  9.0792e+02   1.28e-04
  9.3973e+02   1.20e-04
  9.7267e+02   1.12e-04
  1.0068e+03   1.05e-04
  1.0420e+03   9.87e-05
  1.0785e+03   9.26e-05
  1.1163e+03   8.69e-05
  1.1555e+03   8.15e-05
  1.1960e+03   7.65e-05
  1.2379e+03   7.19e-05
  1.2813e+03   6.76e-05
  1.3262e+03   6.35e-05
  1.3726e+03   5.97e-05
  1.4207e+03   5.62e-05
  1.4705e+03   5.30e-05
  1.5220e+03   4.99e-05
  1.5754e+03   4.70e-05
  1.6306e+03   4.43e-05
  1.6877e+03   4.18e-05
  1.7469e+03   3.95e-05
  1.8081e+03   3.73e-05
  1.8715e+03   3.52e-05
  1.9370e+03   3.33e-05
  2.0049e+03   3.15e-05
  2.0752e+03   2.98e-05
  2.1479e+03   2.82e-05
  2.2232e+03   2.67e-05
  2.3011e+03   2.53e-05
  2.3817e+03   2.40e-05
  2.4652e+03   2.27e-05
  2.5516e+03   2.15e-05
  2.6410e+03   2.04e-05
  2.7336e+03   1.93e-05
  2.8294e+03   1.83e-05
  2.9285e+03   1.74e-05
  3.0311e+03   1.65e-05
  3.1374e+03   1.56e-05
  3.2473e+03   1.48e-05
  3.3611e+03   1.40e-05
  3.4789e+03   1.33e-05
  3.6008e+03   1.26e-05
  3.7270e+03   1.19e-05
  3.8576e+03   1.13e-05
  3.9928e+03   1.07e-05
  4.1327e+03   1.01e-05
  4.2775e+03   9.53e-06
  4.4274e+03   9.00e-06
  4.5826e+03   8.49e-06
  4.7432e+03   8.00e-06
  4.9094e+03   7.54e-06
  5.0815e+03   7.09e-06
  5.2595e+03   6.67e-06
  5.4438e+03   6.25e-06
  5.6346e+03   5.86e-06
  5.8321e+03   5.48e-06
  6.0365e+03   5.11e-06
  6.2480e+03   4.77e-06
  6.4670e+03   4.43e-06
  6.6936e+03   4.12e-06
  6.9282e+03   3.81e-06
  7.1709e+03   3.52e-06
  7.4222e+03   3.25e-06
  7.6823e+03   2.99e-06
  7.9516e+03   2.74e-06
  8.2302e+03   2.50e-06
  8.5186e+03   2.28e-06
  8.8172e+03   2.06e-06
  9.1262e+03   1.86e-06
  9.4460e+03   1.68e-06
  9.7770e+03   1.50e-06
  1.0120e+04   1.33e-06
  1.0474e+04   1.18e-06
  1.0841e+04   1.04e-06
  1.1221e+04   9.06e-07
  1.1614e+04   7.85e-07
  1.2022e+04   6.74e-07
  1.2443e+04   5.74e-07
  1.2879e+04   4.83e-07
  1.3330e+04   4.03e-07
  1.3797e+04   3.32e-07
  1.4281e+04   2.69e-07
  1.4781e+04   2.16e-07
  1.5299e+04   1.70e-07
  1.5835e+04   1.31e-07
  1.6390e+04   9.95e-08
  1.6965e+04   7.36e-08
  1.7559e+04   5.32e-08
  1.8175e+04   3.73e-08
  1.8812e+04   2.53e-08
  1.9471e+04   1.66e-08
  2.0153e+04   1.04e-08
  2.0859e+04   6.24e-09
  2.1590e+04   3.54e-09
  2.2347e+04   1.89e-09
  2.3130e+04   9.42e-10
  2.3941e+04   4.32e-10
  2.4780e+04   1.80e-10
  2.5648e+04   6.75e-11
  2.6547e+04   2.22e-11
  2.7477e+04   6.35e-12
  2.8440e+04   1.53e-12
