#  E [MeV]   Flux [# cm^{-2} s^{-1}  MeV^{-1}]
  3.0000e+04   2.53e-20
  3.0854e+04   2.44e-20
  3.1733e+04   2.35e-20
  3.2636e+04   2.27e-20
  3.3566e+04   2.19e-20
  3.4521e+04   2.11e-20
  3.5504e+04   2.03e-20
  3.6515e+04   1.95e-20
  3.7555e+04   1.88e-20
  3.8625e+04   1.81e-20
  3.9724e+04   1.75e-20
  4.0855e+04   1.68e-20
  4.2019e+04   1.62e-20
  4.3215e+04   1.56e-20
  4.4446e+04   1.50e-20
  4.5711e+04   1.44e-20
  4.7013e+04   1.39e-20
  4.8352e+04   1.34e-20
  4.9728e+04   1.29e-20
  5.1144e+04   1.24e-20
  5.2601e+04   1.19e-20
  5.4099e+04   1.14e-20
  5.5639e+04   1.10e-20
  5.7223e+04   1.06e-20
  5.8853e+04   1.02e-20
  6.0528e+04   9.77e-21
  6.2252e+04   9.39e-21
  6.4025e+04   9.03e-21
  6.5848e+04   8.67e-21
  6.7723e+04   8.33e-21
  6.9651e+04   8.00e-21
  7.1634e+04   7.69e-21
  7.3674e+04   7.38e-21
  7.5772e+04   7.09e-21
  7.7929e+04   6.81e-21
  8.0148e+04   6.54e-21
  8.2431e+04   6.28e-21
  8.4778e+04   6.03e-21
  8.7192e+04   5.78e-21
  8.9674e+04   5.55e-21
  9.2228e+04   5.33e-21
  9.4854e+04   5.11e-21
  9.7555e+04   4.90e-21
  1.0033e+05   4.71e-21
  1.0319e+05   4.52e-21
  1.0613e+05   4.33e-21
  1.0915e+05   4.15e-21
  1.1226e+05   3.98e-21
  1.1545e+05   3.82e-21
  1.1874e+05   3.67e-21
  1.2212e+05   3.52e-21
  1.2560e+05   3.37e-21
  1.2918e+05   3.23e-21
  1.3286e+05   3.10e-21
  1.3664e+05   2.97e-21
  1.4053e+05   2.85e-21
  1.4453e+05   2.73e-21
  1.4865e+05   2.62e-21
  1.5288e+05   2.51e-21
  1.5723e+05   2.41e-21
  1.6171e+05   2.31e-21
  1.6631e+05   2.21e-21
  1.7105e+05   2.12e-21
  1.7592e+05   2.03e-21
  1.8093e+05   1.95e-21
  1.8608e+05   1.87e-21
  1.9138e+05   1.79e-21
  1.9683e+05   1.71e-21
  2.0243e+05   1.64e-21
  2.0820e+05   1.57e-21
  2.1413e+05   1.51e-21
  2.2022e+05   1.44e-21
  2.2649e+05   1.38e-21
  2.3294e+05   1.33e-21
  2.3958e+05   1.27e-21
  2.4640e+05   1.22e-21
  2.5341e+05   1.17e-21
  2.6063e+05   1.12e-21
  2.6805e+05   1.07e-21
  2.7568e+05   1.03e-21
  2.8353e+05   9.84e-22
  2.9161e+05   9.44e-22
  2.9991e+05   9.05e-22
  3.0845e+05   8.67e-22
  3.1723e+05   8.31e-22
  3.2627e+05   7.97e-22
  3.3556e+05   7.64e-22
  3.4511e+05   7.32e-22
  3.5494e+05   7.02e-22
  3.6504e+05   6.74e-22
  3.7544e+05   6.46e-22
  3.8613e+05   6.20e-22
  3.9712e+05   5.94e-22
  4.0843e+05   5.70e-22
  4.2006e+05   5.47e-22
  4.3202e+05   5.24e-22
  4.4432e+05   5.03e-22
  4.5698e+05   4.83e-22
  4.6999e+05   4.63e-22
  4.8337e+05   4.44e-22
  4.9713e+05   4.26e-22
  5.1129e+05   4.09e-22
  5.2585e+05   3.93e-22
  5.4082e+05   3.77e-22
  5.5622e+05   3.62e-22
  5.7206e+05   3.47e-22
  5.8835e+05   3.34e-22
  6.0510e+05   3.20e-22
  6.2233e+05   3.08e-22
  6.4005e+05   2.95e-22
  6.5828e+05   2.84e-22
  6.7702e+05   2.73e-22
  6.9630e+05   2.62e-22
  7.1613e+05   2.52e-22
  7.3652e+05   2.42e-22
  7.5749e+05   2.32e-22
  7.7906e+05   2.23e-22
  8.0124e+05   2.14e-22
  8.2406e+05   2.06e-22
  8.4752e+05   1.98e-22
  8.7165e+05   1.90e-22
  8.9647e+05   1.83e-22
  9.2200e+05   1.76e-22
  9.4825e+05   1.69e-22
  9.7526e+05   1.63e-22
  1.0030e+06   1.56e-22
  1.0316e+06   1.50e-22
  1.0610e+06   1.45e-22
  1.0912e+06   1.39e-22
  1.1222e+06   1.34e-22
  1.1542e+06   1.29e-22
  1.1871e+06   1.24e-22
  1.2209e+06   1.20e-22
  1.2556e+06   1.15e-22
  1.2914e+06   1.11e-22
  1.3281e+06   1.07e-22
  1.3660e+06   1.03e-22
  1.4049e+06   9.89e-23
  1.4449e+06   9.52e-23
  1.4860e+06   9.17e-23
  1.5283e+06   8.83e-23
  1.5718e+06   8.50e-23
  1.6166e+06   8.19e-23
  1.6626e+06   7.88e-23
  1.7100e+06   7.59e-23
  1.7587e+06   7.31e-23
  1.8087e+06   7.05e-23
  1.8602e+06   6.79e-23
  1.9132e+06   6.54e-23
  1.9677e+06   6.30e-23
  2.0237e+06   6.06e-23
  2.0813e+06   5.84e-23
  2.1406e+06   5.62e-23
  2.2016e+06   5.42e-23
  2.2642e+06   5.21e-23
  2.3287e+06   5.02e-23
  2.3950e+06   4.83e-23
  2.4632e+06   4.65e-23
  2.5334e+06   4.47e-23
  2.6055e+06   4.30e-23
  2.6797e+06   4.14e-23
  2.7560e+06   3.98e-23
  2.8345e+06   3.82e-23
  2.9152e+06   3.67e-23
  2.9982e+06   3.53e-23
  3.0836e+06   3.39e-23
  3.1714e+06   3.26e-23
  3.2617e+06   3.13e-23
  3.3545e+06   3.00e-23
  3.4501e+06   2.88e-23
  3.5483e+06   2.76e-23
  3.6493e+06   2.65e-23
  3.7532e+06   2.54e-23
  3.8601e+06   2.44e-23
  3.9700e+06   2.34e-23
  4.0831e+06   2.24e-23
  4.1993e+06   2.15e-23
  4.3189e+06   2.06e-23
  4.4419e+06   1.97e-23
  4.5684e+06   1.89e-23
  4.6985e+06   1.80e-23
  4.8322e+06   1.73e-23
  4.9698e+06   1.65e-23
  5.1114e+06   1.58e-23
  5.2569e+06   1.51e-23
  5.4066e+06   1.44e-23
  5.5605e+06   1.38e-23
  5.7189e+06   1.32e-23
  5.8817e+06   1.26e-23
  6.0492e+06   1.20e-23
  6.2214e+06   1.14e-23
  6.3986e+06   1.09e-23
  6.5808e+06   1.04e-23
  6.7682e+06   9.90e-24
  6.9609e+06   9.43e-24
  7.1591e+06   8.96e-24
  7.3630e+06   8.50e-24
  7.5726e+06   8.06e-24
  7.7882e+06   7.64e-24
  8.0100e+06   7.27e-24
