#  E [GeV]   # per interaction  [GeV^{-1}]
  3.0000e+01   6.43e-01
  3.1123e+01   6.19e-01
  3.2288e+01   5.95e-01
  3.3497e+01   5.72e-01
  3.4751e+01   5.50e-01
  3.6051e+01   5.29e-01
  3.7401e+01   5.09e-01
  3.8801e+01   4.89e-01
  4.0253e+01   4.70e-01
  4.1760e+01   4.52e-01
  4.3324e+01   4.34e-01
  4.4945e+01   4.17e-01
  4.6628e+01   4.01e-01
  4.8373e+01   3.85e-01
  5.0184e+01   3.70e-01
  5.2063e+01   3.56e-01
  5.4011e+01   3.42e-01
  5.6033e+01   3.28e-01
  5.8131e+01   3.15e-01
  6.0307e+01   3.02e-01
  6.2564e+01   2.90e-01
  6.4906e+01   2.79e-01
  6.7336e+01   2.67e-01
  6.9857e+01   2.57e-01
  7.2472e+01   2.46e-01
  7.5184e+01   2.36e-01
  7.7999e+01   2.27e-01
  8.0919e+01   2.17e-01
  8.3948e+01   2.08e-01
  8.7090e+01   2.00e-01
  9.0350e+01   1.91e-01
  9.3732e+01   1.83e-01
  9.7241e+01   1.76e-01
  1.0088e+02   1.68e-01
  1.0466e+02   1.61e-01
  1.0858e+02   1.54e-01
  1.1264e+02   1.47e-01
  1.1686e+02   1.41e-01
  1.2123e+02   1.35e-01
  1.2577e+02   1.29e-01
  1.3048e+02   1.23e-01
  1.3536e+02   1.18e-01
  1.4043e+02   1.12e-01
  1.4568e+02   1.07e-01
  1.5114e+02   1.02e-01
  1.5680e+02   9.77e-02
  1.6266e+02   9.32e-02
  1.6875e+02   8.88e-02
  1.7507e+02   8.46e-02
  1.8162e+02   8.06e-02
  1.8842e+02   7.67e-02
  1.9548e+02   7.30e-02
  2.0279e+02   6.94e-02
  2.1039e+02   6.60e-02
  2.1826e+02   6.27e-02
  2.2643e+02   5.95e-02
  2.3491e+02   5.65e-02
  2.4370e+02   5.35e-02
  2.5282e+02   5.07e-02
  2.6229e+02   4.80e-02
  2.7211e+02   4.55e-02
  2.8229e+02   4.30e-02
  2.9286e+02   4.06e-02
  3.0382e+02   3.84e-02
  3.1519e+02   3.62e-02
  3.2699e+02   3.41e-02
  3.3923e+02   3.21e-02
  3.5193e+02   3.03e-02
  3.6511e+02   2.85e-02
  3.7877e+02   2.67e-02
  3.9295e+02   2.51e-02
  4.0766e+02   2.36e-02
  4.2292e+02   2.21e-02
  4.3875e+02   2.07e-02
  4.5518e+02   1.94e-02
  4.7222e+02   1.81e-02
  4.8989e+02   1.69e-02
  5.0823e+02   1.58e-02
  5.2726e+02   1.48e-02
  5.4699e+02   1.38e-02
  5.6747e+02   1.28e-02
  5.8871e+02   1.19e-02
  6.1075e+02   1.11e-02
  6.3361e+02   1.03e-02
  6.5733e+02   9.57e-03
  6.8194e+02   8.89e-03
  7.0746e+02   8.25e-03
  7.3395e+02   7.65e-03
  7.6142e+02   7.09e-03
  7.8992e+02   6.57e-03
  8.1949e+02   6.08e-03
  8.5017e+02   5.63e-03
  8.8199e+02   5.21e-03
  9.1501e+02   4.82e-03
  9.4926e+02   4.45e-03
  9.8479e+02   4.11e-03
  1.0217e+03   3.80e-03
  1.0599e+03   3.51e-03
  1.0996e+03   3.24e-03
  1.1407e+03   2.99e-03
  1.1834e+03   2.75e-03
  1.2277e+03   2.54e-03
  1.2737e+03   2.34e-03
  1.3214e+03   2.15e-03
  1.3708e+03   1.98e-03
  1.4222e+03   1.82e-03
  1.4754e+03   1.68e-03
  1.5306e+03   1.54e-03
  1.5879e+03   1.42e-03
  1.6474e+03   1.30e-03
  1.7090e+03   1.19e-03
  1.7730e+03   1.10e-03
  1.8394e+03   1.01e-03
  1.9082e+03   9.22e-04
  1.9797e+03   8.46e-04
  2.0538e+03   7.75e-04
  2.1306e+03   7.08e-04
  2.2104e+03   6.48e-04
  2.2931e+03   5.92e-04
  2.3790e+03   5.40e-04
  2.4680e+03   4.92e-04
  2.5604e+03   4.49e-04
  2.6563e+03   4.08e-04
  2.7557e+03   3.71e-04
  2.8589e+03   3.38e-04
  2.9659e+03   3.06e-04
  3.0769e+03   2.77e-04
  3.1921e+03   2.52e-04
  3.3116e+03   2.27e-04
  3.4355e+03   2.05e-04
  3.5641e+03   1.85e-04
  3.6976e+03   1.67e-04
  3.8360e+03   1.50e-04
  3.9796e+03   1.35e-04
  4.1285e+03   1.21e-04
  4.2831e+03   1.08e-04
  4.4434e+03   9.68e-05
  4.6097e+03   8.63e-05
  4.7823e+03   7.66e-05
  4.9613e+03   6.82e-05
  5.1470e+03   6.05e-05
  5.3397e+03   5.34e-05
  5.5396e+03   4.72e-05
  5.7470e+03   4.16e-05
  5.9621e+03   3.65e-05
  6.1853e+03   3.20e-05
  6.4168e+03   2.80e-05
  6.6570e+03   2.43e-05
  6.9062e+03   2.11e-05
  7.1647e+03   1.84e-05
  7.4329e+03   1.58e-05
  7.7112e+03   1.36e-05
  7.9998e+03   1.17e-05
  8.2993e+03   9.97e-06
  8.6100e+03   8.44e-06
  8.9323e+03   7.18e-06
  9.2666e+03   6.04e-06
  9.6135e+03   5.02e-06
  9.9734e+03   4.21e-06
  1.0347e+04   3.49e-06
  1.0734e+04   2.85e-06
  1.1136e+04   2.35e-06
  1.1553e+04   1.90e-06
  1.1985e+04   1.52e-06
  1.2434e+04   1.22e-06
  1.2899e+04   9.63e-07
  1.3382e+04   7.47e-07
  1.3883e+04   5.78e-07
  1.4403e+04   4.42e-07
  1.4942e+04   3.30e-07
  1.5501e+04   2.44e-07
  1.6081e+04   1.78e-07
  1.6683e+04   1.26e-07
  1.7308e+04   8.72e-08
  1.7956e+04   5.95e-08
  1.8628e+04   3.91e-08
  1.9325e+04   2.47e-08
  2.0049e+04   1.53e-08
  2.0799e+04   8.98e-09
  2.1578e+04   4.97e-09
  2.2386e+04   2.66e-09
  2.3224e+04   1.32e-09
  2.4093e+04   6.00e-10
  2.4995e+04   2.57e-10
  2.5930e+04   9.82e-11
  2.6901e+04   3.29e-11
  2.7908e+04   9.76e-12
  2.8953e+04   2.44e-12
  3.0037e+04   4.93e-13
  3.1161e+04   7.91e-14
  3.2327e+04   9.49e-15
  3.3537e+04   7.89e-16
  3.4793e+04   4.28e-17
  3.6095e+04   1.37e-18
  3.7446e+04   2.22e-20
  3.8848e+04   1.58e-22
  4.0302e+04   4.00e-25
  4.1811e+04   2.70e-28
  4.3376e+04   3.40e-32
  4.5000e+04   5.05e-37
