#  E [MeV]   Flux [# cm^{-2} s^{-1}  MeV^{-1}]
  3.0000e+04   6.95e-25
  3.1232e+04   6.65e-25
  3.2514e+04   6.36e-25
  3.3849e+04   6.08e-25
  3.5238e+04   5.82e-25
  3.6685e+04   5.57e-25
  3.8191e+04   5.33e-25
  3.9759e+04   5.09e-25
  4.1391e+04   4.87e-25
  4.3090e+04   4.66e-25
  4.4859e+04   4.46e-25
  4.6701e+04   4.26e-25
  4.8618e+04   4.07e-25
  5.0614e+04   3.90e-25
  5.2692e+04   3.72e-25
  5.4855e+04   3.56e-25
  5.7107e+04   3.40e-25
  5.9451e+04   3.25e-25
  6.1892e+04   3.11e-25
  6.4433e+04   2.97e-25
  6.7078e+04   2.84e-25
  6.9832e+04   2.72e-25
  7.2699e+04   2.59e-25
  7.5683e+04   2.48e-25
  7.8790e+04   2.37e-25
  8.2025e+04   2.26e-25
  8.5392e+04   2.16e-25
  8.8898e+04   2.07e-25
  9.2547e+04   1.97e-25
  9.6347e+04   1.88e-25
  1.0030e+05   1.80e-25
  1.0442e+05   1.72e-25
  1.0871e+05   1.64e-25
  1.1317e+05   1.57e-25
  1.1782e+05   1.49e-25
  1.2265e+05   1.43e-25
  1.2769e+05   1.36e-25
  1.3293e+05   1.30e-25
  1.3839e+05   1.24e-25
  1.4407e+05   1.18e-25
  1.4998e+05   1.13e-25
  1.5614e+05   1.07e-25
  1.6255e+05   1.02e-25
  1.6922e+05   9.76e-26
  1.7617e+05   9.30e-26
  1.8340e+05   8.86e-26
  1.9093e+05   8.44e-26
  1.9877e+05   8.04e-26
  2.0693e+05   7.65e-26
  2.1543e+05   7.29e-26
  2.2427e+05   6.93e-26
  2.3348e+05   6.60e-26
  2.4306e+05   6.27e-26
  2.5304e+05   5.97e-26
  2.6343e+05   5.67e-26
  2.7424e+05   5.39e-26
  2.8550e+05   5.12e-26
  2.9722e+05   4.86e-26
  3.0942e+05   4.61e-26
  3.2213e+05   4.38e-26
  3.3535e+05   4.15e-26
  3.4912e+05   3.94e-26
  3.6345e+05   3.73e-26
  3.7837e+05   3.53e-26
  3.9390e+05   3.35e-26
  4.1008e+05   3.17e-26
  4.2691e+05   3.00e-26
  4.4444e+05   2.83e-26
  4.6268e+05   2.68e-26
  4.8168e+05   2.53e-26
  5.0145e+05   2.39e-26
  5.2204e+05   2.26e-26
  5.4347e+05   2.13e-26
  5.6578e+05   2.01e-26
  5.8901e+05   1.89e-26
  6.1319e+05   1.78e-26
  6.3836e+05   1.68e-26
  6.6457e+05   1.58e-26
  6.9185e+05   1.48e-26
  7.2025e+05   1.39e-26
  7.4982e+05   1.31e-26
  7.8061e+05   1.23e-26
  8.1265e+05   1.15e-26
  8.4601e+05   1.08e-26
  8.8075e+05   1.02e-26
  9.1690e+05   9.51e-27
  9.5455e+05   8.91e-27
  9.9373e+05   8.34e-27
  1.0345e+06   7.80e-27
  1.0770e+06   7.30e-27
  1.1212e+06   6.82e-27
  1.1672e+06   6.37e-27
  1.2152e+06   5.94e-27
  1.2650e+06   5.54e-27
  1.3170e+06   5.17e-27
  1.3711e+06   4.82e-27
  1.4273e+06   4.49e-27
  1.4859e+06   4.18e-27
  1.5469e+06   3.89e-27
  1.6104e+06   3.62e-27
  1.6766e+06   3.36e-27
  1.7454e+06   3.13e-27
  1.8170e+06   2.90e-27
  1.8916e+06   2.69e-27
  1.9693e+06   2.50e-27
  2.0501e+06   2.32e-27
  2.1343e+06   2.15e-27
  2.2219e+06   1.99e-27
  2.3131e+06   1.84e-27
  2.4081e+06   1.70e-27
  2.5070e+06   1.57e-27
  2.6099e+06   1.45e-27
  2.7170e+06   1.34e-27
  2.8286e+06   1.23e-27
  2.9447e+06   1.13e-27
  3.0656e+06   1.04e-27
  3.1914e+06   9.58e-28
  3.3225e+06   8.80e-28
  3.4589e+06   8.08e-28
  3.6008e+06   7.41e-28
  3.7487e+06   6.79e-28
  3.9026e+06   6.21e-28
  4.0628e+06   5.68e-28
  4.2296e+06   5.19e-28
  4.4032e+06   4.73e-28
  4.5840e+06   4.32e-28
  4.7722e+06   3.93e-28
  4.9681e+06   3.57e-28
  5.1720e+06   3.24e-28
  5.3844e+06   2.94e-28
  5.6054e+06   2.66e-28
  5.8355e+06   2.41e-28
  6.0751e+06   2.18e-28
  6.3245e+06   1.97e-28
  6.5841e+06   1.78e-28
  6.8544e+06   1.60e-28
  7.1358e+06   1.44e-28
  7.4288e+06   1.29e-28
  7.7338e+06   1.16e-28
  8.0513e+06   1.04e-28
  8.3818e+06   9.27e-29
  8.7259e+06   8.26e-29
  9.0841e+06   7.35e-29
  9.4571e+06   6.54e-29
  9.8453e+06   5.79e-29
  1.0249e+07   5.13e-29
  1.0670e+07   4.54e-29
  1.1108e+07   3.99e-29
  1.1564e+07   3.52e-29
  1.2039e+07   3.09e-29
  1.2533e+07   2.69e-29
  1.3048e+07   2.36e-29
  1.3584e+07   2.05e-29
  1.4141e+07   1.77e-29
  1.4722e+07   1.54e-29
  1.5326e+07   1.32e-29
  1.5955e+07   1.13e-29
  1.6610e+07   9.68e-30
  1.7292e+07   8.20e-30
  1.8002e+07   6.91e-30
  1.8741e+07   5.82e-30
  1.9511e+07   4.83e-30
  2.0312e+07   3.99e-30
  2.1145e+07   3.27e-30
  2.2013e+07   2.64e-30
  2.2917e+07   2.12e-30
  2.3858e+07   1.68e-30
  2.4837e+07   1.29e-30
  2.5857e+07   9.93e-31
  2.6919e+07   7.42e-31
  2.8024e+07   5.34e-31
  2.9174e+07   3.80e-31
  3.0372e+07   2.58e-31
  3.1619e+07   1.66e-31
  3.2917e+07   1.03e-31
  3.4268e+07   5.91e-32
  3.5675e+07   3.10e-32
  3.7140e+07   1.48e-32
  3.8664e+07   6.15e-33
  4.0252e+07   2.16e-33
  4.1904e+07   6.16e-34
  4.3624e+07   1.32e-34
  4.5415e+07   1.99e-35
  4.7280e+07   1.88e-36
  4.9221e+07   9.36e-38
  5.1241e+07   2.05e-39
  5.3345e+07   1.44e-41
  5.5535e+07   2.10e-44
  5.7815e+07   3.59e-48
  6.0188e+07   2.95e-53
  6.2659e+07   3.17e-60
  6.5232e+07   6.84e-70
  6.7910e+07   8.69e-72
  7.0698e+07   7.52e-72
  7.3600e+07   6.70e-72
  7.6621e+07   5.94e-72
  7.9767e+07   5.26e-72
  8.3042e+07   4.75e-72
  8.6451e+07   4.27e-72
  9.0000e+07   3.85e-72
