#  E [GeV]   # per interaction  [GeV^{-1}]
  3.0000e+01   6.68e-01
  3.1141e+01   6.42e-01
  3.2326e+01   6.17e-01
  3.3556e+01   5.93e-01
  3.4832e+01   5.70e-01
  3.6157e+01   5.47e-01
  3.7533e+01   5.26e-01
  3.8961e+01   5.05e-01
  4.0443e+01   4.85e-01
  4.1982e+01   4.66e-01
  4.3579e+01   4.48e-01
  4.5237e+01   4.30e-01
  4.6958e+01   4.13e-01
  4.8744e+01   3.97e-01
  5.0598e+01   3.81e-01
  5.2523e+01   3.65e-01
  5.4521e+01   3.51e-01
  5.6596e+01   3.37e-01
  5.8749e+01   3.23e-01
  6.0984e+01   3.10e-01
  6.3304e+01   2.98e-01
  6.5712e+01   2.86e-01
  6.8212e+01   2.74e-01
  7.0807e+01   2.63e-01
  7.3500e+01   2.52e-01
  7.6297e+01   2.42e-01
  7.9199e+01   2.32e-01
  8.2212e+01   2.22e-01
  8.5340e+01   2.13e-01
  8.8586e+01   2.04e-01
  9.1956e+01   1.96e-01
  9.5455e+01   1.87e-01
  9.9086e+01   1.79e-01
  1.0286e+02   1.72e-01
  1.0677e+02   1.64e-01
  1.1083e+02   1.57e-01
  1.1505e+02   1.51e-01
  1.1942e+02   1.44e-01
  1.2397e+02   1.38e-01
  1.2868e+02   1.32e-01
  1.3358e+02   1.26e-01
  1.3866e+02   1.20e-01
  1.4394e+02   1.15e-01
  1.4941e+02   1.10e-01
  1.5509e+02   1.05e-01
  1.6100e+02   1.00e-01
  1.6712e+02   9.56e-02
  1.7348e+02   9.12e-02
  1.8008e+02   8.69e-02
  1.8693e+02   8.28e-02
  1.9404e+02   7.89e-02
  2.0142e+02   7.51e-02
  2.0908e+02   7.15e-02
  2.1704e+02   6.80e-02
  2.2529e+02   6.47e-02
  2.3387e+02   6.15e-02
  2.4276e+02   5.85e-02
  2.5200e+02   5.55e-02
  2.6158e+02   5.27e-02
  2.7154e+02   5.00e-02
  2.8187e+02   4.74e-02
  2.9259e+02   4.49e-02
  3.0372e+02   4.26e-02
  3.1527e+02   4.03e-02
  3.2727e+02   3.81e-02
  3.3972e+02   3.60e-02
  3.5264e+02   3.40e-02
  3.6606e+02   3.21e-02
  3.7998e+02   3.03e-02
  3.9444e+02   2.86e-02
  4.0945e+02   2.69e-02
  4.2502e+02   2.53e-02
  4.4119e+02   2.38e-02
  4.5798e+02   2.24e-02
  4.7540e+02   2.11e-02
  4.9348e+02   1.98e-02
  5.1226e+02   1.86e-02
  5.3175e+02   1.74e-02
  5.5198e+02   1.63e-02
  5.7297e+02   1.53e-02
  5.9477e+02   1.43e-02
  6.1740e+02   1.34e-02
  6.4089e+02   1.25e-02
  6.6527e+02   1.17e-02
  6.9058e+02   1.09e-02
  7.1685e+02   1.02e-02
  7.4412e+02   9.49e-03
  7.7243e+02   8.84e-03
  8.0181e+02   8.24e-03
  8.3232e+02   7.67e-03
  8.6398e+02   7.14e-03
  8.9685e+02   6.64e-03
  9.3097e+02   6.18e-03
  9.6638e+02   5.74e-03
  1.0031e+03   5.34e-03
  1.0413e+03   4.96e-03
  1.0809e+03   4.60e-03
  1.1220e+03   4.27e-03
  1.1647e+03   3.96e-03
  1.2090e+03   3.67e-03
  1.2550e+03   3.40e-03
  1.3028e+03   3.15e-03
  1.3523e+03   2.91e-03
  1.4038e+03   2.69e-03
  1.4572e+03   2.49e-03
  1.5126e+03   2.30e-03
  1.5702e+03   2.12e-03
  1.6299e+03   1.96e-03
  1.6919e+03   1.81e-03
  1.7563e+03   1.67e-03
  1.8231e+03   1.54e-03
  1.8925e+03   1.42e-03
  1.9645e+03   1.30e-03
  2.0392e+03   1.20e-03
  2.1168e+03   1.10e-03
  2.1973e+03   1.01e-03
  2.2809e+03   9.29e-04
  2.3677e+03   8.52e-04
  2.4577e+03   7.80e-04
  2.5512e+03   7.15e-04
  2.6483e+03   6.53e-04
  2.7490e+03   5.96e-04
  2.8536e+03   5.45e-04
  2.9622e+03   4.97e-04
  3.0749e+03   4.52e-04
  3.1918e+03   4.12e-04
  3.3133e+03   3.74e-04
  3.4393e+03   3.39e-04
  3.5702e+03   3.08e-04
  3.7060e+03   2.80e-04
  3.8470e+03   2.53e-04
  3.9933e+03   2.28e-04
  4.1452e+03   2.06e-04
  4.3029e+03   1.86e-04
  4.4666e+03   1.67e-04
  4.6366e+03   1.51e-04
  4.8129e+03   1.35e-04
  4.9960e+03   1.21e-04
  5.1861e+03   1.08e-04
  5.3834e+03   9.66e-05
  5.5882e+03   8.61e-05
  5.8008e+03   7.67e-05
  6.0215e+03   6.81e-05
  6.2506e+03   6.03e-05
  6.4883e+03   5.35e-05
  6.7352e+03   4.72e-05
  6.9914e+03   4.14e-05
  7.2574e+03   3.66e-05
  7.5335e+03   3.20e-05
  7.8201e+03   2.79e-05
  8.1176e+03   2.45e-05
  8.4264e+03   2.13e-05
  8.7470e+03   1.84e-05
  9.0797e+03   1.60e-05
  9.4251e+03   1.38e-05
  9.7837e+03   1.18e-05
  1.0156e+04   1.01e-05
  1.0542e+04   8.65e-06
  1.0943e+04   7.29e-06
  1.1360e+04   6.20e-06
  1.1792e+04   5.22e-06
  1.2240e+04   4.34e-06
  1.2706e+04   3.63e-06
  1.3189e+04   3.00e-06
  1.3691e+04   2.45e-06
  1.4212e+04   2.00e-06
  1.4753e+04   1.62e-06
  1.5314e+04   1.29e-06
  1.5897e+04   1.02e-06
  1.6501e+04   8.05e-07
  1.7129e+04   6.20e-07
  1.7781e+04   4.73e-07
  1.8457e+04   3.57e-07
  1.9159e+04   2.62e-07
  1.9888e+04   1.89e-07
  2.0645e+04   1.35e-07
  2.1430e+04   9.21e-08
  2.2245e+04   6.12e-08
  2.3092e+04   3.96e-08
  2.3970e+04   2.43e-08
  2.4882e+04   1.42e-08
  2.5829e+04   7.99e-09
  2.6811e+04   4.15e-09
  2.7831e+04   1.99e-09
  2.8890e+04   8.87e-10
  2.9989e+04   3.50e-10
  3.1130e+04   1.21e-10
  3.2314e+04   3.63e-11
  3.3544e+04   8.90e-12
  3.4820e+04   1.71e-12
  3.6144e+04   2.52e-13
  3.7519e+04   2.58e-14
  3.8947e+04   1.67e-15
  4.0428e+04   6.34e-17
  4.1966e+04   1.18e-18
  4.3563e+04   8.86e-21
  4.5220e+04   2.13e-23
  4.6941e+04   1.14e-26
  4.8726e+04   8.77e-31
  5.0580e+04   5.26e-36
