#  E [MeV]   Flux [# cm^{-2} s^{-1}  MeV^{-1}]
  3.0000e+04   7.91e-25
  3.1141e+04   7.60e-25
  3.2326e+04   7.31e-25
  3.3556e+04   7.02e-25
  3.4832e+04   6.75e-25
  3.6157e+04   6.48e-25
  3.7533e+04   6.23e-25
  3.8961e+04   5.98e-25
  4.0443e+04   5.75e-25
  4.1982e+04   5.52e-25
  4.3579e+04   5.30e-25
  4.5237e+04   5.09e-25
  4.6958e+04   4.89e-25
  4.8744e+04   4.70e-25
  5.0598e+04   4.51e-25
  5.2523e+04   4.33e-25
  5.4521e+04   4.15e-25
  5.6596e+04   3.99e-25
  5.8749e+04   3.83e-25
  6.0984e+04   3.67e-25
  6.3304e+04   3.53e-25
  6.5712e+04   3.38e-25
  6.8212e+04   3.24e-25
  7.0807e+04   3.11e-25
  7.3500e+04   2.99e-25
  7.6297e+04   2.86e-25
  7.9199e+04   2.74e-25
  8.2212e+04   2.63e-25
  8.5340e+04   2.52e-25
  8.8586e+04   2.42e-25
  9.1956e+04   2.32e-25
  9.5455e+04   2.22e-25
  9.9086e+04   2.12e-25
  1.0286e+05   2.03e-25
  1.0677e+05   1.95e-25
  1.1083e+05   1.86e-25
  1.1505e+05   1.78e-25
  1.1942e+05   1.71e-25
  1.2397e+05   1.63e-25
  1.2868e+05   1.56e-25
  1.3358e+05   1.49e-25
  1.3866e+05   1.43e-25
  1.4394e+05   1.36e-25
  1.4941e+05   1.30e-25
  1.5509e+05   1.24e-25
  1.6100e+05   1.19e-25
  1.6712e+05   1.13e-25
  1.7348e+05   1.08e-25
  1.8008e+05   1.03e-25
  1.8693e+05   9.81e-26
  1.9404e+05   9.34e-26
  2.0142e+05   8.90e-26
  2.0908e+05   8.47e-26
  2.1704e+05   8.06e-26
  2.2529e+05   7.66e-26
  2.3387e+05   7.28e-26
  2.4276e+05   6.92e-26
  2.5200e+05   6.57e-26
  2.6158e+05   6.24e-26
  2.7154e+05   5.92e-26
  2.8187e+05   5.61e-26
  2.9259e+05   5.32e-26
  3.0372e+05   5.04e-26
  3.1527e+05   4.77e-26
  3.2727e+05   4.51e-26
  3.3972e+05   4.26e-26
  3.5264e+05   4.03e-26
  3.6606e+05   3.80e-26
  3.7998e+05   3.59e-26
  3.9444e+05   3.38e-26
  4.0945e+05   3.19e-26
  4.2502e+05   3.00e-26
  4.4119e+05   2.82e-26
  4.5798e+05   2.65e-26
  4.7540e+05   2.49e-26
  4.9348e+05   2.34e-26
  5.1226e+05   2.20e-26
  5.3175e+05   2.06e-26
  5.5198e+05   1.93e-26
  5.7297e+05   1.81e-26
  5.9477e+05   1.69e-26
  6.1740e+05   1.58e-26
  6.4089e+05   1.48e-26
  6.6527e+05   1.38e-26
  6.9058e+05   1.29e-26
  7.1685e+05   1.20e-26
  7.4412e+05   1.12e-26
  7.7243e+05   1.05e-26
  8.0181e+05   9.76e-27
  8.3232e+05   9.08e-27
  8.6398e+05   8.45e-27
  8.9685e+05   7.87e-27
  9.3097e+05   7.32e-27
  9.6638e+05   6.80e-27
  1.0031e+06   6.32e-27
  1.0413e+06   5.87e-27
  1.0809e+06   5.45e-27
  1.1220e+06   5.05e-27
  1.1647e+06   4.69e-27
  1.2090e+06   4.35e-27
  1.2550e+06   4.03e-27
  1.3028e+06   3.73e-27
  1.3523e+06   3.45e-27
  1.4038e+06   3.19e-27
  1.4572e+06   2.95e-27
  1.5126e+06   2.72e-27
  1.5702e+06   2.52e-27
  1.6299e+06   2.32e-27
  1.6919e+06   2.14e-27
  1.7563e+06   1.97e-27
  1.8231e+06   1.82e-27
  1.8925e+06   1.68e-27
  1.9645e+06   1.54e-27
  2.0392e+06   1.42e-27
  2.1168e+06   1.30e-27
  2.1973e+06   1.20e-27
  2.2809e+06   1.10e-27
  2.3677e+06   1.01e-27
  2.4577e+06   9.23e-28
  2.5512e+06   8.46e-28
  2.6483e+06   7.74e-28
  2.7490e+06   7.06e-28
  2.8536e+06   6.45e-28
  2.9622e+06   5.88e-28
  3.0749e+06   5.35e-28
  3.1918e+06   4.88e-28
  3.3133e+06   4.43e-28
  3.4393e+06   4.02e-28
  3.5702e+06   3.65e-28
  3.7060e+06   3.31e-28
  3.8470e+06   2.99e-28
  3.9933e+06   2.70e-28
  4.1452e+06   2.44e-28
  4.3029e+06   2.20e-28
  4.4666e+06   1.98e-28
  4.6366e+06   1.78e-28
  4.8129e+06   1.60e-28
  4.9960e+06   1.43e-28
  5.1861e+06   1.28e-28
  5.3834e+06   1.14e-28
  5.5882e+06   1.02e-28
  5.8008e+06   9.09e-29
  6.0215e+06   8.06e-29
  6.2506e+06   7.13e-29
  6.4883e+06   6.33e-29
  6.7352e+06   5.58e-29
  6.9914e+06   4.91e-29
  7.2574e+06   4.33e-29
  7.5335e+06   3.79e-29
  7.8201e+06   3.31e-29
  8.1176e+06   2.90e-29
  8.4264e+06   2.52e-29
  8.7470e+06   2.18e-29
  9.0797e+06   1.89e-29
  9.4251e+06   1.63e-29
  9.7837e+06   1.40e-29
  1.0156e+07   1.20e-29
  1.0542e+07   1.02e-29
  1.0943e+07   8.64e-30
  1.1360e+07   7.34e-30
  1.1792e+07   6.18e-30
  1.2240e+07   5.14e-30
  1.2706e+07   4.29e-30
  1.3189e+07   3.55e-30
  1.3691e+07   2.90e-30
  1.4212e+07   2.37e-30
  1.4753e+07   1.92e-30
  1.5314e+07   1.53e-30
  1.5897e+07   1.21e-30
  1.6501e+07   9.53e-31
  1.7129e+07   7.34e-31
  1.7781e+07   5.60e-31
  1.8457e+07   4.23e-31
  1.9159e+07   3.11e-31
  1.9888e+07   2.24e-31
  2.0645e+07   1.59e-31
  2.1430e+07   1.09e-31
  2.2245e+07   7.24e-32
  2.3092e+07   4.69e-32
  2.3970e+07   2.88e-32
  2.4882e+07   1.68e-32
  2.5829e+07   9.46e-33
  2.6811e+07   4.91e-33
  2.7831e+07   2.36e-33
  2.8890e+07   1.05e-33
  2.9989e+07   4.15e-34
  3.1130e+07   1.43e-34
  3.2314e+07   4.29e-35
  3.3544e+07   1.05e-35
  3.4820e+07   2.03e-36
  3.6144e+07   2.99e-37
  3.7519e+07   3.05e-38
  3.8947e+07   1.98e-39
  4.0428e+07   7.51e-41
  4.1966e+07   1.40e-42
  4.3563e+07   1.05e-44
  4.5220e+07   2.52e-47
  4.6941e+07   1.36e-50
  4.8726e+07   1.04e-54
  5.0580e+07   6.23e-60
