#  E [MeV]   Flux [# cm^{-2} s^{-1}  MeV^{-1}]
  3.0000e+04   3.88e-26
  3.1232e+04   3.71e-26
  3.2514e+04   3.55e-26
  3.3849e+04   3.39e-26
  3.5238e+04   3.24e-26
  3.6685e+04   3.10e-26
  3.8191e+04   2.97e-26
  3.9759e+04   2.83e-26
  4.1391e+04   2.71e-26
  4.3090e+04   2.59e-26
  4.4859e+04   2.48e-26
  4.6701e+04   2.37e-26
  4.8618e+04   2.26e-26
  5.0614e+04   2.16e-26
  5.2692e+04   2.06e-26
  5.4855e+04   1.97e-26
  5.7107e+04   1.88e-26
  5.9451e+04   1.80e-26
  6.1892e+04   1.72e-26
  6.4433e+04   1.64e-26
  6.7078e+04   1.57e-26
  6.9832e+04   1.50e-26
  7.2699e+04   1.43e-26
  7.5683e+04   1.36e-26
  7.8790e+04   1.30e-26
  8.2025e+04   1.24e-26
  8.5392e+04   1.18e-26
  8.8898e+04   1.13e-26
  9.2547e+04   1.08e-26
  9.6347e+04   1.03e-26
  1.0030e+05   9.80e-27
  1.0442e+05   9.34e-27
  1.0871e+05   8.90e-27
  1.1317e+05   8.48e-27
  1.1782e+05   8.08e-27
  1.2265e+05   7.70e-27
  1.2769e+05   7.33e-27
  1.3293e+05   6.98e-27
  1.3839e+05   6.64e-27
  1.4407e+05   6.32e-27
  1.4998e+05   6.01e-27
  1.5614e+05   5.71e-27
  1.6255e+05   5.43e-27
  1.6922e+05   5.16e-27
  1.7617e+05   4.90e-27
  1.8340e+05   4.65e-27
  1.9093e+05   4.41e-27
  1.9877e+05   4.19e-27
  2.0693e+05   3.97e-27
  2.1543e+05   3.76e-27
  2.2427e+05   3.56e-27
  2.3348e+05   3.37e-27
  2.4306e+05   3.18e-27
  2.5304e+05   3.01e-27
  2.6343e+05   2.84e-27
  2.7424e+05   2.68e-27
  2.8550e+05   2.53e-27
  2.9722e+05   2.38e-27
  3.0942e+05   2.24e-27
  3.2213e+05   2.11e-27
  3.3535e+05   1.98e-27
  3.4912e+05   1.86e-27
  3.6345e+05   1.75e-27
  3.7837e+05   1.64e-27
  3.9390e+05   1.53e-27
  4.1008e+05   1.43e-27
  4.2691e+05   1.34e-27
  4.4444e+05   1.25e-27
  4.6268e+05   1.17e-27
  4.8168e+05   1.09e-27
  5.0145e+05   1.01e-27
  5.2204e+05   9.43e-28
  5.4347e+05   8.76e-28
  5.6578e+05   8.14e-28
  5.8901e+05   7.55e-28
  6.1319e+05   7.00e-28
  6.3836e+05   6.49e-28
  6.6457e+05   6.01e-28
  6.9185e+05   5.56e-28
  7.2025e+05   5.14e-28
  7.4982e+05   4.75e-28
  7.8061e+05   4.39e-28
  8.1265e+05   4.06e-28
  8.4601e+05   3.75e-28
  8.8075e+05   3.46e-28
  9.1690e+05   3.19e-28
  9.5455e+05   2.94e-28
  9.9373e+05   2.72e-28
  1.0345e+06   2.50e-28
  1.0770e+06   2.31e-28
  1.1212e+06   2.13e-28
  1.1672e+06   1.96e-28
  1.2152e+06   1.81e-28
  1.2650e+06   1.67e-28
  1.3170e+06   1.54e-28
  1.3711e+06   1.42e-28
  1.4273e+06   1.31e-28
  1.4859e+06   1.21e-28
  1.5469e+06   1.11e-28
  1.6104e+06   1.03e-28
  1.6766e+06   9.46e-29
  1.7454e+06   8.73e-29
  1.8170e+06   8.05e-29
  1.8916e+06   7.41e-29
  1.9693e+06   6.83e-29
  2.0501e+06   6.29e-29
  2.1343e+06   5.79e-29
  2.2219e+06   5.33e-29
  2.3131e+06   4.91e-29
  2.4081e+06   4.51e-29
  2.5070e+06   4.14e-29
  2.6099e+06   3.80e-29
  2.7170e+06   3.49e-29
  2.8286e+06   3.20e-29
  2.9447e+06   2.93e-29
  3.0656e+06   2.68e-29
  3.1914e+06   2.45e-29
  3.3225e+06   2.23e-29
  3.4589e+06   2.04e-29
  3.6008e+06   1.85e-29
  3.7487e+06   1.68e-29
  3.9026e+06   1.53e-29
  4.0628e+06   1.38e-29
  4.2296e+06   1.25e-29
  4.4032e+06   1.13e-29
  4.5840e+06   1.02e-29
  4.7722e+06   9.11e-30
  4.9681e+06   8.17e-30
  5.1720e+06   7.30e-30
  5.3844e+06   6.49e-30
  5.6054e+06   5.77e-30
  5.8355e+06   5.11e-30
  6.0751e+06   4.51e-30
  6.3245e+06   3.97e-30
  6.5841e+06   3.47e-30
  6.8544e+06   3.03e-30
  7.1358e+06   2.63e-30
  7.4288e+06   2.27e-30
  7.7338e+06   1.95e-30
  8.0513e+06   1.67e-30
  8.3818e+06   1.41e-30
  8.7259e+06   1.19e-30
  9.0841e+06   9.96e-31
  9.4571e+06   8.24e-31
  9.8453e+06   6.79e-31
  1.0249e+07   5.53e-31
  1.0670e+07   4.45e-31
  1.1108e+07   3.55e-31
  1.1564e+07   2.79e-31
  1.2039e+07   2.16e-31
  1.2533e+07   1.65e-31
  1.3048e+07   1.24e-31
  1.3584e+07   9.08e-32
  1.4141e+07   6.54e-32
  1.4722e+07   4.58e-32
  1.5326e+07   3.13e-32
  1.5955e+07   2.07e-32
  1.6610e+07   1.32e-32
  1.7292e+07   8.10e-33
  1.8002e+07   4.74e-33
  1.8741e+07   2.62e-33
  1.9511e+07   1.37e-33
  2.0312e+07   6.71e-34
  2.1145e+07   3.00e-34
  2.2013e+07   1.23e-34
  2.2917e+07   4.53e-35
  2.3858e+07   1.45e-35
  2.4837e+07   4.05e-36
  2.5857e+07   9.38e-37
  2.6919e+07   1.75e-37
  2.8024e+07   2.54e-38
  2.9174e+07   2.70e-39
  3.0372e+07   1.97e-40
  3.1619e+07   9.17e-42
  3.2917e+07   2.42e-43
  3.4268e+07   3.20e-45
  3.5675e+07   1.81e-47
  3.7140e+07   3.43e-50
  3.8664e+07   1.68e-53
  4.0252e+07   1.46e-57
  4.1904e+07   1.36e-62
  4.3624e+07   7.22e-69
  4.5415e+07   2.61e-72
  4.7280e+07   2.15e-72
  4.9221e+07   1.82e-72
  5.1241e+07   1.52e-72
  5.3345e+07   1.24e-72
  5.5535e+07   1.05e-72
  5.7815e+07   8.73e-73
  6.0188e+07   7.13e-73
  6.2659e+07   5.97e-73
  6.5232e+07   4.89e-73
  6.7910e+07   3.96e-73
  7.0698e+07   3.27e-73
  7.3600e+07   2.64e-73
  7.6621e+07   2.10e-73
  7.9767e+07   1.66e-73
  8.3042e+07   1.26e-73
  8.6451e+07   9.29e-74
  9.0000e+07   6.61e-74
