#  E [MeV]   Flux [# cm^{-2} s^{-1}  MeV^{-1}]
  3.0000e+04   2.56e-20
  3.1123e+04   2.46e-20
  3.2288e+04   2.36e-20
  3.3497e+04   2.27e-20
  3.4751e+04   2.17e-20
  3.6051e+04   2.09e-20
  3.7401e+04   2.00e-20
  3.8801e+04   1.92e-20
  4.0253e+04   1.84e-20
  4.1760e+04   1.77e-20
  4.3324e+04   1.70e-20
  4.4945e+04   1.63e-20
  4.6628e+04   1.56e-20
  4.8373e+04   1.50e-20
  5.0184e+04   1.43e-20
  5.2063e+04   1.38e-20
  5.4011e+04   1.32e-20
  5.6033e+04   1.26e-20
  5.8131e+04   1.21e-20
  6.0307e+04   1.16e-20
  6.2564e+04   1.11e-20
  6.4906e+04   1.07e-20
  6.7336e+04   1.02e-20
  6.9857e+04   9.78e-21
  7.2472e+04   9.36e-21
  7.5184e+04   8.96e-21
  7.7999e+04   8.58e-21
  8.0919e+04   8.21e-21
  8.3948e+04   7.86e-21
  8.7090e+04   7.52e-21
  9.0350e+04   7.19e-21
  9.3732e+04   6.88e-21
  9.7241e+04   6.58e-21
  1.0088e+05   6.29e-21
  1.0466e+05   6.01e-21
  1.0858e+05   5.74e-21
  1.1264e+05   5.49e-21
  1.1686e+05   5.24e-21
  1.2123e+05   5.00e-21
  1.2577e+05   4.78e-21
  1.3048e+05   4.56e-21
  1.3536e+05   4.35e-21
  1.4043e+05   4.15e-21
  1.4568e+05   3.96e-21
  1.5114e+05   3.77e-21
  1.5680e+05   3.59e-21
  1.6266e+05   3.42e-21
  1.6875e+05   3.26e-21
  1.7507e+05   3.10e-21
  1.8162e+05   2.95e-21
  1.8842e+05   2.80e-21
  1.9548e+05   2.67e-21
  2.0279e+05   2.53e-21
  2.1039e+05   2.41e-21
  2.1826e+05   2.28e-21
  2.2643e+05   2.17e-21
  2.3491e+05   2.06e-21
  2.4370e+05   1.95e-21
  2.5282e+05   1.85e-21
  2.6229e+05   1.75e-21
  2.7211e+05   1.66e-21
  2.8229e+05   1.57e-21
  2.9286e+05   1.48e-21
  3.0382e+05   1.40e-21
  3.1519e+05   1.32e-21
  3.2699e+05   1.25e-21
  3.3923e+05   1.17e-21
  3.5193e+05   1.11e-21
  3.6511e+05   1.04e-21
  3.7877e+05   9.81e-22
  3.9295e+05   9.22e-22
  4.0766e+05   8.67e-22
  4.2292e+05   8.14e-22
  4.3875e+05   7.64e-22
  4.5518e+05   7.17e-22
  4.7222e+05   6.72e-22
  4.8989e+05   6.30e-22
  5.0823e+05   5.89e-22
  5.2726e+05   5.51e-22
  5.4699e+05   5.16e-22
  5.6747e+05   4.82e-22
  5.8871e+05   4.50e-22
  6.1075e+05   4.20e-22
  6.3361e+05   3.91e-22
  6.5733e+05   3.65e-22
  6.8194e+05   3.40e-22
  7.0746e+05   3.16e-22
  7.3395e+05   2.94e-22
  7.6142e+05   2.74e-22
  7.8992e+05   2.55e-22
  8.1949e+05   2.37e-22
  8.5017e+05   2.20e-22
  8.8199e+05   2.04e-22
  9.1501e+05   1.90e-22
  9.4926e+05   1.76e-22
  9.8479e+05   1.63e-22
  1.0217e+06   1.52e-22
  1.0599e+06   1.41e-22
  1.0996e+06   1.30e-22
  1.1407e+06   1.21e-22
  1.1834e+06   1.12e-22
  1.2277e+06   1.04e-22
  1.2737e+06   9.59e-23
  1.3214e+06   8.88e-23
  1.3708e+06   8.21e-23
  1.4222e+06   7.60e-23
  1.4754e+06   7.03e-23
  1.5306e+06   6.49e-23
  1.5879e+06   6.00e-23
  1.6474e+06   5.55e-23
  1.7090e+06   5.12e-23
  1.7730e+06   4.73e-23
  1.8394e+06   4.37e-23
  1.9082e+06   4.03e-23
  1.9797e+06   3.72e-23
  2.0538e+06   3.43e-23
  2.1306e+06   3.16e-23
  2.2104e+06   2.91e-23
  2.2931e+06   2.67e-23
  2.3790e+06   2.46e-23
  2.4680e+06   2.26e-23
  2.5604e+06   2.08e-23
  2.6563e+06   1.91e-23
  2.7557e+06   1.75e-23
  2.8589e+06   1.60e-23
  2.9659e+06   1.47e-23
  3.0769e+06   1.34e-23
  3.1921e+06   1.23e-23
  3.3116e+06   1.12e-23
  3.4355e+06   1.02e-23
  3.5641e+06   9.33e-24
  3.6976e+06   8.49e-24
  3.8360e+06   7.71e-24
  3.9796e+06   7.02e-24
  4.1285e+06   6.37e-24
  4.2831e+06   5.77e-24
  4.4434e+06   5.23e-24
  4.6097e+06   4.73e-24
  4.7823e+06   4.26e-24
  4.9613e+06   3.84e-24
  5.1470e+06   3.46e-24
  5.3397e+06   3.10e-24
  5.5396e+06   2.78e-24
  5.7470e+06   2.49e-24
  5.9621e+06   2.22e-24
  6.1853e+06   1.98e-24
  6.4168e+06   1.77e-24
  6.6570e+06   1.57e-24
  6.9062e+06   1.39e-24
  7.1647e+06   1.23e-24
  7.4329e+06   1.08e-24
  7.7112e+06   9.49e-25
  7.9998e+06   8.35e-25
  8.2993e+06   7.30e-25
  8.6100e+06   6.34e-25
  8.9323e+06   5.53e-25
  9.2666e+06   4.79e-25
  9.6135e+06   4.11e-25
  9.9734e+06   3.55e-25
  1.0347e+07   3.04e-25
  1.0734e+07   2.58e-25
  1.1136e+07   2.19e-25
  1.1553e+07   1.85e-25
  1.1985e+07   1.55e-25
  1.2434e+07   1.29e-25
  1.2899e+07   1.07e-25
  1.3382e+07   8.78e-26
  1.3883e+07   7.16e-26
  1.4403e+07   5.81e-26
  1.4942e+07   4.64e-26
  1.5501e+07   3.66e-26
  1.6081e+07   2.88e-26
  1.6683e+07   2.22e-26
  1.7308e+07   1.68e-26
  1.7956e+07   1.26e-26
  1.8628e+07   9.21e-27
  1.9325e+07   6.56e-27
  2.0049e+07   4.60e-27
  2.0799e+07   3.11e-27
  2.1578e+07   2.02e-27
  2.2386e+07   1.27e-27
  2.3224e+07   7.56e-28
  2.4093e+07   4.23e-28
  2.4995e+07   2.23e-28
  2.5930e+07   1.08e-28
  2.6901e+07   4.74e-29
  2.7908e+07   1.88e-29
  2.8953e+07   6.52e-30
  3.0037e+07   1.90e-30
  3.1161e+07   4.62e-31
  3.2327e+07   8.88e-32
  3.3537e+07   1.26e-32
  3.4793e+07   1.28e-33
  3.6095e+07   8.69e-35
  3.7446e+07   3.32e-36
  3.8848e+07   6.78e-38
  4.0302e+07   6.62e-40
  4.1811e+07   2.02e-42
  4.3376e+07   1.50e-45
  4.5000e+07   2.02e-49
