#  E [GeV]   # per interaction  [GeV^{-1}]
  3.0000e+01   1.12e+00
  3.1141e+01   1.07e+00
  3.2326e+01   1.03e+00
  3.3556e+01   9.80e-01
  3.4832e+01   9.36e-01
  3.6157e+01   8.94e-01
  3.7533e+01   8.53e-01
  3.8961e+01   8.15e-01
  4.0443e+01   7.77e-01
  4.1982e+01   7.42e-01
  4.3579e+01   7.08e-01
  4.5237e+01   6.75e-01
  4.6958e+01   6.44e-01
  4.8744e+01   6.14e-01
  5.0598e+01   5.85e-01
  5.2523e+01   5.58e-01
  5.4521e+01   5.32e-01
  5.6596e+01   5.07e-01
  5.8749e+01   4.83e-01
  6.0984e+01   4.60e-01
  6.3304e+01   4.38e-01
  6.5712e+01   4.18e-01
  6.8212e+01   3.98e-01
  7.0807e+01   3.79e-01
  7.3500e+01   3.60e-01
  7.6297e+01   3.43e-01
  7.9199e+01   3.27e-01
  8.2212e+01   3.11e-01
  8.5340e+01   2.96e-01
  8.8586e+01   2.81e-01
  9.1956e+01   2.67e-01
  9.5455e+01   2.54e-01
  9.9086e+01   2.42e-01
  1.0286e+02   2.30e-01
  1.0677e+02   2.18e-01
  1.1083e+02   2.07e-01
  1.1505e+02   1.97e-01
  1.1942e+02   1.87e-01
  1.2397e+02   1.78e-01
  1.2868e+02   1.69e-01
  1.3358e+02   1.60e-01
  1.3866e+02   1.52e-01
  1.4394e+02   1.44e-01
  1.4941e+02   1.37e-01
  1.5509e+02   1.30e-01
  1.6100e+02   1.23e-01
  1.6712e+02   1.17e-01
  1.7348e+02   1.11e-01
  1.8008e+02   1.05e-01
  1.8693e+02   9.95e-02
  1.9404e+02   9.43e-02
  2.0142e+02   8.93e-02
  2.0908e+02   8.45e-02
  2.1704e+02   8.00e-02
  2.2529e+02   7.57e-02
  2.3387e+02   7.16e-02
  2.4276e+02   6.77e-02
  2.5200e+02   6.40e-02
  2.6158e+02   6.04e-02
  2.7154e+02   5.71e-02
  2.8187e+02   5.39e-02
  2.9259e+02   5.09e-02
  3.0372e+02   4.80e-02
  3.1527e+02   4.52e-02
  3.2727e+02   4.26e-02
  3.3972e+02   4.01e-02
  3.5264e+02   3.78e-02
  3.6606e+02   3.55e-02
  3.7998e+02   3.34e-02
  3.9444e+02   3.14e-02
  4.0945e+02   2.95e-02
  4.2502e+02   2.77e-02
  4.4119e+02   2.60e-02
  4.5798e+02   2.43e-02
  4.7540e+02   2.28e-02
  4.9348e+02   2.13e-02
  5.1226e+02   1.99e-02
  5.3175e+02   1.86e-02
  5.5198e+02   1.74e-02
  5.7297e+02   1.62e-02
  5.9477e+02   1.52e-02
  6.1740e+02   1.41e-02
  6.4089e+02   1.31e-02
  6.6527e+02   1.22e-02
  6.9058e+02   1.14e-02
  7.1685e+02   1.06e-02
  7.4412e+02   9.81e-03
  7.7243e+02   9.11e-03
  8.0181e+02   8.46e-03
  8.3232e+02   7.86e-03
  8.6398e+02   7.29e-03
  8.9685e+02   6.76e-03
  9.3097e+02   6.28e-03
  9.6638e+02   5.82e-03
  1.0031e+03   5.40e-03
  1.0413e+03   5.00e-03
  1.0809e+03   4.63e-03
  1.1220e+03   4.29e-03
  1.1647e+03   3.98e-03
  1.2090e+03   3.68e-03
  1.2550e+03   3.41e-03
  1.3028e+03   3.15e-03
  1.3523e+03   2.91e-03
  1.4038e+03   2.69e-03
  1.4572e+03   2.48e-03
  1.5126e+03   2.29e-03
  1.5702e+03   2.11e-03
  1.6299e+03   1.95e-03
  1.6919e+03   1.80e-03
  1.7563e+03   1.65e-03
  1.8231e+03   1.52e-03
  1.8925e+03   1.40e-03
  1.9645e+03   1.29e-03
  2.0392e+03   1.18e-03
  2.1168e+03   1.09e-03
  2.1973e+03   9.97e-04
  2.2809e+03   9.14e-04
  2.3677e+03   8.37e-04
  2.4577e+03   7.65e-04
  2.5512e+03   7.00e-04
  2.6483e+03   6.38e-04
  2.7490e+03   5.81e-04
  2.8536e+03   5.30e-04
  2.9622e+03   4.82e-04
  3.0749e+03   4.37e-04
  3.1918e+03   3.97e-04
  3.3133e+03   3.59e-04
  3.4393e+03   3.24e-04
  3.5702e+03   2.93e-04
  3.7060e+03   2.64e-04
  3.8470e+03   2.37e-04
  3.9933e+03   2.13e-04
  4.1452e+03   1.91e-04
  4.3029e+03   1.71e-04
  4.4666e+03   1.53e-04
  4.6366e+03   1.36e-04
  4.8129e+03   1.21e-04
  4.9960e+03   1.07e-04
  5.1861e+03   9.51e-05
  5.3834e+03   8.37e-05
  5.5882e+03   7.37e-05
  5.8008e+03   6.48e-05
  6.0215e+03   5.65e-05
  6.2506e+03   4.93e-05
  6.4883e+03   4.31e-05
  6.7352e+03   3.72e-05
  6.9914e+03   3.22e-05
  7.2574e+03   2.78e-05
  7.5335e+03   2.38e-05
  7.8201e+03   2.04e-05
  8.1176e+03   1.74e-05
  8.4264e+03   1.48e-05
  8.7470e+03   1.24e-05
  9.0797e+03   1.05e-05
  9.4251e+03   8.81e-06
  9.7837e+03   7.30e-06
  1.0156e+04   6.09e-06
  1.0542e+04   5.01e-06
  1.0943e+04   4.06e-06
  1.1360e+04   3.34e-06
  1.1792e+04   2.69e-06
  1.2240e+04   2.14e-06
  1.2706e+04   1.72e-06
  1.3189e+04   1.35e-06
  1.3691e+04   1.04e-06
  1.4212e+04   8.14e-07
  1.4753e+04   6.22e-07
  1.5314e+04   4.63e-07
  1.5897e+04   3.48e-07
  1.6501e+04   2.55e-07
  1.7129e+04   1.81e-07
  1.7781e+04   1.29e-07
  1.8457e+04   8.93e-08
  1.9159e+04   5.95e-08
  1.9888e+04   3.92e-08
  2.0645e+04   2.50e-08
  2.1430e+04   1.52e-08
  2.2245e+04   8.93e-09
  2.3092e+04   5.04e-09
  2.3970e+04   2.65e-09
  2.4882e+04   1.31e-09
  2.5829e+04   6.09e-10
  2.6811e+04   2.54e-10
  2.7831e+04   9.55e-11
  2.8890e+04   3.18e-11
  2.9989e+04   8.95e-12
  3.1130e+04   2.09e-12
  3.2314e+04   3.93e-13
  3.3544e+04   5.52e-14
  3.4820e+04   5.50e-15
  3.6144e+04   3.61e-16
  3.7519e+04   1.39e-17
  3.8947e+04   2.77e-19
  4.0428e+04   2.41e-21
  4.1966e+04   7.33e-24
  4.3563e+04   5.83e-27
  4.5220e+04   8.29e-31
  4.6941e+04   1.27e-35
  4.8726e+04   1.06e-41
  5.0580e+04   4.67e-48
