#  E [GeV]   # per interaction  [GeV^{-1}]
  3.0000e+01   2.67e-02
  3.1141e+01   2.57e-02
  3.2326e+01   2.47e-02
  3.3556e+01   2.38e-02
  3.4832e+01   2.29e-02
  3.6157e+01   2.20e-02
  3.7533e+01   2.12e-02
  3.8961e+01   2.03e-02
  4.0443e+01   1.95e-02
  4.1982e+01   1.88e-02
  4.3579e+01   1.80e-02
  4.5237e+01   1.73e-02
  4.6958e+01   1.66e-02
  4.8744e+01   1.60e-02
  5.0598e+01   1.53e-02
  5.2523e+01   1.47e-02
  5.4521e+01   1.41e-02
  5.6596e+01   1.35e-02
  5.8749e+01   1.30e-02
  6.0984e+01   1.24e-02
  6.3304e+01   1.19e-02
  6.5712e+01   1.14e-02
  6.8212e+01   1.09e-02
  7.0807e+01   1.05e-02
  7.3500e+01   1.00e-02
  7.6297e+01   9.62e-03
  7.9199e+01   9.21e-03
  8.2212e+01   8.81e-03
  8.5340e+01   8.43e-03
  8.8586e+01   8.07e-03
  9.1956e+01   7.72e-03
  9.5455e+01   7.38e-03
  9.9086e+01   7.05e-03
  1.0286e+02   6.74e-03
  1.0677e+02   6.44e-03
  1.1083e+02   6.16e-03
  1.1505e+02   5.88e-03
  1.1942e+02   5.62e-03
  1.2397e+02   5.36e-03
  1.2868e+02   5.12e-03
  1.3358e+02   4.88e-03
  1.3866e+02   4.66e-03
  1.4394e+02   4.44e-03
  1.4941e+02   4.24e-03
  1.5509e+02   4.04e-03
  1.6100e+02   3.85e-03
  1.6712e+02   3.67e-03
  1.7348e+02   3.49e-03
  1.8008e+02   3.33e-03
  1.8693e+02   3.17e-03
  1.9404e+02   3.02e-03
  2.0142e+02   2.87e-03
  2.0908e+02   2.73e-03
  2.1704e+02   2.60e-03
  2.2529e+02   2.47e-03
  2.3387e+02   2.35e-03
  2.4276e+02   2.23e-03
  2.5200e+02   2.12e-03
  2.6158e+02   2.01e-03
  2.7154e+02   1.91e-03
  2.8187e+02   1.81e-03
  2.9259e+02   1.72e-03
  3.0372e+02   1.63e-03
  3.1527e+02   1.55e-03
  3.2727e+02   1.47e-03
  3.3972e+02   1.39e-03
  3.5264e+02   1.32e-03
  3.6606e+02   1.25e-03
  3.7998e+02   1.18e-03
  3.9444e+02   1.12e-03
  4.0945e+02   1.06e-03
  4.2502e+02   1.01e-03
  4.4119e+02   9.52e-04
  4.5798e+02   9.01e-04
  4.7540e+02   8.52e-04
  4.9348e+02   8.07e-04
  5.1226e+02   7.63e-04
  5.3175e+02   7.22e-04
  5.5198e+02   6.83e-04
  5.7297e+02   6.46e-04
  5.9477e+02   6.11e-04
  6.1740e+02   5.79e-04
  6.4089e+02   5.48e-04
  6.6527e+02   5.19e-04
  6.9058e+02   4.92e-04
  7.1685e+02   4.66e-04
  7.4412e+02   4.42e-04
  7.7243e+02   4.19e-04
  8.0181e+02   3.98e-04
  8.3232e+02   3.77e-04
  8.6398e+02   3.59e-04
  8.9685e+02   3.41e-04
  9.3097e+02   3.24e-04
  9.6638e+02   3.08e-04
  1.0031e+03   2.94e-04
  1.0413e+03   2.80e-04
  1.0809e+03   2.67e-04
  1.1220e+03   2.55e-04
  1.1647e+03   2.43e-04
  1.2090e+03   2.32e-04
  1.2550e+03   2.22e-04
  1.3028e+03   2.13e-04
  1.3523e+03   2.04e-04
  1.4038e+03   1.95e-04
  1.4572e+03   1.87e-04
  1.5126e+03   1.80e-04
  1.5702e+03   1.73e-04
  1.6299e+03   1.66e-04
  1.6919e+03   1.59e-04
  1.7563e+03   1.53e-04
  1.8231e+03   1.48e-04
  1.8925e+03   1.42e-04
  1.9645e+03   1.37e-04
  2.0392e+03   1.32e-04
  2.1168e+03   1.27e-04
  2.1973e+03   1.22e-04
  2.2809e+03   1.18e-04
  2.3677e+03   1.14e-04
  2.4577e+03   1.10e-04
  2.5512e+03   1.06e-04
  2.6483e+03   1.02e-04
  2.7490e+03   9.81e-05
  2.8536e+03   9.45e-05
  2.9622e+03   9.09e-05
  3.0749e+03   8.74e-05
  3.1918e+03   8.40e-05
  3.3133e+03   8.07e-05
  3.4393e+03   7.74e-05
  3.5702e+03   7.42e-05
  3.7060e+03   7.11e-05
  3.8470e+03   6.80e-05
  3.9933e+03   6.50e-05
  4.1452e+03   6.20e-05
  4.3029e+03   5.91e-05
  4.4666e+03   5.62e-05
  4.6366e+03   5.34e-05
  4.8129e+03   5.06e-05
  4.9960e+03   4.78e-05
  5.1861e+03   4.51e-05
  5.3834e+03   4.25e-05
  5.5882e+03   3.99e-05
  5.8008e+03   3.74e-05
  6.0215e+03   3.49e-05
  6.2506e+03   3.25e-05
  6.4883e+03   3.01e-05
  6.7352e+03   2.79e-05
  6.9914e+03   2.56e-05
  7.2574e+03   2.35e-05
  7.5335e+03   2.15e-05
  7.8201e+03   1.95e-05
  8.1176e+03   1.76e-05
  8.4264e+03   1.59e-05
  8.7470e+03   1.41e-05
  9.0797e+03   1.26e-05
  9.4251e+03   1.11e-05
  9.7837e+03   9.67e-06
  1.0156e+04   8.37e-06
  1.0542e+04   7.19e-06
  1.0943e+04   6.10e-06
  1.1360e+04   5.13e-06
  1.1792e+04   4.26e-06
  1.2240e+04   3.49e-06
  1.2706e+04   2.81e-06
  1.3189e+04   2.23e-06
  1.3691e+04   1.74e-06
  1.4212e+04   1.33e-06
  1.4753e+04   9.95e-07
  1.5314e+04   7.26e-07
  1.5897e+04   5.15e-07
  1.6501e+04   3.54e-07
  1.7129e+04   2.35e-07
  1.7781e+04   1.50e-07
  1.8457e+04   9.20e-08
  1.9159e+04   5.34e-08
  1.9888e+04   2.93e-08
  2.0645e+04   1.50e-08
  2.1430e+04   7.15e-09
  2.2245e+04   3.12e-09
  2.3092e+04   1.23e-09
  2.3970e+04   4.34e-10
  2.4882e+04   1.34e-10
  2.5829e+04   3.51e-11
  2.6811e+04   7.64e-12
  2.7831e+04   1.35e-12
  2.8890e+04   1.82e-13
  2.9989e+04   1.81e-14
  3.1130e+04   1.25e-15
  3.2314e+04   5.47e-17
  3.3544e+04   1.39e-18
  3.4820e+04   1.84e-20
  3.6144e+04   1.09e-22
  3.7519e+04   2.33e-25
  3.8947e+04   1.47e-28
  4.0428e+04   1.94e-32
  4.1966e+04   3.56e-37
  4.3563e+04   5.49e-43
  4.5220e+04   1.19e-46
  4.6941e+04   1.04e-46
  4.8726e+04   9.34e-47
  5.0580e+04   8.57e-47
