#  E [MeV]   Flux [# cm^{-2} s^{-1}  MeV^{-1}]
  3.0000e+04   3.76e-19
  3.0589e+04   3.63e-19
  3.1190e+04   3.51e-19
  3.1803e+04   3.39e-19
  3.2428e+04   3.27e-19
  3.3065e+04   3.16e-19
  3.3714e+04   3.04e-19
  3.4376e+04   2.94e-19
  3.5052e+04   2.83e-19
  3.5740e+04   2.73e-19
  3.6442e+04   2.63e-19
  3.7158e+04   2.54e-19
  3.7888e+04   2.45e-19
  3.8632e+04   2.36e-19
  3.9391e+04   2.27e-19
  4.0165e+04   2.19e-19
  4.0954e+04   2.10e-19
  4.1758e+04   2.03e-19
  4.2579e+04   1.95e-19
  4.3415e+04   1.88e-19
  4.4268e+04   1.80e-19
  4.5138e+04   1.74e-19
  4.6024e+04   1.67e-19
  4.6928e+04   1.60e-19
  4.7850e+04   1.54e-19
  4.8790e+04   1.48e-19
  4.9749e+04   1.42e-19
  5.0726e+04   1.37e-19
  5.1722e+04   1.31e-19
  5.2738e+04   1.26e-19
  5.3774e+04   1.21e-19
  5.4831e+04   1.16e-19
  5.5908e+04   1.11e-19
  5.7006e+04   1.07e-19
  5.8126e+04   1.02e-19
  5.9268e+04   9.82e-20
  6.0432e+04   9.41e-20
  6.1619e+04   9.01e-20
  6.2829e+04   8.63e-20
  6.4064e+04   8.27e-20
  6.5322e+04   7.92e-20
  6.6605e+04   7.58e-20
  6.7913e+04   7.25e-20
  6.9248e+04   6.93e-20
  7.0608e+04   6.64e-20
  7.1995e+04   6.35e-20
  7.3409e+04   6.07e-20
  7.4851e+04   5.79e-20
  7.6321e+04   5.53e-20
  7.7821e+04   5.28e-20
  7.9349e+04   5.04e-20
  8.0908e+04   4.81e-20
  8.2497e+04   4.59e-20
  8.4118e+04   4.38e-20
  8.5770e+04   4.17e-20
  8.7455e+04   3.97e-20
  8.9173e+04   3.79e-20
  9.0925e+04   3.61e-20
  9.2711e+04   3.44e-20
  9.4532e+04   3.28e-20
  9.6389e+04   3.11e-20
  9.8283e+04   2.96e-20
  1.0021e+05   2.82e-20
  1.0218e+05   2.68e-20
  1.0419e+05   2.55e-20
  1.0624e+05   2.42e-20
  1.0832e+05   2.30e-20
  1.1045e+05   2.18e-20
  1.1262e+05   2.07e-20
  1.1483e+05   1.97e-20
  1.1709e+05   1.87e-20
  1.1939e+05   1.77e-20
  1.2173e+05   1.68e-20
  1.2412e+05   1.59e-20
  1.2656e+05   1.51e-20
  1.2905e+05   1.43e-20
  1.3158e+05   1.35e-20
  1.3417e+05   1.28e-20
  1.3680e+05   1.21e-20
  1.3949e+05   1.14e-20
  1.4223e+05   1.08e-20
  1.4503e+05   1.02e-20
  1.4787e+05   9.67e-21
  1.5078e+05   9.12e-21
  1.5374e+05   8.59e-21
  1.5676e+05   8.10e-21
  1.5984e+05   7.66e-21
  1.6298e+05   7.23e-21
  1.6618e+05   6.82e-21
  1.6945e+05   6.41e-21
  1.7278e+05   6.02e-21
  1.7617e+05   5.67e-21
  1.7963e+05   5.35e-21
  1.8316e+05   5.04e-21
  1.8676e+05   4.74e-21
  1.9042e+05   4.45e-21
  1.9417e+05   4.17e-21
  1.9798e+05   3.92e-21
  2.0187e+05   3.69e-21
  2.0583e+05   3.47e-21
  2.0988e+05   3.26e-21
  2.1400e+05   3.05e-21
  2.1820e+05   2.85e-21
  2.2249e+05   2.68e-21
  2.2686e+05   2.52e-21
  2.3132e+05   2.36e-21
  2.3586e+05   2.21e-21
  2.4049e+05   2.07e-21
  2.4522e+05   1.92e-21
  2.5004e+05   1.81e-21
  2.5495e+05   1.69e-21
  2.5996e+05   1.59e-21
  2.6506e+05   1.48e-21
  2.7027e+05   1.38e-21
  2.7558e+05   1.28e-21
  2.8099e+05   1.20e-21
  2.8651e+05   1.12e-21
  2.9214e+05   1.05e-21
  2.9788e+05   9.78e-22
  3.0373e+05   9.09e-22
  3.0970e+05   8.42e-22
  3.1578e+05   7.88e-22
  3.2198e+05   7.37e-22
  3.2831e+05   6.87e-22
  3.3476e+05   6.39e-22
  3.4133e+05   5.92e-22
  3.4804e+05   5.48e-22
  3.5487e+05   5.12e-22
  3.6185e+05   4.78e-22
  3.6895e+05   4.45e-22
  3.7620e+05   4.13e-22
  3.8359e+05   3.82e-22
  3.9113e+05   3.53e-22
  3.9881e+05   3.30e-22
  4.0664e+05   3.07e-22
  4.1463e+05   2.86e-22
  4.2278e+05   2.65e-22
  4.3108e+05   2.45e-22
  4.3955e+05   2.26e-22
  4.4818e+05   2.11e-22
  4.5699e+05   1.96e-22
  4.6596e+05   1.82e-22
  4.7512e+05   1.69e-22
  4.8445e+05   1.56e-22
  4.9397e+05   1.44e-22
  5.0367e+05   1.34e-22
  5.1356e+05   1.25e-22
  5.2365e+05   1.16e-22
  5.3394e+05   1.07e-22
  5.4443e+05   9.87e-23
  5.5512e+05   9.12e-23
  5.6603e+05   8.50e-23
  5.7715e+05   7.90e-23
  5.8848e+05   7.32e-23
  6.0004e+05   6.77e-23
  6.1183e+05   6.24e-23
  6.2385e+05   5.77e-23
  6.3610e+05   5.37e-23
  6.4860e+05   4.98e-23
  6.6134e+05   4.61e-23
  6.7433e+05   4.26e-23
  6.8758e+05   3.91e-23
  7.0108e+05   3.62e-23
  7.1486e+05   3.38e-23
  7.2890e+05   3.14e-23
  7.4322e+05   2.91e-23
  7.5782e+05   2.69e-23
  7.7270e+05   2.48e-23
  7.8788e+05   2.31e-23
  8.0336e+05   2.16e-23
  8.1914e+05   2.02e-23
  8.3523e+05   1.88e-23
  8.5164e+05   1.75e-23
  8.6837e+05   1.63e-23
  8.8542e+05   1.53e-23
  9.0282e+05   1.45e-23
  9.2055e+05   1.37e-23
  9.3863e+05   1.30e-23
  9.5707e+05   1.22e-23
  9.7587e+05   1.15e-23
  9.9504e+05   1.10e-23
  1.0146e+06   1.06e-23
  1.0345e+06   1.02e-23
  1.0548e+06   9.74e-24
  1.0756e+06   9.33e-24
  1.0967e+06   8.94e-24
  1.1182e+06   8.67e-24
  1.1402e+06   8.41e-24
  1.1626e+06   8.17e-24
  1.1854e+06   7.93e-24
  1.2087e+06   7.70e-24
  1.2325e+06   7.48e-24
  1.2567e+06   7.31e-24
  1.2814e+06   7.14e-24
  1.3065e+06   6.98e-24
  1.3322e+06   6.82e-24
  1.3584e+06   6.67e-24
  1.3851e+06   6.52e-24
  1.4123e+06   6.38e-24
  1.4400e+06   6.24e-24
