#  E [GeV]   # per interaction  [GeV^{-1}]
  3.0000e+01   1.34e+00
  3.1232e+01   1.28e+00
  3.2514e+01   1.22e+00
  3.3849e+01   1.16e+00
  3.5238e+01   1.11e+00
  3.6685e+01   1.06e+00
  3.8191e+01   1.01e+00
  3.9759e+01   9.58e-01
  4.1391e+01   9.12e-01
  4.3090e+01   8.68e-01
  4.4859e+01   8.26e-01
  4.6701e+01   7.86e-01
  4.8618e+01   7.48e-01
  5.0614e+01   7.11e-01
  5.2692e+01   6.76e-01
  5.4855e+01   6.43e-01
  5.7107e+01   6.11e-01
  5.9451e+01   5.81e-01
  6.1892e+01   5.52e-01
  6.4433e+01   5.25e-01
  6.7078e+01   4.98e-01
  6.9832e+01   4.73e-01
  7.2699e+01   4.49e-01
  7.5683e+01   4.26e-01
  7.8790e+01   4.05e-01
  8.2025e+01   3.84e-01
  8.5392e+01   3.64e-01
  8.8898e+01   3.46e-01
  9.2547e+01   3.28e-01
  9.6347e+01   3.11e-01
  1.0030e+02   2.95e-01
  1.0442e+02   2.79e-01
  1.0871e+02   2.64e-01
  1.1317e+02   2.50e-01
  1.1782e+02   2.37e-01
  1.2265e+02   2.25e-01
  1.2769e+02   2.13e-01
  1.3293e+02   2.01e-01
  1.3839e+02   1.90e-01
  1.4407e+02   1.80e-01
  1.4998e+02   1.70e-01
  1.5614e+02   1.61e-01
  1.6255e+02   1.52e-01
  1.6922e+02   1.44e-01
  1.7617e+02   1.36e-01
  1.8340e+02   1.28e-01
  1.9093e+02   1.21e-01
  1.9877e+02   1.14e-01
  2.0693e+02   1.07e-01
  2.1543e+02   1.01e-01
  2.2427e+02   9.53e-02
  2.3348e+02   8.97e-02
  2.4306e+02   8.44e-02
  2.5304e+02   7.94e-02
  2.6343e+02   7.47e-02
  2.7424e+02   7.02e-02
  2.8550e+02   6.59e-02
  2.9722e+02   6.18e-02
  3.0942e+02   5.80e-02
  3.2213e+02   5.44e-02
  3.3535e+02   5.09e-02
  3.4912e+02   4.77e-02
  3.6345e+02   4.46e-02
  3.7837e+02   4.17e-02
  3.9390e+02   3.90e-02
  4.1008e+02   3.64e-02
  4.2691e+02   3.40e-02
  4.4444e+02   3.17e-02
  4.6268e+02   2.95e-02
  4.8168e+02   2.75e-02
  5.0145e+02   2.56e-02
  5.2204e+02   2.38e-02
  5.4347e+02   2.21e-02
  5.6578e+02   2.06e-02
  5.8901e+02   1.91e-02
  6.1319e+02   1.77e-02
  6.3836e+02   1.64e-02
  6.6457e+02   1.52e-02
  6.9185e+02   1.41e-02
  7.2025e+02   1.31e-02
  7.4982e+02   1.21e-02
  7.8061e+02   1.12e-02
  8.1265e+02   1.03e-02
  8.4601e+02   9.54e-03
  8.8075e+02   8.81e-03
  9.1690e+02   8.14e-03
  9.5455e+02   7.51e-03
  9.9373e+02   6.93e-03
  1.0345e+03   6.39e-03
  1.0770e+03   5.89e-03
  1.1212e+03   5.43e-03
  1.1672e+03   5.00e-03
  1.2152e+03   4.61e-03
  1.2650e+03   4.25e-03
  1.3170e+03   3.91e-03
  1.3711e+03   3.60e-03
  1.4273e+03   3.32e-03
  1.4859e+03   3.06e-03
  1.5469e+03   2.82e-03
  1.6104e+03   2.60e-03
  1.6766e+03   2.39e-03
  1.7454e+03   2.21e-03
  1.8170e+03   2.03e-03
  1.8916e+03   1.87e-03
  1.9693e+03   1.72e-03
  2.0501e+03   1.59e-03
  2.1343e+03   1.46e-03
  2.2219e+03   1.34e-03
  2.3131e+03   1.23e-03
  2.4081e+03   1.13e-03
  2.5070e+03   1.04e-03
  2.6099e+03   9.50e-04
  2.7170e+03   8.70e-04
  2.8286e+03   7.96e-04
  2.9447e+03   7.27e-04
  3.0656e+03   6.63e-04
  3.1914e+03   6.05e-04
  3.3225e+03   5.50e-04
  3.4589e+03   5.00e-04
  3.6008e+03   4.54e-04
  3.7487e+03   4.11e-04
  3.9026e+03   3.71e-04
  4.0628e+03   3.35e-04
  4.2296e+03   3.02e-04
  4.4032e+03   2.71e-04
  4.5840e+03   2.43e-04
  4.7722e+03   2.17e-04
  4.9681e+03   1.94e-04
  5.1720e+03   1.72e-04
  5.3844e+03   1.53e-04
  5.6054e+03   1.35e-04
  5.8355e+03   1.19e-04
  6.0751e+03   1.04e-04
  6.3245e+03   9.15e-05
  6.5841e+03   7.96e-05
  6.8544e+03   6.90e-05
  7.1358e+03   5.97e-05
  7.4288e+03   5.13e-05
  7.7338e+03   4.38e-05
  8.0513e+03   3.73e-05
  8.3818e+03   3.15e-05
  8.7259e+03   2.65e-05
  9.0841e+03   2.21e-05
  9.4571e+03   1.82e-05
  9.8453e+03   1.50e-05
  1.0249e+04   1.22e-05
  1.0670e+04   9.80e-06
  1.1108e+04   7.85e-06
  1.1564e+04   6.20e-06
  1.2039e+04   4.80e-06
  1.2533e+04   3.71e-06
  1.3048e+04   2.81e-06
  1.3584e+04   2.08e-06
  1.4141e+04   1.53e-06
  1.4722e+04   1.10e-06
  1.5326e+04   7.64e-07
  1.5955e+04   5.25e-07
  1.6610e+04   3.47e-07
  1.7292e+04   2.22e-07
  1.8002e+04   1.38e-07
  1.8741e+04   8.09e-08
  1.9511e+04   4.56e-08
  2.0312e+04   2.44e-08
  2.1145e+04   1.21e-08
  2.2013e+04   5.60e-09
  2.2917e+04   2.38e-09
  2.3858e+04   8.96e-10
  2.4837e+04   3.05e-10
  2.5857e+04   8.90e-11
  2.6919e+04   2.15e-11
  2.8024e+04   4.33e-12
  2.9174e+04   6.69e-13
  3.0372e+04   7.53e-14
  3.1619e+04   5.99e-15
  3.2917e+04   2.97e-16
  3.4268e+04   8.28e-18
  3.5675e+04   1.16e-19
  3.7140e+04   6.60e-22
  3.8664e+04   1.21e-24
  4.0252e+04   5.37e-28
  4.1904e+04   3.66e-32
  4.3624e+04   2.26e-37
  4.5415e+04   5.94e-44
  4.7280e+04   1.92e-47
  4.9221e+04   1.68e-47
  5.1241e+04   1.48e-47
  5.3345e+04   1.29e-47
  5.5535e+04   1.15e-47
  5.7815e+04   1.03e-47
  6.0188e+04   9.10e-48
  6.2659e+04   8.19e-48
  6.5232e+04   7.34e-48
  6.7910e+04   6.56e-48
  7.0698e+04   5.88e-48
  7.3600e+04   5.25e-48
  7.6621e+04   4.65e-48
  7.9767e+04   4.09e-48
  8.3042e+04   3.56e-48
  8.6451e+04   3.09e-48
  9.0000e+04   2.69e-48
