#  E [MeV]   Flux [# cm^{-2} s^{-1}  MeV^{-1}]
  3.0000e+04   1.34e-25
  3.1232e+04   1.28e-25
  3.2514e+04   1.22e-25
  3.3849e+04   1.16e-25
  3.5238e+04   1.11e-25
  3.6685e+04   1.05e-25
  3.8191e+04   1.01e-25
  3.9759e+04   9.58e-26
  4.1391e+04   9.12e-26
  4.3090e+04   8.69e-26
  4.4859e+04   8.28e-26
  4.6701e+04   7.88e-26
  4.8618e+04   7.50e-26
  5.0614e+04   7.14e-26
  5.2692e+04   6.80e-26
  5.4855e+04   6.47e-26
  5.7107e+04   6.15e-26
  5.9451e+04   5.85e-26
  6.1892e+04   5.56e-26
  6.4433e+04   5.29e-26
  6.7078e+04   5.03e-26
  6.9832e+04   4.78e-26
  7.2699e+04   4.54e-26
  7.5683e+04   4.31e-26
  7.8790e+04   4.09e-26
  8.2025e+04   3.89e-26
  8.5392e+04   3.69e-26
  8.8898e+04   3.50e-26
  9.2547e+04   3.32e-26
  9.6347e+04   3.15e-26
  1.0030e+05   2.99e-26
  1.0442e+05   2.83e-26
  1.0871e+05   2.68e-26
  1.1317e+05   2.54e-26
  1.1782e+05   2.41e-26
  1.2265e+05   2.28e-26
  1.2769e+05   2.16e-26
  1.3293e+05   2.04e-26
  1.3839e+05   1.93e-26
  1.4407e+05   1.83e-26
  1.4998e+05   1.73e-26
  1.5614e+05   1.63e-26
  1.6255e+05   1.54e-26
  1.6922e+05   1.46e-26
  1.7617e+05   1.37e-26
  1.8340e+05   1.30e-26
  1.9093e+05   1.22e-26
  1.9877e+05   1.15e-26
  2.0693e+05   1.08e-26
  2.1543e+05   1.02e-26
  2.2427e+05   9.59e-27
  2.3348e+05   9.02e-27
  2.4306e+05   8.47e-27
  2.5304e+05   7.95e-27
  2.6343e+05   7.46e-27
  2.7424e+05   6.99e-27
  2.8550e+05   6.55e-27
  2.9722e+05   6.13e-27
  3.0942e+05   5.73e-27
  3.2213e+05   5.36e-27
  3.3535e+05   5.00e-27
  3.4912e+05   4.66e-27
  3.6345e+05   4.35e-27
  3.7837e+05   4.05e-27
  3.9390e+05   3.76e-27
  4.1008e+05   3.50e-27
  4.2691e+05   3.25e-27
  4.4444e+05   3.01e-27
  4.6268e+05   2.79e-27
  4.8168e+05   2.58e-27
  5.0145e+05   2.39e-27
  5.2204e+05   2.21e-27
  5.4347e+05   2.04e-27
  5.6578e+05   1.88e-27
  5.8901e+05   1.73e-27
  6.1319e+05   1.60e-27
  6.3836e+05   1.47e-27
  6.6457e+05   1.35e-27
  6.9185e+05   1.24e-27
  7.2025e+05   1.14e-27
  7.4982e+05   1.04e-27
  7.8061e+05   9.59e-28
  8.1265e+05   8.79e-28
  8.4601e+05   8.05e-28
  8.8075e+05   7.38e-28
  9.1690e+05   6.76e-28
  9.5455e+05   6.19e-28
  9.9373e+05   5.67e-28
  1.0345e+06   5.19e-28
  1.0770e+06   4.75e-28
  1.1212e+06   4.35e-28
  1.1672e+06   3.98e-28
  1.2152e+06   3.65e-28
  1.2650e+06   3.34e-28
  1.3170e+06   3.06e-28
  1.3711e+06   2.80e-28
  1.4273e+06   2.56e-28
  1.4859e+06   2.34e-28
  1.5469e+06   2.15e-28
  1.6104e+06   1.97e-28
  1.6766e+06   1.80e-28
  1.7454e+06   1.65e-28
  1.8170e+06   1.51e-28
  1.8916e+06   1.38e-28
  1.9693e+06   1.26e-28
  2.0501e+06   1.15e-28
  2.1343e+06   1.05e-28
  2.2219e+06   9.58e-29
  2.3131e+06   8.73e-29
  2.4081e+06   7.95e-29
  2.5070e+06   7.24e-29
  2.6099e+06   6.58e-29
  2.7170e+06   5.98e-29
  2.8286e+06   5.43e-29
  2.9447e+06   4.92e-29
  3.0656e+06   4.45e-29
  3.1914e+06   4.03e-29
  3.3225e+06   3.63e-29
  3.4589e+06   3.27e-29
  3.6008e+06   2.94e-29
  3.7487e+06   2.64e-29
  3.9026e+06   2.37e-29
  4.0628e+06   2.11e-29
  4.2296e+06   1.88e-29
  4.4032e+06   1.68e-29
  4.5840e+06   1.49e-29
  4.7722e+06   1.31e-29
  4.9681e+06   1.16e-29
  5.1720e+06   1.02e-29
  5.3844e+06   8.90e-30
  5.6054e+06   7.78e-30
  5.8355e+06   6.75e-30
  6.0751e+06   5.85e-30
  6.3245e+06   5.05e-30
  6.5841e+06   4.33e-30
  6.8544e+06   3.70e-30
  7.1358e+06   3.15e-30
  7.4288e+06   2.65e-30
  7.7338e+06   2.23e-30
  8.0513e+06   1.86e-30
  8.3818e+06   1.54e-30
  8.7259e+06   1.27e-30
  9.0841e+06   1.03e-30
  9.4571e+06   8.31e-31
  9.8453e+06   6.69e-31
  1.0249e+07   5.29e-31
  1.0670e+07   4.13e-31
  1.1108e+07   3.21e-31
  1.1564e+07   2.44e-31
  1.2039e+07   1.83e-31
  1.2533e+07   1.36e-31
  1.3048e+07   9.80e-32
  1.3584e+07   6.95e-32
  1.4141e+07   4.84e-32
  1.4722e+07   3.26e-32
  1.5326e+07   2.14e-32
  1.5955e+07   1.36e-32
  1.6610e+07   8.28e-33
  1.7292e+07   4.87e-33
  1.8002e+07   2.72e-33
  1.8741e+07   1.43e-33
  1.9511e+07   7.13e-34
  2.0312e+07   3.29e-34
  2.1145e+07   1.38e-34
  2.2013e+07   5.36e-35
  2.2917e+07   1.83e-35
  2.3858e+07   5.44e-36
  2.4837e+07   1.40e-36
  2.5857e+07   2.95e-37
  2.6919e+07   4.95e-38
  2.8024e+07   6.42e-39
  2.9174e+07   5.95e-40
  3.0372e+07   3.72e-41
  3.1619e+07   1.45e-42
  3.2917e+07   3.10e-44
  3.4268e+07   3.22e-46
  3.5675e+07   1.36e-48
  3.7140e+07   1.83e-51
  3.8664e+07   5.95e-55
  4.0252e+07   3.14e-59
  4.1904e+07   1.60e-64
  4.3624e+07   4.01e-71
  4.5415e+07   3.45e-72
  4.7280e+07   3.10e-72
  4.9221e+07   2.82e-72
  5.1241e+07   2.56e-72
  5.3345e+07   2.32e-72
  5.5535e+07   2.12e-72
  5.7815e+07   1.93e-72
  6.0188e+07   1.76e-72
  6.2659e+07   1.62e-72
  6.5232e+07   1.48e-72
  6.7910e+07   1.35e-72
  7.0698e+07   1.23e-72
  7.3600e+07   1.12e-72
  7.6621e+07   1.01e-72
  7.9767e+07   9.00e-73
  8.3042e+07   8.00e-73
  8.6451e+07   7.21e-73
  9.0000e+07   6.54e-73
