#  E [MeV]   Flux [# cm^{-2} s^{-1}  MeV^{-1}]
  3.0000e+04   7.30e-27
  3.1141e+04   7.02e-27
  3.2326e+04   6.76e-27
  3.3556e+04   6.50e-27
  3.4832e+04   6.26e-27
  3.6157e+04   6.02e-27
  3.7533e+04   5.79e-27
  3.8961e+04   5.56e-27
  4.0443e+04   5.34e-27
  4.1982e+04   5.14e-27
  4.3579e+04   4.93e-27
  4.5237e+04   4.74e-27
  4.6958e+04   4.55e-27
  4.8744e+04   4.37e-27
  5.0598e+04   4.19e-27
  5.2523e+04   4.03e-27
  5.4521e+04   3.86e-27
  5.6596e+04   3.71e-27
  5.8749e+04   3.55e-27
  6.0984e+04   3.41e-27
  6.3304e+04   3.27e-27
  6.5712e+04   3.13e-27
  6.8212e+04   3.00e-27
  7.0807e+04   2.88e-27
  7.3500e+04   2.76e-27
  7.6297e+04   2.64e-27
  7.9199e+04   2.53e-27
  8.2212e+04   2.42e-27
  8.5340e+04   2.32e-27
  8.8586e+04   2.22e-27
  9.1956e+04   2.12e-27
  9.5455e+04   2.03e-27
  9.9086e+04   1.94e-27
  1.0286e+05   1.86e-27
  1.0677e+05   1.78e-27
  1.1083e+05   1.70e-27
  1.1505e+05   1.62e-27
  1.1942e+05   1.55e-27
  1.2397e+05   1.48e-27
  1.2868e+05   1.41e-27
  1.3358e+05   1.35e-27
  1.3866e+05   1.29e-27
  1.4394e+05   1.23e-27
  1.4941e+05   1.17e-27
  1.5509e+05   1.12e-27
  1.6100e+05   1.07e-27
  1.6712e+05   1.02e-27
  1.7348e+05   9.72e-28
  1.8008e+05   9.27e-28
  1.8693e+05   8.84e-28
  1.9404e+05   8.42e-28
  2.0142e+05   8.03e-28
  2.0908e+05   7.65e-28
  2.1704e+05   7.29e-28
  2.2529e+05   6.94e-28
  2.3387e+05   6.61e-28
  2.4276e+05   6.29e-28
  2.5200e+05   5.99e-28
  2.6158e+05   5.70e-28
  2.7154e+05   5.43e-28
  2.8187e+05   5.17e-28
  2.9259e+05   4.92e-28
  3.0372e+05   4.68e-28
  3.1527e+05   4.45e-28
  3.2727e+05   4.23e-28
  3.3972e+05   4.03e-28
  3.5264e+05   3.83e-28
  3.6606e+05   3.64e-28
  3.7998e+05   3.46e-28
  3.9444e+05   3.30e-28
  4.0945e+05   3.14e-28
  4.2502e+05   2.98e-28
  4.4119e+05   2.84e-28
  4.5798e+05   2.70e-28
  4.7540e+05   2.57e-28
  4.9348e+05   2.44e-28
  5.1226e+05   2.32e-28
  5.3175e+05   2.21e-28
  5.5198e+05   2.10e-28
  5.7297e+05   2.00e-28
  5.9477e+05   1.90e-28
  6.1740e+05   1.81e-28
  6.4089e+05   1.73e-28
  6.6527e+05   1.65e-28
  6.9058e+05   1.57e-28
  7.1685e+05   1.50e-28
  7.4412e+05   1.43e-28
  7.7243e+05   1.36e-28
  8.0181e+05   1.30e-28
  8.3232e+05   1.24e-28
  8.6398e+05   1.19e-28
  8.9685e+05   1.14e-28
  9.3097e+05   1.09e-28
  9.6638e+05   1.04e-28
  1.0031e+06   9.97e-29
  1.0413e+06   9.55e-29
  1.0809e+06   9.16e-29
  1.1220e+06   8.79e-29
  1.1647e+06   8.44e-29
  1.2090e+06   8.10e-29
  1.2550e+06   7.79e-29
  1.3028e+06   7.49e-29
  1.3523e+06   7.21e-29
  1.4038e+06   6.94e-29
  1.4572e+06   6.69e-29
  1.5126e+06   6.44e-29
  1.5702e+06   6.21e-29
  1.6299e+06   5.99e-29
  1.6919e+06   5.78e-29
  1.7563e+06   5.58e-29
  1.8231e+06   5.39e-29
  1.8925e+06   5.21e-29
  1.9645e+06   5.03e-29
  2.0392e+06   4.86e-29
  2.1168e+06   4.70e-29
  2.1973e+06   4.55e-29
  2.2809e+06   4.40e-29
  2.3677e+06   4.25e-29
  2.4577e+06   4.11e-29
  2.5512e+06   3.98e-29
  2.6483e+06   3.84e-29
  2.7490e+06   3.72e-29
  2.8536e+06   3.59e-29
  2.9622e+06   3.47e-29
  3.0749e+06   3.35e-29
  3.1918e+06   3.23e-29
  3.3133e+06   3.12e-29
  3.4393e+06   3.00e-29
  3.5702e+06   2.89e-29
  3.7060e+06   2.78e-29
  3.8470e+06   2.68e-29
  3.9933e+06   2.57e-29
  4.1452e+06   2.47e-29
  4.3029e+06   2.37e-29
  4.4666e+06   2.27e-29
  4.6366e+06   2.17e-29
  4.8129e+06   2.08e-29
  4.9960e+06   1.98e-29
  5.1861e+06   1.89e-29
  5.3834e+06   1.80e-29
  5.5882e+06   1.71e-29
  5.8008e+06   1.62e-29
  6.0215e+06   1.53e-29
  6.2506e+06   1.44e-29
  6.4883e+06   1.36e-29
  6.7352e+06   1.28e-29
  6.9914e+06   1.20e-29
  7.2574e+06   1.12e-29
  7.5335e+06   1.04e-29
  7.8201e+06   9.66e-30
  8.1176e+06   8.94e-30
  8.4264e+06   8.24e-30
  8.7470e+06   7.57e-30
  9.0797e+06   6.92e-30
  9.4251e+06   6.30e-30
  9.7837e+06   5.70e-30
  1.0156e+07   5.13e-30
  1.0542e+07   4.59e-30
  1.0943e+07   4.08e-30
  1.1360e+07   3.59e-30
  1.1792e+07   3.15e-30
  1.2240e+07   2.73e-30
  1.2706e+07   2.35e-30
  1.3189e+07   2.00e-30
  1.3691e+07   1.68e-30
  1.4212e+07   1.40e-30
  1.4753e+07   1.15e-30
  1.5314e+07   9.25e-31
  1.5897e+07   7.34e-31
  1.6501e+07   5.71e-31
  1.7129e+07   4.35e-31
  1.7781e+07   3.24e-31
  1.8457e+07   2.34e-31
  1.9159e+07   1.65e-31
  1.9888e+07   1.11e-31
  2.0645e+07   7.23e-32
  2.1430e+07   4.49e-32
  2.2245e+07   2.64e-32
  2.3092e+07   1.46e-32
  2.3970e+07   7.55e-33
  2.4882e+07   3.59e-33
  2.5829e+07   1.55e-33
  2.6811e+07   5.97e-34
  2.7831e+07   2.02e-34
  2.8890e+07   5.83e-35
  2.9989e+07   1.39e-35
  3.1130e+07   2.65e-36
  3.2314e+07   3.85e-37
  3.3544e+07   3.99e-38
  3.4820e+07   2.76e-39
  3.6144e+07   1.17e-40
  3.7519e+07   2.66e-42
  3.8947e+07   2.81e-44
  4.0428e+07   1.15e-46
  4.1966e+07   1.38e-49
  4.3563e+07   3.49e-53
  4.5220e+07   1.23e-57
  4.6941e+07   3.21e-63
  4.8726e+07   2.81e-70
  5.0580e+07   2.40e-71
