#  E [MeV]   Flux [# cm^{-2} s^{-1}  MeV^{-1}]
  3.0000e+04   4.45e-26
  3.1232e+04   4.26e-26
  3.2514e+04   4.07e-26
  3.3849e+04   3.89e-26
  3.5238e+04   3.72e-26
  3.6685e+04   3.55e-26
  3.8191e+04   3.39e-26
  3.9759e+04   3.24e-26
  4.1391e+04   3.10e-26
  4.3090e+04   2.96e-26
  4.4859e+04   2.82e-26
  4.6701e+04   2.70e-26
  4.8618e+04   2.57e-26
  5.0614e+04   2.46e-26
  5.2692e+04   2.35e-26
  5.4855e+04   2.24e-26
  5.7107e+04   2.14e-26
  5.9451e+04   2.04e-26
  6.1892e+04   1.95e-26
  6.4433e+04   1.86e-26
  6.7078e+04   1.77e-26
  6.9832e+04   1.69e-26
  7.2699e+04   1.61e-26
  7.5683e+04   1.53e-26
  7.8790e+04   1.46e-26
  8.2025e+04   1.39e-26
  8.5392e+04   1.33e-26
  8.8898e+04   1.27e-26
  9.2547e+04   1.21e-26
  9.6347e+04   1.15e-26
  1.0030e+05   1.09e-26
  1.0442e+05   1.04e-26
  1.0871e+05   9.91e-27
  1.1317e+05   9.43e-27
  1.1782e+05   8.97e-27
  1.2265e+05   8.53e-27
  1.2769e+05   8.11e-27
  1.3293e+05   7.71e-27
  1.3839e+05   7.32e-27
  1.4407e+05   6.95e-27
  1.4998e+05   6.60e-27
  1.5614e+05   6.26e-27
  1.6255e+05   5.94e-27
  1.6922e+05   5.63e-27
  1.7617e+05   5.33e-27
  1.8340e+05   5.05e-27
  1.9093e+05   4.78e-27
  1.9877e+05   4.52e-27
  2.0693e+05   4.27e-27
  2.1543e+05   4.04e-27
  2.2427e+05   3.81e-27
  2.3348e+05   3.60e-27
  2.4306e+05   3.39e-27
  2.5304e+05   3.20e-27
  2.6343e+05   3.01e-27
  2.7424e+05   2.83e-27
  2.8550e+05   2.66e-27
  2.9722e+05   2.49e-27
  3.0942e+05   2.34e-27
  3.2213e+05   2.19e-27
  3.3535e+05   2.05e-27
  3.4912e+05   1.91e-27
  3.6345e+05   1.79e-27
  3.7837e+05   1.67e-27
  3.9390e+05   1.55e-27
  4.1008e+05   1.44e-27
  4.2691e+05   1.34e-27
  4.4444e+05   1.25e-27
  4.6268e+05   1.16e-27
  4.8168e+05   1.07e-27
  5.0145e+05   9.91e-28
  5.2204e+05   9.16e-28
  5.4347e+05   8.46e-28
  5.6578e+05   7.81e-28
  5.8901e+05   7.19e-28
  6.1319e+05   6.62e-28
  6.3836e+05   6.10e-28
  6.6457e+05   5.60e-28
  6.9185e+05   5.15e-28
  7.2025e+05   4.73e-28
  7.4982e+05   4.34e-28
  7.8061e+05   3.98e-28
  8.1265e+05   3.65e-28
  8.4601e+05   3.35e-28
  8.8075e+05   3.07e-28
  9.1690e+05   2.81e-28
  9.5455e+05   2.57e-28
  9.9373e+05   2.36e-28
  1.0345e+06   2.16e-28
  1.0770e+06   1.98e-28
  1.1212e+06   1.81e-28
  1.1672e+06   1.66e-28
  1.2152e+06   1.52e-28
  1.2650e+06   1.39e-28
  1.3170e+06   1.28e-28
  1.3711e+06   1.17e-28
  1.4273e+06   1.07e-28
  1.4859e+06   9.86e-29
  1.5469e+06   9.04e-29
  1.6104e+06   8.30e-29
  1.6766e+06   7.61e-29
  1.7454e+06   6.98e-29
  1.8170e+06   6.41e-29
  1.8916e+06   5.88e-29
  1.9693e+06   5.39e-29
  2.0501e+06   4.94e-29
  2.1343e+06   4.53e-29
  2.2219e+06   4.15e-29
  2.3131e+06   3.80e-29
  2.4081e+06   3.48e-29
  2.5070e+06   3.18e-29
  2.6099e+06   2.91e-29
  2.7170e+06   2.66e-29
  2.8286e+06   2.42e-29
  2.9447e+06   2.21e-29
  3.0656e+06   2.01e-29
  3.1914e+06   1.83e-29
  3.3225e+06   1.66e-29
  3.4589e+06   1.50e-29
  3.6008e+06   1.36e-29
  3.7487e+06   1.23e-29
  3.9026e+06   1.11e-29
  4.0628e+06   9.95e-30
  4.2296e+06   8.92e-30
  4.4032e+06   7.99e-30
  4.5840e+06   7.13e-30
  4.7722e+06   6.34e-30
  4.9681e+06   5.63e-30
  5.1720e+06   4.98e-30
  5.3844e+06   4.39e-30
  5.6054e+06   3.86e-30
  5.8355e+06   3.37e-30
  6.0751e+06   2.94e-30
  6.3245e+06   2.55e-30
  6.5841e+06   2.19e-30
  6.8544e+06   1.88e-30
  7.1358e+06   1.61e-30
  7.4288e+06   1.36e-30
  7.7338e+06   1.15e-30
  8.0513e+06   9.59e-31
  8.3818e+06   7.94e-31
  8.7259e+06   6.54e-31
  9.0841e+06   5.32e-31
  9.4571e+06   4.28e-31
  9.8453e+06   3.41e-31
  1.0249e+07   2.68e-31
  1.0670e+07   2.08e-31
  1.1108e+07   1.59e-31
  1.1564e+07   1.19e-31
  1.2039e+07   8.80e-32
  1.2533e+07   6.37e-32
  1.3048e+07   4.48e-32
  1.3584e+07   3.09e-32
  1.4141e+07   2.07e-32
  1.4722e+07   1.33e-32
  1.5326e+07   8.33e-33
  1.5955e+07   4.99e-33
  1.6610e+07   2.84e-33
  1.7292e+07   1.54e-33
  1.8002e+07   7.86e-34
  1.8741e+07   3.72e-34
  1.9511e+07   1.64e-34
  2.0312e+07   6.55e-35
  2.1145e+07   2.35e-35
  2.2013e+07   7.49e-36
  2.2917e+07   2.06e-36
  2.3858e+07   4.76e-37
  2.4837e+07   9.08e-38
  2.5857e+07   1.36e-38
  2.6919e+07   1.54e-39
  2.8024e+07   1.25e-40
  2.9174e+07   6.75e-42
  3.0372e+07   2.26e-43
  3.1619e+07   4.18e-45
  3.2917e+07   3.75e-47
  3.4268e+07   1.41e-49
  3.5675e+07   1.77e-52
  3.7140e+07   5.67e-56
  3.8664e+07   3.36e-60
  4.0252e+07   2.31e-65
  4.1904e+07   1.22e-71
  4.3624e+07   1.16e-71
  4.5415e+07   1.11e-71
  4.7280e+07   1.06e-71
  4.9221e+07   1.03e-71
  5.1241e+07   9.98e-72
  5.3345e+07   9.80e-72
  5.5535e+07   9.81e-72
  5.7815e+07   9.80e-72
  6.0188e+07   1.00e-71
  6.2659e+07   1.04e-71
  6.5232e+07   1.08e-71
  6.7910e+07   1.19e-71
  7.0698e+07   1.33e-71
  7.3600e+07   1.45e-71
  7.6621e+07   2.00e-71
  7.9767e+07   2.60e-71
  8.3042e+07   3.14e-71
  8.6451e+07   4.48e-71
  9.0000e+07   5.75e-71
