#  E [MeV]   Flux [# cm^{-2} s^{-1}  MeV^{-1}]
  3.0000e+04   6.52e-26
  3.1232e+04   6.24e-26
  3.2514e+04   5.97e-26
  3.3849e+04   5.71e-26
  3.5238e+04   5.46e-26
  3.6685e+04   5.22e-26
  3.8191e+04   5.00e-26
  3.9759e+04   4.78e-26
  4.1391e+04   4.57e-26
  4.3090e+04   4.37e-26
  4.4859e+04   4.18e-26
  4.6701e+04   3.99e-26
  4.8618e+04   3.82e-26
  5.0614e+04   3.65e-26
  5.2692e+04   3.49e-26
  5.4855e+04   3.34e-26
  5.7107e+04   3.19e-26
  5.9451e+04   3.05e-26
  6.1892e+04   2.91e-26
  6.4433e+04   2.78e-26
  6.7078e+04   2.66e-26
  6.9832e+04   2.54e-26
  7.2699e+04   2.43e-26
  7.5683e+04   2.32e-26
  7.8790e+04   2.21e-26
  8.2025e+04   2.11e-26
  8.5392e+04   2.02e-26
  8.8898e+04   1.93e-26
  9.2547e+04   1.84e-26
  9.6347e+04   1.76e-26
  1.0030e+05   1.68e-26
  1.0442e+05   1.60e-26
  1.0871e+05   1.52e-26
  1.1317e+05   1.45e-26
  1.1782e+05   1.39e-26
  1.2265e+05   1.32e-26
  1.2769e+05   1.26e-26
  1.3293e+05   1.20e-26
  1.3839e+05   1.15e-26
  1.4407e+05   1.09e-26
  1.4998e+05   1.04e-26
  1.5614e+05   9.89e-27
  1.6255e+05   9.41e-27
  1.6922e+05   8.95e-27
  1.7617e+05   8.51e-27
  1.8340e+05   8.09e-27
  1.9093e+05   7.69e-27
  1.9877e+05   7.31e-27
  2.0693e+05   6.94e-27
  2.1543e+05   6.58e-27
  2.2427e+05   6.24e-27
  2.3348e+05   5.92e-27
  2.4306e+05   5.61e-27
  2.5304e+05   5.31e-27
  2.6343e+05   5.03e-27
  2.7424e+05   4.76e-27
  2.8550e+05   4.50e-27
  2.9722e+05   4.25e-27
  3.0942e+05   4.01e-27
  3.2213e+05   3.78e-27
  3.3535e+05   3.57e-27
  3.4912e+05   3.36e-27
  3.6345e+05   3.16e-27
  3.7837e+05   2.97e-27
  3.9390e+05   2.79e-27
  4.1008e+05   2.62e-27
  4.2691e+05   2.46e-27
  4.4444e+05   2.31e-27
  4.6268e+05   2.16e-27
  4.8168e+05   2.02e-27
  5.0145e+05   1.89e-27
  5.2204e+05   1.77e-27
  5.4347e+05   1.65e-27
  5.6578e+05   1.54e-27
  5.8901e+05   1.43e-27
  6.1319e+05   1.34e-27
  6.3836e+05   1.24e-27
  6.6457e+05   1.16e-27
  6.9185e+05   1.08e-27
  7.2025e+05   9.99e-28
  7.4982e+05   9.27e-28
  7.8061e+05   8.60e-28
  8.1265e+05   7.98e-28
  8.4601e+05   7.39e-28
  8.8075e+05   6.85e-28
  9.1690e+05   6.35e-28
  9.5455e+05   5.87e-28
  9.9373e+05   5.44e-28
  1.0345e+06   5.03e-28
  1.0770e+06   4.65e-28
  1.1212e+06   4.30e-28
  1.1672e+06   3.98e-28
  1.2152e+06   3.67e-28
  1.2650e+06   3.39e-28
  1.3170e+06   3.13e-28
  1.3711e+06   2.89e-28
  1.4273e+06   2.67e-28
  1.4859e+06   2.47e-28
  1.5469e+06   2.28e-28
  1.6104e+06   2.10e-28
  1.6766e+06   1.94e-28
  1.7454e+06   1.79e-28
  1.8170e+06   1.65e-28
  1.8916e+06   1.52e-28
  1.9693e+06   1.40e-28
  2.0501e+06   1.29e-28
  2.1343e+06   1.19e-28
  2.2219e+06   1.09e-28
  2.3131e+06   1.00e-28
  2.4081e+06   9.21e-29
  2.5070e+06   8.45e-29
  2.6099e+06   7.75e-29
  2.7170e+06   7.10e-29
  2.8286e+06   6.50e-29
  2.9447e+06   5.94e-29
  3.0656e+06   5.43e-29
  3.1914e+06   4.96e-29
  3.3225e+06   4.52e-29
  3.4589e+06   4.11e-29
  3.6008e+06   3.74e-29
  3.7487e+06   3.39e-29
  3.9026e+06   3.07e-29
  4.0628e+06   2.78e-29
  4.2296e+06   2.51e-29
  4.4032e+06   2.27e-29
  4.5840e+06   2.04e-29
  4.7722e+06   1.83e-29
  4.9681e+06   1.64e-29
  5.1720e+06   1.47e-29
  5.3844e+06   1.31e-29
  5.6054e+06   1.16e-29
  5.8355e+06   1.03e-29
  6.0751e+06   9.13e-30
  6.3245e+06   8.07e-30
  6.5841e+06   7.10e-30
  6.8544e+06   6.21e-30
  7.1358e+06   5.44e-30
  7.4288e+06   4.73e-30
  7.7338e+06   4.09e-30
  8.0513e+06   3.54e-30
  8.3818e+06   3.04e-30
  8.7259e+06   2.59e-30
  9.0841e+06   2.20e-30
  9.4571e+06   1.86e-30
  9.8453e+06   1.56e-30
  1.0249e+07   1.30e-30
  1.0670e+07   1.07e-30
  1.1108e+07   8.79e-31
  1.1564e+07   7.14e-31
  1.2039e+07   5.71e-31
  1.2533e+07   4.56e-31
  1.3048e+07   3.58e-31
  1.3584e+07   2.75e-31
  1.4141e+07   2.11e-31
  1.4722e+07   1.58e-31
  1.5326e+07   1.15e-31
  1.5955e+07   8.33e-32
  1.6610e+07   5.83e-32
  1.7292e+07   3.96e-32
  1.8002e+07   2.62e-32
  1.8741e+07   1.66e-32
  1.9511e+07   1.01e-32
  2.0312e+07   5.88e-33
  2.1145e+07   3.21e-33
  2.2013e+07   1.65e-33
  2.2917e+07   7.85e-34
  2.3858e+07   3.38e-34
  2.4837e+07   1.32e-34
  2.5857e+07   4.55e-35
  2.6919e+07   1.33e-35
  2.8024e+07   3.29e-36
  2.9174e+07   6.48e-37
  3.0372e+07   9.68e-38
  3.1619e+07   1.06e-38
  3.2917e+07   7.71e-40
  3.4268e+07   3.37e-41
  3.5675e+07   8.02e-43
  3.7140e+07   8.60e-45
  3.8664e+07   3.39e-47
  4.0252e+07   3.79e-50
  4.1904e+07   8.09e-54
  4.3624e+07   2.03e-58
  4.5415e+07   3.10e-64
  4.7280e+07   1.11e-71
  4.9221e+07   2.44e-72
  5.1241e+07   2.10e-72
  5.3345e+07   1.78e-72
  5.5535e+07   1.53e-72
  5.7815e+07   1.33e-72
  6.0188e+07   1.13e-72
  6.2659e+07   9.90e-73
  6.5232e+07   8.64e-73
  6.7910e+07   7.46e-73
  7.0698e+07   6.64e-73
  7.3600e+07   5.89e-73
  7.6621e+07   5.20e-73
  7.9767e+07   4.70e-73
  8.3042e+07   4.22e-73
  8.6451e+07   3.80e-73
  9.0000e+07   3.48e-73
