#  E [GeV]   # per interaction  [GeV^{-1}]
  3.0000e+01   1.00e+00
  3.1051e+01   9.63e-01
  3.2139e+01   9.22e-01
  3.3266e+01   8.84e-01
  3.4432e+01   8.47e-01
  3.5638e+01   8.11e-01
  3.6887e+01   7.77e-01
  3.8180e+01   7.44e-01
  3.9518e+01   7.12e-01
  4.0903e+01   6.81e-01
  4.2336e+01   6.52e-01
  4.3820e+01   6.24e-01
  4.5355e+01   5.97e-01
  4.6945e+01   5.71e-01
  4.8590e+01   5.46e-01
  5.0293e+01   5.22e-01
  5.2055e+01   4.99e-01
  5.3879e+01   4.78e-01
  5.5767e+01   4.56e-01
  5.7722e+01   4.36e-01
  5.9745e+01   4.17e-01
  6.1838e+01   3.98e-01
  6.4005e+01   3.80e-01
  6.6248e+01   3.63e-01
  6.8570e+01   3.47e-01
  7.0973e+01   3.31e-01
  7.3460e+01   3.16e-01
  7.6034e+01   3.02e-01
  7.8699e+01   2.88e-01
  8.1457e+01   2.75e-01
  8.4311e+01   2.62e-01
  8.7266e+01   2.50e-01
  9.0324e+01   2.38e-01
  9.3490e+01   2.27e-01
  9.6766e+01   2.17e-01
  1.0016e+02   2.06e-01
  1.0367e+02   1.97e-01
  1.0730e+02   1.87e-01
  1.1106e+02   1.78e-01
  1.1495e+02   1.70e-01
  1.1898e+02   1.62e-01
  1.2315e+02   1.54e-01
  1.2747e+02   1.46e-01
  1.3193e+02   1.39e-01
  1.3656e+02   1.32e-01
  1.4134e+02   1.26e-01
  1.4629e+02   1.20e-01
  1.5142e+02   1.14e-01
  1.5673e+02   1.08e-01
  1.6222e+02   1.03e-01
  1.6790e+02   9.75e-02
  1.7379e+02   9.25e-02
  1.7988e+02   8.78e-02
  1.8618e+02   8.33e-02
  1.9271e+02   7.89e-02
  1.9946e+02   7.48e-02
  2.0645e+02   7.09e-02
  2.1369e+02   6.71e-02
  2.2117e+02   6.36e-02
  2.2892e+02   6.01e-02
  2.3695e+02   5.69e-02
  2.4525e+02   5.38e-02
  2.5385e+02   5.09e-02
  2.6274e+02   4.81e-02
  2.7195e+02   4.54e-02
  2.8148e+02   4.29e-02
  2.9134e+02   4.05e-02
  3.0155e+02   3.82e-02
  3.1212e+02   3.60e-02
  3.2306e+02   3.39e-02
  3.3438e+02   3.20e-02
  3.4610e+02   3.01e-02
  3.5823e+02   2.84e-02
  3.7078e+02   2.67e-02
  3.8377e+02   2.51e-02
  3.9722e+02   2.36e-02
  4.1114e+02   2.22e-02
  4.2555e+02   2.09e-02
  4.4046e+02   1.96e-02
  4.5590e+02   1.84e-02
  4.7188e+02   1.73e-02
  4.8841e+02   1.62e-02
  5.0553e+02   1.52e-02
  5.2324e+02   1.43e-02
  5.4158e+02   1.33e-02
  5.6056e+02   1.25e-02
  5.8020e+02   1.17e-02
  6.0054e+02   1.09e-02
  6.2158e+02   1.02e-02
  6.4337e+02   9.55e-03
  6.6591e+02   8.92e-03
  6.8925e+02   8.32e-03
  7.1340e+02   7.76e-03
  7.3840e+02   7.24e-03
  7.6428e+02   6.74e-03
  7.9106e+02   6.26e-03
  8.1878e+02   5.83e-03
  8.4748e+02   5.42e-03
  8.7718e+02   5.03e-03
  9.0792e+02   4.67e-03
  9.3973e+02   4.34e-03
  9.7267e+02   4.02e-03
  1.0068e+03   3.72e-03
  1.0420e+03   3.45e-03
  1.0785e+03   3.19e-03
  1.1163e+03   2.95e-03
  1.1555e+03   2.73e-03
  1.1960e+03   2.52e-03
  1.2379e+03   2.32e-03
  1.2813e+03   2.14e-03
  1.3262e+03   1.98e-03
  1.3726e+03   1.82e-03
  1.4207e+03   1.67e-03
  1.4705e+03   1.54e-03
  1.5220e+03   1.41e-03
  1.5754e+03   1.29e-03
  1.6306e+03   1.18e-03
  1.6877e+03   1.09e-03
  1.7469e+03   9.91e-04
  1.8081e+03   9.07e-04
  1.8715e+03   8.29e-04
  1.9370e+03   7.56e-04
  2.0049e+03   6.88e-04
  2.0752e+03   6.28e-04
  2.1479e+03   5.71e-04
  2.2232e+03   5.18e-04
  2.3011e+03   4.71e-04
  2.3817e+03   4.28e-04
  2.4652e+03   3.87e-04
  2.5516e+03   3.51e-04
  2.6410e+03   3.18e-04
  2.7336e+03   2.87e-04
  2.8294e+03   2.58e-04
  2.9285e+03   2.34e-04
  3.0311e+03   2.10e-04
  3.1374e+03   1.88e-04
  3.2473e+03   1.70e-04
  3.3611e+03   1.52e-04
  3.4789e+03   1.36e-04
  3.6008e+03   1.22e-04
  3.7270e+03   1.09e-04
  3.8576e+03   9.77e-05
  3.9928e+03   8.68e-05
  4.1327e+03   7.78e-05
  4.2775e+03   6.93e-05
  4.4274e+03   6.13e-05
  4.5826e+03   5.47e-05
  4.7432e+03   4.87e-05
  4.9094e+03   4.30e-05
  5.0815e+03   3.81e-05
  5.2595e+03   3.39e-05
  5.4438e+03   2.99e-05
  5.6346e+03   2.63e-05
  5.8321e+03   2.33e-05
  6.0365e+03   2.06e-05
  6.2480e+03   1.80e-05
  6.4670e+03   1.59e-05
  6.6936e+03   1.41e-05
  6.9282e+03   1.23e-05
  7.1709e+03   1.08e-05
  7.4222e+03   9.54e-06
  7.6823e+03   8.37e-06
  7.9516e+03   7.29e-06
  8.2302e+03   6.46e-06
  8.5186e+03   5.68e-06
  8.8172e+03   4.95e-06
  9.1262e+03   4.37e-06
  9.4460e+03   3.86e-06
  9.7770e+03   3.38e-06
  1.0120e+04   2.97e-06
  1.0474e+04   2.63e-06
  1.0841e+04   2.31e-06
  1.1221e+04   2.02e-06
  1.1614e+04   1.80e-06
  1.2022e+04   1.60e-06
  1.2443e+04   1.40e-06
  1.2879e+04   1.25e-06
  1.3330e+04   1.12e-06
  1.3797e+04   9.92e-07
  1.4281e+04   8.83e-07
  1.4781e+04   7.92e-07
  1.5299e+04   7.06e-07
  1.5835e+04   6.28e-07
  1.6390e+04   5.64e-07
  1.6965e+04   5.04e-07
  1.7559e+04   4.48e-07
  1.8175e+04   4.00e-07
  1.8812e+04   3.57e-07
  1.9471e+04   3.17e-07
  2.0153e+04   2.81e-07
  2.0859e+04   2.49e-07
  2.1590e+04   2.19e-07
  2.2347e+04   1.90e-07
  2.3130e+04   1.65e-07
  2.3941e+04   1.41e-07
  2.4780e+04   1.19e-07
  2.5648e+04   9.89e-08
  2.6547e+04   8.10e-08
  2.7477e+04   6.51e-08
  2.8440e+04   5.17e-08
