#  E [MeV]   Flux [# cm^{-2} s^{-1}  MeV^{-1}]
  3.0000e+04   5.53e-19
  3.0589e+04   5.36e-19
  3.1190e+04   5.19e-19
  3.1803e+04   5.03e-19
  3.2428e+04   4.88e-19
  3.3065e+04   4.72e-19
  3.3714e+04   4.57e-19
  3.4376e+04   4.43e-19
  3.5052e+04   4.29e-19
  3.5740e+04   4.15e-19
  3.6442e+04   4.02e-19
  3.7158e+04   3.88e-19
  3.7888e+04   3.76e-19
  3.8632e+04   3.64e-19
  3.9391e+04   3.52e-19
  4.0165e+04   3.40e-19
  4.0954e+04   3.29e-19
  4.1758e+04   3.18e-19
  4.2579e+04   3.07e-19
  4.3415e+04   2.97e-19
  4.4268e+04   2.87e-19
  4.5138e+04   2.77e-19
  4.6024e+04   2.68e-19
  4.6928e+04   2.59e-19
  4.7850e+04   2.50e-19
  4.8790e+04   2.41e-19
  4.9749e+04   2.33e-19
  5.0726e+04   2.25e-19
  5.1722e+04   2.17e-19
  5.2738e+04   2.09e-19
  5.3774e+04   2.02e-19
  5.4831e+04   1.95e-19
  5.5908e+04   1.88e-19
  5.7006e+04   1.81e-19
  5.8126e+04   1.75e-19
  5.9268e+04   1.68e-19
  6.0432e+04   1.62e-19
  6.1619e+04   1.56e-19
  6.2829e+04   1.51e-19
  6.4064e+04   1.45e-19
  6.5322e+04   1.40e-19
  6.6605e+04   1.35e-19
  6.7913e+04   1.30e-19
  6.9248e+04   1.25e-19
  7.0608e+04   1.20e-19
  7.1995e+04   1.16e-19
  7.3409e+04   1.11e-19
  7.4851e+04   1.07e-19
  7.6321e+04   1.03e-19
  7.7821e+04   9.90e-20
  7.9349e+04   9.52e-20
  8.0908e+04   9.15e-20
  8.2497e+04   8.80e-20
  8.4118e+04   8.46e-20
  8.5770e+04   8.12e-20
  8.7455e+04   7.80e-20
  8.9173e+04   7.49e-20
  9.0925e+04   7.20e-20
  9.2711e+04   6.91e-20
  9.4532e+04   6.64e-20
  9.6389e+04   6.37e-20
  9.8283e+04   6.10e-20
  1.0021e+05   5.86e-20
  1.0218e+05   5.62e-20
  1.0419e+05   5.39e-20
  1.0624e+05   5.17e-20
  1.0832e+05   4.95e-20
  1.1045e+05   4.74e-20
  1.1262e+05   4.54e-20
  1.1483e+05   4.36e-20
  1.1709e+05   4.17e-20
  1.1939e+05   4.00e-20
  1.2173e+05   3.82e-20
  1.2412e+05   3.66e-20
  1.2656e+05   3.50e-20
  1.2905e+05   3.35e-20
  1.3158e+05   3.20e-20
  1.3417e+05   3.06e-20
  1.3680e+05   2.93e-20
  1.3949e+05   2.79e-20
  1.4223e+05   2.67e-20
  1.4503e+05   2.55e-20
  1.4787e+05   2.44e-20
  1.5078e+05   2.32e-20
  1.5374e+05   2.22e-20
  1.5676e+05   2.11e-20
  1.5984e+05   2.01e-20
  1.6298e+05   1.92e-20
  1.6618e+05   1.83e-20
  1.6945e+05   1.75e-20
  1.7278e+05   1.66e-20
  1.7617e+05   1.58e-20
  1.7963e+05   1.51e-20
  1.8316e+05   1.43e-20
  1.8676e+05   1.37e-20
  1.9042e+05   1.30e-20
  1.9417e+05   1.23e-20
  1.9798e+05   1.17e-20
  2.0187e+05   1.11e-20
  2.0583e+05   1.06e-20
  2.0988e+05   1.01e-20
  2.1400e+05   9.55e-21
  2.1820e+05   9.06e-21
  2.2249e+05   8.58e-21
  2.2686e+05   8.15e-21
  2.3132e+05   7.74e-21
  2.3586e+05   7.34e-21
  2.4049e+05   6.95e-21
  2.4522e+05   6.57e-21
  2.5004e+05   6.21e-21
  2.5495e+05   5.89e-21
  2.5996e+05   5.58e-21
  2.6506e+05   5.28e-21
  2.7027e+05   4.99e-21
  2.7558e+05   4.71e-21
  2.8099e+05   4.44e-21
  2.8651e+05   4.21e-21
  2.9214e+05   3.97e-21
  2.9788e+05   3.75e-21
  3.0373e+05   3.53e-21
  3.0970e+05   3.32e-21
  3.1578e+05   3.13e-21
  3.2198e+05   2.96e-21
  3.2831e+05   2.79e-21
  3.3476e+05   2.62e-21
  3.4133e+05   2.47e-21
  3.4804e+05   2.31e-21
  3.5487e+05   2.18e-21
  3.6185e+05   2.05e-21
  3.6895e+05   1.93e-21
  3.7620e+05   1.81e-21
  3.8359e+05   1.70e-21
  3.9113e+05   1.59e-21
  3.9881e+05   1.50e-21
  4.0664e+05   1.41e-21
  4.1463e+05   1.32e-21
  4.2278e+05   1.24e-21
  4.3108e+05   1.16e-21
  4.3955e+05   1.09e-21
  4.4818e+05   1.02e-21
  4.5699e+05   9.58e-22
  4.6596e+05   8.99e-22
  4.7512e+05   8.42e-22
  4.8445e+05   7.88e-22
  4.9397e+05   7.35e-22
  5.0367e+05   6.89e-22
  5.1356e+05   6.48e-22
  5.2365e+05   6.08e-22
  5.3394e+05   5.69e-22
  5.4443e+05   5.32e-22
  5.5512e+05   4.96e-22
  5.6603e+05   4.67e-22
  5.7715e+05   4.39e-22
  5.8848e+05   4.13e-22
  6.0004e+05   3.87e-22
  6.1183e+05   3.63e-22
  6.2385e+05   3.39e-22
  6.3610e+05   3.20e-22
  6.4860e+05   3.03e-22
  6.6134e+05   2.86e-22
  6.7433e+05   2.69e-22
  6.8758e+05   2.54e-22
  7.0108e+05   2.38e-22
  7.1486e+05   2.27e-22
  7.2890e+05   2.16e-22
  7.4322e+05   2.05e-22
  7.5782e+05   1.95e-22
  7.7270e+05   1.85e-22
  7.8788e+05   1.76e-22
  8.0336e+05   1.68e-22
  8.1914e+05   1.62e-22
  8.3523e+05   1.55e-22
  8.5164e+05   1.49e-22
  8.6837e+05   1.42e-22
  8.8542e+05   1.37e-22
  9.0282e+05   1.33e-22
  9.2055e+05   1.30e-22
  9.3863e+05   1.27e-22
  9.5707e+05   1.23e-22
  9.7587e+05   1.20e-22
  9.9504e+05   1.18e-22
  1.0146e+06   1.17e-22
  1.0345e+06   1.16e-22
  1.0548e+06   1.15e-22
  1.0756e+06   1.14e-22
  1.0967e+06   1.13e-22
  1.1182e+06   1.13e-22
  1.1402e+06   1.15e-22
  1.1626e+06   1.16e-22
  1.1854e+06   1.18e-22
  1.2087e+06   1.20e-22
  1.2325e+06   1.21e-22
  1.2567e+06   1.20e-22
  1.2814e+06   1.14e-22
  1.3065e+06   1.08e-22
  1.3322e+06   1.03e-22
  1.3584e+06   9.74e-23
  1.3851e+06   9.23e-23
  1.4123e+06   8.22e-23
  1.4400e+06   6.60e-23
