#  E [GeV]   # per interaction  [GeV^{-1}]
  3.0000e+01   7.84e-01
  3.0962e+01   7.53e-01
  3.1955e+01   7.23e-01
  3.2979e+01   6.94e-01
  3.4037e+01   6.66e-01
  3.5128e+01   6.39e-01
  3.6254e+01   6.13e-01
  3.7417e+01   5.88e-01
  3.8616e+01   5.64e-01
  3.9855e+01   5.41e-01
  4.1132e+01   5.19e-01
  4.2451e+01   4.98e-01
  4.3812e+01   4.77e-01
  4.5217e+01   4.57e-01
  4.6667e+01   4.38e-01
  4.8163e+01   4.20e-01
  4.9707e+01   4.02e-01
  5.1301e+01   3.85e-01
  5.2946e+01   3.69e-01
  5.4644e+01   3.53e-01
  5.6396e+01   3.38e-01
  5.8204e+01   3.23e-01
  6.0070e+01   3.09e-01
  6.1996e+01   2.96e-01
  6.3984e+01   2.83e-01
  6.6035e+01   2.71e-01
  6.8153e+01   2.59e-01
  7.0338e+01   2.47e-01
  7.2593e+01   2.36e-01
  7.4921e+01   2.26e-01
  7.7323e+01   2.16e-01
  7.9802e+01   2.06e-01
  8.2361e+01   1.97e-01
  8.5002e+01   1.88e-01
  8.7727e+01   1.79e-01
  9.0540e+01   1.71e-01
  9.3443e+01   1.63e-01
  9.6439e+01   1.55e-01
  9.9531e+01   1.48e-01
  1.0272e+02   1.41e-01
  1.0602e+02   1.34e-01
  1.0942e+02   1.28e-01
  1.1292e+02   1.22e-01
  1.1654e+02   1.16e-01
  1.2028e+02   1.10e-01
  1.2414e+02   1.05e-01
  1.2812e+02   9.94e-02
  1.3223e+02   9.45e-02
  1.3646e+02   8.97e-02
  1.4084e+02   8.52e-02
  1.4536e+02   8.08e-02
  1.5002e+02   7.66e-02
  1.5483e+02   7.27e-02
  1.5979e+02   6.89e-02
  1.6491e+02   6.53e-02
  1.7020e+02   6.18e-02
  1.7566e+02   5.85e-02
  1.8129e+02   5.54e-02
  1.8710e+02   5.24e-02
  1.9310e+02   4.95e-02
  1.9929e+02   4.68e-02
  2.0568e+02   4.42e-02
  2.1228e+02   4.17e-02
  2.1909e+02   3.94e-02
  2.2611e+02   3.71e-02
  2.3336e+02   3.50e-02
  2.4084e+02   3.30e-02
  2.4856e+02   3.11e-02
  2.5653e+02   2.92e-02
  2.6476e+02   2.75e-02
  2.7325e+02   2.58e-02
  2.8201e+02   2.43e-02
  2.9105e+02   2.28e-02
  3.0038e+02   2.14e-02
  3.1002e+02   2.01e-02
  3.1996e+02   1.88e-02
  3.3021e+02   1.76e-02
  3.4080e+02   1.64e-02
  3.5173e+02   1.54e-02
  3.6301e+02   1.44e-02
  3.7465e+02   1.34e-02
  3.8666e+02   1.25e-02
  3.9905e+02   1.17e-02
  4.1185e+02   1.09e-02
  4.2506e+02   1.01e-02
  4.3868e+02   9.38e-03
  4.5275e+02   8.72e-03
  4.6727e+02   8.09e-03
  4.8225e+02   7.49e-03
  4.9771e+02   6.95e-03
  5.1367e+02   6.43e-03
  5.3014e+02   5.95e-03
  5.4714e+02   5.50e-03
  5.6468e+02   5.08e-03
  5.8278e+02   4.69e-03
  6.0147e+02   4.32e-03
  6.2075e+02   3.98e-03
  6.4066e+02   3.67e-03
  6.6120e+02   3.37e-03
  6.8240e+02   3.10e-03
  7.0428e+02   2.85e-03
  7.2686e+02   2.61e-03
  7.5017e+02   2.40e-03
  7.7422e+02   2.20e-03
  7.9904e+02   2.01e-03
  8.2466e+02   1.84e-03
  8.5110e+02   1.68e-03
  8.7839e+02   1.54e-03
  9.0656e+02   1.40e-03
  9.3562e+02   1.28e-03
  9.6562e+02   1.16e-03
  9.9658e+02   1.06e-03
  1.0285e+03   9.69e-04
  1.0615e+03   8.80e-04
  1.0956e+03   8.01e-04
  1.1307e+03   7.29e-04
  1.1669e+03   6.62e-04
  1.2043e+03   5.99e-04
  1.2430e+03   5.45e-04
  1.2828e+03   4.95e-04
  1.3239e+03   4.48e-04
  1.3664e+03   4.05e-04
  1.4102e+03   3.68e-04
  1.4554e+03   3.33e-04
  1.5021e+03   3.00e-04
  1.5502e+03   2.72e-04
  1.6000e+03   2.46e-04
  1.6513e+03   2.21e-04
  1.7042e+03   1.99e-04
  1.7588e+03   1.80e-04
  1.8152e+03   1.62e-04
  1.8734e+03   1.45e-04
  1.9335e+03   1.30e-04
  1.9955e+03   1.18e-04
  2.0595e+03   1.06e-04
  2.1255e+03   9.42e-05
  2.1937e+03   8.46e-05
  2.2640e+03   7.60e-05
  2.3366e+03   6.79e-05
  2.4115e+03   6.03e-05
  2.4888e+03   5.42e-05
  2.5686e+03   4.84e-05
  2.6510e+03   4.30e-05
  2.7360e+03   3.83e-05
  2.8237e+03   3.42e-05
  2.9142e+03   3.04e-05
  3.0077e+03   2.69e-05
  3.1041e+03   2.39e-05
  3.2036e+03   2.13e-05
  3.3064e+03   1.88e-05
  3.4124e+03   1.65e-05
  3.5218e+03   1.47e-05
  3.6347e+03   1.30e-05
  3.7512e+03   1.14e-05
  3.8715e+03   1.01e-05
  3.9957e+03   8.91e-06
  4.1238e+03   7.84e-06
  4.2560e+03   6.84e-06
  4.3924e+03   6.04e-06
  4.5333e+03   5.33e-06
  4.6786e+03   4.67e-06
  4.8286e+03   4.07e-06
  4.9835e+03   3.60e-06
  5.1433e+03   3.16e-06
  5.3082e+03   2.76e-06
  5.4784e+03   2.42e-06
  5.6540e+03   2.13e-06
  5.8353e+03   1.87e-06
  6.0224e+03   1.62e-06
  6.2155e+03   1.43e-06
  6.4148e+03   1.26e-06
  6.6205e+03   1.10e-06
  6.8327e+03   9.66e-07
  7.0518e+03   8.56e-07
  7.2779e+03   7.54e-07
  7.5113e+03   6.59e-07
  7.7521e+03   5.80e-07
  8.0007e+03   5.12e-07
  8.2572e+03   4.50e-07
  8.5219e+03   3.92e-07
  8.7952e+03   3.45e-07
  9.0772e+03   3.03e-07
  9.3682e+03   2.64e-07
  9.6686e+03   2.30e-07
  9.9786e+03   2.01e-07
  1.0299e+04   1.74e-07
  1.0629e+04   1.51e-07
  1.0970e+04   1.30e-07
  1.1321e+04   1.11e-07
  1.1684e+04   9.50e-08
  1.2059e+04   8.02e-08
  1.2446e+04   6.74e-08
  1.2845e+04   5.60e-08
  1.3256e+04   4.61e-08
  1.3681e+04   3.75e-08
  1.4120e+04   3.01e-08
  1.4573e+04   2.38e-08
  1.5040e+04   1.85e-08
  1.5522e+04   1.44e-08
  1.6020e+04   1.11e-08
