#  E [GeV]   # per interaction  [GeV^{-1}]
  3.0000e+01   1.05e+00
  3.1123e+01   1.00e+00
  3.2288e+01   9.56e-01
  3.3497e+01   9.13e-01
  3.4751e+01   8.72e-01
  3.6051e+01   8.33e-01
  3.7401e+01   7.96e-01
  3.8801e+01   7.60e-01
  4.0253e+01   7.25e-01
  4.1760e+01   6.92e-01
  4.3324e+01   6.61e-01
  4.4945e+01   6.30e-01
  4.6628e+01   6.01e-01
  4.8373e+01   5.74e-01
  5.0184e+01   5.47e-01
  5.2063e+01   5.22e-01
  5.4011e+01   4.97e-01
  5.6033e+01   4.74e-01
  5.8131e+01   4.52e-01
  6.0307e+01   4.31e-01
  6.2564e+01   4.10e-01
  6.4906e+01   3.91e-01
  6.7336e+01   3.72e-01
  6.9857e+01   3.55e-01
  7.2472e+01   3.38e-01
  7.5184e+01   3.21e-01
  7.7999e+01   3.06e-01
  8.0919e+01   2.91e-01
  8.3948e+01   2.77e-01
  8.7090e+01   2.63e-01
  9.0350e+01   2.51e-01
  9.3732e+01   2.38e-01
  9.7241e+01   2.27e-01
  1.0088e+02   2.15e-01
  1.0466e+02   2.05e-01
  1.0858e+02   1.95e-01
  1.1264e+02   1.85e-01
  1.1686e+02   1.76e-01
  1.2123e+02   1.67e-01
  1.2577e+02   1.58e-01
  1.3048e+02   1.50e-01
  1.3536e+02   1.43e-01
  1.4043e+02   1.35e-01
  1.4568e+02   1.28e-01
  1.5114e+02   1.22e-01
  1.5680e+02   1.15e-01
  1.6266e+02   1.09e-01
  1.6875e+02   1.03e-01
  1.7507e+02   9.79e-02
  1.8162e+02   9.27e-02
  1.8842e+02   8.77e-02
  1.9548e+02   8.29e-02
  2.0279e+02   7.84e-02
  2.1039e+02   7.41e-02
  2.1826e+02   6.99e-02
  2.2643e+02   6.60e-02
  2.3491e+02   6.23e-02
  2.4370e+02   5.87e-02
  2.5282e+02   5.54e-02
  2.6229e+02   5.21e-02
  2.7211e+02   4.91e-02
  2.8229e+02   4.62e-02
  2.9286e+02   4.34e-02
  3.0382e+02   4.07e-02
  3.1519e+02   3.82e-02
  3.2699e+02   3.59e-02
  3.3923e+02   3.36e-02
  3.5193e+02   3.15e-02
  3.6511e+02   2.94e-02
  3.7877e+02   2.75e-02
  3.9295e+02   2.57e-02
  4.0766e+02   2.39e-02
  4.2292e+02   2.23e-02
  4.3875e+02   2.08e-02
  4.5518e+02   1.93e-02
  4.7222e+02   1.79e-02
  4.8989e+02   1.67e-02
  5.0823e+02   1.54e-02
  5.2726e+02   1.43e-02
  5.4699e+02   1.32e-02
  5.6747e+02   1.22e-02
  5.8871e+02   1.13e-02
  6.1075e+02   1.04e-02
  6.3361e+02   9.61e-03
  6.5733e+02   8.85e-03
  6.8194e+02   8.16e-03
  7.0746e+02   7.51e-03
  7.3395e+02   6.92e-03
  7.6142e+02   6.37e-03
  7.8992e+02   5.86e-03
  8.1949e+02   5.39e-03
  8.5017e+02   4.95e-03
  8.8199e+02   4.56e-03
  9.1501e+02   4.19e-03
  9.4926e+02   3.85e-03
  9.8479e+02   3.54e-03
  1.0217e+03   3.25e-03
  1.0599e+03   2.98e-03
  1.0996e+03   2.74e-03
  1.1407e+03   2.51e-03
  1.1834e+03   2.30e-03
  1.2277e+03   2.11e-03
  1.2737e+03   1.94e-03
  1.3214e+03   1.78e-03
  1.3708e+03   1.63e-03
  1.4222e+03   1.49e-03
  1.4754e+03   1.37e-03
  1.5306e+03   1.25e-03
  1.5879e+03   1.15e-03
  1.6474e+03   1.05e-03
  1.7090e+03   9.60e-04
  1.7730e+03   8.79e-04
  1.8394e+03   8.03e-04
  1.9082e+03   7.33e-04
  1.9797e+03   6.70e-04
  2.0538e+03   6.11e-04
  2.1306e+03   5.57e-04
  2.2104e+03   5.07e-04
  2.2931e+03   4.61e-04
  2.3790e+03   4.19e-04
  2.4680e+03   3.81e-04
  2.5604e+03   3.45e-04
  2.6563e+03   3.12e-04
  2.7557e+03   2.83e-04
  2.8589e+03   2.55e-04
  2.9659e+03   2.30e-04
  3.0769e+03   2.07e-04
  3.1921e+03   1.86e-04
  3.3116e+03   1.67e-04
  3.4355e+03   1.50e-04
  3.5641e+03   1.34e-04
  3.6976e+03   1.19e-04
  3.8360e+03   1.06e-04
  3.9796e+03   9.43e-05
  4.1285e+03   8.34e-05
  4.2831e+03   7.37e-05
  4.4434e+03   6.50e-05
  4.6097e+03   5.69e-05
  4.7823e+03   4.98e-05
  4.9613e+03   4.35e-05
  5.1470e+03   3.78e-05
  5.3397e+03   3.27e-05
  5.5396e+03   2.83e-05
  5.7470e+03   2.43e-05
  5.9621e+03   2.08e-05
  6.1853e+03   1.78e-05
  6.4168e+03   1.51e-05
  6.6570e+03   1.27e-05
  6.9062e+03   1.08e-05
  7.1647e+03   9.04e-06
  7.4329e+03   7.48e-06
  7.7112e+03   6.23e-06
  7.9998e+03   5.14e-06
  8.2993e+03   4.18e-06
  8.6100e+03   3.40e-06
  8.9323e+03   2.75e-06
  9.2666e+03   2.19e-06
  9.6135e+03   1.74e-06
  9.9734e+03   1.37e-06
  1.0347e+04   1.06e-06
  1.0734e+04   8.16e-07
  1.1136e+04   6.26e-07
  1.1553e+04   4.69e-07
  1.1985e+04   3.46e-07
  1.2434e+04   2.55e-07
  1.2899e+04   1.83e-07
  1.3382e+04   1.28e-07
  1.3883e+04   9.02e-08
  1.4403e+04   6.12e-08
  1.4942e+04   4.01e-08
  1.5501e+04   2.63e-08
  1.6081e+04   1.65e-08
  1.6683e+04   9.92e-09
  1.7308e+04   5.90e-09
  1.7956e+04   3.33e-09
  1.8628e+04   1.77e-09
  1.9325e+04   9.15e-10
  2.0049e+04   4.44e-10
  2.0799e+04   1.98e-10
  2.1578e+04   8.32e-11
  2.2386e+04   3.21e-11
  2.3224e+04   1.10e-11
  2.4093e+04   3.37e-12
  2.4995e+04   9.04e-13
  2.5930e+04   2.03e-13
  2.6901e+04   3.77e-14
  2.7908e+04   5.63e-15
  2.8953e+04   6.35e-16
  3.0037e+04   5.15e-17
  3.1161e+04   2.85e-18
  3.2327e+04   9.82e-20
  3.3537e+04   1.90e-21
  3.4793e+04   1.85e-23
  3.6095e+04   7.68e-26
  3.7446e+04   1.12e-28
  3.8848e+04   4.45e-32
  4.0302e+04   3.54e-36
  4.1811e+04   3.73e-41
  4.3376e+04   3.15e-47
  4.5000e+04   4.73e-48
