#  E [MeV]   Flux [# cm^{-2} s^{-1}  MeV^{-1}]
  3.0000e+04   7.34e-20
  3.0854e+04   7.10e-20
  3.1733e+04   6.86e-20
  3.2636e+04   6.63e-20
  3.3566e+04   6.41e-20
  3.4521e+04   6.19e-20
  3.5504e+04   5.98e-20
  3.6515e+04   5.78e-20
  3.7555e+04   5.58e-20
  3.8625e+04   5.39e-20
  3.9724e+04   5.20e-20
  4.0855e+04   5.02e-20
  4.2019e+04   4.85e-20
  4.3215e+04   4.68e-20
  4.4446e+04   4.51e-20
  4.5711e+04   4.35e-20
  4.7013e+04   4.19e-20
  4.8352e+04   4.04e-20
  4.9728e+04   3.89e-20
  5.1144e+04   3.75e-20
  5.2601e+04   3.61e-20
  5.4099e+04   3.48e-20
  5.5639e+04   3.35e-20
  5.7223e+04   3.22e-20
  5.8853e+04   3.10e-20
  6.0528e+04   2.98e-20
  6.2252e+04   2.87e-20
  6.4025e+04   2.76e-20
  6.5848e+04   2.65e-20
  6.7723e+04   2.55e-20
  6.9651e+04   2.45e-20
  7.1634e+04   2.35e-20
  7.3674e+04   2.26e-20
  7.5772e+04   2.17e-20
  7.7929e+04   2.08e-20
  8.0148e+04   2.00e-20
  8.2431e+04   1.92e-20
  8.4778e+04   1.84e-20
  8.7192e+04   1.76e-20
  8.9674e+04   1.69e-20
  9.2228e+04   1.62e-20
  9.4854e+04   1.55e-20
  9.7555e+04   1.49e-20
  1.0033e+05   1.42e-20
  1.0319e+05   1.36e-20
  1.0613e+05   1.30e-20
  1.0915e+05   1.25e-20
  1.1226e+05   1.19e-20
  1.1545e+05   1.14e-20
  1.1874e+05   1.09e-20
  1.2212e+05   1.04e-20
  1.2560e+05   9.96e-21
  1.2918e+05   9.52e-21
  1.3286e+05   9.09e-21
  1.3664e+05   8.67e-21
  1.4053e+05   8.28e-21
  1.4453e+05   7.90e-21
  1.4865e+05   7.53e-21
  1.5288e+05   7.18e-21
  1.5723e+05   6.85e-21
  1.6171e+05   6.53e-21
  1.6631e+05   6.22e-21
  1.7105e+05   5.92e-21
  1.7592e+05   5.63e-21
  1.8093e+05   5.36e-21
  1.8608e+05   5.09e-21
  1.9138e+05   4.84e-21
  1.9683e+05   4.60e-21
  2.0243e+05   4.37e-21
  2.0820e+05   4.14e-21
  2.1413e+05   3.93e-21
  2.2022e+05   3.73e-21
  2.2649e+05   3.53e-21
  2.3294e+05   3.35e-21
  2.3958e+05   3.17e-21
  2.4640e+05   3.00e-21
  2.5341e+05   2.84e-21
  2.6063e+05   2.69e-21
  2.6805e+05   2.54e-21
  2.7568e+05   2.40e-21
  2.8353e+05   2.27e-21
  2.9161e+05   2.14e-21
  2.9991e+05   2.02e-21
  3.0845e+05   1.90e-21
  3.1723e+05   1.79e-21
  3.2627e+05   1.69e-21
  3.3556e+05   1.59e-21
  3.4511e+05   1.50e-21
  3.5494e+05   1.41e-21
  3.6504e+05   1.32e-21
  3.7544e+05   1.24e-21
  3.8613e+05   1.17e-21
  3.9712e+05   1.09e-21
  4.0843e+05   1.03e-21
  4.2006e+05   9.60e-22
  4.3202e+05   8.99e-22
  4.4432e+05   8.42e-22
  4.5698e+05   7.87e-22
  4.6999e+05   7.36e-22
  4.8337e+05   6.87e-22
  4.9713e+05   6.42e-22
  5.1129e+05   5.99e-22
  5.2585e+05   5.58e-22
  5.4082e+05   5.20e-22
  5.5622e+05   4.84e-22
  5.7206e+05   4.51e-22
  5.8835e+05   4.19e-22
  6.0510e+05   3.90e-22
  6.2233e+05   3.62e-22
  6.4005e+05   3.37e-22
  6.5828e+05   3.12e-22
  6.7702e+05   2.90e-22
  6.9630e+05   2.69e-22
  7.1613e+05   2.49e-22
  7.3652e+05   2.31e-22
  7.5749e+05   2.14e-22
  7.7906e+05   1.98e-22
  8.0124e+05   1.83e-22
  8.2406e+05   1.69e-22
  8.4752e+05   1.56e-22
  8.7165e+05   1.44e-22
  8.9647e+05   1.33e-22
  9.2200e+05   1.23e-22
  9.4825e+05   1.13e-22
  9.7526e+05   1.05e-22
  1.0030e+06   9.65e-23
  1.0316e+06   8.89e-23
  1.0610e+06   8.18e-23
  1.0912e+06   7.53e-23
  1.1222e+06   6.95e-23
  1.1542e+06   6.39e-23
  1.1871e+06   5.87e-23
  1.2209e+06   5.40e-23
  1.2556e+06   4.97e-23
  1.2914e+06   4.57e-23
  1.3281e+06   4.19e-23
  1.3660e+06   3.84e-23
  1.4049e+06   3.54e-23
  1.4449e+06   3.25e-23
  1.4860e+06   2.98e-23
  1.5283e+06   2.72e-23
  1.5718e+06   2.50e-23
  1.6166e+06   2.30e-23
  1.6626e+06   2.10e-23
  1.7100e+06   1.92e-23
  1.7587e+06   1.76e-23
  1.8087e+06   1.61e-23
  1.8602e+06   1.47e-23
  1.9132e+06   1.34e-23
  1.9677e+06   1.23e-23
  2.0237e+06   1.13e-23
  2.0813e+06   1.03e-23
  2.1406e+06   9.40e-24
  2.2016e+06   8.64e-24
  2.2642e+06   7.92e-24
  2.3287e+06   7.23e-24
  2.3950e+06   6.58e-24
  2.4632e+06   6.05e-24
  2.5334e+06   5.55e-24
  2.6055e+06   5.07e-24
  2.6797e+06   4.62e-24
  2.7560e+06   4.25e-24
  2.8345e+06   3.91e-24
  2.9152e+06   3.58e-24
  2.9982e+06   3.27e-24
  3.0836e+06   3.02e-24
  3.1714e+06   2.79e-24
  3.2617e+06   2.57e-24
  3.3545e+06   2.37e-24
  3.4501e+06   2.20e-24
  3.5483e+06   2.05e-24
  3.6493e+06   1.91e-24
  3.7532e+06   1.77e-24
  3.8601e+06   1.66e-24
  3.9700e+06   1.56e-24
  4.0831e+06   1.47e-24
  4.1993e+06   1.38e-24
  4.3189e+06   1.31e-24
  4.4419e+06   1.25e-24
  4.5684e+06   1.19e-24
  4.6985e+06   1.13e-24
  4.8322e+06   1.08e-24
  4.9698e+06   1.05e-24
  5.1114e+06   1.03e-24
  5.2569e+06   9.97e-25
  5.4066e+06   9.74e-25
  5.5605e+06   9.73e-25
  5.7189e+06   9.69e-25
  5.8817e+06   9.63e-25
  6.0492e+06   9.61e-25
  6.2214e+06   1.01e-24
  6.3986e+06   1.05e-24
  6.5808e+06   1.08e-24
  6.7682e+06   1.11e-24
  6.9609e+06   1.27e-24
  7.1591e+06   1.41e-24
  7.3630e+06   1.53e-24
  7.5726e+06   1.63e-24
  7.7882e+06   1.47e-24
  8.0100e+06   1.29e-24
