#  E [GeV]   # per interaction  [GeV^{-1}]
  3.0000e+01   7.15e-01
  3.0962e+01   6.86e-01
  3.1955e+01   6.59e-01
  3.2979e+01   6.32e-01
  3.4037e+01   6.07e-01
  3.5128e+01   5.82e-01
  3.6254e+01   5.59e-01
  3.7417e+01   5.36e-01
  3.8616e+01   5.14e-01
  3.9855e+01   4.94e-01
  4.1132e+01   4.73e-01
  4.2451e+01   4.54e-01
  4.3812e+01   4.35e-01
  4.5217e+01   4.17e-01
  4.6667e+01   4.00e-01
  4.8163e+01   3.84e-01
  4.9707e+01   3.68e-01
  5.1301e+01   3.52e-01
  5.2946e+01   3.38e-01
  5.4644e+01   3.24e-01
  5.6396e+01   3.10e-01
  5.8204e+01   2.97e-01
  6.0070e+01   2.84e-01
  6.1996e+01   2.72e-01
  6.3984e+01   2.61e-01
  6.6035e+01   2.50e-01
  6.8153e+01   2.39e-01
  7.0338e+01   2.29e-01
  7.2593e+01   2.19e-01
  7.4921e+01   2.10e-01
  7.7323e+01   2.01e-01
  7.9802e+01   1.92e-01
  8.2361e+01   1.84e-01
  8.5002e+01   1.76e-01
  8.7727e+01   1.68e-01
  9.0540e+01   1.61e-01
  9.3443e+01   1.53e-01
  9.6439e+01   1.47e-01
  9.9531e+01   1.40e-01
  1.0272e+02   1.34e-01
  1.0602e+02   1.28e-01
  1.0942e+02   1.22e-01
  1.1292e+02   1.16e-01
  1.1654e+02   1.11e-01
  1.2028e+02   1.06e-01
  1.2414e+02   1.01e-01
  1.2812e+02   9.63e-02
  1.3223e+02   9.18e-02
  1.3646e+02   8.75e-02
  1.4084e+02   8.33e-02
  1.4536e+02   7.93e-02
  1.5002e+02   7.54e-02
  1.5483e+02   7.17e-02
  1.5979e+02   6.81e-02
  1.6491e+02   6.47e-02
  1.7020e+02   6.15e-02
  1.7566e+02   5.83e-02
  1.8129e+02   5.53e-02
  1.8710e+02   5.24e-02
  1.9310e+02   4.96e-02
  1.9929e+02   4.69e-02
  2.0568e+02   4.44e-02
  2.1228e+02   4.19e-02
  2.1909e+02   3.96e-02
  2.2611e+02   3.74e-02
  2.3336e+02   3.53e-02
  2.4084e+02   3.32e-02
  2.4856e+02   3.13e-02
  2.5653e+02   2.95e-02
  2.6476e+02   2.78e-02
  2.7325e+02   2.62e-02
  2.8201e+02   2.46e-02
  2.9105e+02   2.32e-02
  3.0038e+02   2.17e-02
  3.1002e+02   2.04e-02
  3.1996e+02   1.92e-02
  3.3021e+02   1.80e-02
  3.4080e+02   1.68e-02
  3.5173e+02   1.58e-02
  3.6301e+02   1.48e-02
  3.7465e+02   1.38e-02
  3.8666e+02   1.29e-02
  3.9905e+02   1.20e-02
  4.1185e+02   1.12e-02
  4.2506e+02   1.04e-02
  4.3868e+02   9.70e-03
  4.5275e+02   9.01e-03
  4.6727e+02   8.37e-03
  4.8225e+02   7.77e-03
  4.9771e+02   7.20e-03
  5.1367e+02   6.67e-03
  5.3014e+02   6.17e-03
  5.4714e+02   5.71e-03
  5.6468e+02   5.27e-03
  5.8278e+02   4.87e-03
  6.0147e+02   4.49e-03
  6.2075e+02   4.14e-03
  6.4066e+02   3.81e-03
  6.6120e+02   3.50e-03
  6.8240e+02   3.22e-03
  7.0428e+02   2.96e-03
  7.2686e+02   2.72e-03
  7.5017e+02   2.49e-03
  7.7422e+02   2.28e-03
  7.9904e+02   2.09e-03
  8.2466e+02   1.91e-03
  8.5110e+02   1.75e-03
  8.7839e+02   1.60e-03
  9.0656e+02   1.46e-03
  9.3562e+02   1.33e-03
  9.6562e+02   1.21e-03
  9.9658e+02   1.10e-03
  1.0285e+03   1.01e-03
  1.0615e+03   9.14e-04
  1.0956e+03   8.32e-04
  1.1307e+03   7.57e-04
  1.1669e+03   6.87e-04
  1.2043e+03   6.23e-04
  1.2430e+03   5.66e-04
  1.2828e+03   5.13e-04
  1.3239e+03   4.64e-04
  1.3664e+03   4.21e-04
  1.4102e+03   3.81e-04
  1.4554e+03   3.44e-04
  1.5021e+03   3.10e-04
  1.5502e+03   2.81e-04
  1.6000e+03   2.53e-04
  1.6513e+03   2.27e-04
  1.7042e+03   2.04e-04
  1.7588e+03   1.84e-04
  1.8152e+03   1.65e-04
  1.8734e+03   1.48e-04
  1.9335e+03   1.33e-04
  1.9955e+03   1.19e-04
  2.0595e+03   1.06e-04
  2.1255e+03   9.48e-05
  2.1937e+03   8.50e-05
  2.2640e+03   7.58e-05
  2.3366e+03   6.73e-05
  2.4115e+03   5.99e-05
  2.4888e+03   5.34e-05
  2.5686e+03   4.73e-05
  2.6510e+03   4.16e-05
  2.7360e+03   3.70e-05
  2.8237e+03   3.28e-05
  2.9142e+03   2.88e-05
  3.0077e+03   2.53e-05
  3.1041e+03   2.24e-05
  3.2036e+03   1.96e-05
  3.3064e+03   1.71e-05
  3.4124e+03   1.49e-05
  3.5218e+03   1.31e-05
  3.6347e+03   1.14e-05
  3.7512e+03   9.80e-06
  3.8715e+03   8.59e-06
  3.9957e+03   7.46e-06
  4.1238e+03   6.42e-06
  4.2560e+03   5.51e-06
  4.3924e+03   4.79e-06
  4.5333e+03   4.12e-06
  4.6786e+03   3.49e-06
  4.8286e+03   3.00e-06
  4.9835e+03   2.58e-06
  5.1433e+03   2.19e-06
  5.3082e+03   1.84e-06
  5.4784e+03   1.58e-06
  5.6540e+03   1.34e-06
  5.8353e+03   1.13e-06
  6.0224e+03   9.46e-07
  6.2155e+03   8.05e-07
  6.4148e+03   6.77e-07
  6.6205e+03   5.60e-07
  6.8327e+03   4.72e-07
  7.0518e+03   3.98e-07
  7.2779e+03   3.32e-07
  7.5113e+03   2.73e-07
  7.7521e+03   2.31e-07
  8.0007e+03   1.93e-07
  8.2572e+03   1.59e-07
  8.5219e+03   1.31e-07
  8.7952e+03   1.10e-07
  9.0772e+03   9.09e-08
  9.3682e+03   7.41e-08
  9.6686e+03   6.16e-08
  9.9786e+03   5.10e-08
  1.0299e+04   4.18e-08
  1.0629e+04   3.40e-08
  1.0970e+04   2.79e-08
  1.1321e+04   2.27e-08
  1.1684e+04   1.82e-08
  1.2059e+04   1.45e-08
  1.2446e+04   1.15e-08
  1.2845e+04   8.95e-09
  1.3256e+04   6.86e-09
  1.3681e+04   5.19e-09
  1.4120e+04   3.86e-09
  1.4573e+04   2.80e-09
  1.5040e+04   2.00e-09
  1.5522e+04   1.42e-09
  1.6020e+04   9.83e-10
