#  E [MeV]   Flux [# cm^{-2} s^{-1}  MeV^{-1}]
  3.0000e+04   1.94e-27
  3.1232e+04   1.87e-27
  3.2514e+04   1.80e-27
  3.3849e+04   1.73e-27
  3.5238e+04   1.66e-27
  3.6685e+04   1.59e-27
  3.8191e+04   1.53e-27
  3.9759e+04   1.47e-27
  4.1391e+04   1.41e-27
  4.3090e+04   1.35e-27
  4.4859e+04   1.30e-27
  4.6701e+04   1.24e-27
  4.8618e+04   1.19e-27
  5.0614e+04   1.14e-27
  5.2692e+04   1.09e-27
  5.4855e+04   1.05e-27
  5.7107e+04   1.00e-27
  5.9451e+04   9.61e-28
  6.1892e+04   9.20e-28
  6.4433e+04   8.80e-28
  6.7078e+04   8.42e-28
  6.9832e+04   8.05e-28
  7.2699e+04   7.70e-28
  7.5683e+04   7.36e-28
  7.8790e+04   7.03e-28
  8.2025e+04   6.72e-28
  8.5392e+04   6.41e-28
  8.8898e+04   6.12e-28
  9.2547e+04   5.84e-28
  9.6347e+04   5.57e-28
  1.0030e+05   5.31e-28
  1.0442e+05   5.07e-28
  1.0871e+05   4.83e-28
  1.1317e+05   4.60e-28
  1.1782e+05   4.38e-28
  1.2265e+05   4.17e-28
  1.2769e+05   3.96e-28
  1.3293e+05   3.77e-28
  1.3839e+05   3.58e-28
  1.4407e+05   3.40e-28
  1.4998e+05   3.23e-28
  1.5614e+05   3.06e-28
  1.6255e+05   2.90e-28
  1.6922e+05   2.75e-28
  1.7617e+05   2.61e-28
  1.8340e+05   2.47e-28
  1.9093e+05   2.33e-28
  1.9877e+05   2.21e-28
  2.0693e+05   2.08e-28
  2.1543e+05   1.97e-28
  2.2427e+05   1.85e-28
  2.3348e+05   1.75e-28
  2.4306e+05   1.65e-28
  2.5304e+05   1.55e-28
  2.6343e+05   1.45e-28
  2.7424e+05   1.37e-28
  2.8550e+05   1.28e-28
  2.9722e+05   1.20e-28
  3.0942e+05   1.12e-28
  3.2213e+05   1.05e-28
  3.3535e+05   9.82e-29
  3.4912e+05   9.17e-29
  3.6345e+05   8.55e-29
  3.7837e+05   7.96e-29
  3.9390e+05   7.41e-29
  4.1008e+05   6.88e-29
  4.2691e+05   6.39e-29
  4.4444e+05   5.92e-29
  4.6268e+05   5.49e-29
  4.8168e+05   5.08e-29
  5.0145e+05   4.69e-29
  5.2204e+05   4.34e-29
  5.4347e+05   4.00e-29
  5.6578e+05   3.69e-29
  5.8901e+05   3.40e-29
  6.1319e+05   3.13e-29
  6.3836e+05   2.88e-29
  6.6457e+05   2.64e-29
  6.9185e+05   2.43e-29
  7.2025e+05   2.23e-29
  7.4982e+05   2.05e-29
  7.8061e+05   1.88e-29
  8.1265e+05   1.73e-29
  8.4601e+05   1.59e-29
  8.8075e+05   1.46e-29
  9.1690e+05   1.34e-29
  9.5455e+05   1.23e-29
  9.9373e+05   1.13e-29
  1.0345e+06   1.03e-29
  1.0770e+06   9.50e-30
  1.1212e+06   8.73e-30
  1.1672e+06   8.02e-30
  1.2152e+06   7.38e-30
  1.2650e+06   6.79e-30
  1.3170e+06   6.25e-30
  1.3711e+06   5.76e-30
  1.4273e+06   5.31e-30
  1.4859e+06   4.89e-30
  1.5469e+06   4.52e-30
  1.6104e+06   4.17e-30
  1.6766e+06   3.85e-30
  1.7454e+06   3.56e-30
  1.8170e+06   3.29e-30
  1.8916e+06   3.04e-30
  1.9693e+06   2.82e-30
  2.0501e+06   2.61e-30
  2.1343e+06   2.41e-30
  2.2219e+06   2.23e-30
  2.3131e+06   2.07e-30
  2.4081e+06   1.91e-30
  2.5070e+06   1.77e-30
  2.6099e+06   1.64e-30
  2.7170e+06   1.52e-30
  2.8286e+06   1.41e-30
  2.9447e+06   1.30e-30
  3.0656e+06   1.20e-30
  3.1914e+06   1.11e-30
  3.3225e+06   1.03e-30
  3.4589e+06   9.51e-31
  3.6008e+06   8.78e-31
  3.7487e+06   8.09e-31
  3.9026e+06   7.46e-31
  4.0628e+06   6.86e-31
  4.2296e+06   6.30e-31
  4.4032e+06   5.78e-31
  4.5840e+06   5.29e-31
  4.7722e+06   4.84e-31
  4.9681e+06   4.42e-31
  5.1720e+06   4.03e-31
  5.3844e+06   3.66e-31
  5.6054e+06   3.32e-31
  5.8355e+06   3.00e-31
  6.0751e+06   2.70e-31
  6.3245e+06   2.43e-31
  6.5841e+06   2.17e-31
  6.8544e+06   1.93e-31
  7.1358e+06   1.71e-31
  7.4288e+06   1.51e-31
  7.7338e+06   1.33e-31
  8.0513e+06   1.16e-31
  8.3818e+06   1.00e-31
  8.7259e+06   8.62e-32
  9.0841e+06   7.35e-32
  9.4571e+06   6.21e-32
  9.8453e+06   5.19e-32
  1.0249e+07   4.29e-32
  1.0670e+07   3.50e-32
  1.1108e+07   2.82e-32
  1.1564e+07   2.23e-32
  1.2039e+07   1.74e-32
  1.2533e+07   1.33e-32
  1.3048e+07   9.90e-33
  1.3584e+07   7.21e-33
  1.4141e+07   5.10e-33
  1.4722e+07   3.50e-33
  1.5326e+07   2.31e-33
  1.5955e+07   1.47e-33
  1.6610e+07   8.89e-34
  1.7292e+07   5.11e-34
  1.8002e+07   2.77e-34
  1.8741e+07   1.40e-34
  1.9511e+07   6.51e-35
  2.0312e+07   2.76e-35
  2.1145e+07   1.05e-35
  2.2013e+07   3.55e-36
  2.2917e+07   1.03e-36
  2.3858e+07   2.53e-37
  2.4837e+07   5.07e-38
  2.5857e+07   8.02e-39
  2.6919e+07   9.56e-40
  2.8024e+07   8.14e-41
  2.9174e+07   4.62e-42
  3.0372e+07   1.61e-43
  3.1619e+07   3.10e-45
  3.2917e+07   2.90e-47
  3.4268e+07   1.12e-49
  3.5675e+07   1.44e-52
  3.7140e+07   4.73e-56
  3.8664e+07   2.83e-60
  4.0252e+07   1.96e-65
  4.1904e+07   1.04e-71
  4.3624e+07   9.86e-72
  4.5415e+07   9.31e-72
  4.7280e+07   8.80e-72
  4.9221e+07   8.31e-72
  5.1241e+07   7.84e-72
  5.3345e+07   7.41e-72
  5.5535e+07   6.99e-72
  5.7815e+07   6.60e-72
  6.0188e+07   6.22e-72
  6.2659e+07   5.86e-72
  6.5232e+07   5.52e-72
  6.7910e+07   5.19e-72
  7.0698e+07   4.88e-72
  7.3600e+07   4.59e-72
  7.6621e+07   4.30e-72
  7.9767e+07   4.02e-72
  8.3042e+07   3.77e-72
  8.6451e+07   3.54e-72
  9.0000e+07   3.33e-72
