#  E [GeV]   # per interaction  [GeV^{-1}]
  3.0000e+01   3.66e-01
  3.0872e+01   3.54e-01
  3.1770e+01   3.42e-01
  3.2694e+01   3.31e-01
  3.3644e+01   3.20e-01
  3.4623e+01   3.09e-01
  3.5629e+01   2.98e-01
  3.6665e+01   2.88e-01
  3.7731e+01   2.78e-01
  3.8829e+01   2.69e-01
  3.9958e+01   2.59e-01
  4.1119e+01   2.50e-01
  4.2315e+01   2.42e-01
  4.3545e+01   2.33e-01
  4.4812e+01   2.25e-01
  4.6115e+01   2.17e-01
  4.7456e+01   2.09e-01
  4.8835e+01   2.02e-01
  5.0255e+01   1.94e-01
  5.1717e+01   1.87e-01
  5.3220e+01   1.80e-01
  5.4768e+01   1.74e-01
  5.6360e+01   1.67e-01
  5.7999e+01   1.61e-01
  5.9686e+01   1.55e-01
  6.1421e+01   1.49e-01
  6.3207e+01   1.43e-01
  6.5045e+01   1.38e-01
  6.6936e+01   1.32e-01
  6.8882e+01   1.27e-01
  7.0885e+01   1.22e-01
  7.2947e+01   1.18e-01
  7.5068e+01   1.13e-01
  7.7250e+01   1.08e-01
  7.9496e+01   1.04e-01
  8.1808e+01   9.99e-02
  8.4187e+01   9.59e-02
  8.6635e+01   9.20e-02
  8.9154e+01   8.82e-02
  9.1746e+01   8.46e-02
  9.4414e+01   8.11e-02
  9.7159e+01   7.77e-02
  9.9984e+01   7.45e-02
  1.0289e+02   7.13e-02
  1.0588e+02   6.83e-02
  1.0896e+02   6.54e-02
  1.1213e+02   6.26e-02
  1.1539e+02   5.99e-02
  1.1875e+02   5.73e-02
  1.2220e+02   5.48e-02
  1.2575e+02   5.23e-02
  1.2941e+02   5.00e-02
  1.3317e+02   4.78e-02
  1.3704e+02   4.56e-02
  1.4103e+02   4.36e-02
  1.4513e+02   4.16e-02
  1.4935e+02   3.97e-02
  1.5369e+02   3.79e-02
  1.5816e+02   3.61e-02
  1.6276e+02   3.44e-02
  1.6749e+02   3.28e-02
  1.7236e+02   3.13e-02
  1.7737e+02   2.98e-02
  1.8253e+02   2.84e-02
  1.8784e+02   2.70e-02
  1.9330e+02   2.57e-02
  1.9892e+02   2.45e-02
  2.0470e+02   2.33e-02
  2.1066e+02   2.21e-02
  2.1678e+02   2.10e-02
  2.2309e+02   2.00e-02
  2.2957e+02   1.90e-02
  2.3625e+02   1.80e-02
  2.4312e+02   1.71e-02
  2.5019e+02   1.62e-02
  2.5746e+02   1.54e-02
  2.6495e+02   1.45e-02
  2.7265e+02   1.38e-02
  2.8058e+02   1.30e-02
  2.8874e+02   1.23e-02
  2.9713e+02   1.17e-02
  3.0577e+02   1.10e-02
  3.1466e+02   1.04e-02
  3.2381e+02   9.87e-03
  3.3323e+02   9.32e-03
  3.4292e+02   8.80e-03
  3.5289e+02   8.30e-03
  3.6315e+02   7.83e-03
  3.7371e+02   7.39e-03
  3.8457e+02   6.96e-03
  3.9576e+02   6.55e-03
  4.0726e+02   6.17e-03
  4.1911e+02   5.81e-03
  4.3129e+02   5.46e-03
  4.4383e+02   5.14e-03
  4.5674e+02   4.83e-03
  4.7002e+02   4.53e-03
  4.8368e+02   4.25e-03
  4.9775e+02   3.99e-03
  5.1222e+02   3.74e-03
  5.2712e+02   3.51e-03
  5.4244e+02   3.28e-03
  5.5821e+02   3.08e-03
  5.7445e+02   2.88e-03
  5.9115e+02   2.69e-03
  6.0834e+02   2.52e-03
  6.2603e+02   2.35e-03
  6.4423e+02   2.20e-03
  6.6296e+02   2.05e-03
  6.8224e+02   1.91e-03
  7.0208e+02   1.78e-03
  7.2249e+02   1.67e-03
  7.4350e+02   1.55e-03
  7.6512e+02   1.44e-03
  7.8736e+02   1.35e-03
  8.1026e+02   1.25e-03
  8.3382e+02   1.17e-03
  8.5806e+02   1.08e-03
  8.8301e+02   1.01e-03
  9.0869e+02   9.36e-04
  9.3511e+02   8.69e-04
  9.6230e+02   8.05e-04
  9.9028e+02   7.47e-04
  1.0191e+03   6.93e-04
  1.0487e+03   6.42e-04
  1.0792e+03   5.94e-04
  1.1106e+03   5.50e-04
  1.1429e+03   5.10e-04
  1.1761e+03   4.71e-04
  1.2103e+03   4.35e-04
  1.2455e+03   4.02e-04
  1.2817e+03   3.72e-04
  1.3190e+03   3.44e-04
  1.3573e+03   3.17e-04
  1.3968e+03   2.92e-04
  1.4374e+03   2.70e-04
  1.4792e+03   2.49e-04
  1.5222e+03   2.29e-04
  1.5665e+03   2.10e-04
  1.6120e+03   1.94e-04
  1.6589e+03   1.79e-04
  1.7071e+03   1.64e-04
  1.7568e+03   1.51e-04
  1.8079e+03   1.39e-04
  1.8604e+03   1.27e-04
  1.9145e+03   1.17e-04
  1.9702e+03   1.07e-04
  2.0275e+03   9.85e-05
  2.0864e+03   9.03e-05
  2.1471e+03   8.26e-05
  2.2095e+03   7.56e-05
  2.2738e+03   6.95e-05
  2.3399e+03   6.37e-05
  2.4079e+03   5.82e-05
  2.4779e+03   5.32e-05
  2.5500e+03   4.89e-05
  2.6241e+03   4.48e-05
  2.7004e+03   4.10e-05
  2.7790e+03   3.74e-05
  2.8598e+03   3.44e-05
  2.9429e+03   3.16e-05
  3.0285e+03   2.89e-05
  3.1165e+03   2.64e-05
  3.2072e+03   2.44e-05
  3.3004e+03   2.24e-05
  3.3964e+03   2.06e-05
  3.4951e+03   1.89e-05
  3.5968e+03   1.75e-05
  3.7013e+03   1.62e-05
  3.8090e+03   1.50e-05
  3.9197e+03   1.38e-05
  4.0337e+03   1.29e-05
  4.1510e+03   1.21e-05
  4.2717e+03   1.13e-05
  4.3959e+03   1.05e-05
  4.5237e+03   9.94e-06
  4.6552e+03   9.39e-06
  4.7906e+03   8.87e-06
  4.9299e+03   8.39e-06
  5.0732e+03   8.03e-06
  5.2208e+03   7.69e-06
  5.3726e+03   7.35e-06
  5.5288e+03   7.06e-06
  5.6895e+03   6.91e-06
  5.8550e+03   6.76e-06
  6.0252e+03   6.61e-06
  6.2004e+03   6.49e-06
  6.3807e+03   6.53e-06
  6.5662e+03   6.56e-06
  6.7572e+03   6.57e-06
  6.9536e+03   6.62e-06
  7.1558e+03   7.03e-06
  7.3639e+03   7.38e-06
  7.5780e+03   7.70e-06
  7.7984e+03   8.08e-06
  8.0251e+03   9.41e-06
  8.2585e+03   1.06e-05
  8.4986e+03   1.17e-05
  8.7457e+03   1.24e-05
  9.0000e+03   1.14e-05
