#  E [MeV]   Flux [# cm^{-2} s^{-1}  MeV^{-1}]
  3.0000e+04   3.69e-22
  3.0607e+04   3.57e-22
  3.1227e+04   3.45e-22
  3.1859e+04   3.34e-22
  3.2504e+04   3.23e-22
  3.3163e+04   3.13e-22
  3.3834e+04   3.03e-22
  3.4519e+04   2.93e-22
  3.5218e+04   2.83e-22
  3.5931e+04   2.73e-22
  3.6659e+04   2.64e-22
  3.7401e+04   2.56e-22
  3.8158e+04   2.47e-22
  3.8931e+04   2.39e-22
  3.9719e+04   2.30e-22
  4.0523e+04   2.22e-22
  4.1344e+04   2.15e-22
  4.2181e+04   2.07e-22
  4.3035e+04   2.00e-22
  4.3906e+04   1.93e-22
  4.4795e+04   1.86e-22
  4.5702e+04   1.79e-22
  4.6628e+04   1.73e-22
  4.7572e+04   1.67e-22
  4.8535e+04   1.61e-22
  4.9517e+04   1.55e-22
  5.0520e+04   1.49e-22
  5.1543e+04   1.44e-22
  5.2587e+04   1.38e-22
  5.3651e+04   1.33e-22
  5.4738e+04   1.28e-22
  5.5846e+04   1.23e-22
  5.6977e+04   1.19e-22
  5.8130e+04   1.14e-22
  5.9307e+04   1.10e-22
  6.0508e+04   1.06e-22
  6.1733e+04   1.01e-22
  6.2983e+04   9.75e-23
  6.4258e+04   9.37e-23
  6.5559e+04   9.00e-23
  6.6887e+04   8.64e-23
  6.8241e+04   8.29e-23
  6.9623e+04   7.96e-23
  7.1033e+04   7.64e-23
  7.2471e+04   7.33e-23
  7.3938e+04   7.03e-23
  7.5435e+04   6.73e-23
  7.6963e+04   6.45e-23
  7.8521e+04   6.18e-23
  8.0111e+04   5.92e-23
  8.1733e+04   5.67e-23
  8.3388e+04   5.42e-23
  8.5076e+04   5.19e-23
  8.6799e+04   4.96e-23
  8.8556e+04   4.74e-23
  9.0349e+04   4.53e-23
  9.2178e+04   4.33e-23
  9.4045e+04   4.13e-23
  9.5949e+04   3.95e-23
  9.7892e+04   3.76e-23
  9.9874e+04   3.59e-23
  1.0190e+05   3.43e-23
  1.0396e+05   3.27e-23
  1.0606e+05   3.11e-23
  1.0821e+05   2.97e-23
  1.1040e+05   2.82e-23
  1.1264e+05   2.69e-23
  1.1492e+05   2.56e-23
  1.1725e+05   2.44e-23
  1.1962e+05   2.31e-23
  1.2204e+05   2.20e-23
  1.2451e+05   2.09e-23
  1.2703e+05   1.98e-23
  1.2961e+05   1.88e-23
  1.3223e+05   1.79e-23
  1.3491e+05   1.69e-23
  1.3764e+05   1.60e-23
  1.4043e+05   1.52e-23
  1.4327e+05   1.44e-23
  1.4617e+05   1.37e-23
  1.4913e+05   1.29e-23
  1.5215e+05   1.22e-23
  1.5523e+05   1.15e-23
  1.5837e+05   1.09e-23
  1.6158e+05   1.03e-23
  1.6485e+05   9.72e-24
  1.6819e+05   9.17e-24
  1.7159e+05   8.63e-24
  1.7507e+05   8.11e-24
  1.7861e+05   7.65e-24
  1.8223e+05   7.21e-24
  1.8592e+05   6.78e-24
  1.8968e+05   6.37e-24
  1.9352e+05   5.97e-24
  1.9744e+05   5.60e-24
  2.0144e+05   5.27e-24
  2.0552e+05   4.95e-24
  2.0968e+05   4.64e-24
  2.1392e+05   4.34e-24
  2.1826e+05   4.05e-24
  2.2267e+05   3.79e-24
  2.2718e+05   3.56e-24
  2.3178e+05   3.33e-24
  2.3648e+05   3.11e-24
  2.4126e+05   2.90e-24
  2.4615e+05   2.69e-24
  2.5113e+05   2.52e-24
  2.5622e+05   2.35e-24
  2.6141e+05   2.20e-24
  2.6670e+05   2.04e-24
  2.7210e+05   1.90e-24
  2.7761e+05   1.75e-24
  2.8323e+05   1.64e-24
  2.8896e+05   1.53e-24
  2.9481e+05   1.42e-24
  3.0078e+05   1.31e-24
  3.0687e+05   1.21e-24
  3.1309e+05   1.12e-24
  3.1943e+05   1.04e-24
  3.2589e+05   9.65e-25
  3.3249e+05   8.92e-25
  3.3922e+05   8.22e-25
  3.4609e+05   7.54e-25
  3.5310e+05   6.96e-25
  3.6025e+05   6.44e-25
  3.6754e+05   5.95e-25
  3.7498e+05   5.47e-25
  3.8258e+05   5.02e-25
  3.9032e+05   4.58e-25
  3.9823e+05   4.22e-25
  4.0629e+05   3.89e-25
  4.1452e+05   3.58e-25
  4.2291e+05   3.28e-25
  4.3147e+05   2.99e-25
  4.4021e+05   2.71e-25
  4.4912e+05   2.50e-25
  4.5821e+05   2.30e-25
  4.6749e+05   2.10e-25
  4.7696e+05   1.92e-25
  4.8661e+05   1.74e-25
  4.9647e+05   1.58e-25
  5.0652e+05   1.45e-25
  5.1678e+05   1.33e-25
  5.2724e+05   1.21e-25
  5.3791e+05   1.10e-25
  5.4881e+05   9.88e-26
  5.5992e+05   8.98e-26
  5.7125e+05   8.22e-26
  5.8282e+05   7.50e-26
  5.9462e+05   6.80e-26
  6.0666e+05   6.13e-26
  6.1894e+05   5.50e-26
  6.3148e+05   5.01e-26
  6.4426e+05   4.57e-26
  6.5731e+05   4.14e-26
  6.7061e+05   3.74e-26
  6.8419e+05   3.35e-26
  6.9805e+05   2.99e-26
  7.1218e+05   2.73e-26
  7.2660e+05   2.49e-26
  7.4131e+05   2.25e-26
  7.5632e+05   2.03e-26
  7.7163e+05   1.81e-26
  7.8726e+05   1.62e-26
  8.0320e+05   1.49e-26
  8.1946e+05   1.35e-26
  8.3605e+05   1.22e-26
  8.5298e+05   1.10e-26
  8.7025e+05   9.86e-27
  8.8787e+05   8.94e-27
  9.0585e+05   8.19e-27
  9.2419e+05   7.47e-27
  9.4290e+05   6.78e-27
  9.6199e+05   6.12e-27
  9.8147e+05   5.49e-27
  1.0013e+06   5.06e-27
  1.0216e+06   4.67e-27
  1.0423e+06   4.30e-27
  1.0634e+06   3.94e-27
  1.0849e+06   3.60e-27
  1.1069e+06   3.29e-27
  1.1293e+06   3.07e-27
  1.1522e+06   2.86e-27
  1.1755e+06   2.66e-27
  1.1993e+06   2.46e-27
  1.2236e+06   2.28e-27
  1.2484e+06   2.11e-27
  1.2736e+06   1.98e-27
  1.2994e+06   1.85e-27
  1.3257e+06   1.73e-27
  1.3526e+06   1.62e-27
  1.3800e+06   1.50e-27
  1.4079e+06   1.40e-27
  1.4364e+06   1.31e-27
  1.4655e+06   1.23e-27
  1.4952e+06   1.15e-27
  1.5255e+06   1.07e-27
  1.5563e+06   9.90e-28
  1.5879e+06   9.36e-28
  1.6200e+06   8.88e-28
