#  E [GeV]   # per interaction  [GeV^{-1}]
  3.0000e+01   4.93e-01
  3.0854e+01   4.77e-01
  3.1733e+01   4.61e-01
  3.2636e+01   4.46e-01
  3.3566e+01   4.32e-01
  3.4521e+01   4.17e-01
  3.5504e+01   4.03e-01
  3.6515e+01   3.89e-01
  3.7555e+01   3.76e-01
  3.8625e+01   3.63e-01
  3.9724e+01   3.51e-01
  4.0855e+01   3.39e-01
  4.2019e+01   3.27e-01
  4.3215e+01   3.15e-01
  4.4446e+01   3.04e-01
  4.5711e+01   2.93e-01
  4.7013e+01   2.83e-01
  4.8352e+01   2.72e-01
  4.9728e+01   2.62e-01
  5.1144e+01   2.53e-01
  5.2601e+01   2.43e-01
  5.4099e+01   2.34e-01
  5.5639e+01   2.25e-01
  5.7223e+01   2.16e-01
  5.8853e+01   2.08e-01
  6.0528e+01   2.00e-01
  6.2252e+01   1.92e-01
  6.4025e+01   1.85e-01
  6.5848e+01   1.77e-01
  6.7723e+01   1.70e-01
  6.9651e+01   1.63e-01
  7.1634e+01   1.57e-01
  7.3674e+01   1.50e-01
  7.5772e+01   1.44e-01
  7.7929e+01   1.38e-01
  8.0148e+01   1.32e-01
  8.2431e+01   1.27e-01
  8.4778e+01   1.21e-01
  8.7192e+01   1.16e-01
  8.9674e+01   1.11e-01
  9.2228e+01   1.06e-01
  9.4854e+01   1.02e-01
  9.7555e+01   9.70e-02
  1.0033e+02   9.26e-02
  1.0319e+02   8.84e-02
  1.0613e+02   8.44e-02
  1.0915e+02   8.05e-02
  1.1226e+02   7.68e-02
  1.1545e+02   7.32e-02
  1.1874e+02   6.98e-02
  1.2212e+02   6.65e-02
  1.2560e+02   6.34e-02
  1.2918e+02   6.04e-02
  1.3286e+02   5.74e-02
  1.3664e+02   5.47e-02
  1.4053e+02   5.20e-02
  1.4453e+02   4.95e-02
  1.4865e+02   4.70e-02
  1.5288e+02   4.47e-02
  1.5723e+02   4.24e-02
  1.6171e+02   4.03e-02
  1.6631e+02   3.82e-02
  1.7105e+02   3.63e-02
  1.7592e+02   3.44e-02
  1.8093e+02   3.26e-02
  1.8608e+02   3.08e-02
  1.9138e+02   2.92e-02
  1.9683e+02   2.76e-02
  2.0243e+02   2.61e-02
  2.0820e+02   2.46e-02
  2.1413e+02   2.33e-02
  2.2022e+02   2.19e-02
  2.2649e+02   2.07e-02
  2.3294e+02   1.95e-02
  2.3958e+02   1.84e-02
  2.4640e+02   1.73e-02
  2.5341e+02   1.63e-02
  2.6063e+02   1.53e-02
  2.6805e+02   1.44e-02
  2.7568e+02   1.35e-02
  2.8353e+02   1.27e-02
  2.9161e+02   1.19e-02
  2.9991e+02   1.11e-02
  3.0845e+02   1.04e-02
  3.1723e+02   9.74e-03
  3.2627e+02   9.10e-03
  3.3556e+02   8.50e-03
  3.4511e+02   7.94e-03
  3.5494e+02   7.41e-03
  3.6504e+02   6.90e-03
  3.7544e+02   6.42e-03
  3.8613e+02   5.98e-03
  3.9712e+02   5.56e-03
  4.0843e+02   5.16e-03
  4.2006e+02   4.78e-03
  4.3202e+02   4.44e-03
  4.4432e+02   4.12e-03
  4.5698e+02   3.81e-03
  4.6999e+02   3.52e-03
  4.8337e+02   3.25e-03
  4.9713e+02   3.01e-03
  5.1129e+02   2.77e-03
  5.2585e+02   2.55e-03
  5.4082e+02   2.35e-03
  5.5622e+02   2.17e-03
  5.7206e+02   1.99e-03
  5.8835e+02   1.83e-03
  6.0510e+02   1.68e-03
  6.2233e+02   1.54e-03
  6.4005e+02   1.42e-03
  6.5828e+02   1.29e-03
  6.7702e+02   1.18e-03
  6.9630e+02   1.09e-03
  7.1613e+02   9.93e-04
  7.3652e+02   9.06e-04
  7.5749e+02   8.25e-04
  7.7906e+02   7.55e-04
  8.0124e+02   6.88e-04
  8.2406e+02   6.26e-04
  8.4752e+02   5.68e-04
  8.7165e+02   5.19e-04
  8.9647e+02   4.72e-04
  9.2200e+02   4.29e-04
  9.4825e+02   3.88e-04
  9.7526e+02   3.53e-04
  1.0030e+03   3.21e-04
  1.0316e+03   2.91e-04
  1.0610e+03   2.63e-04
  1.0912e+03   2.39e-04
  1.1222e+03   2.17e-04
  1.1542e+03   1.96e-04
  1.1871e+03   1.77e-04
  1.2209e+03   1.60e-04
  1.2556e+03   1.45e-04
  1.2914e+03   1.31e-04
  1.3281e+03   1.18e-04
  1.3660e+03   1.07e-04
  1.4049e+03   9.67e-05
  1.4449e+03   8.73e-05
  1.4860e+03   7.84e-05
  1.5283e+03   7.07e-05
  1.5718e+03   6.40e-05
  1.6166e+03   5.76e-05
  1.6626e+03   5.17e-05
  1.7100e+03   4.65e-05
  1.7587e+03   4.20e-05
  1.8087e+03   3.78e-05
  1.8602e+03   3.39e-05
  1.9132e+03   3.04e-05
  1.9677e+03   2.74e-05
  2.0237e+03   2.47e-05
  2.0813e+03   2.21e-05
  2.1406e+03   1.98e-05
  2.2016e+03   1.78e-05
  2.2642e+03   1.60e-05
  2.3287e+03   1.43e-05
  2.3950e+03   1.28e-05
  2.4632e+03   1.15e-05
  2.5334e+03   1.04e-05
  2.6055e+03   9.25e-06
  2.6797e+03   8.22e-06
  2.7560e+03   7.41e-06
  2.8345e+03   6.65e-06
  2.9152e+03   5.94e-06
  2.9982e+03   5.26e-06
  3.0836e+03   4.74e-06
  3.1714e+03   4.25e-06
  3.2617e+03   3.79e-06
  3.3545e+03   3.36e-06
  3.4501e+03   3.01e-06
  3.5483e+03   2.69e-06
  3.6493e+03   2.39e-06
  3.7532e+03   2.11e-06
  3.8601e+03   1.89e-06
  3.9700e+03   1.69e-06
  4.0831e+03   1.51e-06
  4.1993e+03   1.33e-06
  4.3189e+03   1.19e-06
  4.4419e+03   1.07e-06
  4.5684e+03   9.58e-07
  4.6985e+03   8.51e-07
  4.8322e+03   7.67e-07
  4.9698e+03   6.98e-07
  5.1114e+03   6.33e-07
  5.2569e+03   5.72e-07
  5.4066e+03   5.21e-07
  5.5605e+03   4.80e-07
  5.7189e+03   4.40e-07
  5.8817e+03   4.03e-07
  6.0492e+03   3.71e-07
  6.2214e+03   3.46e-07
  6.3986e+03   3.21e-07
  6.5808e+03   2.98e-07
  6.7682e+03   2.77e-07
  6.9609e+03   2.59e-07
  7.1591e+03   2.43e-07
  7.3630e+03   2.26e-07
  7.5726e+03   2.11e-07
  7.7882e+03   1.97e-07
  8.0100e+03   1.83e-07
