#  E [MeV]   Flux [# cm^{-2} s^{-1}  MeV^{-1}]
  3.0000e+04   1.27e-25
  3.1232e+04   1.21e-25
  3.2514e+04   1.15e-25
  3.3849e+04   1.10e-25
  3.5238e+04   1.05e-25
  3.6685e+04   9.98e-26
  3.8191e+04   9.50e-26
  3.9759e+04   9.05e-26
  4.1391e+04   8.61e-26
  4.3090e+04   8.20e-26
  4.4859e+04   7.80e-26
  4.6701e+04   7.42e-26
  4.8618e+04   7.06e-26
  5.0614e+04   6.72e-26
  5.2692e+04   6.39e-26
  5.4855e+04   6.08e-26
  5.7107e+04   5.78e-26
  5.9451e+04   5.49e-26
  6.1892e+04   5.22e-26
  6.4433e+04   4.96e-26
  6.7078e+04   4.71e-26
  6.9832e+04   4.47e-26
  7.2699e+04   4.25e-26
  7.5683e+04   4.03e-26
  7.8790e+04   3.83e-26
  8.2025e+04   3.63e-26
  8.5392e+04   3.44e-26
  8.8898e+04   3.27e-26
  9.2547e+04   3.10e-26
  9.6347e+04   2.94e-26
  1.0030e+05   2.79e-26
  1.0442e+05   2.64e-26
  1.0871e+05   2.50e-26
  1.1317e+05   2.37e-26
  1.1782e+05   2.24e-26
  1.2265e+05   2.13e-26
  1.2769e+05   2.01e-26
  1.3293e+05   1.90e-26
  1.3839e+05   1.80e-26
  1.4407e+05   1.70e-26
  1.4998e+05   1.61e-26
  1.5614e+05   1.52e-26
  1.6255e+05   1.44e-26
  1.6922e+05   1.36e-26
  1.7617e+05   1.28e-26
  1.8340e+05   1.21e-26
  1.9093e+05   1.15e-26
  1.9877e+05   1.08e-26
  2.0693e+05   1.02e-26
  2.1543e+05   9.61e-27
  2.2427e+05   9.05e-27
  2.3348e+05   8.53e-27
  2.4306e+05   8.03e-27
  2.5304e+05   7.56e-27
  2.6343e+05   7.11e-27
  2.7424e+05   6.68e-27
  2.8550e+05   6.28e-27
  2.9722e+05   5.90e-27
  3.0942e+05   5.54e-27
  3.2213e+05   5.20e-27
  3.3535e+05   4.87e-27
  3.4912e+05   4.56e-27
  3.6345e+05   4.28e-27
  3.7837e+05   4.00e-27
  3.9390e+05   3.74e-27
  4.1008e+05   3.50e-27
  4.2691e+05   3.27e-27
  4.4444e+05   3.05e-27
  4.6268e+05   2.85e-27
  4.8168e+05   2.66e-27
  5.0145e+05   2.48e-27
  5.2204e+05   2.31e-27
  5.4347e+05   2.15e-27
  5.6578e+05   2.00e-27
  5.8901e+05   1.86e-27
  6.1319e+05   1.72e-27
  6.3836e+05   1.60e-27
  6.6457e+05   1.49e-27
  6.9185e+05   1.38e-27
  7.2025e+05   1.28e-27
  7.4982e+05   1.18e-27
  7.8061e+05   1.10e-27
  8.1265e+05   1.02e-27
  8.4601e+05   9.40e-28
  8.8075e+05   8.70e-28
  9.1690e+05   8.05e-28
  9.5455e+05   7.44e-28
  9.9373e+05   6.87e-28
  1.0345e+06   6.35e-28
  1.0770e+06   5.86e-28
  1.1212e+06   5.41e-28
  1.1672e+06   4.99e-28
  1.2152e+06   4.60e-28
  1.2650e+06   4.25e-28
  1.3170e+06   3.92e-28
  1.3711e+06   3.61e-28
  1.4273e+06   3.33e-28
  1.4859e+06   3.07e-28
  1.5469e+06   2.83e-28
  1.6104e+06   2.61e-28
  1.6766e+06   2.41e-28
  1.7454e+06   2.22e-28
  1.8170e+06   2.05e-28
  1.8916e+06   1.89e-28
  1.9693e+06   1.74e-28
  2.0501e+06   1.61e-28
  2.1343e+06   1.48e-28
  2.2219e+06   1.36e-28
  2.3131e+06   1.25e-28
  2.4081e+06   1.15e-28
  2.5070e+06   1.05e-28
  2.6099e+06   9.67e-29
  2.7170e+06   8.85e-29
  2.8286e+06   8.11e-29
  2.9447e+06   7.41e-29
  3.0656e+06   6.77e-29
  3.1914e+06   6.18e-29
  3.3225e+06   5.63e-29
  3.4589e+06   5.12e-29
  3.6008e+06   4.65e-29
  3.7487e+06   4.22e-29
  3.9026e+06   3.82e-29
  4.0628e+06   3.45e-29
  4.2296e+06   3.11e-29
  4.4032e+06   2.80e-29
  4.5840e+06   2.52e-29
  4.7722e+06   2.25e-29
  4.9681e+06   2.01e-29
  5.1720e+06   1.80e-29
  5.3844e+06   1.59e-29
  5.6054e+06   1.41e-29
  5.8355e+06   1.25e-29
  6.0751e+06   1.10e-29
  6.3245e+06   9.66e-30
  6.5841e+06   8.44e-30
  6.8544e+06   7.34e-30
  7.1358e+06   6.38e-30
  7.4288e+06   5.51e-30
  7.7338e+06   4.73e-30
  8.0513e+06   4.05e-30
  8.3818e+06   3.44e-30
  8.7259e+06   2.91e-30
  9.0841e+06   2.44e-30
  9.4571e+06   2.03e-30
  9.8453e+06   1.68e-30
  1.0249e+07   1.39e-30
  1.0670e+07   1.12e-30
  1.1108e+07   9.09e-31
  1.1564e+07   7.27e-31
  1.2039e+07   5.71e-31
  1.2533e+07   4.47e-31
  1.3048e+07   3.44e-31
  1.3584e+07   2.59e-31
  1.4141e+07   1.95e-31
  1.4722e+07   1.42e-31
  1.5326e+07   1.01e-31
  1.5955e+07   7.15e-32
  1.6610e+07   4.87e-32
  1.7292e+07   3.21e-32
  1.8002e+07   2.07e-32
  1.8741e+07   1.27e-32
  1.9511e+07   7.48e-33
  2.0312e+07   4.22e-33
  2.1145e+07   2.22e-33
  2.2013e+07   1.10e-33
  2.2917e+07   5.04e-34
  2.3858e+07   2.08e-34
  2.4837e+07   7.79e-35
  2.5857e+07   2.56e-35
  2.6919e+07   7.07e-36
  2.8024e+07   1.66e-36
  2.9174e+07   3.08e-37
  3.0372e+07   4.27e-38
  3.1619e+07   4.37e-39
  3.2917e+07   2.91e-40
  3.4268e+07   1.15e-41
  3.5675e+07   2.47e-43
  3.7140e+07   2.33e-45
  3.8664e+07   7.89e-48
  4.0252e+07   7.41e-51
  4.1904e+07   1.27e-54
  4.3624e+07   2.45e-59
  4.5415e+07   2.67e-65
  4.7280e+07   1.84e-72
  4.9221e+07   1.60e-72
  5.1241e+07   1.41e-72
  5.3345e+07   1.23e-72
  5.5535e+07   1.10e-72
  5.7815e+07   9.77e-73
  6.0188e+07   8.67e-73
  6.2659e+07   7.78e-73
  6.5232e+07   6.98e-73
  6.7910e+07   6.23e-73
  7.0698e+07   5.59e-73
  7.3600e+07   4.99e-73
  7.6621e+07   4.43e-73
  7.9767e+07   3.90e-73
  8.3042e+07   3.39e-73
  8.6451e+07   2.94e-73
  9.0000e+07   2.57e-73
