#  E [GeV]   # per interaction  [GeV^{-1}]
  3.0000e+01   1.05e+00
  3.1123e+01   1.01e+00
  3.2288e+01   9.61e-01
  3.3497e+01   9.18e-01
  3.4751e+01   8.77e-01
  3.6051e+01   8.38e-01
  3.7401e+01   8.00e-01
  3.8801e+01   7.64e-01
  4.0253e+01   7.29e-01
  4.1760e+01   6.96e-01
  4.3324e+01   6.64e-01
  4.4945e+01   6.34e-01
  4.6628e+01   6.05e-01
  4.8373e+01   5.77e-01
  5.0184e+01   5.50e-01
  5.2063e+01   5.25e-01
  5.4011e+01   5.00e-01
  5.6033e+01   4.77e-01
  5.8131e+01   4.55e-01
  6.0307e+01   4.33e-01
  6.2564e+01   4.13e-01
  6.4906e+01   3.93e-01
  6.7336e+01   3.75e-01
  6.9857e+01   3.57e-01
  7.2472e+01   3.40e-01
  7.5184e+01   3.23e-01
  7.7999e+01   3.08e-01
  8.0919e+01   2.93e-01
  8.3948e+01   2.79e-01
  8.7090e+01   2.65e-01
  9.0350e+01   2.52e-01
  9.3732e+01   2.40e-01
  9.7241e+01   2.28e-01
  1.0088e+02   2.17e-01
  1.0466e+02   2.06e-01
  1.0858e+02   1.96e-01
  1.1264e+02   1.86e-01
  1.1686e+02   1.77e-01
  1.2123e+02   1.68e-01
  1.2577e+02   1.59e-01
  1.3048e+02   1.51e-01
  1.3536e+02   1.44e-01
  1.4043e+02   1.36e-01
  1.4568e+02   1.29e-01
  1.5114e+02   1.23e-01
  1.5680e+02   1.16e-01
  1.6266e+02   1.10e-01
  1.6875e+02   1.04e-01
  1.7507e+02   9.88e-02
  1.8162e+02   9.36e-02
  1.8842e+02   8.85e-02
  1.9548e+02   8.38e-02
  2.0279e+02   7.92e-02
  2.1039e+02   7.49e-02
  2.1826e+02   7.07e-02
  2.2643e+02   6.68e-02
  2.3491e+02   6.31e-02
  2.4370e+02   5.95e-02
  2.5282e+02   5.61e-02
  2.6229e+02   5.29e-02
  2.7211e+02   4.98e-02
  2.8229e+02   4.69e-02
  2.9286e+02   4.41e-02
  3.0382e+02   4.14e-02
  3.1519e+02   3.89e-02
  3.2699e+02   3.65e-02
  3.3923e+02   3.42e-02
  3.5193e+02   3.21e-02
  3.6511e+02   3.00e-02
  3.7877e+02   2.81e-02
  3.9295e+02   2.63e-02
  4.0766e+02   2.45e-02
  4.2292e+02   2.29e-02
  4.3875e+02   2.13e-02
  4.5518e+02   1.98e-02
  4.7222e+02   1.85e-02
  4.8989e+02   1.72e-02
  5.0823e+02   1.59e-02
  5.2726e+02   1.48e-02
  5.4699e+02   1.37e-02
  5.6747e+02   1.27e-02
  5.8871e+02   1.17e-02
  6.1075e+02   1.08e-02
  6.3361e+02   9.99e-03
  6.5733e+02   9.22e-03
  6.8194e+02   8.51e-03
  7.0746e+02   7.85e-03
  7.3395e+02   7.24e-03
  7.6142e+02   6.67e-03
  7.8992e+02   6.15e-03
  8.1949e+02   5.66e-03
  8.5017e+02   5.21e-03
  8.8199e+02   4.80e-03
  9.1501e+02   4.42e-03
  9.4926e+02   4.07e-03
  9.8479e+02   3.74e-03
  1.0217e+03   3.44e-03
  1.0599e+03   3.16e-03
  1.0996e+03   2.91e-03
  1.1407e+03   2.67e-03
  1.1834e+03   2.45e-03
  1.2277e+03   2.25e-03
  1.2737e+03   2.07e-03
  1.3214e+03   1.90e-03
  1.3708e+03   1.74e-03
  1.4222e+03   1.60e-03
  1.4754e+03   1.47e-03
  1.5306e+03   1.34e-03
  1.5879e+03   1.23e-03
  1.6474e+03   1.13e-03
  1.7090e+03   1.03e-03
  1.7730e+03   9.47e-04
  1.8394e+03   8.66e-04
  1.9082e+03   7.92e-04
  1.9797e+03   7.24e-04
  2.0538e+03   6.61e-04
  2.1306e+03   6.03e-04
  2.2104e+03   5.50e-04
  2.2931e+03   5.00e-04
  2.3790e+03   4.54e-04
  2.4680e+03   4.13e-04
  2.5604e+03   3.75e-04
  2.6563e+03   3.40e-04
  2.7557e+03   3.08e-04
  2.8589e+03   2.78e-04
  2.9659e+03   2.51e-04
  3.0769e+03   2.26e-04
  3.1921e+03   2.04e-04
  3.3116e+03   1.83e-04
  3.4355e+03   1.64e-04
  3.5641e+03   1.47e-04
  3.6976e+03   1.31e-04
  3.8360e+03   1.17e-04
  3.9796e+03   1.04e-04
  4.1285e+03   9.20e-05
  4.2831e+03   8.14e-05
  4.4434e+03   7.19e-05
  4.6097e+03   6.32e-05
  4.7823e+03   5.52e-05
  4.9613e+03   4.85e-05
  5.1470e+03   4.22e-05
  5.3397e+03   3.65e-05
  5.5396e+03   3.18e-05
  5.7470e+03   2.74e-05
  5.9621e+03   2.34e-05
  6.1853e+03   2.02e-05
  6.4168e+03   1.72e-05
  6.6570e+03   1.45e-05
  6.9062e+03   1.23e-05
  7.1647e+03   1.04e-05
  7.4329e+03   8.64e-06
  7.7112e+03   7.22e-06
  7.9998e+03   5.99e-06
  8.2993e+03   4.91e-06
  8.6100e+03   4.01e-06
  8.9323e+03   3.27e-06
  9.2666e+03   2.62e-06
  9.6135e+03   2.09e-06
  9.9734e+03   1.67e-06
  1.0347e+04   1.31e-06
  1.0734e+04   1.01e-06
  1.1136e+04   7.86e-07
  1.1553e+04   5.97e-07
  1.1985e+04   4.45e-07
  1.2434e+04   3.33e-07
  1.2899e+04   2.44e-07
  1.3382e+04   1.73e-07
  1.3883e+04   1.24e-07
  1.4403e+04   8.61e-08
  1.4942e+04   5.76e-08
  1.5501e+04   3.87e-08
  1.6081e+04   2.51e-08
  1.6683e+04   1.55e-08
  1.7308e+04   9.52e-09
  1.7956e+04   5.60e-09
  1.8628e+04   3.11e-09
  1.9325e+04   1.67e-09
  2.0049e+04   8.57e-10
  2.0799e+04   4.06e-10
  2.1578e+04   1.81e-10
  2.2386e+04   7.53e-11
  2.3224e+04   2.81e-11
  2.4093e+04   9.40e-12
  2.4995e+04   2.80e-12
  2.5930e+04   7.10e-13
  2.6901e+04   1.50e-13
  2.7908e+04   2.62e-14
  2.8953e+04   3.52e-15
  3.0037e+04   3.49e-16
  3.1161e+04   2.44e-17
  3.2327e+04   1.10e-18
  3.3537e+04   2.89e-20
  3.4793e+04   4.03e-22
  3.6095e+04   2.54e-24
  3.7446e+04   6.01e-27
  3.8848e+04   4.24e-30
  4.0302e+04   6.60e-34
  4.1811e+04   1.54e-38
  4.3376e+04   3.30e-44
  4.5000e+04   4.80e-48
