#  E [GeV]   # per interaction  [GeV^{-1}]
  3.0000e+01   5.89e-01
  3.1033e+01   5.68e-01
  3.2102e+01   5.49e-01
  3.3207e+01   5.29e-01
  3.4350e+01   5.11e-01
  3.5533e+01   4.93e-01
  3.6757e+01   4.76e-01
  3.8022e+01   4.59e-01
  3.9332e+01   4.43e-01
  4.0686e+01   4.27e-01
  4.2087e+01   4.11e-01
  4.3536e+01   3.97e-01
  4.5035e+01   3.82e-01
  4.6586e+01   3.68e-01
  4.8190e+01   3.55e-01
  4.9850e+01   3.42e-01
  5.1566e+01   3.29e-01
  5.3342e+01   3.17e-01
  5.5178e+01   3.06e-01
  5.7078e+01   2.94e-01
  5.9044e+01   2.83e-01
  6.1077e+01   2.72e-01
  6.3180e+01   2.62e-01
  6.5356e+01   2.52e-01
  6.7606e+01   2.42e-01
  6.9934e+01   2.33e-01
  7.2342e+01   2.24e-01
  7.4833e+01   2.15e-01
  7.7410e+01   2.07e-01
  8.0075e+01   1.99e-01
  8.2833e+01   1.91e-01
  8.5685e+01   1.83e-01
  8.8635e+01   1.76e-01
  9.1687e+01   1.69e-01
  9.4844e+01   1.62e-01
  9.8110e+01   1.55e-01
  1.0149e+02   1.49e-01
  1.0498e+02   1.42e-01
  1.0860e+02   1.36e-01
  1.1234e+02   1.31e-01
  1.1621e+02   1.25e-01
  1.2021e+02   1.20e-01
  1.2435e+02   1.14e-01
  1.2863e+02   1.09e-01
  1.3306e+02   1.05e-01
  1.3764e+02   1.00e-01
  1.4238e+02   9.55e-02
  1.4728e+02   9.11e-02
  1.5235e+02   8.70e-02
  1.5760e+02   8.30e-02
  1.6302e+02   7.91e-02
  1.6864e+02   7.54e-02
  1.7445e+02   7.18e-02
  1.8045e+02   6.83e-02
  1.8667e+02   6.50e-02
  1.9309e+02   6.18e-02
  1.9974e+02   5.87e-02
  2.0662e+02   5.58e-02
  2.1373e+02   5.30e-02
  2.2109e+02   5.03e-02
  2.2871e+02   4.77e-02
  2.3658e+02   4.52e-02
  2.4473e+02   4.28e-02
  2.5316e+02   4.06e-02
  2.6187e+02   3.84e-02
  2.7089e+02   3.63e-02
  2.8022e+02   3.43e-02
  2.8987e+02   3.24e-02
  2.9985e+02   3.06e-02
  3.1017e+02   2.88e-02
  3.2085e+02   2.72e-02
  3.3190e+02   2.56e-02
  3.4333e+02   2.41e-02
  3.5515e+02   2.27e-02
  3.6738e+02   2.13e-02
  3.8003e+02   2.00e-02
  3.9312e+02   1.88e-02
  4.0665e+02   1.76e-02
  4.2066e+02   1.65e-02
  4.3514e+02   1.55e-02
  4.5013e+02   1.45e-02
  4.6562e+02   1.36e-02
  4.8166e+02   1.27e-02
  4.9824e+02   1.19e-02
  5.1540e+02   1.11e-02
  5.3315e+02   1.03e-02
  5.5150e+02   9.65e-03
  5.7050e+02   9.00e-03
  5.9014e+02   8.38e-03
  6.1046e+02   7.80e-03
  6.3148e+02   7.26e-03
  6.5322e+02   6.75e-03
  6.7572e+02   6.26e-03
  6.9898e+02   5.81e-03
  7.2305e+02   5.39e-03
  7.4795e+02   5.00e-03
  7.7371e+02   4.63e-03
  8.0035e+02   4.29e-03
  8.2791e+02   3.97e-03
  8.5641e+02   3.67e-03
  8.8590e+02   3.39e-03
  9.1641e+02   3.13e-03
  9.4796e+02   2.89e-03
  9.8061e+02   2.67e-03
  1.0144e+03   2.46e-03
  1.0493e+03   2.27e-03
  1.0854e+03   2.09e-03
  1.1228e+03   1.93e-03
  1.1615e+03   1.77e-03
  1.2015e+03   1.63e-03
  1.2428e+03   1.50e-03
  1.2856e+03   1.38e-03
  1.3299e+03   1.27e-03
  1.3757e+03   1.16e-03
  1.4231e+03   1.06e-03
  1.4721e+03   9.76e-04
  1.5228e+03   8.93e-04
  1.5752e+03   8.18e-04
  1.6294e+03   7.49e-04
  1.6855e+03   6.84e-04
  1.7436e+03   6.25e-04
  1.8036e+03   5.72e-04
  1.8657e+03   5.22e-04
  1.9300e+03   4.75e-04
  1.9964e+03   4.33e-04
  2.0652e+03   3.95e-04
  2.1363e+03   3.59e-04
  2.2098e+03   3.26e-04
  2.2859e+03   2.97e-04
  2.3646e+03   2.69e-04
  2.4461e+03   2.44e-04
  2.5303e+03   2.21e-04
  2.6174e+03   2.00e-04
  2.7075e+03   1.80e-04
  2.8008e+03   1.63e-04
  2.8972e+03   1.48e-04
  2.9970e+03   1.33e-04
  3.1002e+03   1.19e-04
  3.2069e+03   1.08e-04
  3.3173e+03   9.68e-05
  3.4316e+03   8.64e-05
  3.5497e+03   7.78e-05
  3.6720e+03   6.98e-05
  3.7984e+03   6.22e-05
  3.9292e+03   5.56e-05
  4.0645e+03   4.97e-05
  4.2044e+03   4.42e-05
  4.3492e+03   3.92e-05
  4.4990e+03   3.50e-05
  4.6539e+03   3.11e-05
  4.8141e+03   2.74e-05
  4.9799e+03   2.43e-05
  5.1514e+03   2.15e-05
  5.3288e+03   1.89e-05
  5.5123e+03   1.66e-05
  5.7021e+03   1.46e-05
  5.8984e+03   1.28e-05
  6.1015e+03   1.11e-05
  6.3116e+03   9.81e-06
  6.5289e+03   8.57e-06
  6.7538e+03   7.42e-06
  6.9863e+03   6.45e-06
  7.2269e+03   5.62e-06
  7.4757e+03   4.85e-06
  7.7331e+03   4.16e-06
  7.9994e+03   3.60e-06
  8.2749e+03   3.10e-06
  8.5598e+03   2.63e-06
  8.8546e+03   2.26e-06
  9.1594e+03   1.93e-06
  9.4748e+03   1.63e-06
  9.8011e+03   1.38e-06
  1.0139e+04   1.17e-06
  1.0488e+04   9.81e-07
  1.0849e+04   8.12e-07
  1.1222e+04   6.82e-07
  1.1609e+04   5.66e-07
  1.2009e+04   4.62e-07
  1.2422e+04   3.79e-07
  1.2850e+04   3.11e-07
  1.3292e+04   2.52e-07
  1.3750e+04   2.01e-07
  1.4223e+04   1.63e-07
  1.4713e+04   1.30e-07
  1.5220e+04   1.02e-07
  1.5744e+04   8.04e-08
  1.6286e+04   6.32e-08
  1.6847e+04   4.87e-08
  1.7427e+04   3.72e-08
  1.8027e+04   2.85e-08
  1.8648e+04   2.13e-08
  1.9290e+04   1.55e-08
  1.9954e+04   1.14e-08
  2.0641e+04   8.07e-09
  2.1352e+04   5.55e-09
  2.2087e+04   3.72e-09
  2.2848e+04   2.41e-09
  2.3634e+04   1.49e-09
  2.4448e+04   8.72e-10
  2.5290e+04   4.84e-10
