#  E [GeV]   # per interaction  [GeV^{-1}]
  3.0000e+01   2.32e-02
  3.1051e+01   2.23e-02
  3.2139e+01   2.15e-02
  3.3266e+01   2.07e-02
  3.4432e+01   1.99e-02
  3.5638e+01   1.91e-02
  3.6887e+01   1.84e-02
  3.8180e+01   1.77e-02
  3.9518e+01   1.70e-02
  4.0903e+01   1.63e-02
  4.2336e+01   1.57e-02
  4.3820e+01   1.50e-02
  4.5355e+01   1.44e-02
  4.6945e+01   1.39e-02
  4.8590e+01   1.33e-02
  5.0293e+01   1.28e-02
  5.2055e+01   1.22e-02
  5.3879e+01   1.17e-02
  5.5767e+01   1.13e-02
  5.7722e+01   1.08e-02
  5.9745e+01   1.03e-02
  6.1838e+01   9.91e-03
  6.4005e+01   9.49e-03
  6.6248e+01   9.09e-03
  6.8570e+01   8.71e-03
  7.0973e+01   8.33e-03
  7.3460e+01   7.98e-03
  7.6034e+01   7.63e-03
  7.8699e+01   7.30e-03
  8.1457e+01   6.98e-03
  8.4311e+01   6.68e-03
  8.7266e+01   6.38e-03
  9.0324e+01   6.10e-03
  9.3490e+01   5.82e-03
  9.6766e+01   5.56e-03
  1.0016e+02   5.31e-03
  1.0367e+02   5.07e-03
  1.0730e+02   4.84e-03
  1.1106e+02   4.62e-03
  1.1495e+02   4.40e-03
  1.1898e+02   4.20e-03
  1.2315e+02   4.00e-03
  1.2747e+02   3.81e-03
  1.3193e+02   3.63e-03
  1.3656e+02   3.46e-03
  1.4134e+02   3.30e-03
  1.4629e+02   3.14e-03
  1.5142e+02   2.99e-03
  1.5673e+02   2.84e-03
  1.6222e+02   2.70e-03
  1.6790e+02   2.57e-03
  1.7379e+02   2.44e-03
  1.7988e+02   2.32e-03
  1.8618e+02   2.21e-03
  1.9271e+02   2.10e-03
  1.9946e+02   1.99e-03
  2.0645e+02   1.89e-03
  2.1369e+02   1.79e-03
  2.2117e+02   1.70e-03
  2.2892e+02   1.61e-03
  2.3695e+02   1.53e-03
  2.4525e+02   1.45e-03
  2.5385e+02   1.37e-03
  2.6274e+02   1.30e-03
  2.7195e+02   1.23e-03
  2.8148e+02   1.16e-03
  2.9134e+02   1.10e-03
  3.0155e+02   1.04e-03
  3.1212e+02   9.80e-04
  3.2306e+02   9.26e-04
  3.3438e+02   8.74e-04
  3.4610e+02   8.25e-04
  3.5823e+02   7.78e-04
  3.7078e+02   7.34e-04
  3.8377e+02   6.92e-04
  3.9722e+02   6.52e-04
  4.1114e+02   6.14e-04
  4.2555e+02   5.78e-04
  4.4046e+02   5.44e-04
  4.5590e+02   5.12e-04
  4.7188e+02   4.82e-04
  4.8841e+02   4.53e-04
  5.0553e+02   4.26e-04
  5.2324e+02   4.00e-04
  5.4158e+02   3.76e-04
  5.6056e+02   3.54e-04
  5.8020e+02   3.32e-04
  6.0054e+02   3.12e-04
  6.2158e+02   2.93e-04
  6.4337e+02   2.75e-04
  6.6591e+02   2.58e-04
  6.8925e+02   2.42e-04
  7.1340e+02   2.27e-04
  7.3840e+02   2.13e-04
  7.6428e+02   2.00e-04
  7.9106e+02   1.88e-04
  8.1878e+02   1.76e-04
  8.4748e+02   1.65e-04
  8.7718e+02   1.55e-04
  9.0792e+02   1.46e-04
  9.3973e+02   1.37e-04
  9.7267e+02   1.29e-04
  1.0068e+03   1.21e-04
  1.0420e+03   1.14e-04
  1.0785e+03   1.07e-04
  1.1163e+03   1.01e-04
  1.1555e+03   9.47e-05
  1.1960e+03   8.92e-05
  1.2379e+03   8.40e-05
  1.2813e+03   7.91e-05
  1.3262e+03   7.46e-05
  1.3726e+03   7.03e-05
  1.4207e+03   6.63e-05
  1.4705e+03   6.26e-05
  1.5220e+03   5.91e-05
  1.5754e+03   5.58e-05
  1.6306e+03   5.27e-05
  1.6877e+03   4.98e-05
  1.7469e+03   4.71e-05
  1.8081e+03   4.46e-05
  1.8715e+03   4.22e-05
  1.9370e+03   4.00e-05
  2.0049e+03   3.79e-05
  2.0752e+03   3.59e-05
  2.1479e+03   3.40e-05
  2.2232e+03   3.23e-05
  2.3011e+03   3.06e-05
  2.3817e+03   2.91e-05
  2.4652e+03   2.76e-05
  2.5516e+03   2.62e-05
  2.6410e+03   2.48e-05
  2.7336e+03   2.36e-05
  2.8294e+03   2.24e-05
  2.9285e+03   2.13e-05
  3.0311e+03   2.02e-05
  3.1374e+03   1.92e-05
  3.2473e+03   1.82e-05
  3.3611e+03   1.73e-05
  3.4789e+03   1.64e-05
  3.6008e+03   1.56e-05
  3.7270e+03   1.48e-05
  3.8576e+03   1.40e-05
  3.9928e+03   1.33e-05
  4.1327e+03   1.26e-05
  4.2775e+03   1.20e-05
  4.4274e+03   1.14e-05
  4.5826e+03   1.08e-05
  4.7432e+03   1.02e-05
  4.9094e+03   9.63e-06
  5.0815e+03   9.10e-06
  5.2595e+03   8.59e-06
  5.4438e+03   8.11e-06
  5.6346e+03   7.63e-06
  5.8321e+03   7.18e-06
  6.0365e+03   6.74e-06
  6.2480e+03   6.33e-06
  6.4670e+03   5.93e-06
  6.6936e+03   5.55e-06
  6.9282e+03   5.19e-06
  7.1709e+03   4.84e-06
  7.4222e+03   4.50e-06
  7.6823e+03   4.18e-06
  7.9516e+03   3.88e-06
  8.2302e+03   3.58e-06
  8.5186e+03   3.31e-06
  8.8172e+03   3.04e-06
  9.1262e+03   2.79e-06
  9.4460e+03   2.55e-06
  9.7770e+03   2.32e-06
  1.0120e+04   2.10e-06
  1.0474e+04   1.90e-06
  1.0841e+04   1.71e-06
  1.1221e+04   1.53e-06
  1.1614e+04   1.36e-06
  1.2022e+04   1.20e-06
  1.2443e+04   1.05e-06
  1.2879e+04   9.15e-07
  1.3330e+04   7.91e-07
  1.3797e+04   6.77e-07
  1.4281e+04   5.74e-07
  1.4781e+04   4.81e-07
  1.5299e+04   3.99e-07
  1.5835e+04   3.26e-07
  1.6390e+04   2.62e-07
  1.6965e+04   2.08e-07
  1.7559e+04   1.62e-07
  1.8175e+04   1.23e-07
  1.8812e+04   9.14e-08
  1.9471e+04   6.61e-08
  2.0153e+04   4.64e-08
  2.0859e+04   3.14e-08
  2.1590e+04   2.05e-08
  2.2347e+04   1.27e-08
  2.3130e+04   7.54e-09
  2.3941e+04   4.20e-09
  2.4780e+04   2.18e-09
  2.5648e+04   1.04e-09
  2.6547e+04   4.55e-10
  2.7477e+04   1.78e-10
  2.8440e+04   6.18e-11
