#  E [MeV]   Flux [# cm^{-2} s^{-1}  MeV^{-1}]
  3.0000e+04   3.27e-25
  3.1141e+04   3.14e-25
  3.2326e+04   3.01e-25
  3.3556e+04   2.89e-25
  3.4832e+04   2.77e-25
  3.6157e+04   2.66e-25
  3.7533e+04   2.55e-25
  3.8961e+04   2.44e-25
  4.0443e+04   2.34e-25
  4.1982e+04   2.25e-25
  4.3579e+04   2.15e-25
  4.5237e+04   2.06e-25
  4.6958e+04   1.98e-25
  4.8744e+04   1.90e-25
  5.0598e+04   1.82e-25
  5.2523e+04   1.74e-25
  5.4521e+04   1.67e-25
  5.6596e+04   1.60e-25
  5.8749e+04   1.53e-25
  6.0984e+04   1.47e-25
  6.3304e+04   1.40e-25
  6.5712e+04   1.34e-25
  6.8212e+04   1.29e-25
  7.0807e+04   1.23e-25
  7.3500e+04   1.18e-25
  7.6297e+04   1.13e-25
  7.9199e+04   1.08e-25
  8.2212e+04   1.03e-25
  8.5340e+04   9.88e-26
  8.8586e+04   9.45e-26
  9.1956e+04   9.03e-26
  9.5455e+04   8.64e-26
  9.9086e+04   8.25e-26
  1.0286e+05   7.89e-26
  1.0677e+05   7.53e-26
  1.1083e+05   7.20e-26
  1.1505e+05   6.87e-26
  1.1942e+05   6.56e-26
  1.2397e+05   6.26e-26
  1.2868e+05   5.98e-26
  1.3358e+05   5.70e-26
  1.3866e+05   5.44e-26
  1.4394e+05   5.19e-26
  1.4941e+05   4.94e-26
  1.5509e+05   4.71e-26
  1.6100e+05   4.49e-26
  1.6712e+05   4.27e-26
  1.7348e+05   4.07e-26
  1.8008e+05   3.87e-26
  1.8693e+05   3.68e-26
  1.9404e+05   3.50e-26
  2.0142e+05   3.32e-26
  2.0908e+05   3.16e-26
  2.1704e+05   3.00e-26
  2.2529e+05   2.85e-26
  2.3387e+05   2.70e-26
  2.4276e+05   2.56e-26
  2.5200e+05   2.43e-26
  2.6158e+05   2.30e-26
  2.7154e+05   2.18e-26
  2.8187e+05   2.06e-26
  2.9259e+05   1.95e-26
  3.0372e+05   1.84e-26
  3.1527e+05   1.74e-26
  3.2727e+05   1.64e-26
  3.3972e+05   1.55e-26
  3.5264e+05   1.46e-26
  3.6606e+05   1.38e-26
  3.7998e+05   1.29e-26
  3.9444e+05   1.22e-26
  4.0945e+05   1.15e-26
  4.2502e+05   1.08e-26
  4.4119e+05   1.01e-26
  4.5798e+05   9.49e-27
  4.7540e+05   8.90e-27
  4.9348e+05   8.34e-27
  5.1226e+05   7.81e-27
  5.3175e+05   7.31e-27
  5.5198e+05   6.84e-27
  5.7297e+05   6.40e-27
  5.9477e+05   5.98e-27
  6.1740e+05   5.58e-27
  6.4089e+05   5.21e-27
  6.6527e+05   4.86e-27
  6.9058e+05   4.53e-27
  7.1685e+05   4.22e-27
  7.4412e+05   3.93e-27
  7.7243e+05   3.66e-27
  8.0181e+05   3.40e-27
  8.3232e+05   3.16e-27
  8.6398e+05   2.94e-27
  8.9685e+05   2.73e-27
  9.3097e+05   2.54e-27
  9.6638e+05   2.36e-27
  1.0031e+06   2.19e-27
  1.0413e+06   2.03e-27
  1.0809e+06   1.89e-27
  1.1220e+06   1.75e-27
  1.1647e+06   1.62e-27
  1.2090e+06   1.50e-27
  1.2550e+06   1.39e-27
  1.3028e+06   1.29e-27
  1.3523e+06   1.20e-27
  1.4038e+06   1.11e-27
  1.4572e+06   1.03e-27
  1.5126e+06   9.49e-28
  1.5702e+06   8.78e-28
  1.6299e+06   8.12e-28
  1.6919e+06   7.50e-28
  1.7563e+06   6.93e-28
  1.8231e+06   6.41e-28
  1.8925e+06   5.92e-28
  1.9645e+06   5.46e-28
  2.0392e+06   5.04e-28
  2.1168e+06   4.65e-28
  2.1973e+06   4.28e-28
  2.2809e+06   3.95e-28
  2.3677e+06   3.63e-28
  2.4577e+06   3.34e-28
  2.5512e+06   3.07e-28
  2.6483e+06   2.82e-28
  2.7490e+06   2.59e-28
  2.8536e+06   2.38e-28
  2.9622e+06   2.18e-28
  3.0749e+06   1.99e-28
  3.1918e+06   1.83e-28
  3.3133e+06   1.67e-28
  3.4393e+06   1.52e-28
  3.5702e+06   1.39e-28
  3.7060e+06   1.27e-28
  3.8470e+06   1.15e-28
  3.9933e+06   1.05e-28
  4.1452e+06   9.56e-29
  4.3029e+06   8.66e-29
  4.4666e+06   7.86e-29
  4.6366e+06   7.12e-29
  4.8129e+06   6.42e-29
  4.9960e+06   5.80e-29
  5.1861e+06   5.23e-29
  5.3834e+06   4.69e-29
  5.5882e+06   4.22e-29
  5.8008e+06   3.78e-29
  6.0215e+06   3.38e-29
  6.2506e+06   3.02e-29
  6.4883e+06   2.69e-29
  6.7352e+06   2.39e-29
  6.9914e+06   2.12e-29
  7.2574e+06   1.88e-29
  7.5335e+06   1.66e-29
  7.8201e+06   1.46e-29
  8.1176e+06   1.28e-29
  8.4264e+06   1.12e-29
  8.7470e+06   9.76e-30
  9.0797e+06   8.51e-30
  9.4251e+06   7.37e-30
  9.7837e+06   6.34e-30
  1.0156e+07   5.47e-30
  1.0542e+07   4.68e-30
  1.0943e+07   3.97e-30
  1.1360e+07   3.38e-30
  1.1792e+07   2.85e-30
  1.2240e+07   2.37e-30
  1.2706e+07   1.99e-30
  1.3189e+07   1.64e-30
  1.3691e+07   1.34e-30
  1.4212e+07   1.09e-30
  1.4753e+07   8.81e-31
  1.5314e+07   6.99e-31
  1.5897e+07   5.52e-31
  1.6501e+07   4.30e-31
  1.7129e+07   3.27e-31
  1.7781e+07   2.47e-31
  1.8457e+07   1.82e-31
  1.9159e+07   1.31e-31
  1.9888e+07   9.26e-32
  2.0645e+07   6.35e-32
  2.1430e+07   4.19e-32
  2.2245e+07   2.67e-32
  2.3092e+07   1.63e-32
  2.3970e+07   9.33e-33
  2.4882e+07   5.05e-33
  2.5829e+07   2.54e-33
  2.6811e+07   1.16e-33
  2.7831e+07   4.77e-34
  2.8890e+07   1.73e-34
  2.9989e+07   5.35e-35
  3.1130e+07   1.38e-35
  3.2314e+07   2.86e-36
  3.3544e+07   4.45e-37
  3.4820e+07   4.96e-38
  3.6144e+07   3.69e-39
  3.7519e+07   1.60e-40
  3.8947e+07   3.67e-42
  4.0428e+07   3.88e-44
  4.1966e+07   1.41e-46
  4.3563e+07   1.38e-49
  4.5220e+07   2.87e-53
  4.6941e+07   5.91e-58
  4.8726e+07   6.33e-64
  5.0580e+07   5.43e-70
