#  E [GeV]   # per interaction  [GeV^{-1}]
  3.0000e+01   5.79e-01
  3.1141e+01   5.55e-01
  3.2326e+01   5.33e-01
  3.3556e+01   5.11e-01
  3.4832e+01   4.90e-01
  3.6157e+01   4.70e-01
  3.7533e+01   4.51e-01
  3.8961e+01   4.32e-01
  4.0443e+01   4.14e-01
  4.1982e+01   3.97e-01
  4.3579e+01   3.81e-01
  4.5237e+01   3.65e-01
  4.6958e+01   3.50e-01
  4.8744e+01   3.35e-01
  5.0598e+01   3.21e-01
  5.2523e+01   3.08e-01
  5.4521e+01   2.95e-01
  5.6596e+01   2.83e-01
  5.8749e+01   2.71e-01
  6.0984e+01   2.59e-01
  6.3304e+01   2.48e-01
  6.5712e+01   2.38e-01
  6.8212e+01   2.28e-01
  7.0807e+01   2.18e-01
  7.3500e+01   2.09e-01
  7.6297e+01   2.00e-01
  7.9199e+01   1.91e-01
  8.2212e+01   1.83e-01
  8.5340e+01   1.75e-01
  8.8586e+01   1.67e-01
  9.1956e+01   1.60e-01
  9.5455e+01   1.53e-01
  9.9086e+01   1.46e-01
  1.0286e+02   1.39e-01
  1.0677e+02   1.33e-01
  1.1083e+02   1.27e-01
  1.1505e+02   1.22e-01
  1.1942e+02   1.16e-01
  1.2397e+02   1.11e-01
  1.2868e+02   1.06e-01
  1.3358e+02   1.01e-01
  1.3866e+02   9.62e-02
  1.4394e+02   9.18e-02
  1.4941e+02   8.75e-02
  1.5509e+02   8.34e-02
  1.6100e+02   7.94e-02
  1.6712e+02   7.56e-02
  1.7348e+02   7.20e-02
  1.8008e+02   6.85e-02
  1.8693e+02   6.52e-02
  1.9404e+02   6.20e-02
  2.0142e+02   5.89e-02
  2.0908e+02   5.59e-02
  2.1704e+02   5.31e-02
  2.2529e+02   5.04e-02
  2.3387e+02   4.78e-02
  2.4276e+02   4.54e-02
  2.5200e+02   4.30e-02
  2.6158e+02   4.08e-02
  2.7154e+02   3.86e-02
  2.8187e+02   3.65e-02
  2.9259e+02   3.46e-02
  3.0372e+02   3.27e-02
  3.1527e+02   3.09e-02
  3.2727e+02   2.92e-02
  3.3972e+02   2.75e-02
  3.5264e+02   2.59e-02
  3.6606e+02   2.45e-02
  3.7998e+02   2.30e-02
  3.9444e+02   2.17e-02
  4.0945e+02   2.04e-02
  4.2502e+02   1.92e-02
  4.4119e+02   1.80e-02
  4.5798e+02   1.69e-02
  4.7540e+02   1.59e-02
  4.9348e+02   1.49e-02
  5.1226e+02   1.39e-02
  5.3175e+02   1.31e-02
  5.5198e+02   1.22e-02
  5.7297e+02   1.14e-02
  5.9477e+02   1.07e-02
  6.1740e+02   9.98e-03
  6.4089e+02   9.32e-03
  6.6527e+02   8.70e-03
  6.9058e+02   8.11e-03
  7.1685e+02   7.56e-03
  7.4412e+02   7.04e-03
  7.7243e+02   6.56e-03
  8.0181e+02   6.11e-03
  8.3232e+02   5.68e-03
  8.6398e+02   5.29e-03
  8.9685e+02   4.92e-03
  9.3097e+02   4.57e-03
  9.6638e+02   4.25e-03
  1.0031e+03   3.95e-03
  1.0413e+03   3.67e-03
  1.0809e+03   3.40e-03
  1.1220e+03   3.16e-03
  1.1647e+03   2.93e-03
  1.2090e+03   2.72e-03
  1.2550e+03   2.52e-03
  1.3028e+03   2.34e-03
  1.3523e+03   2.16e-03
  1.4038e+03   2.00e-03
  1.4572e+03   1.86e-03
  1.5126e+03   1.72e-03
  1.5702e+03   1.59e-03
  1.6299e+03   1.47e-03
  1.6919e+03   1.36e-03
  1.7563e+03   1.26e-03
  1.8231e+03   1.16e-03
  1.8925e+03   1.07e-03
  1.9645e+03   9.91e-04
  2.0392e+03   9.15e-04
  2.1168e+03   8.44e-04
  2.1973e+03   7.78e-04
  2.2809e+03   7.17e-04
  2.3677e+03   6.61e-04
  2.4577e+03   6.08e-04
  2.5512e+03   5.59e-04
  2.6483e+03   5.14e-04
  2.7490e+03   4.71e-04
  2.8536e+03   4.33e-04
  2.9622e+03   3.97e-04
  3.0749e+03   3.63e-04
  3.1918e+03   3.33e-04
  3.3133e+03   3.05e-04
  3.4393e+03   2.78e-04
  3.5702e+03   2.54e-04
  3.7060e+03   2.32e-04
  3.8470e+03   2.11e-04
  3.9933e+03   1.92e-04
  4.1452e+03   1.75e-04
  4.3029e+03   1.58e-04
  4.4666e+03   1.44e-04
  4.6366e+03   1.30e-04
  4.8129e+03   1.18e-04
  4.9960e+03   1.06e-04
  5.1861e+03   9.59e-05
  5.3834e+03   8.62e-05
  5.5882e+03   7.75e-05
  5.8008e+03   6.96e-05
  6.0215e+03   6.22e-05
  6.2506e+03   5.56e-05
  6.4883e+03   4.97e-05
  6.7352e+03   4.42e-05
  6.9914e+03   3.92e-05
  7.2574e+03   3.48e-05
  7.5335e+03   3.07e-05
  7.8201e+03   2.71e-05
  8.1176e+03   2.39e-05
  8.4264e+03   2.09e-05
  8.7470e+03   1.82e-05
  9.0797e+03   1.60e-05
  9.4251e+03   1.38e-05
  9.7837e+03   1.20e-05
  1.0156e+04   1.03e-05
  1.0542e+04   8.87e-06
  1.0943e+04   7.55e-06
  1.1360e+04   6.45e-06
  1.1792e+04   5.46e-06
  1.2240e+04   4.57e-06
  1.2706e+04   3.84e-06
  1.3189e+04   3.19e-06
  1.3691e+04   2.62e-06
  1.4212e+04   2.15e-06
  1.4753e+04   1.75e-06
  1.5314e+04   1.40e-06
  1.5897e+04   1.11e-06
  1.6501e+04   8.73e-07
  1.7129e+04   6.72e-07
  1.7781e+04   5.13e-07
  1.8457e+04   3.84e-07
  1.9159e+04   2.80e-07
  1.9888e+04   2.01e-07
  2.0645e+04   1.40e-07
  2.1430e+04   9.44e-08
  2.2245e+04   6.15e-08
  2.3092e+04   3.85e-08
  2.3970e+04   2.27e-08
  2.4882e+04   1.27e-08
  2.5829e+04   6.64e-09
  2.6811e+04   3.17e-09
  2.7831e+04   1.37e-09
  2.8890e+04   5.29e-10
  2.9989e+04   1.75e-10
  3.1130e+04   4.90e-11
  3.2314e+04   1.12e-11
  3.3544e+04   1.95e-12
  3.4820e+04   2.49e-13
  3.6144e+04   2.18e-14
  3.7519e+04   1.16e-15
  3.8947e+04   3.35e-17
  4.0428e+04   4.77e-19
  4.1966e+04   2.49e-21
  4.3563e+04   3.79e-24
  4.5220e+04   1.40e-27
  4.6941e+04   5.92e-32
  4.8726e+04   1.58e-37
  5.0580e+04   1.29e-44
