#  E [MeV]   Flux [# cm^{-2} s^{-1}  MeV^{-1}]
  3.0000e+04   2.40e-25
  3.1141e+04   2.30e-25
  3.2326e+04   2.20e-25
  3.3556e+04   2.11e-25
  3.4832e+04   2.03e-25
  3.6157e+04   1.95e-25
  3.7533e+04   1.87e-25
  3.8961e+04   1.79e-25
  4.0443e+04   1.72e-25
  4.1982e+04   1.64e-25
  4.3579e+04   1.58e-25
  4.5237e+04   1.51e-25
  4.6958e+04   1.45e-25
  4.8744e+04   1.39e-25
  5.0598e+04   1.33e-25
  5.2523e+04   1.27e-25
  5.4521e+04   1.22e-25
  5.6596e+04   1.17e-25
  5.8749e+04   1.12e-25
  6.0984e+04   1.07e-25
  6.3304e+04   1.03e-25
  6.5712e+04   9.84e-26
  6.8212e+04   9.42e-26
  7.0807e+04   9.02e-26
  7.3500e+04   8.63e-26
  7.6297e+04   8.26e-26
  7.9199e+04   7.91e-26
  8.2212e+04   7.56e-26
  8.5340e+04   7.23e-26
  8.8586e+04   6.92e-26
  9.1956e+04   6.61e-26
  9.5455e+04   6.32e-26
  9.9086e+04   6.04e-26
  1.0286e+05   5.78e-26
  1.0677e+05   5.52e-26
  1.1083e+05   5.27e-26
  1.1505e+05   5.03e-26
  1.1942e+05   4.81e-26
  1.2397e+05   4.59e-26
  1.2868e+05   4.38e-26
  1.3358e+05   4.18e-26
  1.3866e+05   3.98e-26
  1.4394e+05   3.80e-26
  1.4941e+05   3.62e-26
  1.5509e+05   3.45e-26
  1.6100e+05   3.29e-26
  1.6712e+05   3.13e-26
  1.7348e+05   2.98e-26
  1.8008e+05   2.84e-26
  1.8693e+05   2.70e-26
  1.9404e+05   2.56e-26
  2.0142e+05   2.44e-26
  2.0908e+05   2.32e-26
  2.1704e+05   2.20e-26
  2.2529e+05   2.09e-26
  2.3387e+05   1.98e-26
  2.4276e+05   1.88e-26
  2.5200e+05   1.78e-26
  2.6158e+05   1.69e-26
  2.7154e+05   1.60e-26
  2.8187e+05   1.51e-26
  2.9259e+05   1.43e-26
  3.0372e+05   1.35e-26
  3.1527e+05   1.28e-26
  3.2727e+05   1.21e-26
  3.3972e+05   1.14e-26
  3.5264e+05   1.07e-26
  3.6606e+05   1.01e-26
  3.7998e+05   9.53e-27
  3.9444e+05   8.97e-27
  4.0945e+05   8.44e-27
  4.2502e+05   7.93e-27
  4.4119e+05   7.45e-27
  4.5798e+05   7.00e-27
  4.7540e+05   6.57e-27
  4.9348e+05   6.16e-27
  5.1226e+05   5.77e-27
  5.3175e+05   5.40e-27
  5.5198e+05   5.06e-27
  5.7297e+05   4.73e-27
  5.9477e+05   4.42e-27
  6.1740e+05   4.13e-27
  6.4089e+05   3.86e-27
  6.6527e+05   3.60e-27
  6.9058e+05   3.36e-27
  7.1685e+05   3.13e-27
  7.4412e+05   2.92e-27
  7.7243e+05   2.72e-27
  8.0181e+05   2.53e-27
  8.3232e+05   2.35e-27
  8.6398e+05   2.19e-27
  8.9685e+05   2.04e-27
  9.3097e+05   1.89e-27
  9.6638e+05   1.76e-27
  1.0031e+06   1.63e-27
  1.0413e+06   1.52e-27
  1.0809e+06   1.41e-27
  1.1220e+06   1.31e-27
  1.1647e+06   1.21e-27
  1.2090e+06   1.13e-27
  1.2550e+06   1.04e-27
  1.3028e+06   9.67e-28
  1.3523e+06   8.96e-28
  1.4038e+06   8.30e-28
  1.4572e+06   7.69e-28
  1.5126e+06   7.11e-28
  1.5702e+06   6.58e-28
  1.6299e+06   6.09e-28
  1.6919e+06   5.63e-28
  1.7563e+06   5.20e-28
  1.8231e+06   4.81e-28
  1.8925e+06   4.44e-28
  1.9645e+06   4.10e-28
  2.0392e+06   3.79e-28
  2.1168e+06   3.49e-28
  2.1973e+06   3.22e-28
  2.2809e+06   2.97e-28
  2.3677e+06   2.73e-28
  2.4577e+06   2.52e-28
  2.5512e+06   2.32e-28
  2.6483e+06   2.13e-28
  2.7490e+06   1.95e-28
  2.8536e+06   1.79e-28
  2.9622e+06   1.64e-28
  3.0749e+06   1.50e-28
  3.1918e+06   1.38e-28
  3.3133e+06   1.26e-28
  3.4393e+06   1.15e-28
  3.5702e+06   1.05e-28
  3.7060e+06   9.60e-29
  3.8470e+06   8.73e-29
  3.9933e+06   7.96e-29
  4.1452e+06   7.23e-29
  4.3029e+06   6.56e-29
  4.4666e+06   5.95e-29
  4.6366e+06   5.40e-29
  4.8129e+06   4.87e-29
  4.9960e+06   4.40e-29
  5.1861e+06   3.97e-29
  5.3834e+06   3.57e-29
  5.5882e+06   3.21e-29
  5.8008e+06   2.88e-29
  6.0215e+06   2.58e-29
  6.2506e+06   2.30e-29
  6.4883e+06   2.06e-29
  6.7352e+06   1.83e-29
  6.9914e+06   1.62e-29
  7.2574e+06   1.44e-29
  7.5335e+06   1.27e-29
  7.8201e+06   1.12e-29
  8.1176e+06   9.88e-30
  8.4264e+06   8.66e-30
  8.7470e+06   7.56e-30
  9.0797e+06   6.60e-30
  9.4251e+06   5.73e-30
  9.7837e+06   4.95e-30
  1.0156e+07   4.28e-30
  1.0542e+07   3.67e-30
  1.0943e+07   3.13e-30
  1.1360e+07   2.67e-30
  1.1792e+07   2.26e-30
  1.2240e+07   1.89e-30
  1.2706e+07   1.59e-30
  1.3189e+07   1.32e-30
  1.3691e+07   1.08e-30
  1.4212e+07   8.91e-31
  1.4753e+07   7.23e-31
  1.5314e+07   5.78e-31
  1.5897e+07   4.61e-31
  1.6501e+07   3.62e-31
  1.7129e+07   2.78e-31
  1.7781e+07   2.12e-31
  1.8457e+07   1.59e-31
  1.9159e+07   1.16e-31
  1.9888e+07   8.31e-32
  2.0645e+07   5.80e-32
  2.1430e+07   3.91e-32
  2.2245e+07   2.55e-32
  2.3092e+07   1.59e-32
  2.3970e+07   9.41e-33
  2.4882e+07   5.26e-33
  2.5829e+07   2.75e-33
  2.6811e+07   1.31e-33
  2.7831e+07   5.68e-34
  2.8890e+07   2.19e-34
  2.9989e+07   7.26e-35
  3.1130e+07   2.03e-35
  3.2314e+07   4.63e-36
  3.3544e+07   8.09e-37
  3.4820e+07   1.03e-37
  3.6144e+07   9.03e-39
  3.7519e+07   4.79e-40
  3.8947e+07   1.39e-41
  4.0428e+07   1.97e-43
  4.1966e+07   1.03e-45
  4.3563e+07   1.57e-48
  4.5220e+07   5.79e-52
  4.6941e+07   2.45e-56
  4.8726e+07   6.55e-62
  5.0580e+07   5.33e-69
