#  E [MeV]   Flux [# cm^{-2} s^{-1}  MeV^{-1}]
  3.0000e+04   9.39e-25
  3.0962e+04   9.08e-25
  3.1955e+04   8.77e-25
  3.2979e+04   8.47e-25
  3.4037e+04   8.17e-25
  3.5128e+04   7.89e-25
  3.6254e+04   7.62e-25
  3.7417e+04   7.35e-25
  3.8616e+04   7.09e-25
  3.9855e+04   6.84e-25
  4.1132e+04   6.60e-25
  4.2451e+04   6.36e-25
  4.3812e+04   6.14e-25
  4.5217e+04   5.92e-25
  4.6667e+04   5.70e-25
  4.8163e+04   5.49e-25
  4.9707e+04   5.29e-25
  5.1301e+04   5.10e-25
  5.2946e+04   4.91e-25
  5.4644e+04   4.72e-25
  5.6396e+04   4.54e-25
  5.8204e+04   4.37e-25
  6.0070e+04   4.21e-25
  6.1996e+04   4.04e-25
  6.3984e+04   3.89e-25
  6.6035e+04   3.74e-25
  6.8153e+04   3.59e-25
  7.0338e+04   3.45e-25
  7.2593e+04   3.31e-25
  7.4921e+04   3.18e-25
  7.7323e+04   3.05e-25
  7.9802e+04   2.93e-25
  8.2361e+04   2.81e-25
  8.5002e+04   2.69e-25
  8.7727e+04   2.58e-25
  9.0540e+04   2.47e-25
  9.3443e+04   2.37e-25
  9.6439e+04   2.27e-25
  9.9531e+04   2.17e-25
  1.0272e+05   2.08e-25
  1.0602e+05   1.99e-25
  1.0942e+05   1.90e-25
  1.1292e+05   1.82e-25
  1.1654e+05   1.73e-25
  1.2028e+05   1.66e-25
  1.2414e+05   1.58e-25
  1.2812e+05   1.51e-25
  1.3223e+05   1.44e-25
  1.3646e+05   1.37e-25
  1.4084e+05   1.31e-25
  1.4536e+05   1.24e-25
  1.5002e+05   1.18e-25
  1.5483e+05   1.13e-25
  1.5979e+05   1.07e-25
  1.6491e+05   1.02e-25
  1.7020e+05   9.66e-26
  1.7566e+05   9.17e-26
  1.8129e+05   8.70e-26
  1.8710e+05   8.25e-26
  1.9310e+05   7.81e-26
  1.9929e+05   7.40e-26
  2.0568e+05   7.00e-26
  2.1228e+05   6.62e-26
  2.1909e+05   6.25e-26
  2.2611e+05   5.90e-26
  2.3336e+05   5.57e-26
  2.4084e+05   5.25e-26
  2.4856e+05   4.95e-26
  2.5653e+05   4.66e-26
  2.6476e+05   4.38e-26
  2.7325e+05   4.12e-26
  2.8201e+05   3.87e-26
  2.9105e+05   3.63e-26
  3.0038e+05   3.40e-26
  3.1002e+05   3.19e-26
  3.1996e+05   2.98e-26
  3.3021e+05   2.79e-26
  3.4080e+05   2.60e-26
  3.5173e+05   2.43e-26
  3.6301e+05   2.26e-26
  3.7465e+05   2.11e-26
  3.8666e+05   1.96e-26
  3.9905e+05   1.82e-26
  4.1185e+05   1.69e-26
  4.2506e+05   1.57e-26
  4.3868e+05   1.45e-26
  4.5275e+05   1.34e-26
  4.6727e+05   1.24e-26
  4.8225e+05   1.15e-26
  4.9771e+05   1.06e-26
  5.1367e+05   9.77e-27
  5.3014e+05   9.00e-27
  5.4714e+05   8.29e-27
  5.6468e+05   7.62e-27
  5.8278e+05   7.00e-27
  6.0147e+05   6.43e-27
  6.2075e+05   5.90e-27
  6.4066e+05   5.41e-27
  6.6120e+05   4.95e-27
  6.8240e+05   4.54e-27
  7.0428e+05   4.15e-27
  7.2686e+05   3.79e-27
  7.5017e+05   3.47e-27
  7.7422e+05   3.17e-27
  7.9904e+05   2.89e-27
  8.2466e+05   2.64e-27
  8.5110e+05   2.41e-27
  8.7839e+05   2.20e-27
  9.0656e+05   2.00e-27
  9.3562e+05   1.82e-27
  9.6562e+05   1.66e-27
  9.9658e+05   1.52e-27
  1.0285e+06   1.38e-27
  1.0615e+06   1.26e-27
  1.0956e+06   1.15e-27
  1.1307e+06   1.04e-27
  1.1669e+06   9.49e-28
  1.2043e+06   8.65e-28
  1.2430e+06   7.86e-28
  1.2828e+06   7.14e-28
  1.3239e+06   6.50e-28
  1.3664e+06   5.92e-28
  1.4102e+06   5.39e-28
  1.4554e+06   4.89e-28
  1.5021e+06   4.46e-28
  1.5502e+06   4.05e-28
  1.6000e+06   3.68e-28
  1.6513e+06   3.34e-28
  1.7042e+06   3.04e-28
  1.7588e+06   2.76e-28
  1.8152e+06   2.50e-28
  1.8734e+06   2.27e-28
  1.9335e+06   2.06e-28
  1.9955e+06   1.87e-28
  2.0595e+06   1.69e-28
  2.1255e+06   1.53e-28
  2.1937e+06   1.38e-28
  2.2640e+06   1.25e-28
  2.3366e+06   1.13e-28
  2.4115e+06   1.02e-28
  2.4888e+06   9.19e-29
  2.5686e+06   8.25e-29
  2.6510e+06   7.44e-29
  2.7360e+06   6.69e-29
  2.8237e+06   6.00e-29
  2.9142e+06   5.36e-29
  3.0077e+06   4.81e-29
  3.1041e+06   4.29e-29
  3.2036e+06   3.81e-29
  3.3064e+06   3.39e-29
  3.4124e+06   3.01e-29
  3.5218e+06   2.67e-29
  3.6347e+06   2.35e-29
  3.7512e+06   2.08e-29
  3.8715e+06   1.83e-29
  3.9957e+06   1.60e-29
  4.1238e+06   1.40e-29
  4.2560e+06   1.23e-29
  4.3924e+06   1.07e-29
  4.5333e+06   9.23e-30
  4.6786e+06   7.98e-30
  4.8286e+06   6.92e-30
  4.9835e+06   5.94e-30
  5.1433e+06   5.05e-30
  5.3082e+06   4.33e-30
  5.4784e+06   3.69e-30
  5.6540e+06   3.11e-30
  5.8353e+06   2.61e-30
  6.0224e+06   2.20e-30
  6.2155e+06   1.84e-30
  6.4148e+06   1.52e-30
  6.6205e+06   1.25e-30
  6.8327e+06   1.03e-30
  7.0518e+06   8.42e-31
  7.2779e+06   6.73e-31
  7.5113e+06   5.49e-31
  7.7521e+06   4.42e-31
  8.0007e+06   3.49e-31
  8.2572e+06   2.73e-31
  8.5219e+06   2.16e-31
  8.7952e+06   1.68e-31
  9.0772e+06   1.28e-31
  9.3682e+06   9.77e-32
  9.6686e+06   7.44e-32
  9.9786e+06   5.52e-32
  1.0299e+07   3.98e-32
  1.0629e+07   2.95e-32
  1.0970e+07   2.13e-32
  1.1321e+07   1.50e-32
  1.1684e+07   1.03e-32
  1.2059e+07   7.12e-33
  1.2446e+07   4.75e-33
  1.2845e+07   3.04e-33
  1.3256e+07   1.93e-33
  1.3681e+07   1.19e-33
  1.4120e+07   6.94e-34
  1.4573e+07   3.79e-34
  1.5040e+07   2.11e-34
  1.5522e+07   1.09e-34
  1.6020e+07   5.10e-35
