#  E [GeV]   # per interaction  [GeV^{-1}]
  3.0000e+01   5.21e-01
  3.1123e+01   5.00e-01
  3.2288e+01   4.81e-01
  3.3497e+01   4.62e-01
  3.4751e+01   4.44e-01
  3.6051e+01   4.26e-01
  3.7401e+01   4.09e-01
  3.8801e+01   3.93e-01
  4.0253e+01   3.78e-01
  4.1760e+01   3.63e-01
  4.3324e+01   3.48e-01
  4.4945e+01   3.34e-01
  4.6628e+01   3.21e-01
  4.8373e+01   3.08e-01
  5.0184e+01   2.96e-01
  5.2063e+01   2.84e-01
  5.4011e+01   2.72e-01
  5.6033e+01   2.61e-01
  5.8131e+01   2.51e-01
  6.0307e+01   2.40e-01
  6.2564e+01   2.30e-01
  6.4906e+01   2.21e-01
  6.7336e+01   2.12e-01
  6.9857e+01   2.03e-01
  7.2472e+01   1.95e-01
  7.5184e+01   1.87e-01
  7.7999e+01   1.79e-01
  8.0919e+01   1.71e-01
  8.3948e+01   1.64e-01
  8.7090e+01   1.57e-01
  9.0350e+01   1.50e-01
  9.3732e+01   1.44e-01
  9.7241e+01   1.38e-01
  1.0088e+02   1.32e-01
  1.0466e+02   1.26e-01
  1.0858e+02   1.21e-01
  1.1264e+02   1.15e-01
  1.1686e+02   1.10e-01
  1.2123e+02   1.05e-01
  1.2577e+02   1.01e-01
  1.3048e+02   9.61e-02
  1.3536e+02   9.17e-02
  1.4043e+02   8.75e-02
  1.4568e+02   8.35e-02
  1.5114e+02   7.96e-02
  1.5680e+02   7.58e-02
  1.6266e+02   7.23e-02
  1.6875e+02   6.88e-02
  1.7507e+02   6.55e-02
  1.8162e+02   6.23e-02
  1.8842e+02   5.93e-02
  1.9548e+02   5.63e-02
  2.0279e+02   5.35e-02
  2.1039e+02   5.08e-02
  2.1826e+02   4.82e-02
  2.2643e+02   4.57e-02
  2.3491e+02   4.34e-02
  2.4370e+02   4.11e-02
  2.5282e+02   3.89e-02
  2.6229e+02   3.68e-02
  2.7211e+02   3.48e-02
  2.8229e+02   3.29e-02
  2.9286e+02   3.10e-02
  3.0382e+02   2.93e-02
  3.1519e+02   2.76e-02
  3.2699e+02   2.60e-02
  3.3923e+02   2.44e-02
  3.5193e+02   2.30e-02
  3.6511e+02   2.16e-02
  3.7877e+02   2.03e-02
  3.9295e+02   1.90e-02
  4.0766e+02   1.78e-02
  4.2292e+02   1.67e-02
  4.3875e+02   1.56e-02
  4.5518e+02   1.46e-02
  4.7222e+02   1.36e-02
  4.8989e+02   1.27e-02
  5.0823e+02   1.19e-02
  5.2726e+02   1.11e-02
  5.4699e+02   1.03e-02
  5.6747e+02   9.59e-03
  5.8871e+02   8.92e-03
  6.1075e+02   8.29e-03
  6.3361e+02   7.70e-03
  6.5733e+02   7.14e-03
  6.8194e+02   6.62e-03
  7.0746e+02   6.14e-03
  7.3395e+02   5.69e-03
  7.6142e+02   5.27e-03
  7.8992e+02   4.88e-03
  8.1949e+02   4.52e-03
  8.5017e+02   4.18e-03
  8.8199e+02   3.86e-03
  9.1501e+02   3.57e-03
  9.4926e+02   3.30e-03
  9.8479e+02   3.05e-03
  1.0217e+03   2.82e-03
  1.0599e+03   2.60e-03
  1.0996e+03   2.40e-03
  1.1407e+03   2.22e-03
  1.1834e+03   2.05e-03
  1.2277e+03   1.89e-03
  1.2737e+03   1.74e-03
  1.3214e+03   1.61e-03
  1.3708e+03   1.48e-03
  1.4222e+03   1.37e-03
  1.4754e+03   1.26e-03
  1.5306e+03   1.16e-03
  1.5879e+03   1.07e-03
  1.6474e+03   9.86e-04
  1.7090e+03   9.08e-04
  1.7730e+03   8.37e-04
  1.8394e+03   7.71e-04
  1.9082e+03   7.09e-04
  1.9797e+03   6.53e-04
  2.0538e+03   6.00e-04
  2.1306e+03   5.51e-04
  2.2104e+03   5.07e-04
  2.2931e+03   4.65e-04
  2.3790e+03   4.26e-04
  2.4680e+03   3.91e-04
  2.5604e+03   3.58e-04
  2.6563e+03   3.28e-04
  2.7557e+03   3.00e-04
  2.8589e+03   2.74e-04
  2.9659e+03   2.50e-04
  3.0769e+03   2.28e-04
  3.1921e+03   2.08e-04
  3.3116e+03   1.89e-04
  3.4355e+03   1.72e-04
  3.5641e+03   1.56e-04
  3.6976e+03   1.41e-04
  3.8360e+03   1.28e-04
  3.9796e+03   1.16e-04
  4.1285e+03   1.04e-04
  4.2831e+03   9.38e-05
  4.4434e+03   8.44e-05
  4.6097e+03   7.56e-05
  4.7823e+03   6.75e-05
  4.9613e+03   6.04e-05
  5.1470e+03   5.38e-05
  5.3397e+03   4.77e-05
  5.5396e+03   4.24e-05
  5.7470e+03   3.75e-05
  5.9621e+03   3.29e-05
  6.1853e+03   2.90e-05
  6.4168e+03   2.54e-05
  6.6570e+03   2.21e-05
  6.9062e+03   1.92e-05
  7.1647e+03   1.67e-05
  7.4329e+03   1.44e-05
  7.7112e+03   1.23e-05
  7.9998e+03   1.06e-05
  8.2993e+03   8.96e-06
  8.6100e+03   7.57e-06
  8.9323e+03   6.38e-06
  9.2666e+03   5.31e-06
  9.6135e+03   4.39e-06
  9.9734e+03   3.63e-06
  1.0347e+04   2.96e-06
  1.0734e+04   2.38e-06
  1.1136e+04   1.92e-06
  1.1553e+04   1.52e-06
  1.1985e+04   1.18e-06
  1.2434e+04   9.23e-07
  1.2899e+04   7.06e-07
  1.3382e+04   5.28e-07
  1.3883e+04   3.94e-07
  1.4403e+04   2.87e-07
  1.4942e+04   2.04e-07
  1.5501e+04   1.43e-07
  1.6081e+04   9.77e-08
  1.6683e+04   6.43e-08
  1.7308e+04   4.14e-08
  1.7956e+04   2.58e-08
  1.8628e+04   1.53e-08
  1.9325e+04   8.72e-09
  2.0049e+04   4.77e-09
  2.0799e+04   2.43e-09
  2.1578e+04   1.16e-09
  2.2386e+04   5.24e-10
  2.3224e+04   2.14e-10
  2.4093e+04   7.83e-11
  2.4995e+04   2.62e-11
  2.5930e+04   7.54e-12
  2.6901e+04   1.82e-12
  2.7908e+04   3.78e-13
  2.8953e+04   6.16e-14
  3.0037e+04   7.55e-15
  3.1161e+04   6.95e-16
  3.2327e+04   4.29e-17
  3.3537e+04   1.63e-18
  3.4793e+04   3.60e-20
  3.6095e+04   3.96e-22
  3.7446e+04   1.81e-24
  3.8848e+04   2.85e-27
  4.0302e+04   1.18e-30
  4.1811e+04   8.72e-35
  4.3376e+04   7.69e-40
  4.5000e+04   4.44e-46
