#  E [GeV]   # per interaction  [GeV^{-1}]
  3.0000e+01   2.92e-02
  3.1232e+01   2.80e-02
  3.2514e+01   2.70e-02
  3.3849e+01   2.59e-02
  3.5238e+01   2.49e-02
  3.6685e+01   2.39e-02
  3.8191e+01   2.29e-02
  3.9759e+01   2.20e-02
  4.1391e+01   2.11e-02
  4.3090e+01   2.03e-02
  4.4859e+01   1.94e-02
  4.6701e+01   1.86e-02
  4.8618e+01   1.79e-02
  5.0614e+01   1.71e-02
  5.2692e+01   1.64e-02
  5.4855e+01   1.57e-02
  5.7107e+01   1.51e-02
  5.9451e+01   1.44e-02
  6.1892e+01   1.38e-02
  6.4433e+01   1.32e-02
  6.7078e+01   1.26e-02
  6.9832e+01   1.21e-02
  7.2699e+01   1.15e-02
  7.5683e+01   1.10e-02
  7.8790e+01   1.05e-02
  8.2025e+01   1.01e-02
  8.5392e+01   9.62e-03
  8.8898e+01   9.18e-03
  9.2547e+01   8.76e-03
  9.6347e+01   8.36e-03
  1.0030e+02   7.97e-03
  1.0442e+02   7.59e-03
  1.0871e+02   7.23e-03
  1.1317e+02   6.89e-03
  1.1782e+02   6.56e-03
  1.2265e+02   6.24e-03
  1.2769e+02   5.94e-03
  1.3293e+02   5.65e-03
  1.3839e+02   5.36e-03
  1.4407e+02   5.09e-03
  1.4998e+02   4.83e-03
  1.5614e+02   4.58e-03
  1.6255e+02   4.35e-03
  1.6922e+02   4.12e-03
  1.7617e+02   3.90e-03
  1.8340e+02   3.69e-03
  1.9093e+02   3.49e-03
  1.9877e+02   3.30e-03
  2.0693e+02   3.11e-03
  2.1543e+02   2.94e-03
  2.2427e+02   2.77e-03
  2.3348e+02   2.61e-03
  2.4306e+02   2.46e-03
  2.5304e+02   2.31e-03
  2.6343e+02   2.17e-03
  2.7424e+02   2.04e-03
  2.8550e+02   1.91e-03
  2.9722e+02   1.79e-03
  3.0942e+02   1.67e-03
  3.2213e+02   1.56e-03
  3.3535e+02   1.46e-03
  3.4912e+02   1.36e-03
  3.6345e+02   1.27e-03
  3.7837e+02   1.18e-03
  3.9390e+02   1.10e-03
  4.1008e+02   1.02e-03
  4.2691e+02   9.45e-04
  4.4444e+02   8.76e-04
  4.6268e+02   8.11e-04
  4.8168e+02   7.50e-04
  5.0145e+02   6.92e-04
  5.2204e+02   6.39e-04
  5.4347e+02   5.89e-04
  5.6578e+02   5.42e-04
  5.8901e+02   4.99e-04
  6.1319e+02   4.59e-04
  6.3836e+02   4.22e-04
  6.6457e+02   3.87e-04
  6.9185e+02   3.56e-04
  7.2025e+02   3.26e-04
  7.4982e+02   2.99e-04
  7.8061e+02   2.74e-04
  8.1265e+02   2.52e-04
  8.4601e+02   2.31e-04
  8.8075e+02   2.12e-04
  9.1690e+02   1.94e-04
  9.5455e+02   1.78e-04
  9.9373e+02   1.63e-04
  1.0345e+03   1.50e-04
  1.0770e+03   1.37e-04
  1.1212e+03   1.26e-04
  1.1672e+03   1.16e-04
  1.2152e+03   1.06e-04
  1.2650e+03   9.78e-05
  1.3170e+03   8.99e-05
  1.3711e+03   8.28e-05
  1.4273e+03   7.63e-05
  1.4859e+03   7.03e-05
  1.5469e+03   6.48e-05
  1.6104e+03   5.98e-05
  1.6766e+03   5.52e-05
  1.7454e+03   5.10e-05
  1.8170e+03   4.71e-05
  1.8916e+03   4.35e-05
  1.9693e+03   4.03e-05
  2.0501e+03   3.72e-05
  2.1343e+03   3.45e-05
  2.2219e+03   3.19e-05
  2.3131e+03   2.95e-05
  2.4081e+03   2.73e-05
  2.5070e+03   2.53e-05
  2.6099e+03   2.34e-05
  2.7170e+03   2.16e-05
  2.8286e+03   2.00e-05
  2.9447e+03   1.85e-05
  3.0656e+03   1.71e-05
  3.1914e+03   1.58e-05
  3.3225e+03   1.46e-05
  3.4589e+03   1.35e-05
  3.6008e+03   1.24e-05
  3.7487e+03   1.15e-05
  3.9026e+03   1.06e-05
  4.0628e+03   9.70e-06
  4.2296e+03   8.90e-06
  4.4032e+03   8.16e-06
  4.5840e+03   7.46e-06
  4.7722e+03   6.81e-06
  4.9681e+03   6.21e-06
  5.1720e+03   5.65e-06
  5.3844e+03   5.12e-06
  5.6054e+03   4.64e-06
  5.8355e+03   4.18e-06
  6.0751e+03   3.76e-06
  6.3245e+03   3.37e-06
  6.5841e+03   3.00e-06
  6.8544e+03   2.67e-06
  7.1358e+03   2.36e-06
  7.4288e+03   2.07e-06
  7.7338e+03   1.81e-06
  8.0513e+03   1.57e-06
  8.3818e+03   1.36e-06
  8.7259e+03   1.16e-06
  9.0841e+03   9.85e-07
  9.4571e+03   8.28e-07
  9.8453e+03   6.88e-07
  1.0249e+04   5.65e-07
  1.0670e+04   4.57e-07
  1.1108e+04   3.65e-07
  1.1564e+04   2.86e-07
  1.2039e+04   2.20e-07
  1.2533e+04   1.66e-07
  1.3048e+04   1.23e-07
  1.3584e+04   8.79e-08
  1.4141e+04   6.13e-08
  1.4722e+04   4.13e-08
  1.5326e+04   2.68e-08
  1.5955e+04   1.66e-08
  1.6610e+04   9.83e-09
  1.7292e+04   5.51e-09
  1.8002e+04   2.89e-09
  1.8741e+04   1.41e-09
  1.9511e+04   6.33e-10
  2.0312e+04   2.57e-10
  2.1145e+04   9.36e-11
  2.2013e+04   2.98e-11
  2.2917e+04   8.15e-12
  2.3858e+04   1.86e-12
  2.4837e+04   3.44e-13
  2.5857e+04   4.96e-14
  2.6919e+04   5.31e-15
  2.8024e+04   4.00e-16
  2.9174e+04   1.97e-17
  3.0372e+04   5.83e-19
  3.1619e+04   9.28e-21
  3.2917e+04   6.94e-23
  3.4268e+04   2.06e-25
  3.5675e+04   1.95e-28
  3.7140e+04   4.47e-32
  3.8664e+04   1.74e-36
  4.0252e+04   7.24e-42
  4.1904e+04   1.56e-46
  4.3624e+04   1.48e-46
  4.5415e+04   1.40e-46
  4.7280e+04   1.32e-46
  4.9221e+04   1.25e-46
  5.1241e+04   1.18e-46
  5.3345e+04   1.11e-46
  5.5535e+04   1.05e-46
  5.7815e+04   9.89e-47
  6.0188e+04   9.32e-47
  6.2659e+04   8.78e-47
  6.5232e+04   8.27e-47
  6.7910e+04   7.78e-47
  7.0698e+04   7.31e-47
  7.3600e+04   6.87e-47
  7.6621e+04   6.44e-47
  7.9767e+04   6.03e-47
  8.3042e+04   5.64e-47
  8.6451e+04   5.31e-47
  9.0000e+04   5.00e-47
