#  E [MeV]   Flux [# cm^{-2} s^{-1}  MeV^{-1}]
  3.0000e+04   4.84e-26
  3.1051e+04   4.66e-26
  3.2139e+04   4.48e-26
  3.3266e+04   4.31e-26
  3.4432e+04   4.15e-26
  3.5638e+04   3.99e-26
  3.6887e+04   3.84e-26
  3.8180e+04   3.69e-26
  3.9518e+04   3.55e-26
  4.0903e+04   3.41e-26
  4.2336e+04   3.28e-26
  4.3820e+04   3.15e-26
  4.5355e+04   3.02e-26
  4.6945e+04   2.90e-26
  4.8590e+04   2.78e-26
  5.0293e+04   2.67e-26
  5.2055e+04   2.56e-26
  5.3879e+04   2.46e-26
  5.5767e+04   2.36e-26
  5.7722e+04   2.26e-26
  5.9745e+04   2.17e-26
  6.1838e+04   2.08e-26
  6.4005e+04   1.99e-26
  6.6248e+04   1.91e-26
  6.8570e+04   1.83e-26
  7.0973e+04   1.75e-26
  7.3460e+04   1.68e-26
  7.6034e+04   1.60e-26
  7.8699e+04   1.54e-26
  8.1457e+04   1.47e-26
  8.4311e+04   1.40e-26
  8.7266e+04   1.34e-26
  9.0324e+04   1.28e-26
  9.3490e+04   1.23e-26
  9.6766e+04   1.17e-26
  1.0016e+05   1.12e-26
  1.0367e+05   1.07e-26
  1.0730e+05   1.02e-26
  1.1106e+05   9.76e-27
  1.1495e+05   9.32e-27
  1.1898e+05   8.89e-27
  1.2315e+05   8.48e-27
  1.2747e+05   8.09e-27
  1.3193e+05   7.72e-27
  1.3656e+05   7.36e-27
  1.4134e+05   7.01e-27
  1.4629e+05   6.68e-27
  1.5142e+05   6.37e-27
  1.5673e+05   6.07e-27
  1.6222e+05   5.78e-27
  1.6790e+05   5.50e-27
  1.7379e+05   5.24e-27
  1.7988e+05   4.99e-27
  1.8618e+05   4.74e-27
  1.9271e+05   4.51e-27
  1.9946e+05   4.29e-27
  2.0645e+05   4.08e-27
  2.1369e+05   3.88e-27
  2.2117e+05   3.69e-27
  2.2892e+05   3.50e-27
  2.3695e+05   3.33e-27
  2.4525e+05   3.16e-27
  2.5385e+05   3.00e-27
  2.6274e+05   2.85e-27
  2.7195e+05   2.71e-27
  2.8148e+05   2.57e-27
  2.9134e+05   2.44e-27
  3.0155e+05   2.31e-27
  3.1212e+05   2.19e-27
  3.2306e+05   2.08e-27
  3.3438e+05   1.97e-27
  3.4610e+05   1.87e-27
  3.5823e+05   1.77e-27
  3.7078e+05   1.68e-27
  3.8377e+05   1.59e-27
  3.9722e+05   1.51e-27
  4.1114e+05   1.43e-27
  4.2555e+05   1.35e-27
  4.4046e+05   1.28e-27
  4.5590e+05   1.21e-27
  4.7188e+05   1.15e-27
  4.8841e+05   1.09e-27
  5.0553e+05   1.03e-27
  5.2324e+05   9.74e-28
  5.4158e+05   9.22e-28
  5.6056e+05   8.72e-28
  5.8020e+05   8.26e-28
  6.0054e+05   7.81e-28
  6.2158e+05   7.39e-28
  6.4337e+05   6.99e-28
  6.6591e+05   6.62e-28
  6.8925e+05   6.26e-28
  7.1340e+05   5.92e-28
  7.3840e+05   5.60e-28
  7.6428e+05   5.30e-28
  7.9106e+05   5.01e-28
  8.1878e+05   4.75e-28
  8.4748e+05   4.49e-28
  8.7718e+05   4.25e-28
  9.0792e+05   4.02e-28
  9.3973e+05   3.81e-28
  9.7267e+05   3.60e-28
  1.0068e+06   3.41e-28
  1.0420e+06   3.23e-28
  1.0785e+06   3.06e-28
  1.1163e+06   2.90e-28
  1.1555e+06   2.75e-28
  1.1960e+06   2.61e-28
  1.2379e+06   2.47e-28
  1.2813e+06   2.34e-28
  1.3262e+06   2.22e-28
  1.3726e+06   2.11e-28
  1.4207e+06   2.00e-28
  1.4705e+06   1.90e-28
  1.5220e+06   1.80e-28
  1.5754e+06   1.71e-28
  1.6306e+06   1.62e-28
  1.6877e+06   1.54e-28
  1.7469e+06   1.47e-28
  1.8081e+06   1.39e-28
  1.8715e+06   1.32e-28
  1.9370e+06   1.26e-28
  2.0049e+06   1.20e-28
  2.0752e+06   1.14e-28
  2.1479e+06   1.09e-28
  2.2232e+06   1.03e-28
  2.3011e+06   9.85e-29
  2.3817e+06   9.38e-29
  2.4652e+06   8.94e-29
  2.5516e+06   8.52e-29
  2.6410e+06   8.12e-29
  2.7336e+06   7.74e-29
  2.8294e+06   7.37e-29
  2.9285e+06   7.03e-29
  3.0311e+06   6.71e-29
  3.1374e+06   6.40e-29
  3.2473e+06   6.11e-29
  3.3611e+06   5.83e-29
  3.4789e+06   5.56e-29
  3.6008e+06   5.31e-29
  3.7270e+06   5.07e-29
  3.8576e+06   4.84e-29
  3.9928e+06   4.62e-29
  4.1327e+06   4.41e-29
  4.2775e+06   4.21e-29
  4.4274e+06   4.02e-29
  4.5826e+06   3.84e-29
  4.7432e+06   3.67e-29
  4.9094e+06   3.50e-29
  5.0815e+06   3.35e-29
  5.2595e+06   3.19e-29
  5.4438e+06   3.05e-29
  5.6346e+06   2.91e-29
  5.8321e+06   2.77e-29
  6.0365e+06   2.64e-29
  6.2480e+06   2.52e-29
  6.4670e+06   2.40e-29
  6.6936e+06   2.28e-29
  6.9282e+06   2.18e-29
  7.1709e+06   2.07e-29
  7.4222e+06   1.97e-29
  7.6823e+06   1.87e-29
  7.9516e+06   1.78e-29
  8.2302e+06   1.69e-29
  8.5186e+06   1.60e-29
  8.8172e+06   1.52e-29
  9.1262e+06   1.44e-29
  9.4460e+06   1.36e-29
  9.7770e+06   1.29e-29
  1.0120e+07   1.22e-29
  1.0474e+07   1.15e-29
  1.0841e+07   1.09e-29
  1.1221e+07   1.03e-29
  1.1614e+07   9.65e-30
  1.2022e+07   9.06e-30
  1.2443e+07   8.50e-30
  1.2879e+07   7.96e-30
  1.3330e+07   7.44e-30
  1.3797e+07   6.94e-30
  1.4281e+07   6.46e-30
  1.4781e+07   6.00e-30
  1.5299e+07   5.56e-30
  1.5835e+07   5.14e-30
  1.6390e+07   4.73e-30
  1.6965e+07   4.34e-30
  1.7559e+07   3.97e-30
  1.8175e+07   3.62e-30
  1.8812e+07   3.28e-30
  1.9471e+07   2.96e-30
  2.0153e+07   2.65e-30
  2.0859e+07   2.36e-30
  2.1590e+07   2.09e-30
  2.2347e+07   1.83e-30
  2.3130e+07   1.59e-30
  2.3941e+07   1.36e-30
  2.4780e+07   1.15e-30
  2.5648e+07   9.56e-31
  2.6547e+07   7.82e-31
  2.7477e+07   6.25e-31
  2.8440e+07   4.90e-31
