#  E [MeV]   Flux [# cm^{-2} s^{-1}  MeV^{-1}]
  3.0000e+04   5.16e-26
  3.0962e+04   4.97e-26
  3.1955e+04   4.80e-26
  3.2979e+04   4.62e-26
  3.4037e+04   4.46e-26
  3.5128e+04   4.30e-26
  3.6254e+04   4.15e-26
  3.7417e+04   4.00e-26
  3.8616e+04   3.85e-26
  3.9855e+04   3.71e-26
  4.1132e+04   3.58e-26
  4.2451e+04   3.45e-26
  4.3812e+04   3.32e-26
  4.5217e+04   3.20e-26
  4.6667e+04   3.09e-26
  4.8163e+04   2.97e-26
  4.9707e+04   2.86e-26
  5.1301e+04   2.76e-26
  5.2946e+04   2.66e-26
  5.4644e+04   2.56e-26
  5.6396e+04   2.47e-26
  5.8204e+04   2.38e-26
  6.0070e+04   2.29e-26
  6.1996e+04   2.20e-26
  6.3984e+04   2.12e-26
  6.6035e+04   2.05e-26
  6.8153e+04   1.97e-26
  7.0338e+04   1.90e-26
  7.2593e+04   1.83e-26
  7.4921e+04   1.76e-26
  7.7323e+04   1.70e-26
  7.9802e+04   1.64e-26
  8.2361e+04   1.58e-26
  8.5002e+04   1.52e-26
  8.7727e+04   1.46e-26
  9.0540e+04   1.41e-26
  9.3443e+04   1.36e-26
  9.6439e+04   1.31e-26
  9.9531e+04   1.27e-26
  1.0272e+05   1.22e-26
  1.0602e+05   1.18e-26
  1.0942e+05   1.14e-26
  1.1292e+05   1.10e-26
  1.1654e+05   1.06e-26
  1.2028e+05   1.02e-26
  1.2414e+05   9.85e-27
  1.2812e+05   9.52e-27
  1.3223e+05   9.19e-27
  1.3646e+05   8.88e-27
  1.4084e+05   8.58e-27
  1.4536e+05   8.29e-27
  1.5002e+05   8.00e-27
  1.5483e+05   7.74e-27
  1.5979e+05   7.48e-27
  1.6491e+05   7.23e-27
  1.7020e+05   6.99e-27
  1.7566e+05   6.76e-27
  1.8129e+05   6.54e-27
  1.8710e+05   6.33e-27
  1.9310e+05   6.12e-27
  1.9929e+05   5.93e-27
  2.0568e+05   5.74e-27
  2.1228e+05   5.55e-27
  2.1909e+05   5.38e-27
  2.2611e+05   5.21e-27
  2.3336e+05   5.04e-27
  2.4084e+05   4.88e-27
  2.4856e+05   4.73e-27
  2.5653e+05   4.58e-27
  2.6476e+05   4.44e-27
  2.7325e+05   4.30e-27
  2.8201e+05   4.16e-27
  2.9105e+05   4.03e-27
  3.0038e+05   3.90e-27
  3.1002e+05   3.78e-27
  3.1996e+05   3.66e-27
  3.3021e+05   3.54e-27
  3.4080e+05   3.43e-27
  3.5173e+05   3.32e-27
  3.6301e+05   3.21e-27
  3.7465e+05   3.11e-27
  3.8666e+05   3.01e-27
  3.9905e+05   2.91e-27
  4.1185e+05   2.81e-27
  4.2506e+05   2.72e-27
  4.3868e+05   2.63e-27
  4.5275e+05   2.54e-27
  4.6727e+05   2.46e-27
  4.8225e+05   2.37e-27
  4.9771e+05   2.29e-27
  5.1367e+05   2.21e-27
  5.3014e+05   2.14e-27
  5.4714e+05   2.06e-27
  5.6468e+05   1.99e-27
  5.8278e+05   1.92e-27
  6.0147e+05   1.85e-27
  6.2075e+05   1.78e-27
  6.4066e+05   1.72e-27
  6.6120e+05   1.66e-27
  6.8240e+05   1.60e-27
  7.0428e+05   1.54e-27
  7.2686e+05   1.49e-27
  7.5017e+05   1.43e-27
  7.7422e+05   1.38e-27
  7.9904e+05   1.33e-27
  8.2466e+05   1.28e-27
  8.5110e+05   1.23e-27
  8.7839e+05   1.19e-27
  9.0656e+05   1.14e-27
  9.3562e+05   1.10e-27
  9.6562e+05   1.06e-27
  9.9658e+05   1.02e-27
  1.0285e+06   9.84e-28
  1.0615e+06   9.48e-28
  1.0956e+06   9.12e-28
  1.1307e+06   8.79e-28
  1.1669e+06   8.46e-28
  1.2043e+06   8.15e-28
  1.2430e+06   7.85e-28
  1.2828e+06   7.56e-28
  1.3239e+06   7.28e-28
  1.3664e+06   7.01e-28
  1.4102e+06   6.75e-28
  1.4554e+06   6.50e-28
  1.5021e+06   6.26e-28
  1.5502e+06   6.03e-28
  1.6000e+06   5.80e-28
  1.6513e+06   5.58e-28
  1.7042e+06   5.37e-28
  1.7588e+06   5.16e-28
  1.8152e+06   4.96e-28
  1.8734e+06   4.77e-28
  1.9335e+06   4.59e-28
  1.9955e+06   4.40e-28
  2.0595e+06   4.23e-28
  2.1255e+06   4.06e-28
  2.1937e+06   3.89e-28
  2.2640e+06   3.73e-28
  2.3366e+06   3.58e-28
  2.4115e+06   3.43e-28
  2.4888e+06   3.28e-28
  2.5686e+06   3.13e-28
  2.6510e+06   2.99e-28
  2.7360e+06   2.86e-28
  2.8237e+06   2.72e-28
  2.9142e+06   2.59e-28
  3.0077e+06   2.47e-28
  3.1041e+06   2.34e-28
  3.2036e+06   2.22e-28
  3.3064e+06   2.10e-28
  3.4124e+06   1.99e-28
  3.5218e+06   1.88e-28
  3.6347e+06   1.77e-28
  3.7512e+06   1.67e-28
  3.8715e+06   1.57e-28
  3.9957e+06   1.47e-28
  4.1238e+06   1.38e-28
  4.2560e+06   1.29e-28
  4.3924e+06   1.20e-28
  4.5333e+06   1.11e-28
  4.6786e+06   1.04e-28
  4.8286e+06   9.59e-29
  4.9835e+06   8.85e-29
  5.1433e+06   8.15e-29
  5.3082e+06   7.49e-29
  5.4784e+06   6.86e-29
  5.6540e+06   6.27e-29
  5.8353e+06   5.71e-29
  6.0224e+06   5.18e-29
  6.2155e+06   4.67e-29
  6.4148e+06   4.19e-29
  6.6205e+06   3.75e-29
  6.8327e+06   3.34e-29
  7.0518e+06   2.97e-29
  7.2779e+06   2.62e-29
  7.5113e+06   2.30e-29
  7.7521e+06   2.01e-29
  8.0007e+06   1.74e-29
  8.2572e+06   1.50e-29
  8.5219e+06   1.29e-29
  8.7952e+06   1.10e-29
  9.0772e+06   9.35e-30
  9.3682e+06   7.85e-30
  9.6686e+06   6.56e-30
  9.9786e+06   5.44e-30
  1.0299e+07   4.46e-30
  1.0629e+07   3.60e-30
  1.0970e+07   2.92e-30
  1.1321e+07   2.34e-30
  1.1684e+07   1.84e-30
  1.2059e+07   1.43e-30
  1.2446e+07   1.12e-30
  1.2845e+07   8.64e-31
  1.3256e+07   6.50e-31
  1.3681e+07   4.92e-31
  1.4120e+07   3.71e-31
  1.4573e+07   2.74e-31
  1.5040e+07   1.98e-31
  1.5522e+07   1.48e-31
  1.6020e+07   1.08e-31
