#  E [GeV]   # per interaction  [GeV^{-1}]
  3.0000e+01   2.25e-01
  3.0589e+01   2.18e-01
  3.1190e+01   2.10e-01
  3.1803e+01   2.03e-01
  3.2428e+01   1.96e-01
  3.3065e+01   1.89e-01
  3.3714e+01   1.82e-01
  3.4376e+01   1.76e-01
  3.5052e+01   1.69e-01
  3.5740e+01   1.63e-01
  3.6442e+01   1.57e-01
  3.7158e+01   1.52e-01
  3.7888e+01   1.46e-01
  3.8632e+01   1.41e-01
  3.9391e+01   1.35e-01
  4.0165e+01   1.30e-01
  4.0954e+01   1.26e-01
  4.1758e+01   1.21e-01
  4.2579e+01   1.16e-01
  4.3415e+01   1.12e-01
  4.4268e+01   1.07e-01
  4.5138e+01   1.03e-01
  4.6024e+01   9.93e-02
  4.6928e+01   9.54e-02
  4.7850e+01   9.17e-02
  4.8790e+01   8.81e-02
  4.9749e+01   8.46e-02
  5.0726e+01   8.13e-02
  5.1722e+01   7.80e-02
  5.2738e+01   7.48e-02
  5.3774e+01   7.17e-02
  5.4831e+01   6.89e-02
  5.5908e+01   6.61e-02
  5.7006e+01   6.33e-02
  5.8126e+01   6.07e-02
  5.9268e+01   5.81e-02
  6.0432e+01   5.57e-02
  6.1619e+01   5.34e-02
  6.2829e+01   5.11e-02
  6.4064e+01   4.89e-02
  6.5322e+01   4.68e-02
  6.6605e+01   4.48e-02
  6.7913e+01   4.28e-02
  6.9248e+01   4.10e-02
  7.0608e+01   3.92e-02
  7.1995e+01   3.74e-02
  7.3409e+01   3.57e-02
  7.4851e+01   3.41e-02
  7.6321e+01   3.25e-02
  7.7821e+01   3.11e-02
  7.9349e+01   2.97e-02
  8.0908e+01   2.83e-02
  8.2497e+01   2.70e-02
  8.4118e+01   2.57e-02
  8.5770e+01   2.45e-02
  8.7455e+01   2.33e-02
  8.9173e+01   2.22e-02
  9.0925e+01   2.12e-02
  9.2711e+01   2.01e-02
  9.4532e+01   1.91e-02
  9.6389e+01   1.82e-02
  9.8283e+01   1.73e-02
  1.0021e+02   1.65e-02
  1.0218e+02   1.56e-02
  1.0419e+02   1.49e-02
  1.0624e+02   1.41e-02
  1.0832e+02   1.34e-02
  1.1045e+02   1.27e-02
  1.1262e+02   1.21e-02
  1.1483e+02   1.14e-02
  1.1709e+02   1.08e-02
  1.1939e+02   1.03e-02
  1.2173e+02   9.72e-03
  1.2412e+02   9.22e-03
  1.2656e+02   8.73e-03
  1.2905e+02   8.26e-03
  1.3158e+02   7.81e-03
  1.3417e+02   7.37e-03
  1.3680e+02   6.97e-03
  1.3949e+02   6.60e-03
  1.4223e+02   6.23e-03
  1.4503e+02   5.88e-03
  1.4787e+02   5.54e-03
  1.5078e+02   5.21e-03
  1.5374e+02   4.92e-03
  1.5676e+02   4.65e-03
  1.5984e+02   4.38e-03
  1.6298e+02   4.13e-03
  1.6618e+02   3.88e-03
  1.6945e+02   3.64e-03
  1.7278e+02   3.43e-03
  1.7617e+02   3.23e-03
  1.7963e+02   3.04e-03
  1.8316e+02   2.86e-03
  1.8676e+02   2.68e-03
  1.9042e+02   2.50e-03
  1.9417e+02   2.36e-03
  1.9798e+02   2.22e-03
  2.0187e+02   2.08e-03
  2.0583e+02   1.95e-03
  2.0988e+02   1.82e-03
  2.1400e+02   1.70e-03
  2.1820e+02   1.60e-03
  2.2249e+02   1.50e-03
  2.2686e+02   1.40e-03
  2.3132e+02   1.31e-03
  2.3586e+02   1.22e-03
  2.4049e+02   1.14e-03
  2.4522e+02   1.07e-03
  2.5004e+02   1.00e-03
  2.5495e+02   9.34e-04
  2.5996e+02   8.70e-04
  2.6506e+02   8.09e-04
  2.7027e+02   7.52e-04
  2.7558e+02   7.04e-04
  2.8099e+02   6.57e-04
  2.8651e+02   6.12e-04
  2.9214e+02   5.68e-04
  2.9788e+02   5.26e-04
  3.0373e+02   4.89e-04
  3.0970e+02   4.56e-04
  3.1578e+02   4.25e-04
  3.2198e+02   3.95e-04
  3.2831e+02   3.66e-04
  3.3476e+02   3.38e-04
  3.4133e+02   3.13e-04
  3.4804e+02   2.92e-04
  3.5487e+02   2.71e-04
  3.6185e+02   2.52e-04
  3.6895e+02   2.33e-04
  3.7620e+02   2.15e-04
  3.8359e+02   1.99e-04
  3.9113e+02   1.85e-04
  3.9881e+02   1.71e-04
  4.0664e+02   1.59e-04
  4.1463e+02   1.47e-04
  4.2278e+02   1.35e-04
  4.3108e+02   1.25e-04
  4.3955e+02   1.16e-04
  4.4818e+02   1.07e-04
  4.5699e+02   9.92e-05
  4.6596e+02   9.14e-05
  4.7512e+02   8.39e-05
  4.8445e+02   7.76e-05
  4.9397e+02   7.20e-05
  5.0367e+02   6.67e-05
  5.1356e+02   6.15e-05
  5.2365e+02   5.66e-05
  5.3394e+02   5.19e-05
  5.4443e+02   4.81e-05
  5.5512e+02   4.46e-05
  5.6603e+02   4.12e-05
  5.7715e+02   3.80e-05
  5.8848e+02   3.49e-05
  6.0004e+02   3.20e-05
  6.1183e+02   2.96e-05
  6.2385e+02   2.74e-05
  6.3610e+02   2.53e-05
  6.4860e+02   2.33e-05
  6.6134e+02   2.14e-05
  6.7433e+02   1.95e-05
  6.8758e+02   1.81e-05
  7.0108e+02   1.68e-05
  7.1486e+02   1.55e-05
  7.2890e+02   1.43e-05
  7.4322e+02   1.32e-05
  7.5782e+02   1.21e-05
  7.7270e+02   1.13e-05
  7.8788e+02   1.05e-05
  8.0336e+02   9.73e-06
  8.1914e+02   9.03e-06
  8.3523e+02   8.35e-06
  8.5164e+02   7.72e-06
  8.6837e+02   7.28e-06
  8.8542e+02   6.86e-06
  9.0282e+02   6.46e-06
  9.2055e+02   6.08e-06
  9.3863e+02   5.71e-06
  9.5707e+02   5.37e-06
  9.7587e+02   5.13e-06
  9.9504e+02   4.90e-06
  1.0146e+03   4.68e-06
  1.0345e+03   4.47e-06
  1.0548e+03   4.26e-06
  1.0756e+03   4.08e-06
  1.0967e+03   3.95e-06
  1.1182e+03   3.82e-06
  1.1402e+03   3.69e-06
  1.1626e+03   3.57e-06
  1.1854e+03   3.45e-06
  1.2087e+03   3.35e-06
  1.2325e+03   3.26e-06
  1.2567e+03   3.17e-06
  1.2814e+03   3.09e-06
  1.3065e+03   3.01e-06
  1.3322e+03   2.93e-06
  1.3584e+03   2.86e-06
  1.3851e+03   2.79e-06
  1.4123e+03   2.72e-06
  1.4400e+03   2.65e-06
