#  E [MeV]   Flux [# cm^{-2} s^{-1}  MeV^{-1}]
  3.0000e+04   2.09e-19
  3.0589e+04   2.01e-19
  3.1190e+04   1.95e-19
  3.1803e+04   1.88e-19
  3.2428e+04   1.81e-19
  3.3065e+04   1.75e-19
  3.3714e+04   1.69e-19
  3.4376e+04   1.63e-19
  3.5052e+04   1.57e-19
  3.5740e+04   1.51e-19
  3.6442e+04   1.46e-19
  3.7158e+04   1.40e-19
  3.7888e+04   1.35e-19
  3.8632e+04   1.30e-19
  3.9391e+04   1.25e-19
  4.0165e+04   1.21e-19
  4.0954e+04   1.16e-19
  4.1758e+04   1.12e-19
  4.2579e+04   1.08e-19
  4.3415e+04   1.03e-19
  4.4268e+04   9.95e-20
  4.5138e+04   9.57e-20
  4.6024e+04   9.20e-20
  4.6928e+04   8.84e-20
  4.7850e+04   8.49e-20
  4.8790e+04   8.16e-20
  4.9749e+04   7.84e-20
  5.0726e+04   7.52e-20
  5.1722e+04   7.22e-20
  5.2738e+04   6.93e-20
  5.3774e+04   6.64e-20
  5.4831e+04   6.38e-20
  5.5908e+04   6.12e-20
  5.7006e+04   5.86e-20
  5.8126e+04   5.62e-20
  5.9268e+04   5.38e-20
  6.0432e+04   5.15e-20
  6.1619e+04   4.94e-20
  6.2829e+04   4.73e-20
  6.4064e+04   4.53e-20
  6.5322e+04   4.34e-20
  6.6605e+04   4.15e-20
  6.7913e+04   3.96e-20
  6.9248e+04   3.79e-20
  7.0608e+04   3.63e-20
  7.1995e+04   3.46e-20
  7.3409e+04   3.31e-20
  7.4851e+04   3.16e-20
  7.6321e+04   3.01e-20
  7.7821e+04   2.88e-20
  7.9349e+04   2.75e-20
  8.0908e+04   2.62e-20
  8.2497e+04   2.50e-20
  8.4118e+04   2.38e-20
  8.5770e+04   2.26e-20
  8.7455e+04   2.16e-20
  8.9173e+04   2.06e-20
  9.0925e+04   1.96e-20
  9.2711e+04   1.86e-20
  9.4532e+04   1.77e-20
  9.6389e+04   1.68e-20
  9.8283e+04   1.60e-20
  1.0021e+05   1.53e-20
  1.0218e+05   1.45e-20
  1.0419e+05   1.38e-20
  1.0624e+05   1.30e-20
  1.0832e+05   1.24e-20
  1.1045e+05   1.18e-20
  1.1262e+05   1.12e-20
  1.1483e+05   1.06e-20
  1.1709e+05   1.00e-20
  1.1939e+05   9.49e-21
  1.2173e+05   9.00e-21
  1.2412e+05   8.53e-21
  1.2656e+05   8.08e-21
  1.2905e+05   7.65e-21
  1.3158e+05   7.23e-21
  1.3417e+05   6.82e-21
  1.3680e+05   6.45e-21
  1.3949e+05   6.11e-21
  1.4223e+05   5.77e-21
  1.4503e+05   5.45e-21
  1.4787e+05   5.13e-21
  1.5078e+05   4.83e-21
  1.5374e+05   4.56e-21
  1.5676e+05   4.30e-21
  1.5984e+05   4.06e-21
  1.6298e+05   3.82e-21
  1.6618e+05   3.59e-21
  1.6945e+05   3.37e-21
  1.7278e+05   3.18e-21
  1.7617e+05   2.99e-21
  1.7963e+05   2.82e-21
  1.8316e+05   2.64e-21
  1.8676e+05   2.48e-21
  1.9042e+05   2.32e-21
  1.9417e+05   2.18e-21
  1.9798e+05   2.05e-21
  2.0187e+05   1.93e-21
  2.0583e+05   1.81e-21
  2.0988e+05   1.69e-21
  2.1400e+05   1.58e-21
  2.1820e+05   1.48e-21
  2.2249e+05   1.39e-21
  2.2686e+05   1.30e-21
  2.3132e+05   1.21e-21
  2.3586e+05   1.13e-21
  2.4049e+05   1.06e-21
  2.4522e+05   9.90e-22
  2.5004e+05   9.26e-22
  2.5495e+05   8.65e-22
  2.5996e+05   8.06e-22
  2.6506e+05   7.49e-22
  2.7027e+05   6.97e-22
  2.7558e+05   6.52e-22
  2.8099e+05   6.08e-22
  2.8651e+05   5.66e-22
  2.9214e+05   5.26e-22
  2.9788e+05   4.88e-22
  3.0373e+05   4.52e-22
  3.0970e+05   4.22e-22
  3.1578e+05   3.93e-22
  3.2198e+05   3.66e-22
  3.2831e+05   3.39e-22
  3.3476e+05   3.13e-22
  3.4133e+05   2.90e-22
  3.4804e+05   2.70e-22
  3.5487e+05   2.51e-22
  3.6185e+05   2.33e-22
  3.6895e+05   2.15e-22
  3.7620e+05   1.99e-22
  3.8359e+05   1.84e-22
  3.9113e+05   1.71e-22
  3.9881e+05   1.59e-22
  4.0664e+05   1.47e-22
  4.1463e+05   1.36e-22
  4.2278e+05   1.25e-22
  4.3108e+05   1.15e-22
  4.3955e+05   1.07e-22
  4.4818e+05   9.94e-23
  4.5699e+05   9.19e-23
  4.6596e+05   8.46e-23
  4.7512e+05   7.77e-23
  4.8445e+05   7.19e-23
  4.9397e+05   6.67e-23
  5.0367e+05   6.17e-23
  5.1356e+05   5.70e-23
  5.2365e+05   5.24e-23
  5.3394e+05   4.81e-23
  5.4443e+05   4.45e-23
  5.5512e+05   4.13e-23
  5.6603e+05   3.81e-23
  5.7715e+05   3.52e-23
  5.8848e+05   3.23e-23
  6.0004e+05   2.96e-23
  6.1183e+05   2.74e-23
  6.2385e+05   2.54e-23
  6.3610e+05   2.34e-23
  6.4860e+05   2.16e-23
  6.6134e+05   1.98e-23
  6.7433e+05   1.81e-23
  6.8758e+05   1.68e-23
  7.0108e+05   1.55e-23
  7.1486e+05   1.44e-23
  7.2890e+05   1.33e-23
  7.4322e+05   1.22e-23
  7.5782e+05   1.12e-23
  7.7270e+05   1.04e-23
  7.8788e+05   9.70e-24
  8.0336e+05   9.01e-24
  8.1914e+05   8.36e-24
  8.3523e+05   7.73e-24
  8.5164e+05   7.15e-24
  8.6837e+05   6.74e-24
  8.8542e+05   6.36e-24
  9.0282e+05   5.98e-24
  9.2055e+05   5.63e-24
  9.3863e+05   5.29e-24
  9.5707e+05   4.98e-24
  9.7587e+05   4.75e-24
  9.9504e+05   4.54e-24
  1.0146e+06   4.33e-24
  1.0345e+06   4.14e-24
  1.0548e+06   3.95e-24
  1.0756e+06   3.78e-24
  1.0967e+06   3.66e-24
  1.1182e+06   3.53e-24
  1.1402e+06   3.42e-24
  1.1626e+06   3.31e-24
  1.1854e+06   3.20e-24
  1.2087e+06   3.10e-24
  1.2325e+06   3.02e-24
  1.2567e+06   2.94e-24
  1.2814e+06   2.86e-24
  1.3065e+06   2.79e-24
  1.3322e+06   2.72e-24
  1.3584e+06   2.65e-24
  1.3851e+06   2.58e-24
  1.4123e+06   2.52e-24
  1.4400e+06   2.45e-24
