#  E [GeV]   # per interaction  [GeV^{-1}]
  3.0000e+01   1.70e-01
  3.0517e+01   1.65e-01
  3.1043e+01   1.60e-01
  3.1578e+01   1.55e-01
  3.2123e+01   1.50e-01
  3.2676e+01   1.45e-01
  3.3240e+01   1.40e-01
  3.3813e+01   1.35e-01
  3.4396e+01   1.31e-01
  3.4989e+01   1.27e-01
  3.5592e+01   1.22e-01
  3.6205e+01   1.18e-01
  3.6829e+01   1.14e-01
  3.7464e+01   1.10e-01
  3.8110e+01   1.07e-01
  3.8767e+01   1.03e-01
  3.9435e+01   9.96e-02
  4.0115e+01   9.61e-02
  4.0807e+01   9.28e-02
  4.1510e+01   8.95e-02
  4.2226e+01   8.63e-02
  4.2953e+01   8.33e-02
  4.3694e+01   8.03e-02
  4.4447e+01   7.74e-02
  4.5213e+01   7.46e-02
  4.5993e+01   7.19e-02
  4.6786e+01   6.93e-02
  4.7592e+01   6.67e-02
  4.8412e+01   6.42e-02
  4.9247e+01   6.18e-02
  5.0096e+01   5.95e-02
  5.0960e+01   5.73e-02
  5.1838e+01   5.51e-02
  5.2732e+01   5.30e-02
  5.3641e+01   5.09e-02
  5.4565e+01   4.89e-02
  5.5506e+01   4.70e-02
  5.6463e+01   4.52e-02
  5.7436e+01   4.34e-02
  5.8426e+01   4.17e-02
  5.9433e+01   4.00e-02
  6.0458e+01   3.83e-02
  6.1500e+01   3.68e-02
  6.2560e+01   3.53e-02
  6.3639e+01   3.39e-02
  6.4736e+01   3.25e-02
  6.5852e+01   3.11e-02
  6.6987e+01   2.98e-02
  6.8142e+01   2.85e-02
  6.9316e+01   2.73e-02
  7.0511e+01   2.62e-02
  7.1727e+01   2.51e-02
  7.2963e+01   2.40e-02
  7.4221e+01   2.29e-02
  7.5500e+01   2.19e-02
  7.6802e+01   2.09e-02
  7.8126e+01   2.00e-02
  7.9472e+01   1.91e-02
  8.0842e+01   1.82e-02
  8.2236e+01   1.74e-02
  8.3654e+01   1.66e-02
  8.5096e+01   1.58e-02
  8.6563e+01   1.51e-02
  8.8055e+01   1.44e-02
  8.9573e+01   1.37e-02
  9.1117e+01   1.30e-02
  9.2687e+01   1.24e-02
  9.4285e+01   1.18e-02
  9.5911e+01   1.12e-02
  9.7564e+01   1.06e-02
  9.9246e+01   1.01e-02
  1.0096e+02   9.63e-03
  1.0270e+02   9.14e-03
  1.0447e+02   8.66e-03
  1.0627e+02   8.20e-03
  1.0810e+02   7.78e-03
  1.0996e+02   7.39e-03
  1.1186e+02   7.01e-03
  1.1379e+02   6.65e-03
  1.1575e+02   6.29e-03
  1.1774e+02   5.95e-03
  1.1977e+02   5.61e-03
  1.2184e+02   5.31e-03
  1.2394e+02   5.03e-03
  1.2608e+02   4.76e-03
  1.2825e+02   4.50e-03
  1.3046e+02   4.25e-03
  1.3271e+02   4.00e-03
  1.3500e+02   3.76e-03
  1.3732e+02   3.56e-03
  1.3969e+02   3.36e-03
  1.4210e+02   3.17e-03
  1.4455e+02   2.99e-03
  1.4704e+02   2.81e-03
  1.4957e+02   2.63e-03
  1.5215e+02   2.47e-03
  1.5478e+02   2.33e-03
  1.5744e+02   2.20e-03
  1.6016e+02   2.07e-03
  1.6292e+02   1.94e-03
  1.6573e+02   1.82e-03
  1.6858e+02   1.70e-03
  1.7149e+02   1.59e-03
  1.7445e+02   1.50e-03
  1.7745e+02   1.41e-03
  1.8051e+02   1.32e-03
  1.8362e+02   1.23e-03
  1.8679e+02   1.15e-03
  1.9001e+02   1.07e-03
  1.9328e+02   9.99e-04
  1.9662e+02   9.37e-04
  2.0001e+02   8.77e-04
  2.0345e+02   8.18e-04
  2.0696e+02   7.62e-04
  2.1053e+02   7.07e-04
  2.1416e+02   6.54e-04
  2.1785e+02   6.12e-04
  2.2160e+02   5.73e-04
  2.2543e+02   5.34e-04
  2.2931e+02   4.96e-04
  2.3326e+02   4.60e-04
  2.3729e+02   4.25e-04
  2.4138e+02   3.93e-04
  2.4554e+02   3.67e-04
  2.4977e+02   3.41e-04
  2.5407e+02   3.17e-04
  2.5845e+02   2.94e-04
  2.6291e+02   2.71e-04
  2.6744e+02   2.49e-04
  2.7205e+02   2.30e-04
  2.7674e+02   2.14e-04
  2.8151e+02   1.98e-04
  2.8637e+02   1.84e-04
  2.9130e+02   1.69e-04
  2.9632e+02   1.55e-04
  3.0143e+02   1.42e-04
  3.0663e+02   1.31e-04
  3.1191e+02   1.22e-04
  3.1729e+02   1.12e-04
  3.2276e+02   1.04e-04
  3.2832e+02   9.50e-05
  3.3398e+02   8.67e-05
  3.3974e+02   7.88e-05
  3.4560e+02   7.31e-05
  3.5155e+02   6.75e-05
  3.5761e+02   6.22e-05
  3.6378e+02   5.70e-05
  3.7005e+02   5.20e-05
  3.7643e+02   4.72e-05
  3.8292e+02   4.30e-05
  3.8952e+02   3.98e-05
  3.9623e+02   3.67e-05
  4.0306e+02   3.37e-05
  4.1001e+02   3.08e-05
  4.1708e+02   2.80e-05
  4.2427e+02   2.53e-05
  4.3158e+02   2.32e-05
  4.3902e+02   2.14e-05
  4.4659e+02   1.97e-05
  4.5429e+02   1.81e-05
  4.6212e+02   1.65e-05
  4.7009e+02   1.50e-05
  4.7819e+02   1.35e-05
  4.8643e+02   1.24e-05
  4.9482e+02   1.15e-05
  5.0335e+02   1.06e-05
  5.1203e+02   9.67e-06
  5.2085e+02   8.82e-06
  5.2983e+02   8.00e-06
  5.3897e+02   7.24e-06
  5.4826e+02   6.73e-06
  5.5771e+02   6.25e-06
  5.6732e+02   5.78e-06
  5.7710e+02   5.32e-06
  5.8705e+02   4.89e-06
  5.9717e+02   4.47e-06
  6.0746e+02   4.12e-06
  6.1793e+02   3.86e-06
  6.2859e+02   3.60e-06
  6.3942e+02   3.36e-06
  6.5045e+02   3.13e-06
  6.6166e+02   2.90e-06
  6.7306e+02   2.69e-06
  6.8467e+02   2.51e-06
  6.9647e+02   2.37e-06
  7.0847e+02   2.23e-06
  7.2069e+02   2.09e-06
  7.3311e+02   1.96e-06
  7.4575e+02   1.84e-06
  7.5860e+02   1.72e-06
  7.7168e+02   1.62e-06
  7.8498e+02   1.53e-06
  7.9852e+02   1.44e-06
  8.1228e+02   1.35e-06
  8.2628e+02   1.27e-06
  8.4053e+02   1.19e-06
  8.5502e+02   1.11e-06
  8.6976e+02   1.06e-06
  8.8475e+02   1.02e-06
  9.0000e+02   9.70e-07
