#  E [MeV]   Flux [# cm^{-2} s^{-1}  MeV^{-1}]
  3.0000e+04   1.99e-18
  3.1033e+04   1.92e-18
  3.2102e+04   1.85e-18
  3.3207e+04   1.79e-18
  3.4350e+04   1.73e-18
  3.5533e+04   1.67e-18
  3.6757e+04   1.61e-18
  3.8022e+04   1.55e-18
  3.9332e+04   1.50e-18
  4.0686e+04   1.44e-18
  4.2087e+04   1.39e-18
  4.3536e+04   1.34e-18
  4.5035e+04   1.29e-18
  4.6586e+04   1.25e-18
  4.8190e+04   1.20e-18
  4.9850e+04   1.16e-18
  5.1566e+04   1.12e-18
  5.3342e+04   1.07e-18
  5.5178e+04   1.03e-18
  5.7078e+04   9.97e-19
  5.9044e+04   9.59e-19
  6.1077e+04   9.24e-19
  6.3180e+04   8.89e-19
  6.5356e+04   8.55e-19
  6.7606e+04   8.23e-19
  6.9934e+04   7.91e-19
  7.2342e+04   7.61e-19
  7.4833e+04   7.31e-19
  7.7410e+04   7.03e-19
  8.0075e+04   6.76e-19
  8.2833e+04   6.49e-19
  8.5685e+04   6.23e-19
  8.8635e+04   5.98e-19
  9.1687e+04   5.74e-19
  9.4844e+04   5.51e-19
  9.8110e+04   5.29e-19
  1.0149e+05   5.07e-19
  1.0498e+05   4.86e-19
  1.0860e+05   4.66e-19
  1.1234e+05   4.47e-19
  1.1621e+05   4.28e-19
  1.2021e+05   4.10e-19
  1.2435e+05   3.92e-19
  1.2863e+05   3.75e-19
  1.3306e+05   3.59e-19
  1.3764e+05   3.43e-19
  1.4238e+05   3.28e-19
  1.4728e+05   3.14e-19
  1.5235e+05   3.00e-19
  1.5760e+05   2.86e-19
  1.6302e+05   2.73e-19
  1.6864e+05   2.61e-19
  1.7445e+05   2.49e-19
  1.8045e+05   2.37e-19
  1.8667e+05   2.26e-19
  1.9309e+05   2.15e-19
  1.9974e+05   2.05e-19
  2.0662e+05   1.95e-19
  2.1373e+05   1.85e-19
  2.2109e+05   1.76e-19
  2.2871e+05   1.68e-19
  2.3658e+05   1.59e-19
  2.4473e+05   1.51e-19
  2.5316e+05   1.44e-19
  2.6187e+05   1.36e-19
  2.7089e+05   1.29e-19
  2.8022e+05   1.23e-19
  2.8987e+05   1.16e-19
  2.9985e+05   1.10e-19
  3.1017e+05   1.04e-19
  3.2085e+05   9.85e-20
  3.3190e+05   9.31e-20
  3.4333e+05   8.80e-20
  3.5515e+05   8.31e-20
  3.6738e+05   7.85e-20
  3.8003e+05   7.41e-20
  3.9312e+05   6.99e-20
  4.0665e+05   6.59e-20
  4.2066e+05   6.21e-20
  4.3514e+05   5.85e-20
  4.5013e+05   5.51e-20
  4.6562e+05   5.19e-20
  4.8166e+05   4.88e-20
  4.9824e+05   4.59e-20
  5.1540e+05   4.32e-20
  5.3315e+05   4.05e-20
  5.5150e+05   3.81e-20
  5.7050e+05   3.57e-20
  5.9014e+05   3.35e-20
  6.1046e+05   3.14e-20
  6.3148e+05   2.94e-20
  6.5322e+05   2.76e-20
  6.7572e+05   2.58e-20
  6.9898e+05   2.41e-20
  7.2305e+05   2.25e-20
  7.4795e+05   2.11e-20
  7.7371e+05   1.96e-20
  8.0035e+05   1.83e-20
  8.2791e+05   1.71e-20
  8.5641e+05   1.59e-20
  8.8590e+05   1.48e-20
  9.1641e+05   1.38e-20
  9.4796e+05   1.28e-20
  9.8061e+05   1.19e-20
  1.0144e+06   1.11e-20
  1.0493e+06   1.03e-20
  1.0854e+06   9.55e-21
  1.1228e+06   8.85e-21
  1.1615e+06   8.21e-21
  1.2015e+06   7.60e-21
  1.2428e+06   7.03e-21
  1.2856e+06   6.50e-21
  1.3299e+06   6.01e-21
  1.3757e+06   5.54e-21
  1.4231e+06   5.11e-21
  1.4721e+06   4.72e-21
  1.5228e+06   4.34e-21
  1.5752e+06   3.99e-21
  1.6294e+06   3.68e-21
  1.6855e+06   3.38e-21
  1.7436e+06   3.10e-21
  1.8036e+06   2.85e-21
  1.8657e+06   2.61e-21
  1.9300e+06   2.39e-21
  1.9964e+06   2.19e-21
  2.0652e+06   2.01e-21
  2.1363e+06   1.83e-21
  2.2098e+06   1.67e-21
  2.2859e+06   1.53e-21
  2.3646e+06   1.39e-21
  2.4461e+06   1.27e-21
  2.5303e+06   1.15e-21
  2.6174e+06   1.05e-21
  2.7075e+06   9.52e-22
  2.8008e+06   8.60e-22
  2.8972e+06   7.83e-22
  2.9970e+06   7.09e-22
  3.1002e+06   6.40e-22
  3.2069e+06   5.79e-22
  3.3173e+06   5.24e-22
  3.4316e+06   4.72e-22
  3.5497e+06   4.24e-22
  3.6720e+06   3.84e-22
  3.7984e+06   3.45e-22
  3.9292e+06   3.09e-22
  4.0645e+06   2.78e-22
  4.2044e+06   2.50e-22
  4.3492e+06   2.23e-22
  4.4990e+06   2.00e-22
  4.6539e+06   1.79e-22
  4.8141e+06   1.60e-22
  4.9799e+06   1.42e-22
  5.1514e+06   1.27e-22
  5.3288e+06   1.14e-22
  5.5123e+06   1.01e-22
  5.7021e+06   8.95e-23
  5.8984e+06   7.98e-23
  6.1015e+06   7.06e-23
  6.3116e+06   6.23e-23
  6.5289e+06   5.55e-23
  6.7538e+06   4.91e-23
  6.9863e+06   4.30e-23
  7.2269e+06   3.82e-23
  7.4757e+06   3.37e-23
  7.7331e+06   2.96e-23
  7.9994e+06   2.60e-23
  8.2749e+06   2.30e-23
  8.5598e+06   2.02e-23
  8.8546e+06   1.75e-23
  9.1594e+06   1.55e-23
  9.4748e+06   1.36e-23
  9.8011e+06   1.18e-23
  1.0139e+07   1.04e-23
  1.0488e+07   9.09e-24
  1.0849e+07   7.91e-24
  1.1222e+07   6.84e-24
  1.1609e+07   6.00e-24
  1.2009e+07   5.21e-24
  1.2422e+07   4.47e-24
  1.2850e+07   3.90e-24
  1.3292e+07   3.40e-24
  1.3750e+07   2.93e-24
  1.4223e+07   2.53e-24
  1.4713e+07   2.21e-24
  1.5220e+07   1.92e-24
  1.5744e+07   1.64e-24
  1.6286e+07   1.45e-24
  1.6847e+07   1.27e-24
  1.7427e+07   1.11e-24
  1.8027e+07   9.73e-25
  1.8648e+07   8.62e-25
  1.9290e+07   7.59e-25
  1.9954e+07   6.67e-25
  2.0641e+07   5.95e-25
  2.1352e+07   5.28e-25
  2.2087e+07   4.65e-25
  2.2848e+07   4.12e-25
  2.3634e+07   3.63e-25
  2.4448e+07   3.17e-25
  2.5290e+07   2.75e-25
