#  E [GeV]   # per interaction  [GeV^{-1}]
  3.0000e+01   7.46e-01
  3.1232e+01   7.14e-01
  3.2514e+01   6.83e-01
  3.3849e+01   6.53e-01
  3.5238e+01   6.25e-01
  3.6685e+01   5.97e-01
  3.8191e+01   5.71e-01
  3.9759e+01   5.46e-01
  4.1391e+01   5.22e-01
  4.3090e+01   5.00e-01
  4.4859e+01   4.78e-01
  4.6701e+01   4.57e-01
  4.8618e+01   4.37e-01
  5.0614e+01   4.17e-01
  5.2692e+01   3.99e-01
  5.4855e+01   3.81e-01
  5.7107e+01   3.64e-01
  5.9451e+01   3.48e-01
  6.1892e+01   3.33e-01
  6.4433e+01   3.18e-01
  6.7078e+01   3.04e-01
  6.9832e+01   2.90e-01
  7.2699e+01   2.77e-01
  7.5683e+01   2.64e-01
  7.8790e+01   2.52e-01
  8.2025e+01   2.41e-01
  8.5392e+01   2.30e-01
  8.8898e+01   2.20e-01
  9.2547e+01   2.09e-01
  9.6347e+01   2.00e-01
  1.0030e+02   1.91e-01
  1.0442e+02   1.82e-01
  1.0871e+02   1.73e-01
  1.1317e+02   1.65e-01
  1.1782e+02   1.58e-01
  1.2265e+02   1.50e-01
  1.2769e+02   1.43e-01
  1.3293e+02   1.36e-01
  1.3839e+02   1.30e-01
  1.4407e+02   1.23e-01
  1.4998e+02   1.17e-01
  1.5614e+02   1.12e-01
  1.6255e+02   1.06e-01
  1.6922e+02   1.01e-01
  1.7617e+02   9.58e-02
  1.8340e+02   9.10e-02
  1.9093e+02   8.63e-02
  1.9877e+02   8.18e-02
  2.0693e+02   7.76e-02
  2.1543e+02   7.35e-02
  2.2427e+02   6.96e-02
  2.3348e+02   6.58e-02
  2.4306e+02   6.22e-02
  2.5304e+02   5.88e-02
  2.6343e+02   5.55e-02
  2.7424e+02   5.23e-02
  2.8550e+02   4.93e-02
  2.9722e+02   4.64e-02
  3.0942e+02   4.37e-02
  3.2213e+02   4.11e-02
  3.3535e+02   3.86e-02
  3.4912e+02   3.62e-02
  3.6345e+02   3.39e-02
  3.7837e+02   3.17e-02
  3.9390e+02   2.97e-02
  4.1008e+02   2.77e-02
  4.2691e+02   2.59e-02
  4.4444e+02   2.41e-02
  4.6268e+02   2.25e-02
  4.8168e+02   2.09e-02
  5.0145e+02   1.94e-02
  5.2204e+02   1.80e-02
  5.4347e+02   1.67e-02
  5.6578e+02   1.55e-02
  5.8901e+02   1.43e-02
  6.1319e+02   1.33e-02
  6.3836e+02   1.23e-02
  6.6457e+02   1.13e-02
  6.9185e+02   1.05e-02
  7.2025e+02   9.64e-03
  7.4982e+02   8.89e-03
  7.8061e+02   8.18e-03
  8.1265e+02   7.54e-03
  8.4601e+02   6.94e-03
  8.8075e+02   6.38e-03
  9.1690e+02   5.87e-03
  9.5455e+02   5.40e-03
  9.9373e+02   4.96e-03
  1.0345e+03   4.56e-03
  1.0770e+03   4.19e-03
  1.1212e+03   3.85e-03
  1.1672e+03   3.53e-03
  1.2152e+03   3.25e-03
  1.2650e+03   2.98e-03
  1.3170e+03   2.74e-03
  1.3711e+03   2.52e-03
  1.4273e+03   2.31e-03
  1.4859e+03   2.12e-03
  1.5469e+03   1.95e-03
  1.6104e+03   1.79e-03
  1.6766e+03   1.65e-03
  1.7454e+03   1.51e-03
  1.8170e+03   1.39e-03
  1.8916e+03   1.27e-03
  1.9693e+03   1.17e-03
  2.0501e+03   1.07e-03
  2.1343e+03   9.83e-04
  2.2219e+03   9.01e-04
  2.3131e+03   8.25e-04
  2.4081e+03   7.54e-04
  2.5070e+03   6.90e-04
  2.6099e+03   6.30e-04
  2.7170e+03   5.75e-04
  2.8286e+03   5.24e-04
  2.9447e+03   4.77e-04
  3.0656e+03   4.34e-04
  3.1914e+03   3.94e-04
  3.3225e+03   3.57e-04
  3.4589e+03   3.24e-04
  3.6008e+03   2.93e-04
  3.7487e+03   2.64e-04
  3.9026e+03   2.38e-04
  4.0628e+03   2.14e-04
  4.2296e+03   1.92e-04
  4.4032e+03   1.72e-04
  4.5840e+03   1.53e-04
  4.7722e+03   1.36e-04
  4.9681e+03   1.21e-04
  5.1720e+03   1.07e-04
  5.3844e+03   9.44e-05
  5.6054e+03   8.31e-05
  5.8355e+03   7.27e-05
  6.0751e+03   6.35e-05
  6.3245e+03   5.52e-05
  6.5841e+03   4.77e-05
  6.8544e+03   4.11e-05
  7.1358e+03   3.52e-05
  7.4288e+03   2.99e-05
  7.7338e+03   2.54e-05
  8.0513e+03   2.14e-05
  8.3818e+03   1.78e-05
  8.7259e+03   1.48e-05
  9.0841e+03   1.22e-05
  9.4571e+03   9.88e-06
  9.8453e+03   8.00e-06
  1.0249e+04   6.38e-06
  1.0670e+04   5.02e-06
  1.1108e+04   3.92e-06
  1.1564e+04   3.01e-06
  1.2039e+04   2.27e-06
  1.2533e+04   1.69e-06
  1.3048e+04   1.23e-06
  1.3584e+04   8.76e-07
  1.4141e+04   6.11e-07
  1.4722e+04   4.12e-07
  1.5326e+04   2.71e-07
  1.5955e+04   1.72e-07
  1.6610e+04   1.05e-07
  1.7292e+04   6.13e-08
  1.8002e+04   3.40e-08
  1.8741e+04   1.77e-08
  1.9511e+04   8.69e-09
  2.0312e+04   3.94e-09
  2.1145e+04   1.62e-09
  2.2013e+04   6.10e-10
  2.2917e+04   2.02e-10
  2.3858e+04   5.76e-11
  2.4837e+04   1.41e-11
  2.5857e+04   2.80e-12
  2.6919e+04   4.39e-13
  2.8024e+04   5.25e-14
  2.9174e+04   4.43e-15
  3.0372e+04   2.48e-16
  3.1619e+04   8.49e-18
  3.2917e+04   1.56e-19
  3.4268e+04   1.35e-21
  3.5675e+04   4.62e-24
  3.7140e+04   4.83e-27
  3.8664e+04   1.17e-30
  4.0252e+04   4.34e-35
  4.1904e+04   1.45e-40
  4.3624e+04   4.28e-47
  4.5415e+04   3.65e-47
  4.7280e+04   3.07e-47
  4.9221e+04   2.66e-47
  5.1241e+04   2.27e-47
  5.3345e+04   1.93e-47
  5.5535e+04   1.68e-47
  5.7815e+04   1.44e-47
  6.0188e+04   1.24e-47
  6.2659e+04   1.09e-47
  6.5232e+04   9.42e-48
  6.7910e+04   8.24e-48
  7.0698e+04   7.33e-48
  7.3600e+04   6.48e-48
  7.6621e+04   5.79e-48
  7.9767e+04   5.22e-48
  8.3042e+04   4.68e-48
  8.6451e+04   4.26e-48
  9.0000e+04   3.89e-48
