#  E [GeV]   # per interaction  [GeV^{-1}]
  3.0000e+01   6.37e-01
  3.1123e+01   6.12e-01
  3.2288e+01   5.89e-01
  3.3497e+01   5.66e-01
  3.4751e+01   5.44e-01
  3.6051e+01   5.23e-01
  3.7401e+01   5.03e-01
  3.8801e+01   4.84e-01
  4.0253e+01   4.65e-01
  4.1760e+01   4.47e-01
  4.3324e+01   4.29e-01
  4.4945e+01   4.13e-01
  4.6628e+01   3.97e-01
  4.8373e+01   3.81e-01
  5.0184e+01   3.66e-01
  5.2063e+01   3.52e-01
  5.4011e+01   3.38e-01
  5.6033e+01   3.24e-01
  5.8131e+01   3.11e-01
  6.0307e+01   2.99e-01
  6.2564e+01   2.87e-01
  6.4906e+01   2.75e-01
  6.7336e+01   2.64e-01
  6.9857e+01   2.54e-01
  7.2472e+01   2.43e-01
  7.5184e+01   2.33e-01
  7.7999e+01   2.24e-01
  8.0919e+01   2.14e-01
  8.3948e+01   2.06e-01
  8.7090e+01   1.97e-01
  9.0350e+01   1.89e-01
  9.3732e+01   1.81e-01
  9.7241e+01   1.73e-01
  1.0088e+02   1.66e-01
  1.0466e+02   1.59e-01
  1.0858e+02   1.52e-01
  1.1264e+02   1.45e-01
  1.1686e+02   1.39e-01
  1.2123e+02   1.33e-01
  1.2577e+02   1.27e-01
  1.3048e+02   1.21e-01
  1.3536e+02   1.16e-01
  1.4043e+02   1.11e-01
  1.4568e+02   1.06e-01
  1.5114e+02   1.01e-01
  1.5680e+02   9.60e-02
  1.6266e+02   9.15e-02
  1.6875e+02   8.71e-02
  1.7507e+02   8.29e-02
  1.8162e+02   7.89e-02
  1.8842e+02   7.51e-02
  1.9548e+02   7.14e-02
  2.0279e+02   6.78e-02
  2.1039e+02   6.44e-02
  2.1826e+02   6.11e-02
  2.2643e+02   5.80e-02
  2.3491e+02   5.50e-02
  2.4370e+02   5.20e-02
  2.5282e+02   4.93e-02
  2.6229e+02   4.66e-02
  2.7211e+02   4.40e-02
  2.8229e+02   4.16e-02
  2.9286e+02   3.92e-02
  3.0382e+02   3.70e-02
  3.1519e+02   3.48e-02
  3.2699e+02   3.28e-02
  3.3923e+02   3.08e-02
  3.5193e+02   2.89e-02
  3.6511e+02   2.72e-02
  3.7877e+02   2.55e-02
  3.9295e+02   2.39e-02
  4.0766e+02   2.23e-02
  4.2292e+02   2.09e-02
  4.3875e+02   1.95e-02
  4.5518e+02   1.82e-02
  4.7222e+02   1.70e-02
  4.8989e+02   1.58e-02
  5.0823e+02   1.47e-02
  5.2726e+02   1.37e-02
  5.4699e+02   1.27e-02
  5.6747e+02   1.18e-02
  5.8871e+02   1.10e-02
  6.1075e+02   1.02e-02
  6.3361e+02   9.43e-03
  6.5733e+02   8.73e-03
  6.8194e+02   8.07e-03
  7.0746e+02   7.47e-03
  7.3395e+02   6.90e-03
  7.6142e+02   6.37e-03
  7.8992e+02   5.89e-03
  8.1949e+02   5.43e-03
  8.5017e+02   5.01e-03
  8.8199e+02   4.62e-03
  9.1501e+02   4.26e-03
  9.4926e+02   3.92e-03
  9.8479e+02   3.61e-03
  1.0217e+03   3.33e-03
  1.0599e+03   3.06e-03
  1.0996e+03   2.82e-03
  1.1407e+03   2.59e-03
  1.1834e+03   2.38e-03
  1.2277e+03   2.19e-03
  1.2737e+03   2.01e-03
  1.3214e+03   1.84e-03
  1.3708e+03   1.69e-03
  1.4222e+03   1.56e-03
  1.4754e+03   1.43e-03
  1.5306e+03   1.31e-03
  1.5879e+03   1.20e-03
  1.6474e+03   1.10e-03
  1.7090e+03   1.01e-03
  1.7730e+03   9.24e-04
  1.8394e+03   8.46e-04
  1.9082e+03   7.73e-04
  1.9797e+03   7.08e-04
  2.0538e+03   6.47e-04
  2.1306e+03   5.90e-04
  2.2104e+03   5.39e-04
  2.2931e+03   4.92e-04
  2.3790e+03   4.47e-04
  2.4680e+03   4.08e-04
  2.5604e+03   3.71e-04
  2.6563e+03   3.36e-04
  2.7557e+03   3.06e-04
  2.8589e+03   2.77e-04
  2.9659e+03   2.51e-04
  3.0769e+03   2.27e-04
  3.1921e+03   2.05e-04
  3.3116e+03   1.85e-04
  3.4355e+03   1.67e-04
  3.5641e+03   1.50e-04
  3.6976e+03   1.35e-04
  3.8360e+03   1.21e-04
  3.9796e+03   1.08e-04
  4.1285e+03   9.68e-05
  4.2831e+03   8.62e-05
  4.4434e+03   7.69e-05
  4.6097e+03   6.83e-05
  4.7823e+03   6.03e-05
  4.9613e+03   5.35e-05
  5.1470e+03   4.72e-05
  5.3397e+03   4.14e-05
  5.5396e+03   3.64e-05
  5.7470e+03   3.19e-05
  5.9621e+03   2.77e-05
  6.1853e+03   2.42e-05
  6.4168e+03   2.10e-05
  6.6570e+03   1.81e-05
  6.9062e+03   1.56e-05
  7.1647e+03   1.34e-05
  7.4329e+03   1.15e-05
  7.7112e+03   9.75e-06
  7.9998e+03   8.29e-06
  8.2993e+03   6.97e-06
  8.6100e+03   5.84e-06
  8.9323e+03   4.89e-06
  9.2666e+03   4.04e-06
  9.6135e+03   3.32e-06
  9.9734e+03   2.73e-06
  1.0347e+04   2.21e-06
  1.0734e+04   1.77e-06
  1.1136e+04   1.42e-06
  1.1553e+04   1.12e-06
  1.1985e+04   8.71e-07
  1.2434e+04   6.78e-07
  1.2899e+04   5.18e-07
  1.3382e+04   3.87e-07
  1.3883e+04   2.89e-07
  1.4403e+04   2.11e-07
  1.4942e+04   1.50e-07
  1.5501e+04   1.05e-07
  1.6081e+04   7.24e-08
  1.6683e+04   4.80e-08
  1.7308e+04   3.11e-08
  1.7956e+04   1.96e-08
  1.8628e+04   1.17e-08
  1.9325e+04   6.77e-09
  2.0049e+04   3.75e-09
  2.0799e+04   1.94e-09
  2.1578e+04   9.42e-10
  2.2386e+04   4.31e-10
  2.3224e+04   1.79e-10
  2.4093e+04   6.73e-11
  2.4995e+04   2.30e-11
  2.5930e+04   6.80e-12
  2.6901e+04   1.70e-12
  2.7908e+04   3.64e-13
  2.8953e+04   6.17e-14
  3.0037e+04   7.96e-15
  3.1161e+04   7.68e-16
  3.2327e+04   5.03e-17
  3.3537e+04   2.06e-18
  3.4793e+04   4.88e-20
  3.6095e+04   5.81e-22
  3.7446e+04   2.92e-24
  3.8848e+04   5.12e-27
  4.0302e+04   2.38e-30
  4.1811e+04   2.06e-34
  4.3376e+04   2.14e-39
  4.5000e+04   1.47e-45
