#  E [GeV]   # per interaction  [GeV^{-1}]
  3.0000e+01   1.82e-02
  3.0943e+01   1.76e-02
  3.1916e+01   1.69e-02
  3.2920e+01   1.63e-02
  3.3955e+01   1.57e-02
  3.5023e+01   1.51e-02
  3.6124e+01   1.45e-02
  3.7260e+01   1.40e-02
  3.8432e+01   1.34e-02
  3.9640e+01   1.29e-02
  4.0887e+01   1.24e-02
  4.2172e+01   1.19e-02
  4.3499e+01   1.15e-02
  4.4866e+01   1.10e-02
  4.6277e+01   1.06e-02
  4.7732e+01   1.02e-02
  4.9233e+01   9.79e-03
  5.0781e+01   9.40e-03
  5.2378e+01   9.02e-03
  5.4025e+01   8.66e-03
  5.5724e+01   8.31e-03
  5.7476e+01   7.97e-03
  5.9284e+01   7.65e-03
  6.1148e+01   7.34e-03
  6.3071e+01   7.04e-03
  6.5054e+01   6.75e-03
  6.7100e+01   6.47e-03
  6.9210e+01   6.20e-03
  7.1386e+01   5.94e-03
  7.3631e+01   5.69e-03
  7.5946e+01   5.46e-03
  7.8334e+01   5.23e-03
  8.0797e+01   5.00e-03
  8.3338e+01   4.79e-03
  8.5959e+01   4.59e-03
  8.8662e+01   4.39e-03
  9.1450e+01   4.20e-03
  9.4325e+01   4.02e-03
  9.7291e+01   3.85e-03
  1.0035e+02   3.68e-03
  1.0351e+02   3.52e-03
  1.0676e+02   3.36e-03
  1.1012e+02   3.21e-03
  1.1358e+02   3.07e-03
  1.1715e+02   2.94e-03
  1.2084e+02   2.81e-03
  1.2464e+02   2.68e-03
  1.2856e+02   2.56e-03
  1.3260e+02   2.45e-03
  1.3677e+02   2.34e-03
  1.4107e+02   2.23e-03
  1.4550e+02   2.13e-03
  1.5008e+02   2.03e-03
  1.5480e+02   1.94e-03
  1.5967e+02   1.85e-03
  1.6469e+02   1.76e-03
  1.6987e+02   1.68e-03
  1.7521e+02   1.60e-03
  1.8072e+02   1.53e-03
  1.8640e+02   1.46e-03
  1.9226e+02   1.39e-03
  1.9831e+02   1.32e-03
  2.0454e+02   1.26e-03
  2.1097e+02   1.20e-03
  2.1761e+02   1.14e-03
  2.2445e+02   1.09e-03
  2.3151e+02   1.04e-03
  2.3879e+02   9.89e-04
  2.4630e+02   9.42e-04
  2.5404e+02   8.97e-04
  2.6203e+02   8.53e-04
  2.7027e+02   8.12e-04
  2.7877e+02   7.72e-04
  2.8753e+02   7.35e-04
  2.9657e+02   6.99e-04
  3.0590e+02   6.64e-04
  3.1552e+02   6.31e-04
  3.2544e+02   6.00e-04
  3.3567e+02   5.70e-04
  3.4623e+02   5.42e-04
  3.5712e+02   5.15e-04
  3.6835e+02   4.89e-04
  3.7993e+02   4.64e-04
  3.9188e+02   4.41e-04
  4.0420e+02   4.19e-04
  4.1691e+02   3.97e-04
  4.3002e+02   3.77e-04
  4.4354e+02   3.58e-04
  4.5749e+02   3.40e-04
  4.7187e+02   3.22e-04
  4.8671e+02   3.06e-04
  5.0202e+02   2.90e-04
  5.1780e+02   2.75e-04
  5.3409e+02   2.61e-04
  5.5088e+02   2.48e-04
  5.6820e+02   2.35e-04
  5.8607e+02   2.23e-04
  6.0450e+02   2.11e-04
  6.2351e+02   2.00e-04
  6.4311e+02   1.90e-04
  6.6334e+02   1.80e-04
  6.8419e+02   1.71e-04
  7.0571e+02   1.62e-04
  7.2790e+02   1.54e-04
  7.5079e+02   1.46e-04
  7.7440e+02   1.39e-04
  7.9875e+02   1.32e-04
  8.2387e+02   1.25e-04
  8.4977e+02   1.19e-04
  8.7649e+02   1.13e-04
  9.0405e+02   1.07e-04
  9.3248e+02   1.02e-04
  9.6180e+02   9.67e-05
  9.9205e+02   9.19e-05
  1.0232e+03   8.74e-05
  1.0554e+03   8.31e-05
  1.0886e+03   7.91e-05
  1.1228e+03   7.53e-05
  1.1581e+03   7.16e-05
  1.1946e+03   6.82e-05
  1.2321e+03   6.49e-05
  1.2709e+03   6.19e-05
  1.3108e+03   5.90e-05
  1.3521e+03   5.63e-05
  1.3946e+03   5.37e-05
  1.4384e+03   5.12e-05
  1.4837e+03   4.88e-05
  1.5303e+03   4.66e-05
  1.5784e+03   4.45e-05
  1.6281e+03   4.25e-05
  1.6793e+03   4.06e-05
  1.7321e+03   3.88e-05
  1.7865e+03   3.71e-05
  1.8427e+03   3.54e-05
  1.9006e+03   3.39e-05
  1.9604e+03   3.24e-05
  2.0221e+03   3.09e-05
  2.0856e+03   2.96e-05
  2.1512e+03   2.83e-05
  2.2189e+03   2.71e-05
  2.2886e+03   2.59e-05
  2.3606e+03   2.48e-05
  2.4348e+03   2.37e-05
  2.5114e+03   2.27e-05
  2.5904e+03   2.17e-05
  2.6718e+03   2.08e-05
  2.7558e+03   1.99e-05
  2.8425e+03   1.90e-05
  2.9319e+03   1.82e-05
  3.0241e+03   1.74e-05
  3.1192e+03   1.67e-05
  3.2173e+03   1.60e-05
  3.3184e+03   1.53e-05
  3.4228e+03   1.46e-05
  3.5304e+03   1.39e-05
  3.6414e+03   1.33e-05
  3.7559e+03   1.27e-05
  3.8740e+03   1.21e-05
  3.9958e+03   1.16e-05
  4.1215e+03   1.10e-05
  4.2511e+03   1.05e-05
  4.3848e+03   1.00e-05
  4.5227e+03   9.54e-06
  4.6649e+03   9.08e-06
  4.8116e+03   8.63e-06
  4.9629e+03   8.20e-06
  5.1189e+03   7.78e-06
  5.2799e+03   7.39e-06
  5.4459e+03   7.00e-06
  5.6171e+03   6.63e-06
  5.7938e+03   6.27e-06
  5.9760e+03   5.93e-06
  6.1639e+03   5.60e-06
  6.3577e+03   5.28e-06
  6.5576e+03   4.98e-06
  6.7638e+03   4.69e-06
  6.9765e+03   4.40e-06
  7.1959e+03   4.13e-06
  7.4222e+03   3.87e-06
  7.6556e+03   3.62e-06
  7.8963e+03   3.38e-06
  8.1446e+03   3.16e-06
  8.4007e+03   2.94e-06
  8.6649e+03   2.73e-06
  8.9373e+03   2.53e-06
  9.2184e+03   2.34e-06
  9.5082e+03   2.16e-06
  9.8072e+03   1.99e-06
  1.0116e+04   1.82e-06
  1.0434e+04   1.67e-06
  1.0762e+04   1.52e-06
  1.1100e+04   1.38e-06
  1.1449e+04   1.25e-06
  1.1809e+04   1.13e-06
  1.2181e+04   1.01e-06
  1.2564e+04   9.01e-07
  1.2959e+04   7.99e-07
  1.3366e+04   7.05e-07
  1.3786e+04   6.18e-07
  1.4220e+04   5.42e-07
