#  E [MeV]   Flux [# cm^{-2} s^{-1}  MeV^{-1}]
  3.0000e+04   6.32e-21
  3.0854e+04   6.13e-21
  3.1733e+04   5.93e-21
  3.2636e+04   5.75e-21
  3.3566e+04   5.57e-21
  3.4521e+04   5.39e-21
  3.5504e+04   5.22e-21
  3.6515e+04   5.06e-21
  3.7555e+04   4.90e-21
  3.8625e+04   4.75e-21
  3.9724e+04   4.60e-21
  4.0855e+04   4.46e-21
  4.2019e+04   4.33e-21
  4.3215e+04   4.19e-21
  4.4446e+04   4.06e-21
  4.5711e+04   3.94e-21
  4.7013e+04   3.82e-21
  4.8352e+04   3.71e-21
  4.9728e+04   3.60e-21
  5.1144e+04   3.49e-21
  5.2601e+04   3.39e-21
  5.4099e+04   3.29e-21
  5.5639e+04   3.19e-21
  5.7223e+04   3.10e-21
  5.8853e+04   3.01e-21
  6.0528e+04   2.92e-21
  6.2252e+04   2.84e-21
  6.4025e+04   2.76e-21
  6.5848e+04   2.68e-21
  6.7723e+04   2.60e-21
  6.9651e+04   2.53e-21
  7.1634e+04   2.46e-21
  7.3674e+04   2.39e-21
  7.5772e+04   2.33e-21
  7.7929e+04   2.27e-21
  8.0148e+04   2.21e-21
  8.2431e+04   2.15e-21
  8.4778e+04   2.09e-21
  8.7192e+04   2.04e-21
  8.9674e+04   1.98e-21
  9.2228e+04   1.93e-21
  9.4854e+04   1.88e-21
  9.7555e+04   1.84e-21
  1.0033e+05   1.79e-21
  1.0319e+05   1.75e-21
  1.0613e+05   1.70e-21
  1.0915e+05   1.66e-21
  1.1226e+05   1.62e-21
  1.1545e+05   1.59e-21
  1.1874e+05   1.55e-21
  1.2212e+05   1.51e-21
  1.2560e+05   1.48e-21
  1.2918e+05   1.44e-21
  1.3286e+05   1.41e-21
  1.3664e+05   1.38e-21
  1.4053e+05   1.35e-21
  1.4453e+05   1.32e-21
  1.4865e+05   1.29e-21
  1.5288e+05   1.26e-21
  1.5723e+05   1.24e-21
  1.6171e+05   1.21e-21
  1.6631e+05   1.19e-21
  1.7105e+05   1.16e-21
  1.7592e+05   1.14e-21
  1.8093e+05   1.11e-21
  1.8608e+05   1.09e-21
  1.9138e+05   1.07e-21
  1.9683e+05   1.05e-21
  2.0243e+05   1.03e-21
  2.0820e+05   1.01e-21
  2.1413e+05   9.85e-22
  2.2022e+05   9.66e-22
  2.2649e+05   9.47e-22
  2.3294e+05   9.28e-22
  2.3958e+05   9.10e-22
  2.4640e+05   8.92e-22
  2.5341e+05   8.74e-22
  2.6063e+05   8.57e-22
  2.6805e+05   8.40e-22
  2.7568e+05   8.24e-22
  2.8353e+05   8.08e-22
  2.9161e+05   7.92e-22
  2.9991e+05   7.76e-22
  3.0845e+05   7.61e-22
  3.1723e+05   7.46e-22
  3.2627e+05   7.31e-22
  3.3556e+05   7.16e-22
  3.4511e+05   7.02e-22
  3.5494e+05   6.88e-22
  3.6504e+05   6.74e-22
  3.7544e+05   6.60e-22
  3.8613e+05   6.47e-22
  3.9712e+05   6.34e-22
  4.0843e+05   6.20e-22
  4.2006e+05   6.08e-22
  4.3202e+05   5.95e-22
  4.4432e+05   5.82e-22
  4.5698e+05   5.70e-22
  4.6999e+05   5.58e-22
  4.8337e+05   5.45e-22
  4.9713e+05   5.34e-22
  5.1129e+05   5.22e-22
  5.2585e+05   5.10e-22
  5.4082e+05   4.98e-22
  5.5622e+05   4.87e-22
  5.7206e+05   4.76e-22
  5.8835e+05   4.65e-22
  6.0510e+05   4.54e-22
  6.2233e+05   4.43e-22
  6.4005e+05   4.32e-22
  6.5828e+05   4.21e-22
  6.7702e+05   4.11e-22
  6.9630e+05   4.01e-22
  7.1613e+05   3.91e-22
  7.3652e+05   3.81e-22
  7.5749e+05   3.71e-22
  7.7906e+05   3.61e-22
  8.0124e+05   3.52e-22
  8.2406e+05   3.42e-22
  8.4752e+05   3.33e-22
  8.7165e+05   3.24e-22
  8.9647e+05   3.15e-22
  9.2200e+05   3.06e-22
  9.4825e+05   2.97e-22
  9.7526e+05   2.88e-22
  1.0030e+06   2.80e-22
  1.0316e+06   2.71e-22
  1.0610e+06   2.63e-22
  1.0912e+06   2.55e-22
  1.1222e+06   2.47e-22
  1.1542e+06   2.39e-22
  1.1871e+06   2.31e-22
  1.2209e+06   2.24e-22
  1.2556e+06   2.16e-22
  1.2914e+06   2.09e-22
  1.3281e+06   2.02e-22
  1.3660e+06   1.95e-22
  1.4049e+06   1.88e-22
  1.4449e+06   1.81e-22
  1.4860e+06   1.74e-22
  1.5283e+06   1.68e-22
  1.5718e+06   1.62e-22
  1.6166e+06   1.55e-22
  1.6626e+06   1.49e-22
  1.7100e+06   1.43e-22
  1.7587e+06   1.37e-22
  1.8087e+06   1.31e-22
  1.8602e+06   1.26e-22
  1.9132e+06   1.20e-22
  1.9677e+06   1.15e-22
  2.0237e+06   1.10e-22
  2.0813e+06   1.05e-22
  2.1406e+06   9.98e-23
  2.2016e+06   9.51e-23
  2.2642e+06   9.04e-23
  2.3287e+06   8.58e-23
  2.3950e+06   8.14e-23
  2.4632e+06   7.72e-23
  2.5334e+06   7.31e-23
  2.6055e+06   6.91e-23
  2.6797e+06   6.53e-23
  2.7560e+06   6.16e-23
  2.8345e+06   5.80e-23
  2.9152e+06   5.46e-23
  2.9982e+06   5.13e-23
  3.0836e+06   4.81e-23
  3.1714e+06   4.51e-23
  3.2617e+06   4.21e-23
  3.3545e+06   3.92e-23
  3.4501e+06   3.65e-23
  3.5483e+06   3.39e-23
  3.6493e+06   3.14e-23
  3.7532e+06   2.91e-23
  3.8601e+06   2.68e-23
  3.9700e+06   2.47e-23
  4.0831e+06   2.27e-23
  4.1993e+06   2.08e-23
  4.3189e+06   1.91e-23
  4.4419e+06   1.74e-23
  4.5684e+06   1.59e-23
  4.6985e+06   1.44e-23
  4.8322e+06   1.31e-23
  4.9698e+06   1.18e-23
  5.1114e+06   1.07e-23
  5.2569e+06   9.60e-24
  5.4066e+06   8.58e-24
  5.5605e+06   7.62e-24
  5.7189e+06   6.84e-24
  5.8817e+06   6.11e-24
  6.0492e+06   5.41e-24
  6.2214e+06   4.76e-24
  6.3986e+06   4.24e-24
  6.5808e+06   3.78e-24
  6.7682e+06   3.34e-24
  6.9609e+06   2.92e-24
  7.1591e+06   2.61e-24
  7.3630e+06   2.34e-24
  7.5726e+06   2.08e-24
  7.7882e+06   1.84e-24
  8.0100e+06   1.68e-24
