#  E [GeV]   # per interaction  [GeV^{-1}]
  3.0000e+01   2.23e-02
  3.1033e+01   2.15e-02
  3.2102e+01   2.07e-02
  3.3207e+01   2.00e-02
  3.4350e+01   1.92e-02
  3.5533e+01   1.85e-02
  3.6757e+01   1.78e-02
  3.8022e+01   1.71e-02
  3.9332e+01   1.65e-02
  4.0686e+01   1.59e-02
  4.2087e+01   1.53e-02
  4.3536e+01   1.47e-02
  4.5035e+01   1.41e-02
  4.6586e+01   1.36e-02
  4.8190e+01   1.31e-02
  4.9850e+01   1.25e-02
  5.1566e+01   1.21e-02
  5.3342e+01   1.16e-02
  5.5178e+01   1.11e-02
  5.7078e+01   1.07e-02
  5.9044e+01   1.03e-02
  6.1077e+01   9.87e-03
  6.3180e+01   9.48e-03
  6.5356e+01   9.11e-03
  6.7606e+01   8.75e-03
  6.9934e+01   8.40e-03
  7.2342e+01   8.06e-03
  7.4833e+01   7.74e-03
  7.7410e+01   7.43e-03
  8.0075e+01   7.13e-03
  8.2833e+01   6.84e-03
  8.5685e+01   6.56e-03
  8.8635e+01   6.30e-03
  9.1687e+01   6.04e-03
  9.4844e+01   5.80e-03
  9.8110e+01   5.56e-03
  1.0149e+02   5.34e-03
  1.0498e+02   5.12e-03
  1.0860e+02   4.91e-03
  1.1234e+02   4.71e-03
  1.1621e+02   4.52e-03
  1.2021e+02   4.34e-03
  1.2435e+02   4.16e-03
  1.2863e+02   3.99e-03
  1.3306e+02   3.83e-03
  1.3764e+02   3.67e-03
  1.4238e+02   3.52e-03
  1.4728e+02   3.38e-03
  1.5235e+02   3.24e-03
  1.5760e+02   3.11e-03
  1.6302e+02   2.98e-03
  1.6864e+02   2.86e-03
  1.7445e+02   2.75e-03
  1.8045e+02   2.64e-03
  1.8667e+02   2.53e-03
  1.9309e+02   2.43e-03
  1.9974e+02   2.33e-03
  2.0662e+02   2.24e-03
  2.1373e+02   2.15e-03
  2.2109e+02   2.06e-03
  2.2871e+02   1.98e-03
  2.3658e+02   1.90e-03
  2.4473e+02   1.82e-03
  2.5316e+02   1.75e-03
  2.6187e+02   1.68e-03
  2.7089e+02   1.61e-03
  2.8022e+02   1.55e-03
  2.8987e+02   1.49e-03
  2.9985e+02   1.43e-03
  3.1017e+02   1.37e-03
  3.2085e+02   1.31e-03
  3.3190e+02   1.26e-03
  3.4333e+02   1.21e-03
  3.5515e+02   1.16e-03
  3.6738e+02   1.12e-03
  3.8003e+02   1.07e-03
  3.9312e+02   1.03e-03
  4.0665e+02   9.86e-04
  4.2066e+02   9.45e-04
  4.3514e+02   9.07e-04
  4.5013e+02   8.71e-04
  4.6562e+02   8.35e-04
  4.8166e+02   8.01e-04
  4.9824e+02   7.68e-04
  5.1540e+02   7.36e-04
  5.3315e+02   7.06e-04
  5.5150e+02   6.77e-04
  5.7050e+02   6.49e-04
  5.9014e+02   6.22e-04
  6.1046e+02   5.97e-04
  6.3148e+02   5.72e-04
  6.5322e+02   5.49e-04
  6.7572e+02   5.26e-04
  6.9898e+02   5.04e-04
  7.2305e+02   4.84e-04
  7.4795e+02   4.64e-04
  7.7371e+02   4.45e-04
  8.0035e+02   4.27e-04
  8.2791e+02   4.09e-04
  8.5641e+02   3.93e-04
  8.8590e+02   3.77e-04
  9.1641e+02   3.62e-04
  9.4796e+02   3.47e-04
  9.8061e+02   3.34e-04
  1.0144e+03   3.21e-04
  1.0493e+03   3.08e-04
  1.0854e+03   2.96e-04
  1.1228e+03   2.85e-04
  1.1615e+03   2.74e-04
  1.2015e+03   2.64e-04
  1.2428e+03   2.54e-04
  1.2856e+03   2.44e-04
  1.3299e+03   2.35e-04
  1.3757e+03   2.27e-04
  1.4231e+03   2.18e-04
  1.4721e+03   2.10e-04
  1.5228e+03   2.03e-04
  1.5752e+03   1.95e-04
  1.6294e+03   1.88e-04
  1.6855e+03   1.82e-04
  1.7436e+03   1.75e-04
  1.8036e+03   1.69e-04
  1.8657e+03   1.63e-04
  1.9300e+03   1.57e-04
  1.9964e+03   1.51e-04
  2.0652e+03   1.45e-04
  2.1363e+03   1.40e-04
  2.2098e+03   1.35e-04
  2.2859e+03   1.30e-04
  2.3646e+03   1.25e-04
  2.4461e+03   1.20e-04
  2.5303e+03   1.15e-04
  2.6174e+03   1.11e-04
  2.7075e+03   1.07e-04
  2.8008e+03   1.02e-04
  2.8972e+03   9.80e-05
  2.9970e+03   9.39e-05
  3.1002e+03   8.98e-05
  3.2069e+03   8.58e-05
  3.3173e+03   8.20e-05
  3.4316e+03   7.81e-05
  3.5497e+03   7.44e-05
  3.6720e+03   7.08e-05
  3.7984e+03   6.73e-05
  3.9292e+03   6.37e-05
  4.0645e+03   6.04e-05
  4.2044e+03   5.71e-05
  4.3492e+03   5.38e-05
  4.4990e+03   5.07e-05
  4.6539e+03   4.76e-05
  4.8141e+03   4.46e-05
  4.9799e+03   4.17e-05
  5.1514e+03   3.89e-05
  5.3288e+03   3.62e-05
  5.5123e+03   3.35e-05
  5.7021e+03   3.10e-05
  5.8984e+03   2.86e-05
  6.1015e+03   2.62e-05
  6.3116e+03   2.40e-05
  6.5289e+03   2.19e-05
  6.7538e+03   1.99e-05
  6.9863e+03   1.80e-05
  7.2269e+03   1.62e-05
  7.4757e+03   1.45e-05
  7.7331e+03   1.30e-05
  7.9994e+03   1.15e-05
  8.2749e+03   1.01e-05
  8.5598e+03   8.90e-06
  8.8546e+03   7.75e-06
  9.1594e+03   6.71e-06
  9.4748e+03   5.76e-06
  9.8011e+03   4.90e-06
  1.0139e+04   4.12e-06
  1.0488e+04   3.44e-06
  1.0849e+04   2.84e-06
  1.1222e+04   2.32e-06
  1.1609e+04   1.88e-06
  1.2009e+04   1.50e-06
  1.2422e+04   1.18e-06
  1.2850e+04   9.11e-07
  1.3292e+04   6.93e-07
  1.3750e+04   5.20e-07
  1.4223e+04   3.83e-07
  1.4713e+04   2.75e-07
  1.5220e+04   1.93e-07
  1.5744e+04   1.33e-07
  1.6286e+04   8.82e-08
  1.6847e+04   5.67e-08
  1.7427e+04   3.57e-08
  1.8027e+04   2.15e-08
  1.8648e+04   1.23e-08
  1.9290e+04   6.84e-09
  1.9954e+04   3.62e-09
  2.0641e+04   1.79e-09
  2.1352e+04   8.36e-10
  2.2087e+04   3.71e-10
  2.2848e+04   1.50e-10
  2.3634e+04   5.50e-11
  2.4448e+04   1.90e-11
  2.5290e+04   5.80e-12
