#  E [MeV]   Flux [# cm^{-2} s^{-1}  MeV^{-1}]
  3.0000e+04   1.02e-21
  3.1123e+04   9.81e-22
  3.2288e+04   9.43e-22
  3.3497e+04   9.07e-22
  3.4751e+04   8.72e-22
  3.6051e+04   8.38e-22
  3.7401e+04   8.05e-22
  3.8801e+04   7.73e-22
  4.0253e+04   7.42e-22
  4.1760e+04   7.13e-22
  4.3324e+04   6.84e-22
  4.4945e+04   6.56e-22
  4.6628e+04   6.30e-22
  4.8373e+04   6.04e-22
  5.0184e+04   5.79e-22
  5.2063e+04   5.55e-22
  5.4011e+04   5.32e-22
  5.6033e+04   5.10e-22
  5.8131e+04   4.89e-22
  6.0307e+04   4.68e-22
  6.2564e+04   4.48e-22
  6.4906e+04   4.29e-22
  6.7336e+04   4.10e-22
  6.9857e+04   3.92e-22
  7.2472e+04   3.75e-22
  7.5184e+04   3.59e-22
  7.7999e+04   3.43e-22
  8.0919e+04   3.28e-22
  8.3948e+04   3.13e-22
  8.7090e+04   2.99e-22
  9.0350e+04   2.85e-22
  9.3732e+04   2.72e-22
  9.7241e+04   2.60e-22
  1.0088e+05   2.48e-22
  1.0466e+05   2.36e-22
  1.0858e+05   2.25e-22
  1.1264e+05   2.14e-22
  1.1686e+05   2.04e-22
  1.2123e+05   1.94e-22
  1.2577e+05   1.85e-22
  1.3048e+05   1.76e-22
  1.3536e+05   1.67e-22
  1.4043e+05   1.59e-22
  1.4568e+05   1.51e-22
  1.5114e+05   1.43e-22
  1.5680e+05   1.36e-22
  1.6266e+05   1.29e-22
  1.6875e+05   1.22e-22
  1.7507e+05   1.16e-22
  1.8162e+05   1.10e-22
  1.8842e+05   1.04e-22
  1.9548e+05   9.82e-23
  2.0279e+05   9.29e-23
  2.1039e+05   8.77e-23
  2.1826e+05   8.29e-23
  2.2643e+05   7.82e-23
  2.3491e+05   7.37e-23
  2.4370e+05   6.95e-23
  2.5282e+05   6.54e-23
  2.6229e+05   6.15e-23
  2.7211e+05   5.79e-23
  2.8229e+05   5.44e-23
  2.9286e+05   5.10e-23
  3.0382e+05   4.79e-23
  3.1519e+05   4.49e-23
  3.2699e+05   4.20e-23
  3.3923e+05   3.93e-23
  3.5193e+05   3.68e-23
  3.6511e+05   3.43e-23
  3.7877e+05   3.21e-23
  3.9295e+05   2.99e-23
  4.0766e+05   2.78e-23
  4.2292e+05   2.59e-23
  4.3875e+05   2.41e-23
  4.5518e+05   2.24e-23
  4.7222e+05   2.08e-23
  4.8989e+05   1.93e-23
  5.0823e+05   1.79e-23
  5.2726e+05   1.66e-23
  5.4699e+05   1.54e-23
  5.6747e+05   1.42e-23
  5.8871e+05   1.32e-23
  6.1075e+05   1.22e-23
  6.3361e+05   1.12e-23
  6.5733e+05   1.04e-23
  6.8194e+05   9.59e-24
  7.0746e+05   8.85e-24
  7.3395e+05   8.17e-24
  7.6142e+05   7.54e-24
  7.8992e+05   6.96e-24
  8.1949e+05   6.42e-24
  8.5017e+05   5.93e-24
  8.8199e+05   5.48e-24
  9.1501e+05   5.06e-24
  9.4926e+05   4.67e-24
  9.8479e+05   4.32e-24
  1.0217e+06   3.99e-24
  1.0599e+06   3.69e-24
  1.0996e+06   3.41e-24
  1.1407e+06   3.16e-24
  1.1834e+06   2.92e-24
  1.2277e+06   2.71e-24
  1.2737e+06   2.51e-24
  1.3214e+06   2.33e-24
  1.3708e+06   2.17e-24
  1.4222e+06   2.01e-24
  1.4754e+06   1.87e-24
  1.5306e+06   1.74e-24
  1.5879e+06   1.62e-24
  1.6474e+06   1.51e-24
  1.7090e+06   1.41e-24
  1.7730e+06   1.31e-24
  1.8394e+06   1.23e-24
  1.9082e+06   1.15e-24
  1.9797e+06   1.07e-24
  2.0538e+06   1.00e-24
  2.1306e+06   9.35e-25
  2.2104e+06   8.75e-25
  2.2931e+06   8.19e-25
  2.3790e+06   7.67e-25
  2.4680e+06   7.19e-25
  2.5604e+06   6.73e-25
  2.6563e+06   6.30e-25
  2.7557e+06   5.91e-25
  2.8589e+06   5.53e-25
  2.9659e+06   5.18e-25
  3.0769e+06   4.86e-25
  3.1921e+06   4.55e-25
  3.3116e+06   4.26e-25
  3.4355e+06   3.98e-25
  3.5641e+06   3.73e-25
  3.6976e+06   3.48e-25
  3.8360e+06   3.25e-25
  3.9796e+06   3.03e-25
  4.1285e+06   2.83e-25
  4.2831e+06   2.63e-25
  4.4434e+06   2.45e-25
  4.6097e+06   2.27e-25
  4.7823e+06   2.11e-25
  4.9613e+06   1.95e-25
  5.1470e+06   1.81e-25
  5.3397e+06   1.67e-25
  5.5396e+06   1.53e-25
  5.7470e+06   1.41e-25
  5.9621e+06   1.29e-25
  6.1853e+06   1.18e-25
  6.4168e+06   1.07e-25
  6.6570e+06   9.71e-26
  6.9062e+06   8.77e-26
  7.1647e+06   7.89e-26
  7.4329e+06   7.06e-26
  7.7112e+06   6.29e-26
  7.9998e+06   5.57e-26
  8.2993e+06   4.91e-26
  8.6100e+06   4.29e-26
  8.9323e+06   3.73e-26
  9.2666e+06   3.22e-26
  9.6135e+06   2.75e-26
  9.9734e+06   2.33e-26
  1.0347e+07   1.95e-26
  1.0734e+07   1.61e-26
  1.1136e+07   1.32e-26
  1.1553e+07   1.06e-26
  1.1985e+07   8.45e-27
  1.2434e+07   6.60e-27
  1.2899e+07   5.06e-27
  1.3382e+07   3.80e-27
  1.3883e+07   2.78e-27
  1.4403e+07   1.99e-27
  1.4942e+07   1.38e-27
  1.5501e+07   9.27e-28
  1.6081e+07   6.01e-28
  1.6683e+07   3.74e-28
  1.7308e+07   2.22e-28
  1.7956e+07   1.25e-28
  1.8628e+07   6.65e-29
  1.9325e+07   3.31e-29
  2.0049e+07   1.52e-29
  2.0799e+07   6.44e-30
  2.1578e+07   2.46e-30
  2.2386e+07   8.40e-31
  2.3224e+07   2.51e-31
  2.4093e+07   6.44e-32
  2.4995e+07   1.38e-32
  2.5930e+07   2.41e-33
  2.6901e+07   3.30e-34
  2.7908e+07   3.39e-35
  2.8953e+07   2.49e-36
  3.0037e+07   1.23e-37
  3.1161e+07   3.77e-39
  3.2327e+07   6.53e-41
  3.3537e+07   5.72e-43
  3.4793e+07   2.19e-45
  3.6095e+07   3.07e-48
  3.7446e+07   1.26e-51
  3.8848e+07   1.14e-55
  4.0302e+07   1.59e-60
  4.1811e+07   4.39e-66
  4.3376e+07   4.17e-66
  4.5000e+07   3.95e-66
