#  E [MeV]   Flux [# cm^{-2} s^{-1}  MeV^{-1}]
  3.0000e+04   2.23e-19
  3.0854e+04   2.14e-19
  3.1733e+04   2.06e-19
  3.2636e+04   1.98e-19
  3.3566e+04   1.91e-19
  3.4521e+04   1.83e-19
  3.5504e+04   1.76e-19
  3.6515e+04   1.70e-19
  3.7555e+04   1.63e-19
  3.8625e+04   1.57e-19
  3.9724e+04   1.51e-19
  4.0855e+04   1.45e-19
  4.2019e+04   1.39e-19
  4.3215e+04   1.33e-19
  4.4446e+04   1.28e-19
  4.5711e+04   1.23e-19
  4.7013e+04   1.18e-19
  4.8352e+04   1.13e-19
  4.9728e+04   1.09e-19
  5.1144e+04   1.04e-19
  5.2601e+04   1.00e-19
  5.4099e+04   9.59e-20
  5.5639e+04   9.19e-20
  5.7223e+04   8.80e-20
  5.8853e+04   8.43e-20
  6.0528e+04   8.07e-20
  6.2252e+04   7.73e-20
  6.4025e+04   7.40e-20
  6.5848e+04   7.08e-20
  6.7723e+04   6.77e-20
  6.9651e+04   6.48e-20
  7.1634e+04   6.19e-20
  7.3674e+04   5.92e-20
  7.5772e+04   5.66e-20
  7.7929e+04   5.41e-20
  8.0148e+04   5.16e-20
  8.2431e+04   4.93e-20
  8.4778e+04   4.71e-20
  8.7192e+04   4.49e-20
  8.9674e+04   4.29e-20
  9.2228e+04   4.09e-20
  9.4854e+04   3.90e-20
  9.7555e+04   3.72e-20
  1.0033e+05   3.55e-20
  1.0319e+05   3.38e-20
  1.0613e+05   3.22e-20
  1.0915e+05   3.07e-20
  1.1226e+05   2.92e-20
  1.1545e+05   2.78e-20
  1.1874e+05   2.65e-20
  1.2212e+05   2.52e-20
  1.2560e+05   2.39e-20
  1.2918e+05   2.28e-20
  1.3286e+05   2.16e-20
  1.3664e+05   2.06e-20
  1.4053e+05   1.95e-20
  1.4453e+05   1.86e-20
  1.4865e+05   1.76e-20
  1.5288e+05   1.67e-20
  1.5723e+05   1.59e-20
  1.6171e+05   1.50e-20
  1.6631e+05   1.42e-20
  1.7105e+05   1.35e-20
  1.7592e+05   1.28e-20
  1.8093e+05   1.21e-20
  1.8608e+05   1.15e-20
  1.9138e+05   1.08e-20
  1.9683e+05   1.02e-20
  2.0243e+05   9.67e-21
  2.0820e+05   9.13e-21
  2.1413e+05   8.61e-21
  2.2022e+05   8.12e-21
  2.2649e+05   7.65e-21
  2.3294e+05   7.21e-21
  2.3958e+05   6.79e-21
  2.4640e+05   6.39e-21
  2.5341e+05   6.01e-21
  2.6063e+05   5.65e-21
  2.6805e+05   5.31e-21
  2.7568e+05   4.98e-21
  2.8353e+05   4.68e-21
  2.9161e+05   4.39e-21
  2.9991e+05   4.11e-21
  3.0845e+05   3.85e-21
  3.1723e+05   3.61e-21
  3.2627e+05   3.38e-21
  3.3556e+05   3.16e-21
  3.4511e+05   2.95e-21
  3.5494e+05   2.75e-21
  3.6504e+05   2.57e-21
  3.7544e+05   2.40e-21
  3.8613e+05   2.23e-21
  3.9712e+05   2.08e-21
  4.0843e+05   1.93e-21
  4.2006e+05   1.80e-21
  4.3202e+05   1.67e-21
  4.4432e+05   1.55e-21
  4.5698e+05   1.44e-21
  4.6999e+05   1.33e-21
  4.8337e+05   1.23e-21
  4.9713e+05   1.14e-21
  5.1129e+05   1.05e-21
  5.2585e+05   9.73e-22
  5.4082e+05   8.96e-22
  5.5622e+05   8.28e-22
  5.7206e+05   7.64e-22
  5.8835e+05   7.03e-22
  6.0510e+05   6.46e-22
  6.2233e+05   5.94e-22
  6.4005e+05   5.47e-22
  6.5828e+05   5.02e-22
  6.7702e+05   4.60e-22
  6.9630e+05   4.22e-22
  7.1613e+05   3.87e-22
  7.3652e+05   3.55e-22
  7.5749e+05   3.24e-22
  7.7906e+05   2.96e-22
  8.0124e+05   2.71e-22
  8.2406e+05   2.47e-22
  8.4752e+05   2.25e-22
  8.7165e+05   2.05e-22
  8.9647e+05   1.87e-22
  9.2200e+05   1.70e-22
  9.4825e+05   1.54e-22
  9.7526e+05   1.40e-22
  1.0030e+06   1.28e-22
  1.0316e+06   1.16e-22
  1.0610e+06   1.05e-22
  1.0912e+06   9.47e-23
  1.1222e+06   8.62e-23
  1.1542e+06   7.82e-23
  1.1871e+06   7.06e-23
  1.2209e+06   6.35e-23
  1.2556e+06   5.77e-23
  1.2914e+06   5.23e-23
  1.3281e+06   4.71e-23
  1.3660e+06   4.23e-23
  1.4049e+06   3.83e-23
  1.4449e+06   3.47e-23
  1.4860e+06   3.12e-23
  1.5283e+06   2.79e-23
  1.5718e+06   2.52e-23
  1.6166e+06   2.27e-23
  1.6626e+06   2.04e-23
  1.7100e+06   1.82e-23
  1.7587e+06   1.64e-23
  1.8087e+06   1.48e-23
  1.8602e+06   1.33e-23
  1.9132e+06   1.18e-23
  1.9677e+06   1.06e-23
  2.0237e+06   9.55e-24
  2.0813e+06   8.56e-24
  2.1406e+06   7.62e-24
  2.2016e+06   6.82e-24
  2.2642e+06   6.15e-24
  2.3287e+06   5.51e-24
  2.3950e+06   4.90e-24
  2.4632e+06   4.38e-24
  2.5334e+06   3.95e-24
  2.6055e+06   3.55e-24
  2.6797e+06   3.16e-24
  2.7560e+06   2.82e-24
  2.8345e+06   2.55e-24
  2.9152e+06   2.29e-24
  2.9982e+06   2.05e-24
  3.0836e+06   1.83e-24
  3.1714e+06   1.66e-24
  3.2617e+06   1.50e-24
  3.3545e+06   1.35e-24
  3.4501e+06   1.21e-24
  3.5483e+06   1.11e-24
  3.6493e+06   1.01e-24
  3.7532e+06   9.12e-25
  3.8601e+06   8.23e-25
  3.9700e+06   7.56e-25
  4.0831e+06   6.92e-25
  4.1993e+06   6.31e-25
  4.3189e+06   5.73e-25
  4.4419e+06   5.27e-25
  4.5684e+06   4.85e-25
  4.6985e+06   4.44e-25
  4.8322e+06   4.06e-25
  4.9698e+06   3.74e-25
  5.1114e+06   3.46e-25
  5.2569e+06   3.18e-25
  5.4066e+06   2.92e-25
  5.5605e+06   2.70e-25
  5.7189e+06   2.49e-25
  5.8817e+06   2.29e-25
  6.0492e+06   2.11e-25
  6.2214e+06   1.94e-25
  6.3986e+06   1.78e-25
  6.5808e+06   1.63e-25
  6.7682e+06   1.49e-25
  6.9609e+06   1.36e-25
  7.1591e+06   1.23e-25
  7.3630e+06   1.11e-25
  7.5726e+06   1.00e-25
  7.7882e+06   9.08e-26
  8.0100e+06   8.31e-26
