#  E [MeV]   Flux [# cm^{-2} s^{-1}  MeV^{-1}]
  3.0000e+04   8.51e-22
  3.0607e+04   8.24e-22
  3.1227e+04   7.97e-22
  3.1859e+04   7.71e-22
  3.2504e+04   7.46e-22
  3.3163e+04   7.22e-22
  3.3834e+04   6.99e-22
  3.4519e+04   6.76e-22
  3.5218e+04   6.53e-22
  3.5931e+04   6.32e-22
  3.6659e+04   6.11e-22
  3.7401e+04   5.90e-22
  3.8158e+04   5.71e-22
  3.8931e+04   5.51e-22
  3.9719e+04   5.33e-22
  4.0523e+04   5.15e-22
  4.1344e+04   4.97e-22
  4.2181e+04   4.80e-22
  4.3035e+04   4.63e-22
  4.3906e+04   4.47e-22
  4.4795e+04   4.31e-22
  4.5702e+04   4.16e-22
  4.6628e+04   4.01e-22
  4.7572e+04   3.87e-22
  4.8535e+04   3.73e-22
  4.9517e+04   3.59e-22
  5.0520e+04   3.46e-22
  5.1543e+04   3.34e-22
  5.2587e+04   3.21e-22
  5.3651e+04   3.10e-22
  5.4738e+04   2.98e-22
  5.5846e+04   2.87e-22
  5.6977e+04   2.76e-22
  5.8130e+04   2.66e-22
  5.9307e+04   2.56e-22
  6.0508e+04   2.46e-22
  6.1733e+04   2.36e-22
  6.2983e+04   2.27e-22
  6.4258e+04   2.18e-22
  6.5559e+04   2.10e-22
  6.6887e+04   2.02e-22
  6.8241e+04   1.94e-22
  6.9623e+04   1.86e-22
  7.1033e+04   1.78e-22
  7.2471e+04   1.71e-22
  7.3938e+04   1.64e-22
  7.5435e+04   1.57e-22
  7.6963e+04   1.51e-22
  7.8521e+04   1.45e-22
  8.0111e+04   1.38e-22
  8.1733e+04   1.33e-22
  8.3388e+04   1.27e-22
  8.5076e+04   1.22e-22
  8.6799e+04   1.16e-22
  8.8556e+04   1.11e-22
  9.0349e+04   1.06e-22
  9.2178e+04   1.02e-22
  9.4045e+04   9.72e-23
  9.5949e+04   9.29e-23
  9.7892e+04   8.87e-23
  9.9874e+04   8.46e-23
  1.0190e+05   8.07e-23
  1.0396e+05   7.71e-23
  1.0606e+05   7.35e-23
  1.0821e+05   7.01e-23
  1.1040e+05   6.67e-23
  1.1264e+05   6.35e-23
  1.1492e+05   6.05e-23
  1.1725e+05   5.76e-23
  1.1962e+05   5.49e-23
  1.2204e+05   5.22e-23
  1.2451e+05   4.96e-23
  1.2703e+05   4.70e-23
  1.2961e+05   4.48e-23
  1.3223e+05   4.25e-23
  1.3491e+05   4.04e-23
  1.3764e+05   3.83e-23
  1.4043e+05   3.63e-23
  1.4327e+05   3.44e-23
  1.4617e+05   3.26e-23
  1.4913e+05   3.09e-23
  1.5215e+05   2.93e-23
  1.5523e+05   2.77e-23
  1.5837e+05   2.61e-23
  1.6158e+05   2.47e-23
  1.6485e+05   2.34e-23
  1.6819e+05   2.21e-23
  1.7159e+05   2.08e-23
  1.7507e+05   1.96e-23
  1.7861e+05   1.85e-23
  1.8223e+05   1.74e-23
  1.8592e+05   1.64e-23
  1.8968e+05   1.55e-23
  1.9352e+05   1.45e-23
  1.9744e+05   1.37e-23
  2.0144e+05   1.28e-23
  2.0552e+05   1.21e-23
  2.0968e+05   1.13e-23
  2.1392e+05   1.06e-23
  2.1826e+05   9.97e-24
  2.2267e+05   9.32e-24
  2.2718e+05   8.72e-24
  2.3178e+05   8.19e-24
  2.3648e+05   7.68e-24
  2.4126e+05   7.18e-24
  2.4615e+05   6.70e-24
  2.5113e+05   6.24e-24
  2.5622e+05   5.83e-24
  2.6141e+05   5.46e-24
  2.6670e+05   5.10e-24
  2.7210e+05   4.75e-24
  2.7761e+05   4.42e-24
  2.8323e+05   4.10e-24
  2.8896e+05   3.82e-24
  2.9481e+05   3.57e-24
  3.0078e+05   3.32e-24
  3.0687e+05   3.08e-24
  3.1309e+05   2.85e-24
  3.1943e+05   2.64e-24
  3.2589e+05   2.46e-24
  3.3249e+05   2.28e-24
  3.3922e+05   2.12e-24
  3.4609e+05   1.95e-24
  3.5310e+05   1.80e-24
  3.6025e+05   1.66e-24
  3.6754e+05   1.54e-24
  3.7498e+05   1.43e-24
  3.8258e+05   1.32e-24
  3.9032e+05   1.21e-24
  3.9823e+05   1.11e-24
  4.0629e+05   1.02e-24
  4.1452e+05   9.45e-25
  4.2291e+05   8.71e-25
  4.3147e+05   8.01e-25
  4.4021e+05   7.32e-25
  4.4912e+05   6.67e-25
  4.5821e+05   6.15e-25
  4.6749e+05   5.67e-25
  4.7696e+05   5.21e-25
  4.8661e+05   4.77e-25
  4.9647e+05   4.34e-25
  5.0652e+05   3.94e-25
  5.1678e+05   3.63e-25
  5.2724e+05   3.34e-25
  5.3791e+05   3.05e-25
  5.4881e+05   2.78e-25
  5.5992e+05   2.52e-25
  5.7125e+05   2.29e-25
  5.8282e+05   2.10e-25
  5.9462e+05   1.93e-25
  6.0666e+05   1.75e-25
  6.1894e+05   1.59e-25
  6.3148e+05   1.43e-25
  6.4426e+05   1.30e-25
  6.5731e+05   1.19e-25
  6.7061e+05   1.09e-25
  6.8419e+05   9.87e-26
  6.9805e+05   8.89e-26
  7.1218e+05   7.95e-26
  7.2660e+05   7.27e-26
  7.4131e+05   6.65e-26
  7.5632e+05   6.05e-26
  7.7163e+05   5.47e-26
  7.8726e+05   4.92e-26
  8.0320e+05   4.40e-26
  8.1946e+05   4.04e-26
  8.3605e+05   3.70e-26
  8.5298e+05   3.37e-26
  8.7025e+05   3.05e-26
  8.8787e+05   2.74e-26
  9.0585e+05   2.48e-26
  9.2419e+05   2.28e-26
  9.4290e+05   2.09e-26
  9.6199e+05   1.90e-26
  9.8147e+05   1.73e-26
  1.0013e+06   1.56e-26
  1.0216e+06   1.43e-26
  1.0423e+06   1.33e-26
  1.0634e+06   1.23e-26
  1.0849e+06   1.13e-26
  1.1069e+06   1.04e-26
  1.1293e+06   9.46e-27
  1.1522e+06   8.84e-27
  1.1755e+06   8.27e-27
  1.1993e+06   7.71e-27
  1.2236e+06   7.18e-27
  1.2484e+06   6.66e-27
  1.2736e+06   6.18e-27
  1.2994e+06   5.82e-27
  1.3257e+06   5.46e-27
  1.3526e+06   5.12e-27
  1.3800e+06   4.79e-27
  1.4079e+06   4.47e-27
  1.4364e+06   4.19e-27
  1.4655e+06   3.93e-27
  1.4952e+06   3.68e-27
  1.5255e+06   3.45e-27
  1.5563e+06   3.22e-27
  1.5879e+06   3.00e-27
  1.6200e+06   2.83e-27
