#  E [MeV]   Flux [# cm^{-2} s^{-1}  MeV^{-1}]
  3.0000e+04   4.47e-21
  3.0854e+04   4.33e-21
  3.1733e+04   4.20e-21
  3.2636e+04   4.07e-21
  3.3566e+04   3.94e-21
  3.4521e+04   3.82e-21
  3.5504e+04   3.70e-21
  3.6515e+04   3.58e-21
  3.7555e+04   3.47e-21
  3.8625e+04   3.36e-21
  3.9724e+04   3.26e-21
  4.0855e+04   3.16e-21
  4.2019e+04   3.06e-21
  4.3215e+04   2.97e-21
  4.4446e+04   2.88e-21
  4.5711e+04   2.79e-21
  4.7013e+04   2.71e-21
  4.8352e+04   2.62e-21
  4.9728e+04   2.55e-21
  5.1144e+04   2.47e-21
  5.2601e+04   2.40e-21
  5.4099e+04   2.33e-21
  5.5639e+04   2.26e-21
  5.7223e+04   2.19e-21
  5.8853e+04   2.13e-21
  6.0528e+04   2.07e-21
  6.2252e+04   2.01e-21
  6.4025e+04   1.95e-21
  6.5848e+04   1.90e-21
  6.7723e+04   1.84e-21
  6.9651e+04   1.79e-21
  7.1634e+04   1.74e-21
  7.3674e+04   1.70e-21
  7.5772e+04   1.65e-21
  7.7929e+04   1.61e-21
  8.0148e+04   1.56e-21
  8.2431e+04   1.52e-21
  8.4778e+04   1.48e-21
  8.7192e+04   1.44e-21
  8.9674e+04   1.41e-21
  9.2228e+04   1.37e-21
  9.4854e+04   1.33e-21
  9.7555e+04   1.30e-21
  1.0033e+05   1.27e-21
  1.0319e+05   1.24e-21
  1.0613e+05   1.21e-21
  1.0915e+05   1.18e-21
  1.1226e+05   1.15e-21
  1.1545e+05   1.12e-21
  1.1874e+05   1.10e-21
  1.2212e+05   1.07e-21
  1.2560e+05   1.05e-21
  1.2918e+05   1.02e-21
  1.3286e+05   9.99e-22
  1.3664e+05   9.76e-22
  1.4053e+05   9.54e-22
  1.4453e+05   9.33e-22
  1.4865e+05   9.13e-22
  1.5288e+05   8.93e-22
  1.5723e+05   8.73e-22
  1.6171e+05   8.55e-22
  1.6631e+05   8.36e-22
  1.7105e+05   8.18e-22
  1.7592e+05   8.00e-22
  1.8093e+05   7.84e-22
  1.8608e+05   7.67e-22
  1.9138e+05   7.50e-22
  1.9683e+05   7.35e-22
  2.0243e+05   7.19e-22
  2.0820e+05   7.04e-22
  2.1413e+05   6.89e-22
  2.2022e+05   6.75e-22
  2.2649e+05   6.61e-22
  2.3294e+05   6.47e-22
  2.3958e+05   6.33e-22
  2.4640e+05   6.20e-22
  2.5341e+05   6.07e-22
  2.6063e+05   5.94e-22
  2.6805e+05   5.81e-22
  2.7568e+05   5.69e-22
  2.8353e+05   5.56e-22
  2.9161e+05   5.44e-22
  2.9991e+05   5.32e-22
  3.0845e+05   5.21e-22
  3.1723e+05   5.09e-22
  3.2627e+05   4.98e-22
  3.3556e+05   4.86e-22
  3.4511e+05   4.75e-22
  3.5494e+05   4.65e-22
  3.6504e+05   4.54e-22
  3.7544e+05   4.43e-22
  3.8613e+05   4.33e-22
  3.9712e+05   4.23e-22
  4.0843e+05   4.13e-22
  4.2006e+05   4.03e-22
  4.3202e+05   3.93e-22
  4.4432e+05   3.83e-22
  4.5698e+05   3.73e-22
  4.6999e+05   3.64e-22
  4.8337e+05   3.55e-22
  4.9713e+05   3.45e-22
  5.1129e+05   3.36e-22
  5.2585e+05   3.27e-22
  5.4082e+05   3.18e-22
  5.5622e+05   3.10e-22
  5.7206e+05   3.01e-22
  5.8835e+05   2.93e-22
  6.0510e+05   2.84e-22
  6.2233e+05   2.76e-22
  6.4005e+05   2.68e-22
  6.5828e+05   2.60e-22
  6.7702e+05   2.53e-22
  6.9630e+05   2.45e-22
  7.1613e+05   2.38e-22
  7.3652e+05   2.30e-22
  7.5749e+05   2.23e-22
  7.7906e+05   2.16e-22
  8.0124e+05   2.09e-22
  8.2406e+05   2.03e-22
  8.4752e+05   1.96e-22
  8.7165e+05   1.90e-22
  8.9647e+05   1.83e-22
  9.2200e+05   1.77e-22
  9.4825e+05   1.71e-22
  9.7526e+05   1.66e-22
  1.0030e+06   1.60e-22
  1.0316e+06   1.54e-22
  1.0610e+06   1.49e-22
  1.0912e+06   1.44e-22
  1.1222e+06   1.38e-22
  1.1542e+06   1.33e-22
  1.1871e+06   1.28e-22
  1.2209e+06   1.24e-22
  1.2556e+06   1.19e-22
  1.2914e+06   1.14e-22
  1.3281e+06   1.10e-22
  1.3660e+06   1.06e-22
  1.4049e+06   1.02e-22
  1.4449e+06   9.75e-23
  1.4860e+06   9.36e-23
  1.5283e+06   8.98e-23
  1.5718e+06   8.60e-23
  1.6166e+06   8.23e-23
  1.6626e+06   7.88e-23
  1.7100e+06   7.54e-23
  1.7587e+06   7.20e-23
  1.8087e+06   6.87e-23
  1.8602e+06   6.55e-23
  1.9132e+06   6.25e-23
  1.9677e+06   5.95e-23
  2.0237e+06   5.66e-23
  2.0813e+06   5.38e-23
  2.1406e+06   5.11e-23
  2.2016e+06   4.85e-23
  2.2642e+06   4.59e-23
  2.3287e+06   4.35e-23
  2.3950e+06   4.12e-23
  2.4632e+06   3.89e-23
  2.5334e+06   3.67e-23
  2.6055e+06   3.46e-23
  2.6797e+06   3.25e-23
  2.7560e+06   3.06e-23
  2.8345e+06   2.87e-23
  2.9152e+06   2.69e-23
  2.9982e+06   2.52e-23
  3.0836e+06   2.35e-23
  3.1714e+06   2.19e-23
  3.2617e+06   2.04e-23
  3.3545e+06   1.89e-23
  3.4501e+06   1.75e-23
  3.5483e+06   1.62e-23
  3.6493e+06   1.49e-23
  3.7532e+06   1.37e-23
  3.8601e+06   1.26e-23
  3.9700e+06   1.16e-23
  4.0831e+06   1.06e-23
  4.1993e+06   9.63e-24
  4.3189e+06   8.74e-24
  4.4419e+06   7.95e-24
  4.5684e+06   7.20e-24
  4.6985e+06   6.50e-24
  4.8322e+06   5.83e-24
  4.9698e+06   5.24e-24
  5.1114e+06   4.69e-24
  5.2569e+06   4.18e-24
  5.4066e+06   3.69e-24
  5.5605e+06   3.28e-24
  5.7189e+06   2.91e-24
  5.8817e+06   2.56e-24
  6.0492e+06   2.24e-24
  6.2214e+06   1.97e-24
  6.3986e+06   1.74e-24
  6.5808e+06   1.52e-24
  6.7682e+06   1.32e-24
  6.9609e+06   1.16e-24
  7.1591e+06   1.03e-24
  7.3630e+06   9.06e-25
  7.5726e+06   7.93e-25
  7.7882e+06   7.04e-25
  8.0100e+06   6.43e-25
