#  E [MeV]   Flux [# cm^{-2} s^{-1}  MeV^{-1}]
  3.0000e+04   5.24e-26
  3.0962e+04   5.04e-26
  3.1955e+04   4.85e-26
  3.2979e+04   4.67e-26
  3.4037e+04   4.49e-26
  3.5128e+04   4.32e-26
  3.6254e+04   4.16e-26
  3.7417e+04   4.00e-26
  3.8616e+04   3.84e-26
  3.9855e+04   3.69e-26
  4.1132e+04   3.55e-26
  4.2451e+04   3.41e-26
  4.3812e+04   3.28e-26
  4.5217e+04   3.15e-26
  4.6667e+04   3.02e-26
  4.8163e+04   2.90e-26
  4.9707e+04   2.78e-26
  5.1301e+04   2.67e-26
  5.2946e+04   2.56e-26
  5.4644e+04   2.46e-26
  5.6396e+04   2.36e-26
  5.8204e+04   2.26e-26
  6.0070e+04   2.17e-26
  6.1996e+04   2.08e-26
  6.3984e+04   1.99e-26
  6.6035e+04   1.91e-26
  6.8153e+04   1.83e-26
  7.0338e+04   1.75e-26
  7.2593e+04   1.67e-26
  7.4921e+04   1.60e-26
  7.7323e+04   1.53e-26
  7.9802e+04   1.47e-26
  8.2361e+04   1.40e-26
  8.5002e+04   1.34e-26
  8.7727e+04   1.28e-26
  9.0540e+04   1.23e-26
  9.3443e+04   1.17e-26
  9.6439e+04   1.12e-26
  9.9531e+04   1.07e-26
  1.0272e+05   1.02e-26
  1.0602e+05   9.76e-27
  1.0942e+05   9.32e-27
  1.1292e+05   8.89e-27
  1.1654e+05   8.48e-27
  1.2028e+05   8.09e-27
  1.2414e+05   7.72e-27
  1.2812e+05   7.36e-27
  1.3223e+05   7.01e-27
  1.3646e+05   6.68e-27
  1.4084e+05   6.36e-27
  1.4536e+05   6.06e-27
  1.5002e+05   5.77e-27
  1.5483e+05   5.49e-27
  1.5979e+05   5.23e-27
  1.6491e+05   4.97e-27
  1.7020e+05   4.73e-27
  1.7566e+05   4.50e-27
  1.8129e+05   4.27e-27
  1.8710e+05   4.06e-27
  1.9310e+05   3.85e-27
  1.9929e+05   3.66e-27
  2.0568e+05   3.47e-27
  2.1228e+05   3.29e-27
  2.1909e+05   3.12e-27
  2.2611e+05   2.96e-27
  2.3336e+05   2.81e-27
  2.4084e+05   2.66e-27
  2.4856e+05   2.52e-27
  2.5653e+05   2.38e-27
  2.6476e+05   2.25e-27
  2.7325e+05   2.13e-27
  2.8201e+05   2.01e-27
  2.9105e+05   1.90e-27
  3.0038e+05   1.80e-27
  3.1002e+05   1.70e-27
  3.1996e+05   1.60e-27
  3.3021e+05   1.51e-27
  3.4080e+05   1.42e-27
  3.5173e+05   1.34e-27
  3.6301e+05   1.26e-27
  3.7465e+05   1.18e-27
  3.8666e+05   1.11e-27
  3.9905e+05   1.05e-27
  4.1185e+05   9.83e-28
  4.2506e+05   9.23e-28
  4.3868e+05   8.67e-28
  4.5275e+05   8.13e-28
  4.6727e+05   7.62e-28
  4.8225e+05   7.15e-28
  4.9771e+05   6.70e-28
  5.1367e+05   6.27e-28
  5.3014e+05   5.87e-28
  5.4714e+05   5.50e-28
  5.6468e+05   5.14e-28
  5.8278e+05   4.81e-28
  6.0147e+05   4.50e-28
  6.2075e+05   4.21e-28
  6.4066e+05   3.94e-28
  6.6120e+05   3.68e-28
  6.8240e+05   3.44e-28
  7.0428e+05   3.22e-28
  7.2686e+05   3.01e-28
  7.5017e+05   2.82e-28
  7.7422e+05   2.64e-28
  7.9904e+05   2.47e-28
  8.2466e+05   2.31e-28
  8.5110e+05   2.16e-28
  8.7839e+05   2.02e-28
  9.0656e+05   1.89e-28
  9.3562e+05   1.78e-28
  9.6562e+05   1.67e-28
  9.9658e+05   1.56e-28
  1.0285e+06   1.47e-28
  1.0615e+06   1.38e-28
  1.0956e+06   1.29e-28
  1.1307e+06   1.22e-28
  1.1669e+06   1.14e-28
  1.2043e+06   1.08e-28
  1.2430e+06   1.01e-28
  1.2828e+06   9.54e-29
  1.3239e+06   8.99e-29
  1.3664e+06   8.48e-29
  1.4102e+06   8.01e-29
  1.4554e+06   7.56e-29
  1.5021e+06   7.15e-29
  1.5502e+06   6.76e-29
  1.6000e+06   6.40e-29
  1.6513e+06   6.05e-29
  1.7042e+06   5.73e-29
  1.7588e+06   5.43e-29
  1.8152e+06   5.15e-29
  1.8734e+06   4.88e-29
  1.9335e+06   4.63e-29
  1.9955e+06   4.40e-29
  2.0595e+06   4.17e-29
  2.1255e+06   3.96e-29
  2.1937e+06   3.76e-29
  2.2640e+06   3.57e-29
  2.3366e+06   3.39e-29
  2.4115e+06   3.22e-29
  2.4888e+06   3.06e-29
  2.5686e+06   2.91e-29
  2.6510e+06   2.76e-29
  2.7360e+06   2.62e-29
  2.8237e+06   2.49e-29
  2.9142e+06   2.36e-29
  3.0077e+06   2.24e-29
  3.1041e+06   2.13e-29
  3.2036e+06   2.02e-29
  3.3064e+06   1.91e-29
  3.4124e+06   1.81e-29
  3.5218e+06   1.71e-29
  3.6347e+06   1.62e-29
  3.7512e+06   1.53e-29
  3.8715e+06   1.44e-29
  3.9957e+06   1.36e-29
  4.1238e+06   1.28e-29
  4.2560e+06   1.21e-29
  4.3924e+06   1.13e-29
  4.5333e+06   1.06e-29
  4.6786e+06   9.93e-30
  4.8286e+06   9.28e-30
  4.9835e+06   8.66e-30
  5.1433e+06   8.07e-30
  5.3082e+06   7.50e-30
  5.4784e+06   6.95e-30
  5.6540e+06   6.43e-30
  5.8353e+06   5.94e-30
  6.0224e+06   5.47e-30
  6.2155e+06   5.02e-30
  6.4148e+06   4.60e-30
  6.6205e+06   4.20e-30
  6.8327e+06   3.82e-30
  7.0518e+06   3.46e-30
  7.2779e+06   3.12e-30
  7.5113e+06   2.81e-30
  7.7521e+06   2.51e-30
  8.0007e+06   2.23e-30
  8.2572e+06   1.98e-30
  8.5219e+06   1.74e-30
  8.7952e+06   1.53e-30
  9.0772e+06   1.33e-30
  9.3682e+06   1.15e-30
  9.6686e+06   9.88e-31
  9.9786e+06   8.41e-31
  1.0299e+07   7.10e-31
  1.0629e+07   5.94e-31
  1.0970e+07   4.92e-31
  1.1321e+07   4.03e-31
  1.1684e+07   3.26e-31
  1.2059e+07   2.60e-31
  1.2446e+07   2.05e-31
  1.2845e+07   1.59e-31
  1.3256e+07   1.21e-31
  1.3681e+07   9.04e-32
  1.4120e+07   6.62e-32
  1.4573e+07   4.74e-32
  1.5040e+07   3.33e-32
  1.5522e+07   2.28e-32
  1.6020e+07   1.52e-32
