#  E [GeV]   # per interaction  [GeV^{-1}]
  3.0000e+01   7.86e-01
  3.0943e+01   7.55e-01
  3.1916e+01   7.26e-01
  3.2920e+01   6.97e-01
  3.3955e+01   6.69e-01
  3.5023e+01   6.43e-01
  3.6124e+01   6.17e-01
  3.7260e+01   5.92e-01
  3.8432e+01   5.68e-01
  3.9640e+01   5.46e-01
  4.0887e+01   5.23e-01
  4.2172e+01   5.02e-01
  4.3499e+01   4.82e-01
  4.4866e+01   4.62e-01
  4.6277e+01   4.43e-01
  4.7732e+01   4.25e-01
  4.9233e+01   4.07e-01
  5.0781e+01   3.90e-01
  5.2378e+01   3.74e-01
  5.4025e+01   3.58e-01
  5.5724e+01   3.43e-01
  5.7476e+01   3.28e-01
  5.9284e+01   3.14e-01
  6.1148e+01   3.01e-01
  6.3071e+01   2.88e-01
  6.5054e+01   2.76e-01
  6.7100e+01   2.64e-01
  6.9210e+01   2.52e-01
  7.1386e+01   2.41e-01
  7.3631e+01   2.31e-01
  7.5946e+01   2.21e-01
  7.8334e+01   2.11e-01
  8.0797e+01   2.01e-01
  8.3338e+01   1.92e-01
  8.5959e+01   1.84e-01
  8.8662e+01   1.76e-01
  9.1450e+01   1.67e-01
  9.4325e+01   1.60e-01
  9.7291e+01   1.52e-01
  1.0035e+02   1.45e-01
  1.0351e+02   1.39e-01
  1.0676e+02   1.32e-01
  1.1012e+02   1.26e-01
  1.1358e+02   1.20e-01
  1.1715e+02   1.14e-01
  1.2084e+02   1.09e-01
  1.2464e+02   1.03e-01
  1.2856e+02   9.83e-02
  1.3260e+02   9.35e-02
  1.3677e+02   8.89e-02
  1.4107e+02   8.45e-02
  1.4550e+02   8.03e-02
  1.5008e+02   7.63e-02
  1.5480e+02   7.24e-02
  1.5967e+02   6.88e-02
  1.6469e+02   6.53e-02
  1.6987e+02   6.19e-02
  1.7521e+02   5.87e-02
  1.8072e+02   5.57e-02
  1.8640e+02   5.28e-02
  1.9226e+02   5.00e-02
  1.9831e+02   4.74e-02
  2.0454e+02   4.49e-02
  2.1097e+02   4.25e-02
  2.1761e+02   4.02e-02
  2.2445e+02   3.80e-02
  2.3151e+02   3.59e-02
  2.3879e+02   3.40e-02
  2.4630e+02   3.21e-02
  2.5404e+02   3.03e-02
  2.6203e+02   2.86e-02
  2.7027e+02   2.70e-02
  2.7877e+02   2.55e-02
  2.8753e+02   2.40e-02
  2.9657e+02   2.26e-02
  3.0590e+02   2.13e-02
  3.1552e+02   2.01e-02
  3.2544e+02   1.89e-02
  3.3567e+02   1.78e-02
  3.4623e+02   1.67e-02
  3.5712e+02   1.57e-02
  3.6835e+02   1.47e-02
  3.7993e+02   1.38e-02
  3.9188e+02   1.30e-02
  4.0420e+02   1.22e-02
  4.1691e+02   1.14e-02
  4.3002e+02   1.07e-02
  4.4354e+02   9.97e-03
  4.5749e+02   9.33e-03
  4.7187e+02   8.72e-03
  4.8671e+02   8.14e-03
  5.0202e+02   7.60e-03
  5.1780e+02   7.09e-03
  5.3409e+02   6.61e-03
  5.5088e+02   6.16e-03
  5.6820e+02   5.74e-03
  5.8607e+02   5.34e-03
  6.0450e+02   4.97e-03
  6.2351e+02   4.61e-03
  6.4311e+02   4.29e-03
  6.6334e+02   3.98e-03
  6.8419e+02   3.69e-03
  7.0571e+02   3.42e-03
  7.2790e+02   3.17e-03
  7.5079e+02   2.93e-03
  7.7440e+02   2.71e-03
  7.9875e+02   2.50e-03
  8.2387e+02   2.31e-03
  8.4977e+02   2.13e-03
  8.7649e+02   1.96e-03
  9.0405e+02   1.81e-03
  9.3248e+02   1.67e-03
  9.6180e+02   1.53e-03
  9.9205e+02   1.40e-03
  1.0232e+03   1.29e-03
  1.0554e+03   1.19e-03
  1.0886e+03   1.09e-03
  1.1228e+03   9.95e-04
  1.1581e+03   9.13e-04
  1.1946e+03   8.36e-04
  1.2321e+03   7.62e-04
  1.2709e+03   6.97e-04
  1.3108e+03   6.37e-04
  1.3521e+03   5.81e-04
  1.3946e+03   5.27e-04
  1.4384e+03   4.82e-04
  1.4837e+03   4.39e-04
  1.5303e+03   3.98e-04
  1.5784e+03   3.60e-04
  1.6281e+03   3.28e-04
  1.6793e+03   2.98e-04
  1.7321e+03   2.69e-04
  1.7865e+03   2.43e-04
  1.8427e+03   2.21e-04
  1.9006e+03   1.99e-04
  1.9604e+03   1.79e-04
  2.0221e+03   1.62e-04
  2.0856e+03   1.46e-04
  2.1512e+03   1.32e-04
  2.2189e+03   1.18e-04
  2.2886e+03   1.07e-04
  2.3606e+03   9.59e-05
  2.4348e+03   8.58e-05
  2.5114e+03   7.68e-05
  2.5904e+03   6.92e-05
  2.6718e+03   6.20e-05
  2.7558e+03   5.52e-05
  2.8425e+03   4.94e-05
  2.9319e+03   4.43e-05
  3.0241e+03   3.95e-05
  3.1192e+03   3.50e-05
  3.2173e+03   3.14e-05
  3.3184e+03   2.80e-05
  3.4228e+03   2.49e-05
  3.5304e+03   2.20e-05
  3.6414e+03   1.98e-05
  3.7559e+03   1.76e-05
  3.8740e+03   1.56e-05
  3.9958e+03   1.38e-05
  4.1215e+03   1.24e-05
  4.2511e+03   1.10e-05
  4.3848e+03   9.69e-06
  4.5227e+03   8.67e-06
  4.6649e+03   7.75e-06
  4.8116e+03   6.88e-06
  4.9629e+03   6.07e-06
  5.1189e+03   5.46e-06
  5.2799e+03   4.88e-06
  5.4459e+03   4.33e-06
  5.6171e+03   3.86e-06
  5.7938e+03   3.48e-06
  5.9760e+03   3.13e-06
  6.1639e+03   2.79e-06
  6.3577e+03   2.52e-06
  6.5576e+03   2.29e-06
  6.7638e+03   2.07e-06
  6.9765e+03   1.86e-06
  7.1959e+03   1.69e-06
  7.4222e+03   1.54e-06
  7.6556e+03   1.40e-06
  7.8963e+03   1.27e-06
  8.1446e+03   1.16e-06
  8.4007e+03   1.06e-06
  8.6649e+03   9.69e-07
  8.9373e+03   8.86e-07
  9.2184e+03   8.15e-07
  9.5082e+03   7.47e-07
  9.8072e+03   6.83e-07
  1.0116e+04   6.28e-07
  1.0434e+04   5.77e-07
  1.0762e+04   5.29e-07
  1.1100e+04   4.84e-07
  1.1449e+04   4.42e-07
  1.1809e+04   4.04e-07
  1.2181e+04   3.67e-07
  1.2564e+04   3.32e-07
  1.2959e+04   2.99e-07
  1.3366e+04   2.68e-07
  1.3786e+04   2.39e-07
  1.4220e+04   2.15e-07
