#  E [MeV]   Flux [# cm^{-2} s^{-1}  MeV^{-1}]
  3.0000e+04   7.41e-20
  3.0675e+04   7.28e-20
  3.1366e+04   7.15e-20
  3.2072e+04   7.04e-20
  3.2794e+04   6.92e-20
  3.3533e+04   6.81e-20
  3.4288e+04   6.69e-20
  3.5060e+04   6.58e-20
  3.5849e+04   6.48e-20
  3.6656e+04   6.38e-20
  3.7482e+04   6.28e-20
  3.8326e+04   6.18e-20
  3.9188e+04   6.08e-20
  4.0071e+04   5.98e-20
  4.0973e+04   5.89e-20
  4.1896e+04   5.80e-20
  4.2839e+04   5.71e-20
  4.3803e+04   5.63e-20
  4.4790e+04   5.54e-20
  4.5798e+04   5.46e-20
  4.6829e+04   5.38e-20
  4.7884e+04   5.30e-20
  4.8962e+04   5.22e-20
  5.0064e+04   5.14e-20
  5.1191e+04   5.07e-20
  5.2344e+04   5.00e-20
  5.3522e+04   4.93e-20
  5.4727e+04   4.86e-20
  5.5960e+04   4.79e-20
  5.7219e+04   4.72e-20
  5.8508e+04   4.65e-20
  5.9825e+04   4.59e-20
  6.1172e+04   4.52e-20
  6.2549e+04   4.46e-20
  6.3958e+04   4.40e-20
  6.5398e+04   4.34e-20
  6.6870e+04   4.28e-20
  6.8376e+04   4.22e-20
  6.9915e+04   4.16e-20
  7.1489e+04   4.10e-20
  7.3099e+04   4.05e-20
  7.4745e+04   3.99e-20
  7.6428e+04   3.94e-20
  7.8148e+04   3.88e-20
  7.9908e+04   3.83e-20
  8.1707e+04   3.78e-20
  8.3547e+04   3.73e-20
  8.5428e+04   3.67e-20
  8.7351e+04   3.62e-20
  8.9318e+04   3.57e-20
  9.1329e+04   3.52e-20
  9.3385e+04   3.48e-20
  9.5488e+04   3.43e-20
  9.7638e+04   3.38e-20
  9.9836e+04   3.33e-20
  1.0208e+05   3.29e-20
  1.0438e+05   3.24e-20
  1.0673e+05   3.20e-20
  1.0914e+05   3.15e-20
  1.1159e+05   3.11e-20
  1.1411e+05   3.06e-20
  1.1667e+05   3.02e-20
  1.1930e+05   2.98e-20
  1.2199e+05   2.94e-20
  1.2473e+05   2.89e-20
  1.2754e+05   2.85e-20
  1.3041e+05   2.81e-20
  1.3335e+05   2.77e-20
  1.3635e+05   2.72e-20
  1.3942e+05   2.68e-20
  1.4256e+05   2.64e-20
  1.4577e+05   2.60e-20
  1.4905e+05   2.56e-20
  1.5241e+05   2.52e-20
  1.5584e+05   2.48e-20
  1.5935e+05   2.44e-20
  1.6294e+05   2.40e-20
  1.6661e+05   2.36e-20
  1.7036e+05   2.32e-20
  1.7419e+05   2.29e-20
  1.7812e+05   2.25e-20
  1.8213e+05   2.21e-20
  1.8623e+05   2.17e-20
  1.9042e+05   2.14e-20
  1.9471e+05   2.10e-20
  1.9909e+05   2.06e-20
  2.0357e+05   2.03e-20
  2.0816e+05   1.99e-20
  2.1284e+05   1.95e-20
  2.1763e+05   1.92e-20
  2.2253e+05   1.88e-20
  2.2755e+05   1.85e-20
  2.3267e+05   1.81e-20
  2.3791e+05   1.78e-20
  2.4326e+05   1.75e-20
  2.4874e+05   1.71e-20
  2.5434e+05   1.68e-20
  2.6007e+05   1.64e-20
  2.6592e+05   1.61e-20
  2.7191e+05   1.58e-20
  2.7803e+05   1.55e-20
  2.8429e+05   1.51e-20
  2.9069e+05   1.48e-20
  2.9724e+05   1.45e-20
  3.0393e+05   1.42e-20
  3.1077e+05   1.38e-20
  3.1777e+05   1.35e-20
  3.2493e+05   1.32e-20
  3.3224e+05   1.29e-20
  3.3972e+05   1.26e-20
  3.4737e+05   1.23e-20
  3.5519e+05   1.20e-20
  3.6319e+05   1.17e-20
  3.7137e+05   1.14e-20
  3.7973e+05   1.11e-20
  3.8828e+05   1.08e-20
  3.9702e+05   1.05e-20
  4.0596e+05   1.03e-20
  4.1510e+05   9.98e-21
  4.2444e+05   9.71e-21
  4.3400e+05   9.45e-21
  4.4377e+05   9.18e-21
  4.5376e+05   8.92e-21
  4.6398e+05   8.65e-21
  4.7443e+05   8.40e-21
  4.8511e+05   8.15e-21
  4.9603e+05   7.91e-21
  5.0720e+05   7.66e-21
  5.1862e+05   7.41e-21
  5.3030e+05   7.17e-21
  5.4224e+05   6.94e-21
  5.5444e+05   6.71e-21
  5.6693e+05   6.48e-21
  5.7969e+05   6.25e-21
  5.9274e+05   6.03e-21
  6.0609e+05   5.82e-21
  6.1974e+05   5.62e-21
  6.3369e+05   5.41e-21
  6.4796e+05   5.20e-21
  6.6255e+05   5.00e-21
  6.7746e+05   4.81e-21
  6.9272e+05   4.63e-21
  7.0831e+05   4.44e-21
  7.2426e+05   4.26e-21
  7.4057e+05   4.08e-21
  7.5724e+05   3.91e-21
  7.7429e+05   3.75e-21
  7.9172e+05   3.59e-21
  8.0955e+05   3.43e-21
  8.2778e+05   3.27e-21
  8.4641e+05   3.12e-21
  8.6547e+05   2.98e-21
  8.8496e+05   2.84e-21
  9.0488e+05   2.70e-21
  9.2526e+05   2.57e-21
  9.4609e+05   2.44e-21
  9.6739e+05   2.32e-21
  9.8917e+05   2.20e-21
  1.0114e+06   2.08e-21
  1.0342e+06   1.97e-21
  1.0575e+06   1.86e-21
  1.0813e+06   1.75e-21
  1.1057e+06   1.65e-21
  1.1305e+06   1.56e-21
  1.1560e+06   1.46e-21
  1.1820e+06   1.37e-21
  1.2086e+06   1.29e-21
  1.2359e+06   1.20e-21
  1.2637e+06   1.13e-21
  1.2921e+06   1.05e-21
  1.3212e+06   9.82e-22
  1.3510e+06   9.13e-22
  1.3814e+06   8.48e-22
  1.4125e+06   7.88e-22
  1.4443e+06   7.33e-22
  1.4768e+06   6.79e-22
  1.5101e+06   6.27e-22
  1.5441e+06   5.78e-22
  1.5788e+06   5.33e-22
  1.6144e+06   4.91e-22
  1.6507e+06   4.51e-22
  1.6879e+06   4.12e-22
  1.7259e+06   3.75e-22
  1.7648e+06   3.42e-22
  1.8045e+06   3.13e-22
  1.8451e+06   2.86e-22
  1.8867e+06   2.59e-22
  1.9291e+06   2.34e-22
  1.9726e+06   2.11e-22
  2.0170e+06   1.93e-22
  2.0624e+06   1.75e-22
  2.1088e+06   1.58e-22
  2.1563e+06   1.42e-22
  2.2049e+06   1.27e-22
  2.2545e+06   1.17e-22
  2.3053e+06   1.07e-22
  2.3572e+06   9.74e-23
  2.4102e+06   8.83e-23
  2.4645e+06   7.96e-23
  2.5200e+06   7.47e-23
