#  E [MeV]   Flux [# cm^{-2} s^{-1}  MeV^{-1}]
  3.0000e+04   1.47e-25
  3.1232e+04   1.40e-25
  3.2514e+04   1.34e-25
  3.3849e+04   1.28e-25
  3.5238e+04   1.22e-25
  3.6685e+04   1.16e-25
  3.8191e+04   1.10e-25
  3.9759e+04   1.05e-25
  4.1391e+04   1.00e-25
  4.3090e+04   9.55e-26
  4.4859e+04   9.10e-26
  4.6701e+04   8.66e-26
  4.8618e+04   8.25e-26
  5.0614e+04   7.85e-26
  5.2692e+04   7.47e-26
  5.4855e+04   7.11e-26
  5.7107e+04   6.76e-26
  5.9451e+04   6.43e-26
  6.1892e+04   6.12e-26
  6.4433e+04   5.81e-26
  6.7078e+04   5.53e-26
  6.9832e+04   5.25e-26
  7.2699e+04   4.99e-26
  7.5683e+04   4.74e-26
  7.8790e+04   4.50e-26
  8.2025e+04   4.27e-26
  8.5392e+04   4.06e-26
  8.8898e+04   3.85e-26
  9.2547e+04   3.65e-26
  9.6347e+04   3.46e-26
  1.0030e+05   3.28e-26
  1.0442e+05   3.11e-26
  1.0871e+05   2.95e-26
  1.1317e+05   2.80e-26
  1.1782e+05   2.65e-26
  1.2265e+05   2.51e-26
  1.2769e+05   2.38e-26
  1.3293e+05   2.25e-26
  1.3839e+05   2.13e-26
  1.4407e+05   2.01e-26
  1.4998e+05   1.90e-26
  1.5614e+05   1.80e-26
  1.6255e+05   1.70e-26
  1.6922e+05   1.60e-26
  1.7617e+05   1.51e-26
  1.8340e+05   1.43e-26
  1.9093e+05   1.35e-26
  1.9877e+05   1.27e-26
  2.0693e+05   1.20e-26
  2.1543e+05   1.13e-26
  2.2427e+05   1.06e-26
  2.3348e+05   9.95e-27
  2.4306e+05   9.35e-27
  2.5304e+05   8.78e-27
  2.6343e+05   8.24e-27
  2.7424e+05   7.73e-27
  2.8550e+05   7.24e-27
  2.9722e+05   6.78e-27
  3.0942e+05   6.34e-27
  3.2213e+05   5.93e-27
  3.3535e+05   5.54e-27
  3.4912e+05   5.17e-27
  3.6345e+05   4.82e-27
  3.7837e+05   4.49e-27
  3.9390e+05   4.18e-27
  4.1008e+05   3.89e-27
  4.2691e+05   3.61e-27
  4.4444e+05   3.35e-27
  4.6268e+05   3.11e-27
  4.8168e+05   2.88e-27
  5.0145e+05   2.66e-27
  5.2204e+05   2.46e-27
  5.4347e+05   2.28e-27
  5.6578e+05   2.10e-27
  5.8901e+05   1.94e-27
  6.1319e+05   1.79e-27
  6.3836e+05   1.65e-27
  6.6457e+05   1.51e-27
  6.9185e+05   1.39e-27
  7.2025e+05   1.28e-27
  7.4982e+05   1.18e-27
  7.8061e+05   1.08e-27
  8.1265e+05   9.91e-28
  8.4601e+05   9.09e-28
  8.8075e+05   8.34e-28
  9.1690e+05   7.64e-28
  9.5455e+05   7.00e-28
  9.9373e+05   6.42e-28
  1.0345e+06   5.88e-28
  1.0770e+06   5.39e-28
  1.1212e+06   4.94e-28
  1.1672e+06   4.53e-28
  1.2152e+06   4.15e-28
  1.2650e+06   3.80e-28
  1.3170e+06   3.48e-28
  1.3711e+06   3.19e-28
  1.4273e+06   2.92e-28
  1.4859e+06   2.67e-28
  1.5469e+06   2.45e-28
  1.6104e+06   2.24e-28
  1.6766e+06   2.05e-28
  1.7454e+06   1.88e-28
  1.8170e+06   1.72e-28
  1.8916e+06   1.57e-28
  1.9693e+06   1.44e-28
  2.0501e+06   1.32e-28
  2.1343e+06   1.20e-28
  2.2219e+06   1.10e-28
  2.3131e+06   1.00e-28
  2.4081e+06   9.13e-29
  2.5070e+06   8.32e-29
  2.6099e+06   7.57e-29
  2.7170e+06   6.88e-29
  2.8286e+06   6.25e-29
  2.9447e+06   5.66e-29
  3.0656e+06   5.13e-29
  3.1914e+06   4.64e-29
  3.3225e+06   4.19e-29
  3.4589e+06   3.78e-29
  3.6008e+06   3.40e-29
  3.7487e+06   3.05e-29
  3.9026e+06   2.74e-29
  4.0628e+06   2.45e-29
  4.2296e+06   2.18e-29
  4.4032e+06   1.95e-29
  4.5840e+06   1.73e-29
  4.7722e+06   1.53e-29
  4.9681e+06   1.35e-29
  5.1720e+06   1.19e-29
  5.3844e+06   1.04e-29
  5.6054e+06   9.10e-30
  5.8355e+06   7.92e-30
  6.0751e+06   6.86e-30
  6.3245e+06   5.94e-30
  6.5841e+06   5.10e-30
  6.8544e+06   4.37e-30
  7.1358e+06   3.73e-30
  7.4288e+06   3.15e-30
  7.7338e+06   2.66e-30
  8.0513e+06   2.23e-30
  8.3818e+06   1.85e-30
  8.7259e+06   1.53e-30
  9.0841e+06   1.25e-30
  9.4571e+06   1.01e-30
  9.8453e+06   8.18e-31
  1.0249e+07   6.51e-31
  1.0670e+07   5.10e-31
  1.1108e+07   3.99e-31
  1.1564e+07   3.07e-31
  1.2039e+07   2.31e-31
  1.2533e+07   1.73e-31
  1.3048e+07   1.27e-31
  1.3584e+07   9.07e-32
  1.4141e+07   6.40e-32
  1.4722e+07   4.37e-32
  1.5326e+07   2.91e-32
  1.5955e+07   1.89e-32
  1.6610e+07   1.17e-32
  1.7292e+07   7.02e-33
  1.8002e+07   4.02e-33
  1.8741e+07   2.17e-33
  1.9511e+07   1.11e-33
  2.0312e+07   5.32e-34
  2.1145e+07   2.32e-34
  2.2013e+07   9.39e-35
  2.2917e+07   3.38e-35
  2.3858e+07   1.06e-35
  2.4837e+07   2.91e-36
  2.5857e+07   6.62e-37
  2.6919e+07   1.21e-37
  2.8024e+07   1.72e-38
  2.9174e+07   1.79e-39
  3.0372e+07   1.27e-40
  3.1619e+07   5.80e-42
  3.2917e+07   1.49e-43
  3.4268e+07   1.90e-45
  3.5675e+07   1.03e-47
  3.7140e+07   1.87e-50
  3.8664e+07   8.62e-54
  4.0252e+07   6.92e-58
  4.1904e+07   5.82e-63
  4.3624e+07   2.68e-69
  4.5415e+07   3.80e-72
  4.7280e+07   3.42e-72
  4.9221e+07   3.11e-72
  5.1241e+07   2.82e-72
  5.3345e+07   2.55e-72
  5.5535e+07   2.33e-72
  5.7815e+07   2.13e-72
  6.0188e+07   1.94e-72
  6.2659e+07   1.78e-72
  6.5232e+07   1.63e-72
  6.7910e+07   1.49e-72
  7.0698e+07   1.36e-72
  7.3600e+07   1.23e-72
  7.6621e+07   1.11e-72
  7.9767e+07   9.93e-73
  8.3042e+07   8.84e-73
  8.6451e+07   7.95e-73
  9.0000e+07   7.21e-73
