#  E [MeV]   Flux [# cm^{-2} s^{-1}  MeV^{-1}]
  3.0000e+04   1.29e-19
  3.0589e+04   1.25e-19
  3.1190e+04   1.20e-19
  3.1803e+04   1.16e-19
  3.2428e+04   1.12e-19
  3.3065e+04   1.08e-19
  3.3714e+04   1.04e-19
  3.4376e+04   1.00e-19
  3.5052e+04   9.65e-20
  3.5740e+04   9.29e-20
  3.6442e+04   8.94e-20
  3.7158e+04   8.61e-20
  3.7888e+04   8.28e-20
  3.8632e+04   7.97e-20
  3.9391e+04   7.67e-20
  4.0165e+04   7.38e-20
  4.0954e+04   7.10e-20
  4.1758e+04   6.82e-20
  4.2579e+04   6.56e-20
  4.3415e+04   6.30e-20
  4.4268e+04   6.06e-20
  4.5138e+04   5.82e-20
  4.6024e+04   5.59e-20
  4.6928e+04   5.36e-20
  4.7850e+04   5.15e-20
  4.8790e+04   4.94e-20
  4.9749e+04   4.74e-20
  5.0726e+04   4.55e-20
  5.1722e+04   4.36e-20
  5.2738e+04   4.18e-20
  5.3774e+04   4.01e-20
  5.4831e+04   3.84e-20
  5.5908e+04   3.68e-20
  5.7006e+04   3.53e-20
  5.8126e+04   3.38e-20
  5.9268e+04   3.23e-20
  6.0432e+04   3.09e-20
  6.1619e+04   2.96e-20
  6.2829e+04   2.83e-20
  6.4064e+04   2.71e-20
  6.5322e+04   2.59e-20
  6.6605e+04   2.47e-20
  6.7913e+04   2.36e-20
  6.9248e+04   2.26e-20
  7.0608e+04   2.16e-20
  7.1995e+04   2.06e-20
  7.3409e+04   1.96e-20
  7.4851e+04   1.87e-20
  7.6321e+04   1.78e-20
  7.7821e+04   1.70e-20
  7.9349e+04   1.62e-20
  8.0908e+04   1.54e-20
  8.2497e+04   1.47e-20
  8.4118e+04   1.40e-20
  8.5770e+04   1.33e-20
  8.7455e+04   1.27e-20
  8.9173e+04   1.21e-20
  9.0925e+04   1.15e-20
  9.2711e+04   1.09e-20
  9.4532e+04   1.03e-20
  9.6389e+04   9.82e-21
  9.8283e+04   9.33e-21
  1.0021e+05   8.86e-21
  1.0218e+05   8.40e-21
  1.0419e+05   7.96e-21
  1.0624e+05   7.54e-21
  1.0832e+05   7.16e-21
  1.1045e+05   6.79e-21
  1.1262e+05   6.43e-21
  1.1483e+05   6.09e-21
  1.1709e+05   5.75e-21
  1.1939e+05   5.44e-21
  1.2173e+05   5.15e-21
  1.2412e+05   4.87e-21
  1.2656e+05   4.61e-21
  1.2905e+05   4.35e-21
  1.3158e+05   4.10e-21
  1.3417e+05   3.86e-21
  1.3680e+05   3.65e-21
  1.3949e+05   3.45e-21
  1.4223e+05   3.25e-21
  1.4503e+05   3.06e-21
  1.4787e+05   2.87e-21
  1.5078e+05   2.70e-21
  1.5374e+05   2.55e-21
  1.5676e+05   2.40e-21
  1.5984e+05   2.26e-21
  1.6298e+05   2.12e-21
  1.6618e+05   1.98e-21
  1.6945e+05   1.86e-21
  1.7278e+05   1.75e-21
  1.7617e+05   1.65e-21
  1.7963e+05   1.54e-21
  1.8316e+05   1.44e-21
  1.8676e+05   1.35e-21
  1.9042e+05   1.26e-21
  1.9417e+05   1.19e-21
  1.9798e+05   1.11e-21
  2.0187e+05   1.04e-21
  2.0583e+05   9.68e-22
  2.0988e+05   9.01e-22
  2.1400e+05   8.42e-22
  2.1820e+05   7.88e-22
  2.2249e+05   7.36e-22
  2.2686e+05   6.86e-22
  2.3132e+05   6.38e-22
  2.3586e+05   5.91e-22
  2.4049e+05   5.52e-22
  2.4522e+05   5.15e-22
  2.5004e+05   4.80e-22
  2.5495e+05   4.45e-22
  2.5996e+05   4.12e-22
  2.6506e+05   3.81e-22
  2.7027e+05   3.55e-22
  2.7558e+05   3.30e-22
  2.8099e+05   3.06e-22
  2.8651e+05   2.83e-22
  2.9214e+05   2.61e-22
  2.9788e+05   2.40e-22
  3.0373e+05   2.23e-22
  3.0970e+05   2.07e-22
  3.1578e+05   1.91e-22
  3.2198e+05   1.76e-22
  3.2831e+05   1.62e-22
  3.3476e+05   1.48e-22
  3.4133e+05   1.37e-22
  3.4804e+05   1.27e-22
  3.5487e+05   1.17e-22
  3.6185e+05   1.08e-22
  3.6895e+05   9.84e-23
  3.7620e+05   8.99e-23
  3.8359e+05   8.31e-23
  3.9113e+05   7.66e-23
  3.9881e+05   7.04e-23
  4.0664e+05   6.45e-23
  4.1463e+05   5.88e-23
  4.2278e+05   5.36e-23
  4.3108e+05   4.94e-23
  4.3955e+05   4.54e-23
  4.4818e+05   4.16e-23
  4.5699e+05   3.80e-23
  4.6596e+05   3.45e-23
  4.7512e+05   3.15e-23
  4.8445e+05   2.90e-23
  4.9397e+05   2.66e-23
  5.0367e+05   2.43e-23
  5.1356e+05   2.22e-23
  5.2365e+05   2.01e-23
  5.3394e+05   1.83e-23
  5.4443e+05   1.68e-23
  5.5512e+05   1.54e-23
  5.6603e+05   1.41e-23
  5.7715e+05   1.29e-23
  5.8848e+05   1.17e-23
  6.0004e+05   1.06e-23
  6.1183e+05   9.81e-24
  6.2385e+05   9.01e-24
  6.3610e+05   8.26e-24
  6.4860e+05   7.54e-24
  6.6134e+05   6.85e-24
  6.7433e+05   6.28e-24
  6.8758e+05   5.80e-24
  7.0108e+05   5.35e-24
  7.1486e+05   4.91e-24
  7.2890e+05   4.50e-24
  7.4322e+05   4.11e-24
  7.5782e+05   3.78e-24
  7.7270e+05   3.50e-24
  7.8788e+05   3.24e-24
  8.0336e+05   2.98e-24
  8.1914e+05   2.74e-24
  8.3523e+05   2.51e-24
  8.5164e+05   2.33e-24
  8.6837e+05   2.17e-24
  8.8542e+05   2.01e-24
  9.0282e+05   1.86e-24
  9.2055e+05   1.72e-24
  9.3863e+05   1.59e-24
  9.5707e+05   1.48e-24
  9.7587e+05   1.38e-24
  9.9504e+05   1.29e-24
  1.0146e+06   1.20e-24
  1.0345e+06   1.11e-24
  1.0548e+06   1.03e-24
  1.0756e+06   9.59e-25
  1.0967e+06   8.93e-25
  1.1182e+06   8.30e-25
  1.1402e+06   7.70e-25
  1.1626e+06   7.13e-25
  1.1854e+06   6.59e-25
  1.2087e+06   6.09e-25
  1.2325e+06   5.62e-25
  1.2567e+06   5.17e-25
  1.2814e+06   4.74e-25
  1.3065e+06   4.33e-25
  1.3322e+06   3.95e-25
  1.3584e+06   3.69e-25
  1.3851e+06   3.45e-25
  1.4123e+06   3.21e-25
  1.4400e+06   2.99e-25
