#  E [MeV]   Flux [# cm^{-2} s^{-1}  MeV^{-1}]
  3.0000e+04   1.94e-23
  3.0782e+04   1.87e-23
  3.1585e+04   1.80e-23
  3.2409e+04   1.73e-23
  3.3255e+04   1.67e-23
  3.4122e+04   1.60e-23
  3.5012e+04   1.54e-23
  3.5925e+04   1.48e-23
  3.6862e+04   1.43e-23
  3.7824e+04   1.37e-23
  3.8810e+04   1.32e-23
  3.9822e+04   1.27e-23
  4.0861e+04   1.22e-23
  4.1927e+04   1.17e-23
  4.3021e+04   1.12e-23
  4.4143e+04   1.08e-23
  4.5294e+04   1.04e-23
  4.6475e+04   9.96e-24
  4.7688e+04   9.56e-24
  4.8931e+04   9.17e-24
  5.0208e+04   8.80e-24
  5.1517e+04   8.44e-24
  5.2861e+04   8.09e-24
  5.4240e+04   7.76e-24
  5.5654e+04   7.44e-24
  5.7106e+04   7.13e-24
  5.8596e+04   6.83e-24
  6.0124e+04   6.54e-24
  6.1692e+04   6.27e-24
  6.3301e+04   6.00e-24
  6.4952e+04   5.75e-24
  6.6647e+04   5.50e-24
  6.8385e+04   5.26e-24
  7.0169e+04   5.03e-24
  7.1999e+04   4.82e-24
  7.3877e+04   4.61e-24
  7.5804e+04   4.40e-24
  7.7781e+04   4.21e-24
  7.9810e+04   4.02e-24
  8.1891e+04   3.84e-24
  8.4027e+04   3.67e-24
  8.6219e+04   3.50e-24
  8.8468e+04   3.35e-24
  9.0775e+04   3.19e-24
  9.3143e+04   3.05e-24
  9.5572e+04   2.91e-24
  9.8065e+04   2.77e-24
  1.0062e+05   2.64e-24
  1.0325e+05   2.52e-24
  1.0594e+05   2.40e-24
  1.0870e+05   2.28e-24
  1.1154e+05   2.17e-24
  1.1445e+05   2.07e-24
  1.1743e+05   1.97e-24
  1.2050e+05   1.87e-24
  1.2364e+05   1.78e-24
  1.2686e+05   1.69e-24
  1.3017e+05   1.61e-24
  1.3357e+05   1.52e-24
  1.3705e+05   1.45e-24
  1.4063e+05   1.37e-24
  1.4429e+05   1.30e-24
  1.4806e+05   1.23e-24
  1.5192e+05   1.17e-24
  1.5588e+05   1.11e-24
  1.5995e+05   1.05e-24
  1.6412e+05   9.92e-25
  1.6840e+05   9.38e-25
  1.7279e+05   8.87e-25
  1.7730e+05   8.39e-25
  1.8193e+05   7.92e-25
  1.8667e+05   7.48e-25
  1.9154e+05   7.05e-25
  1.9654e+05   6.66e-25
  2.0166e+05   6.28e-25
  2.0692e+05   5.92e-25
  2.1232e+05   5.57e-25
  2.1786e+05   5.24e-25
  2.2354e+05   4.94e-25
  2.2937e+05   4.64e-25
  2.3535e+05   4.36e-25
  2.4149e+05   4.09e-25
  2.4779e+05   3.85e-25
  2.5425e+05   3.61e-25
  2.6088e+05   3.38e-25
  2.6769e+05   3.16e-25
  2.7467e+05   2.96e-25
  2.8184e+05   2.77e-25
  2.8919e+05   2.59e-25
  2.9673e+05   2.42e-25
  3.0447e+05   2.26e-25
  3.1241e+05   2.11e-25
  3.2056e+05   1.97e-25
  3.2892e+05   1.83e-25
  3.3750e+05   1.71e-25
  3.4630e+05   1.59e-25
  3.5533e+05   1.48e-25
  3.6460e+05   1.37e-25
  3.7411e+05   1.27e-25
  3.8387e+05   1.18e-25
  3.9388e+05   1.10e-25
  4.0416e+05   1.02e-25
  4.1470e+05   9.42e-26
  4.2551e+05   8.70e-26
  4.3661e+05   8.05e-26
  4.4800e+05   7.45e-26
  4.5969e+05   6.88e-26
  4.7168e+05   6.34e-26
  4.8398e+05   5.83e-26
  4.9660e+05   5.39e-26
  5.0956e+05   4.97e-26
  5.2285e+05   4.56e-26
  5.3648e+05   4.18e-26
  5.5048e+05   3.84e-26
  5.6483e+05   3.53e-26
  5.7957e+05   3.24e-26
  5.9468e+05   2.96e-26
  6.1020e+05   2.70e-26
  6.2611e+05   2.48e-26
  6.4244e+05   2.27e-26
  6.5920e+05   2.08e-26
  6.7639e+05   1.89e-26
  6.9403e+05   1.73e-26
  7.1214e+05   1.58e-26
  7.3071e+05   1.44e-26
  7.4977e+05   1.31e-26
  7.6933e+05   1.19e-26
  7.8939e+05   1.08e-26
  8.0998e+05   9.87e-27
  8.3111e+05   8.95e-27
  8.5279e+05   8.08e-27
  8.7503e+05   7.36e-27
  8.9785e+05   6.69e-27
  9.2127e+05   6.07e-27
  9.4530e+05   5.48e-27
  9.6996e+05   4.94e-27
  9.9526e+05   4.50e-27
  1.0212e+06   4.07e-27
  1.0479e+06   3.67e-27
  1.0752e+06   3.30e-27
  1.1032e+06   2.99e-27
  1.1320e+06   2.71e-27
  1.1615e+06   2.44e-27
  1.1918e+06   2.19e-27
  1.2229e+06   1.97e-27
  1.2548e+06   1.79e-27
  1.2875e+06   1.62e-27
  1.3211e+06   1.45e-27
  1.3556e+06   1.30e-27
  1.3909e+06   1.18e-27
  1.4272e+06   1.06e-27
  1.4644e+06   9.58e-28
  1.5026e+06   8.58e-28
  1.5418e+06   7.71e-28
  1.5820e+06   6.99e-28
  1.6233e+06   6.32e-28
  1.6657e+06   5.68e-28
  1.7091e+06   5.07e-28
  1.7537e+06   4.61e-28
  1.7994e+06   4.18e-28
  1.8464e+06   3.77e-28
  1.8945e+06   3.38e-28
  1.9439e+06   3.06e-28
  1.9946e+06   2.79e-28
  2.0467e+06   2.53e-28
  2.1000e+06   2.29e-28
  2.1548e+06   2.06e-28
  2.2110e+06   1.89e-28
  2.2687e+06   1.73e-28
  2.3279e+06   1.57e-28
  2.3886e+06   1.43e-28
  2.4509e+06   1.31e-28
  2.5148e+06   1.20e-28
  2.5804e+06   1.11e-28
  2.6477e+06   1.01e-28
  2.7168e+06   9.25e-29
  2.7876e+06   8.58e-29
  2.8603e+06   7.93e-29
  2.9349e+06   7.31e-29
  3.0115e+06   6.73e-29
  3.0900e+06   6.23e-29
  3.1706e+06   5.80e-29
  3.2533e+06   5.39e-29
  3.3382e+06   4.99e-29
  3.4253e+06   4.62e-29
  3.5146e+06   4.32e-29
  3.6063e+06   4.02e-29
  3.7003e+06   3.74e-29
  3.7969e+06   3.47e-29
  3.8959e+06   3.23e-29
  3.9975e+06   3.00e-29
  4.1018e+06   2.78e-29
  4.2088e+06   2.57e-29
  4.3185e+06   2.37e-29
  4.4312e+06   2.18e-29
  4.5467e+06   2.01e-29
  4.6653e+06   1.84e-29
  4.7870e+06   1.68e-29
  4.9119e+06   1.56e-29
  5.0400e+06   1.45e-29
