#  E [MeV]   Flux [# cm^{-2} s^{-1}  MeV^{-1}]
  3.0000e+04   5.31e-20
  3.0411e+04   5.26e-20
  3.0828e+04   5.21e-20
  3.1250e+04   5.16e-20
  3.1678e+04   5.12e-20
  3.2112e+04   5.07e-20
  3.2552e+04   5.02e-20
  3.2998e+04   4.97e-20
  3.3450e+04   4.92e-20
  3.3909e+04   4.87e-20
  3.4373e+04   4.83e-20
  3.4844e+04   4.78e-20
  3.5322e+04   4.73e-20
  3.5806e+04   4.68e-20
  3.6296e+04   4.63e-20
  3.6794e+04   4.59e-20
  3.7298e+04   4.54e-20
  3.7809e+04   4.49e-20
  3.8327e+04   4.45e-20
  3.8852e+04   4.40e-20
  3.9384e+04   4.35e-20
  3.9924e+04   4.30e-20
  4.0471e+04   4.26e-20
  4.1025e+04   4.21e-20
  4.1587e+04   4.17e-20
  4.2157e+04   4.12e-20
  4.2735e+04   4.08e-20
  4.3320e+04   4.03e-20
  4.3914e+04   3.98e-20
  4.4516e+04   3.93e-20
  4.5125e+04   3.89e-20
  4.5744e+04   3.84e-20
  4.6370e+04   3.80e-20
  4.7006e+04   3.75e-20
  4.7650e+04   3.71e-20
  4.8303e+04   3.66e-20
  4.8965e+04   3.62e-20
  4.9635e+04   3.57e-20
  5.0315e+04   3.52e-20
  5.1005e+04   3.48e-20
  5.1704e+04   3.44e-20
  5.2412e+04   3.39e-20
  5.3130e+04   3.35e-20
  5.3858e+04   3.31e-20
  5.4596e+04   3.26e-20
  5.5344e+04   3.22e-20
  5.6102e+04   3.18e-20
  5.6871e+04   3.13e-20
  5.7650e+04   3.09e-20
  5.8440e+04   3.05e-20
  5.9241e+04   3.01e-20
  6.0053e+04   2.97e-20
  6.0875e+04   2.92e-20
  6.1709e+04   2.88e-20
  6.2555e+04   2.84e-20
  6.3412e+04   2.80e-20
  6.4281e+04   2.76e-20
  6.5162e+04   2.72e-20
  6.6054e+04   2.68e-20
  6.6959e+04   2.64e-20
  6.7877e+04   2.60e-20
  6.8807e+04   2.56e-20
  6.9750e+04   2.52e-20
  7.0705e+04   2.48e-20
  7.1674e+04   2.44e-20
  7.2656e+04   2.40e-20
  7.3652e+04   2.36e-20
  7.4661e+04   2.32e-20
  7.5684e+04   2.29e-20
  7.6721e+04   2.25e-20
  7.7772e+04   2.21e-20
  7.8837e+04   2.17e-20
  7.9917e+04   2.14e-20
  8.1012e+04   2.10e-20
  8.2122e+04   2.06e-20
  8.3248e+04   2.03e-20
  8.4388e+04   1.99e-20
  8.5544e+04   1.96e-20
  8.6717e+04   1.92e-20
  8.7905e+04   1.89e-20
  8.9109e+04   1.85e-20
  9.0330e+04   1.82e-20
  9.1568e+04   1.78e-20
  9.2822e+04   1.75e-20
  9.4094e+04   1.72e-20
  9.5383e+04   1.68e-20
  9.6690e+04   1.65e-20
  9.8015e+04   1.62e-20
  9.9358e+04   1.58e-20
  1.0072e+05   1.55e-20
  1.0210e+05   1.52e-20
  1.0350e+05   1.49e-20
  1.0492e+05   1.46e-20
  1.0635e+05   1.43e-20
  1.0781e+05   1.40e-20
  1.0929e+05   1.37e-20
  1.1079e+05   1.34e-20
  1.1230e+05   1.31e-20
  1.1384e+05   1.28e-20
  1.1540e+05   1.25e-20
  1.1698e+05   1.22e-20
  1.1859e+05   1.19e-20
  1.2021e+05   1.16e-20
  1.2186e+05   1.14e-20
  1.2353e+05   1.11e-20
  1.2522e+05   1.08e-20
  1.2694e+05   1.06e-20
  1.2867e+05   1.03e-20
  1.3044e+05   1.00e-20
  1.3222e+05   9.79e-21
  1.3404e+05   9.54e-21
  1.3587e+05   9.30e-21
  1.3773e+05   9.06e-21
  1.3962e+05   8.81e-21
  1.4153e+05   8.58e-21
  1.4347e+05   8.34e-21
  1.4544e+05   8.12e-21
  1.4743e+05   7.89e-21
  1.4945e+05   7.67e-21
  1.5150e+05   7.46e-21
  1.5358e+05   7.25e-21
  1.5568e+05   7.03e-21
  1.5781e+05   6.83e-21
  1.5997e+05   6.62e-21
  1.6217e+05   6.42e-21
  1.6439e+05   6.23e-21
  1.6664e+05   6.04e-21
  1.6892e+05   5.85e-21
  1.7124e+05   5.67e-21
  1.7358e+05   5.49e-21
  1.7596e+05   5.30e-21
  1.7837e+05   5.13e-21
  1.8082e+05   4.95e-21
  1.8330e+05   4.78e-21
  1.8581e+05   4.62e-21
  1.8835e+05   4.46e-21
  1.9093e+05   4.30e-21
  1.9355e+05   4.14e-21
  1.9620e+05   3.99e-21
  1.9889e+05   3.85e-21
  2.0161e+05   3.70e-21
  2.0438e+05   3.56e-21
  2.0718e+05   3.42e-21
  2.1002e+05   3.29e-21
  2.1289e+05   3.16e-21
  2.1581e+05   3.03e-21
  2.1877e+05   2.91e-21
  2.2176e+05   2.79e-21
  2.2480e+05   2.67e-21
  2.2788e+05   2.56e-21
  2.3101e+05   2.45e-21
  2.3417e+05   2.34e-21
  2.3738e+05   2.24e-21
  2.4063e+05   2.14e-21
  2.4393e+05   2.04e-21
  2.4727e+05   1.95e-21
  2.5066e+05   1.86e-21
  2.5409e+05   1.78e-21
  2.5757e+05   1.69e-21
  2.6110e+05   1.61e-21
  2.6468e+05   1.53e-21
  2.6831e+05   1.45e-21
  2.7198e+05   1.38e-21
  2.7571e+05   1.31e-21
  2.7949e+05   1.24e-21
  2.8332e+05   1.18e-21
  2.8720e+05   1.11e-21
  2.9113e+05   1.05e-21
  2.9512e+05   9.92e-22
  2.9917e+05   9.34e-22
  3.0327e+05   8.77e-22
  3.0742e+05   8.27e-22
  3.1163e+05   7.81e-22
  3.1590e+05   7.37e-22
  3.2023e+05   6.93e-22
  3.2462e+05   6.51e-22
  3.2907e+05   6.10e-22
  3.3357e+05   5.70e-22
  3.3814e+05   5.32e-22
  3.4278e+05   4.95e-22
  3.4747e+05   4.66e-22
  3.5223e+05   4.38e-22
  3.5706e+05   4.11e-22
  3.6195e+05   3.85e-22
  3.6691e+05   3.59e-22
  3.7194e+05   3.34e-22
  3.7704e+05   3.10e-22
  3.8220e+05   2.87e-22
  3.8744e+05   2.68e-22
  3.9275e+05   2.53e-22
  3.9813e+05   2.38e-22
  4.0358e+05   2.23e-22
  4.0911e+05   2.09e-22
  4.1472e+05   1.95e-22
  4.2040e+05   1.82e-22
  4.2616e+05   1.69e-22
  4.3200e+05   1.57e-22
  4.3792e+05   1.51e-22
  4.4392e+05   1.45e-22
  4.5000e+05   1.39e-22
