#  E [MeV]   Flux [# cm^{-2} s^{-1}  MeV^{-1}]
  3.0000e+04   1.79e-25
  3.1232e+04   1.71e-25
  3.2514e+04   1.63e-25
  3.3849e+04   1.55e-25
  3.5238e+04   1.48e-25
  3.6685e+04   1.41e-25
  3.8191e+04   1.34e-25
  3.9759e+04   1.28e-25
  4.1391e+04   1.22e-25
  4.3090e+04   1.16e-25
  4.4859e+04   1.10e-25
  4.6701e+04   1.05e-25
  4.8618e+04   9.98e-26
  5.0614e+04   9.49e-26
  5.2692e+04   9.03e-26
  5.4855e+04   8.58e-26
  5.7107e+04   8.16e-26
  5.9451e+04   7.76e-26
  6.1892e+04   7.37e-26
  6.4433e+04   7.01e-26
  6.7078e+04   6.66e-26
  6.9832e+04   6.32e-26
  7.2699e+04   6.00e-26
  7.5683e+04   5.70e-26
  7.8790e+04   5.41e-26
  8.2025e+04   5.14e-26
  8.5392e+04   4.87e-26
  8.8898e+04   4.63e-26
  9.2547e+04   4.39e-26
  9.6347e+04   4.16e-26
  1.0030e+05   3.95e-26
  1.0442e+05   3.74e-26
  1.0871e+05   3.55e-26
  1.1317e+05   3.36e-26
  1.1782e+05   3.18e-26
  1.2265e+05   3.02e-26
  1.2769e+05   2.86e-26
  1.3293e+05   2.70e-26
  1.3839e+05   2.56e-26
  1.4407e+05   2.42e-26
  1.4998e+05   2.29e-26
  1.5614e+05   2.17e-26
  1.6255e+05   2.05e-26
  1.6922e+05   1.94e-26
  1.7617e+05   1.83e-26
  1.8340e+05   1.73e-26
  1.9093e+05   1.64e-26
  1.9877e+05   1.54e-26
  2.0693e+05   1.46e-26
  2.1543e+05   1.38e-26
  2.2427e+05   1.30e-26
  2.3348e+05   1.22e-26
  2.4306e+05   1.15e-26
  2.5304e+05   1.09e-26
  2.6343e+05   1.03e-26
  2.7424e+05   9.66e-27
  2.8550e+05   9.09e-27
  2.9722e+05   8.55e-27
  3.0942e+05   8.04e-27
  3.2213e+05   7.56e-27
  3.3535e+05   7.11e-27
  3.4912e+05   6.68e-27
  3.6345e+05   6.27e-27
  3.7837e+05   5.88e-27
  3.9390e+05   5.52e-27
  4.1008e+05   5.17e-27
  4.2691e+05   4.85e-27
  4.4444e+05   4.54e-27
  4.6268e+05   4.25e-27
  4.8168e+05   3.98e-27
  5.0145e+05   3.72e-27
  5.2204e+05   3.48e-27
  5.4347e+05   3.25e-27
  5.6578e+05   3.04e-27
  5.8901e+05   2.83e-27
  6.1319e+05   2.64e-27
  6.3836e+05   2.47e-27
  6.6457e+05   2.30e-27
  6.9185e+05   2.14e-27
  7.2025e+05   1.99e-27
  7.4982e+05   1.86e-27
  7.8061e+05   1.73e-27
  8.1265e+05   1.61e-27
  8.4601e+05   1.49e-27
  8.8075e+05   1.39e-27
  9.1690e+05   1.29e-27
  9.5455e+05   1.20e-27
  9.9373e+05   1.11e-27
  1.0345e+06   1.03e-27
  1.0770e+06   9.54e-28
  1.1212e+06   8.84e-28
  1.1672e+06   8.18e-28
  1.2152e+06   7.57e-28
  1.2650e+06   7.01e-28
  1.3170e+06   6.49e-28
  1.3711e+06   6.00e-28
  1.4273e+06   5.55e-28
  1.4859e+06   5.14e-28
  1.5469e+06   4.75e-28
  1.6104e+06   4.39e-28
  1.6766e+06   4.06e-28
  1.7454e+06   3.76e-28
  1.8170e+06   3.47e-28
  1.8916e+06   3.21e-28
  1.9693e+06   2.96e-28
  2.0501e+06   2.74e-28
  2.1343e+06   2.53e-28
  2.2219e+06   2.33e-28
  2.3131e+06   2.15e-28
  2.4081e+06   1.98e-28
  2.5070e+06   1.82e-28
  2.6099e+06   1.67e-28
  2.7170e+06   1.53e-28
  2.8286e+06   1.41e-28
  2.9447e+06   1.29e-28
  3.0656e+06   1.18e-28
  3.1914e+06   1.08e-28
  3.3225e+06   9.89e-29
  3.4589e+06   9.02e-29
  3.6008e+06   8.22e-29
  3.7487e+06   7.48e-29
  3.9026e+06   6.80e-29
  4.0628e+06   6.17e-29
  4.2296e+06   5.59e-29
  4.4032e+06   5.05e-29
  4.5840e+06   4.56e-29
  4.7722e+06   4.11e-29
  4.9681e+06   3.69e-29
  5.1720e+06   3.31e-29
  5.3844e+06   2.96e-29
  5.6054e+06   2.64e-29
  5.8355e+06   2.36e-29
  6.0751e+06   2.09e-29
  6.3245e+06   1.85e-29
  6.5841e+06   1.64e-29
  6.8544e+06   1.44e-29
  7.1358e+06   1.26e-29
  7.4288e+06   1.10e-29
  7.7338e+06   9.59e-30
  8.0513e+06   8.35e-30
  8.3818e+06   7.21e-30
  8.7259e+06   6.18e-30
  9.0841e+06   5.30e-30
  9.4571e+06   4.51e-30
  9.8453e+06   3.81e-30
  1.0249e+07   3.21e-30
  1.0670e+07   2.68e-30
  1.1108e+07   2.22e-30
  1.1564e+07   1.83e-30
  1.2039e+07   1.49e-30
  1.2533e+07   1.21e-30
  1.3048e+07   9.73e-31
  1.3584e+07   7.68e-31
  1.4141e+07   6.04e-31
  1.4722e+07   4.68e-31
  1.5326e+07   3.54e-31
  1.5955e+07   2.67e-31
  1.6610e+07   1.97e-31
  1.7292e+07   1.41e-31
  1.8002e+07   1.00e-31
  1.8741e+07   6.85e-32
  1.9511e+07   4.52e-32
  2.0312e+07   2.93e-32
  2.1145e+07   1.80e-32
  2.2013e+07   1.06e-32
  2.2917e+07   5.95e-33
  2.3858e+07   3.10e-33
  2.4837e+07   1.50e-33
  2.5857e+07   6.73e-34
  2.6919e+07   2.68e-34
  2.8024e+07   9.44e-35
  2.9174e+07   2.88e-35
  3.0372e+07   7.17e-36
  3.1619e+07   1.45e-36
  3.2917e+07   2.22e-37
  3.4268e+07   2.37e-38
  3.5675e+07   1.70e-39
  3.7140e+07   7.07e-41
  3.8664e+07   1.47e-42
  4.0252e+07   1.33e-44
  4.1904e+07   3.93e-47
  4.3624e+07   2.72e-50
  4.5415e+07   2.95e-54
  4.7280e+07   2.62e-59
  4.9221e+07   8.34e-66
  5.1241e+07   2.04e-72
  5.3345e+07   1.79e-72
  5.5535e+07   1.57e-72
  5.7815e+07   1.41e-72
  6.0188e+07   1.25e-72
  6.2659e+07   1.12e-72
  6.5232e+07   1.00e-72
  6.7910e+07   8.97e-73
  7.0698e+07   8.04e-73
  7.3600e+07   7.19e-73
  7.6621e+07   6.39e-73
  7.9767e+07   5.64e-73
  8.3042e+07   4.92e-73
  8.6451e+07   4.26e-73
  9.0000e+07   3.72e-73
