#  E [MeV]   Flux [# cm^{-2} s^{-1}  MeV^{-1}]
  3.0000e+04   1.92e-26
  3.1141e+04   1.84e-26
  3.2326e+04   1.77e-26
  3.3556e+04   1.71e-26
  3.4832e+04   1.64e-26
  3.6157e+04   1.58e-26
  3.7533e+04   1.51e-26
  3.8961e+04   1.46e-26
  4.0443e+04   1.40e-26
  4.1982e+04   1.34e-26
  4.3579e+04   1.29e-26
  4.5237e+04   1.24e-26
  4.6958e+04   1.19e-26
  4.8744e+04   1.14e-26
  5.0598e+04   1.09e-26
  5.2523e+04   1.05e-26
  5.4521e+04   1.00e-26
  5.6596e+04   9.63e-27
  5.8749e+04   9.22e-27
  6.0984e+04   8.84e-27
  6.3304e+04   8.46e-27
  6.5712e+04   8.11e-27
  6.8212e+04   7.76e-27
  7.0807e+04   7.43e-27
  7.3500e+04   7.11e-27
  7.6297e+04   6.80e-27
  7.9199e+04   6.50e-27
  8.2212e+04   6.22e-27
  8.5340e+04   5.94e-27
  8.8586e+04   5.68e-27
  9.1956e+04   5.42e-27
  9.5455e+04   5.18e-27
  9.9086e+04   4.94e-27
  1.0286e+05   4.72e-27
  1.0677e+05   4.50e-27
  1.1083e+05   4.29e-27
  1.1505e+05   4.09e-27
  1.1942e+05   3.90e-27
  1.2397e+05   3.72e-27
  1.2868e+05   3.54e-27
  1.3358e+05   3.37e-27
  1.3866e+05   3.21e-27
  1.4394e+05   3.06e-27
  1.4941e+05   2.91e-27
  1.5509e+05   2.77e-27
  1.6100e+05   2.63e-27
  1.6712e+05   2.50e-27
  1.7348e+05   2.37e-27
  1.8008e+05   2.25e-27
  1.8693e+05   2.14e-27
  1.9404e+05   2.03e-27
  2.0142e+05   1.93e-27
  2.0908e+05   1.83e-27
  2.1704e+05   1.73e-27
  2.2529e+05   1.64e-27
  2.3387e+05   1.55e-27
  2.4276e+05   1.47e-27
  2.5200e+05   1.39e-27
  2.6158e+05   1.32e-27
  2.7154e+05   1.24e-27
  2.8187e+05   1.17e-27
  2.9259e+05   1.11e-27
  3.0372e+05   1.05e-27
  3.1527e+05   9.87e-28
  3.2727e+05   9.31e-28
  3.3972e+05   8.77e-28
  3.5264e+05   8.26e-28
  3.6606e+05   7.78e-28
  3.7998e+05   7.32e-28
  3.9444e+05   6.89e-28
  4.0945e+05   6.47e-28
  4.2502e+05   6.08e-28
  4.4119e+05   5.71e-28
  4.5798e+05   5.36e-28
  4.7540e+05   5.03e-28
  4.9348e+05   4.72e-28
  5.1226e+05   4.42e-28
  5.3175e+05   4.15e-28
  5.5198e+05   3.88e-28
  5.7297e+05   3.64e-28
  5.9477e+05   3.40e-28
  6.1740e+05   3.19e-28
  6.4089e+05   2.98e-28
  6.6527e+05   2.79e-28
  6.9058e+05   2.61e-28
  7.1685e+05   2.44e-28
  7.4412e+05   2.28e-28
  7.7243e+05   2.13e-28
  8.0181e+05   1.99e-28
  8.3232e+05   1.86e-28
  8.6398e+05   1.73e-28
  8.9685e+05   1.62e-28
  9.3097e+05   1.51e-28
  9.6638e+05   1.41e-28
  1.0031e+06   1.32e-28
  1.0413e+06   1.24e-28
  1.0809e+06   1.15e-28
  1.1220e+06   1.08e-28
  1.1647e+06   1.01e-28
  1.2090e+06   9.44e-29
  1.2550e+06   8.83e-29
  1.3028e+06   8.27e-29
  1.3523e+06   7.73e-29
  1.4038e+06   7.24e-29
  1.4572e+06   6.79e-29
  1.5126e+06   6.36e-29
  1.5702e+06   5.96e-29
  1.6299e+06   5.59e-29
  1.6919e+06   5.24e-29
  1.7563e+06   4.91e-29
  1.8231e+06   4.61e-29
  1.8925e+06   4.33e-29
  1.9645e+06   4.06e-29
  2.0392e+06   3.82e-29
  2.1168e+06   3.59e-29
  2.1973e+06   3.37e-29
  2.2809e+06   3.17e-29
  2.3677e+06   2.98e-29
  2.4577e+06   2.80e-29
  2.5512e+06   2.64e-29
  2.6483e+06   2.48e-29
  2.7490e+06   2.33e-29
  2.8536e+06   2.20e-29
  2.9622e+06   2.07e-29
  3.0749e+06   1.95e-29
  3.1918e+06   1.83e-29
  3.3133e+06   1.73e-29
  3.4393e+06   1.63e-29
  3.5702e+06   1.53e-29
  3.7060e+06   1.44e-29
  3.8470e+06   1.36e-29
  3.9933e+06   1.28e-29
  4.1452e+06   1.21e-29
  4.3029e+06   1.13e-29
  4.4666e+06   1.07e-29
  4.6366e+06   1.00e-29
  4.8129e+06   9.44e-30
  4.9960e+06   8.87e-30
  5.1861e+06   8.34e-30
  5.3834e+06   7.83e-30
  5.5882e+06   7.35e-30
  5.8008e+06   6.89e-30
  6.0215e+06   6.45e-30
  6.2506e+06   6.04e-30
  6.4883e+06   5.65e-30
  6.7352e+06   5.28e-30
  6.9914e+06   4.92e-30
  7.2574e+06   4.58e-30
  7.5335e+06   4.26e-30
  7.8201e+06   3.95e-30
  8.1176e+06   3.66e-30
  8.4264e+06   3.38e-30
  8.7470e+06   3.12e-30
  9.0797e+06   2.86e-30
  9.4251e+06   2.62e-30
  9.7837e+06   2.40e-30
  1.0156e+07   2.18e-30
  1.0542e+07   1.98e-30
  1.0943e+07   1.78e-30
  1.1360e+07   1.60e-30
  1.1792e+07   1.43e-30
  1.2240e+07   1.27e-30
  1.2706e+07   1.12e-30
  1.3189e+07   9.76e-31
  1.3691e+07   8.46e-31
  1.4212e+07   7.27e-31
  1.4753e+07   6.17e-31
  1.5314e+07   5.18e-31
  1.5897e+07   4.29e-31
  1.6501e+07   3.50e-31
  1.7129e+07   2.81e-31
  1.7781e+07   2.21e-31
  1.8457e+07   1.70e-31
  1.9159e+07   1.28e-31
  1.9888e+07   9.33e-32
  2.0645e+07   6.58e-32
  2.1430e+07   4.48e-32
  2.2245e+07   2.91e-32
  2.3092e+07   1.80e-32
  2.3970e+07   1.05e-32
  2.4882e+07   5.72e-33
  2.5829e+07   2.87e-33
  2.6811e+07   1.31e-33
  2.7831e+07   5.35e-34
  2.8890e+07   1.91e-34
  2.9989e+07   5.80e-35
  3.1130e+07   1.45e-35
  3.2314e+07   2.87e-36
  3.3544e+07   4.28e-37
  3.4820e+07   4.50e-38
  3.6144e+07   3.09e-39
  3.7519e+07   1.25e-40
  3.8947e+07   2.60e-42
  4.0428e+07   2.37e-44
  4.1966e+07   7.56e-47
  4.3563e+07   6.35e-50
  4.5220e+07   9.57e-54
  4.6941e+07   1.56e-58
  4.8726e+07   1.40e-64
  5.0580e+07   6.59e-71
