#  E [GeV]   # per interaction  [GeV^{-1}]
  3.0000e+01   1.18e+00
  3.1141e+01   1.13e+00
  3.2326e+01   1.08e+00
  3.3556e+01   1.03e+00
  3.4832e+01   9.88e-01
  3.6157e+01   9.44e-01
  3.7533e+01   9.02e-01
  3.8961e+01   8.62e-01
  4.0443e+01   8.23e-01
  4.1982e+01   7.86e-01
  4.3579e+01   7.50e-01
  4.5237e+01   7.16e-01
  4.6958e+01   6.84e-01
  4.8744e+01   6.53e-01
  5.0598e+01   6.23e-01
  5.2523e+01   5.94e-01
  5.4521e+01   5.67e-01
  5.6596e+01   5.40e-01
  5.8749e+01   5.15e-01
  6.0984e+01   4.91e-01
  6.3304e+01   4.68e-01
  6.5712e+01   4.46e-01
  6.8212e+01   4.25e-01
  7.0807e+01   4.05e-01
  7.3500e+01   3.86e-01
  7.6297e+01   3.68e-01
  7.9199e+01   3.50e-01
  8.2212e+01   3.33e-01
  8.5340e+01   3.17e-01
  8.8586e+01   3.02e-01
  9.1956e+01   2.87e-01
  9.5455e+01   2.73e-01
  9.9086e+01   2.60e-01
  1.0286e+02   2.47e-01
  1.0677e+02   2.35e-01
  1.1083e+02   2.24e-01
  1.1505e+02   2.12e-01
  1.1942e+02   2.02e-01
  1.2397e+02   1.92e-01
  1.2868e+02   1.82e-01
  1.3358e+02   1.73e-01
  1.3866e+02   1.64e-01
  1.4394e+02   1.56e-01
  1.4941e+02   1.48e-01
  1.5509e+02   1.40e-01
  1.6100e+02   1.33e-01
  1.6712e+02   1.26e-01
  1.7348e+02   1.19e-01
  1.8008e+02   1.13e-01
  1.8693e+02   1.07e-01
  1.9404e+02   1.01e-01
  2.0142e+02   9.61e-02
  2.0908e+02   9.09e-02
  2.1704e+02   8.60e-02
  2.2529e+02   8.13e-02
  2.3387e+02   7.69e-02
  2.4276e+02   7.26e-02
  2.5200e+02   6.86e-02
  2.6158e+02   6.48e-02
  2.7154e+02   6.11e-02
  2.8187e+02   5.76e-02
  2.9259e+02   5.43e-02
  3.0372e+02   5.12e-02
  3.1527e+02   4.82e-02
  3.2727e+02   4.54e-02
  3.3972e+02   4.27e-02
  3.5264e+02   4.02e-02
  3.6606e+02   3.77e-02
  3.7998e+02   3.55e-02
  3.9444e+02   3.33e-02
  4.0945e+02   3.12e-02
  4.2502e+02   2.93e-02
  4.4119e+02   2.74e-02
  4.5798e+02   2.57e-02
  4.7540e+02   2.41e-02
  4.9348e+02   2.25e-02
  5.1226e+02   2.10e-02
  5.3175e+02   1.97e-02
  5.5198e+02   1.84e-02
  5.7297e+02   1.72e-02
  5.9477e+02   1.60e-02
  6.1740e+02   1.49e-02
  6.4089e+02   1.39e-02
  6.6527e+02   1.30e-02
  6.9058e+02   1.21e-02
  7.1685e+02   1.12e-02
  7.4412e+02   1.04e-02
  7.7243e+02   9.71e-03
  8.0181e+02   9.03e-03
  8.3232e+02   8.38e-03
  8.6398e+02   7.78e-03
  8.9685e+02   7.22e-03
  9.3097e+02   6.70e-03
  9.6638e+02   6.21e-03
  1.0031e+03   5.76e-03
  1.0413e+03   5.33e-03
  1.0809e+03   4.93e-03
  1.1220e+03   4.57e-03
  1.1647e+03   4.22e-03
  1.2090e+03   3.90e-03
  1.2550e+03   3.61e-03
  1.3028e+03   3.33e-03
  1.3523e+03   3.07e-03
  1.4038e+03   2.83e-03
  1.4572e+03   2.61e-03
  1.5126e+03   2.40e-03
  1.5702e+03   2.21e-03
  1.6299e+03   2.03e-03
  1.6919e+03   1.87e-03
  1.7563e+03   1.72e-03
  1.8231e+03   1.58e-03
  1.8925e+03   1.45e-03
  1.9645e+03   1.32e-03
  2.0392e+03   1.21e-03
  2.1168e+03   1.11e-03
  2.1973e+03   1.01e-03
  2.2809e+03   9.28e-04
  2.3677e+03   8.48e-04
  2.4577e+03   7.72e-04
  2.5512e+03   7.04e-04
  2.6483e+03   6.40e-04
  2.7490e+03   5.81e-04
  2.8536e+03   5.28e-04
  2.9622e+03   4.79e-04
  3.0749e+03   4.33e-04
  3.1918e+03   3.92e-04
  3.3133e+03   3.55e-04
  3.4393e+03   3.19e-04
  3.5702e+03   2.88e-04
  3.7060e+03   2.60e-04
  3.8470e+03   2.33e-04
  3.9933e+03   2.09e-04
  4.1452e+03   1.88e-04
  4.3029e+03   1.68e-04
  4.4666e+03   1.50e-04
  4.6366e+03   1.34e-04
  4.8129e+03   1.19e-04
  4.9960e+03   1.06e-04
  5.1861e+03   9.45e-05
  5.3834e+03   8.36e-05
  5.5882e+03   7.38e-05
  5.8008e+03   6.54e-05
  6.0215e+03   5.75e-05
  6.2506e+03   5.05e-05
  6.4883e+03   4.45e-05
  6.7352e+03   3.89e-05
  6.9914e+03   3.39e-05
  7.2574e+03   2.97e-05
  7.5335e+03   2.59e-05
  7.8201e+03   2.23e-05
  8.1176e+03   1.95e-05
  8.4264e+03   1.68e-05
  8.7470e+03   1.44e-05
  9.0797e+03   1.25e-05
  9.4251e+03   1.07e-05
  9.7837e+03   9.11e-06
  1.0156e+04   7.82e-06
  1.0542e+04   6.65e-06
  1.0943e+04   5.59e-06
  1.1360e+04   4.74e-06
  1.1792e+04   4.00e-06
  1.2240e+04   3.33e-06
  1.2706e+04   2.79e-06
  1.3189e+04   2.32e-06
  1.3691e+04   1.91e-06
  1.4212e+04   1.57e-06
  1.4753e+04   1.29e-06
  1.5314e+04   1.05e-06
  1.5897e+04   8.46e-07
  1.6501e+04   6.82e-07
  1.7129e+04   5.39e-07
  1.7781e+04   4.24e-07
  1.8457e+04   3.32e-07
  1.9159e+04   2.54e-07
  1.9888e+04   1.92e-07
  2.0645e+04   1.45e-07
  2.1430e+04   1.06e-07
  2.2245e+04   7.54e-08
  2.3092e+04   5.30e-08
  2.3970e+04   3.58e-08
  2.4882e+04   2.33e-08
  2.5829e+04   1.46e-08
  2.6811e+04   8.68e-09
  2.7831e+04   4.81e-09
  2.8890e+04   2.49e-09
  2.9989e+04   1.17e-09
  3.1130e+04   4.94e-10
  3.2314e+04   1.83e-10
  3.3544e+04   5.77e-11
  3.4820e+04   1.48e-11
  3.6144e+04   3.01e-12
  3.7519e+04   4.50e-13
  3.8947e+04   4.61e-14
  4.0428e+04   2.94e-15
  4.1966e+04   1.03e-16
  4.3563e+04   1.69e-18
  4.5220e+04   1.05e-20
  4.6941e+04   1.86e-23
  4.8726e+04   6.47e-27
  5.0580e+04   2.69e-31
