#  E [GeV]   # per interaction  [GeV^{-1}]
  3.0000e+01   5.19e-01
  3.1141e+01   4.98e-01
  3.2326e+01   4.78e-01
  3.3556e+01   4.59e-01
  3.4832e+01   4.41e-01
  3.6157e+01   4.23e-01
  3.7533e+01   4.06e-01
  3.8961e+01   3.90e-01
  4.0443e+01   3.74e-01
  4.1982e+01   3.59e-01
  4.3579e+01   3.44e-01
  4.5237e+01   3.30e-01
  4.6958e+01   3.17e-01
  4.8744e+01   3.04e-01
  5.0598e+01   2.91e-01
  5.2523e+01   2.79e-01
  5.4521e+01   2.68e-01
  5.6596e+01   2.57e-01
  5.8749e+01   2.46e-01
  6.0984e+01   2.36e-01
  6.3304e+01   2.26e-01
  6.5712e+01   2.16e-01
  6.8212e+01   2.07e-01
  7.0807e+01   1.99e-01
  7.3500e+01   1.90e-01
  7.6297e+01   1.82e-01
  7.9199e+01   1.74e-01
  8.2212e+01   1.67e-01
  8.5340e+01   1.60e-01
  8.8586e+01   1.53e-01
  9.1956e+01   1.46e-01
  9.5455e+01   1.40e-01
  9.9086e+01   1.33e-01
  1.0286e+02   1.28e-01
  1.0677e+02   1.22e-01
  1.1083e+02   1.16e-01
  1.1505e+02   1.11e-01
  1.1942e+02   1.06e-01
  1.2397e+02   1.01e-01
  1.2868e+02   9.65e-02
  1.3358e+02   9.20e-02
  1.3866e+02   8.77e-02
  1.4394e+02   8.36e-02
  1.4941e+02   7.96e-02
  1.5509e+02   7.57e-02
  1.6100e+02   7.20e-02
  1.6712e+02   6.85e-02
  1.7348e+02   6.51e-02
  1.8008e+02   6.18e-02
  1.8693e+02   5.86e-02
  1.9404e+02   5.56e-02
  2.0142e+02   5.27e-02
  2.0908e+02   4.99e-02
  2.1704e+02   4.72e-02
  2.2529e+02   4.47e-02
  2.3387e+02   4.22e-02
  2.4276e+02   3.99e-02
  2.5200e+02   3.76e-02
  2.6158e+02   3.55e-02
  2.7154e+02   3.34e-02
  2.8187e+02   3.14e-02
  2.9259e+02   2.95e-02
  3.0372e+02   2.77e-02
  3.1527e+02   2.60e-02
  3.2727e+02   2.44e-02
  3.3972e+02   2.28e-02
  3.5264e+02   2.13e-02
  3.6606e+02   1.99e-02
  3.7998e+02   1.86e-02
  3.9444e+02   1.73e-02
  4.0945e+02   1.61e-02
  4.2502e+02   1.50e-02
  4.4119e+02   1.39e-02
  4.5798e+02   1.29e-02
  4.7540e+02   1.19e-02
  4.9348e+02   1.11e-02
  5.1226e+02   1.02e-02
  5.3175e+02   9.45e-03
  5.5198e+02   8.72e-03
  5.7297e+02   8.04e-03
  5.9477e+02   7.41e-03
  6.1740e+02   6.82e-03
  6.4089e+02   6.27e-03
  6.6527e+02   5.76e-03
  6.9058e+02   5.29e-03
  7.1685e+02   4.86e-03
  7.4412e+02   4.46e-03
  7.7243e+02   4.09e-03
  8.0181e+02   3.75e-03
  8.3232e+02   3.43e-03
  8.6398e+02   3.15e-03
  8.9685e+02   2.88e-03
  9.3097e+02   2.64e-03
  9.6638e+02   2.42e-03
  1.0031e+03   2.21e-03
  1.0413e+03   2.03e-03
  1.0809e+03   1.86e-03
  1.1220e+03   1.70e-03
  1.1647e+03   1.56e-03
  1.2090e+03   1.42e-03
  1.2550e+03   1.30e-03
  1.3028e+03   1.19e-03
  1.3523e+03   1.09e-03
  1.4038e+03   1.00e-03
  1.4572e+03   9.18e-04
  1.5126e+03   8.41e-04
  1.5702e+03   7.71e-04
  1.6299e+03   7.06e-04
  1.6919e+03   6.47e-04
  1.7563e+03   5.93e-04
  1.8231e+03   5.43e-04
  1.8925e+03   4.97e-04
  1.9645e+03   4.55e-04
  2.0392e+03   4.17e-04
  2.1168e+03   3.81e-04
  2.1973e+03   3.49e-04
  2.2809e+03   3.19e-04
  2.3677e+03   2.91e-04
  2.4577e+03   2.66e-04
  2.5512e+03   2.43e-04
  2.6483e+03   2.21e-04
  2.7490e+03   2.01e-04
  2.8536e+03   1.83e-04
  2.9622e+03   1.66e-04
  3.0749e+03   1.51e-04
  3.1918e+03   1.37e-04
  3.3133e+03   1.24e-04
  3.4393e+03   1.12e-04
  3.5702e+03   1.01e-04
  3.7060e+03   9.05e-05
  3.8470e+03   8.14e-05
  3.9933e+03   7.30e-05
  4.1452e+03   6.51e-05
  4.3029e+03   5.82e-05
  4.4666e+03   5.18e-05
  4.6366e+03   4.59e-05
  4.8129e+03   4.07e-05
  4.9960e+03   3.58e-05
  5.1861e+03   3.14e-05
  5.3834e+03   2.75e-05
  5.5882e+03   2.40e-05
  5.8008e+03   2.08e-05
  6.0215e+03   1.80e-05
  6.2506e+03   1.55e-05
  6.4883e+03   1.33e-05
  6.7352e+03   1.13e-05
  6.9914e+03   9.58e-06
  7.2574e+03   8.05e-06
  7.5335e+03   6.73e-06
  7.8201e+03   5.59e-06
  8.1176e+03   4.60e-06
  8.4264e+03   3.75e-06
  8.7470e+03   3.04e-06
  9.0797e+03   2.44e-06
  9.4251e+03   1.93e-06
  9.7837e+03   1.51e-06
  1.0156e+04   1.17e-06
  1.0542e+04   8.89e-07
  1.0943e+04   6.70e-07
  1.1360e+04   4.94e-07
  1.1792e+04   3.57e-07
  1.2240e+04   2.55e-07
  1.2706e+04   1.77e-07
  1.3189e+04   1.20e-07
  1.3691e+04   7.97e-08
  1.4212e+04   5.11e-08
  1.4753e+04   3.15e-08
  1.5314e+04   1.90e-08
  1.5897e+04   1.09e-08
  1.6501e+04   5.91e-09
  1.7129e+04   3.10e-09
  1.7781e+04   1.52e-09
  1.8457e+04   6.92e-10
  1.9159e+04   2.97e-10
  1.9888e+04   1.16e-10
  2.0645e+04   4.06e-11
  2.1430e+04   1.30e-11
  2.2245e+04   3.63e-12
  2.3092e+04   8.62e-13
  2.3970e+04   1.76e-13
  2.4882e+04   2.94e-14
  2.5829e+04   3.85e-15
  2.6811e+04   3.90e-16
  2.7831e+04   2.89e-17
  2.8890e+04   1.45e-18
  2.9989e+04   4.71e-20
  3.1130e+04   9.10e-22
  3.2314e+04   9.17e-24
  3.3544e+04   4.33e-26
  3.4820e+04   8.21e-29
  3.6144e+04   4.96e-32
  3.7519e+04   7.60e-36
  3.8947e+04   2.19e-40
  4.0428e+04   7.56e-46
  4.1966e+04   5.88e-48
  4.3563e+04   4.73e-48
  4.5220e+04   3.65e-48
  4.6941e+04   2.72e-48
  4.8726e+04   2.05e-48
  5.0580e+04   1.43e-48
