#  E [MeV]   Flux [# cm^{-2} s^{-1}  MeV^{-1}]
  3.0000e+04   1.50e-25
  3.1141e+04   1.44e-25
  3.2326e+04   1.39e-25
  3.3556e+04   1.33e-25
  3.4832e+04   1.28e-25
  3.6157e+04   1.23e-25
  3.7533e+04   1.18e-25
  3.8961e+04   1.13e-25
  4.0443e+04   1.08e-25
  4.1982e+04   1.04e-25
  4.3579e+04   9.98e-26
  4.5237e+04   9.57e-26
  4.6958e+04   9.18e-26
  4.8744e+04   8.81e-26
  5.0598e+04   8.45e-26
  5.2523e+04   8.10e-26
  5.4521e+04   7.76e-26
  5.6596e+04   7.44e-26
  5.8749e+04   7.14e-26
  6.0984e+04   6.84e-26
  6.3304e+04   6.55e-26
  6.5712e+04   6.28e-26
  6.8212e+04   6.01e-26
  7.0807e+04   5.76e-26
  7.3500e+04   5.52e-26
  7.6297e+04   5.28e-26
  7.9199e+04   5.06e-26
  8.2212e+04   4.84e-26
  8.5340e+04   4.63e-26
  8.8586e+04   4.43e-26
  9.1956e+04   4.24e-26
  9.5455e+04   4.05e-26
  9.9086e+04   3.87e-26
  1.0286e+05   3.70e-26
  1.0677e+05   3.53e-26
  1.1083e+05   3.38e-26
  1.1505e+05   3.22e-26
  1.1942e+05   3.08e-26
  1.2397e+05   2.94e-26
  1.2868e+05   2.80e-26
  1.3358e+05   2.67e-26
  1.3866e+05   2.54e-26
  1.4394e+05   2.42e-26
  1.4941e+05   2.31e-26
  1.5509e+05   2.20e-26
  1.6100e+05   2.09e-26
  1.6712e+05   1.99e-26
  1.7348e+05   1.89e-26
  1.8008e+05   1.79e-26
  1.8693e+05   1.70e-26
  1.9404e+05   1.61e-26
  2.0142e+05   1.53e-26
  2.0908e+05   1.45e-26
  2.1704e+05   1.37e-26
  2.2529e+05   1.30e-26
  2.3387e+05   1.22e-26
  2.4276e+05   1.16e-26
  2.5200e+05   1.09e-26
  2.6158e+05   1.03e-26
  2.7154e+05   9.68e-27
  2.8187e+05   9.11e-27
  2.9259e+05   8.57e-27
  3.0372e+05   8.04e-27
  3.1527e+05   7.54e-27
  3.2727e+05   7.07e-27
  3.3972e+05   6.61e-27
  3.5264e+05   6.18e-27
  3.6606e+05   5.77e-27
  3.7998e+05   5.38e-27
  3.9444e+05   5.02e-27
  4.0945e+05   4.67e-27
  4.2502e+05   4.34e-27
  4.4119e+05   4.03e-27
  4.5798e+05   3.74e-27
  4.7540e+05   3.47e-27
  4.9348e+05   3.21e-27
  5.1226e+05   2.97e-27
  5.3175e+05   2.74e-27
  5.5198e+05   2.53e-27
  5.7297e+05   2.33e-27
  5.9477e+05   2.15e-27
  6.1740e+05   1.98e-27
  6.4089e+05   1.82e-27
  6.6527e+05   1.67e-27
  6.9058e+05   1.54e-27
  7.1685e+05   1.41e-27
  7.4412e+05   1.29e-27
  7.7243e+05   1.19e-27
  8.0181e+05   1.09e-27
  8.3232e+05   9.96e-28
  8.6398e+05   9.12e-28
  8.9685e+05   8.36e-28
  9.3097e+05   7.65e-28
  9.6638e+05   7.01e-28
  1.0031e+06   6.42e-28
  1.0413e+06   5.88e-28
  1.0809e+06   5.38e-28
  1.1220e+06   4.93e-28
  1.1647e+06   4.51e-28
  1.2090e+06   4.13e-28
  1.2550e+06   3.78e-28
  1.3028e+06   3.46e-28
  1.3523e+06   3.17e-28
  1.4038e+06   2.91e-28
  1.4572e+06   2.66e-28
  1.5126e+06   2.44e-28
  1.5702e+06   2.24e-28
  1.6299e+06   2.05e-28
  1.6919e+06   1.88e-28
  1.7563e+06   1.72e-28
  1.8231e+06   1.57e-28
  1.8925e+06   1.44e-28
  1.9645e+06   1.32e-28
  2.0392e+06   1.21e-28
  2.1168e+06   1.11e-28
  2.1973e+06   1.01e-28
  2.2809e+06   9.25e-29
  2.3677e+06   8.45e-29
  2.4577e+06   7.72e-29
  2.5512e+06   7.04e-29
  2.6483e+06   6.41e-29
  2.7490e+06   5.84e-29
  2.8536e+06   5.31e-29
  2.9622e+06   4.82e-29
  3.0749e+06   4.38e-29
  3.1918e+06   3.96e-29
  3.3133e+06   3.58e-29
  3.4393e+06   3.24e-29
  3.5702e+06   2.92e-29
  3.7060e+06   2.63e-29
  3.8470e+06   2.36e-29
  3.9933e+06   2.12e-29
  4.1452e+06   1.89e-29
  4.3029e+06   1.69e-29
  4.4666e+06   1.50e-29
  4.6366e+06   1.33e-29
  4.8129e+06   1.18e-29
  4.9960e+06   1.04e-29
  5.1861e+06   9.11e-30
  5.3834e+06   7.99e-30
  5.5882e+06   6.97e-30
  5.8008e+06   6.04e-30
  6.0215e+06   5.23e-30
  6.2506e+06   4.50e-30
  6.4883e+06   3.85e-30
  6.7352e+06   3.28e-30
  6.9914e+06   2.78e-30
  7.2574e+06   2.33e-30
  7.5335e+06   1.95e-30
  7.8201e+06   1.62e-30
  8.1176e+06   1.33e-30
  8.4264e+06   1.09e-30
  8.7470e+06   8.83e-31
  9.0797e+06   7.06e-31
  9.4251e+06   5.59e-31
  9.7837e+06   4.39e-31
  1.0156e+07   3.39e-31
  1.0542e+07   2.58e-31
  1.0943e+07   1.94e-31
  1.1360e+07   1.43e-31
  1.1792e+07   1.04e-31
  1.2240e+07   7.41e-32
  1.2706e+07   5.14e-32
  1.3189e+07   3.48e-32
  1.3691e+07   2.31e-32
  1.4212e+07   1.48e-32
  1.4753e+07   9.13e-33
  1.5314e+07   5.50e-33
  1.5897e+07   3.16e-33
  1.6501e+07   1.71e-33
  1.7129e+07   8.99e-34
  1.7781e+07   4.41e-34
  1.8457e+07   2.01e-34
  1.9159e+07   8.61e-35
  1.9888e+07   3.37e-35
  2.0645e+07   1.18e-35
  2.1430e+07   3.76e-36
  2.2245e+07   1.05e-36
  2.3092e+07   2.50e-37
  2.3970e+07   5.10e-38
  2.4882e+07   8.54e-39
  2.5829e+07   1.12e-39
  2.6811e+07   1.13e-40
  2.7831e+07   8.38e-42
  2.8890e+07   4.20e-43
  2.9989e+07   1.37e-44
  3.1130e+07   2.64e-46
  3.2314e+07   2.66e-48
  3.3544e+07   1.26e-50
  3.4820e+07   2.38e-53
  3.6144e+07   1.44e-56
  3.7519e+07   2.21e-60
  3.8947e+07   6.34e-65
  4.0428e+07   2.19e-70
  4.1966e+07   1.70e-72
  4.3563e+07   1.37e-72
  4.5220e+07   1.06e-72
  4.6941e+07   7.90e-73
  4.8726e+07   5.96e-73
  5.0580e+07   4.14e-73
