#  E [GeV]   # per interaction  [GeV^{-1}]
  3.0000e+01   1.32e+00
  3.1232e+01   1.26e+00
  3.2514e+01   1.20e+00
  3.3849e+01   1.14e+00
  3.5238e+01   1.09e+00
  3.6685e+01   1.04e+00
  3.8191e+01   9.87e-01
  3.9759e+01   9.39e-01
  4.1391e+01   8.94e-01
  4.3090e+01   8.51e-01
  4.4859e+01   8.10e-01
  4.6701e+01   7.70e-01
  4.8618e+01   7.33e-01
  5.0614e+01   6.97e-01
  5.2692e+01   6.63e-01
  5.4855e+01   6.30e-01
  5.7107e+01   5.99e-01
  5.9451e+01   5.69e-01
  6.1892e+01   5.41e-01
  6.4433e+01   5.14e-01
  6.7078e+01   4.88e-01
  6.9832e+01   4.63e-01
  7.2699e+01   4.39e-01
  7.5683e+01   4.17e-01
  7.8790e+01   3.96e-01
  8.2025e+01   3.75e-01
  8.5392e+01   3.56e-01
  8.8898e+01   3.38e-01
  9.2547e+01   3.20e-01
  9.6347e+01   3.03e-01
  1.0030e+02   2.87e-01
  1.0442e+02   2.72e-01
  1.0871e+02   2.58e-01
  1.1317e+02   2.44e-01
  1.1782e+02   2.31e-01
  1.2265e+02   2.19e-01
  1.2769e+02   2.07e-01
  1.3293e+02   1.96e-01
  1.3839e+02   1.85e-01
  1.4407e+02   1.75e-01
  1.4998e+02   1.65e-01
  1.5614e+02   1.56e-01
  1.6255e+02   1.47e-01
  1.6922e+02   1.39e-01
  1.7617e+02   1.31e-01
  1.8340e+02   1.24e-01
  1.9093e+02   1.16e-01
  1.9877e+02   1.10e-01
  2.0693e+02   1.03e-01
  2.1543e+02   9.71e-02
  2.2427e+02   9.14e-02
  2.3348e+02   8.59e-02
  2.4306e+02   8.07e-02
  2.5304e+02   7.57e-02
  2.6343e+02   7.10e-02
  2.7424e+02   6.66e-02
  2.8550e+02   6.24e-02
  2.9722e+02   5.84e-02
  3.0942e+02   5.46e-02
  3.2213e+02   5.10e-02
  3.3535e+02   4.76e-02
  3.4912e+02   4.45e-02
  3.6345e+02   4.15e-02
  3.7837e+02   3.86e-02
  3.9390e+02   3.59e-02
  4.1008e+02   3.34e-02
  4.2691e+02   3.11e-02
  4.4444e+02   2.88e-02
  4.6268e+02   2.67e-02
  4.8168e+02   2.48e-02
  5.0145e+02   2.30e-02
  5.2204e+02   2.12e-02
  5.4347e+02   1.96e-02
  5.6578e+02   1.81e-02
  5.8901e+02   1.68e-02
  6.1319e+02   1.55e-02
  6.3836e+02   1.42e-02
  6.6457e+02   1.31e-02
  6.9185e+02   1.21e-02
  7.2025e+02   1.11e-02
  7.4982e+02   1.02e-02
  7.8061e+02   9.40e-03
  8.1265e+02   8.64e-03
  8.4601e+02   7.94e-03
  8.8075e+02   7.29e-03
  9.1690e+02   6.69e-03
  9.5455e+02   6.14e-03
  9.9373e+02   5.63e-03
  1.0345e+03   5.17e-03
  1.0770e+03   4.74e-03
  1.1212e+03   4.34e-03
  1.1672e+03   3.98e-03
  1.2152e+03   3.65e-03
  1.2650e+03   3.35e-03
  1.3170e+03   3.07e-03
  1.3711e+03   2.82e-03
  1.4273e+03   2.58e-03
  1.4859e+03   2.37e-03
  1.5469e+03   2.18e-03
  1.6104e+03   2.00e-03
  1.6766e+03   1.83e-03
  1.7454e+03   1.68e-03
  1.8170e+03   1.55e-03
  1.8916e+03   1.42e-03
  1.9693e+03   1.30e-03
  2.0501e+03   1.20e-03
  2.1343e+03   1.10e-03
  2.2219e+03   1.00e-03
  2.3131e+03   9.19e-04
  2.4081e+03   8.41e-04
  2.5070e+03   7.69e-04
  2.6099e+03   7.02e-04
  2.7170e+03   6.41e-04
  2.8286e+03   5.84e-04
  2.9447e+03   5.32e-04
  3.0656e+03   4.84e-04
  3.1914e+03   4.39e-04
  3.3225e+03   3.98e-04
  3.4589e+03   3.60e-04
  3.6008e+03   3.25e-04
  3.7487e+03   2.93e-04
  3.9026e+03   2.64e-04
  4.0628e+03   2.36e-04
  4.2296e+03   2.11e-04
  4.4032e+03   1.89e-04
  4.5840e+03   1.68e-04
  4.7722e+03   1.49e-04
  4.9681e+03   1.32e-04
  5.1720e+03   1.16e-04
  5.3844e+03   1.02e-04
  5.6054e+03   8.94e-05
  5.8355e+03   7.78e-05
  6.0751e+03   6.75e-05
  6.3245e+03   5.84e-05
  6.5841e+03   5.00e-05
  6.8544e+03   4.28e-05
  7.1358e+03   3.64e-05
  7.4288e+03   3.06e-05
  7.7338e+03   2.57e-05
  8.0513e+03   2.14e-05
  8.3818e+03   1.76e-05
  8.7259e+03   1.45e-05
  9.0841e+03   1.17e-05
  9.4571e+03   9.39e-06
  9.8453e+03   7.49e-06
  1.0249e+04   5.88e-06
  1.0670e+04   4.54e-06
  1.1108e+04   3.48e-06
  1.1564e+04   2.62e-06
  1.2039e+04   1.93e-06
  1.2533e+04   1.41e-06
  1.3048e+04   9.97e-07
  1.3584e+04   6.93e-07
  1.4141e+04   4.71e-07
  1.4722e+04   3.08e-07
  1.5326e+04   1.96e-07
  1.5955e+04   1.21e-07
  1.6610e+04   7.07e-08
  1.7292e+04   3.99e-08
  1.8002e+04   2.13e-08
  1.8741e+04   1.06e-08
  1.9511e+04   4.99e-09
  2.0312e+04   2.15e-09
  2.1145e+04   8.38e-10
  2.2013e+04   2.99e-10
  2.2917e+04   9.30e-11
  2.3858e+04   2.48e-11
  2.4837e+04   5.66e-12
  2.5857e+04   1.04e-12
  2.6919e+04   1.49e-13
  2.8024e+04   1.62e-14
  2.9174e+04   1.22e-15
  3.0372e+04   6.07e-17
  3.1619e+04   1.82e-18
  3.2917e+04   2.84e-20
  3.4268e+04   2.07e-22
  3.5675e+04   5.79e-25
  3.7140e+04   4.76e-28
  3.8664e+04   8.81e-32
  4.0252e+04   2.38e-36
  4.1904e+04   5.44e-42
  4.3624e+04   2.43e-47
  4.5415e+04   2.11e-47
  4.7280e+04   1.81e-47
  4.9221e+04   1.60e-47
  5.1241e+04   1.41e-47
  5.3345e+04   1.23e-47
  5.5535e+04   1.10e-47
  5.7815e+04   9.80e-48
  6.0188e+04   8.73e-48
  6.2659e+04   7.85e-48
  6.5232e+04   7.03e-48
  6.7910e+04   6.29e-48
  7.0698e+04   5.63e-48
  7.3600e+04   5.01e-48
  7.6621e+04   4.43e-48
  7.9767e+04   3.87e-48
  8.3042e+04   3.36e-48
  8.6451e+04   2.93e-48
  9.0000e+04   2.54e-48
