#  E [MeV]   Flux [# cm^{-2} s^{-1}  MeV^{-1}]
  3.0000e+04   3.11e-25
  3.1141e+04   2.97e-25
  3.2326e+04   2.84e-25
  3.3556e+04   2.72e-25
  3.4832e+04   2.60e-25
  3.6157e+04   2.48e-25
  3.7533e+04   2.37e-25
  3.8961e+04   2.26e-25
  4.0443e+04   2.16e-25
  4.1982e+04   2.06e-25
  4.3579e+04   1.97e-25
  4.5237e+04   1.88e-25
  4.6958e+04   1.80e-25
  4.8744e+04   1.71e-25
  5.0598e+04   1.63e-25
  5.2523e+04   1.56e-25
  5.4521e+04   1.49e-25
  5.6596e+04   1.42e-25
  5.8749e+04   1.35e-25
  6.0984e+04   1.29e-25
  6.3304e+04   1.23e-25
  6.5712e+04   1.17e-25
  6.8212e+04   1.12e-25
  7.0807e+04   1.06e-25
  7.3500e+04   1.01e-25
  7.6297e+04   9.64e-26
  7.9199e+04   9.18e-26
  8.2212e+04   8.73e-26
  8.5340e+04   8.31e-26
  8.8586e+04   7.91e-26
  9.1956e+04   7.52e-26
  9.5455e+04   7.15e-26
  9.9086e+04   6.80e-26
  1.0286e+05   6.47e-26
  1.0677e+05   6.15e-26
  1.1083e+05   5.84e-26
  1.1505e+05   5.55e-26
  1.1942e+05   5.27e-26
  1.2397e+05   5.00e-26
  1.2868e+05   4.75e-26
  1.3358e+05   4.51e-26
  1.3866e+05   4.28e-26
  1.4394e+05   4.06e-26
  1.4941e+05   3.85e-26
  1.5509e+05   3.65e-26
  1.6100e+05   3.45e-26
  1.6712e+05   3.27e-26
  1.7348e+05   3.10e-26
  1.8008e+05   2.93e-26
  1.8693e+05   2.77e-26
  1.9404e+05   2.62e-26
  2.0142e+05   2.48e-26
  2.0908e+05   2.34e-26
  2.1704e+05   2.21e-26
  2.2529e+05   2.09e-26
  2.3387e+05   1.97e-26
  2.4276e+05   1.86e-26
  2.5200e+05   1.76e-26
  2.6158e+05   1.65e-26
  2.7154e+05   1.56e-26
  2.8187e+05   1.47e-26
  2.9259e+05   1.38e-26
  3.0372e+05   1.30e-26
  3.1527e+05   1.22e-26
  3.2727e+05   1.14e-26
  3.3972e+05   1.07e-26
  3.5264e+05   1.01e-26
  3.6606e+05   9.42e-27
  3.7998e+05   8.82e-27
  3.9444e+05   8.25e-27
  4.0945e+05   7.71e-27
  4.2502e+05   7.20e-27
  4.4119e+05   6.73e-27
  4.5798e+05   6.27e-27
  4.7540e+05   5.85e-27
  4.9348e+05   5.45e-27
  5.1226e+05   5.07e-27
  5.3175e+05   4.72e-27
  5.5198e+05   4.39e-27
  5.7297e+05   4.07e-27
  5.9477e+05   3.78e-27
  6.1740e+05   3.51e-27
  6.4089e+05   3.26e-27
  6.6527e+05   3.02e-27
  6.9058e+05   2.79e-27
  7.1685e+05   2.59e-27
  7.4412e+05   2.39e-27
  7.7243e+05   2.21e-27
  8.0181e+05   2.05e-27
  8.3232e+05   1.89e-27
  8.6398e+05   1.75e-27
  8.9685e+05   1.61e-27
  9.3097e+05   1.49e-27
  9.6638e+05   1.37e-27
  1.0031e+06   1.27e-27
  1.0413e+06   1.17e-27
  1.0809e+06   1.07e-27
  1.1220e+06   9.90e-28
  1.1647e+06   9.11e-28
  1.2090e+06   8.38e-28
  1.2550e+06   7.71e-28
  1.3028e+06   7.09e-28
  1.3523e+06   6.51e-28
  1.4038e+06   5.98e-28
  1.4572e+06   5.49e-28
  1.5126e+06   5.03e-28
  1.5702e+06   4.62e-28
  1.6299e+06   4.23e-28
  1.6919e+06   3.87e-28
  1.7563e+06   3.55e-28
  1.8231e+06   3.25e-28
  1.8925e+06   2.97e-28
  1.9645e+06   2.71e-28
  2.0392e+06   2.48e-28
  2.1168e+06   2.26e-28
  2.1973e+06   2.06e-28
  2.2809e+06   1.88e-28
  2.3677e+06   1.71e-28
  2.4577e+06   1.55e-28
  2.5512e+06   1.41e-28
  2.6483e+06   1.28e-28
  2.7490e+06   1.16e-28
  2.8536e+06   1.05e-28
  2.9622e+06   9.47e-29
  3.0749e+06   8.54e-29
  3.1918e+06   7.71e-29
  3.3133e+06   6.94e-29
  3.4393e+06   6.23e-29
  3.5702e+06   5.60e-29
  3.7060e+06   5.02e-29
  3.8470e+06   4.48e-29
  3.9933e+06   4.02e-29
  4.1452e+06   3.59e-29
  4.3029e+06   3.18e-29
  4.4666e+06   2.84e-29
  4.6366e+06   2.52e-29
  4.8129e+06   2.22e-29
  4.9960e+06   1.97e-29
  5.1861e+06   1.74e-29
  5.3834e+06   1.52e-29
  5.5882e+06   1.34e-29
  5.8008e+06   1.17e-29
  6.0215e+06   1.02e-29
  6.2506e+06   8.89e-30
  6.4883e+06   7.73e-30
  6.7352e+06   6.67e-30
  6.9914e+06   5.76e-30
  7.2574e+06   4.98e-30
  7.5335e+06   4.25e-30
  7.8201e+06   3.64e-30
  8.1176e+06   3.11e-30
  8.4264e+06   2.63e-30
  8.7470e+06   2.22e-30
  9.0797e+06   1.88e-30
  9.4251e+06   1.57e-30
  9.7837e+06   1.31e-30
  1.0156e+07   1.09e-30
  1.0542e+07   8.99e-31
  1.0943e+07   7.34e-31
  1.1360e+07   6.03e-31
  1.1792e+07   4.87e-31
  1.2240e+07   3.89e-31
  1.2706e+07   3.13e-31
  1.3189e+07   2.48e-31
  1.3691e+07   1.92e-31
  1.4212e+07   1.51e-31
  1.4753e+07   1.16e-31
  1.5314e+07   8.67e-32
  1.5897e+07   6.54e-32
  1.6501e+07   4.82e-32
  1.7129e+07   3.44e-32
  1.7781e+07   2.46e-32
  1.8457e+07   1.70e-32
  1.9159e+07   1.14e-32
  1.9888e+07   7.48e-33
  2.0645e+07   4.74e-33
  2.1430e+07   2.86e-33
  2.2245e+07   1.66e-33
  2.3092e+07   9.16e-34
  2.3970e+07   4.69e-34
  2.4882e+07   2.25e-34
  2.5829e+07   9.83e-35
  2.6811e+07   3.84e-35
  2.7831e+07   1.33e-35
  2.8890e+07   3.94e-36
  2.9989e+07   9.70e-37
  3.1130e+07   1.92e-37
  3.2314e+07   2.91e-38
  3.3544e+07   3.18e-39
  3.4820e+07   2.33e-40
  3.6144e+07   1.05e-41
  3.7519e+07   2.53e-43
  3.8947e+07   2.86e-45
  4.0428e+07   1.23e-47
  4.1966e+07   1.56e-50
  4.3563e+07   4.16e-54
  4.5220e+07   1.50e-58
  4.6941e+07   4.04e-64
  4.8726e+07   3.64e-71
  5.0580e+07   3.11e-72
