#  E [GeV]   # per interaction  [GeV^{-1}]
  3.0000e+01   1.86e-02
  3.0962e+01   1.80e-02
  3.1955e+01   1.73e-02
  3.2979e+01   1.67e-02
  3.4037e+01   1.61e-02
  3.5128e+01   1.55e-02
  3.6254e+01   1.50e-02
  3.7417e+01   1.44e-02
  3.8616e+01   1.39e-02
  3.9855e+01   1.34e-02
  4.1132e+01   1.29e-02
  4.2451e+01   1.25e-02
  4.3812e+01   1.20e-02
  4.5217e+01   1.16e-02
  4.6667e+01   1.11e-02
  4.8163e+01   1.07e-02
  4.9707e+01   1.03e-02
  5.1301e+01   9.95e-03
  5.2946e+01   9.59e-03
  5.4644e+01   9.23e-03
  5.6396e+01   8.89e-03
  5.8204e+01   8.56e-03
  6.0070e+01   8.25e-03
  6.1996e+01   7.94e-03
  6.3984e+01   7.65e-03
  6.6035e+01   7.37e-03
  6.8153e+01   7.10e-03
  7.0338e+01   6.84e-03
  7.2593e+01   6.58e-03
  7.4921e+01   6.34e-03
  7.7323e+01   6.11e-03
  7.9802e+01   5.88e-03
  8.2361e+01   5.67e-03
  8.5002e+01   5.46e-03
  8.7727e+01   5.26e-03
  9.0540e+01   5.07e-03
  9.3443e+01   4.89e-03
  9.6439e+01   4.71e-03
  9.9531e+01   4.54e-03
  1.0272e+02   4.38e-03
  1.0602e+02   4.22e-03
  1.0942e+02   4.07e-03
  1.1292e+02   3.93e-03
  1.1654e+02   3.79e-03
  1.2028e+02   3.65e-03
  1.2414e+02   3.52e-03
  1.2812e+02   3.40e-03
  1.3223e+02   3.28e-03
  1.3646e+02   3.17e-03
  1.4084e+02   3.06e-03
  1.4536e+02   2.95e-03
  1.5002e+02   2.85e-03
  1.5483e+02   2.75e-03
  1.5979e+02   2.66e-03
  1.6491e+02   2.56e-03
  1.7020e+02   2.48e-03
  1.7566e+02   2.39e-03
  1.8129e+02   2.31e-03
  1.8710e+02   2.23e-03
  1.9310e+02   2.16e-03
  1.9929e+02   2.08e-03
  2.0568e+02   2.01e-03
  2.1228e+02   1.94e-03
  2.1909e+02   1.88e-03
  2.2611e+02   1.81e-03
  2.3336e+02   1.75e-03
  2.4084e+02   1.69e-03
  2.4856e+02   1.63e-03
  2.5653e+02   1.58e-03
  2.6476e+02   1.52e-03
  2.7325e+02   1.47e-03
  2.8201e+02   1.42e-03
  2.9105e+02   1.36e-03
  3.0038e+02   1.32e-03
  3.1002e+02   1.27e-03
  3.1996e+02   1.22e-03
  3.3021e+02   1.18e-03
  3.4080e+02   1.13e-03
  3.5173e+02   1.09e-03
  3.6301e+02   1.05e-03
  3.7465e+02   1.01e-03
  3.8666e+02   9.70e-04
  3.9905e+02   9.32e-04
  4.1185e+02   8.95e-04
  4.2506e+02   8.59e-04
  4.3868e+02   8.25e-04
  4.5275e+02   7.91e-04
  4.6727e+02   7.58e-04
  4.8225e+02   7.26e-04
  4.9771e+02   6.96e-04
  5.1367e+02   6.66e-04
  5.3014e+02   6.37e-04
  5.4714e+02   6.10e-04
  5.6468e+02   5.83e-04
  5.8278e+02   5.57e-04
  6.0147e+02   5.32e-04
  6.2075e+02   5.09e-04
  6.4066e+02   4.86e-04
  6.6120e+02   4.64e-04
  6.8240e+02   4.43e-04
  7.0428e+02   4.23e-04
  7.2686e+02   4.03e-04
  7.5017e+02   3.85e-04
  7.7422e+02   3.67e-04
  7.9904e+02   3.50e-04
  8.2466e+02   3.34e-04
  8.5110e+02   3.18e-04
  8.7839e+02   3.04e-04
  9.0656e+02   2.90e-04
  9.3562e+02   2.76e-04
  9.6562e+02   2.64e-04
  9.9658e+02   2.52e-04
  1.0285e+03   2.40e-04
  1.0615e+03   2.29e-04
  1.0956e+03   2.19e-04
  1.1307e+03   2.09e-04
  1.1669e+03   2.00e-04
  1.2043e+03   1.91e-04
  1.2430e+03   1.82e-04
  1.2828e+03   1.74e-04
  1.3239e+03   1.66e-04
  1.3664e+03   1.59e-04
  1.4102e+03   1.52e-04
  1.4554e+03   1.46e-04
  1.5021e+03   1.39e-04
  1.5502e+03   1.33e-04
  1.6000e+03   1.27e-04
  1.6513e+03   1.22e-04
  1.7042e+03   1.16e-04
  1.7588e+03   1.11e-04
  1.8152e+03   1.06e-04
  1.8734e+03   1.02e-04
  1.9335e+03   9.70e-05
  1.9955e+03   9.27e-05
  2.0595e+03   8.86e-05
  2.1255e+03   8.45e-05
  2.1937e+03   8.06e-05
  2.2640e+03   7.69e-05
  2.3366e+03   7.33e-05
  2.4115e+03   6.97e-05
  2.4888e+03   6.64e-05
  2.5686e+03   6.31e-05
  2.6510e+03   5.99e-05
  2.7360e+03   5.68e-05
  2.8237e+03   5.39e-05
  2.9142e+03   5.10e-05
  3.0077e+03   4.81e-05
  3.1041e+03   4.54e-05
  3.2036e+03   4.27e-05
  3.3064e+03   4.02e-05
  3.4124e+03   3.77e-05
  3.5218e+03   3.53e-05
  3.6347e+03   3.30e-05
  3.7512e+03   3.08e-05
  3.8715e+03   2.86e-05
  3.9957e+03   2.66e-05
  4.1238e+03   2.46e-05
  4.2560e+03   2.27e-05
  4.3924e+03   2.10e-05
  4.5333e+03   1.93e-05
  4.6786e+03   1.76e-05
  4.8286e+03   1.61e-05
  4.9835e+03   1.46e-05
  5.1433e+03   1.33e-05
  5.3082e+03   1.20e-05
  5.4784e+03   1.08e-05
  5.6540e+03   9.63e-06
  5.8353e+03   8.58e-06
  6.0224e+03   7.60e-06
  6.2155e+03   6.69e-06
  6.4148e+03   5.86e-06
  6.6205e+03   5.10e-06
  6.8327e+03   4.41e-06
  7.0518e+03   3.79e-06
  7.2779e+03   3.23e-06
  7.5113e+03   2.74e-06
  7.7521e+03   2.31e-06
  8.0007e+03   1.92e-06
  8.2572e+03   1.59e-06
  8.5219e+03   1.31e-06
  8.7952e+03   1.06e-06
  9.0772e+03   8.51e-07
  9.3682e+03   6.77e-07
  9.6686e+03   5.33e-07
  9.9786e+03   4.12e-07
  1.0299e+04   3.13e-07
  1.0629e+04   2.38e-07
  1.0970e+04   1.78e-07
  1.1321e+04   1.30e-07
  1.1684e+04   9.33e-08
  1.2059e+04   6.69e-08
  1.2446e+04   4.67e-08
  1.2845e+04   3.17e-08
  1.3256e+04   2.16e-08
  1.3681e+04   1.44e-08
  1.4120e+04   9.34e-09
  1.4573e+04   5.86e-09
  1.5040e+04   3.76e-09
  1.5522e+04   2.33e-09
  1.6020e+04   1.39e-09
