#  E [MeV]   Flux [# cm^{-2} s^{-1}  MeV^{-1}]
  3.0000e+04   6.01e-20
  3.0765e+04   5.81e-20
  3.1549e+04   5.62e-20
  3.2354e+04   5.44e-20
  3.3179e+04   5.26e-20
  3.4025e+04   5.08e-20
  3.4892e+04   4.91e-20
  3.5782e+04   4.75e-20
  3.6695e+04   4.59e-20
  3.7630e+04   4.43e-20
  3.8590e+04   4.28e-20
  3.9574e+04   4.13e-20
  4.0583e+04   3.99e-20
  4.1618e+04   3.85e-20
  4.2679e+04   3.72e-20
  4.3767e+04   3.59e-20
  4.4883e+04   3.46e-20
  4.6028e+04   3.34e-20
  4.7201e+04   3.22e-20
  4.8405e+04   3.10e-20
  4.9639e+04   2.99e-20
  5.0905e+04   2.88e-20
  5.2203e+04   2.78e-20
  5.3534e+04   2.67e-20
  5.4899e+04   2.58e-20
  5.6299e+04   2.48e-20
  5.7734e+04   2.39e-20
  5.9207e+04   2.30e-20
  6.0716e+04   2.21e-20
  6.2264e+04   2.13e-20
  6.3852e+04   2.04e-20
  6.5480e+04   1.97e-20
  6.7150e+04   1.89e-20
  6.8862e+04   1.82e-20
  7.0618e+04   1.75e-20
  7.2419e+04   1.68e-20
  7.4265e+04   1.61e-20
  7.6159e+04   1.55e-20
  7.8101e+04   1.49e-20
  8.0092e+04   1.43e-20
  8.2135e+04   1.37e-20
  8.4229e+04   1.31e-20
  8.6377e+04   1.26e-20
  8.8579e+04   1.21e-20
  9.0838e+04   1.16e-20
  9.3154e+04   1.11e-20
  9.5529e+04   1.07e-20
  9.7965e+04   1.02e-20
  1.0046e+05   9.78e-21
  1.0303e+05   9.37e-21
  1.0565e+05   8.97e-21
  1.0835e+05   8.58e-21
  1.1111e+05   8.22e-21
  1.1394e+05   7.86e-21
  1.1685e+05   7.51e-21
  1.1983e+05   7.18e-21
  1.2288e+05   6.87e-21
  1.2602e+05   6.56e-21
  1.2923e+05   6.27e-21
  1.3252e+05   5.98e-21
  1.3590e+05   5.71e-21
  1.3937e+05   5.45e-21
  1.4292e+05   5.20e-21
  1.4657e+05   4.96e-21
  1.5030e+05   4.73e-21
  1.5414e+05   4.51e-21
  1.5807e+05   4.30e-21
  1.6210e+05   4.10e-21
  1.6623e+05   3.90e-21
  1.7047e+05   3.71e-21
  1.7482e+05   3.53e-21
  1.7927e+05   3.36e-21
  1.8384e+05   3.20e-21
  1.8853e+05   3.04e-21
  1.9334e+05   2.89e-21
  1.9827e+05   2.75e-21
  2.0333e+05   2.61e-21
  2.0851e+05   2.48e-21
  2.1383e+05   2.35e-21
  2.1928e+05   2.23e-21
  2.2487e+05   2.11e-21
  2.3060e+05   2.00e-21
  2.3648e+05   1.90e-21
  2.4251e+05   1.79e-21
  2.4870e+05   1.70e-21
  2.5504e+05   1.61e-21
  2.6154e+05   1.52e-21
  2.6821e+05   1.43e-21
  2.7505e+05   1.36e-21
  2.8206e+05   1.28e-21
  2.8926e+05   1.21e-21
  2.9663e+05   1.14e-21
  3.0420e+05   1.07e-21
  3.1195e+05   1.01e-21
  3.1991e+05   9.55e-22
  3.2806e+05   8.99e-22
  3.3643e+05   8.45e-22
  3.4501e+05   7.95e-22
  3.5381e+05   7.48e-22
  3.6283e+05   7.03e-22
  3.7208e+05   6.59e-22
  3.8157e+05   6.18e-22
  3.9130e+05   5.81e-22
  4.0127e+05   5.45e-22
  4.1150e+05   5.10e-22
  4.2200e+05   4.77e-22
  4.3276e+05   4.47e-22
  4.4379e+05   4.18e-22
  4.5511e+05   3.91e-22
  4.6671e+05   3.65e-22
  4.7861e+05   3.40e-22
  4.9082e+05   3.17e-22
  5.0333e+05   2.96e-22
  5.1617e+05   2.76e-22
  5.2933e+05   2.57e-22
  5.4283e+05   2.39e-22
  5.5667e+05   2.23e-22
  5.7086e+05   2.07e-22
  5.8542e+05   1.92e-22
  6.0035e+05   1.78e-22
  6.1565e+05   1.66e-22
  6.3135e+05   1.54e-22
  6.4745e+05   1.43e-22
  6.6396e+05   1.32e-22
  6.8089e+05   1.22e-22
  6.9825e+05   1.13e-22
  7.1606e+05   1.05e-22
  7.3432e+05   9.69e-23
  7.5304e+05   8.94e-23
  7.7224e+05   8.27e-23
  7.9193e+05   7.65e-23
  8.1213e+05   7.06e-23
  8.3283e+05   6.51e-23
  8.5407e+05   5.99e-23
  8.7585e+05   5.54e-23
  8.9818e+05   5.11e-23
  9.2108e+05   4.70e-23
  9.4457e+05   4.31e-23
  9.6866e+05   3.97e-23
  9.9336e+05   3.66e-23
  1.0187e+06   3.37e-23
  1.0447e+06   3.09e-23
  1.0713e+06   2.83e-23
  1.0986e+06   2.61e-23
  1.1266e+06   2.41e-23
  1.1554e+06   2.21e-23
  1.1848e+06   2.03e-23
  1.2150e+06   1.86e-23
  1.2460e+06   1.72e-23
  1.2778e+06   1.58e-23
  1.3104e+06   1.45e-23
  1.3438e+06   1.33e-23
  1.3780e+06   1.22e-23
  1.4132e+06   1.13e-23
  1.4492e+06   1.04e-23
  1.4862e+06   9.51e-24
  1.5241e+06   8.74e-24
  1.5629e+06   8.08e-24
  1.6028e+06   7.46e-24
  1.6436e+06   6.87e-24
  1.6856e+06   6.31e-24
  1.7285e+06   5.84e-24
  1.7726e+06   5.43e-24
  1.8178e+06   5.03e-24
  1.8642e+06   4.66e-24
  1.9117e+06   4.31e-24
  1.9604e+06   4.04e-24
  2.0104e+06   3.78e-24
  2.0617e+06   3.53e-24
  2.1143e+06   3.30e-24
  2.1682e+06   3.10e-24
  2.2235e+06   2.93e-24
  2.2802e+06   2.77e-24
  2.3383e+06   2.62e-24
  2.3979e+06   2.48e-24
  2.4591e+06   2.37e-24
  2.5218e+06   2.27e-24
  2.5861e+06   2.18e-24
  2.6520e+06   2.08e-24
  2.7196e+06   2.01e-24
  2.7890e+06   1.97e-24
  2.8601e+06   1.92e-24
  2.9330e+06   1.88e-24
  3.0078e+06   1.84e-24
  3.0845e+06   1.84e-24
  3.1632e+06   1.84e-24
  3.2438e+06   1.84e-24
  3.3265e+06   1.84e-24
  3.4113e+06   1.87e-24
  3.4983e+06   1.95e-24
  3.5875e+06   2.03e-24
  3.6790e+06   2.11e-24
  3.7728e+06   2.17e-24
  3.8690e+06   2.36e-24
  3.9677e+06   2.57e-24
  4.0689e+06   2.77e-24
  4.1726e+06   2.95e-24
  4.2790e+06   3.00e-24
  4.3881e+06   2.41e-24
  4.5000e+06   1.85e-24
