#  E [GeV]   # per interaction  [GeV^{-1}]
  3.0000e+01   4.23e-01
  3.0782e+01   4.09e-01
  3.1585e+01   3.95e-01
  3.2409e+01   3.82e-01
  3.3255e+01   3.69e-01
  3.4122e+01   3.56e-01
  3.5012e+01   3.44e-01
  3.5925e+01   3.32e-01
  3.6862e+01   3.20e-01
  3.7824e+01   3.09e-01
  3.8810e+01   2.98e-01
  3.9822e+01   2.87e-01
  4.0861e+01   2.77e-01
  4.1927e+01   2.67e-01
  4.3021e+01   2.57e-01
  4.4143e+01   2.47e-01
  4.5294e+01   2.38e-01
  4.6475e+01   2.29e-01
  4.7688e+01   2.20e-01
  4.8931e+01   2.12e-01
  5.0208e+01   2.04e-01
  5.1517e+01   1.96e-01
  5.2861e+01   1.88e-01
  5.4240e+01   1.81e-01
  5.5654e+01   1.74e-01
  5.7106e+01   1.67e-01
  5.8596e+01   1.60e-01
  6.0124e+01   1.54e-01
  6.1692e+01   1.47e-01
  6.3301e+01   1.41e-01
  6.4952e+01   1.35e-01
  6.6647e+01   1.30e-01
  6.8385e+01   1.24e-01
  7.0169e+01   1.19e-01
  7.1999e+01   1.14e-01
  7.3877e+01   1.09e-01
  7.5804e+01   1.04e-01
  7.7781e+01   9.98e-02
  7.9810e+01   9.55e-02
  8.1891e+01   9.13e-02
  8.4027e+01   8.73e-02
  8.6219e+01   8.34e-02
  8.8468e+01   7.97e-02
  9.0775e+01   7.61e-02
  9.3143e+01   7.27e-02
  9.5572e+01   6.94e-02
  9.8065e+01   6.62e-02
  1.0062e+02   6.31e-02
  1.0325e+02   6.02e-02
  1.0594e+02   5.74e-02
  1.0870e+02   5.47e-02
  1.1154e+02   5.21e-02
  1.1445e+02   4.95e-02
  1.1743e+02   4.71e-02
  1.2050e+02   4.48e-02
  1.2364e+02   4.26e-02
  1.2686e+02   4.05e-02
  1.3017e+02   3.84e-02
  1.3357e+02   3.65e-02
  1.3705e+02   3.46e-02
  1.4063e+02   3.28e-02
  1.4429e+02   3.11e-02
  1.4806e+02   2.95e-02
  1.5192e+02   2.79e-02
  1.5588e+02   2.64e-02
  1.5995e+02   2.50e-02
  1.6412e+02   2.36e-02
  1.6840e+02   2.23e-02
  1.7279e+02   2.11e-02
  1.7730e+02   1.99e-02
  1.8193e+02   1.88e-02
  1.8667e+02   1.77e-02
  1.9154e+02   1.67e-02
  1.9654e+02   1.57e-02
  2.0166e+02   1.48e-02
  2.0692e+02   1.39e-02
  2.1232e+02   1.31e-02
  2.1786e+02   1.23e-02
  2.2354e+02   1.15e-02
  2.2937e+02   1.08e-02
  2.3535e+02   1.01e-02
  2.4149e+02   9.50e-03
  2.4779e+02   8.89e-03
  2.5425e+02   8.30e-03
  2.6088e+02   7.76e-03
  2.6769e+02   7.25e-03
  2.7467e+02   6.76e-03
  2.8184e+02   6.30e-03
  2.8919e+02   5.85e-03
  2.9673e+02   5.46e-03
  3.0447e+02   5.08e-03
  3.1241e+02   4.71e-03
  3.2056e+02   4.37e-03
  3.2892e+02   4.05e-03
  3.3750e+02   3.76e-03
  3.4630e+02   3.48e-03
  3.5533e+02   3.21e-03
  3.6460e+02   2.96e-03
  3.7411e+02   2.74e-03
  3.8387e+02   2.53e-03
  3.9388e+02   2.33e-03
  4.0416e+02   2.14e-03
  4.1470e+02   1.97e-03
  4.2551e+02   1.81e-03
  4.3661e+02   1.66e-03
  4.4800e+02   1.52e-03
  4.5969e+02   1.39e-03
  4.7168e+02   1.28e-03
  4.8398e+02   1.17e-03
  4.9660e+02   1.07e-03
  5.0956e+02   9.70e-04
  5.2285e+02   8.85e-04
  5.3648e+02   8.08e-04
  5.5048e+02   7.36e-04
  5.6483e+02   6.68e-04
  5.7957e+02   6.05e-04
  5.9468e+02   5.51e-04
  6.1020e+02   5.01e-04
  6.2611e+02   4.54e-04
  6.4244e+02   4.10e-04
  6.5920e+02   3.71e-04
  6.7639e+02   3.37e-04
  6.9403e+02   3.05e-04
  7.1214e+02   2.75e-04
  7.3071e+02   2.47e-04
  7.4977e+02   2.24e-04
  7.6933e+02   2.02e-04
  7.8939e+02   1.82e-04
  8.0998e+02   1.64e-04
  8.3111e+02   1.48e-04
  8.5279e+02   1.33e-04
  8.7503e+02   1.20e-04
  8.9785e+02   1.08e-04
  9.2127e+02   9.65e-05
  9.4530e+02   8.72e-05
  9.6996e+02   7.85e-05
  9.9526e+02   7.04e-05
  1.0212e+03   6.28e-05
  1.0479e+03   5.66e-05
  1.0752e+03   5.10e-05
  1.1032e+03   4.58e-05
  1.1320e+03   4.09e-05
  1.1615e+03   3.66e-05
  1.1918e+03   3.31e-05
  1.2229e+03   2.97e-05
  1.2548e+03   2.66e-05
  1.2875e+03   2.37e-05
  1.3211e+03   2.14e-05
  1.3556e+03   1.93e-05
  1.3909e+03   1.73e-05
  1.4272e+03   1.54e-05
  1.4644e+03   1.38e-05
  1.5026e+03   1.25e-05
  1.5418e+03   1.12e-05
  1.5820e+03   1.01e-05
  1.6233e+03   8.95e-06
  1.6657e+03   8.09e-06
  1.7091e+03   7.30e-06
  1.7537e+03   6.56e-06
  1.7994e+03   5.86e-06
  1.8464e+03   5.26e-06
  1.8945e+03   4.76e-06
  1.9439e+03   4.29e-06
  1.9946e+03   3.84e-06
  2.0467e+03   3.42e-06
  2.1000e+03   3.10e-06
  2.1548e+03   2.80e-06
  2.2110e+03   2.51e-06
  2.2687e+03   2.24e-06
  2.3279e+03   2.01e-06
  2.3886e+03   1.82e-06
  2.4509e+03   1.65e-06
  2.5148e+03   1.48e-06
  2.5804e+03   1.32e-06
  2.6477e+03   1.20e-06
  2.7168e+03   1.09e-06
  2.7876e+03   9.89e-07
  2.8603e+03   8.91e-07
  2.9349e+03   8.12e-07
  3.0115e+03   7.49e-07
  3.0900e+03   6.88e-07
  3.1706e+03   6.32e-07
  3.2533e+03   5.79e-07
  3.3382e+03   5.41e-07
  3.4253e+03   5.04e-07
  3.5146e+03   4.70e-07
  3.6063e+03   4.37e-07
  3.7003e+03   4.11e-07
  3.7969e+03   3.88e-07
  3.8959e+03   3.67e-07
  3.9975e+03   3.47e-07
  4.1018e+03   3.28e-07
  4.2088e+03   3.13e-07
  4.3185e+03   2.98e-07
  4.4312e+03   2.84e-07
  4.5467e+03   2.70e-07
  4.6653e+03   2.57e-07
  4.7870e+03   2.45e-07
  4.9119e+03   2.32e-07
  5.0400e+03   2.20e-07
