#  E [MeV]   Flux [# cm^{-2} s^{-1}  MeV^{-1}]
  3.0000e+04   5.27e-24
  3.0962e+04   5.09e-24
  3.1955e+04   4.92e-24
  3.2979e+04   4.75e-24
  3.4037e+04   4.59e-24
  3.5128e+04   4.43e-24
  3.6254e+04   4.28e-24
  3.7417e+04   4.13e-24
  3.8616e+04   3.99e-24
  3.9855e+04   3.85e-24
  4.1132e+04   3.71e-24
  4.2451e+04   3.58e-24
  4.3812e+04   3.46e-24
  4.5217e+04   3.33e-24
  4.6667e+04   3.22e-24
  4.8163e+04   3.10e-24
  4.9707e+04   2.99e-24
  5.1301e+04   2.88e-24
  5.2946e+04   2.77e-24
  5.4644e+04   2.67e-24
  5.6396e+04   2.57e-24
  5.8204e+04   2.48e-24
  6.0070e+04   2.39e-24
  6.1996e+04   2.30e-24
  6.3984e+04   2.21e-24
  6.6035e+04   2.13e-24
  6.8153e+04   2.04e-24
  7.0338e+04   1.97e-24
  7.2593e+04   1.89e-24
  7.4921e+04   1.82e-24
  7.7323e+04   1.75e-24
  7.9802e+04   1.68e-24
  8.2361e+04   1.61e-24
  8.5002e+04   1.55e-24
  8.7727e+04   1.48e-24
  9.0540e+04   1.42e-24
  9.3443e+04   1.37e-24
  9.6439e+04   1.31e-24
  9.9531e+04   1.26e-24
  1.0272e+05   1.20e-24
  1.0602e+05   1.15e-24
  1.0942e+05   1.10e-24
  1.1292e+05   1.06e-24
  1.1654e+05   1.01e-24
  1.2028e+05   9.68e-25
  1.2414e+05   9.26e-25
  1.2812e+05   8.85e-25
  1.3223e+05   8.46e-25
  1.3646e+05   8.08e-25
  1.4084e+05   7.72e-25
  1.4536e+05   7.37e-25
  1.5002e+05   7.04e-25
  1.5483e+05   6.72e-25
  1.5979e+05   6.41e-25
  1.6491e+05   6.11e-25
  1.7020e+05   5.83e-25
  1.7566e+05   5.55e-25
  1.8129e+05   5.29e-25
  1.8710e+05   5.03e-25
  1.9310e+05   4.79e-25
  1.9929e+05   4.56e-25
  2.0568e+05   4.33e-25
  2.1228e+05   4.12e-25
  2.1909e+05   3.91e-25
  2.2611e+05   3.72e-25
  2.3336e+05   3.53e-25
  2.4084e+05   3.35e-25
  2.4856e+05   3.18e-25
  2.5653e+05   3.01e-25
  2.6476e+05   2.86e-25
  2.7325e+05   2.70e-25
  2.8201e+05   2.56e-25
  2.9105e+05   2.42e-25
  3.0038e+05   2.29e-25
  3.1002e+05   2.17e-25
  3.1996e+05   2.05e-25
  3.3021e+05   1.94e-25
  3.4080e+05   1.83e-25
  3.5173e+05   1.73e-25
  3.6301e+05   1.63e-25
  3.7465e+05   1.54e-25
  3.8666e+05   1.45e-25
  3.9905e+05   1.36e-25
  4.1185e+05   1.28e-25
  4.2506e+05   1.21e-25
  4.3868e+05   1.13e-25
  4.5275e+05   1.07e-25
  4.6727e+05   1.00e-25
  4.8225e+05   9.40e-26
  4.9771e+05   8.82e-26
  5.1367e+05   8.27e-26
  5.3014e+05   7.75e-26
  5.4714e+05   7.26e-26
  5.6468e+05   6.80e-26
  5.8278e+05   6.36e-26
  6.0147e+05   5.95e-26
  6.2075e+05   5.56e-26
  6.4066e+05   5.20e-26
  6.6120e+05   4.85e-26
  6.8240e+05   4.53e-26
  7.0428e+05   4.22e-26
  7.2686e+05   3.94e-26
  7.5017e+05   3.67e-26
  7.7422e+05   3.42e-26
  7.9904e+05   3.18e-26
  8.2466e+05   2.96e-26
  8.5110e+05   2.75e-26
  8.7839e+05   2.56e-26
  9.0656e+05   2.38e-26
  9.3562e+05   2.21e-26
  9.6562e+05   2.05e-26
  9.9658e+05   1.90e-26
  1.0285e+06   1.76e-26
  1.0615e+06   1.63e-26
  1.0956e+06   1.51e-26
  1.1307e+06   1.40e-26
  1.1669e+06   1.30e-26
  1.2043e+06   1.20e-26
  1.2430e+06   1.11e-26
  1.2828e+06   1.03e-26
  1.3239e+06   9.47e-27
  1.3664e+06   8.73e-27
  1.4102e+06   8.06e-27
  1.4554e+06   7.44e-27
  1.5021e+06   6.86e-27
  1.5502e+06   6.30e-27
  1.6000e+06   5.81e-27
  1.6513e+06   5.35e-27
  1.7042e+06   4.91e-27
  1.7588e+06   4.51e-27
  1.8152e+06   4.15e-27
  1.8734e+06   3.81e-27
  1.9335e+06   3.48e-27
  1.9955e+06   3.20e-27
  2.0595e+06   2.93e-27
  2.1255e+06   2.68e-27
  2.1937e+06   2.44e-27
  2.2640e+06   2.24e-27
  2.3366e+06   2.04e-27
  2.4115e+06   1.86e-27
  2.4888e+06   1.69e-27
  2.5686e+06   1.55e-27
  2.6510e+06   1.41e-27
  2.7360e+06   1.27e-27
  2.8237e+06   1.16e-27
  2.9142e+06   1.05e-27
  3.0077e+06   9.53e-28
  3.1041e+06   8.59e-28
  3.2036e+06   7.79e-28
  3.3064e+06   7.03e-28
  3.4124e+06   6.31e-28
  3.5218e+06   5.68e-28
  3.6347e+06   5.11e-28
  3.7512e+06   4.59e-28
  3.8715e+06   4.09e-28
  3.9957e+06   3.67e-28
  4.1238e+06   3.28e-28
  4.2560e+06   2.92e-28
  4.3924e+06   2.59e-28
  4.5333e+06   2.31e-28
  4.6786e+06   2.05e-28
  4.8286e+06   1.81e-28
  4.9835e+06   1.60e-28
  5.1433e+06   1.42e-28
  5.3082e+06   1.25e-28
  5.4784e+06   1.09e-28
  5.6540e+06   9.59e-29
  5.8353e+06   8.42e-29
  6.0224e+06   7.32e-29
  6.2155e+06   6.34e-29
  6.4148e+06   5.55e-29
  6.6205e+06   4.81e-29
  6.8327e+06   4.13e-29
  7.0518e+06   3.56e-29
  7.2779e+06   3.08e-29
  7.5113e+06   2.63e-29
  7.7521e+06   2.22e-29
  8.0007e+06   1.91e-29
  8.2572e+06   1.63e-29
  8.5219e+06   1.38e-29
  8.7952e+06   1.15e-29
  9.0772e+06   9.84e-30
  9.3682e+06   8.27e-30
  9.6686e+06   6.84e-30
  9.9786e+06   5.72e-30
  1.0299e+07   4.79e-30
  1.0629e+07   3.95e-30
  1.0970e+07   3.19e-30
  1.1321e+07   2.66e-30
  1.1684e+07   2.19e-30
  1.2059e+07   1.76e-30
  1.2446e+07   1.41e-30
  1.2845e+07   1.14e-30
  1.3256e+07   9.09e-31
  1.3681e+07   7.01e-31
  1.4120e+07   5.45e-31
  1.4573e+07   4.19e-31
  1.5040e+07   3.10e-31
  1.5522e+07   2.19e-31
  1.6020e+07   1.61e-31
