#  E [MeV]   Flux [# cm^{-2} s^{-1}  MeV^{-1}]
  3.0000e+04   1.82e-27
  3.1232e+04   1.75e-27
  3.2514e+04   1.68e-27
  3.3849e+04   1.62e-27
  3.5238e+04   1.56e-27
  3.6685e+04   1.49e-27
  3.8191e+04   1.44e-27
  3.9759e+04   1.38e-27
  4.1391e+04   1.32e-27
  4.3090e+04   1.27e-27
  4.4859e+04   1.22e-27
  4.6701e+04   1.17e-27
  4.8618e+04   1.12e-27
  5.0614e+04   1.08e-27
  5.2692e+04   1.03e-27
  5.4855e+04   9.90e-28
  5.7107e+04   9.49e-28
  5.9451e+04   9.10e-28
  6.1892e+04   8.72e-28
  6.4433e+04   8.35e-28
  6.7078e+04   8.00e-28
  6.9832e+04   7.65e-28
  7.2699e+04   7.32e-28
  7.5683e+04   7.01e-28
  7.8790e+04   6.70e-28
  8.2025e+04   6.41e-28
  8.5392e+04   6.13e-28
  8.8898e+04   5.86e-28
  9.2547e+04   5.60e-28
  9.6347e+04   5.35e-28
  1.0030e+05   5.11e-28
  1.0442e+05   4.88e-28
  1.0871e+05   4.66e-28
  1.1317e+05   4.45e-28
  1.1782e+05   4.24e-28
  1.2265e+05   4.05e-28
  1.2769e+05   3.86e-28
  1.3293e+05   3.68e-28
  1.3839e+05   3.50e-28
  1.4407e+05   3.34e-28
  1.4998e+05   3.18e-28
  1.5614e+05   3.02e-28
  1.6255e+05   2.88e-28
  1.6922e+05   2.74e-28
  1.7617e+05   2.60e-28
  1.8340e+05   2.47e-28
  1.9093e+05   2.35e-28
  1.9877e+05   2.23e-28
  2.0693e+05   2.12e-28
  2.1543e+05   2.01e-28
  2.2427e+05   1.90e-28
  2.3348e+05   1.80e-28
  2.4306e+05   1.71e-28
  2.5304e+05   1.62e-28
  2.6343e+05   1.53e-28
  2.7424e+05   1.45e-28
  2.8550e+05   1.37e-28
  2.9722e+05   1.30e-28
  3.0942e+05   1.22e-28
  3.2213e+05   1.16e-28
  3.3535e+05   1.09e-28
  3.4912e+05   1.03e-28
  3.6345e+05   9.70e-29
  3.7837e+05   9.14e-29
  3.9390e+05   8.61e-29
  4.1008e+05   8.10e-29
  4.2691e+05   7.62e-29
  4.4444e+05   7.17e-29
  4.6268e+05   6.74e-29
  4.8168e+05   6.34e-29
  5.0145e+05   5.95e-29
  5.2204e+05   5.59e-29
  5.4347e+05   5.25e-29
  5.6578e+05   4.93e-29
  5.8901e+05   4.63e-29
  6.1319e+05   4.34e-29
  6.3836e+05   4.08e-29
  6.6457e+05   3.83e-29
  6.9185e+05   3.59e-29
  7.2025e+05   3.38e-29
  7.4982e+05   3.17e-29
  7.8061e+05   2.98e-29
  8.1265e+05   2.80e-29
  8.4601e+05   2.63e-29
  8.8075e+05   2.48e-29
  9.1690e+05   2.34e-29
  9.5455e+05   2.20e-29
  9.9373e+05   2.07e-29
  1.0345e+06   1.96e-29
  1.0770e+06   1.85e-29
  1.1212e+06   1.75e-29
  1.1672e+06   1.65e-29
  1.2152e+06   1.56e-29
  1.2650e+06   1.48e-29
  1.3170e+06   1.41e-29
  1.3711e+06   1.33e-29
  1.4273e+06   1.27e-29
  1.4859e+06   1.21e-29
  1.5469e+06   1.15e-29
  1.6104e+06   1.09e-29
  1.6766e+06   1.04e-29
  1.7454e+06   9.96e-30
  1.8170e+06   9.51e-30
  1.8916e+06   9.09e-30
  1.9693e+06   8.70e-30
  2.0501e+06   8.33e-30
  2.1343e+06   7.98e-30
  2.2219e+06   7.65e-30
  2.3131e+06   7.34e-30
  2.4081e+06   7.04e-30
  2.5070e+06   6.76e-30
  2.6099e+06   6.49e-30
  2.7170e+06   6.23e-30
  2.8286e+06   5.98e-30
  2.9447e+06   5.75e-30
  3.0656e+06   5.52e-30
  3.1914e+06   5.30e-30
  3.3225e+06   5.08e-30
  3.4589e+06   4.88e-30
  3.6008e+06   4.68e-30
  3.7487e+06   4.48e-30
  3.9026e+06   4.29e-30
  4.0628e+06   4.11e-30
  4.2296e+06   3.93e-30
  4.4032e+06   3.75e-30
  4.5840e+06   3.58e-30
  4.7722e+06   3.41e-30
  4.9681e+06   3.25e-30
  5.1720e+06   3.08e-30
  5.3844e+06   2.93e-30
  5.6054e+06   2.77e-30
  5.8355e+06   2.61e-30
  6.0751e+06   2.46e-30
  6.3245e+06   2.31e-30
  6.5841e+06   2.17e-30
  6.8544e+06   2.03e-30
  7.1358e+06   1.89e-30
  7.4288e+06   1.75e-30
  7.7338e+06   1.62e-30
  8.0513e+06   1.49e-30
  8.3818e+06   1.37e-30
  8.7259e+06   1.24e-30
  9.0841e+06   1.13e-30
  9.4571e+06   1.02e-30
  9.8453e+06   9.08e-31
  1.0249e+07   8.06e-31
  1.0670e+07   7.10e-31
  1.1108e+07   6.19e-31
  1.1564e+07   5.34e-31
  1.2039e+07   4.57e-31
  1.2533e+07   3.85e-31
  1.3048e+07   3.20e-31
  1.3584e+07   2.62e-31
  1.4141e+07   2.11e-31
  1.4722e+07   1.67e-31
  1.5326e+07   1.29e-31
  1.5955e+07   9.69e-32
  1.6610e+07   7.10e-32
  1.7292e+07   5.04e-32
  1.8002e+07   3.44e-32
  1.8741e+07   2.25e-32
  1.9511e+07   1.41e-32
  2.0312e+07   8.31e-33
  2.1145e+07   4.60e-33
  2.2013e+07   2.36e-33
  2.2917e+07   1.11e-33
  2.3858e+07   4.72e-34
  2.4837e+07   1.77e-34
  2.5857e+07   5.76e-35
  2.6919e+07   1.58e-35
  2.8024e+07   3.50e-36
  2.9174e+07   6.07e-37
  3.0372e+07   7.77e-38
  3.1619e+07   6.86e-39
  3.2917e+07   3.85e-40
  3.4268e+07   1.23e-41
  3.5675e+07   1.93e-43
  3.7140e+07   1.26e-45
  3.8664e+07   2.69e-48
  4.0252e+07   1.37e-51
  4.1904e+07   1.12e-55
  4.3624e+07   8.36e-61
  4.5415e+07   2.72e-67
  4.7280e+07   2.84e-71
  4.9221e+07   2.51e-71
  5.1241e+07   2.21e-71
  5.3345e+07   1.93e-71
  5.5535e+07   1.68e-71
  5.7815e+07   1.46e-71
  6.0188e+07   1.25e-71
  6.2659e+07   1.08e-71
  6.5232e+07   9.29e-72
  6.7910e+07   7.87e-72
  7.0698e+07   6.82e-72
  7.3600e+07   5.84e-72
  7.6621e+07   4.97e-72
  7.9767e+07   4.36e-72
  8.3042e+07   3.80e-72
  8.6451e+07   3.34e-72
  9.0000e+07   3.05e-72
