#  E [MeV]   Flux [# cm^{-2} s^{-1}  MeV^{-1}]
  3.0000e+04   2.75e-24
  3.0962e+04   2.66e-24
  3.1955e+04   2.57e-24
  3.2979e+04   2.48e-24
  3.4037e+04   2.39e-24
  3.5128e+04   2.31e-24
  3.6254e+04   2.22e-24
  3.7417e+04   2.14e-24
  3.8616e+04   2.07e-24
  3.9855e+04   2.00e-24
  4.1132e+04   1.92e-24
  4.2451e+04   1.85e-24
  4.3812e+04   1.79e-24
  4.5217e+04   1.72e-24
  4.6667e+04   1.66e-24
  4.8163e+04   1.60e-24
  4.9707e+04   1.54e-24
  5.1301e+04   1.48e-24
  5.2946e+04   1.43e-24
  5.4644e+04   1.37e-24
  5.6396e+04   1.32e-24
  5.8204e+04   1.27e-24
  6.0070e+04   1.22e-24
  6.1996e+04   1.18e-24
  6.3984e+04   1.13e-24
  6.6035e+04   1.09e-24
  6.8153e+04   1.05e-24
  7.0338e+04   1.01e-24
  7.2593e+04   9.66e-25
  7.4921e+04   9.27e-25
  7.7323e+04   8.91e-25
  7.9802e+04   8.55e-25
  8.2361e+04   8.21e-25
  8.5002e+04   7.88e-25
  8.7727e+04   7.56e-25
  9.0540e+04   7.25e-25
  9.3443e+04   6.95e-25
  9.6439e+04   6.66e-25
  9.9531e+04   6.39e-25
  1.0272e+05   6.12e-25
  1.0602e+05   5.86e-25
  1.0942e+05   5.61e-25
  1.1292e+05   5.38e-25
  1.1654e+05   5.14e-25
  1.2028e+05   4.92e-25
  1.2414e+05   4.71e-25
  1.2812e+05   4.50e-25
  1.3223e+05   4.30e-25
  1.3646e+05   4.11e-25
  1.4084e+05   3.93e-25
  1.4536e+05   3.75e-25
  1.5002e+05   3.58e-25
  1.5483e+05   3.42e-25
  1.5979e+05   3.26e-25
  1.6491e+05   3.11e-25
  1.7020e+05   2.97e-25
  1.7566e+05   2.83e-25
  1.8129e+05   2.70e-25
  1.8710e+05   2.57e-25
  1.9310e+05   2.45e-25
  1.9929e+05   2.33e-25
  2.0568e+05   2.22e-25
  2.1228e+05   2.11e-25
  2.1909e+05   2.01e-25
  2.2611e+05   1.91e-25
  2.3336e+05   1.81e-25
  2.4084e+05   1.72e-25
  2.4856e+05   1.64e-25
  2.5653e+05   1.55e-25
  2.6476e+05   1.48e-25
  2.7325e+05   1.40e-25
  2.8201e+05   1.33e-25
  2.9105e+05   1.26e-25
  3.0038e+05   1.19e-25
  3.1002e+05   1.13e-25
  3.1996e+05   1.07e-25
  3.3021e+05   1.01e-25
  3.4080e+05   9.60e-26
  3.5173e+05   9.08e-26
  3.6301e+05   8.59e-26
  3.7465e+05   8.13e-26
  3.8666e+05   7.68e-26
  3.9905e+05   7.25e-26
  4.1185e+05   6.85e-26
  4.2506e+05   6.46e-26
  4.3868e+05   6.10e-26
  4.5275e+05   5.75e-26
  4.6727e+05   5.42e-26
  4.8225e+05   5.11e-26
  4.9771e+05   4.81e-26
  5.1367e+05   4.53e-26
  5.3014e+05   4.26e-26
  5.4714e+05   4.01e-26
  5.6468e+05   3.76e-26
  5.8278e+05   3.54e-26
  6.0147e+05   3.33e-26
  6.2075e+05   3.12e-26
  6.4066e+05   2.93e-26
  6.6120e+05   2.75e-26
  6.8240e+05   2.58e-26
  7.0428e+05   2.42e-26
  7.2686e+05   2.26e-26
  7.5017e+05   2.12e-26
  7.7422e+05   1.99e-26
  7.9904e+05   1.86e-26
  8.2466e+05   1.74e-26
  8.5110e+05   1.62e-26
  8.7839e+05   1.52e-26
  9.0656e+05   1.42e-26
  9.3562e+05   1.32e-26
  9.6562e+05   1.23e-26
  9.9658e+05   1.15e-26
  1.0285e+06   1.07e-26
  1.0615e+06   1.00e-26
  1.0956e+06   9.32e-27
  1.1307e+06   8.68e-27
  1.1669e+06   8.08e-27
  1.2043e+06   7.52e-27
  1.2430e+06   6.98e-27
  1.2828e+06   6.49e-27
  1.3239e+06   6.02e-27
  1.3664e+06   5.58e-27
  1.4102e+06   5.17e-27
  1.4554e+06   4.80e-27
  1.5021e+06   4.45e-27
  1.5502e+06   4.12e-27
  1.6000e+06   3.81e-27
  1.6513e+06   3.53e-27
  1.7042e+06   3.27e-27
  1.7588e+06   3.01e-27
  1.8152e+06   2.79e-27
  1.8734e+06   2.57e-27
  1.9335e+06   2.37e-27
  1.9955e+06   2.18e-27
  2.0595e+06   2.02e-27
  2.1255e+06   1.86e-27
  2.1937e+06   1.71e-27
  2.2640e+06   1.57e-27
  2.3366e+06   1.45e-27
  2.4115e+06   1.33e-27
  2.4888e+06   1.22e-27
  2.5686e+06   1.12e-27
  2.6510e+06   1.03e-27
  2.7360e+06   9.40e-28
  2.8237e+06   8.60e-28
  2.9142e+06   7.89e-28
  3.0077e+06   7.23e-28
  3.1041e+06   6.60e-28
  3.2036e+06   6.03e-28
  3.3064e+06   5.52e-28
  3.4124e+06   5.03e-28
  3.5218e+06   4.57e-28
  3.6347e+06   4.19e-28
  3.7512e+06   3.82e-28
  3.8715e+06   3.47e-28
  3.9957e+06   3.16e-28
  4.1238e+06   2.89e-28
  4.2560e+06   2.63e-28
  4.3924e+06   2.39e-28
  4.5333e+06   2.17e-28
  4.6786e+06   1.99e-28
  4.8286e+06   1.81e-28
  4.9835e+06   1.64e-28
  5.1433e+06   1.50e-28
  5.3082e+06   1.37e-28
  5.4784e+06   1.25e-28
  5.6540e+06   1.14e-28
  5.8353e+06   1.04e-28
  6.0224e+06   9.55e-29
  6.2155e+06   8.71e-29
  6.4148e+06   8.02e-29
  6.6205e+06   7.41e-29
  6.8327e+06   6.83e-29
  7.0518e+06   6.29e-29
  7.2779e+06   5.87e-29
  7.5113e+06   5.47e-29
  7.7521e+06   5.09e-29
  8.0007e+06   4.76e-29
  8.2572e+06   4.49e-29
  8.5219e+06   4.24e-29
  8.7952e+06   4.00e-29
  9.0772e+06   3.81e-29
  9.3682e+06   3.65e-29
  9.6686e+06   3.49e-29
  9.9786e+06   3.35e-29
  1.0299e+07   3.28e-29
  1.0629e+07   3.22e-29
  1.0970e+07   3.15e-29
  1.1321e+07   3.13e-29
  1.1684e+07   3.16e-29
  1.2059e+07   3.17e-29
  1.2446e+07   3.18e-29
  1.2845e+07   3.37e-29
  1.3256e+07   3.58e-29
  1.3681e+07   3.76e-29
  1.4120e+07   4.02e-29
  1.4573e+07   4.86e-29
  1.5040e+07   5.60e-29
  1.5522e+07   6.24e-29
  1.6020e+07   6.58e-29
