#  E [MeV]   Flux [# cm^{-2} s^{-1}  MeV^{-1}]
  3.0000e+04   1.49e-20
  3.0589e+04   1.48e-20
  3.1190e+04   1.46e-20
  3.1803e+04   1.44e-20
  3.2428e+04   1.43e-20
  3.3065e+04   1.41e-20
  3.3714e+04   1.40e-20
  3.4376e+04   1.38e-20
  3.5052e+04   1.36e-20
  3.5740e+04   1.35e-20
  3.6442e+04   1.33e-20
  3.7158e+04   1.32e-20
  3.7888e+04   1.30e-20
  3.8632e+04   1.29e-20
  3.9391e+04   1.27e-20
  4.0165e+04   1.26e-20
  4.0954e+04   1.25e-20
  4.1758e+04   1.23e-20
  4.2579e+04   1.22e-20
  4.3415e+04   1.20e-20
  4.4268e+04   1.19e-20
  4.5138e+04   1.18e-20
  4.6024e+04   1.16e-20
  4.6928e+04   1.15e-20
  4.7850e+04   1.14e-20
  4.8790e+04   1.12e-20
  4.9749e+04   1.11e-20
  5.0726e+04   1.10e-20
  5.1722e+04   1.09e-20
  5.2738e+04   1.07e-20
  5.3774e+04   1.06e-20
  5.4831e+04   1.05e-20
  5.5908e+04   1.04e-20
  5.7006e+04   1.02e-20
  5.8126e+04   1.01e-20
  5.9268e+04   1.00e-20
  6.0432e+04   9.88e-21
  6.1619e+04   9.76e-21
  6.2829e+04   9.64e-21
  6.4064e+04   9.53e-21
  6.5322e+04   9.41e-21
  6.6605e+04   9.30e-21
  6.7913e+04   9.18e-21
  6.9248e+04   9.06e-21
  7.0608e+04   8.95e-21
  7.1995e+04   8.83e-21
  7.3409e+04   8.72e-21
  7.4851e+04   8.61e-21
  7.6321e+04   8.50e-21
  7.7821e+04   8.38e-21
  7.9349e+04   8.27e-21
  8.0908e+04   8.16e-21
  8.2497e+04   8.05e-21
  8.4118e+04   7.94e-21
  8.5770e+04   7.84e-21
  8.7455e+04   7.73e-21
  8.9173e+04   7.62e-21
  9.0925e+04   7.51e-21
  9.2711e+04   7.41e-21
  9.4532e+04   7.30e-21
  9.6389e+04   7.20e-21
  9.8283e+04   7.09e-21
  1.0021e+05   6.99e-21
  1.0218e+05   6.88e-21
  1.0419e+05   6.78e-21
  1.0624e+05   6.68e-21
  1.0832e+05   6.58e-21
  1.1045e+05   6.47e-21
  1.1262e+05   6.37e-21
  1.1483e+05   6.27e-21
  1.1709e+05   6.17e-21
  1.1939e+05   6.08e-21
  1.2173e+05   5.98e-21
  1.2412e+05   5.88e-21
  1.2656e+05   5.78e-21
  1.2905e+05   5.68e-21
  1.3158e+05   5.59e-21
  1.3417e+05   5.50e-21
  1.3680e+05   5.40e-21
  1.3949e+05   5.30e-21
  1.4223e+05   5.21e-21
  1.4503e+05   5.11e-21
  1.4787e+05   5.02e-21
  1.5078e+05   4.93e-21
  1.5374e+05   4.83e-21
  1.5676e+05   4.74e-21
  1.5984e+05   4.65e-21
  1.6298e+05   4.56e-21
  1.6618e+05   4.47e-21
  1.6945e+05   4.38e-21
  1.7278e+05   4.29e-21
  1.7617e+05   4.20e-21
  1.7963e+05   4.11e-21
  1.8316e+05   4.03e-21
  1.8676e+05   3.94e-21
  1.9042e+05   3.86e-21
  1.9417e+05   3.77e-21
  1.9798e+05   3.68e-21
  2.0187e+05   3.60e-21
  2.0583e+05   3.52e-21
  2.0988e+05   3.43e-21
  2.1400e+05   3.36e-21
  2.1820e+05   3.27e-21
  2.2249e+05   3.19e-21
  2.2686e+05   3.11e-21
  2.3132e+05   3.03e-21
  2.3586e+05   2.96e-21
  2.4049e+05   2.88e-21
  2.4522e+05   2.80e-21
  2.5004e+05   2.73e-21
  2.5495e+05   2.65e-21
  2.5996e+05   2.58e-21
  2.6506e+05   2.51e-21
  2.7027e+05   2.44e-21
  2.7558e+05   2.36e-21
  2.8099e+05   2.29e-21
  2.8651e+05   2.22e-21
  2.9214e+05   2.15e-21
  2.9788e+05   2.09e-21
  3.0373e+05   2.02e-21
  3.0970e+05   1.95e-21
  3.1578e+05   1.89e-21
  3.2198e+05   1.83e-21
  3.2831e+05   1.76e-21
  3.3476e+05   1.70e-21
  3.4133e+05   1.64e-21
  3.4804e+05   1.58e-21
  3.5487e+05   1.53e-21
  3.6185e+05   1.47e-21
  3.6895e+05   1.41e-21
  3.7620e+05   1.36e-21
  3.8359e+05   1.31e-21
  3.9113e+05   1.26e-21
  3.9881e+05   1.21e-21
  4.0664e+05   1.16e-21
  4.1463e+05   1.11e-21
  4.2278e+05   1.06e-21
  4.3108e+05   1.02e-21
  4.3955e+05   9.73e-22
  4.4818e+05   9.30e-22
  4.5699e+05   8.89e-22
  4.6596e+05   8.48e-22
  4.7512e+05   8.10e-22
  4.8445e+05   7.72e-22
  4.9397e+05   7.35e-22
  5.0367e+05   6.99e-22
  5.1356e+05   6.65e-22
  5.2365e+05   6.32e-22
  5.3394e+05   6.00e-22
  5.4443e+05   5.68e-22
  5.5512e+05   5.38e-22
  5.6603e+05   5.09e-22
  5.7715e+05   4.81e-22
  5.8848e+05   4.53e-22
  6.0004e+05   4.28e-22
  6.1183e+05   4.03e-22
  6.2385e+05   3.79e-22
  6.3610e+05   3.56e-22
  6.4860e+05   3.34e-22
  6.6134e+05   3.14e-22
  6.7433e+05   2.94e-22
  6.8758e+05   2.75e-22
  7.0108e+05   2.57e-22
  7.1486e+05   2.40e-22
  7.2890e+05   2.24e-22
  7.4322e+05   2.08e-22
  7.5782e+05   1.93e-22
  7.7270e+05   1.80e-22
  7.8788e+05   1.67e-22
  8.0336e+05   1.55e-22
  8.1914e+05   1.44e-22
  8.3523e+05   1.33e-22
  8.5164e+05   1.23e-22
  8.6837e+05   1.13e-22
  8.8542e+05   1.05e-22
  9.0282e+05   9.63e-23
  9.2055e+05   8.83e-23
  9.3863e+05   8.07e-23
  9.5707e+05   7.35e-23
  9.7587e+05   6.77e-23
  9.9504e+05   6.20e-23
  1.0146e+06   5.67e-23
  1.0345e+06   5.16e-23
  1.0548e+06   4.67e-23
  1.0756e+06   4.22e-23
  1.0967e+06   3.87e-23
  1.1182e+06   3.53e-23
  1.1402e+06   3.21e-23
  1.1626e+06   2.91e-23
  1.1854e+06   2.62e-23
  1.2087e+06   2.36e-23
  1.2325e+06   2.17e-23
  1.2567e+06   1.99e-23
  1.2814e+06   1.82e-23
  1.3065e+06   1.66e-23
  1.3322e+06   1.51e-23
  1.3584e+06   1.38e-23
  1.3851e+06   1.30e-23
  1.4123e+06   1.23e-23
  1.4400e+06   1.15e-23
