#  E [MeV]   Flux [# cm^{-2} s^{-1}  MeV^{-1}]
  3.0000e+04   6.46e-23
  3.0872e+04   6.26e-23
  3.1770e+04   6.06e-23
  3.2694e+04   5.86e-23
  3.3644e+04   5.67e-23
  3.4623e+04   5.48e-23
  3.5629e+04   5.30e-23
  3.6665e+04   5.12e-23
  3.7731e+04   4.94e-23
  3.8829e+04   4.78e-23
  3.9958e+04   4.61e-23
  4.1119e+04   4.46e-23
  4.2315e+04   4.30e-23
  4.3545e+04   4.15e-23
  4.4812e+04   4.01e-23
  4.6115e+04   3.87e-23
  4.7456e+04   3.73e-23
  4.8835e+04   3.60e-23
  5.0255e+04   3.47e-23
  5.1717e+04   3.34e-23
  5.3220e+04   3.22e-23
  5.4768e+04   3.10e-23
  5.6360e+04   2.99e-23
  5.7999e+04   2.88e-23
  5.9686e+04   2.77e-23
  6.1421e+04   2.66e-23
  6.3207e+04   2.56e-23
  6.5045e+04   2.46e-23
  6.6936e+04   2.37e-23
  6.8882e+04   2.27e-23
  7.0885e+04   2.18e-23
  7.2947e+04   2.10e-23
  7.5068e+04   2.01e-23
  7.7250e+04   1.93e-23
  7.9496e+04   1.85e-23
  8.1808e+04   1.78e-23
  8.4187e+04   1.70e-23
  8.6635e+04   1.63e-23
  8.9154e+04   1.56e-23
  9.1746e+04   1.50e-23
  9.4414e+04   1.43e-23
  9.7159e+04   1.37e-23
  9.9984e+04   1.31e-23
  1.0289e+05   1.26e-23
  1.0588e+05   1.20e-23
  1.0896e+05   1.15e-23
  1.1213e+05   1.10e-23
  1.1539e+05   1.05e-23
  1.1875e+05   9.99e-24
  1.2220e+05   9.54e-24
  1.2575e+05   9.10e-24
  1.2941e+05   8.68e-24
  1.3317e+05   8.27e-24
  1.3704e+05   7.89e-24
  1.4103e+05   7.51e-24
  1.4513e+05   7.16e-24
  1.4935e+05   6.82e-24
  1.5369e+05   6.49e-24
  1.5816e+05   6.18e-24
  1.6276e+05   5.88e-24
  1.6749e+05   5.59e-24
  1.7236e+05   5.31e-24
  1.7737e+05   5.05e-24
  1.8253e+05   4.80e-24
  1.8784e+05   4.56e-24
  1.9330e+05   4.33e-24
  1.9892e+05   4.11e-24
  2.0470e+05   3.90e-24
  2.1066e+05   3.70e-24
  2.1678e+05   3.50e-24
  2.2309e+05   3.32e-24
  2.2957e+05   3.14e-24
  2.3625e+05   2.97e-24
  2.4312e+05   2.81e-24
  2.5019e+05   2.66e-24
  2.5746e+05   2.51e-24
  2.6495e+05   2.38e-24
  2.7265e+05   2.24e-24
  2.8058e+05   2.12e-24
  2.8874e+05   2.00e-24
  2.9713e+05   1.88e-24
  3.0577e+05   1.78e-24
  3.1466e+05   1.67e-24
  3.2381e+05   1.57e-24
  3.3323e+05   1.48e-24
  3.4292e+05   1.39e-24
  3.5289e+05   1.31e-24
  3.6315e+05   1.23e-24
  3.7371e+05   1.16e-24
  3.8457e+05   1.09e-24
  3.9576e+05   1.02e-24
  4.0726e+05   9.56e-25
  4.1911e+05   8.96e-25
  4.3129e+05   8.39e-25
  4.4383e+05   7.85e-25
  4.5674e+05   7.35e-25
  4.7002e+05   6.87e-25
  4.8368e+05   6.42e-25
  4.9775e+05   5.98e-25
  5.1222e+05   5.59e-25
  5.2712e+05   5.21e-25
  5.4244e+05   4.86e-25
  5.5821e+05   4.52e-25
  5.7445e+05   4.21e-25
  5.9115e+05   3.92e-25
  6.0834e+05   3.64e-25
  6.2603e+05   3.38e-25
  6.4423e+05   3.14e-25
  6.6296e+05   2.92e-25
  6.8224e+05   2.71e-25
  7.0208e+05   2.51e-25
  7.2249e+05   2.33e-25
  7.4350e+05   2.16e-25
  7.6512e+05   2.00e-25
  7.8736e+05   1.84e-25
  8.1026e+05   1.70e-25
  8.3382e+05   1.57e-25
  8.5806e+05   1.45e-25
  8.8301e+05   1.33e-25
  9.0869e+05   1.23e-25
  9.3511e+05   1.13e-25
  9.6230e+05   1.04e-25
  9.9028e+05   9.52e-26
  1.0191e+06   8.77e-26
  1.0487e+06   8.06e-26
  1.0792e+06   7.39e-26
  1.1106e+06   6.76e-26
  1.1429e+06   6.20e-26
  1.1761e+06   5.69e-26
  1.2103e+06   5.20e-26
  1.2455e+06   4.74e-26
  1.2817e+06   4.34e-26
  1.3190e+06   3.97e-26
  1.3573e+06   3.62e-26
  1.3968e+06   3.29e-26
  1.4374e+06   3.00e-26
  1.4792e+06   2.74e-26
  1.5222e+06   2.49e-26
  1.5665e+06   2.26e-26
  1.6120e+06   2.06e-26
  1.6589e+06   1.88e-26
  1.7071e+06   1.70e-26
  1.7568e+06   1.54e-26
  1.8079e+06   1.40e-26
  1.8604e+06   1.27e-26
  1.9145e+06   1.15e-26
  1.9702e+06   1.03e-26
  2.0275e+06   9.38e-27
  2.0864e+06   8.51e-27
  2.1471e+06   7.69e-27
  2.2095e+06   6.90e-27
  2.2738e+06   6.24e-27
  2.3399e+06   5.65e-27
  2.4079e+06   5.09e-27
  2.4779e+06   4.56e-27
  2.5500e+06   4.12e-27
  2.6241e+06   3.73e-27
  2.7004e+06   3.35e-27
  2.7790e+06   3.00e-27
  2.8598e+06   2.70e-27
  2.9429e+06   2.44e-27
  3.0285e+06   2.19e-27
  3.1165e+06   1.96e-27
  3.2072e+06   1.76e-27
  3.3004e+06   1.59e-27
  3.3964e+06   1.43e-27
  3.4951e+06   1.27e-27
  3.5968e+06   1.14e-27
  3.7013e+06   1.03e-27
  3.8090e+06   9.26e-28
  3.9197e+06   8.25e-28
  4.0337e+06   7.40e-28
  4.1510e+06   6.67e-28
  4.2717e+06   5.97e-28
  4.3959e+06   5.30e-28
  4.5237e+06   4.75e-28
  4.6552e+06   4.29e-28
  4.7906e+06   3.85e-28
  4.9299e+06   3.43e-28
  5.0732e+06   3.09e-28
  5.2208e+06   2.80e-28
  5.3726e+06   2.53e-28
  5.5288e+06   2.27e-28
  5.6895e+06   2.07e-28
  5.8550e+06   1.90e-28
  6.0252e+06   1.74e-28
  6.2004e+06   1.59e-28
  6.3807e+06   1.47e-28
  6.5662e+06   1.37e-28
  6.7572e+06   1.28e-28
  6.9536e+06   1.19e-28
  7.1558e+06   1.12e-28
  7.3639e+06   1.06e-28
  7.5780e+06   1.01e-28
  7.7984e+06   9.52e-29
  8.0251e+06   9.08e-29
  8.2585e+06   8.72e-29
  8.4986e+06   8.38e-29
  8.7457e+06   8.04e-29
  9.0000e+06   7.73e-29
