#  E [GeV]   # per interaction  [GeV^{-1}]
  3.0000e+01   6.55e-01
  3.1141e+01   6.30e-01
  3.2326e+01   6.05e-01
  3.3556e+01   5.82e-01
  3.4832e+01   5.59e-01
  3.6157e+01   5.37e-01
  3.7533e+01   5.16e-01
  3.8961e+01   4.95e-01
  4.0443e+01   4.76e-01
  4.1982e+01   4.57e-01
  4.3579e+01   4.39e-01
  4.5237e+01   4.22e-01
  4.6958e+01   4.05e-01
  4.8744e+01   3.89e-01
  5.0598e+01   3.73e-01
  5.2523e+01   3.58e-01
  5.4521e+01   3.44e-01
  5.6596e+01   3.30e-01
  5.8749e+01   3.17e-01
  6.0984e+01   3.04e-01
  6.3304e+01   2.92e-01
  6.5712e+01   2.80e-01
  6.8212e+01   2.68e-01
  7.0807e+01   2.57e-01
  7.3500e+01   2.47e-01
  7.6297e+01   2.37e-01
  7.9199e+01   2.27e-01
  8.2212e+01   2.17e-01
  8.5340e+01   2.08e-01
  8.8586e+01   1.99e-01
  9.1956e+01   1.91e-01
  9.5455e+01   1.83e-01
  9.9086e+01   1.75e-01
  1.0286e+02   1.68e-01
  1.0677e+02   1.60e-01
  1.1083e+02   1.53e-01
  1.1505e+02   1.47e-01
  1.1942e+02   1.40e-01
  1.2397e+02   1.34e-01
  1.2868e+02   1.28e-01
  1.3358e+02   1.23e-01
  1.3866e+02   1.17e-01
  1.4394e+02   1.12e-01
  1.4941e+02   1.07e-01
  1.5509e+02   1.02e-01
  1.6100e+02   9.70e-02
  1.6712e+02   9.25e-02
  1.7348e+02   8.81e-02
  1.8008e+02   8.39e-02
  1.8693e+02   7.98e-02
  1.9404e+02   7.60e-02
  2.0142e+02   7.22e-02
  2.0908e+02   6.87e-02
  2.1704e+02   6.52e-02
  2.2529e+02   6.19e-02
  2.3387e+02   5.88e-02
  2.4276e+02   5.57e-02
  2.5200e+02   5.28e-02
  2.6158e+02   5.00e-02
  2.7154e+02   4.73e-02
  2.8187e+02   4.48e-02
  2.9259e+02   4.23e-02
  3.0372e+02   4.00e-02
  3.1527e+02   3.77e-02
  3.2727e+02   3.56e-02
  3.3972e+02   3.35e-02
  3.5264e+02   3.15e-02
  3.6606e+02   2.97e-02
  3.7998e+02   2.79e-02
  3.9444e+02   2.62e-02
  4.0945e+02   2.46e-02
  4.2502e+02   2.30e-02
  4.4119e+02   2.16e-02
  4.5798e+02   2.02e-02
  4.7540e+02   1.89e-02
  4.9348e+02   1.76e-02
  5.1226e+02   1.65e-02
  5.3175e+02   1.54e-02
  5.5198e+02   1.43e-02
  5.7297e+02   1.33e-02
  5.9477e+02   1.24e-02
  6.1740e+02   1.15e-02
  6.4089e+02   1.07e-02
  6.6527e+02   9.95e-03
  6.9058e+02   9.23e-03
  7.1685e+02   8.57e-03
  7.4412e+02   7.94e-03
  7.7243e+02   7.35e-03
  8.0181e+02   6.81e-03
  8.3232e+02   6.30e-03
  8.6398e+02   5.83e-03
  8.9685e+02   5.39e-03
  9.3097e+02   4.99e-03
  9.6638e+02   4.61e-03
  1.0031e+03   4.26e-03
  1.0413e+03   3.93e-03
  1.0809e+03   3.63e-03
  1.1220e+03   3.35e-03
  1.1647e+03   3.09e-03
  1.2090e+03   2.85e-03
  1.2550e+03   2.63e-03
  1.3028e+03   2.42e-03
  1.3523e+03   2.23e-03
  1.4038e+03   2.05e-03
  1.4572e+03   1.89e-03
  1.5126e+03   1.74e-03
  1.5702e+03   1.60e-03
  1.6299e+03   1.47e-03
  1.6919e+03   1.35e-03
  1.7563e+03   1.24e-03
  1.8231e+03   1.14e-03
  1.8925e+03   1.04e-03
  1.9645e+03   9.59e-04
  2.0392e+03   8.79e-04
  2.1168e+03   8.05e-04
  2.1973e+03   7.37e-04
  2.2809e+03   6.75e-04
  2.3677e+03   6.16e-04
  2.4577e+03   5.63e-04
  2.5512e+03   5.14e-04
  2.6483e+03   4.68e-04
  2.7490e+03   4.26e-04
  2.8536e+03   3.88e-04
  2.9622e+03   3.52e-04
  3.0749e+03   3.19e-04
  3.1918e+03   2.90e-04
  3.3133e+03   2.62e-04
  3.4393e+03   2.37e-04
  3.5702e+03   2.14e-04
  3.7060e+03   1.93e-04
  3.8470e+03   1.74e-04
  3.9933e+03   1.56e-04
  4.1452e+03   1.40e-04
  4.3029e+03   1.25e-04
  4.4666e+03   1.12e-04
  4.6366e+03   1.00e-04
  4.8129e+03   8.92e-05
  4.9960e+03   7.95e-05
  5.1861e+03   7.05e-05
  5.3834e+03   6.22e-05
  5.5882e+03   5.51e-05
  5.8008e+03   4.85e-05
  6.0215e+03   4.25e-05
  6.2506e+03   3.73e-05
  6.4883e+03   3.26e-05
  6.7352e+03   2.83e-05
  6.9914e+03   2.46e-05
  7.2574e+03   2.14e-05
  7.5335e+03   1.83e-05
  7.8201e+03   1.58e-05
  8.1176e+03   1.35e-05
  8.4264e+03   1.15e-05
  8.7470e+03   9.74e-06
  9.0797e+03   8.25e-06
  9.4251e+03   6.90e-06
  9.7837e+03   5.76e-06
  1.0156e+04   4.79e-06
  1.0542e+04   3.93e-06
  1.0943e+04   3.21e-06
  1.1360e+04   2.62e-06
  1.1792e+04   2.10e-06
  1.2240e+04   1.67e-06
  1.2706e+04   1.32e-06
  1.3189e+04   1.03e-06
  1.3691e+04   7.90e-07
  1.4212e+04   6.04e-07
  1.4753e+04   4.52e-07
  1.5314e+04   3.30e-07
  1.5897e+04   2.41e-07
  1.6501e+04   1.70e-07
  1.7129e+04   1.17e-07
  1.7781e+04   7.92e-08
  1.8457e+04   5.17e-08
  1.9159e+04   3.23e-08
  1.9888e+04   1.98e-08
  2.0645e+04   1.15e-08
  2.1430e+04   6.28e-09
  2.2245e+04   3.29e-09
  2.3092e+04   1.60e-09
  2.3970e+04   7.07e-10
  2.4882e+04   2.90e-10
  2.5829e+04   1.06e-10
  2.6811e+04   3.39e-11
  2.7831e+04   9.42e-12
  2.8890e+04   2.19e-12
  2.9989e+04   4.03e-13
  3.1130e+04   5.80e-14
  3.2314e+04   6.11e-15
  3.3544e+04   4.32e-16
  3.4820e+04   1.92e-17
  3.6144e+04   4.81e-19
  3.7519e+04   5.77e-21
  3.8947e+04   2.81e-23
  4.0428e+04   4.42e-26
  4.1966e+04   1.62e-29
  4.3563e+04   9.29e-34
  4.5220e+04   4.91e-39
  4.6941e+04   1.15e-45
  4.8726e+04   9.44e-48
  5.0580e+04   8.84e-48
