#  E [MeV]   Flux [# cm^{-2} s^{-1}  MeV^{-1}]
  3.0000e+04   9.00e-26
  3.1232e+04   8.61e-26
  3.2514e+04   8.23e-26
  3.3849e+04   7.88e-26
  3.5238e+04   7.53e-26
  3.6685e+04   7.21e-26
  3.8191e+04   6.89e-26
  3.9759e+04   6.59e-26
  4.1391e+04   6.30e-26
  4.3090e+04   6.03e-26
  4.4859e+04   5.76e-26
  4.6701e+04   5.51e-26
  4.8618e+04   5.27e-26
  5.0614e+04   5.04e-26
  5.2692e+04   4.81e-26
  5.4855e+04   4.60e-26
  5.7107e+04   4.40e-26
  5.9451e+04   4.20e-26
  6.1892e+04   4.01e-26
  6.4433e+04   3.84e-26
  6.7078e+04   3.67e-26
  6.9832e+04   3.50e-26
  7.2699e+04   3.34e-26
  7.5683e+04   3.19e-26
  7.8790e+04   3.05e-26
  8.2025e+04   2.91e-26
  8.5392e+04   2.78e-26
  8.8898e+04   2.65e-26
  9.2547e+04   2.53e-26
  9.6347e+04   2.42e-26
  1.0030e+05   2.31e-26
  1.0442e+05   2.20e-26
  1.0871e+05   2.10e-26
  1.1317e+05   2.00e-26
  1.1782e+05   1.91e-26
  1.2265e+05   1.82e-26
  1.2769e+05   1.73e-26
  1.3293e+05   1.65e-26
  1.3839e+05   1.57e-26
  1.4407e+05   1.50e-26
  1.4998e+05   1.43e-26
  1.5614e+05   1.36e-26
  1.6255e+05   1.29e-26
  1.6922e+05   1.23e-26
  1.7617e+05   1.17e-26
  1.8340e+05   1.11e-26
  1.9093e+05   1.05e-26
  1.9877e+05   1.00e-26
  2.0693e+05   9.50e-27
  2.1543e+05   9.01e-27
  2.2427e+05   8.54e-27
  2.3348e+05   8.09e-27
  2.4306e+05   7.66e-27
  2.5304e+05   7.25e-27
  2.6343e+05   6.86e-27
  2.7424e+05   6.48e-27
  2.8550e+05   6.12e-27
  2.9722e+05   5.77e-27
  3.0942e+05   5.44e-27
  3.2213e+05   5.13e-27
  3.3535e+05   4.83e-27
  3.4912e+05   4.54e-27
  3.6345e+05   4.27e-27
  3.7837e+05   4.01e-27
  3.9390e+05   3.76e-27
  4.1008e+05   3.52e-27
  4.2691e+05   3.30e-27
  4.4444e+05   3.09e-27
  4.6268e+05   2.89e-27
  4.8168e+05   2.70e-27
  5.0145e+05   2.52e-27
  5.2204e+05   2.35e-27
  5.4347e+05   2.19e-27
  5.6578e+05   2.03e-27
  5.8901e+05   1.89e-27
  6.1319e+05   1.76e-27
  6.3836e+05   1.63e-27
  6.6457e+05   1.51e-27
  6.9185e+05   1.40e-27
  7.2025e+05   1.30e-27
  7.4982e+05   1.21e-27
  7.8061e+05   1.12e-27
  8.1265e+05   1.03e-27
  8.4601e+05   9.55e-28
  8.8075e+05   8.82e-28
  9.1690e+05   8.15e-28
  9.5455e+05   7.53e-28
  9.9373e+05   6.95e-28
  1.0345e+06   6.42e-28
  1.0770e+06   5.92e-28
  1.1212e+06   5.46e-28
  1.1672e+06   5.04e-28
  1.2152e+06   4.65e-28
  1.2650e+06   4.29e-28
  1.3170e+06   3.95e-28
  1.3711e+06   3.64e-28
  1.4273e+06   3.36e-28
  1.4859e+06   3.09e-28
  1.5469e+06   2.85e-28
  1.6104e+06   2.63e-28
  1.6766e+06   2.42e-28
  1.7454e+06   2.23e-28
  1.8170e+06   2.05e-28
  1.8916e+06   1.89e-28
  1.9693e+06   1.74e-28
  2.0501e+06   1.60e-28
  2.1343e+06   1.47e-28
  2.2219e+06   1.35e-28
  2.3131e+06   1.24e-28
  2.4081e+06   1.14e-28
  2.5070e+06   1.04e-28
  2.6099e+06   9.53e-29
  2.7170e+06   8.72e-29
  2.8286e+06   7.98e-29
  2.9447e+06   7.28e-29
  3.0656e+06   6.64e-29
  3.1914e+06   6.05e-29
  3.3225e+06   5.50e-29
  3.4589e+06   5.00e-29
  3.6008e+06   4.54e-29
  3.7487e+06   4.11e-29
  3.9026e+06   3.72e-29
  4.0628e+06   3.36e-29
  4.2296e+06   3.03e-29
  4.4032e+06   2.72e-29
  4.5840e+06   2.44e-29
  4.7722e+06   2.19e-29
  4.9681e+06   1.95e-29
  5.1720e+06   1.74e-29
  5.3844e+06   1.54e-29
  5.6054e+06   1.37e-29
  5.8355e+06   1.21e-29
  6.0751e+06   1.07e-29
  6.3245e+06   9.37e-30
  6.5841e+06   8.19e-30
  6.8544e+06   7.13e-30
  7.1358e+06   6.20e-30
  7.4288e+06   5.35e-30
  7.7338e+06   4.60e-30
  8.0513e+06   3.94e-30
  8.3818e+06   3.35e-30
  8.7259e+06   2.84e-30
  9.0841e+06   2.39e-30
  9.4571e+06   1.98e-30
  9.8453e+06   1.65e-30
  1.0249e+07   1.35e-30
  1.0670e+07   1.10e-30
  1.1108e+07   8.87e-31
  1.1564e+07   7.07e-31
  1.2039e+07   5.54e-31
  1.2533e+07   4.33e-31
  1.3048e+07   3.31e-31
  1.3584e+07   2.49e-31
  1.4141e+07   1.85e-31
  1.4722e+07   1.34e-31
  1.5326e+07   9.44e-32
  1.5955e+07   6.54e-32
  1.6610e+07   4.37e-32
  1.7292e+07   2.83e-32
  1.8002e+07   1.77e-32
  1.8741e+07   1.05e-32
  1.9511e+07   5.96e-33
  2.0312e+07   3.20e-33
  2.1145e+07   1.59e-33
  2.2013e+07   7.37e-34
  2.2917e+07   3.12e-34
  2.3858e+07   1.17e-34
  2.4837e+07   3.94e-35
  2.5857e+07   1.13e-35
  2.6919e+07   2.68e-36
  2.8024e+07   5.23e-37
  2.9174e+07   7.80e-38
  3.0372e+07   8.40e-39
  3.1619e+07   6.26e-40
  3.2917e+07   2.87e-41
  3.4268e+07   7.29e-43
  3.5675e+07   9.01e-45
  3.7140e+07   4.39e-47
  3.8664e+07   6.67e-50
  4.0252e+07   2.32e-53
  4.1904e+07   1.17e-57
  4.3624e+07   4.98e-63
  4.5415e+07   8.20e-70
  4.7280e+07   3.86e-72
  4.9221e+07   3.31e-72
  5.1241e+07   2.84e-72
  5.3345e+07   2.41e-72
  5.5535e+07   2.08e-72
  5.7815e+07   1.80e-72
  6.0188e+07   1.54e-72
  6.2659e+07   1.35e-72
  6.5232e+07   1.17e-72
  6.7910e+07   1.02e-72
  7.0698e+07   9.05e-73
  7.3600e+07   8.02e-73
  7.6621e+07   7.11e-73
  7.9767e+07   6.41e-73
  8.3042e+07   5.76e-73
  8.6451e+07   5.21e-73
  9.0000e+07   4.76e-73
