#  E [MeV]   Flux [# cm^{-2} s^{-1}  MeV^{-1}]
  3.0000e+04   2.95e-19
  3.0765e+04   2.85e-19
  3.1549e+04   2.75e-19
  3.2354e+04   2.66e-19
  3.3179e+04   2.57e-19
  3.4025e+04   2.48e-19
  3.4892e+04   2.39e-19
  3.5782e+04   2.31e-19
  3.6695e+04   2.23e-19
  3.7630e+04   2.15e-19
  3.8590e+04   2.08e-19
  3.9574e+04   2.00e-19
  4.0583e+04   1.93e-19
  4.1618e+04   1.86e-19
  4.2679e+04   1.80e-19
  4.3767e+04   1.73e-19
  4.4883e+04   1.67e-19
  4.6028e+04   1.61e-19
  4.7201e+04   1.55e-19
  4.8405e+04   1.49e-19
  4.9639e+04   1.43e-19
  5.0905e+04   1.38e-19
  5.2203e+04   1.33e-19
  5.3534e+04   1.28e-19
  5.4899e+04   1.23e-19
  5.6299e+04   1.18e-19
  5.7734e+04   1.13e-19
  5.9207e+04   1.09e-19
  6.0716e+04   1.05e-19
  6.2264e+04   1.00e-19
  6.3852e+04   9.63e-20
  6.5480e+04   9.23e-20
  6.7150e+04   8.86e-20
  6.8862e+04   8.49e-20
  7.0618e+04   8.15e-20
  7.2419e+04   7.81e-20
  7.4265e+04   7.49e-20
  7.6159e+04   7.18e-20
  7.8101e+04   6.88e-20
  8.0092e+04   6.60e-20
  8.2135e+04   6.33e-20
  8.4229e+04   6.06e-20
  8.6377e+04   5.81e-20
  8.8579e+04   5.56e-20
  9.0838e+04   5.33e-20
  9.3154e+04   5.10e-20
  9.5529e+04   4.89e-20
  9.7965e+04   4.68e-20
  1.0046e+05   4.47e-20
  1.0303e+05   4.28e-20
  1.0565e+05   4.09e-20
  1.0835e+05   3.91e-20
  1.1111e+05   3.74e-20
  1.1394e+05   3.57e-20
  1.1685e+05   3.41e-20
  1.1983e+05   3.26e-20
  1.2288e+05   3.11e-20
  1.2602e+05   2.97e-20
  1.2923e+05   2.83e-20
  1.3252e+05   2.70e-20
  1.3590e+05   2.57e-20
  1.3937e+05   2.45e-20
  1.4292e+05   2.33e-20
  1.4657e+05   2.22e-20
  1.5030e+05   2.11e-20
  1.5414e+05   2.01e-20
  1.5807e+05   1.91e-20
  1.6210e+05   1.82e-20
  1.6623e+05   1.73e-20
  1.7047e+05   1.64e-20
  1.7482e+05   1.56e-20
  1.7927e+05   1.48e-20
  1.8384e+05   1.40e-20
  1.8853e+05   1.33e-20
  1.9334e+05   1.26e-20
  1.9827e+05   1.19e-20
  2.0333e+05   1.13e-20
  2.0851e+05   1.07e-20
  2.1383e+05   1.01e-20
  2.1928e+05   9.53e-21
  2.2487e+05   9.01e-21
  2.3060e+05   8.50e-21
  2.3648e+05   8.02e-21
  2.4251e+05   7.55e-21
  2.4870e+05   7.12e-21
  2.5504e+05   6.71e-21
  2.6154e+05   6.31e-21
  2.6821e+05   5.93e-21
  2.7505e+05   5.57e-21
  2.8206e+05   5.24e-21
  2.8926e+05   4.92e-21
  2.9663e+05   4.61e-21
  3.0420e+05   4.32e-21
  3.1195e+05   4.05e-21
  3.1991e+05   3.79e-21
  3.2806e+05   3.55e-21
  3.3643e+05   3.31e-21
  3.4501e+05   3.09e-21
  3.5381e+05   2.89e-21
  3.6283e+05   2.70e-21
  3.7208e+05   2.51e-21
  3.8157e+05   2.33e-21
  3.9130e+05   2.17e-21
  4.0127e+05   2.02e-21
  4.1150e+05   1.88e-21
  4.2200e+05   1.74e-21
  4.3276e+05   1.61e-21
  4.4379e+05   1.50e-21
  4.5511e+05   1.39e-21
  4.6671e+05   1.28e-21
  4.7861e+05   1.18e-21
  4.9082e+05   1.09e-21
  5.0333e+05   1.01e-21
  5.1617e+05   9.27e-22
  5.2933e+05   8.53e-22
  5.4283e+05   7.81e-22
  5.5667e+05   7.20e-22
  5.7086e+05   6.62e-22
  5.8542e+05   6.07e-22
  6.0035e+05   5.55e-22
  6.1565e+05   5.07e-22
  6.3135e+05   4.65e-22
  6.4745e+05   4.26e-22
  6.6396e+05   3.88e-22
  6.8089e+05   3.53e-22
  6.9825e+05   3.22e-22
  7.1606e+05   2.94e-22
  7.3432e+05   2.68e-22
  7.5304e+05   2.43e-22
  7.7224e+05   2.20e-22
  7.9193e+05   2.00e-22
  8.1213e+05   1.82e-22
  8.3283e+05   1.65e-22
  8.5407e+05   1.49e-22
  8.7585e+05   1.34e-22
  8.9818e+05   1.22e-22
  9.2108e+05   1.10e-22
  9.4457e+05   9.90e-23
  9.6866e+05   8.84e-23
  9.9336e+05   8.02e-23
  1.0187e+06   7.24e-23
  1.0447e+06   6.50e-23
  1.0713e+06   5.80e-23
  1.0986e+06   5.20e-23
  1.1266e+06   4.69e-23
  1.1554e+06   4.21e-23
  1.1848e+06   3.76e-23
  1.2150e+06   3.33e-23
  1.2460e+06   3.00e-23
  1.2778e+06   2.69e-23
  1.3104e+06   2.40e-23
  1.3438e+06   2.13e-23
  1.3780e+06   1.89e-23
  1.4132e+06   1.70e-23
  1.4492e+06   1.52e-23
  1.4862e+06   1.35e-23
  1.5241e+06   1.18e-23
  1.5629e+06   1.06e-23
  1.6028e+06   9.44e-24
  1.6436e+06   8.39e-24
  1.6856e+06   7.38e-24
  1.7285e+06   6.47e-24
  1.7726e+06   5.81e-24
  1.8178e+06   5.18e-24
  1.8642e+06   4.58e-24
  1.9117e+06   4.01e-24
  1.9604e+06   3.55e-24
  2.0104e+06   3.19e-24
  2.0617e+06   2.83e-24
  2.1143e+06   2.50e-24
  2.1682e+06   2.18e-24
  2.2235e+06   1.97e-24
  2.2802e+06   1.77e-24
  2.3383e+06   1.57e-24
  2.3979e+06   1.39e-24
  2.4591e+06   1.24e-24
  2.5218e+06   1.12e-24
  2.5861e+06   1.00e-24
  2.6520e+06   8.97e-25
  2.7196e+06   7.95e-25
  2.7890e+06   7.25e-25
  2.8601e+06   6.62e-25
  2.9330e+06   6.02e-25
  3.0078e+06   5.45e-25
  3.0845e+06   4.95e-25
  3.1632e+06   4.57e-25
  3.2438e+06   4.20e-25
  3.3265e+06   3.85e-25
  3.4113e+06   3.52e-25
  3.4983e+06   3.24e-25
  3.5875e+06   2.98e-25
  3.6790e+06   2.74e-25
  3.7728e+06   2.51e-25
  3.8690e+06   2.30e-25
  3.9677e+06   2.11e-25
  4.0689e+06   1.92e-25
  4.1726e+06   1.75e-25
  4.2790e+06   1.59e-25
  4.3881e+06   1.46e-25
  4.5000e+06   1.35e-25
