#  E [MeV]   Flux [# cm^{-2} s^{-1}  MeV^{-1}]
  3.0000e+04   6.55e-22
  3.1123e+04   6.30e-22
  3.2288e+04   6.06e-22
  3.3497e+04   5.83e-22
  3.4751e+04   5.60e-22
  3.6051e+04   5.38e-22
  3.7401e+04   5.17e-22
  3.8801e+04   4.97e-22
  4.0253e+04   4.77e-22
  4.1760e+04   4.58e-22
  4.3324e+04   4.40e-22
  4.4945e+04   4.22e-22
  4.6628e+04   4.05e-22
  4.8373e+04   3.89e-22
  5.0184e+04   3.73e-22
  5.2063e+04   3.58e-22
  5.4011e+04   3.43e-22
  5.6033e+04   3.29e-22
  5.8131e+04   3.15e-22
  6.0307e+04   3.02e-22
  6.2564e+04   2.89e-22
  6.4906e+04   2.77e-22
  6.7336e+04   2.65e-22
  6.9857e+04   2.54e-22
  7.2472e+04   2.43e-22
  7.5184e+04   2.32e-22
  7.7999e+04   2.22e-22
  8.0919e+04   2.12e-22
  8.3948e+04   2.03e-22
  8.7090e+04   1.94e-22
  9.0350e+04   1.85e-22
  9.3732e+04   1.77e-22
  9.7241e+04   1.69e-22
  1.0088e+05   1.61e-22
  1.0466e+05   1.54e-22
  1.0858e+05   1.47e-22
  1.1264e+05   1.40e-22
  1.1686e+05   1.33e-22
  1.2123e+05   1.27e-22
  1.2577e+05   1.21e-22
  1.3048e+05   1.15e-22
  1.3536e+05   1.10e-22
  1.4043e+05   1.04e-22
  1.4568e+05   9.92e-23
  1.5114e+05   9.43e-23
  1.5680e+05   8.97e-23
  1.6266e+05   8.52e-23
  1.6875e+05   8.09e-23
  1.7507e+05   7.68e-23
  1.8162e+05   7.29e-23
  1.8842e+05   6.92e-23
  1.9548e+05   6.56e-23
  2.0279e+05   6.22e-23
  2.1039e+05   5.89e-23
  2.1826e+05   5.58e-23
  2.2643e+05   5.28e-23
  2.3491e+05   5.00e-23
  2.4370e+05   4.73e-23
  2.5282e+05   4.47e-23
  2.6229e+05   4.22e-23
  2.7211e+05   3.98e-23
  2.8229e+05   3.76e-23
  2.9286e+05   3.55e-23
  3.0382e+05   3.34e-23
  3.1519e+05   3.15e-23
  3.2699e+05   2.97e-23
  3.3923e+05   2.79e-23
  3.5193e+05   2.63e-23
  3.6511e+05   2.47e-23
  3.7877e+05   2.32e-23
  3.9295e+05   2.18e-23
  4.0766e+05   2.04e-23
  4.2292e+05   1.92e-23
  4.3875e+05   1.80e-23
  4.5518e+05   1.68e-23
  4.7222e+05   1.58e-23
  4.8989e+05   1.48e-23
  5.0823e+05   1.38e-23
  5.2726e+05   1.29e-23
  5.4699e+05   1.21e-23
  5.6747e+05   1.13e-23
  5.8871e+05   1.05e-23
  6.1075e+05   9.84e-24
  6.3361e+05   9.19e-24
  6.5733e+05   8.57e-24
  6.8194e+05   7.99e-24
  7.0746e+05   7.46e-24
  7.3395e+05   6.96e-24
  7.6142e+05   6.48e-24
  7.8992e+05   6.05e-24
  8.1949e+05   5.64e-24
  8.5017e+05   5.26e-24
  8.8199e+05   4.90e-24
  9.1501e+05   4.57e-24
  9.4926e+05   4.27e-24
  9.8479e+05   3.98e-24
  1.0217e+06   3.71e-24
  1.0599e+06   3.46e-24
  1.0996e+06   3.23e-24
  1.1407e+06   3.02e-24
  1.1834e+06   2.82e-24
  1.2277e+06   2.63e-24
  1.2737e+06   2.46e-24
  1.3214e+06   2.30e-24
  1.3708e+06   2.15e-24
  1.4222e+06   2.02e-24
  1.4754e+06   1.89e-24
  1.5306e+06   1.77e-24
  1.5879e+06   1.66e-24
  1.6474e+06   1.55e-24
  1.7090e+06   1.46e-24
  1.7730e+06   1.37e-24
  1.8394e+06   1.28e-24
  1.9082e+06   1.20e-24
  1.9797e+06   1.13e-24
  2.0538e+06   1.06e-24
  2.1306e+06   9.98e-25
  2.2104e+06   9.38e-25
  2.2931e+06   8.83e-25
  2.3790e+06   8.30e-25
  2.4680e+06   7.81e-25
  2.5604e+06   7.36e-25
  2.6563e+06   6.92e-25
  2.7557e+06   6.52e-25
  2.8589e+06   6.14e-25
  2.9659e+06   5.79e-25
  3.0769e+06   5.45e-25
  3.1921e+06   5.14e-25
  3.3116e+06   4.84e-25
  3.4355e+06   4.55e-25
  3.5641e+06   4.29e-25
  3.6976e+06   4.04e-25
  3.8360e+06   3.80e-25
  3.9796e+06   3.58e-25
  4.1285e+06   3.37e-25
  4.2831e+06   3.17e-25
  4.4434e+06   2.98e-25
  4.6097e+06   2.80e-25
  4.7823e+06   2.62e-25
  4.9613e+06   2.46e-25
  5.1470e+06   2.31e-25
  5.3397e+06   2.16e-25
  5.5396e+06   2.03e-25
  5.7470e+06   1.89e-25
  5.9621e+06   1.77e-25
  6.1853e+06   1.65e-25
  6.4168e+06   1.54e-25
  6.6570e+06   1.43e-25
  6.9062e+06   1.32e-25
  7.1647e+06   1.23e-25
  7.4329e+06   1.13e-25
  7.7112e+06   1.04e-25
  7.9998e+06   9.58e-26
  8.2993e+06   8.78e-26
  8.6100e+06   8.01e-26
  8.9323e+06   7.29e-26
  9.2666e+06   6.61e-26
  9.6135e+06   5.97e-26
  9.9734e+06   5.36e-26
  1.0347e+07   4.79e-26
  1.0734e+07   4.26e-26
  1.1136e+07   3.76e-26
  1.1553e+07   3.30e-26
  1.1985e+07   2.87e-26
  1.2434e+07   2.47e-26
  1.2899e+07   2.11e-26
  1.3382e+07   1.79e-26
  1.3883e+07   1.49e-26
  1.4403e+07   1.23e-26
  1.4942e+07   1.00e-26
  1.5501e+07   8.02e-27
  1.6081e+07   6.30e-27
  1.6683e+07   4.85e-27
  1.7308e+07   3.65e-27
  1.7956e+07   2.67e-27
  1.8628e+07   1.90e-27
  1.9325e+07   1.31e-27
  2.0049e+07   8.64e-28
  2.0799e+07   5.47e-28
  2.1578e+07   3.29e-28
  2.2386e+07   1.86e-28
  2.3224e+07   9.87e-29
  2.4093e+07   4.83e-29
  2.4995e+07   2.16e-29
  2.5930e+07   8.63e-30
  2.6901e+07   3.04e-30
  2.7908e+07   9.19e-31
  2.8953e+07   2.32e-31
  3.0037e+07   4.74e-32
  3.1161e+07   7.46e-33
  3.2327e+07   8.60e-34
  3.3537e+07   6.79e-35
  3.4793e+07   3.38e-36
  3.6095e+07   9.51e-38
  3.7446e+07   1.33e-39
  3.8848e+07   7.70e-42
  4.0302e+07   1.49e-44
  4.1811e+07   7.26e-48
  4.3376e+07   6.07e-52
  4.5000e+07   5.32e-57
