#  E [MeV]   Flux [# cm^{-2} s^{-1}  MeV^{-1}]
  3.0000e+04   5.34e-26
  3.1232e+04   5.11e-26
  3.2514e+04   4.88e-26
  3.3849e+04   4.67e-26
  3.5238e+04   4.46e-26
  3.6685e+04   4.27e-26
  3.8191e+04   4.08e-26
  3.9759e+04   3.90e-26
  4.1391e+04   3.73e-26
  4.3090e+04   3.57e-26
  4.4859e+04   3.41e-26
  4.6701e+04   3.26e-26
  4.8618e+04   3.11e-26
  5.0614e+04   2.97e-26
  5.2692e+04   2.84e-26
  5.4855e+04   2.71e-26
  5.7107e+04   2.59e-26
  5.9451e+04   2.48e-26
  6.1892e+04   2.36e-26
  6.4433e+04   2.26e-26
  6.7078e+04   2.16e-26
  6.9832e+04   2.06e-26
  7.2699e+04   1.97e-26
  7.5683e+04   1.88e-26
  7.8790e+04   1.79e-26
  8.2025e+04   1.71e-26
  8.5392e+04   1.63e-26
  8.8898e+04   1.55e-26
  9.2547e+04   1.48e-26
  9.6347e+04   1.41e-26
  1.0030e+05   1.35e-26
  1.0442e+05   1.29e-26
  1.0871e+05   1.23e-26
  1.1317e+05   1.17e-26
  1.1782e+05   1.11e-26
  1.2265e+05   1.06e-26
  1.2769e+05   1.01e-26
  1.3293e+05   9.61e-27
  1.3839e+05   9.14e-27
  1.4407e+05   8.70e-27
  1.4998e+05   8.27e-27
  1.5614e+05   7.86e-27
  1.6255e+05   7.47e-27
  1.6922e+05   7.10e-27
  1.7617e+05   6.74e-27
  1.8340e+05   6.40e-27
  1.9093e+05   6.07e-27
  1.9877e+05   5.76e-27
  2.0693e+05   5.46e-27
  2.1543e+05   5.17e-27
  2.2427e+05   4.90e-27
  2.3348e+05   4.63e-27
  2.4306e+05   4.38e-27
  2.5304e+05   4.14e-27
  2.6343e+05   3.91e-27
  2.7424e+05   3.69e-27
  2.8550e+05   3.48e-27
  2.9722e+05   3.28e-27
  3.0942e+05   3.08e-27
  3.2213e+05   2.90e-27
  3.3535e+05   2.73e-27
  3.4912e+05   2.56e-27
  3.6345e+05   2.40e-27
  3.7837e+05   2.25e-27
  3.9390e+05   2.11e-27
  4.1008e+05   1.97e-27
  4.2691e+05   1.84e-27
  4.4444e+05   1.72e-27
  4.6268e+05   1.60e-27
  4.8168e+05   1.50e-27
  5.0145e+05   1.39e-27
  5.2204e+05   1.30e-27
  5.4347e+05   1.20e-27
  5.6578e+05   1.12e-27
  5.8901e+05   1.04e-27
  6.1319e+05   9.62e-28
  6.3836e+05   8.92e-28
  6.6457e+05   8.26e-28
  6.9185e+05   7.64e-28
  7.2025e+05   7.07e-28
  7.4982e+05   6.53e-28
  7.8061e+05   6.03e-28
  8.1265e+05   5.57e-28
  8.4601e+05   5.15e-28
  8.8075e+05   4.75e-28
  9.1690e+05   4.38e-28
  9.5455e+05   4.04e-28
  9.9373e+05   3.73e-28
  1.0345e+06   3.44e-28
  1.0770e+06   3.17e-28
  1.1212e+06   2.92e-28
  1.1672e+06   2.70e-28
  1.2152e+06   2.49e-28
  1.2650e+06   2.29e-28
  1.3170e+06   2.11e-28
  1.3711e+06   1.95e-28
  1.4273e+06   1.80e-28
  1.4859e+06   1.66e-28
  1.5469e+06   1.53e-28
  1.6104e+06   1.41e-28
  1.6766e+06   1.30e-28
  1.7454e+06   1.20e-28
  1.8170e+06   1.10e-28
  1.8916e+06   1.02e-28
  1.9693e+06   9.38e-29
  2.0501e+06   8.64e-29
  2.1343e+06   7.95e-29
  2.2219e+06   7.32e-29
  2.3131e+06   6.73e-29
  2.4081e+06   6.18e-29
  2.5070e+06   5.68e-29
  2.6099e+06   5.22e-29
  2.7170e+06   4.78e-29
  2.8286e+06   4.39e-29
  2.9447e+06   4.02e-29
  3.0656e+06   3.67e-29
  3.1914e+06   3.36e-29
  3.3225e+06   3.06e-29
  3.4589e+06   2.79e-29
  3.6008e+06   2.54e-29
  3.7487e+06   2.31e-29
  3.9026e+06   2.10e-29
  4.0628e+06   1.90e-29
  4.2296e+06   1.71e-29
  4.4032e+06   1.55e-29
  4.5840e+06   1.39e-29
  4.7722e+06   1.25e-29
  4.9681e+06   1.12e-29
  5.1720e+06   1.00e-29
  5.3844e+06   8.90e-30
  5.6054e+06   7.91e-30
  5.8355e+06   7.00e-30
  6.0751e+06   6.17e-30
  6.3245e+06   5.43e-30
  6.5841e+06   4.75e-30
  6.8544e+06   4.14e-30
  7.1358e+06   3.60e-30
  7.4288e+06   3.10e-30
  7.7338e+06   2.67e-30
  8.0513e+06   2.28e-30
  8.3818e+06   1.93e-30
  8.7259e+06   1.63e-30
  9.0841e+06   1.36e-30
  9.4571e+06   1.13e-30
  9.8453e+06   9.28e-31
  1.0249e+07   7.55e-31
  1.0670e+07   6.07e-31
  1.1108e+07   4.84e-31
  1.1564e+07   3.80e-31
  1.2039e+07   2.94e-31
  1.2533e+07   2.25e-31
  1.3048e+07   1.68e-31
  1.3584e+07   1.23e-31
  1.4141e+07   8.88e-32
  1.4722e+07   6.21e-32
  1.5326e+07   4.24e-32
  1.5955e+07   2.80e-32
  1.6610e+07   1.78e-32
  1.7292e+07   1.09e-32
  1.8002e+07   6.39e-33
  1.8741e+07   3.53e-33
  1.9511e+07   1.84e-33
  2.0312e+07   8.98e-34
  2.1145e+07   4.00e-34
  2.2013e+07   1.64e-34
  2.2917e+07   6.00e-35
  2.3858e+07   1.92e-35
  2.4837e+07   5.32e-36
  2.5857e+07   1.23e-36
  2.6919e+07   2.27e-37
  2.8024e+07   3.28e-38
  2.9174e+07   3.45e-39
  3.0372e+07   2.49e-40
  3.1619e+07   1.15e-41
  3.2917e+07   2.98e-43
  3.4268e+07   3.89e-45
  3.5675e+07   2.15e-47
  3.7140e+07   3.98e-50
  3.8664e+07   1.90e-53
  4.0252e+07   1.60e-57
  4.1904e+07   1.42e-62
  4.3624e+07   7.18e-69
  4.5415e+07   3.59e-72
  4.7280e+07   2.96e-72
  4.9221e+07   2.50e-72
  5.1241e+07   2.09e-72
  5.3345e+07   1.71e-72
  5.5535e+07   1.45e-72
  5.7815e+07   1.20e-72
  6.0188e+07   9.81e-73
  6.2659e+07   8.21e-73
  6.5232e+07   6.72e-73
  6.7910e+07   5.44e-73
  7.0698e+07   4.50e-73
  7.3600e+07   3.63e-73
  7.6621e+07   2.89e-73
  7.9767e+07   2.29e-73
  8.3042e+07   1.73e-73
  8.6451e+07   1.28e-73
  9.0000e+07   9.08e-74
