#  E [MeV]   Flux [# cm^{-2} s^{-1}  MeV^{-1}]
  3.0000e+04   2.32e-21
  3.0943e+04   2.24e-21
  3.1916e+04   2.16e-21
  3.2920e+04   2.08e-21
  3.3955e+04   2.01e-21
  3.5023e+04   1.94e-21
  3.6124e+04   1.87e-21
  3.7260e+04   1.81e-21
  3.8432e+04   1.74e-21
  3.9640e+04   1.68e-21
  4.0887e+04   1.62e-21
  4.2172e+04   1.56e-21
  4.3499e+04   1.51e-21
  4.4866e+04   1.45e-21
  4.6277e+04   1.40e-21
  4.7732e+04   1.35e-21
  4.9233e+04   1.30e-21
  5.0781e+04   1.25e-21
  5.2378e+04   1.21e-21
  5.4025e+04   1.17e-21
  5.5724e+04   1.12e-21
  5.7476e+04   1.08e-21
  5.9284e+04   1.05e-21
  6.1148e+04   1.01e-21
  6.3071e+04   9.72e-22
  6.5054e+04   9.37e-22
  6.7100e+04   9.04e-22
  6.9210e+04   8.72e-22
  7.1386e+04   8.41e-22
  7.3631e+04   8.11e-22
  7.5946e+04   7.82e-22
  7.8334e+04   7.55e-22
  8.0797e+04   7.28e-22
  8.3338e+04   7.03e-22
  8.5959e+04   6.78e-22
  8.8662e+04   6.55e-22
  9.1450e+04   6.32e-22
  9.4325e+04   6.10e-22
  9.7291e+04   5.89e-22
  1.0035e+05   5.69e-22
  1.0351e+05   5.50e-22
  1.0676e+05   5.31e-22
  1.1012e+05   5.14e-22
  1.1358e+05   4.96e-22
  1.1715e+05   4.80e-22
  1.2084e+05   4.64e-22
  1.2464e+05   4.49e-22
  1.2856e+05   4.34e-22
  1.3260e+05   4.20e-22
  1.3677e+05   4.06e-22
  1.4107e+05   3.93e-22
  1.4550e+05   3.80e-22
  1.5008e+05   3.68e-22
  1.5480e+05   3.56e-22
  1.5967e+05   3.45e-22
  1.6469e+05   3.34e-22
  1.6987e+05   3.24e-22
  1.7521e+05   3.13e-22
  1.8072e+05   3.04e-22
  1.8640e+05   2.94e-22
  1.9226e+05   2.85e-22
  1.9831e+05   2.76e-22
  2.0454e+05   2.68e-22
  2.1097e+05   2.59e-22
  2.1761e+05   2.52e-22
  2.2445e+05   2.44e-22
  2.3151e+05   2.36e-22
  2.3879e+05   2.29e-22
  2.4630e+05   2.22e-22
  2.5404e+05   2.15e-22
  2.6203e+05   2.08e-22
  2.7027e+05   2.02e-22
  2.7877e+05   1.95e-22
  2.8753e+05   1.89e-22
  2.9657e+05   1.83e-22
  3.0590e+05   1.77e-22
  3.1552e+05   1.72e-22
  3.2544e+05   1.66e-22
  3.3567e+05   1.61e-22
  3.4623e+05   1.55e-22
  3.5712e+05   1.50e-22
  3.6835e+05   1.45e-22
  3.7993e+05   1.40e-22
  3.9188e+05   1.35e-22
  4.0420e+05   1.31e-22
  4.1691e+05   1.26e-22
  4.3002e+05   1.22e-22
  4.4354e+05   1.17e-22
  4.5749e+05   1.13e-22
  4.7187e+05   1.09e-22
  4.8671e+05   1.05e-22
  5.0202e+05   1.01e-22
  5.1780e+05   9.73e-23
  5.3409e+05   9.37e-23
  5.5088e+05   9.01e-23
  5.6820e+05   8.66e-23
  5.8607e+05   8.33e-23
  6.0450e+05   8.00e-23
  6.2351e+05   7.69e-23
  6.4311e+05   7.39e-23
  6.6334e+05   7.09e-23
  6.8419e+05   6.81e-23
  7.0571e+05   6.54e-23
  7.2790e+05   6.27e-23
  7.5079e+05   6.02e-23
  7.7440e+05   5.77e-23
  7.9875e+05   5.53e-23
  8.2387e+05   5.31e-23
  8.4977e+05   5.09e-23
  8.7649e+05   4.88e-23
  9.0405e+05   4.68e-23
  9.3248e+05   4.49e-23
  9.6180e+05   4.30e-23
  9.9205e+05   4.12e-23
  1.0232e+06   3.95e-23
  1.0554e+06   3.79e-23
  1.0886e+06   3.63e-23
  1.1228e+06   3.48e-23
  1.1581e+06   3.34e-23
  1.1946e+06   3.20e-23
  1.2321e+06   3.07e-23
  1.2709e+06   2.95e-23
  1.3108e+06   2.83e-23
  1.3521e+06   2.71e-23
  1.3946e+06   2.60e-23
  1.4384e+06   2.49e-23
  1.4837e+06   2.39e-23
  1.5303e+06   2.29e-23
  1.5784e+06   2.19e-23
  1.6281e+06   2.10e-23
  1.6793e+06   2.01e-23
  1.7321e+06   1.93e-23
  1.7865e+06   1.85e-23
  1.8427e+06   1.77e-23
  1.9006e+06   1.69e-23
  1.9604e+06   1.62e-23
  2.0221e+06   1.55e-23
  2.0856e+06   1.48e-23
  2.1512e+06   1.41e-23
  2.2189e+06   1.35e-23
  2.2886e+06   1.29e-23
  2.3606e+06   1.23e-23
  2.4348e+06   1.17e-23
  2.5114e+06   1.11e-23
  2.5904e+06   1.06e-23
  2.6718e+06   1.01e-23
  2.7558e+06   9.55e-24
  2.8425e+06   9.05e-24
  2.9319e+06   8.57e-24
  3.0241e+06   8.09e-24
  3.1192e+06   7.63e-24
  3.2173e+06   7.19e-24
  3.3184e+06   6.77e-24
  3.4228e+06   6.36e-24
  3.5304e+06   5.96e-24
  3.6414e+06   5.58e-24
  3.7559e+06   5.21e-24
  3.8740e+06   4.86e-24
  3.9958e+06   4.52e-24
  4.1215e+06   4.20e-24
  4.2511e+06   3.88e-24
  4.3848e+06   3.59e-24
  4.5227e+06   3.30e-24
  4.6649e+06   3.04e-24
  4.8116e+06   2.78e-24
  4.9629e+06   2.54e-24
  5.1189e+06   2.31e-24
  5.2799e+06   2.10e-24
  5.4459e+06   1.89e-24
  5.6171e+06   1.70e-24
  5.7938e+06   1.52e-24
  5.9760e+06   1.36e-24
  6.1639e+06   1.21e-24
  6.3577e+06   1.06e-24
  6.5576e+06   9.34e-25
  6.7638e+06   8.18e-25
  6.9765e+06   7.11e-25
  7.1959e+06   6.14e-25
  7.4222e+06   5.27e-25
  7.6556e+06   4.52e-25
  7.8963e+06   3.84e-25
  8.1446e+06   3.23e-25
  8.4007e+06   2.70e-25
  8.6649e+06   2.25e-25
  8.9373e+06   1.85e-25
  9.2184e+06   1.50e-25
  9.5082e+06   1.22e-25
  9.8072e+06   9.82e-26
  1.0116e+07   7.78e-26
  1.0434e+07   6.06e-26
  1.0762e+07   4.78e-26
  1.1100e+07   3.71e-26
  1.1449e+07   2.83e-26
  1.1809e+07   2.13e-26
  1.2181e+07   1.63e-26
  1.2564e+07   1.22e-26
  1.2959e+07   8.96e-27
  1.3366e+07   6.64e-27
  1.3786e+07   4.96e-27
  1.4220e+07   3.63e-27
