#  E [GeV]   # per interaction  [GeV^{-1}]
  3.0000e+01   6.63e-01
  3.1141e+01   6.37e-01
  3.2326e+01   6.12e-01
  3.3556e+01   5.88e-01
  3.4832e+01   5.65e-01
  3.6157e+01   5.43e-01
  3.7533e+01   5.22e-01
  3.8961e+01   5.01e-01
  4.0443e+01   4.82e-01
  4.1982e+01   4.63e-01
  4.3579e+01   4.44e-01
  4.5237e+01   4.27e-01
  4.6958e+01   4.10e-01
  4.8744e+01   3.93e-01
  5.0598e+01   3.78e-01
  5.2523e+01   3.63e-01
  5.4521e+01   3.48e-01
  5.6596e+01   3.34e-01
  5.8749e+01   3.21e-01
  6.0984e+01   3.08e-01
  6.3304e+01   2.95e-01
  6.5712e+01   2.83e-01
  6.8212e+01   2.72e-01
  7.0807e+01   2.61e-01
  7.3500e+01   2.50e-01
  7.6297e+01   2.40e-01
  7.9199e+01   2.30e-01
  8.2212e+01   2.20e-01
  8.5340e+01   2.11e-01
  8.8586e+01   2.02e-01
  9.1956e+01   1.94e-01
  9.5455e+01   1.86e-01
  9.9086e+01   1.78e-01
  1.0286e+02   1.70e-01
  1.0677e+02   1.63e-01
  1.1083e+02   1.56e-01
  1.1505e+02   1.49e-01
  1.1942e+02   1.43e-01
  1.2397e+02   1.36e-01
  1.2868e+02   1.30e-01
  1.3358e+02   1.25e-01
  1.3866e+02   1.19e-01
  1.4394e+02   1.14e-01
  1.4941e+02   1.09e-01
  1.5509e+02   1.04e-01
  1.6100e+02   9.89e-02
  1.6712e+02   9.44e-02
  1.7348e+02   9.00e-02
  1.8008e+02   8.57e-02
  1.8693e+02   8.16e-02
  1.9404e+02   7.78e-02
  2.0142e+02   7.40e-02
  2.0908e+02   7.04e-02
  2.1704e+02   6.69e-02
  2.2529e+02   6.36e-02
  2.3387e+02   6.04e-02
  2.4276e+02   5.74e-02
  2.5200e+02   5.44e-02
  2.6158e+02   5.16e-02
  2.7154e+02   4.90e-02
  2.8187e+02   4.64e-02
  2.9259e+02   4.39e-02
  3.0372e+02   4.15e-02
  3.1527e+02   3.93e-02
  3.2727e+02   3.71e-02
  3.3972e+02   3.50e-02
  3.5264e+02   3.30e-02
  3.6606e+02   3.11e-02
  3.7998e+02   2.93e-02
  3.9444e+02   2.76e-02
  4.0945e+02   2.60e-02
  4.2502e+02   2.44e-02
  4.4119e+02   2.29e-02
  4.5798e+02   2.15e-02
  4.7540e+02   2.02e-02
  4.9348e+02   1.89e-02
  5.1226e+02   1.77e-02
  5.3175e+02   1.66e-02
  5.5198e+02   1.55e-02
  5.7297e+02   1.45e-02
  5.9477e+02   1.35e-02
  6.1740e+02   1.26e-02
  6.4089e+02   1.18e-02
  6.6527e+02   1.10e-02
  6.9058e+02   1.02e-02
  7.1685e+02   9.52e-03
  7.4412e+02   8.86e-03
  7.7243e+02   8.24e-03
  8.0181e+02   7.66e-03
  8.3232e+02   7.11e-03
  8.6398e+02   6.60e-03
  8.9685e+02   6.13e-03
  9.3097e+02   5.69e-03
  9.6638e+02   5.28e-03
  1.0031e+03   4.89e-03
  1.0413e+03   4.53e-03
  1.0809e+03   4.20e-03
  1.1220e+03   3.89e-03
  1.1647e+03   3.60e-03
  1.2090e+03   3.33e-03
  1.2550e+03   3.08e-03
  1.3028e+03   2.85e-03
  1.3523e+03   2.63e-03
  1.4038e+03   2.43e-03
  1.4572e+03   2.24e-03
  1.5126e+03   2.06e-03
  1.5702e+03   1.90e-03
  1.6299e+03   1.75e-03
  1.6919e+03   1.62e-03
  1.7563e+03   1.49e-03
  1.8231e+03   1.37e-03
  1.8925e+03   1.26e-03
  1.9645e+03   1.16e-03
  2.0392e+03   1.06e-03
  2.1168e+03   9.75e-04
  2.1973e+03   8.94e-04
  2.2809e+03   8.21e-04
  2.3677e+03   7.51e-04
  2.4577e+03   6.87e-04
  2.5512e+03   6.29e-04
  2.6483e+03   5.74e-04
  2.7490e+03   5.23e-04
  2.8536e+03   4.77e-04
  2.9622e+03   4.35e-04
  3.0749e+03   3.95e-04
  3.1918e+03   3.59e-04
  3.3133e+03   3.26e-04
  3.4393e+03   2.95e-04
  3.5702e+03   2.68e-04
  3.7060e+03   2.42e-04
  3.8470e+03   2.18e-04
  3.9933e+03   1.97e-04
  4.1452e+03   1.78e-04
  4.3029e+03   1.60e-04
  4.4666e+03   1.44e-04
  4.6366e+03   1.29e-04
  4.8129e+03   1.15e-04
  4.9960e+03   1.03e-04
  5.1861e+03   9.18e-05
  5.3834e+03   8.15e-05
  5.5882e+03   7.25e-05
  5.8008e+03   6.43e-05
  6.0215e+03   5.68e-05
  6.2506e+03   5.01e-05
  6.4883e+03   4.42e-05
  6.7352e+03   3.88e-05
  6.9914e+03   3.39e-05
  7.2574e+03   2.97e-05
  7.5335e+03   2.59e-05
  7.8201e+03   2.24e-05
  8.1176e+03   1.95e-05
  8.4264e+03   1.68e-05
  8.7470e+03   1.44e-05
  9.0797e+03   1.24e-05
  9.4251e+03   1.06e-05
  9.7837e+03   8.96e-06
  1.0156e+04   7.62e-06
  1.0542e+04   6.40e-06
  1.0943e+04   5.33e-06
  1.1360e+04   4.46e-06
  1.1792e+04   3.69e-06
  1.2240e+04   3.01e-06
  1.2706e+04   2.47e-06
  1.3189e+04   2.00e-06
  1.3691e+04   1.59e-06
  1.4212e+04   1.27e-06
  1.4753e+04   9.98e-07
  1.5314e+04   7.67e-07
  1.5897e+04   5.91e-07
  1.6501e+04   4.46e-07
  1.7129e+04   3.28e-07
  1.7781e+04   2.40e-07
  1.8457e+04   1.72e-07
  1.9159e+04   1.19e-07
  1.9888e+04   8.05e-08
  2.0645e+04   5.30e-08
  2.1430e+04   3.33e-08
  2.2245e+04   2.02e-08
  2.3092e+04   1.17e-08
  2.3970e+04   6.36e-09
  2.4882e+04   3.25e-09
  2.5829e+04   1.56e-09
  2.6811e+04   6.72e-10
  2.7831e+04   2.62e-10
  2.8890e+04   9.13e-11
  2.9989e+04   2.71e-11
  3.1130e+04   6.71e-12
  3.2314e+04   1.36e-12
  3.3544e+04   2.09e-13
  3.4820e+04   2.32e-14
  3.6144e+04   1.76e-15
  3.7519e+04   8.08e-17
  3.8947e+04   1.99e-18
  4.0428e+04   2.32e-20
  4.1966e+04   1.01e-22
  4.3563e+04   1.25e-25
  4.5220e+04   3.15e-29
  4.6941e+04   9.95e-34
  4.8726e+04   2.07e-39
  5.0580e+04   1.22e-46
