#  E [MeV]   Flux [# cm^{-2} s^{-1}  MeV^{-1}]
  3.0000e+04   1.87e-24
  3.0962e+04   1.80e-24
  3.1955e+04   1.74e-24
  3.2979e+04   1.68e-24
  3.4037e+04   1.62e-24
  3.5128e+04   1.56e-24
  3.6254e+04   1.51e-24
  3.7417e+04   1.45e-24
  3.8616e+04   1.40e-24
  3.9855e+04   1.35e-24
  4.1132e+04   1.30e-24
  4.2451e+04   1.26e-24
  4.3812e+04   1.21e-24
  4.5217e+04   1.17e-24
  4.6667e+04   1.12e-24
  4.8163e+04   1.08e-24
  4.9707e+04   1.04e-24
  5.1301e+04   1.01e-24
  5.2946e+04   9.68e-25
  5.4644e+04   9.31e-25
  5.6396e+04   8.96e-25
  5.8204e+04   8.62e-25
  6.0070e+04   8.30e-25
  6.1996e+04   7.98e-25
  6.3984e+04   7.67e-25
  6.6035e+04   7.38e-25
  6.8153e+04   7.09e-25
  7.0338e+04   6.81e-25
  7.2593e+04   6.55e-25
  7.4921e+04   6.29e-25
  7.7323e+04   6.04e-25
  7.9802e+04   5.80e-25
  8.2361e+04   5.56e-25
  8.5002e+04   5.34e-25
  8.7727e+04   5.12e-25
  9.0540e+04   4.91e-25
  9.3443e+04   4.71e-25
  9.6439e+04   4.52e-25
  9.9531e+04   4.33e-25
  1.0272e+05   4.15e-25
  1.0602e+05   3.97e-25
  1.0942e+05   3.81e-25
  1.1292e+05   3.64e-25
  1.1654e+05   3.49e-25
  1.2028e+05   3.34e-25
  1.2414e+05   3.19e-25
  1.2812e+05   3.05e-25
  1.3223e+05   2.92e-25
  1.3646e+05   2.79e-25
  1.4084e+05   2.66e-25
  1.4536e+05   2.54e-25
  1.5002e+05   2.43e-25
  1.5483e+05   2.32e-25
  1.5979e+05   2.21e-25
  1.6491e+05   2.11e-25
  1.7020e+05   2.01e-25
  1.7566e+05   1.92e-25
  1.8129e+05   1.83e-25
  1.8710e+05   1.74e-25
  1.9310e+05   1.66e-25
  1.9929e+05   1.58e-25
  2.0568e+05   1.50e-25
  2.1228e+05   1.43e-25
  2.1909e+05   1.36e-25
  2.2611e+05   1.29e-25
  2.3336e+05   1.23e-25
  2.4084e+05   1.17e-25
  2.4856e+05   1.11e-25
  2.5653e+05   1.05e-25
  2.6476e+05   1.00e-25
  2.7325e+05   9.49e-26
  2.8201e+05   9.00e-26
  2.9105e+05   8.53e-26
  3.0038e+05   8.09e-26
  3.1002e+05   7.66e-26
  3.1996e+05   7.26e-26
  3.3021e+05   6.87e-26
  3.4080e+05   6.51e-26
  3.5173e+05   6.15e-26
  3.6301e+05   5.82e-26
  3.7465e+05   5.50e-26
  3.8666e+05   5.20e-26
  3.9905e+05   4.91e-26
  4.1185e+05   4.64e-26
  4.2506e+05   4.38e-26
  4.3868e+05   4.13e-26
  4.5275e+05   3.89e-26
  4.6727e+05   3.67e-26
  4.8225e+05   3.46e-26
  4.9771e+05   3.25e-26
  5.1367e+05   3.06e-26
  5.3014e+05   2.88e-26
  5.4714e+05   2.71e-26
  5.6468e+05   2.55e-26
  5.8278e+05   2.40e-26
  6.0147e+05   2.25e-26
  6.2075e+05   2.11e-26
  6.4066e+05   1.98e-26
  6.6120e+05   1.86e-26
  6.8240e+05   1.74e-26
  7.0428e+05   1.63e-26
  7.2686e+05   1.53e-26
  7.5017e+05   1.44e-26
  7.7422e+05   1.34e-26
  7.9904e+05   1.26e-26
  8.2466e+05   1.18e-26
  8.5110e+05   1.10e-26
  8.7839e+05   1.03e-26
  9.0656e+05   9.58e-27
  9.3562e+05   8.94e-27
  9.6562e+05   8.34e-27
  9.9658e+05   7.77e-27
  1.0285e+06   7.26e-27
  1.0615e+06   6.77e-27
  1.0956e+06   6.30e-27
  1.1307e+06   5.87e-27
  1.1669e+06   5.46e-27
  1.2043e+06   5.08e-27
  1.2430e+06   4.72e-27
  1.2828e+06   4.39e-27
  1.3239e+06   4.07e-27
  1.3664e+06   3.77e-27
  1.4102e+06   3.49e-27
  1.4554e+06   3.25e-27
  1.5021e+06   3.01e-27
  1.5502e+06   2.78e-27
  1.6000e+06   2.58e-27
  1.6513e+06   2.39e-27
  1.7042e+06   2.21e-27
  1.7588e+06   2.04e-27
  1.8152e+06   1.88e-27
  1.8734e+06   1.74e-27
  1.9335e+06   1.60e-27
  1.9955e+06   1.48e-27
  2.0595e+06   1.36e-27
  2.1255e+06   1.25e-27
  2.1937e+06   1.15e-27
  2.2640e+06   1.06e-27
  2.3366e+06   9.76e-28
  2.4115e+06   8.97e-28
  2.4888e+06   8.21e-28
  2.5686e+06   7.55e-28
  2.6510e+06   6.93e-28
  2.7360e+06   6.35e-28
  2.8237e+06   5.80e-28
  2.9142e+06   5.33e-28
  3.0077e+06   4.88e-28
  3.1041e+06   4.45e-28
  3.2036e+06   4.07e-28
  3.3064e+06   3.73e-28
  3.4124e+06   3.40e-28
  3.5218e+06   3.09e-28
  3.6347e+06   2.83e-28
  3.7512e+06   2.58e-28
  3.8715e+06   2.34e-28
  3.9957e+06   2.13e-28
  4.1238e+06   1.95e-28
  4.2560e+06   1.77e-28
  4.3924e+06   1.61e-28
  4.5333e+06   1.47e-28
  4.6786e+06   1.34e-28
  4.8286e+06   1.22e-28
  4.9835e+06   1.10e-28
  5.1433e+06   1.01e-28
  5.3082e+06   9.24e-29
  5.4784e+06   8.41e-29
  5.6540e+06   7.67e-29
  5.8353e+06   7.04e-29
  6.0224e+06   6.44e-29
  6.2155e+06   5.87e-29
  6.4148e+06   5.41e-29
  6.6205e+06   5.00e-29
  6.8327e+06   4.60e-29
  7.0518e+06   4.24e-29
  7.2779e+06   3.95e-29
  7.5113e+06   3.68e-29
  7.7521e+06   3.43e-29
  8.0007e+06   3.21e-29
  8.2572e+06   3.03e-29
  8.5219e+06   2.86e-29
  8.7952e+06   2.69e-29
  9.0772e+06   2.57e-29
  9.3682e+06   2.46e-29
  9.6686e+06   2.35e-29
  9.9786e+06   2.25e-29
  1.0299e+07   2.21e-29
  1.0629e+07   2.16e-29
  1.0970e+07   2.12e-29
  1.1321e+07   2.10e-29
  1.1684e+07   2.12e-29
  1.2059e+07   2.13e-29
  1.2446e+07   2.14e-29
  1.2845e+07   2.26e-29
  1.3256e+07   2.40e-29
  1.3681e+07   2.52e-29
  1.4120e+07   2.70e-29
  1.4573e+07   3.26e-29
  1.5040e+07   3.75e-29
  1.5522e+07   4.17e-29
  1.6020e+07   4.39e-29
