#  E [MeV]   Flux [# cm^{-2} s^{-1}  MeV^{-1}]
  3.0000e+04   6.67e-20
  3.0675e+04   6.46e-20
  3.1366e+04   6.25e-20
  3.2072e+04   6.04e-20
  3.2794e+04   5.85e-20
  3.3533e+04   5.66e-20
  3.4288e+04   5.47e-20
  3.5060e+04   5.29e-20
  3.5849e+04   5.11e-20
  3.6656e+04   4.94e-20
  3.7482e+04   4.78e-20
  3.8326e+04   4.62e-20
  3.9188e+04   4.46e-20
  4.0071e+04   4.31e-20
  4.0973e+04   4.16e-20
  4.1896e+04   4.02e-20
  4.2839e+04   3.88e-20
  4.3803e+04   3.75e-20
  4.4790e+04   3.62e-20
  4.5798e+04   3.49e-20
  4.6829e+04   3.37e-20
  4.7884e+04   3.25e-20
  4.8962e+04   3.13e-20
  5.0064e+04   3.02e-20
  5.1191e+04   2.91e-20
  5.2344e+04   2.81e-20
  5.3522e+04   2.71e-20
  5.4727e+04   2.61e-20
  5.5960e+04   2.51e-20
  5.7219e+04   2.42e-20
  5.8508e+04   2.33e-20
  5.9825e+04   2.25e-20
  6.1172e+04   2.16e-20
  6.2549e+04   2.08e-20
  6.3958e+04   2.00e-20
  6.5398e+04   1.93e-20
  6.6870e+04   1.85e-20
  6.8376e+04   1.78e-20
  6.9915e+04   1.71e-20
  7.1489e+04   1.65e-20
  7.3099e+04   1.58e-20
  7.4745e+04   1.52e-20
  7.6428e+04   1.46e-20
  7.8148e+04   1.41e-20
  7.9908e+04   1.35e-20
  8.1707e+04   1.30e-20
  8.3547e+04   1.24e-20
  8.5428e+04   1.19e-20
  8.7351e+04   1.15e-20
  8.9318e+04   1.10e-20
  9.1329e+04   1.06e-20
  9.3385e+04   1.01e-20
  9.5488e+04   9.70e-21
  9.7638e+04   9.30e-21
  9.9836e+04   8.92e-21
  1.0208e+05   8.54e-21
  1.0438e+05   8.18e-21
  1.0673e+05   7.83e-21
  1.0914e+05   7.50e-21
  1.1159e+05   7.19e-21
  1.1411e+05   6.88e-21
  1.1667e+05   6.58e-21
  1.1930e+05   6.29e-21
  1.2199e+05   6.02e-21
  1.2473e+05   5.75e-21
  1.2754e+05   5.50e-21
  1.3041e+05   5.25e-21
  1.3335e+05   5.01e-21
  1.3635e+05   4.79e-21
  1.3942e+05   4.57e-21
  1.4256e+05   4.37e-21
  1.4577e+05   4.16e-21
  1.4905e+05   3.97e-21
  1.5241e+05   3.79e-21
  1.5584e+05   3.61e-21
  1.5935e+05   3.44e-21
  1.6294e+05   3.28e-21
  1.6661e+05   3.12e-21
  1.7036e+05   2.97e-21
  1.7419e+05   2.83e-21
  1.7812e+05   2.69e-21
  1.8213e+05   2.56e-21
  1.8623e+05   2.44e-21
  1.9042e+05   2.31e-21
  1.9471e+05   2.20e-21
  1.9909e+05   2.09e-21
  2.0357e+05   1.99e-21
  2.0816e+05   1.88e-21
  2.1284e+05   1.79e-21
  2.1763e+05   1.70e-21
  2.2253e+05   1.61e-21
  2.2755e+05   1.52e-21
  2.3267e+05   1.44e-21
  2.3791e+05   1.37e-21
  2.4326e+05   1.29e-21
  2.4874e+05   1.22e-21
  2.5434e+05   1.16e-21
  2.6007e+05   1.09e-21
  2.6592e+05   1.03e-21
  2.7191e+05   9.76e-22
  2.7803e+05   9.22e-22
  2.8429e+05   8.70e-22
  2.9069e+05   8.20e-22
  2.9724e+05   7.72e-22
  3.0393e+05   7.28e-22
  3.1077e+05   6.86e-22
  3.1777e+05   6.46e-22
  3.2493e+05   6.08e-22
  3.3224e+05   5.71e-22
  3.3972e+05   5.36e-22
  3.4737e+05   5.04e-22
  3.5519e+05   4.74e-22
  3.6319e+05   4.45e-22
  3.7137e+05   4.17e-22
  3.7973e+05   3.90e-22
  3.8828e+05   3.66e-22
  3.9702e+05   3.43e-22
  4.0596e+05   3.21e-22
  4.1510e+05   3.00e-22
  4.2444e+05   2.80e-22
  4.3400e+05   2.62e-22
  4.4377e+05   2.45e-22
  4.5376e+05   2.29e-22
  4.6398e+05   2.14e-22
  4.7443e+05   1.99e-22
  4.8511e+05   1.85e-22
  4.9603e+05   1.73e-22
  5.0720e+05   1.61e-22
  5.1862e+05   1.50e-22
  5.3030e+05   1.39e-22
  5.4224e+05   1.29e-22
  5.5444e+05   1.20e-22
  5.6693e+05   1.12e-22
  5.7969e+05   1.03e-22
  5.9274e+05   9.57e-23
  6.0609e+05   8.87e-23
  6.1974e+05   8.25e-23
  6.3369e+05   7.65e-23
  6.4796e+05   7.08e-23
  6.6255e+05   6.54e-23
  6.7746e+05   6.04e-23
  6.9272e+05   5.61e-23
  7.0831e+05   5.20e-23
  7.2426e+05   4.81e-23
  7.4057e+05   4.44e-23
  7.5724e+05   4.09e-23
  7.7429e+05   3.80e-23
  7.9172e+05   3.52e-23
  8.0955e+05   3.25e-23
  8.2778e+05   3.00e-23
  8.4641e+05   2.76e-23
  8.6547e+05   2.56e-23
  8.8496e+05   2.38e-23
  9.0488e+05   2.20e-23
  9.2526e+05   2.03e-23
  9.4609e+05   1.87e-23
  9.6739e+05   1.74e-23
  9.8917e+05   1.62e-23
  1.0114e+06   1.51e-23
  1.0342e+06   1.40e-23
  1.0575e+06   1.30e-23
  1.0813e+06   1.21e-23
  1.1057e+06   1.13e-23
  1.1305e+06   1.06e-23
  1.1560e+06   9.93e-24
  1.1820e+06   9.27e-24
  1.2086e+06   8.70e-24
  1.2359e+06   8.23e-24
  1.2637e+06   7.78e-24
  1.2921e+06   7.36e-24
  1.3212e+06   6.95e-24
  1.3510e+06   6.58e-24
  1.3814e+06   6.29e-24
  1.4125e+06   6.01e-24
  1.4443e+06   5.75e-24
  1.4768e+06   5.49e-24
  1.5101e+06   5.26e-24
  1.5441e+06   5.13e-24
  1.5788e+06   5.00e-24
  1.6144e+06   4.87e-24
  1.6507e+06   4.75e-24
  1.6879e+06   4.63e-24
  1.7259e+06   4.61e-24
  1.7648e+06   4.59e-24
  1.8045e+06   4.57e-24
  1.8451e+06   4.55e-24
  1.8867e+06   4.53e-24
  1.9291e+06   4.64e-24
  1.9726e+06   4.78e-24
  2.0170e+06   4.91e-24
  2.0624e+06   5.04e-24
  2.1088e+06   5.15e-24
  2.1563e+06   5.31e-24
  2.2049e+06   5.50e-24
  2.2545e+06   5.67e-24
  2.3053e+06   5.83e-24
  2.3572e+06   5.98e-24
  2.4102e+06   5.52e-24
  2.4645e+06   4.26e-24
  2.5200e+06   3.06e-24
