#  E [GeV]   # per interaction  [GeV^{-1}]
  3.0000e+01   3.55e-01
  3.0696e+01   3.42e-01
  3.1408e+01   3.30e-01
  3.2137e+01   3.18e-01
  3.2883e+01   3.06e-01
  3.3646e+01   2.95e-01
  3.4426e+01   2.84e-01
  3.5225e+01   2.73e-01
  3.6042e+01   2.63e-01
  3.6878e+01   2.53e-01
  3.7734e+01   2.44e-01
  3.8609e+01   2.34e-01
  3.9505e+01   2.25e-01
  4.0422e+01   2.17e-01
  4.1360e+01   2.09e-01
  4.2319e+01   2.01e-01
  4.3301e+01   1.93e-01
  4.4306e+01   1.85e-01
  4.5334e+01   1.78e-01
  4.6386e+01   1.71e-01
  4.7462e+01   1.64e-01
  4.8563e+01   1.58e-01
  4.9690e+01   1.51e-01
  5.0843e+01   1.45e-01
  5.2022e+01   1.40e-01
  5.3229e+01   1.34e-01
  5.4464e+01   1.28e-01
  5.5728e+01   1.23e-01
  5.7021e+01   1.18e-01
  5.8344e+01   1.13e-01
  5.9697e+01   1.08e-01
  6.1083e+01   1.04e-01
  6.2500e+01   9.96e-02
  6.3950e+01   9.54e-02
  6.5434e+01   9.13e-02
  6.6952e+01   8.74e-02
  6.8505e+01   8.36e-02
  7.0095e+01   8.00e-02
  7.1721e+01   7.64e-02
  7.3385e+01   7.31e-02
  7.5088e+01   6.98e-02
  7.6830e+01   6.66e-02
  7.8612e+01   6.37e-02
  8.0436e+01   6.08e-02
  8.2302e+01   5.80e-02
  8.4212e+01   5.53e-02
  8.6166e+01   5.27e-02
  8.8165e+01   5.03e-02
  9.0210e+01   4.80e-02
  9.2304e+01   4.57e-02
  9.4445e+01   4.35e-02
  9.6636e+01   4.14e-02
  9.8878e+01   3.95e-02
  1.0117e+02   3.76e-02
  1.0352e+02   3.57e-02
  1.0592e+02   3.40e-02
  1.0838e+02   3.23e-02
  1.1089e+02   3.07e-02
  1.1347e+02   2.92e-02
  1.1610e+02   2.77e-02
  1.1879e+02   2.63e-02
  1.2155e+02   2.49e-02
  1.2437e+02   2.37e-02
  1.2725e+02   2.25e-02
  1.3021e+02   2.13e-02
  1.3323e+02   2.02e-02
  1.3632e+02   1.91e-02
  1.3948e+02   1.81e-02
  1.4272e+02   1.71e-02
  1.4603e+02   1.62e-02
  1.4942e+02   1.53e-02
  1.5288e+02   1.44e-02
  1.5643e+02   1.36e-02
  1.6006e+02   1.29e-02
  1.6377e+02   1.21e-02
  1.6757e+02   1.14e-02
  1.7146e+02   1.07e-02
  1.7544e+02   1.01e-02
  1.7951e+02   9.55e-03
  1.8368e+02   8.99e-03
  1.8794e+02   8.45e-03
  1.9230e+02   7.92e-03
  1.9676e+02   7.46e-03
  2.0132e+02   7.01e-03
  2.0600e+02   6.58e-03
  2.1078e+02   6.17e-03
  2.1567e+02   5.77e-03
  2.2067e+02   5.42e-03
  2.2579e+02   5.08e-03
  2.3103e+02   4.75e-03
  2.3639e+02   4.44e-03
  2.4187e+02   4.14e-03
  2.4748e+02   3.88e-03
  2.5323e+02   3.63e-03
  2.5910e+02   3.39e-03
  2.6511e+02   3.15e-03
  2.7126e+02   2.93e-03
  2.7756e+02   2.74e-03
  2.8400e+02   2.55e-03
  2.9059e+02   2.37e-03
  2.9733e+02   2.20e-03
  3.0423e+02   2.04e-03
  3.1129e+02   1.90e-03
  3.1851e+02   1.76e-03
  3.2590e+02   1.63e-03
  3.3346e+02   1.51e-03
  3.4120e+02   1.39e-03
  3.4911e+02   1.29e-03
  3.5721e+02   1.20e-03
  3.6550e+02   1.11e-03
  3.7398e+02   1.02e-03
  3.8266e+02   9.38e-04
  3.9154e+02   8.67e-04
  4.0062e+02   8.01e-04
  4.0991e+02   7.38e-04
  4.1943e+02   6.78e-04
  4.2916e+02   6.20e-04
  4.3911e+02   5.72e-04
  4.4930e+02   5.27e-04
  4.5973e+02   4.84e-04
  4.7039e+02   4.43e-04
  4.8131e+02   4.04e-04
  4.9247e+02   3.71e-04
  5.0390e+02   3.41e-04
  5.1559e+02   3.12e-04
  5.2755e+02   2.85e-04
  5.3979e+02   2.59e-04
  5.5232e+02   2.37e-04
  5.6513e+02   2.17e-04
  5.7824e+02   1.98e-04
  5.9166e+02   1.80e-04
  6.0539e+02   1.62e-04
  6.1943e+02   1.48e-04
  6.3381e+02   1.35e-04
  6.4851e+02   1.23e-04
  6.6356e+02   1.12e-04
  6.7895e+02   1.01e-04
  6.9471e+02   9.16e-05
  7.1082e+02   8.35e-05
  7.2732e+02   7.58e-05
  7.4419e+02   6.85e-05
  7.6146e+02   6.17e-05
  7.7912e+02   5.60e-05
  7.9720e+02   5.10e-05
  8.1570e+02   4.62e-05
  8.3462e+02   4.17e-05
  8.5399e+02   3.75e-05
  8.7380e+02   3.40e-05
  8.9407e+02   3.10e-05
  9.1482e+02   2.81e-05
  9.3604e+02   2.53e-05
  9.5776e+02   2.27e-05
  9.7998e+02   2.06e-05
  1.0027e+03   1.88e-05
  1.0260e+03   1.70e-05
  1.0498e+03   1.54e-05
  1.0741e+03   1.38e-05
  1.0991e+03   1.26e-05
  1.1246e+03   1.15e-05
  1.1507e+03   1.05e-05
  1.1774e+03   9.47e-06
  1.2047e+03   8.55e-06
  1.2326e+03   7.80e-06
  1.2612e+03   7.16e-06
  1.2905e+03   6.55e-06
  1.3204e+03   5.97e-06
  1.3511e+03   5.42e-06
  1.3824e+03   4.97e-06
  1.4145e+03   4.59e-06
  1.4473e+03   4.22e-06
  1.4809e+03   3.88e-06
  1.5152e+03   3.55e-06
  1.5504e+03   3.27e-06
  1.5864e+03   3.03e-06
  1.6232e+03   2.81e-06
  1.6608e+03   2.59e-06
  1.6994e+03   2.39e-06
  1.7388e+03   2.21e-06
  1.7791e+03   2.07e-06
  1.8204e+03   1.92e-06
  1.8626e+03   1.79e-06
  1.9059e+03   1.66e-06
  1.9501e+03   1.55e-06
  1.9953e+03   1.45e-06
  2.0416e+03   1.35e-06
  2.0890e+03   1.26e-06
  2.1375e+03   1.17e-06
  2.1870e+03   1.09e-06
  2.2378e+03   1.02e-06
  2.2897e+03   9.51e-07
  2.3428e+03   8.86e-07
  2.3972e+03   8.23e-07
  2.4528e+03   7.64e-07
  2.5097e+03   7.09e-07
  2.5680e+03   6.56e-07
  2.6275e+03   6.05e-07
  2.6885e+03   5.56e-07
  2.7509e+03   5.17e-07
  2.8147e+03   4.85e-07
  2.8800e+03   4.55e-07
