#  E [GeV]   # per interaction  [GeV^{-1}]
  3.0000e+01   1.46e-02
  3.0872e+01   1.41e-02
  3.1770e+01   1.36e-02
  3.2694e+01   1.31e-02
  3.3644e+01   1.26e-02
  3.4623e+01   1.22e-02
  3.5629e+01   1.17e-02
  3.6665e+01   1.13e-02
  3.7731e+01   1.09e-02
  3.8829e+01   1.05e-02
  3.9958e+01   1.01e-02
  4.1119e+01   9.68e-03
  4.2315e+01   9.32e-03
  4.3545e+01   8.96e-03
  4.4812e+01   8.62e-03
  4.6115e+01   8.29e-03
  4.7456e+01   7.97e-03
  4.8835e+01   7.67e-03
  5.0255e+01   7.37e-03
  5.1717e+01   7.09e-03
  5.3220e+01   6.81e-03
  5.4768e+01   6.54e-03
  5.6360e+01   6.29e-03
  5.7999e+01   6.04e-03
  5.9686e+01   5.80e-03
  6.1421e+01   5.57e-03
  6.3207e+01   5.35e-03
  6.5045e+01   5.13e-03
  6.6936e+01   4.93e-03
  6.8882e+01   4.73e-03
  7.0885e+01   4.54e-03
  7.2947e+01   4.36e-03
  7.5068e+01   4.18e-03
  7.7250e+01   4.01e-03
  7.9496e+01   3.85e-03
  8.1808e+01   3.69e-03
  8.4187e+01   3.54e-03
  8.6635e+01   3.39e-03
  8.9154e+01   3.25e-03
  9.1746e+01   3.12e-03
  9.4414e+01   2.99e-03
  9.7159e+01   2.87e-03
  9.9984e+01   2.75e-03
  1.0289e+02   2.63e-03
  1.0588e+02   2.52e-03
  1.0896e+02   2.41e-03
  1.1213e+02   2.31e-03
  1.1539e+02   2.22e-03
  1.1875e+02   2.12e-03
  1.2220e+02   2.03e-03
  1.2575e+02   1.95e-03
  1.2941e+02   1.86e-03
  1.3317e+02   1.78e-03
  1.3704e+02   1.71e-03
  1.4103e+02   1.63e-03
  1.4513e+02   1.56e-03
  1.4935e+02   1.50e-03
  1.5369e+02   1.43e-03
  1.5816e+02   1.37e-03
  1.6276e+02   1.31e-03
  1.6749e+02   1.25e-03
  1.7236e+02   1.20e-03
  1.7737e+02   1.15e-03
  1.8253e+02   1.10e-03
  1.8784e+02   1.05e-03
  1.9330e+02   1.00e-03
  1.9892e+02   9.57e-04
  2.0470e+02   9.14e-04
  2.1066e+02   8.73e-04
  2.1678e+02   8.34e-04
  2.2309e+02   7.97e-04
  2.2957e+02   7.62e-04
  2.3625e+02   7.27e-04
  2.4312e+02   6.95e-04
  2.5019e+02   6.63e-04
  2.5746e+02   6.33e-04
  2.6495e+02   6.04e-04
  2.7265e+02   5.77e-04
  2.8058e+02   5.51e-04
  2.8874e+02   5.25e-04
  2.9713e+02   5.01e-04
  3.0577e+02   4.78e-04
  3.1466e+02   4.56e-04
  3.2381e+02   4.34e-04
  3.3323e+02   4.14e-04
  3.4292e+02   3.95e-04
  3.5289e+02   3.76e-04
  3.6315e+02   3.58e-04
  3.7371e+02   3.41e-04
  3.8457e+02   3.25e-04
  3.9576e+02   3.10e-04
  4.0726e+02   2.95e-04
  4.1911e+02   2.81e-04
  4.3129e+02   2.67e-04
  4.4383e+02   2.55e-04
  4.5674e+02   2.42e-04
  4.7002e+02   2.31e-04
  4.8368e+02   2.20e-04
  4.9775e+02   2.09e-04
  5.1222e+02   1.99e-04
  5.2712e+02   1.89e-04
  5.4244e+02   1.80e-04
  5.5821e+02   1.71e-04
  5.7445e+02   1.63e-04
  5.9115e+02   1.55e-04
  6.0834e+02   1.48e-04
  6.2603e+02   1.40e-04
  6.4423e+02   1.34e-04
  6.6296e+02   1.27e-04
  6.8224e+02   1.21e-04
  7.0208e+02   1.15e-04
  7.2249e+02   1.10e-04
  7.4350e+02   1.04e-04
  7.6512e+02   9.92e-05
  7.8736e+02   9.45e-05
  8.1026e+02   8.99e-05
  8.3382e+02   8.56e-05
  8.5806e+02   8.15e-05
  8.8301e+02   7.76e-05
  9.0869e+02   7.39e-05
  9.3511e+02   7.04e-05
  9.6230e+02   6.70e-05
  9.9028e+02   6.39e-05
  1.0191e+03   6.09e-05
  1.0487e+03   5.81e-05
  1.0792e+03   5.54e-05
  1.1106e+03   5.28e-05
  1.1429e+03   5.04e-05
  1.1761e+03   4.81e-05
  1.2103e+03   4.60e-05
  1.2455e+03   4.39e-05
  1.2817e+03   4.20e-05
  1.3190e+03   4.01e-05
  1.3573e+03   3.84e-05
  1.3968e+03   3.67e-05
  1.4374e+03   3.51e-05
  1.4792e+03   3.36e-05
  1.5222e+03   3.22e-05
  1.5665e+03   3.08e-05
  1.6120e+03   2.95e-05
  1.6589e+03   2.83e-05
  1.7071e+03   2.71e-05
  1.7568e+03   2.59e-05
  1.8079e+03   2.48e-05
  1.8604e+03   2.38e-05
  1.9145e+03   2.28e-05
  1.9702e+03   2.18e-05
  2.0275e+03   2.09e-05
  2.0864e+03   2.00e-05
  2.1471e+03   1.92e-05
  2.2095e+03   1.84e-05
  2.2738e+03   1.76e-05
  2.3399e+03   1.68e-05
  2.4079e+03   1.61e-05
  2.4779e+03   1.54e-05
  2.5500e+03   1.48e-05
  2.6241e+03   1.42e-05
  2.7004e+03   1.36e-05
  2.7790e+03   1.30e-05
  2.8598e+03   1.24e-05
  2.9429e+03   1.19e-05
  3.0285e+03   1.14e-05
  3.1165e+03   1.09e-05
  3.2072e+03   1.04e-05
  3.3004e+03   9.93e-06
  3.3964e+03   9.48e-06
  3.4951e+03   9.05e-06
  3.5968e+03   8.63e-06
  3.7013e+03   8.23e-06
  3.8090e+03   7.84e-06
  3.9197e+03   7.47e-06
  4.0337e+03   7.10e-06
  4.1510e+03   6.76e-06
  4.2717e+03   6.42e-06
  4.3959e+03   6.10e-06
  4.5237e+03   5.79e-06
  4.6552e+03   5.49e-06
  4.7906e+03   5.20e-06
  4.9299e+03   4.93e-06
  5.0732e+03   4.66e-06
  5.2208e+03   4.41e-06
  5.3726e+03   4.16e-06
  5.5288e+03   3.93e-06
  5.6895e+03   3.70e-06
  5.8550e+03   3.48e-06
  6.0252e+03   3.27e-06
  6.2004e+03   3.07e-06
  6.3807e+03   2.87e-06
  6.5662e+03   2.69e-06
  6.7572e+03   2.51e-06
  6.9536e+03   2.34e-06
  7.1558e+03   2.18e-06
  7.3639e+03   2.03e-06
  7.5780e+03   1.88e-06
  7.7984e+03   1.74e-06
  8.0251e+03   1.60e-06
  8.2585e+03   1.48e-06
  8.4986e+03   1.35e-06
  8.7457e+03   1.25e-06
  9.0000e+03   1.14e-06
