#  E [MeV]   Flux [# cm^{-2} s^{-1}  MeV^{-1}]
  3.0000e+04   4.88e-19
  3.0675e+04   4.70e-19
  3.1366e+04   4.53e-19
  3.2072e+04   4.37e-19
  3.2794e+04   4.21e-19
  3.3533e+04   4.05e-19
  3.4288e+04   3.90e-19
  3.5060e+04   3.76e-19
  3.5849e+04   3.62e-19
  3.6656e+04   3.48e-19
  3.7482e+04   3.35e-19
  3.8326e+04   3.23e-19
  3.9188e+04   3.11e-19
  4.0071e+04   2.99e-19
  4.0973e+04   2.87e-19
  4.1896e+04   2.76e-19
  4.2839e+04   2.66e-19
  4.3803e+04   2.55e-19
  4.4790e+04   2.46e-19
  4.5798e+04   2.36e-19
  4.6829e+04   2.27e-19
  4.7884e+04   2.18e-19
  4.8962e+04   2.09e-19
  5.0064e+04   2.01e-19
  5.1191e+04   1.93e-19
  5.2344e+04   1.85e-19
  5.3522e+04   1.77e-19
  5.4727e+04   1.70e-19
  5.5960e+04   1.63e-19
  5.7219e+04   1.56e-19
  5.8508e+04   1.50e-19
  5.9825e+04   1.44e-19
  6.1172e+04   1.38e-19
  6.2549e+04   1.32e-19
  6.3958e+04   1.26e-19
  6.5398e+04   1.21e-19
  6.6870e+04   1.15e-19
  6.8376e+04   1.10e-19
  6.9915e+04   1.06e-19
  7.1489e+04   1.01e-19
  7.3099e+04   9.64e-20
  7.4745e+04   9.20e-20
  7.6428e+04   8.79e-20
  7.8148e+04   8.40e-20
  7.9908e+04   8.01e-20
  8.1707e+04   7.65e-20
  8.3547e+04   7.29e-20
  8.5428e+04   6.95e-20
  8.7351e+04   6.63e-20
  8.9318e+04   6.32e-20
  9.1329e+04   6.02e-20
  9.3385e+04   5.73e-20
  9.5488e+04   5.46e-20
  9.7638e+04   5.20e-20
  9.9836e+04   4.95e-20
  1.0208e+05   4.70e-20
  1.0438e+05   4.47e-20
  1.0673e+05   4.25e-20
  1.0914e+05   4.04e-20
  1.1159e+05   3.84e-20
  1.1411e+05   3.64e-20
  1.1667e+05   3.46e-20
  1.1930e+05   3.28e-20
  1.2199e+05   3.11e-20
  1.2473e+05   2.95e-20
  1.2754e+05   2.79e-20
  1.3041e+05   2.64e-20
  1.3335e+05   2.50e-20
  1.3635e+05   2.36e-20
  1.3942e+05   2.24e-20
  1.4256e+05   2.11e-20
  1.4577e+05   2.00e-20
  1.4905e+05   1.88e-20
  1.5241e+05   1.78e-20
  1.5584e+05   1.68e-20
  1.5935e+05   1.58e-20
  1.6294e+05   1.49e-20
  1.6661e+05   1.40e-20
  1.7036e+05   1.32e-20
  1.7419e+05   1.25e-20
  1.7812e+05   1.17e-20
  1.8213e+05   1.10e-20
  1.8623e+05   1.04e-20
  1.9042e+05   9.73e-21
  1.9471e+05   9.15e-21
  1.9909e+05   8.59e-21
  2.0357e+05   8.06e-21
  2.0816e+05   7.54e-21
  2.1284e+05   7.06e-21
  2.1763e+05   6.62e-21
  2.2253e+05   6.21e-21
  2.2755e+05   5.80e-21
  2.3267e+05   5.42e-21
  2.3791e+05   5.05e-21
  2.4326e+05   4.73e-21
  2.4874e+05   4.42e-21
  2.5434e+05   4.12e-21
  2.6007e+05   3.83e-21
  2.6592e+05   3.56e-21
  2.7191e+05   3.32e-21
  2.7803e+05   3.10e-21
  2.8429e+05   2.88e-21
  2.9069e+05   2.67e-21
  2.9724e+05   2.47e-21
  3.0393e+05   2.30e-21
  3.1077e+05   2.13e-21
  3.1777e+05   1.98e-21
  3.2493e+05   1.83e-21
  3.3224e+05   1.69e-21
  3.3972e+05   1.56e-21
  3.4737e+05   1.45e-21
  3.5519e+05   1.34e-21
  3.6319e+05   1.23e-21
  3.7137e+05   1.13e-21
  3.7973e+05   1.05e-21
  3.8828e+05   9.67e-22
  3.9702e+05   8.91e-22
  4.0596e+05   8.20e-22
  4.1510e+05   7.51e-22
  4.2444e+05   6.88e-22
  4.3400e+05   6.35e-22
  4.4377e+05   5.84e-22
  4.5376e+05   5.35e-22
  4.6398e+05   4.89e-22
  4.7443e+05   4.46e-22
  4.8511e+05   4.10e-22
  4.9603e+05   3.76e-22
  5.0720e+05   3.44e-22
  5.1862e+05   3.13e-22
  5.3030e+05   2.83e-22
  5.4224e+05   2.60e-22
  5.5444e+05   2.38e-22
  5.6693e+05   2.17e-22
  5.7969e+05   1.97e-22
  5.9274e+05   1.78e-22
  6.0609e+05   1.63e-22
  6.1974e+05   1.49e-22
  6.3369e+05   1.35e-22
  6.4796e+05   1.23e-22
  6.6255e+05   1.11e-22
  6.7746e+05   1.00e-22
  6.9272e+05   9.17e-23
  7.0831e+05   8.34e-23
  7.2426e+05   7.55e-23
  7.4057e+05   6.80e-23
  7.5724e+05   6.15e-23
  7.7429e+05   5.61e-23
  7.9172e+05   5.10e-23
  8.0955e+05   4.62e-23
  8.2778e+05   4.16e-23
  8.4641e+05   3.75e-23
  8.6547e+05   3.42e-23
  8.8496e+05   3.11e-23
  9.0488e+05   2.82e-23
  9.2526e+05   2.54e-23
  9.4609e+05   2.29e-23
  9.6739e+05   2.10e-23
  9.8917e+05   1.91e-23
  1.0114e+06   1.74e-23
  1.0342e+06   1.57e-23
  1.0575e+06   1.42e-23
  1.0813e+06   1.30e-23
  1.1057e+06   1.20e-23
  1.1305e+06   1.09e-23
  1.1560e+06   9.95e-24
  1.1820e+06   9.03e-24
  1.2086e+06   8.31e-24
  1.2359e+06   7.66e-24
  1.2637e+06   7.05e-24
  1.2921e+06   6.46e-24
  1.3212e+06   5.91e-24
  1.3510e+06   5.45e-24
  1.3814e+06   5.05e-24
  1.4125e+06   4.67e-24
  1.4443e+06   4.31e-24
  1.4768e+06   3.97e-24
  1.5101e+06   3.67e-24
  1.5441e+06   3.42e-24
  1.5788e+06   3.19e-24
  1.6144e+06   2.96e-24
  1.6507e+06   2.75e-24
  1.6879e+06   2.55e-24
  1.7259e+06   2.39e-24
  1.7648e+06   2.23e-24
  1.8045e+06   2.08e-24
  1.8451e+06   1.94e-24
  1.8867e+06   1.80e-24
  1.9291e+06   1.69e-24
  1.9726e+06   1.57e-24
  2.0170e+06   1.47e-24
  2.0624e+06   1.37e-24
  2.1088e+06   1.27e-24
  2.1563e+06   1.18e-24
  2.2049e+06   1.09e-24
  2.2545e+06   1.01e-24
  2.3053e+06   9.32e-25
  2.3572e+06   8.57e-25
  2.4102e+06   8.02e-25
  2.4645e+06   7.53e-25
  2.5200e+06   7.07e-25
