#  E [MeV]   Flux [# cm^{-2} s^{-1}  MeV^{-1}]
  3.0000e+04   6.99e-26
  3.1232e+04   6.69e-26
  3.2514e+04   6.40e-26
  3.3849e+04   6.12e-26
  3.5238e+04   5.86e-26
  3.6685e+04   5.60e-26
  3.8191e+04   5.36e-26
  3.9759e+04   5.12e-26
  4.1391e+04   4.90e-26
  4.3090e+04   4.69e-26
  4.4859e+04   4.48e-26
  4.6701e+04   4.28e-26
  4.8618e+04   4.09e-26
  5.0614e+04   3.91e-26
  5.2692e+04   3.74e-26
  5.4855e+04   3.58e-26
  5.7107e+04   3.42e-26
  5.9451e+04   3.27e-26
  6.1892e+04   3.12e-26
  6.4433e+04   2.98e-26
  6.7078e+04   2.85e-26
  6.9832e+04   2.72e-26
  7.2699e+04   2.60e-26
  7.5683e+04   2.48e-26
  7.8790e+04   2.37e-26
  8.2025e+04   2.26e-26
  8.5392e+04   2.16e-26
  8.8898e+04   2.06e-26
  9.2547e+04   1.97e-26
  9.6347e+04   1.88e-26
  1.0030e+05   1.79e-26
  1.0442e+05   1.71e-26
  1.0871e+05   1.63e-26
  1.1317e+05   1.56e-26
  1.1782e+05   1.48e-26
  1.2265e+05   1.41e-26
  1.2769e+05   1.35e-26
  1.3293e+05   1.28e-26
  1.3839e+05   1.22e-26
  1.4407e+05   1.17e-26
  1.4998e+05   1.11e-26
  1.5614e+05   1.06e-26
  1.6255e+05   1.00e-26
  1.6922e+05   9.55e-27
  1.7617e+05   9.08e-27
  1.8340e+05   8.63e-27
  1.9093e+05   8.19e-27
  1.9877e+05   7.78e-27
  2.0693e+05   7.38e-27
  2.1543e+05   7.00e-27
  2.2427e+05   6.63e-27
  2.3348e+05   6.29e-27
  2.4306e+05   5.95e-27
  2.5304e+05   5.63e-27
  2.6343e+05   5.33e-27
  2.7424e+05   5.03e-27
  2.8550e+05   4.75e-27
  2.9722e+05   4.48e-27
  3.0942e+05   4.23e-27
  3.2213e+05   3.98e-27
  3.3535e+05   3.75e-27
  3.4912e+05   3.52e-27
  3.6345e+05   3.31e-27
  3.7837e+05   3.11e-27
  3.9390e+05   2.92e-27
  4.1008e+05   2.73e-27
  4.2691e+05   2.56e-27
  4.4444e+05   2.39e-27
  4.6268e+05   2.24e-27
  4.8168e+05   2.09e-27
  5.0145e+05   1.95e-27
  5.2204e+05   1.82e-27
  5.4347e+05   1.69e-27
  5.6578e+05   1.58e-27
  5.8901e+05   1.47e-27
  6.1319e+05   1.36e-27
  6.3836e+05   1.26e-27
  6.6457e+05   1.17e-27
  6.9185e+05   1.09e-27
  7.2025e+05   1.01e-27
  7.4982e+05   9.32e-28
  7.8061e+05   8.63e-28
  8.1265e+05   7.98e-28
  8.4601e+05   7.38e-28
  8.8075e+05   6.82e-28
  9.1690e+05   6.30e-28
  9.5455e+05   5.82e-28
  9.9373e+05   5.37e-28
  1.0345e+06   4.96e-28
  1.0770e+06   4.57e-28
  1.1212e+06   4.22e-28
  1.1672e+06   3.89e-28
  1.2152e+06   3.58e-28
  1.2650e+06   3.31e-28
  1.3170e+06   3.05e-28
  1.3711e+06   2.81e-28
  1.4273e+06   2.59e-28
  1.4859e+06   2.38e-28
  1.5469e+06   2.20e-28
  1.6104e+06   2.02e-28
  1.6766e+06   1.86e-28
  1.7454e+06   1.72e-28
  1.8170e+06   1.58e-28
  1.8916e+06   1.45e-28
  1.9693e+06   1.34e-28
  2.0501e+06   1.23e-28
  2.1343e+06   1.13e-28
  2.2219e+06   1.04e-28
  2.3131e+06   9.54e-29
  2.4081e+06   8.74e-29
  2.5070e+06   8.01e-29
  2.6099e+06   7.34e-29
  2.7170e+06   6.71e-29
  2.8286e+06   6.14e-29
  2.9447e+06   5.60e-29
  3.0656e+06   5.11e-29
  3.1914e+06   4.66e-29
  3.3225e+06   4.23e-29
  3.4589e+06   3.85e-29
  3.6008e+06   3.49e-29
  3.7487e+06   3.16e-29
  3.9026e+06   2.86e-29
  4.0628e+06   2.58e-29
  4.2296e+06   2.33e-29
  4.4032e+06   2.09e-29
  4.5840e+06   1.88e-29
  4.7722e+06   1.68e-29
  4.9681e+06   1.50e-29
  5.1720e+06   1.34e-29
  5.3844e+06   1.18e-29
  5.6054e+06   1.05e-29
  5.8355e+06   9.28e-30
  6.0751e+06   8.16e-30
  6.3245e+06   7.18e-30
  6.5841e+06   6.27e-30
  6.8544e+06   5.46e-30
  7.1358e+06   4.74e-30
  7.4288e+06   4.09e-30
  7.7338e+06   3.51e-30
  8.0513e+06   3.01e-30
  8.3818e+06   2.55e-30
  8.7259e+06   2.16e-30
  9.0841e+06   1.81e-30
  9.4571e+06   1.51e-30
  9.8453e+06   1.25e-30
  1.0249e+07   1.03e-30
  1.0670e+07   8.31e-31
  1.1108e+07   6.70e-31
  1.1564e+07   5.34e-31
  1.2039e+07   4.18e-31
  1.2533e+07   3.25e-31
  1.3048e+07   2.49e-31
  1.3584e+07   1.86e-31
  1.4141e+07   1.38e-31
  1.4722e+07   9.95e-32
  1.5326e+07   7.01e-32
  1.5955e+07   4.83e-32
  1.6610e+07   3.22e-32
  1.7292e+07   2.07e-32
  1.8002e+07   1.29e-32
  1.8741e+07   7.61e-33
  1.9511e+07   4.29e-33
  2.0312e+07   2.29e-33
  2.1145e+07   1.13e-33
  2.2013e+07   5.18e-34
  2.2917e+07   2.17e-34
  2.3858e+07   8.06e-35
  2.4837e+07   2.67e-35
  2.5857e+07   7.54e-36
  2.6919e+07   1.76e-36
  2.8024e+07   3.36e-37
  2.9174e+07   4.87e-38
  3.0372e+07   5.10e-39
  3.1619e+07   3.67e-40
  3.2917e+07   1.62e-41
  3.4268e+07   3.91e-43
  3.5675e+07   4.56e-45
  3.7140e+07   2.07e-47
  3.8664e+07   2.90e-50
  4.0252e+07   9.08e-54
  4.1904e+07   4.05e-58
  4.3624e+07   1.47e-63
  4.5415e+07   2.00e-70
  4.7280e+07   2.99e-72
  4.9221e+07   2.57e-72
  5.1241e+07   2.21e-72
  5.3345e+07   1.87e-72
  5.5535e+07   1.62e-72
  5.7815e+07   1.40e-72
  6.0188e+07   1.19e-72
  6.2659e+07   1.05e-72
  6.5232e+07   9.11e-73
  6.7910e+07   7.89e-73
  7.0698e+07   7.03e-73
  7.3600e+07   6.23e-73
  7.6621e+07   5.52e-73
  7.9767e+07   4.98e-73
  8.3042e+07   4.48e-73
  8.6451e+07   4.04e-73
  9.0000e+07   3.70e-73
