#  E [GeV]   # per interaction  [GeV^{-1}]
  3.0000e+01   1.64e-02
  3.0872e+01   1.59e-02
  3.1770e+01   1.54e-02
  3.2694e+01   1.49e-02
  3.3644e+01   1.44e-02
  3.4623e+01   1.39e-02
  3.5629e+01   1.35e-02
  3.6665e+01   1.31e-02
  3.7731e+01   1.26e-02
  3.8829e+01   1.22e-02
  3.9958e+01   1.18e-02
  4.1119e+01   1.15e-02
  4.2315e+01   1.11e-02
  4.3545e+01   1.08e-02
  4.4812e+01   1.04e-02
  4.6115e+01   1.01e-02
  4.7456e+01   9.76e-03
  4.8835e+01   9.45e-03
  5.0255e+01   9.16e-03
  5.1717e+01   8.87e-03
  5.3220e+01   8.60e-03
  5.4768e+01   8.33e-03
  5.6360e+01   8.07e-03
  5.7999e+01   7.82e-03
  5.9686e+01   7.58e-03
  6.1421e+01   7.35e-03
  6.3207e+01   7.13e-03
  6.5045e+01   6.92e-03
  6.6936e+01   6.71e-03
  6.8882e+01   6.51e-03
  7.0885e+01   6.32e-03
  7.2947e+01   6.14e-03
  7.5068e+01   5.96e-03
  7.7250e+01   5.79e-03
  7.9496e+01   5.62e-03
  8.1808e+01   5.46e-03
  8.4187e+01   5.31e-03
  8.6635e+01   5.16e-03
  8.9154e+01   5.02e-03
  9.1746e+01   4.88e-03
  9.4414e+01   4.75e-03
  9.7159e+01   4.62e-03
  9.9984e+01   4.50e-03
  1.0289e+02   4.38e-03
  1.0588e+02   4.26e-03
  1.0896e+02   4.15e-03
  1.1213e+02   4.04e-03
  1.1539e+02   3.94e-03
  1.1875e+02   3.84e-03
  1.2220e+02   3.74e-03
  1.2575e+02   3.65e-03
  1.2941e+02   3.56e-03
  1.3317e+02   3.48e-03
  1.3704e+02   3.39e-03
  1.4103e+02   3.31e-03
  1.4513e+02   3.23e-03
  1.4935e+02   3.16e-03
  1.5369e+02   3.08e-03
  1.5816e+02   3.01e-03
  1.6276e+02   2.94e-03
  1.6749e+02   2.88e-03
  1.7236e+02   2.81e-03
  1.7737e+02   2.75e-03
  1.8253e+02   2.69e-03
  1.8784e+02   2.63e-03
  1.9330e+02   2.57e-03
  1.9892e+02   2.51e-03
  2.0470e+02   2.46e-03
  2.1066e+02   2.40e-03
  2.1678e+02   2.35e-03
  2.2309e+02   2.30e-03
  2.2957e+02   2.25e-03
  2.3625e+02   2.20e-03
  2.4312e+02   2.16e-03
  2.5019e+02   2.11e-03
  2.5746e+02   2.06e-03
  2.6495e+02   2.02e-03
  2.7265e+02   1.98e-03
  2.8058e+02   1.93e-03
  2.8874e+02   1.89e-03
  2.9713e+02   1.85e-03
  3.0577e+02   1.81e-03
  3.1466e+02   1.77e-03
  3.2381e+02   1.73e-03
  3.3323e+02   1.70e-03
  3.4292e+02   1.66e-03
  3.5289e+02   1.62e-03
  3.6315e+02   1.59e-03
  3.7371e+02   1.55e-03
  3.8457e+02   1.52e-03
  3.9576e+02   1.48e-03
  4.0726e+02   1.45e-03
  4.1911e+02   1.41e-03
  4.3129e+02   1.38e-03
  4.4383e+02   1.35e-03
  4.5674e+02   1.32e-03
  4.7002e+02   1.29e-03
  4.8368e+02   1.26e-03
  4.9775e+02   1.22e-03
  5.1222e+02   1.19e-03
  5.2712e+02   1.17e-03
  5.4244e+02   1.14e-03
  5.5821e+02   1.11e-03
  5.7445e+02   1.08e-03
  5.9115e+02   1.05e-03
  6.0834e+02   1.02e-03
  6.2603e+02   9.97e-04
  6.4423e+02   9.70e-04
  6.6296e+02   9.44e-04
  6.8224e+02   9.18e-04
  7.0208e+02   8.93e-04
  7.2249e+02   8.68e-04
  7.4350e+02   8.44e-04
  7.6512e+02   8.20e-04
  7.8736e+02   7.97e-04
  8.1026e+02   7.73e-04
  8.3382e+02   7.51e-04
  8.5806e+02   7.29e-04
  8.8301e+02   7.07e-04
  9.0869e+02   6.86e-04
  9.3511e+02   6.65e-04
  9.6230e+02   6.44e-04
  9.9028e+02   6.24e-04
  1.0191e+03   6.04e-04
  1.0487e+03   5.85e-04
  1.0792e+03   5.66e-04
  1.1106e+03   5.47e-04
  1.1429e+03   5.29e-04
  1.1761e+03   5.11e-04
  1.2103e+03   4.94e-04
  1.2455e+03   4.77e-04
  1.2817e+03   4.61e-04
  1.3190e+03   4.44e-04
  1.3573e+03   4.29e-04
  1.3968e+03   4.14e-04
  1.4374e+03   3.98e-04
  1.4792e+03   3.84e-04
  1.5222e+03   3.70e-04
  1.5665e+03   3.56e-04
  1.6120e+03   3.42e-04
  1.6589e+03   3.28e-04
  1.7071e+03   3.16e-04
  1.7568e+03   3.03e-04
  1.8079e+03   2.90e-04
  1.8604e+03   2.78e-04
  1.9145e+03   2.66e-04
  1.9702e+03   2.54e-04
  2.0275e+03   2.43e-04
  2.0864e+03   2.32e-04
  2.1471e+03   2.21e-04
  2.2095e+03   2.11e-04
  2.2738e+03   2.01e-04
  2.3399e+03   1.91e-04
  2.4079e+03   1.81e-04
  2.4779e+03   1.72e-04
  2.5500e+03   1.63e-04
  2.6241e+03   1.54e-04
  2.7004e+03   1.46e-04
  2.7790e+03   1.38e-04
  2.8598e+03   1.30e-04
  2.9429e+03   1.23e-04
  3.0285e+03   1.16e-04
  3.1165e+03   1.09e-04
  3.2072e+03   1.02e-04
  3.3004e+03   9.56e-05
  3.3964e+03   8.94e-05
  3.4951e+03   8.35e-05
  3.5968e+03   7.77e-05
  3.7013e+03   7.22e-05
  3.8090e+03   6.69e-05
  3.9197e+03   6.19e-05
  4.0337e+03   5.72e-05
  4.1510e+03   5.27e-05
  4.2717e+03   4.84e-05
  4.3959e+03   4.43e-05
  4.5237e+03   4.06e-05
  4.6552e+03   3.71e-05
  4.7906e+03   3.37e-05
  4.9299e+03   3.05e-05
  5.0732e+03   2.77e-05
  5.2208e+03   2.51e-05
  5.3726e+03   2.26e-05
  5.5288e+03   2.02e-05
  5.6895e+03   1.81e-05
  5.8550e+03   1.62e-05
  6.0252e+03   1.44e-05
  6.2004e+03   1.27e-05
  6.3807e+03   1.13e-05
  6.5662e+03   9.95e-06
  6.7572e+03   8.72e-06
  6.9536e+03   7.59e-06
  7.1558e+03   6.72e-06
  7.3639e+03   5.90e-06
  7.5780e+03   5.14e-06
  7.7984e+03   4.44e-06
  8.0251e+03   3.95e-06
  8.2585e+03   3.49e-06
  8.4986e+03   3.06e-06
  8.7457e+03   2.68e-06
  9.0000e+03   2.45e-06
