#  E [MeV]   Flux [# cm^{-2} s^{-1}  MeV^{-1}]
  3.0000e+04   1.06e-26
  3.1141e+04   1.02e-26
  3.2326e+04   9.79e-27
  3.3556e+04   9.42e-27
  3.4832e+04   9.07e-27
  3.6157e+04   8.72e-27
  3.7533e+04   8.38e-27
  3.8961e+04   8.06e-27
  4.0443e+04   7.74e-27
  4.1982e+04   7.44e-27
  4.3579e+04   7.15e-27
  4.5237e+04   6.87e-27
  4.6958e+04   6.59e-27
  4.8744e+04   6.33e-27
  5.0598e+04   6.08e-27
  5.2523e+04   5.83e-27
  5.4521e+04   5.60e-27
  5.6596e+04   5.37e-27
  5.8749e+04   5.15e-27
  6.0984e+04   4.94e-27
  6.3304e+04   4.74e-27
  6.5712e+04   4.54e-27
  6.8212e+04   4.35e-27
  7.0807e+04   4.17e-27
  7.3500e+04   3.99e-27
  7.6297e+04   3.83e-27
  7.9199e+04   3.66e-27
  8.2212e+04   3.51e-27
  8.5340e+04   3.36e-27
  8.8586e+04   3.21e-27
  9.1956e+04   3.08e-27
  9.5455e+04   2.94e-27
  9.9086e+04   2.81e-27
  1.0286e+05   2.69e-27
  1.0677e+05   2.57e-27
  1.1083e+05   2.46e-27
  1.1505e+05   2.35e-27
  1.1942e+05   2.25e-27
  1.2397e+05   2.15e-27
  1.2868e+05   2.05e-27
  1.3358e+05   1.96e-27
  1.3866e+05   1.87e-27
  1.4394e+05   1.78e-27
  1.4941e+05   1.70e-27
  1.5509e+05   1.62e-27
  1.6100e+05   1.55e-27
  1.6712e+05   1.48e-27
  1.7348e+05   1.41e-27
  1.8008e+05   1.34e-27
  1.8693e+05   1.28e-27
  1.9404e+05   1.22e-27
  2.0142e+05   1.16e-27
  2.0908e+05   1.11e-27
  2.1704e+05   1.06e-27
  2.2529e+05   1.01e-27
  2.3387e+05   9.58e-28
  2.4276e+05   9.12e-28
  2.5200e+05   8.69e-28
  2.6158e+05   8.27e-28
  2.7154e+05   7.87e-28
  2.8187e+05   7.49e-28
  2.9259e+05   7.13e-28
  3.0372e+05   6.78e-28
  3.1527e+05   6.45e-28
  3.2727e+05   6.14e-28
  3.3972e+05   5.84e-28
  3.5264e+05   5.55e-28
  3.6606e+05   5.28e-28
  3.7998e+05   5.03e-28
  3.9444e+05   4.78e-28
  4.0945e+05   4.55e-28
  4.2502e+05   4.32e-28
  4.4119e+05   4.11e-28
  4.5798e+05   3.91e-28
  4.7540e+05   3.72e-28
  4.9348e+05   3.54e-28
  5.1226e+05   3.37e-28
  5.3175e+05   3.21e-28
  5.5198e+05   3.05e-28
  5.7297e+05   2.90e-28
  5.9477e+05   2.76e-28
  6.1740e+05   2.63e-28
  6.4089e+05   2.51e-28
  6.6527e+05   2.39e-28
  6.9058e+05   2.28e-28
  7.1685e+05   2.17e-28
  7.4412e+05   2.07e-28
  7.7243e+05   1.98e-28
  8.0181e+05   1.89e-28
  8.3232e+05   1.81e-28
  8.6398e+05   1.72e-28
  8.9685e+05   1.65e-28
  9.3097e+05   1.58e-28
  9.6638e+05   1.51e-28
  1.0031e+06   1.45e-28
  1.0413e+06   1.39e-28
  1.0809e+06   1.33e-28
  1.1220e+06   1.28e-28
  1.1647e+06   1.23e-28
  1.2090e+06   1.18e-28
  1.2550e+06   1.13e-28
  1.3028e+06   1.09e-28
  1.3523e+06   1.05e-28
  1.4038e+06   1.01e-28
  1.4572e+06   9.72e-29
  1.5126e+06   9.37e-29
  1.5702e+06   9.04e-29
  1.6299e+06   8.72e-29
  1.6919e+06   8.41e-29
  1.7563e+06   8.12e-29
  1.8231e+06   7.84e-29
  1.8925e+06   7.58e-29
  1.9645e+06   7.32e-29
  2.0392e+06   7.08e-29
  2.1168e+06   6.84e-29
  2.1973e+06   6.62e-29
  2.2809e+06   6.40e-29
  2.3677e+06   6.19e-29
  2.4577e+06   5.99e-29
  2.5512e+06   5.79e-29
  2.6483e+06   5.60e-29
  2.7490e+06   5.41e-29
  2.8536e+06   5.23e-29
  2.9622e+06   5.05e-29
  3.0749e+06   4.87e-29
  3.1918e+06   4.70e-29
  3.3133e+06   4.54e-29
  3.4393e+06   4.37e-29
  3.5702e+06   4.21e-29
  3.7060e+06   4.06e-29
  3.8470e+06   3.90e-29
  3.9933e+06   3.75e-29
  4.1452e+06   3.60e-29
  4.3029e+06   3.45e-29
  4.4666e+06   3.31e-29
  4.6366e+06   3.17e-29
  4.8129e+06   3.03e-29
  4.9960e+06   2.89e-29
  5.1861e+06   2.75e-29
  5.3834e+06   2.62e-29
  5.5882e+06   2.49e-29
  5.8008e+06   2.36e-29
  6.0215e+06   2.23e-29
  6.2506e+06   2.11e-29
  6.4883e+06   1.98e-29
  6.7352e+06   1.86e-29
  6.9914e+06   1.75e-29
  7.2574e+06   1.63e-29
  7.5335e+06   1.52e-29
  7.8201e+06   1.41e-29
  8.1176e+06   1.31e-29
  8.4264e+06   1.21e-29
  8.7470e+06   1.11e-29
  9.0797e+06   1.01e-29
  9.4251e+06   9.22e-30
  9.7837e+06   8.35e-30
  1.0156e+07   7.51e-30
  1.0542e+07   6.72e-30
  1.0943e+07   5.98e-30
  1.1360e+07   5.28e-30
  1.1792e+07   4.62e-30
  1.2240e+07   4.02e-30
  1.2706e+07   3.45e-30
  1.3189e+07   2.94e-30
  1.3691e+07   2.48e-30
  1.4212e+07   2.06e-30
  1.4753e+07   1.69e-30
  1.5314e+07   1.37e-30
  1.5897e+07   1.09e-30
  1.6501e+07   8.48e-31
  1.7129e+07   6.48e-31
  1.7781e+07   4.83e-31
  1.8457e+07   3.50e-31
  1.9159e+07   2.47e-31
  1.9888e+07   1.67e-31
  2.0645e+07   1.09e-31
  2.1430e+07   6.79e-32
  2.2245e+07   4.02e-32
  2.3092e+07   2.23e-32
  2.3970e+07   1.16e-32
  2.4882e+07   5.54e-33
  2.5829e+07   2.41e-33
  2.6811e+07   9.36e-34
  2.7831e+07   3.19e-34
  2.8890e+07   9.33e-35
  2.9989e+07   2.25e-35
  3.1130e+07   4.36e-36
  3.2314e+07   6.44e-37
  3.3544e+07   6.81e-38
  3.4820e+07   4.84e-39
  3.6144e+07   2.11e-40
  3.7519e+07   4.97e-42
  3.8947e+07   5.48e-44
  4.0428e+07   2.37e-46
  4.1966e+07   3.03e-49
  4.3563e+07   8.31e-53
  4.5220e+07   3.24e-57
  4.6941e+07   9.65e-63
  4.8726e+07   9.99e-70
  5.0580e+07   3.48e-71
