#  E [MeV]   Flux [# cm^{-2} s^{-1}  MeV^{-1}]
  3.0000e+04   2.78e-21
  3.1123e+04   2.68e-21
  3.2288e+04   2.58e-21
  3.3497e+04   2.48e-21
  3.4751e+04   2.38e-21
  3.6051e+04   2.29e-21
  3.7401e+04   2.20e-21
  3.8801e+04   2.12e-21
  4.0253e+04   2.03e-21
  4.1760e+04   1.95e-21
  4.3324e+04   1.87e-21
  4.4945e+04   1.80e-21
  4.6628e+04   1.73e-21
  4.8373e+04   1.66e-21
  5.0184e+04   1.59e-21
  5.2063e+04   1.53e-21
  5.4011e+04   1.46e-21
  5.6033e+04   1.40e-21
  5.8131e+04   1.34e-21
  6.0307e+04   1.29e-21
  6.2564e+04   1.23e-21
  6.4906e+04   1.18e-21
  6.7336e+04   1.13e-21
  6.9857e+04   1.08e-21
  7.2472e+04   1.04e-21
  7.5184e+04   9.93e-22
  7.7999e+04   9.50e-22
  8.0919e+04   9.08e-22
  8.3948e+04   8.68e-22
  8.7090e+04   8.30e-22
  9.0350e+04   7.93e-22
  9.3732e+04   7.57e-22
  9.7241e+04   7.24e-22
  1.0088e+05   6.91e-22
  1.0466e+05   6.59e-22
  1.0858e+05   6.29e-22
  1.1264e+05   6.00e-22
  1.1686e+05   5.73e-22
  1.2123e+05   5.46e-22
  1.2577e+05   5.20e-22
  1.3048e+05   4.96e-22
  1.3536e+05   4.72e-22
  1.4043e+05   4.50e-22
  1.4568e+05   4.28e-22
  1.5114e+05   4.08e-22
  1.5680e+05   3.88e-22
  1.6266e+05   3.69e-22
  1.6875e+05   3.51e-22
  1.7507e+05   3.34e-22
  1.8162e+05   3.17e-22
  1.8842e+05   3.01e-22
  1.9548e+05   2.86e-22
  2.0279e+05   2.72e-22
  2.1039e+05   2.58e-22
  2.1826e+05   2.45e-22
  2.2643e+05   2.32e-22
  2.3491e+05   2.20e-22
  2.4370e+05   2.08e-22
  2.5282e+05   1.97e-22
  2.6229e+05   1.87e-22
  2.7211e+05   1.77e-22
  2.8229e+05   1.68e-22
  2.9286e+05   1.58e-22
  3.0382e+05   1.50e-22
  3.1519e+05   1.42e-22
  3.2699e+05   1.34e-22
  3.3923e+05   1.27e-22
  3.5193e+05   1.19e-22
  3.6511e+05   1.13e-22
  3.7877e+05   1.06e-22
  3.9295e+05   1.00e-22
  4.0766e+05   9.47e-23
  4.2292e+05   8.93e-23
  4.3875e+05   8.41e-23
  4.5518e+05   7.92e-23
  4.7222e+05   7.46e-23
  4.8989e+05   7.02e-23
  5.0823e+05   6.61e-23
  5.2726e+05   6.22e-23
  5.4699e+05   5.85e-23
  5.6747e+05   5.50e-23
  5.8871e+05   5.17e-23
  6.1075e+05   4.86e-23
  6.3361e+05   4.56e-23
  6.5733e+05   4.29e-23
  6.8194e+05   4.03e-23
  7.0746e+05   3.78e-23
  7.3395e+05   3.55e-23
  7.6142e+05   3.33e-23
  7.8992e+05   3.13e-23
  8.1949e+05   2.94e-23
  8.5017e+05   2.76e-23
  8.8199e+05   2.59e-23
  9.1501e+05   2.43e-23
  9.4926e+05   2.28e-23
  9.8479e+05   2.14e-23
  1.0217e+06   2.01e-23
  1.0599e+06   1.89e-23
  1.0996e+06   1.77e-23
  1.1407e+06   1.67e-23
  1.1834e+06   1.56e-23
  1.2277e+06   1.47e-23
  1.2737e+06   1.38e-23
  1.3214e+06   1.30e-23
  1.3708e+06   1.22e-23
  1.4222e+06   1.15e-23
  1.4754e+06   1.08e-23
  1.5306e+06   1.02e-23
  1.5879e+06   9.56e-24
  1.6474e+06   9.00e-24
  1.7090e+06   8.47e-24
  1.7730e+06   7.98e-24
  1.8394e+06   7.52e-24
  1.9082e+06   7.08e-24
  1.9797e+06   6.67e-24
  2.0538e+06   6.29e-24
  2.1306e+06   5.93e-24
  2.2104e+06   5.59e-24
  2.2931e+06   5.28e-24
  2.3790e+06   4.98e-24
  2.4680e+06   4.70e-24
  2.5604e+06   4.44e-24
  2.6563e+06   4.20e-24
  2.7557e+06   3.96e-24
  2.8589e+06   3.75e-24
  2.9659e+06   3.54e-24
  3.0769e+06   3.35e-24
  3.1921e+06   3.17e-24
  3.3116e+06   3.00e-24
  3.4355e+06   2.83e-24
  3.5641e+06   2.68e-24
  3.6976e+06   2.54e-24
  3.8360e+06   2.40e-24
  3.9796e+06   2.27e-24
  4.1285e+06   2.15e-24
  4.2831e+06   2.03e-24
  4.4434e+06   1.92e-24
  4.6097e+06   1.82e-24
  4.7823e+06   1.72e-24
  4.9613e+06   1.63e-24
  5.1470e+06   1.54e-24
  5.3397e+06   1.46e-24
  5.5396e+06   1.38e-24
  5.7470e+06   1.30e-24
  5.9621e+06   1.23e-24
  6.1853e+06   1.16e-24
  6.4168e+06   1.10e-24
  6.6570e+06   1.04e-24
  6.9062e+06   9.77e-25
  7.1647e+06   9.20e-25
  7.4329e+06   8.66e-25
  7.7112e+06   8.14e-25
  7.9998e+06   7.64e-25
  8.2993e+06   7.17e-25
  8.6100e+06   6.71e-25
  8.9323e+06   6.27e-25
  9.2666e+06   5.86e-25
  9.6135e+06   5.46e-25
  9.9734e+06   5.08e-25
  1.0347e+07   4.71e-25
  1.0734e+07   4.36e-25
  1.1136e+07   4.03e-25
  1.1553e+07   3.70e-25
  1.1985e+07   3.40e-25
  1.2434e+07   3.10e-25
  1.2899e+07   2.82e-25
  1.3382e+07   2.55e-25
  1.3883e+07   2.30e-25
  1.4403e+07   2.06e-25
  1.4942e+07   1.84e-25
  1.5501e+07   1.62e-25
  1.6081e+07   1.42e-25
  1.6683e+07   1.24e-25
  1.7308e+07   1.06e-25
  1.7956e+07   9.03e-26
  1.8628e+07   7.58e-26
  1.9325e+07   6.27e-26
  2.0049e+07   5.10e-26
  2.0799e+07   4.07e-26
  2.1578e+07   3.17e-26
  2.2386e+07   2.42e-26
  2.3224e+07   1.78e-26
  2.4093e+07   1.27e-26
  2.4995e+07   8.75e-27
  2.5930e+07   5.73e-27
  2.6901e+07   3.56e-27
  2.7908e+07   2.07e-27
  2.8953e+07   1.11e-27
  3.0037e+07   5.48e-28
  3.1161e+07   2.41e-28
  3.2327e+07   9.33e-29
  3.3537e+07   3.08e-29
  3.4793e+07   8.36e-30
  3.6095e+07   1.79e-30
  3.7446e+07   2.87e-31
  3.8848e+07   3.21e-32
  4.0302e+07   2.28e-33
  4.1811e+07   9.21e-35
  4.3376e+07   1.82e-36
  4.5000e+07   1.46e-38
