#  E [MeV]   Flux [# cm^{-2} s^{-1}  MeV^{-1}]
  3.0000e+04   2.56e-18
  3.0411e+04   2.48e-18
  3.0828e+04   2.40e-18
  3.1250e+04   2.32e-18
  3.1678e+04   2.25e-18
  3.2112e+04   2.18e-18
  3.2552e+04   2.11e-18
  3.2998e+04   2.04e-18
  3.3450e+04   1.98e-18
  3.3909e+04   1.91e-18
  3.4373e+04   1.85e-18
  3.4844e+04   1.78e-18
  3.5322e+04   1.72e-18
  3.5806e+04   1.67e-18
  3.6296e+04   1.61e-18
  3.6794e+04   1.56e-18
  3.7298e+04   1.50e-18
  3.7809e+04   1.45e-18
  3.8327e+04   1.40e-18
  3.8852e+04   1.35e-18
  3.9384e+04   1.30e-18
  3.9924e+04   1.26e-18
  4.0471e+04   1.22e-18
  4.1025e+04   1.17e-18
  4.1587e+04   1.13e-18
  4.2157e+04   1.09e-18
  4.2735e+04   1.05e-18
  4.3320e+04   1.01e-18
  4.3914e+04   9.74e-19
  4.4516e+04   9.39e-19
  4.5125e+04   9.05e-19
  4.5744e+04   8.72e-19
  4.6370e+04   8.39e-19
  4.7006e+04   8.08e-19
  4.7650e+04   7.77e-19
  4.8303e+04   7.46e-19
  4.8965e+04   7.16e-19
  4.9635e+04   6.88e-19
  5.0315e+04   6.62e-19
  5.1005e+04   6.37e-19
  5.1704e+04   6.13e-19
  5.2412e+04   5.88e-19
  5.3130e+04   5.65e-19
  5.3858e+04   5.42e-19
  5.4596e+04   5.19e-19
  5.5344e+04   4.97e-19
  5.6102e+04   4.78e-19
  5.6871e+04   4.59e-19
  5.7650e+04   4.40e-19
  5.8440e+04   4.22e-19
  5.9241e+04   4.05e-19
  6.0053e+04   3.88e-19
  6.0875e+04   3.71e-19
  6.1709e+04   3.54e-19
  6.2555e+04   3.39e-19
  6.3412e+04   3.25e-19
  6.4281e+04   3.12e-19
  6.5162e+04   2.98e-19
  6.6054e+04   2.86e-19
  6.6959e+04   2.73e-19
  6.7877e+04   2.61e-19
  6.8807e+04   2.49e-19
  6.9750e+04   2.37e-19
  7.0705e+04   2.27e-19
  7.1674e+04   2.17e-19
  7.2656e+04   2.07e-19
  7.3652e+04   1.98e-19
  7.4661e+04   1.89e-19
  7.5684e+04   1.80e-19
  7.6721e+04   1.71e-19
  7.7772e+04   1.63e-19
  7.8837e+04   1.55e-19
  7.9917e+04   1.48e-19
  8.1012e+04   1.42e-19
  8.2122e+04   1.35e-19
  8.3248e+04   1.29e-19
  8.4388e+04   1.22e-19
  8.5544e+04   1.16e-19
  8.6717e+04   1.10e-19
  8.7905e+04   1.04e-19
  8.9109e+04   9.97e-20
  9.0330e+04   9.50e-20
  9.1568e+04   9.05e-20
  9.2822e+04   8.60e-20
  9.4094e+04   8.16e-20
  9.5383e+04   7.74e-20
  9.6690e+04   7.32e-20
  9.8015e+04   6.92e-20
  9.9358e+04   6.56e-20
  1.0072e+05   6.25e-20
  1.0210e+05   5.94e-20
  1.0350e+05   5.64e-20
  1.0492e+05   5.34e-20
  1.0635e+05   5.06e-20
  1.0781e+05   4.78e-20
  1.0929e+05   4.50e-20
  1.1079e+05   4.24e-20
  1.1230e+05   4.03e-20
  1.1384e+05   3.83e-20
  1.1540e+05   3.63e-20
  1.1698e+05   3.43e-20
  1.1859e+05   3.24e-20
  1.2021e+05   3.06e-20
  1.2186e+05   2.88e-20
  1.2353e+05   2.70e-20
  1.2522e+05   2.55e-20
  1.2694e+05   2.42e-20
  1.2867e+05   2.29e-20
  1.3044e+05   2.17e-20
  1.3222e+05   2.04e-20
  1.3404e+05   1.92e-20
  1.3587e+05   1.81e-20
  1.3773e+05   1.69e-20
  1.3962e+05   1.58e-20
  1.4153e+05   1.50e-20
  1.4347e+05   1.42e-20
  1.4544e+05   1.34e-20
  1.4743e+05   1.26e-20
  1.4945e+05   1.19e-20
  1.5150e+05   1.11e-20
  1.5358e+05   1.04e-20
  1.5568e+05   9.69e-21
  1.5781e+05   9.11e-21
  1.5997e+05   8.61e-21
  1.6217e+05   8.11e-21
  1.6439e+05   7.63e-21
  1.6664e+05   7.16e-21
  1.6892e+05   6.70e-21
  1.7124e+05   6.26e-21
  1.7358e+05   5.82e-21
  1.7596e+05   5.42e-21
  1.7837e+05   5.11e-21
  1.8082e+05   4.81e-21
  1.8330e+05   4.52e-21
  1.8581e+05   4.23e-21
  1.8835e+05   3.95e-21
  1.9093e+05   3.68e-21
  1.9355e+05   3.42e-21
  1.9620e+05   3.16e-21
  1.9889e+05   2.96e-21
  2.0161e+05   2.79e-21
  2.0438e+05   2.62e-21
  2.0718e+05   2.45e-21
  2.1002e+05   2.29e-21
  2.1289e+05   2.13e-21
  2.1581e+05   1.97e-21
  2.1877e+05   1.82e-21
  2.2176e+05   1.69e-21
  2.2480e+05   1.59e-21
  2.2788e+05   1.50e-21
  2.3101e+05   1.40e-21
  2.3417e+05   1.31e-21
  2.3738e+05   1.22e-21
  2.4063e+05   1.13e-21
  2.4393e+05   1.05e-21
  2.4727e+05   9.65e-22
  2.5066e+05   9.06e-22
  2.5409e+05   8.52e-22
  2.5757e+05   8.00e-22
  2.6110e+05   7.49e-22
  2.6468e+05   7.00e-22
  2.6831e+05   6.51e-22
  2.7198e+05   6.04e-22
  2.7571e+05   5.58e-22
  2.7949e+05   5.19e-22
  2.8332e+05   4.90e-22
  2.8720e+05   4.62e-22
  2.9113e+05   4.35e-22
  2.9512e+05   4.09e-22
  2.9917e+05   3.83e-22
  3.0327e+05   3.57e-22
  3.0742e+05   3.33e-22
  3.1163e+05   3.09e-22
  3.1590e+05   2.93e-22
  3.2023e+05   2.78e-22
  3.2462e+05   2.63e-22
  3.2907e+05   2.49e-22
  3.3357e+05   2.35e-22
  3.3814e+05   2.22e-22
  3.4278e+05   2.08e-22
  3.4747e+05   1.96e-22
  3.5223e+05   1.85e-22
  3.5706e+05   1.77e-22
  3.6195e+05   1.69e-22
  3.6691e+05   1.61e-22
  3.7194e+05   1.53e-22
  3.7704e+05   1.46e-22
  3.8220e+05   1.39e-22
  3.8744e+05   1.32e-22
  3.9275e+05   1.25e-22
  3.9813e+05   1.19e-22
  4.0358e+05   1.14e-22
  4.0911e+05   1.09e-22
  4.1472e+05   1.04e-22
  4.2040e+05   9.87e-23
  4.2616e+05   9.39e-23
  4.3200e+05   8.92e-23
  4.3792e+05   8.46e-23
  4.4392e+05   8.10e-23
  4.5000e+05   7.81e-23
