#  E [MeV]   Flux [# cm^{-2} s^{-1}  MeV^{-1}]
  3.0000e+04   3.70e-20
  3.0943e+04   3.58e-20
  3.1916e+04   3.46e-20
  3.2920e+04   3.35e-20
  3.3955e+04   3.24e-20
  3.5023e+04   3.13e-20
  3.6124e+04   3.02e-20
  3.7260e+04   2.92e-20
  3.8432e+04   2.82e-20
  3.9640e+04   2.72e-20
  4.0887e+04   2.63e-20
  4.2172e+04   2.54e-20
  4.3499e+04   2.45e-20
  4.4866e+04   2.36e-20
  4.6277e+04   2.28e-20
  4.7732e+04   2.20e-20
  4.9233e+04   2.12e-20
  5.0781e+04   2.04e-20
  5.2378e+04   1.97e-20
  5.4025e+04   1.90e-20
  5.5724e+04   1.83e-20
  5.7476e+04   1.76e-20
  5.9284e+04   1.69e-20
  6.1148e+04   1.63e-20
  6.3071e+04   1.57e-20
  6.5054e+04   1.51e-20
  6.7100e+04   1.45e-20
  6.9210e+04   1.39e-20
  7.1386e+04   1.34e-20
  7.3631e+04   1.29e-20
  7.5946e+04   1.24e-20
  7.8334e+04   1.19e-20
  8.0797e+04   1.14e-20
  8.3338e+04   1.09e-20
  8.5959e+04   1.05e-20
  8.8662e+04   1.00e-20
  9.1450e+04   9.62e-21
  9.4325e+04   9.22e-21
  9.7291e+04   8.82e-21
  1.0035e+05   8.45e-21
  1.0351e+05   8.08e-21
  1.0676e+05   7.73e-21
  1.1012e+05   7.39e-21
  1.1358e+05   7.06e-21
  1.1715e+05   6.74e-21
  1.2084e+05   6.44e-21
  1.2464e+05   6.15e-21
  1.2856e+05   5.86e-21
  1.3260e+05   5.59e-21
  1.3677e+05   5.33e-21
  1.4107e+05   5.08e-21
  1.4550e+05   4.83e-21
  1.5008e+05   4.60e-21
  1.5480e+05   4.38e-21
  1.5967e+05   4.16e-21
  1.6469e+05   3.96e-21
  1.6987e+05   3.76e-21
  1.7521e+05   3.57e-21
  1.8072e+05   3.39e-21
  1.8640e+05   3.21e-21
  1.9226e+05   3.04e-21
  1.9831e+05   2.88e-21
  2.0454e+05   2.73e-21
  2.1097e+05   2.58e-21
  2.1761e+05   2.44e-21
  2.2445e+05   2.31e-21
  2.3151e+05   2.18e-21
  2.3879e+05   2.06e-21
  2.4630e+05   1.95e-21
  2.5404e+05   1.84e-21
  2.6203e+05   1.73e-21
  2.7027e+05   1.63e-21
  2.7877e+05   1.53e-21
  2.8753e+05   1.44e-21
  2.9657e+05   1.36e-21
  3.0590e+05   1.28e-21
  3.1552e+05   1.20e-21
  3.2544e+05   1.12e-21
  3.3567e+05   1.05e-21
  3.4623e+05   9.87e-22
  3.5712e+05   9.23e-22
  3.6835e+05   8.63e-22
  3.7993e+05   8.06e-22
  3.9188e+05   7.53e-22
  4.0420e+05   7.02e-22
  4.1691e+05   6.55e-22
  4.3002e+05   6.09e-22
  4.4354e+05   5.67e-22
  4.5749e+05   5.28e-22
  4.7187e+05   4.90e-22
  4.8671e+05   4.55e-22
  5.0202e+05   4.22e-22
  5.1780e+05   3.91e-22
  5.3409e+05   3.62e-22
  5.5088e+05   3.35e-22
  5.6820e+05   3.10e-22
  5.8607e+05   2.86e-22
  6.0450e+05   2.64e-22
  6.2351e+05   2.44e-22
  6.4311e+05   2.25e-22
  6.6334e+05   2.07e-22
  6.8419e+05   1.90e-22
  7.0571e+05   1.75e-22
  7.2790e+05   1.61e-22
  7.5079e+05   1.48e-22
  7.7440e+05   1.36e-22
  7.9875e+05   1.24e-22
  8.2387e+05   1.14e-22
  8.4977e+05   1.04e-22
  8.7649e+05   9.55e-23
  9.0405e+05   8.74e-23
  9.3248e+05   7.98e-23
  9.6180e+05   7.29e-23
  9.9205e+05   6.67e-23
  1.0232e+06   6.09e-23
  1.0554e+06   5.54e-23
  1.0886e+06   5.06e-23
  1.1228e+06   4.61e-23
  1.1581e+06   4.20e-23
  1.1946e+06   3.81e-23
  1.2321e+06   3.48e-23
  1.2709e+06   3.17e-23
  1.3108e+06   2.88e-23
  1.3521e+06   2.61e-23
  1.3946e+06   2.37e-23
  1.4384e+06   2.15e-23
  1.4837e+06   1.95e-23
  1.5303e+06   1.77e-23
  1.5784e+06   1.60e-23
  1.6281e+06   1.45e-23
  1.6793e+06   1.31e-23
  1.7321e+06   1.19e-23
  1.7865e+06   1.08e-23
  1.8427e+06   9.71e-24
  1.9006e+06   8.73e-24
  1.9604e+06   7.91e-24
  2.0221e+06   7.14e-24
  2.0856e+06   6.42e-24
  2.1512e+06   5.78e-24
  2.2189e+06   5.22e-24
  2.2886e+06   4.69e-24
  2.3606e+06   4.20e-24
  2.4348e+06   3.78e-24
  2.5114e+06   3.40e-24
  2.5904e+06   3.05e-24
  2.6718e+06   2.71e-24
  2.7558e+06   2.44e-24
  2.8425e+06   2.19e-24
  2.9319e+06   1.95e-24
  3.0241e+06   1.73e-24
  3.1192e+06   1.55e-24
  3.2173e+06   1.39e-24
  3.3184e+06   1.23e-24
  3.4228e+06   1.09e-24
  3.5304e+06   9.73e-25
  3.6414e+06   8.63e-25
  3.7559e+06   7.60e-25
  3.8740e+06   6.75e-25
  3.9958e+06   5.99e-25
  4.1215e+06   5.28e-25
  4.2511e+06   4.62e-25
  4.3848e+06   4.11e-25
  4.5227e+06   3.63e-25
  4.6649e+06   3.18e-25
  4.8116e+06   2.78e-25
  4.9629e+06   2.46e-25
  5.1189e+06   2.15e-25
  5.2799e+06   1.87e-25
  5.4459e+06   1.64e-25
  5.6171e+06   1.44e-25
  5.7938e+06   1.26e-25
  5.9760e+06   1.09e-25
  6.1639e+06   9.49e-26
  6.3577e+06   8.24e-26
  6.5576e+06   7.09e-26
  6.7638e+06   6.07e-26
  6.9765e+06   5.28e-26
  7.1959e+06   4.56e-26
  7.4222e+06   3.89e-26
  7.6556e+06   3.34e-26
  7.8963e+06   2.89e-26
  8.1446e+06   2.48e-26
  8.4007e+06   2.11e-26
  8.6649e+06   1.83e-26
  8.9373e+06   1.58e-26
  9.2184e+06   1.36e-26
  9.5082e+06   1.16e-26
  9.8072e+06   1.01e-26
  1.0116e+07   8.77e-27
  1.0434e+07   7.54e-27
  1.0762e+07   6.48e-27
  1.1100e+07   5.64e-27
  1.1449e+07   4.88e-27
  1.1809e+07   4.19e-27
  1.2181e+07   3.60e-27
  1.2564e+07   3.09e-27
  1.2959e+07   2.63e-27
  1.3366e+07   2.21e-27
  1.3786e+07   1.85e-27
  1.4220e+07   1.54e-27
