#  E [MeV]   Flux [# cm^{-2} s^{-1}  MeV^{-1}]
  3.0000e+04   9.24e-26
  3.1232e+04   8.84e-26
  3.2514e+04   8.46e-26
  3.3849e+04   8.09e-26
  3.5238e+04   7.74e-26
  3.6685e+04   7.40e-26
  3.8191e+04   7.08e-26
  3.9759e+04   6.77e-26
  4.1391e+04   6.48e-26
  4.3090e+04   6.19e-26
  4.4859e+04   5.92e-26
  4.6701e+04   5.66e-26
  4.8618e+04   5.41e-26
  5.0614e+04   5.17e-26
  5.2692e+04   4.95e-26
  5.4855e+04   4.73e-26
  5.7107e+04   4.52e-26
  5.9451e+04   4.32e-26
  6.1892e+04   4.13e-26
  6.4433e+04   3.94e-26
  6.7078e+04   3.77e-26
  6.9832e+04   3.60e-26
  7.2699e+04   3.44e-26
  7.5683e+04   3.29e-26
  7.8790e+04   3.14e-26
  8.2025e+04   3.00e-26
  8.5392e+04   2.86e-26
  8.8898e+04   2.73e-26
  9.2547e+04   2.61e-26
  9.6347e+04   2.49e-26
  1.0030e+05   2.38e-26
  1.0442e+05   2.27e-26
  1.0871e+05   2.16e-26
  1.1317e+05   2.06e-26
  1.1782e+05   1.97e-26
  1.2265e+05   1.88e-26
  1.2769e+05   1.79e-26
  1.3293e+05   1.71e-26
  1.3839e+05   1.63e-26
  1.4407e+05   1.55e-26
  1.4998e+05   1.48e-26
  1.5614e+05   1.41e-26
  1.6255e+05   1.34e-26
  1.6922e+05   1.27e-26
  1.7617e+05   1.21e-26
  1.8340e+05   1.15e-26
  1.9093e+05   1.09e-26
  1.9877e+05   1.04e-26
  2.0693e+05   9.88e-27
  2.1543e+05   9.38e-27
  2.2427e+05   8.90e-27
  2.3348e+05   8.44e-27
  2.4306e+05   8.01e-27
  2.5304e+05   7.59e-27
  2.6343e+05   7.19e-27
  2.7424e+05   6.80e-27
  2.8550e+05   6.43e-27
  2.9722e+05   6.08e-27
  3.0942e+05   5.74e-27
  3.2213e+05   5.42e-27
  3.3535e+05   5.12e-27
  3.4912e+05   4.82e-27
  3.6345e+05   4.54e-27
  3.7837e+05   4.28e-27
  3.9390e+05   4.02e-27
  4.1008e+05   3.78e-27
  4.2691e+05   3.55e-27
  4.4444e+05   3.33e-27
  4.6268e+05   3.13e-27
  4.8168e+05   2.93e-27
  5.0145e+05   2.74e-27
  5.2204e+05   2.57e-27
  5.4347e+05   2.40e-27
  5.6578e+05   2.24e-27
  5.8901e+05   2.09e-27
  6.1319e+05   1.95e-27
  6.3836e+05   1.82e-27
  6.6457e+05   1.70e-27
  6.9185e+05   1.58e-27
  7.2025e+05   1.47e-27
  7.4982e+05   1.37e-27
  7.8061e+05   1.27e-27
  8.1265e+05   1.18e-27
  8.4601e+05   1.10e-27
  8.8075e+05   1.02e-27
  9.1690e+05   9.43e-28
  9.5455e+05   8.74e-28
  9.9373e+05   8.11e-28
  1.0345e+06   7.51e-28
  1.0770e+06   6.96e-28
  1.1212e+06   6.44e-28
  1.1672e+06   5.96e-28
  1.2152e+06   5.51e-28
  1.2650e+06   5.10e-28
  1.3170e+06   4.72e-28
  1.3711e+06   4.36e-28
  1.4273e+06   4.03e-28
  1.4859e+06   3.73e-28
  1.5469e+06   3.44e-28
  1.6104e+06   3.18e-28
  1.6766e+06   2.94e-28
  1.7454e+06   2.71e-28
  1.8170e+06   2.50e-28
  1.8916e+06   2.31e-28
  1.9693e+06   2.13e-28
  2.0501e+06   1.96e-28
  2.1343e+06   1.81e-28
  2.2219e+06   1.66e-28
  2.3131e+06   1.53e-28
  2.4081e+06   1.41e-28
  2.5070e+06   1.29e-28
  2.6099e+06   1.19e-28
  2.7170e+06   1.09e-28
  2.8286e+06   9.96e-29
  2.9447e+06   9.12e-29
  3.0656e+06   8.33e-29
  3.1914e+06   7.62e-29
  3.3225e+06   6.95e-29
  3.4589e+06   6.33e-29
  3.6008e+06   5.77e-29
  3.7487e+06   5.24e-29
  3.9026e+06   4.75e-29
  4.0628e+06   4.31e-29
  4.2296e+06   3.90e-29
  4.4032e+06   3.52e-29
  4.5840e+06   3.18e-29
  4.7722e+06   2.86e-29
  4.9681e+06   2.57e-29
  5.1720e+06   2.30e-29
  5.3844e+06   2.05e-29
  5.6054e+06   1.83e-29
  5.8355e+06   1.63e-29
  6.0751e+06   1.45e-29
  6.3245e+06   1.28e-29
  6.5841e+06   1.13e-29
  6.8544e+06   9.95e-30
  7.1358e+06   8.75e-30
  7.4288e+06   7.64e-30
  7.7338e+06   6.64e-30
  8.0513e+06   5.78e-30
  8.3818e+06   4.99e-30
  8.7259e+06   4.28e-30
  9.0841e+06   3.67e-30
  9.4571e+06   3.12e-30
  9.8453e+06   2.63e-30
  1.0249e+07   2.22e-30
  1.0670e+07   1.84e-30
  1.1108e+07   1.53e-30
  1.1564e+07   1.26e-30
  1.2039e+07   1.02e-30
  1.2533e+07   8.24e-31
  1.3048e+07   6.57e-31
  1.3584e+07   5.15e-31
  1.4141e+07   4.01e-31
  1.4722e+07   3.07e-31
  1.5326e+07   2.29e-31
  1.5955e+07   1.70e-31
  1.6610e+07   1.22e-31
  1.7292e+07   8.58e-32
  1.8002e+07   5.89e-32
  1.8741e+07   3.89e-32
  1.9511e+07   2.47e-32
  2.0312e+07   1.51e-32
  2.1145e+07   8.76e-33
  2.2013e+07   4.79e-33
  2.2917e+07   2.47e-33
  2.3858e+07   1.16e-33
  2.4837e+07   5.00e-34
  2.5857e+07   1.93e-34
  2.6919e+07   6.47e-35
  2.8024e+07   1.87e-35
  2.9174e+07   4.44e-36
  3.0372e+07   8.26e-37
  3.1619e+07   1.17e-37
  3.2917e+07   1.17e-38
  3.4268e+07   7.41e-40
  3.5675e+07   2.79e-41
  3.7140e+07   5.26e-43
  3.8664e+07   4.13e-45
  4.0252e+07   1.09e-47
  4.1904e+07   6.89e-51
  4.3624e+07   6.79e-55
  4.5415e+07   6.01e-60
  4.7280e+07   2.10e-66
  4.9221e+07   3.49e-72
  5.1241e+07   3.01e-72
  5.3345e+07   2.56e-72
  5.5535e+07   2.20e-72
  5.7815e+07   1.90e-72
  6.0188e+07   1.63e-72
  6.2659e+07   1.42e-72
  6.5232e+07   1.24e-72
  6.7910e+07   1.07e-72
  7.0698e+07   9.48e-73
  7.3600e+07   8.42e-73
  7.6621e+07   7.42e-73
  7.9767e+07   6.70e-73
  8.3042e+07   6.03e-73
  8.6451e+07   5.41e-73
  9.0000e+07   4.95e-73
