#  E [MeV]   Flux [# cm^{-2} s^{-1}  MeV^{-1}]
  3.0000e+04   6.46e-20
  3.0943e+04   6.20e-20
  3.1916e+04   5.96e-20
  3.2920e+04   5.72e-20
  3.3955e+04   5.49e-20
  3.5023e+04   5.27e-20
  3.6124e+04   5.06e-20
  3.7260e+04   4.85e-20
  3.8432e+04   4.66e-20
  3.9640e+04   4.47e-20
  4.0887e+04   4.29e-20
  4.2172e+04   4.11e-20
  4.3499e+04   3.94e-20
  4.4866e+04   3.78e-20
  4.6277e+04   3.62e-20
  4.7732e+04   3.47e-20
  4.9233e+04   3.32e-20
  5.0781e+04   3.18e-20
  5.2378e+04   3.05e-20
  5.4025e+04   2.92e-20
  5.5724e+04   2.79e-20
  5.7476e+04   2.67e-20
  5.9284e+04   2.56e-20
  6.1148e+04   2.45e-20
  6.3071e+04   2.34e-20
  6.5054e+04   2.24e-20
  6.7100e+04   2.14e-20
  6.9210e+04   2.04e-20
  7.1386e+04   1.95e-20
  7.3631e+04   1.86e-20
  7.5946e+04   1.78e-20
  7.8334e+04   1.70e-20
  8.0797e+04   1.62e-20
  8.3338e+04   1.55e-20
  8.5959e+04   1.48e-20
  8.8662e+04   1.41e-20
  9.1450e+04   1.34e-20
  9.4325e+04   1.28e-20
  9.7291e+04   1.22e-20
  1.0035e+05   1.16e-20
  1.0351e+05   1.10e-20
  1.0676e+05   1.05e-20
  1.1012e+05   9.98e-21
  1.1358e+05   9.49e-21
  1.1715e+05   9.02e-21
  1.2084e+05   8.57e-21
  1.2464e+05   8.13e-21
  1.2856e+05   7.72e-21
  1.3260e+05   7.33e-21
  1.3677e+05   6.95e-21
  1.4107e+05   6.59e-21
  1.4550e+05   6.24e-21
  1.5008e+05   5.91e-21
  1.5480e+05   5.60e-21
  1.5967e+05   5.30e-21
  1.6469e+05   5.01e-21
  1.6987e+05   4.74e-21
  1.7521e+05   4.48e-21
  1.8072e+05   4.23e-21
  1.8640e+05   3.99e-21
  1.9226e+05   3.77e-21
  1.9831e+05   3.55e-21
  2.0454e+05   3.35e-21
  2.1097e+05   3.15e-21
  2.1761e+05   2.97e-21
  2.2445e+05   2.79e-21
  2.3151e+05   2.62e-21
  2.3879e+05   2.46e-21
  2.4630e+05   2.31e-21
  2.5404e+05   2.17e-21
  2.6203e+05   2.03e-21
  2.7027e+05   1.90e-21
  2.7877e+05   1.78e-21
  2.8753e+05   1.66e-21
  2.9657e+05   1.55e-21
  3.0590e+05   1.45e-21
  3.1552e+05   1.35e-21
  3.2544e+05   1.26e-21
  3.3567e+05   1.17e-21
  3.4623e+05   1.09e-21
  3.5712e+05   1.01e-21
  3.6835e+05   9.37e-22
  3.7993e+05   8.69e-22
  3.9188e+05   8.04e-22
  4.0420e+05   7.43e-22
  4.1691e+05   6.87e-22
  4.3002e+05   6.34e-22
  4.4354e+05   5.85e-22
  4.5749e+05   5.38e-22
  4.7187e+05   4.95e-22
  4.8671e+05   4.55e-22
  5.0202e+05   4.18e-22
  5.1780e+05   3.83e-22
  5.3409e+05   3.51e-22
  5.5088e+05   3.22e-22
  5.6820e+05   2.94e-22
  5.8607e+05   2.68e-22
  6.0450e+05   2.45e-22
  6.2351e+05   2.24e-22
  6.4311e+05   2.04e-22
  6.6334e+05   1.85e-22
  6.8419e+05   1.69e-22
  7.0571e+05   1.53e-22
  7.2790e+05   1.39e-22
  7.5079e+05   1.26e-22
  7.7440e+05   1.15e-22
  7.9875e+05   1.04e-22
  8.2387e+05   9.36e-23
  8.4977e+05   8.49e-23
  8.7649e+05   7.68e-23
  9.0405e+05   6.93e-23
  9.3248e+05   6.25e-23
  9.6180e+05   5.66e-23
  9.9205e+05   5.10e-23
  1.0232e+06   4.59e-23
  1.0554e+06   4.14e-23
  1.0886e+06   3.74e-23
  1.1228e+06   3.36e-23
  1.1581e+06   3.02e-23
  1.1946e+06   2.72e-23
  1.2321e+06   2.45e-23
  1.2709e+06   2.20e-23
  1.3108e+06   1.97e-23
  1.3521e+06   1.78e-23
  1.3946e+06   1.60e-23
  1.4384e+06   1.43e-23
  1.4837e+06   1.28e-23
  1.5303e+06   1.15e-23
  1.5784e+06   1.03e-23
  1.6281e+06   9.19e-24
  1.6793e+06   8.24e-24
  1.7321e+06   7.39e-24
  1.7865e+06   6.60e-24
  1.8427e+06   5.86e-24
  1.9006e+06   5.26e-24
  1.9604e+06   4.71e-24
  2.0221e+06   4.19e-24
  2.0856e+06   3.72e-24
  2.1512e+06   3.33e-24
  2.2189e+06   2.97e-24
  2.2886e+06   2.63e-24
  2.3606e+06   2.34e-24
  2.4348e+06   2.09e-24
  2.5114e+06   1.85e-24
  2.5904e+06   1.63e-24
  2.6718e+06   1.45e-24
  2.7558e+06   1.29e-24
  2.8425e+06   1.14e-24
  2.9319e+06   9.95e-25
  3.0241e+06   8.85e-25
  3.1192e+06   7.82e-25
  3.2173e+06   6.85e-25
  3.3184e+06   6.01e-25
  3.4228e+06   5.32e-25
  3.5304e+06   4.68e-25
  3.6414e+06   4.08e-25
  3.7559e+06   3.58e-25
  3.8740e+06   3.16e-25
  3.9958e+06   2.76e-25
  4.1215e+06   2.39e-25
  4.2511e+06   2.11e-25
  4.3848e+06   1.85e-25
  4.5227e+06   1.61e-25
  4.6649e+06   1.39e-25
  4.8116e+06   1.22e-25
  4.9629e+06   1.07e-25
  5.1189e+06   9.26e-26
  5.2799e+06   8.05e-26
  5.4459e+06   7.07e-26
  5.6171e+06   6.16e-26
  5.7938e+06   5.32e-26
  5.9760e+06   4.66e-26
  6.1639e+06   4.08e-26
  6.3577e+06   3.54e-26
  6.5576e+06   3.06e-26
  6.7638e+06   2.68e-26
  6.9765e+06   2.33e-26
  7.1959e+06   2.01e-26
  7.4222e+06   1.73e-26
  7.6556e+06   1.50e-26
  7.8963e+06   1.29e-26
  8.1446e+06   1.10e-26
  8.4007e+06   9.46e-27
  8.6649e+06   8.08e-27
  8.9373e+06   6.86e-27
  9.2184e+06   5.77e-27
  9.5082e+06   4.86e-27
  9.8072e+06   4.06e-27
  1.0116e+07   3.36e-27
  1.0434e+07   2.75e-27
  1.0762e+07   2.24e-27
  1.1100e+07   1.80e-27
  1.1449e+07   1.43e-27
  1.1809e+07   1.12e-27
  1.2181e+07   8.59e-28
  1.2564e+07   6.50e-28
  1.2959e+07   4.83e-28
  1.3366e+07   3.59e-28
  1.3786e+07   2.63e-28
  1.4220e+07   1.89e-28
