#  E [MeV]   Flux [# cm^{-2} s^{-1}  MeV^{-1}]
  3.0000e+04   9.33e-25
  3.0962e+04   9.02e-25
  3.1955e+04   8.72e-25
  3.2979e+04   8.42e-25
  3.4037e+04   8.14e-25
  3.5128e+04   7.86e-25
  3.6254e+04   7.60e-25
  3.7417e+04   7.34e-25
  3.8616e+04   7.08e-25
  3.9855e+04   6.84e-25
  4.1132e+04   6.60e-25
  4.2451e+04   6.37e-25
  4.3812e+04   6.14e-25
  4.5217e+04   5.92e-25
  4.6667e+04   5.71e-25
  4.8163e+04   5.51e-25
  4.9707e+04   5.31e-25
  5.1301e+04   5.11e-25
  5.2946e+04   4.92e-25
  5.4644e+04   4.74e-25
  5.6396e+04   4.56e-25
  5.8204e+04   4.39e-25
  6.0070e+04   4.22e-25
  6.1996e+04   4.06e-25
  6.3984e+04   3.91e-25
  6.6035e+04   3.76e-25
  6.8153e+04   3.61e-25
  7.0338e+04   3.47e-25
  7.2593e+04   3.33e-25
  7.4921e+04   3.20e-25
  7.7323e+04   3.07e-25
  7.9802e+04   2.94e-25
  8.2361e+04   2.82e-25
  8.5002e+04   2.70e-25
  8.7727e+04   2.59e-25
  9.0540e+04   2.48e-25
  9.3443e+04   2.38e-25
  9.6439e+04   2.27e-25
  9.9531e+04   2.18e-25
  1.0272e+05   2.08e-25
  1.0602e+05   1.99e-25
  1.0942e+05   1.90e-25
  1.1292e+05   1.81e-25
  1.1654e+05   1.73e-25
  1.2028e+05   1.65e-25
  1.2414e+05   1.57e-25
  1.2812e+05   1.50e-25
  1.3223e+05   1.43e-25
  1.3646e+05   1.36e-25
  1.4084e+05   1.29e-25
  1.4536e+05   1.23e-25
  1.5002e+05   1.17e-25
  1.5483e+05   1.11e-25
  1.5979e+05   1.06e-25
  1.6491e+05   1.00e-25
  1.7020e+05   9.49e-26
  1.7566e+05   9.00e-26
  1.8129e+05   8.52e-26
  1.8710e+05   8.06e-26
  1.9310e+05   7.62e-26
  1.9929e+05   7.20e-26
  2.0568e+05   6.80e-26
  2.1228e+05   6.41e-26
  2.1909e+05   6.04e-26
  2.2611e+05   5.69e-26
  2.3336e+05   5.36e-26
  2.4084e+05   5.04e-26
  2.4856e+05   4.74e-26
  2.5653e+05   4.45e-26
  2.6476e+05   4.18e-26
  2.7325e+05   3.92e-26
  2.8201e+05   3.67e-26
  2.9105e+05   3.43e-26
  3.0038e+05   3.21e-26
  3.1002e+05   3.00e-26
  3.1996e+05   2.80e-26
  3.3021e+05   2.61e-26
  3.4080e+05   2.43e-26
  3.5173e+05   2.26e-26
  3.6301e+05   2.10e-26
  3.7465e+05   1.95e-26
  3.8666e+05   1.81e-26
  3.9905e+05   1.67e-26
  4.1185e+05   1.55e-26
  4.2506e+05   1.43e-26
  4.3868e+05   1.32e-26
  4.5275e+05   1.22e-26
  4.6727e+05   1.12e-26
  4.8225e+05   1.03e-26
  4.9771e+05   9.49e-27
  5.1367e+05   8.71e-27
  5.3014e+05   7.99e-27
  5.4714e+05   7.32e-27
  5.6468e+05   6.70e-27
  5.8278e+05   6.13e-27
  6.0147e+05   5.60e-27
  6.2075e+05   5.12e-27
  6.4066e+05   4.66e-27
  6.6120e+05   4.25e-27
  6.8240e+05   3.87e-27
  7.0428e+05   3.53e-27
  7.2686e+05   3.20e-27
  7.5017e+05   2.91e-27
  7.7422e+05   2.64e-27
  7.9904e+05   2.40e-27
  8.2466e+05   2.17e-27
  8.5110e+05   1.97e-27
  8.7839e+05   1.79e-27
  9.0656e+05   1.61e-27
  9.3562e+05   1.46e-27
  9.6562e+05   1.32e-27
  9.9658e+05   1.20e-27
  1.0285e+06   1.08e-27
  1.0615e+06   9.78e-28
  1.0956e+06   8.85e-28
  1.1307e+06   7.98e-28
  1.1669e+06   7.20e-28
  1.2043e+06   6.51e-28
  1.2430e+06   5.87e-28
  1.2828e+06   5.28e-28
  1.3239e+06   4.77e-28
  1.3664e+06   4.31e-28
  1.4102e+06   3.88e-28
  1.4554e+06   3.49e-28
  1.5021e+06   3.15e-28
  1.5502e+06   2.84e-28
  1.6000e+06   2.55e-28
  1.6513e+06   2.29e-28
  1.7042e+06   2.07e-28
  1.7588e+06   1.86e-28
  1.8152e+06   1.67e-28
  1.8734e+06   1.50e-28
  1.9335e+06   1.35e-28
  1.9955e+06   1.21e-28
  2.0595e+06   1.08e-28
  2.1255e+06   9.72e-29
  2.1937e+06   8.71e-29
  2.2640e+06   7.78e-29
  2.3366e+06   6.95e-29
  2.4115e+06   6.23e-29
  2.4888e+06   5.57e-29
  2.5686e+06   4.94e-29
  2.6510e+06   4.42e-29
  2.7360e+06   3.94e-29
  2.8237e+06   3.50e-29
  2.9142e+06   3.10e-29
  3.0077e+06   2.76e-29
  3.1041e+06   2.45e-29
  3.2036e+06   2.16e-29
  3.3064e+06   1.91e-29
  3.4124e+06   1.69e-29
  3.5218e+06   1.49e-29
  3.6347e+06   1.30e-29
  3.7512e+06   1.15e-29
  3.8715e+06   1.01e-29
  3.9957e+06   8.81e-30
  4.1238e+06   7.64e-30
  4.2560e+06   6.71e-30
  4.3924e+06   5.85e-30
  4.5333e+06   5.06e-30
  4.6786e+06   4.38e-30
  4.8286e+06   3.81e-30
  4.9835e+06   3.28e-30
  5.1433e+06   2.80e-30
  5.3082e+06   2.42e-30
  5.4784e+06   2.08e-30
  5.6540e+06   1.77e-30
  5.8353e+06   1.50e-30
  6.0224e+06   1.28e-30
  6.2155e+06   1.09e-30
  6.4148e+06   9.12e-31
  6.6205e+06   7.65e-31
  6.8327e+06   6.43e-31
  7.0518e+06   5.34e-31
  7.2779e+06   4.38e-31
  7.5113e+06   3.64e-31
  7.7521e+06   3.01e-31
  8.0007e+06   2.45e-31
  8.2572e+06   1.98e-31
  8.5219e+06   1.62e-31
  8.7952e+06   1.31e-31
  9.0772e+06   1.05e-31
  9.3682e+06   8.40e-32
  9.6686e+06   6.76e-32
  9.9786e+06   5.36e-32
  1.0299e+07   4.19e-32
  1.0629e+07   3.32e-32
  1.0970e+07   2.60e-32
  1.1321e+07   2.00e-32
  1.1684e+07   1.53e-32
  1.2059e+07   1.18e-32
  1.2446e+07   8.86e-33
  1.2845e+07   6.56e-33
  1.3256e+07   4.81e-33
  1.3681e+07   3.46e-33
  1.4120e+07   2.44e-33
  1.4573e+07   1.67e-33
  1.5040e+07   1.12e-33
  1.5522e+07   7.29e-34
  1.6020e+07   4.58e-34
