#  E [GeV]   # per interaction  [GeV^{-1}]
  3.0000e+01   2.80e-02
  3.1141e+01   2.70e-02
  3.2326e+01   2.60e-02
  3.3556e+01   2.50e-02
  3.4832e+01   2.40e-02
  3.6157e+01   2.31e-02
  3.7533e+01   2.22e-02
  3.8961e+01   2.14e-02
  4.0443e+01   2.06e-02
  4.1982e+01   1.98e-02
  4.3579e+01   1.90e-02
  4.5237e+01   1.82e-02
  4.6958e+01   1.75e-02
  4.8744e+01   1.68e-02
  5.0598e+01   1.61e-02
  5.2523e+01   1.55e-02
  5.4521e+01   1.49e-02
  5.6596e+01   1.43e-02
  5.8749e+01   1.37e-02
  6.0984e+01   1.31e-02
  6.3304e+01   1.26e-02
  6.5712e+01   1.21e-02
  6.8212e+01   1.16e-02
  7.0807e+01   1.11e-02
  7.3500e+01   1.06e-02
  7.6297e+01   1.02e-02
  7.9199e+01   9.77e-03
  8.2212e+01   9.36e-03
  8.5340e+01   8.96e-03
  8.8586e+01   8.58e-03
  9.1956e+01   8.22e-03
  9.5455e+01   7.86e-03
  9.9086e+01   7.53e-03
  1.0286e+02   7.20e-03
  1.0677e+02   6.89e-03
  1.1083e+02   6.59e-03
  1.1505e+02   6.30e-03
  1.1942e+02   6.02e-03
  1.2397e+02   5.76e-03
  1.2868e+02   5.50e-03
  1.3358e+02   5.26e-03
  1.3866e+02   5.03e-03
  1.4394e+02   4.80e-03
  1.4941e+02   4.59e-03
  1.5509e+02   4.38e-03
  1.6100e+02   4.19e-03
  1.6712e+02   4.00e-03
  1.7348e+02   3.82e-03
  1.8008e+02   3.65e-03
  1.8693e+02   3.48e-03
  1.9404e+02   3.32e-03
  2.0142e+02   3.17e-03
  2.0908e+02   3.03e-03
  2.1704e+02   2.89e-03
  2.2529e+02   2.76e-03
  2.3387e+02   2.64e-03
  2.4276e+02   2.52e-03
  2.5200e+02   2.40e-03
  2.6158e+02   2.29e-03
  2.7154e+02   2.19e-03
  2.8187e+02   2.09e-03
  2.9259e+02   1.99e-03
  3.0372e+02   1.90e-03
  3.1527e+02   1.82e-03
  3.2727e+02   1.74e-03
  3.3972e+02   1.66e-03
  3.5264e+02   1.59e-03
  3.6606e+02   1.52e-03
  3.7998e+02   1.45e-03
  3.9444e+02   1.38e-03
  4.0945e+02   1.32e-03
  4.2502e+02   1.27e-03
  4.4119e+02   1.21e-03
  4.5798e+02   1.16e-03
  4.7540e+02   1.11e-03
  4.9348e+02   1.06e-03
  5.1226e+02   1.02e-03
  5.3175e+02   9.76e-04
  5.5198e+02   9.35e-04
  5.7297e+02   8.97e-04
  5.9477e+02   8.60e-04
  6.1740e+02   8.25e-04
  6.4089e+02   7.92e-04
  6.6527e+02   7.61e-04
  6.9058e+02   7.31e-04
  7.1685e+02   7.03e-04
  7.4412e+02   6.76e-04
  7.7243e+02   6.51e-04
  8.0181e+02   6.26e-04
  8.3232e+02   6.03e-04
  8.6398e+02   5.81e-04
  8.9685e+02   5.60e-04
  9.3097e+02   5.40e-04
  9.6638e+02   5.21e-04
  1.0031e+03   5.03e-04
  1.0413e+03   4.86e-04
  1.0809e+03   4.70e-04
  1.1220e+03   4.54e-04
  1.1647e+03   4.39e-04
  1.2090e+03   4.24e-04
  1.2550e+03   4.11e-04
  1.3028e+03   3.98e-04
  1.3523e+03   3.85e-04
  1.4038e+03   3.73e-04
  1.4572e+03   3.61e-04
  1.5126e+03   3.50e-04
  1.5702e+03   3.40e-04
  1.6299e+03   3.29e-04
  1.6919e+03   3.19e-04
  1.7563e+03   3.10e-04
  1.8231e+03   3.01e-04
  1.8925e+03   2.92e-04
  1.9645e+03   2.83e-04
  2.0392e+03   2.75e-04
  2.1168e+03   2.67e-04
  2.1973e+03   2.59e-04
  2.2809e+03   2.52e-04
  2.3677e+03   2.45e-04
  2.4577e+03   2.38e-04
  2.5512e+03   2.31e-04
  2.6483e+03   2.24e-04
  2.7490e+03   2.18e-04
  2.8536e+03   2.11e-04
  2.9622e+03   2.05e-04
  3.0749e+03   1.99e-04
  3.1918e+03   1.93e-04
  3.3133e+03   1.87e-04
  3.4393e+03   1.81e-04
  3.5702e+03   1.76e-04
  3.7060e+03   1.70e-04
  3.8470e+03   1.65e-04
  3.9933e+03   1.60e-04
  4.1452e+03   1.54e-04
  4.3029e+03   1.49e-04
  4.4666e+03   1.44e-04
  4.6366e+03   1.39e-04
  4.8129e+03   1.35e-04
  4.9960e+03   1.30e-04
  5.1861e+03   1.25e-04
  5.3834e+03   1.20e-04
  5.5882e+03   1.16e-04
  5.8008e+03   1.11e-04
  6.0215e+03   1.07e-04
  6.2506e+03   1.03e-04
  6.4883e+03   9.84e-05
  6.7352e+03   9.42e-05
  6.9914e+03   9.01e-05
  7.2574e+03   8.60e-05
  7.5335e+03   8.20e-05
  7.8201e+03   7.82e-05
  8.1176e+03   7.43e-05
  8.4264e+03   7.06e-05
  8.7470e+03   6.70e-05
  9.0797e+03   6.34e-05
  9.4251e+03   5.99e-05
  9.7837e+03   5.65e-05
  1.0156e+04   5.31e-05
  1.0542e+04   4.99e-05
  1.0943e+04   4.67e-05
  1.1360e+04   4.36e-05
  1.1792e+04   4.06e-05
  1.2240e+04   3.77e-05
  1.2706e+04   3.49e-05
  1.3189e+04   3.22e-05
  1.3691e+04   2.96e-05
  1.4212e+04   2.71e-05
  1.4753e+04   2.47e-05
  1.5314e+04   2.25e-05
  1.5897e+04   2.03e-05
  1.6501e+04   1.82e-05
  1.7129e+04   1.63e-05
  1.7781e+04   1.45e-05
  1.8457e+04   1.28e-05
  1.9159e+04   1.12e-05
  1.9888e+04   9.67e-06
  2.0645e+04   8.28e-06
  2.1430e+04   7.01e-06
  2.2245e+04   5.86e-06
  2.3092e+04   4.83e-06
  2.3970e+04   3.92e-06
  2.4882e+04   3.11e-06
  2.5829e+04   2.43e-06
  2.6811e+04   1.85e-06
  2.7831e+04   1.36e-06
  2.8890e+04   9.75e-07
  2.9989e+04   6.71e-07
  3.1130e+04   4.39e-07
  3.2314e+04   2.73e-07
  3.3544e+04   1.59e-07
  3.4820e+04   8.46e-08
  3.6144e+04   4.12e-08
  3.7519e+04   1.79e-08
  3.8947e+04   6.62e-09
  4.0428e+04   2.07e-09
  4.1966e+04   5.18e-10
  4.3563e+04   9.63e-11
  4.5220e+04   1.25e-11
  4.6941e+04   1.03e-12
  4.8726e+04   4.58e-14
  5.0580e+04   9.25e-16
