#  E [GeV]   # per interaction  [GeV^{-1}]
  3.0000e+01   1.58e-02
  3.0872e+01   1.53e-02
  3.1770e+01   1.48e-02
  3.2694e+01   1.44e-02
  3.3644e+01   1.39e-02
  3.4623e+01   1.34e-02
  3.5629e+01   1.30e-02
  3.6665e+01   1.26e-02
  3.7731e+01   1.22e-02
  3.8829e+01   1.18e-02
  3.9958e+01   1.14e-02
  4.1119e+01   1.11e-02
  4.2315e+01   1.07e-02
  4.3545e+01   1.04e-02
  4.4812e+01   1.00e-02
  4.6115e+01   9.72e-03
  4.7456e+01   9.41e-03
  4.8835e+01   9.12e-03
  5.0255e+01   8.83e-03
  5.1717e+01   8.56e-03
  5.3220e+01   8.29e-03
  5.4768e+01   8.03e-03
  5.6360e+01   7.79e-03
  5.7999e+01   7.55e-03
  5.9686e+01   7.31e-03
  6.1421e+01   7.09e-03
  6.3207e+01   6.88e-03
  6.5045e+01   6.67e-03
  6.6936e+01   6.47e-03
  6.8882e+01   6.28e-03
  7.0885e+01   6.10e-03
  7.2947e+01   5.92e-03
  7.5068e+01   5.75e-03
  7.7250e+01   5.58e-03
  7.9496e+01   5.43e-03
  8.1808e+01   5.27e-03
  8.4187e+01   5.12e-03
  8.6635e+01   4.98e-03
  8.9154e+01   4.84e-03
  9.1746e+01   4.71e-03
  9.4414e+01   4.58e-03
  9.7159e+01   4.46e-03
  9.9984e+01   4.34e-03
  1.0289e+02   4.22e-03
  1.0588e+02   4.10e-03
  1.0896e+02   4.00e-03
  1.1213e+02   3.90e-03
  1.1539e+02   3.80e-03
  1.1875e+02   3.70e-03
  1.2220e+02   3.61e-03
  1.2575e+02   3.52e-03
  1.2941e+02   3.43e-03
  1.3317e+02   3.34e-03
  1.3704e+02   3.26e-03
  1.4103e+02   3.18e-03
  1.4513e+02   3.10e-03
  1.4935e+02   3.03e-03
  1.5369e+02   2.95e-03
  1.5816e+02   2.88e-03
  1.6276e+02   2.82e-03
  1.6749e+02   2.75e-03
  1.7236e+02   2.68e-03
  1.7737e+02   2.62e-03
  1.8253e+02   2.56e-03
  1.8784e+02   2.50e-03
  1.9330e+02   2.44e-03
  1.9892e+02   2.38e-03
  2.0470e+02   2.33e-03
  2.1066e+02   2.27e-03
  2.1678e+02   2.22e-03
  2.2309e+02   2.17e-03
  2.2957e+02   2.12e-03
  2.3625e+02   2.06e-03
  2.4312e+02   2.02e-03
  2.5019e+02   1.97e-03
  2.5746e+02   1.92e-03
  2.6495e+02   1.87e-03
  2.7265e+02   1.83e-03
  2.8058e+02   1.78e-03
  2.8874e+02   1.74e-03
  2.9713e+02   1.69e-03
  3.0577e+02   1.65e-03
  3.1466e+02   1.61e-03
  3.2381e+02   1.57e-03
  3.3323e+02   1.53e-03
  3.4292e+02   1.49e-03
  3.5289e+02   1.45e-03
  3.6315e+02   1.41e-03
  3.7371e+02   1.37e-03
  3.8457e+02   1.33e-03
  3.9576e+02   1.29e-03
  4.0726e+02   1.26e-03
  4.1911e+02   1.22e-03
  4.3129e+02   1.19e-03
  4.4383e+02   1.15e-03
  4.5674e+02   1.12e-03
  4.7002e+02   1.08e-03
  4.8368e+02   1.05e-03
  4.9775e+02   1.02e-03
  5.1222e+02   9.85e-04
  5.2712e+02   9.54e-04
  5.4244e+02   9.23e-04
  5.5821e+02   8.93e-04
  5.7445e+02   8.63e-04
  5.9115e+02   8.35e-04
  6.0834e+02   8.06e-04
  6.2603e+02   7.79e-04
  6.4423e+02   7.52e-04
  6.6296e+02   7.26e-04
  6.8224e+02   7.00e-04
  7.0208e+02   6.75e-04
  7.2249e+02   6.51e-04
  7.4350e+02   6.27e-04
  7.6512e+02   6.04e-04
  7.8736e+02   5.82e-04
  8.1026e+02   5.61e-04
  8.3382e+02   5.40e-04
  8.5806e+02   5.19e-04
  8.8301e+02   5.00e-04
  9.0869e+02   4.80e-04
  9.3511e+02   4.62e-04
  9.6230e+02   4.44e-04
  9.9028e+02   4.26e-04
  1.0191e+03   4.10e-04
  1.0487e+03   3.94e-04
  1.0792e+03   3.78e-04
  1.1106e+03   3.63e-04
  1.1429e+03   3.48e-04
  1.1761e+03   3.34e-04
  1.2103e+03   3.20e-04
  1.2455e+03   3.07e-04
  1.2817e+03   2.95e-04
  1.3190e+03   2.82e-04
  1.3573e+03   2.71e-04
  1.3968e+03   2.59e-04
  1.4374e+03   2.48e-04
  1.4792e+03   2.38e-04
  1.5222e+03   2.27e-04
  1.5665e+03   2.17e-04
  1.6120e+03   2.08e-04
  1.6589e+03   1.99e-04
  1.7071e+03   1.90e-04
  1.7568e+03   1.81e-04
  1.8079e+03   1.72e-04
  1.8604e+03   1.64e-04
  1.9145e+03   1.56e-04
  1.9702e+03   1.49e-04
  2.0275e+03   1.41e-04
  2.0864e+03   1.34e-04
  2.1471e+03   1.27e-04
  2.2095e+03   1.21e-04
  2.2738e+03   1.14e-04
  2.3399e+03   1.08e-04
  2.4079e+03   1.02e-04
  2.4779e+03   9.65e-05
  2.5500e+03   9.10e-05
  2.6241e+03   8.58e-05
  2.7004e+03   8.08e-05
  2.7790e+03   7.58e-05
  2.8598e+03   7.12e-05
  2.9429e+03   6.67e-05
  3.0285e+03   6.24e-05
  3.1165e+03   5.83e-05
  3.2072e+03   5.43e-05
  3.3004e+03   5.06e-05
  3.3964e+03   4.69e-05
  3.4951e+03   4.34e-05
  3.5968e+03   4.01e-05
  3.7013e+03   3.70e-05
  3.8090e+03   3.40e-05
  3.9197e+03   3.12e-05
  4.0337e+03   2.85e-05
  4.1510e+03   2.60e-05
  4.2717e+03   2.36e-05
  4.3959e+03   2.15e-05
  4.5237e+03   1.94e-05
  4.6552e+03   1.75e-05
  4.7906e+03   1.57e-05
  4.9299e+03   1.41e-05
  5.0732e+03   1.26e-05
  5.2208e+03   1.12e-05
  5.3726e+03   9.94e-06
  5.5288e+03   8.81e-06
  5.6895e+03   7.75e-06
  5.8550e+03   6.77e-06
  6.0252e+03   5.89e-06
  6.2004e+03   5.16e-06
  6.3807e+03   4.48e-06
  6.5662e+03   3.85e-06
  6.7572e+03   3.30e-06
  6.9536e+03   2.86e-06
  7.1558e+03   2.46e-06
  7.3639e+03   2.09e-06
  7.5780e+03   1.77e-06
  7.7984e+03   1.54e-06
  8.0251e+03   1.32e-06
  8.2585e+03   1.13e-06
  8.4986e+03   9.59e-07
  8.7457e+03   8.50e-07
  9.0000e+03   7.49e-07
