#  E [GeV]   # per interaction  [GeV^{-1}]
  3.0000e+01   5.39e-01
  3.1141e+01   5.18e-01
  3.2326e+01   4.97e-01
  3.3556e+01   4.77e-01
  3.4832e+01   4.58e-01
  3.6157e+01   4.40e-01
  3.7533e+01   4.22e-01
  3.8961e+01   4.05e-01
  4.0443e+01   3.89e-01
  4.1982e+01   3.73e-01
  4.3579e+01   3.58e-01
  4.5237e+01   3.44e-01
  4.6958e+01   3.30e-01
  4.8744e+01   3.16e-01
  5.0598e+01   3.03e-01
  5.2523e+01   2.91e-01
  5.4521e+01   2.79e-01
  5.6596e+01   2.68e-01
  5.8749e+01   2.57e-01
  6.0984e+01   2.46e-01
  6.3304e+01   2.36e-01
  6.5712e+01   2.26e-01
  6.8212e+01   2.17e-01
  7.0807e+01   2.08e-01
  7.3500e+01   1.99e-01
  7.6297e+01   1.90e-01
  7.9199e+01   1.82e-01
  8.2212e+01   1.75e-01
  8.5340e+01   1.67e-01
  8.8586e+01   1.60e-01
  9.1956e+01   1.53e-01
  9.5455e+01   1.47e-01
  9.9086e+01   1.40e-01
  1.0286e+02   1.34e-01
  1.0677e+02   1.28e-01
  1.1083e+02   1.23e-01
  1.1505e+02   1.17e-01
  1.1942e+02   1.12e-01
  1.2397e+02   1.07e-01
  1.2868e+02   1.02e-01
  1.3358e+02   9.76e-02
  1.3866e+02   9.32e-02
  1.4394e+02   8.89e-02
  1.4941e+02   8.48e-02
  1.5509e+02   8.09e-02
  1.6100e+02   7.71e-02
  1.6712e+02   7.34e-02
  1.7348e+02   7.00e-02
  1.8008e+02   6.66e-02
  1.8693e+02   6.34e-02
  1.9404e+02   6.03e-02
  2.0142e+02   5.73e-02
  2.0908e+02   5.44e-02
  2.1704e+02   5.17e-02
  2.2529e+02   4.91e-02
  2.3387e+02   4.66e-02
  2.4276e+02   4.42e-02
  2.5200e+02   4.19e-02
  2.6158e+02   3.96e-02
  2.7154e+02   3.75e-02
  2.8187e+02   3.55e-02
  2.9259e+02   3.36e-02
  3.0372e+02   3.17e-02
  3.1527e+02   2.99e-02
  3.2727e+02   2.82e-02
  3.3972e+02   2.66e-02
  3.5264e+02   2.51e-02
  3.6606e+02   2.36e-02
  3.7998e+02   2.22e-02
  3.9444e+02   2.09e-02
  4.0945e+02   1.96e-02
  4.2502e+02   1.84e-02
  4.4119e+02   1.72e-02
  4.5798e+02   1.62e-02
  4.7540e+02   1.51e-02
  4.9348e+02   1.42e-02
  5.1226e+02   1.32e-02
  5.3175e+02   1.24e-02
  5.5198e+02   1.15e-02
  5.7297e+02   1.08e-02
  5.9477e+02   1.00e-02
  6.1740e+02   9.36e-03
  6.4089e+02   8.71e-03
  6.6527e+02   8.11e-03
  6.9058e+02   7.54e-03
  7.1685e+02   7.01e-03
  7.4412e+02   6.51e-03
  7.7243e+02   6.05e-03
  8.0181e+02   5.62e-03
  8.3232e+02   5.21e-03
  8.6398e+02   4.83e-03
  8.9685e+02   4.48e-03
  9.3097e+02   4.16e-03
  9.6638e+02   3.85e-03
  1.0031e+03   3.57e-03
  1.0413e+03   3.31e-03
  1.0809e+03   3.06e-03
  1.1220e+03   2.83e-03
  1.1647e+03   2.62e-03
  1.2090e+03   2.43e-03
  1.2550e+03   2.25e-03
  1.3028e+03   2.08e-03
  1.3523e+03   1.92e-03
  1.4038e+03   1.78e-03
  1.4572e+03   1.64e-03
  1.5126e+03   1.52e-03
  1.5702e+03   1.40e-03
  1.6299e+03   1.29e-03
  1.6919e+03   1.19e-03
  1.7563e+03   1.10e-03
  1.8231e+03   1.02e-03
  1.8925e+03   9.38e-04
  1.9645e+03   8.65e-04
  2.0392e+03   7.98e-04
  2.1168e+03   7.35e-04
  2.1973e+03   6.77e-04
  2.2809e+03   6.23e-04
  2.3677e+03   5.73e-04
  2.4577e+03   5.26e-04
  2.5512e+03   4.84e-04
  2.6483e+03   4.43e-04
  2.7490e+03   4.06e-04
  2.8536e+03   3.73e-04
  2.9622e+03   3.41e-04
  3.0749e+03   3.11e-04
  3.1918e+03   2.85e-04
  3.3133e+03   2.60e-04
  3.4393e+03   2.37e-04
  3.5702e+03   2.16e-04
  3.7060e+03   1.96e-04
  3.8470e+03   1.78e-04
  3.9933e+03   1.61e-04
  4.1452e+03   1.46e-04
  4.3029e+03   1.32e-04
  4.4666e+03   1.19e-04
  4.6366e+03   1.07e-04
  4.8129e+03   9.64e-05
  4.9960e+03   8.67e-05
  5.1861e+03   7.76e-05
  5.3834e+03   6.91e-05
  5.5882e+03   6.17e-05
  5.8008e+03   5.49e-05
  6.0215e+03   4.86e-05
  6.2506e+03   4.30e-05
  6.4883e+03   3.80e-05
  6.7352e+03   3.33e-05
  6.9914e+03   2.92e-05
  7.2574e+03   2.56e-05
  7.5335e+03   2.22e-05
  7.8201e+03   1.92e-05
  8.1176e+03   1.66e-05
  8.4264e+03   1.43e-05
  8.7470e+03   1.22e-05
  9.0797e+03   1.04e-05
  9.4251e+03   8.78e-06
  9.7837e+03   7.37e-06
  1.0156e+04   6.17e-06
  1.0542e+04   5.10e-06
  1.0943e+04   4.19e-06
  1.1360e+04   3.43e-06
  1.1792e+04   2.77e-06
  1.2240e+04   2.21e-06
  1.2706e+04   1.76e-06
  1.3189e+04   1.37e-06
  1.3691e+04   1.06e-06
  1.4212e+04   8.08e-07
  1.4753e+04   6.05e-07
  1.5314e+04   4.42e-07
  1.5897e+04   3.21e-07
  1.6501e+04   2.27e-07
  1.7129e+04   1.55e-07
  1.7781e+04   1.05e-07
  1.8457e+04   6.80e-08
  1.9159e+04   4.22e-08
  1.9888e+04   2.56e-08
  2.0645e+04   1.47e-08
  2.1430e+04   7.91e-09
  2.2245e+04   4.09e-09
  2.3092e+04   1.96e-09
  2.3970e+04   8.51e-10
  2.4882e+04   3.43e-10
  2.5829e+04   1.23e-10
  2.6811e+04   3.83e-11
  2.7831e+04   1.04e-11
  2.8890e+04   2.34e-12
  2.9989e+04   4.16e-13
  3.1130e+04   5.77e-14
  3.2314e+04   5.83e-15
  3.3544e+04   3.91e-16
  3.4820e+04   1.64e-17
  3.6144e+04   3.85e-19
  3.7519e+04   4.27e-21
  3.8947e+04   1.91e-23
  4.0428e+04   2.74e-26
  4.1966e+04   8.98e-30
  4.3563e+04   4.53e-34
  4.5220e+04   2.08e-39
  4.6941e+04   4.06e-46
  4.8726e+04   2.69e-48
  5.0580e+04   2.03e-48
