#  E [MeV]   Flux [# cm^{-2} s^{-1}  MeV^{-1}]
  3.0000e+04   8.61e-25
  3.1051e+04   8.30e-25
  3.2139e+04   7.99e-25
  3.3266e+04   7.70e-25
  3.4432e+04   7.42e-25
  3.5638e+04   7.15e-25
  3.6887e+04   6.88e-25
  3.8180e+04   6.63e-25
  3.9518e+04   6.38e-25
  4.0903e+04   6.14e-25
  4.2336e+04   5.92e-25
  4.3820e+04   5.69e-25
  4.5355e+04   5.48e-25
  4.6945e+04   5.27e-25
  4.8590e+04   5.07e-25
  5.0293e+04   4.88e-25
  5.2055e+04   4.69e-25
  5.3879e+04   4.51e-25
  5.5767e+04   4.34e-25
  5.7722e+04   4.17e-25
  5.9745e+04   4.01e-25
  6.1838e+04   3.85e-25
  6.4005e+04   3.70e-25
  6.6248e+04   3.55e-25
  6.8570e+04   3.41e-25
  7.0973e+04   3.28e-25
  7.3460e+04   3.14e-25
  7.6034e+04   3.02e-25
  7.8699e+04   2.90e-25
  8.1457e+04   2.78e-25
  8.4311e+04   2.66e-25
  8.7266e+04   2.55e-25
  9.0324e+04   2.45e-25
  9.3490e+04   2.35e-25
  9.6766e+04   2.25e-25
  1.0016e+05   2.15e-25
  1.0367e+05   2.06e-25
  1.0730e+05   1.97e-25
  1.1106e+05   1.89e-25
  1.1495e+05   1.80e-25
  1.1898e+05   1.72e-25
  1.2315e+05   1.65e-25
  1.2747e+05   1.57e-25
  1.3193e+05   1.50e-25
  1.3656e+05   1.44e-25
  1.4134e+05   1.37e-25
  1.4629e+05   1.31e-25
  1.5142e+05   1.25e-25
  1.5673e+05   1.19e-25
  1.6222e+05   1.13e-25
  1.6790e+05   1.08e-25
  1.7379e+05   1.02e-25
  1.7988e+05   9.74e-26
  1.8618e+05   9.26e-26
  1.9271e+05   8.80e-26
  1.9946e+05   8.35e-26
  2.0645e+05   7.93e-26
  2.1369e+05   7.52e-26
  2.2117e+05   7.12e-26
  2.2892e+05   6.75e-26
  2.3695e+05   6.39e-26
  2.4525e+05   6.04e-26
  2.5385e+05   5.71e-26
  2.6274e+05   5.39e-26
  2.7195e+05   5.09e-26
  2.8148e+05   4.80e-26
  2.9134e+05   4.52e-26
  3.0155e+05   4.26e-26
  3.1212e+05   4.01e-26
  3.2306e+05   3.77e-26
  3.3438e+05   3.54e-26
  3.4610e+05   3.32e-26
  3.5823e+05   3.11e-26
  3.7078e+05   2.92e-26
  3.8377e+05   2.73e-26
  3.9722e+05   2.55e-26
  4.1114e+05   2.39e-26
  4.2555e+05   2.23e-26
  4.4046e+05   2.08e-26
  4.5590e+05   1.94e-26
  4.7188e+05   1.80e-26
  4.8841e+05   1.68e-26
  5.0553e+05   1.56e-26
  5.2324e+05   1.45e-26
  5.4158e+05   1.35e-26
  5.6056e+05   1.25e-26
  5.8020e+05   1.16e-26
  6.0054e+05   1.07e-26
  6.2158e+05   9.94e-27
  6.4337e+05   9.20e-27
  6.6591e+05   8.51e-27
  6.8925e+05   7.86e-27
  7.1340e+05   7.26e-27
  7.3840e+05   6.70e-27
  7.6428e+05   6.18e-27
  7.9106e+05   5.70e-27
  8.1878e+05   5.25e-27
  8.4748e+05   4.84e-27
  8.7718e+05   4.46e-27
  9.0792e+05   4.10e-27
  9.3973e+05   3.77e-27
  9.7267e+05   3.47e-27
  1.0068e+06   3.20e-27
  1.0420e+06   2.94e-27
  1.0785e+06   2.70e-27
  1.1163e+06   2.49e-27
  1.1555e+06   2.28e-27
  1.1960e+06   2.10e-27
  1.2379e+06   1.93e-27
  1.2813e+06   1.77e-27
  1.3262e+06   1.63e-27
  1.3726e+06   1.50e-27
  1.4207e+06   1.37e-27
  1.4705e+06   1.26e-27
  1.5220e+06   1.16e-27
  1.5754e+06   1.06e-27
  1.6306e+06   9.74e-28
  1.6877e+06   8.93e-28
  1.7469e+06   8.19e-28
  1.8081e+06   7.51e-28
  1.8715e+06   6.87e-28
  1.9370e+06   6.30e-28
  2.0049e+06   5.77e-28
  2.0752e+06   5.27e-28
  2.1479e+06   4.82e-28
  2.2232e+06   4.41e-28
  2.3011e+06   4.03e-28
  2.3817e+06   3.67e-28
  2.4652e+06   3.36e-28
  2.5516e+06   3.06e-28
  2.6410e+06   2.78e-28
  2.7336e+06   2.53e-28
  2.8294e+06   2.30e-28
  2.9285e+06   2.08e-28
  3.0311e+06   1.89e-28
  3.1374e+06   1.71e-28
  3.2473e+06   1.55e-28
  3.3611e+06   1.39e-28
  3.4789e+06   1.26e-28
  3.6008e+06   1.13e-28
  3.7270e+06   1.02e-28
  3.8576e+06   9.13e-29
  3.9928e+06   8.18e-29
  4.1327e+06   7.30e-29
  4.2775e+06   6.51e-29
  4.4274e+06   5.80e-29
  4.5826e+06   5.15e-29
  4.7432e+06   4.55e-29
  4.9094e+06   4.03e-29
  5.0815e+06   3.55e-29
  5.2595e+06   3.11e-29
  5.4438e+06   2.73e-29
  5.6346e+06   2.39e-29
  5.8321e+06   2.07e-29
  6.0365e+06   1.79e-29
  6.2480e+06   1.55e-29
  6.4670e+06   1.34e-29
  6.6936e+06   1.14e-29
  6.9282e+06   9.77e-30
  7.1709e+06   8.30e-30
  7.4222e+06   6.98e-30
  7.6823e+06   5.89e-30
  7.9516e+06   4.94e-30
  8.2302e+06   4.09e-30
  8.5186e+06   3.37e-30
  8.8172e+06   2.78e-30
  9.1262e+06   2.27e-30
  9.4460e+06   1.82e-30
  9.7770e+06   1.47e-30
  1.0120e+07   1.17e-30
  1.0474e+07   9.17e-31
  1.0841e+07   7.18e-31
  1.1221e+07   5.56e-31
  1.1614e+07   4.21e-31
  1.2022e+07   3.16e-31
  1.2443e+07   2.36e-31
  1.2879e+07   1.72e-31
  1.3330e+07   1.22e-31
  1.3797e+07   8.73e-32
  1.4281e+07   6.06e-32
  1.4781e+07   4.06e-32
  1.5299e+07   2.70e-32
  1.5835e+07   1.76e-32
  1.6390e+07   1.10e-32
  1.6965e+07   6.62e-33
  1.7559e+07   3.94e-33
  1.8175e+07   2.22e-33
  1.8812e+07   1.17e-33
  1.9471e+07   6.13e-34
  2.0153e+07   2.98e-34
  2.0859e+07   1.33e-34
  2.1590e+07   5.63e-35
  2.2347e+07   2.19e-35
  2.3130e+07   7.59e-36
  2.3941e+07   2.34e-36
  2.4780e+07   6.43e-37
  2.5648e+07   1.49e-37
  2.6547e+07   2.77e-38
  2.7477e+07   4.44e-39
  2.8440e+07   5.38e-40
