#  E [MeV]   Flux [# cm^{-2} s^{-1}  MeV^{-1}]
  3.0000e+04   1.05e-21
  3.0607e+04   1.01e-21
  3.1227e+04   9.80e-22
  3.1859e+04   9.48e-22
  3.2504e+04   9.17e-22
  3.3163e+04   8.87e-22
  3.3834e+04   8.59e-22
  3.4519e+04   8.30e-22
  3.5218e+04   8.03e-22
  3.5931e+04   7.76e-22
  3.6659e+04   7.51e-22
  3.7401e+04   7.26e-22
  3.8158e+04   7.01e-22
  3.8931e+04   6.78e-22
  3.9719e+04   6.55e-22
  4.0523e+04   6.32e-22
  4.1344e+04   6.11e-22
  4.2181e+04   5.90e-22
  4.3035e+04   5.69e-22
  4.3906e+04   5.49e-22
  4.4795e+04   5.30e-22
  4.5702e+04   5.11e-22
  4.6628e+04   4.93e-22
  4.7572e+04   4.75e-22
  4.8535e+04   4.58e-22
  4.9517e+04   4.42e-22
  5.0520e+04   4.26e-22
  5.1543e+04   4.10e-22
  5.2587e+04   3.95e-22
  5.3651e+04   3.80e-22
  5.4738e+04   3.66e-22
  5.5846e+04   3.53e-22
  5.6977e+04   3.39e-22
  5.8130e+04   3.26e-22
  5.9307e+04   3.14e-22
  6.0508e+04   3.02e-22
  6.1733e+04   2.90e-22
  6.2983e+04   2.79e-22
  6.4258e+04   2.68e-22
  6.5559e+04   2.58e-22
  6.6887e+04   2.48e-22
  6.8241e+04   2.38e-22
  6.9623e+04   2.28e-22
  7.1033e+04   2.19e-22
  7.2471e+04   2.10e-22
  7.3938e+04   2.02e-22
  7.5435e+04   1.93e-22
  7.6963e+04   1.85e-22
  7.8521e+04   1.78e-22
  8.0111e+04   1.70e-22
  8.1733e+04   1.63e-22
  8.3388e+04   1.56e-22
  8.5076e+04   1.49e-22
  8.6799e+04   1.43e-22
  8.8556e+04   1.37e-22
  9.0349e+04   1.31e-22
  9.2178e+04   1.25e-22
  9.4045e+04   1.19e-22
  9.5949e+04   1.14e-22
  9.7892e+04   1.09e-22
  9.9874e+04   1.04e-22
  1.0190e+05   9.92e-23
  1.0396e+05   9.47e-23
  1.0606e+05   9.03e-23
  1.0821e+05   8.61e-23
  1.1040e+05   8.20e-23
  1.1264e+05   7.80e-23
  1.1492e+05   7.43e-23
  1.1725e+05   7.08e-23
  1.1962e+05   6.74e-23
  1.2204e+05   6.41e-23
  1.2451e+05   6.09e-23
  1.2703e+05   5.78e-23
  1.2961e+05   5.50e-23
  1.3223e+05   5.22e-23
  1.3491e+05   4.96e-23
  1.3764e+05   4.70e-23
  1.4043e+05   4.45e-23
  1.4327e+05   4.22e-23
  1.4617e+05   4.00e-23
  1.4913e+05   3.80e-23
  1.5215e+05   3.59e-23
  1.5523e+05   3.40e-23
  1.5837e+05   3.21e-23
  1.6158e+05   3.03e-23
  1.6485e+05   2.87e-23
  1.6819e+05   2.71e-23
  1.7159e+05   2.56e-23
  1.7507e+05   2.41e-23
  1.7861e+05   2.27e-23
  1.8223e+05   2.14e-23
  1.8592e+05   2.02e-23
  1.8968e+05   1.90e-23
  1.9352e+05   1.79e-23
  1.9744e+05   1.68e-23
  2.0144e+05   1.57e-23
  2.0552e+05   1.48e-23
  2.0968e+05   1.39e-23
  2.1392e+05   1.31e-23
  2.1826e+05   1.22e-23
  2.2267e+05   1.14e-23
  2.2718e+05   1.07e-23
  2.3178e+05   1.00e-23
  2.3648e+05   9.42e-24
  2.4126e+05   8.81e-24
  2.4615e+05   8.22e-24
  2.5113e+05   7.65e-24
  2.5622e+05   7.15e-24
  2.6141e+05   6.70e-24
  2.6670e+05   6.26e-24
  2.7210e+05   5.83e-24
  2.7761e+05   5.42e-24
  2.8323e+05   5.02e-24
  2.8896e+05   4.69e-24
  2.9481e+05   4.38e-24
  3.0078e+05   4.07e-24
  3.0687e+05   3.78e-24
  3.1309e+05   3.50e-24
  3.1943e+05   3.23e-24
  3.2589e+05   3.01e-24
  3.3249e+05   2.80e-24
  3.3922e+05   2.59e-24
  3.4609e+05   2.40e-24
  3.5310e+05   2.20e-24
  3.6025e+05   2.03e-24
  3.6754e+05   1.89e-24
  3.7498e+05   1.75e-24
  3.8258e+05   1.61e-24
  3.9032e+05   1.48e-24
  3.9823e+05   1.36e-24
  4.0629e+05   1.25e-24
  4.1452e+05   1.16e-24
  4.2291e+05   1.07e-24
  4.3147e+05   9.80e-25
  4.4021e+05   8.96e-25
  4.4912e+05   8.16e-25
  4.5821e+05   7.53e-25
  4.6749e+05   6.94e-25
  4.7696e+05   6.38e-25
  4.8661e+05   5.83e-25
  4.9647e+05   5.31e-25
  5.0652e+05   4.82e-25
  5.1678e+05   4.44e-25
  5.2724e+05   4.08e-25
  5.3791e+05   3.74e-25
  5.4881e+05   3.40e-25
  5.5992e+05   3.08e-25
  5.7125e+05   2.80e-25
  5.8282e+05   2.57e-25
  5.9462e+05   2.35e-25
  6.0666e+05   2.14e-25
  6.1894e+05   1.94e-25
  6.3148e+05   1.75e-25
  6.4426e+05   1.59e-25
  6.5731e+05   1.46e-25
  6.7061e+05   1.33e-25
  6.8419e+05   1.20e-25
  6.9805e+05   1.08e-25
  7.1218e+05   9.70e-26
  7.2660e+05   8.88e-26
  7.4131e+05   8.12e-26
  7.5632e+05   7.38e-26
  7.7163e+05   6.68e-26
  7.8726e+05   6.00e-26
  8.0320e+05   5.37e-26
  8.1946e+05   4.94e-26
  8.3605e+05   4.51e-26
  8.5298e+05   4.11e-26
  8.7025e+05   3.71e-26
  8.8787e+05   3.34e-26
  9.0585e+05   3.02e-26
  9.2419e+05   2.78e-26
  9.4290e+05   2.55e-26
  9.6199e+05   2.32e-26
  9.8147e+05   2.11e-26
  1.0013e+06   1.90e-26
  1.0216e+06   1.74e-26
  1.0423e+06   1.62e-26
  1.0634e+06   1.49e-26
  1.0849e+06   1.38e-26
  1.1069e+06   1.26e-26
  1.1293e+06   1.15e-26
  1.1522e+06   1.08e-26
  1.1755e+06   1.01e-26
  1.1993e+06   9.40e-27
  1.2236e+06   8.75e-27
  1.2484e+06   8.12e-27
  1.2736e+06   7.54e-27
  1.2994e+06   7.09e-27
  1.3257e+06   6.66e-27
  1.3526e+06   6.24e-27
  1.3800e+06   5.84e-27
  1.4079e+06   5.45e-27
  1.4364e+06   5.10e-27
  1.4655e+06   4.79e-27
  1.4952e+06   4.49e-27
  1.5255e+06   4.20e-27
  1.5563e+06   3.92e-27
  1.5879e+06   3.65e-27
  1.6200e+06   3.45e-27
