#  E [MeV]   Flux [# cm^{-2} s^{-1}  MeV^{-1}]
  3.0000e+04   3.08e-25
  3.0782e+04   2.97e-25
  3.1585e+04   2.87e-25
  3.2409e+04   2.77e-25
  3.3255e+04   2.67e-25
  3.4122e+04   2.58e-25
  3.5012e+04   2.49e-25
  3.5925e+04   2.40e-25
  3.6862e+04   2.32e-25
  3.7824e+04   2.23e-25
  3.8810e+04   2.16e-25
  3.9822e+04   2.08e-25
  4.0861e+04   2.01e-25
  4.1927e+04   1.93e-25
  4.3021e+04   1.86e-25
  4.4143e+04   1.80e-25
  4.5294e+04   1.73e-25
  4.6475e+04   1.67e-25
  4.7688e+04   1.61e-25
  4.8931e+04   1.55e-25
  5.0208e+04   1.50e-25
  5.1517e+04   1.44e-25
  5.2861e+04   1.39e-25
  5.4240e+04   1.34e-25
  5.5654e+04   1.29e-25
  5.7106e+04   1.24e-25
  5.8596e+04   1.20e-25
  6.0124e+04   1.15e-25
  6.1692e+04   1.11e-25
  6.3301e+04   1.07e-25
  6.4952e+04   1.03e-25
  6.6647e+04   9.90e-26
  6.8385e+04   9.53e-26
  7.0169e+04   9.18e-26
  7.1999e+04   8.83e-26
  7.3877e+04   8.50e-26
  7.5804e+04   8.18e-26
  7.7781e+04   7.87e-26
  7.9810e+04   7.58e-26
  8.1891e+04   7.29e-26
  8.4027e+04   7.02e-26
  8.6219e+04   6.75e-26
  8.8468e+04   6.50e-26
  9.0775e+04   6.26e-26
  9.3143e+04   6.02e-26
  9.5572e+04   5.79e-26
  9.8065e+04   5.57e-26
  1.0062e+05   5.36e-26
  1.0325e+05   5.16e-26
  1.0594e+05   4.96e-26
  1.0870e+05   4.78e-26
  1.1154e+05   4.60e-26
  1.1445e+05   4.42e-26
  1.1743e+05   4.25e-26
  1.2050e+05   4.09e-26
  1.2364e+05   3.94e-26
  1.2686e+05   3.79e-26
  1.3017e+05   3.64e-26
  1.3357e+05   3.50e-26
  1.3705e+05   3.37e-26
  1.4063e+05   3.24e-26
  1.4429e+05   3.12e-26
  1.4806e+05   3.00e-26
  1.5192e+05   2.89e-26
  1.5588e+05   2.78e-26
  1.5995e+05   2.67e-26
  1.6412e+05   2.57e-26
  1.6840e+05   2.47e-26
  1.7279e+05   2.38e-26
  1.7730e+05   2.29e-26
  1.8193e+05   2.20e-26
  1.8667e+05   2.12e-26
  1.9154e+05   2.03e-26
  1.9654e+05   1.96e-26
  2.0166e+05   1.88e-26
  2.0692e+05   1.81e-26
  2.1232e+05   1.74e-26
  2.1786e+05   1.67e-26
  2.2354e+05   1.61e-26
  2.2937e+05   1.55e-26
  2.3535e+05   1.49e-26
  2.4149e+05   1.43e-26
  2.4779e+05   1.38e-26
  2.5425e+05   1.32e-26
  2.6088e+05   1.27e-26
  2.6769e+05   1.22e-26
  2.7467e+05   1.18e-26
  2.8184e+05   1.13e-26
  2.8919e+05   1.09e-26
  2.9673e+05   1.05e-26
  3.0447e+05   1.01e-26
  3.1241e+05   9.68e-27
  3.2056e+05   9.30e-27
  3.2892e+05   8.94e-27
  3.3750e+05   8.59e-27
  3.4630e+05   8.25e-27
  3.5533e+05   7.93e-27
  3.6460e+05   7.62e-27
  3.7411e+05   7.32e-27
  3.8387e+05   7.03e-27
  3.9388e+05   6.76e-27
  4.0416e+05   6.49e-27
  4.1470e+05   6.24e-27
  4.2551e+05   5.99e-27
  4.3661e+05   5.75e-27
  4.4800e+05   5.52e-27
  4.5969e+05   5.30e-27
  4.7168e+05   5.09e-27
  4.8398e+05   4.89e-27
  4.9660e+05   4.69e-27
  5.0956e+05   4.50e-27
  5.2285e+05   4.32e-27
  5.3648e+05   4.15e-27
  5.5048e+05   3.98e-27
  5.6483e+05   3.82e-27
  5.7957e+05   3.67e-27
  5.9468e+05   3.52e-27
  6.1020e+05   3.37e-27
  6.2611e+05   3.24e-27
  6.4244e+05   3.11e-27
  6.5920e+05   2.98e-27
  6.7639e+05   2.86e-27
  6.9403e+05   2.74e-27
  7.1214e+05   2.63e-27
  7.3071e+05   2.52e-27
  7.4977e+05   2.42e-27
  7.6933e+05   2.32e-27
  7.8939e+05   2.23e-27
  8.0998e+05   2.14e-27
  8.3111e+05   2.05e-27
  8.5279e+05   1.97e-27
  8.7503e+05   1.89e-27
  8.9785e+05   1.81e-27
  9.2127e+05   1.74e-27
  9.4530e+05   1.67e-27
  9.6996e+05   1.60e-27
  9.9526e+05   1.54e-27
  1.0212e+06   1.48e-27
  1.0479e+06   1.42e-27
  1.0752e+06   1.36e-27
  1.1032e+06   1.31e-27
  1.1320e+06   1.25e-27
  1.1615e+06   1.20e-27
  1.1918e+06   1.16e-27
  1.2229e+06   1.11e-27
  1.2548e+06   1.07e-27
  1.2875e+06   1.02e-27
  1.3211e+06   9.84e-28
  1.3556e+06   9.45e-28
  1.3909e+06   9.08e-28
  1.4272e+06   8.72e-28
  1.4644e+06   8.38e-28
  1.5026e+06   8.05e-28
  1.5418e+06   7.73e-28
  1.5820e+06   7.43e-28
  1.6233e+06   7.14e-28
  1.6657e+06   6.85e-28
  1.7091e+06   6.59e-28
  1.7537e+06   6.33e-28
  1.7994e+06   6.08e-28
  1.8464e+06   5.84e-28
  1.8945e+06   5.61e-28
  1.9439e+06   5.39e-28
  1.9946e+06   5.18e-28
  2.0467e+06   4.97e-28
  2.1000e+06   4.78e-28
  2.1548e+06   4.59e-28
  2.2110e+06   4.40e-28
  2.2687e+06   4.23e-28
  2.3279e+06   4.06e-28
  2.3886e+06   3.90e-28
  2.4509e+06   3.74e-28
  2.5148e+06   3.59e-28
  2.5804e+06   3.44e-28
  2.6477e+06   3.30e-28
  2.7168e+06   3.16e-28
  2.7876e+06   3.03e-28
  2.8603e+06   2.90e-28
  2.9349e+06   2.78e-28
  3.0115e+06   2.66e-28
  3.0900e+06   2.55e-28
  3.1706e+06   2.44e-28
  3.2533e+06   2.34e-28
  3.3382e+06   2.23e-28
  3.4253e+06   2.14e-28
  3.5146e+06   2.04e-28
  3.6063e+06   1.95e-28
  3.7003e+06   1.86e-28
  3.7969e+06   1.78e-28
  3.8959e+06   1.70e-28
  3.9975e+06   1.62e-28
  4.1018e+06   1.54e-28
  4.2088e+06   1.47e-28
  4.3185e+06   1.40e-28
  4.4312e+06   1.33e-28
  4.5467e+06   1.26e-28
  4.6653e+06   1.20e-28
  4.7870e+06   1.14e-28
  4.9119e+06   1.09e-28
  5.0400e+06   1.04e-28
