#  E [GeV]   # per interaction  [GeV^{-1}]
  3.0000e+01   5.93e-01
  3.1033e+01   5.73e-01
  3.2102e+01   5.53e-01
  3.3207e+01   5.33e-01
  3.4350e+01   5.15e-01
  3.5533e+01   4.97e-01
  3.6757e+01   4.79e-01
  3.8022e+01   4.62e-01
  3.9332e+01   4.46e-01
  4.0686e+01   4.30e-01
  4.2087e+01   4.15e-01
  4.3536e+01   4.00e-01
  4.5035e+01   3.85e-01
  4.6586e+01   3.71e-01
  4.8190e+01   3.58e-01
  4.9850e+01   3.45e-01
  5.1566e+01   3.32e-01
  5.3342e+01   3.20e-01
  5.5178e+01   3.08e-01
  5.7078e+01   2.97e-01
  5.9044e+01   2.85e-01
  6.1077e+01   2.75e-01
  6.3180e+01   2.64e-01
  6.5356e+01   2.54e-01
  6.7606e+01   2.45e-01
  6.9934e+01   2.35e-01
  7.2342e+01   2.26e-01
  7.4833e+01   2.17e-01
  7.7410e+01   2.09e-01
  8.0075e+01   2.01e-01
  8.2833e+01   1.93e-01
  8.5685e+01   1.85e-01
  8.8635e+01   1.77e-01
  9.1687e+01   1.70e-01
  9.4844e+01   1.63e-01
  9.8110e+01   1.57e-01
  1.0149e+02   1.50e-01
  1.0498e+02   1.44e-01
  1.0860e+02   1.38e-01
  1.1234e+02   1.32e-01
  1.1621e+02   1.26e-01
  1.2021e+02   1.21e-01
  1.2435e+02   1.16e-01
  1.2863e+02   1.11e-01
  1.3306e+02   1.06e-01
  1.3764e+02   1.01e-01
  1.4238e+02   9.66e-02
  1.4728e+02   9.23e-02
  1.5235e+02   8.81e-02
  1.5760e+02   8.41e-02
  1.6302e+02   8.02e-02
  1.6864e+02   7.64e-02
  1.7445e+02   7.28e-02
  1.8045e+02   6.93e-02
  1.8667e+02   6.60e-02
  1.9309e+02   6.28e-02
  1.9974e+02   5.97e-02
  2.0662e+02   5.68e-02
  2.1373e+02   5.39e-02
  2.2109e+02   5.12e-02
  2.2871e+02   4.86e-02
  2.3658e+02   4.61e-02
  2.4473e+02   4.37e-02
  2.5316e+02   4.14e-02
  2.6187e+02   3.92e-02
  2.7089e+02   3.71e-02
  2.8022e+02   3.51e-02
  2.8987e+02   3.32e-02
  2.9985e+02   3.14e-02
  3.1017e+02   2.96e-02
  3.2085e+02   2.79e-02
  3.3190e+02   2.63e-02
  3.4333e+02   2.48e-02
  3.5515e+02   2.34e-02
  3.6738e+02   2.20e-02
  3.8003e+02   2.07e-02
  3.9312e+02   1.95e-02
  4.0665e+02   1.83e-02
  4.2066e+02   1.72e-02
  4.3514e+02   1.61e-02
  4.5013e+02   1.51e-02
  4.6562e+02   1.42e-02
  4.8166e+02   1.33e-02
  4.9824e+02   1.24e-02
  5.1540e+02   1.16e-02
  5.3315e+02   1.09e-02
  5.5150e+02   1.02e-02
  5.7050e+02   9.50e-03
  5.9014e+02   8.87e-03
  6.1046e+02   8.27e-03
  6.3148e+02   7.71e-03
  6.5322e+02   7.18e-03
  6.7572e+02   6.68e-03
  6.9898e+02   6.22e-03
  7.2305e+02   5.78e-03
  7.4795e+02   5.37e-03
  7.7371e+02   4.98e-03
  8.0035e+02   4.63e-03
  8.2791e+02   4.29e-03
  8.5641e+02   3.97e-03
  8.8590e+02   3.68e-03
  9.1641e+02   3.41e-03
  9.4796e+02   3.15e-03
  9.8061e+02   2.92e-03
  1.0144e+03   2.70e-03
  1.0493e+03   2.49e-03
  1.0854e+03   2.30e-03
  1.1228e+03   2.12e-03
  1.1615e+03   1.96e-03
  1.2015e+03   1.80e-03
  1.2428e+03   1.66e-03
  1.2856e+03   1.53e-03
  1.3299e+03   1.41e-03
  1.3757e+03   1.29e-03
  1.4231e+03   1.19e-03
  1.4721e+03   1.09e-03
  1.5228e+03   9.99e-04
  1.5752e+03   9.16e-04
  1.6294e+03   8.40e-04
  1.6855e+03   7.69e-04
  1.7436e+03   7.03e-04
  1.8036e+03   6.44e-04
  1.8657e+03   5.89e-04
  1.9300e+03   5.36e-04
  1.9964e+03   4.90e-04
  2.0652e+03   4.47e-04
  2.1363e+03   4.07e-04
  2.2098e+03   3.70e-04
  2.2859e+03   3.37e-04
  2.3646e+03   3.06e-04
  2.4461e+03   2.77e-04
  2.5303e+03   2.52e-04
  2.6174e+03   2.29e-04
  2.7075e+03   2.07e-04
  2.8008e+03   1.87e-04
  2.8972e+03   1.69e-04
  2.9970e+03   1.53e-04
  3.1002e+03   1.37e-04
  3.2069e+03   1.24e-04
  3.3173e+03   1.12e-04
  3.4316e+03   9.99e-05
  3.5497e+03   9.00e-05
  3.6720e+03   8.08e-05
  3.7984e+03   7.22e-05
  3.9292e+03   6.45e-05
  4.0645e+03   5.79e-05
  4.2044e+03   5.17e-05
  4.3492e+03   4.58e-05
  4.4990e+03   4.10e-05
  4.6539e+03   3.65e-05
  4.8141e+03   3.23e-05
  4.9799e+03   2.87e-05
  5.1514e+03   2.55e-05
  5.3288e+03   2.25e-05
  5.5123e+03   1.98e-05
  5.7021e+03   1.75e-05
  5.8984e+03   1.54e-05
  6.1015e+03   1.35e-05
  6.3116e+03   1.19e-05
  6.5289e+03   1.04e-05
  6.7538e+03   9.09e-06
  6.9863e+03   7.91e-06
  7.2269e+03   6.94e-06
  7.4757e+03   6.03e-06
  7.7331e+03   5.19e-06
  7.9994e+03   4.53e-06
  8.2749e+03   3.93e-06
  8.5598e+03   3.37e-06
  8.8546e+03   2.90e-06
  9.1594e+03   2.51e-06
  9.4748e+03   2.14e-06
  9.8011e+03   1.82e-06
  1.0139e+04   1.56e-06
  1.0488e+04   1.33e-06
  1.0849e+04   1.12e-06
  1.1222e+04   9.48e-07
  1.1609e+04   7.99e-07
  1.2009e+04   6.65e-07
  1.2422e+04   5.52e-07
  1.2850e+04   4.63e-07
  1.3292e+04   3.82e-07
  1.3750e+04   3.11e-07
  1.4223e+04   2.58e-07
  1.4713e+04   2.12e-07
  1.5220e+04   1.71e-07
  1.5744e+04   1.39e-07
  1.6286e+04   1.13e-07
  1.6847e+04   9.03e-08
  1.7427e+04   7.15e-08
  1.8027e+04   5.73e-08
  1.8648e+04   4.51e-08
  1.9290e+04   3.48e-08
  1.9954e+04   2.69e-08
  2.0641e+04   2.05e-08
  2.1352e+04   1.52e-08
  2.2087e+04   1.10e-08
  2.2848e+04   7.86e-09
  2.3634e+04   5.41e-09
  2.4448e+04   3.57e-09
  2.5290e+04   2.27e-09
