#  E [GeV]   # per interaction  [GeV^{-1}]
  3.0000e+01   5.44e-01
  3.1123e+01   5.22e-01
  3.2288e+01   5.01e-01
  3.3497e+01   4.81e-01
  3.4751e+01   4.62e-01
  3.6051e+01   4.43e-01
  3.7401e+01   4.25e-01
  3.8801e+01   4.08e-01
  4.0253e+01   3.91e-01
  4.1760e+01   3.75e-01
  4.3324e+01   3.60e-01
  4.4945e+01   3.45e-01
  4.6628e+01   3.31e-01
  4.8373e+01   3.18e-01
  5.0184e+01   3.04e-01
  5.2063e+01   2.92e-01
  5.4011e+01   2.80e-01
  5.6033e+01   2.68e-01
  5.8131e+01   2.57e-01
  6.0307e+01   2.46e-01
  6.2564e+01   2.36e-01
  6.4906e+01   2.26e-01
  6.7336e+01   2.16e-01
  6.9857e+01   2.07e-01
  7.2472e+01   1.98e-01
  7.5184e+01   1.90e-01
  7.7999e+01   1.81e-01
  8.0919e+01   1.74e-01
  8.3948e+01   1.66e-01
  8.7090e+01   1.59e-01
  9.0350e+01   1.52e-01
  9.3732e+01   1.45e-01
  9.7241e+01   1.39e-01
  1.0088e+02   1.33e-01
  1.0466e+02   1.27e-01
  1.0858e+02   1.21e-01
  1.1264e+02   1.15e-01
  1.1686e+02   1.10e-01
  1.2123e+02   1.05e-01
  1.2577e+02   1.00e-01
  1.3048e+02   9.56e-02
  1.3536e+02   9.12e-02
  1.4043e+02   8.69e-02
  1.4568e+02   8.27e-02
  1.5114e+02   7.88e-02
  1.5680e+02   7.49e-02
  1.6266e+02   7.13e-02
  1.6875e+02   6.78e-02
  1.7507e+02   6.44e-02
  1.8162e+02   6.11e-02
  1.8842e+02   5.81e-02
  1.9548e+02   5.51e-02
  2.0279e+02   5.22e-02
  2.1039e+02   4.95e-02
  2.1826e+02   4.69e-02
  2.2643e+02   4.44e-02
  2.3491e+02   4.20e-02
  2.4370e+02   3.97e-02
  2.5282e+02   3.75e-02
  2.6229e+02   3.55e-02
  2.7211e+02   3.35e-02
  2.8229e+02   3.15e-02
  2.9286e+02   2.97e-02
  3.0382e+02   2.79e-02
  3.1519e+02   2.62e-02
  3.2699e+02   2.47e-02
  3.3923e+02   2.31e-02
  3.5193e+02   2.17e-02
  3.6511e+02   2.03e-02
  3.7877e+02   1.90e-02
  3.9295e+02   1.78e-02
  4.0766e+02   1.66e-02
  4.2292e+02   1.55e-02
  4.3875e+02   1.45e-02
  4.5518e+02   1.35e-02
  4.7222e+02   1.26e-02
  4.8989e+02   1.17e-02
  5.0823e+02   1.09e-02
  5.2726e+02   1.01e-02
  5.4699e+02   9.36e-03
  5.6747e+02   8.68e-03
  5.8871e+02   8.04e-03
  6.1075e+02   7.44e-03
  6.3361e+02   6.88e-03
  6.5733e+02   6.36e-03
  6.8194e+02   5.88e-03
  7.0746e+02   5.43e-03
  7.3395e+02   5.01e-03
  7.6142e+02   4.62e-03
  7.8992e+02   4.27e-03
  8.1949e+02   3.93e-03
  8.5017e+02   3.62e-03
  8.8199e+02   3.34e-03
  9.1501e+02   3.08e-03
  9.4926e+02   2.83e-03
  9.8479e+02   2.61e-03
  1.0217e+03   2.40e-03
  1.0599e+03   2.21e-03
  1.0996e+03   2.03e-03
  1.1407e+03   1.87e-03
  1.1834e+03   1.72e-03
  1.2277e+03   1.58e-03
  1.2737e+03   1.45e-03
  1.3214e+03   1.34e-03
  1.3708e+03   1.23e-03
  1.4222e+03   1.13e-03
  1.4754e+03   1.04e-03
  1.5306e+03   9.56e-04
  1.5879e+03   8.79e-04
  1.6474e+03   8.08e-04
  1.7090e+03   7.42e-04
  1.7730e+03   6.82e-04
  1.8394e+03   6.26e-04
  1.9082e+03   5.75e-04
  1.9797e+03   5.28e-04
  2.0538e+03   4.85e-04
  2.1306e+03   4.45e-04
  2.2104e+03   4.08e-04
  2.2931e+03   3.73e-04
  2.3790e+03   3.42e-04
  2.4680e+03   3.13e-04
  2.5604e+03   2.86e-04
  2.6563e+03   2.61e-04
  2.7557e+03   2.39e-04
  2.8589e+03   2.18e-04
  2.9659e+03   1.98e-04
  3.0769e+03   1.81e-04
  3.1921e+03   1.64e-04
  3.3116e+03   1.49e-04
  3.4355e+03   1.35e-04
  3.5641e+03   1.23e-04
  3.6976e+03   1.11e-04
  3.8360e+03   1.00e-04
  3.9796e+03   9.05e-05
  4.1285e+03   8.14e-05
  4.2831e+03   7.32e-05
  4.4434e+03   6.57e-05
  4.6097e+03   5.87e-05
  4.7823e+03   5.24e-05
  4.9613e+03   4.68e-05
  5.1470e+03   4.16e-05
  5.3397e+03   3.68e-05
  5.5396e+03   3.27e-05
  5.7470e+03   2.88e-05
  5.9621e+03   2.53e-05
  6.1853e+03   2.22e-05
  6.4168e+03   1.94e-05
  6.6570e+03   1.69e-05
  6.9062e+03   1.47e-05
  7.1647e+03   1.27e-05
  7.4329e+03   1.09e-05
  7.7112e+03   9.35e-06
  7.9998e+03   7.98e-06
  8.2993e+03   6.76e-06
  8.6100e+03   5.71e-06
  8.9323e+03   4.80e-06
  9.2666e+03   3.99e-06
  9.6135e+03   3.30e-06
  9.9734e+03   2.72e-06
  1.0347e+04   2.21e-06
  1.0734e+04   1.79e-06
  1.1136e+04   1.44e-06
  1.1553e+04   1.14e-06
  1.1985e+04   8.89e-07
  1.2434e+04   6.91e-07
  1.2899e+04   5.28e-07
  1.3382e+04   3.96e-07
  1.3883e+04   2.95e-07
  1.4403e+04   2.15e-07
  1.4942e+04   1.52e-07
  1.5501e+04   1.07e-07
  1.6081e+04   7.25e-08
  1.6683e+04   4.77e-08
  1.7308e+04   3.07e-08
  1.7956e+04   1.90e-08
  1.8628e+04   1.12e-08
  1.9325e+04   6.35e-09
  2.0049e+04   3.41e-09
  2.0799e+04   1.71e-09
  2.1578e+04   8.01e-10
  2.2386e+04   3.46e-10
  2.3224e+04   1.35e-10
  2.4093e+04   4.71e-11
  2.4995e+04   1.44e-11
  2.5930e+04   3.75e-12
  2.6901e+04   8.16e-13
  2.7908e+04   1.44e-13
  2.8953e+04   1.95e-14
  3.0037e+04   1.93e-15
  3.1161e+04   1.35e-16
  3.2327e+04   5.91e-18
  3.3537e+04   1.50e-19
  3.4793e+04   2.09e-21
  3.6095e+04   1.26e-23
  3.7446e+04   2.72e-26
  3.8848e+04   2.08e-29
  4.0302e+04   3.09e-33
  4.1811e+04   6.14e-38
  4.3376e+04   1.08e-43
  4.5000e+04   1.18e-45
