#  E [GeV]   # per interaction  [GeV^{-1}]
  3.0000e+01   2.51e-01
  3.0607e+01   2.42e-01
  3.1227e+01   2.34e-01
  3.1859e+01   2.26e-01
  3.2504e+01   2.18e-01
  3.3163e+01   2.10e-01
  3.3834e+01   2.03e-01
  3.4519e+01   1.96e-01
  3.5218e+01   1.89e-01
  3.5931e+01   1.82e-01
  3.6659e+01   1.75e-01
  3.7401e+01   1.69e-01
  3.8158e+01   1.63e-01
  3.8931e+01   1.57e-01
  3.9719e+01   1.51e-01
  4.0523e+01   1.45e-01
  4.1344e+01   1.40e-01
  4.2181e+01   1.35e-01
  4.3035e+01   1.30e-01
  4.3906e+01   1.25e-01
  4.4795e+01   1.20e-01
  4.5702e+01   1.15e-01
  4.6628e+01   1.11e-01
  4.7572e+01   1.07e-01
  4.8535e+01   1.02e-01
  4.9517e+01   9.84e-02
  5.0520e+01   9.45e-02
  5.1543e+01   9.07e-02
  5.2587e+01   8.71e-02
  5.3651e+01   8.36e-02
  5.4738e+01   8.02e-02
  5.5846e+01   7.69e-02
  5.6977e+01   7.38e-02
  5.8130e+01   7.08e-02
  5.9307e+01   6.78e-02
  6.0508e+01   6.50e-02
  6.1733e+01   6.22e-02
  6.2983e+01   5.97e-02
  6.4258e+01   5.71e-02
  6.5559e+01   5.47e-02
  6.6887e+01   5.23e-02
  6.8241e+01   5.00e-02
  6.9623e+01   4.79e-02
  7.1033e+01   4.58e-02
  7.2471e+01   4.38e-02
  7.3938e+01   4.19e-02
  7.5435e+01   4.00e-02
  7.6963e+01   3.82e-02
  7.8521e+01   3.65e-02
  8.0111e+01   3.48e-02
  8.1733e+01   3.32e-02
  8.3388e+01   3.17e-02
  8.5076e+01   3.02e-02
  8.6799e+01   2.88e-02
  8.8556e+01   2.74e-02
  9.0349e+01   2.62e-02
  9.2178e+01   2.49e-02
  9.4045e+01   2.37e-02
  9.5949e+01   2.25e-02
  9.7892e+01   2.15e-02
  9.9874e+01   2.04e-02
  1.0190e+02   1.94e-02
  1.0396e+02   1.85e-02
  1.0606e+02   1.75e-02
  1.0821e+02   1.66e-02
  1.1040e+02   1.58e-02
  1.1264e+02   1.50e-02
  1.1492e+02   1.43e-02
  1.1725e+02   1.35e-02
  1.1962e+02   1.28e-02
  1.2204e+02   1.21e-02
  1.2451e+02   1.15e-02
  1.2703e+02   1.09e-02
  1.2961e+02   1.03e-02
  1.3223e+02   9.77e-03
  1.3491e+02   9.23e-03
  1.3764e+02   8.73e-03
  1.4043e+02   8.27e-03
  1.4327e+02   7.82e-03
  1.4617e+02   7.39e-03
  1.4913e+02   6.97e-03
  1.5215e+02   6.57e-03
  1.5523e+02   6.20e-03
  1.5837e+02   5.86e-03
  1.6158e+02   5.53e-03
  1.6485e+02   5.21e-03
  1.6819e+02   4.90e-03
  1.7159e+02   4.60e-03
  1.7507e+02   4.34e-03
  1.7861e+02   4.09e-03
  1.8223e+02   3.84e-03
  1.8592e+02   3.61e-03
  1.8968e+02   3.39e-03
  1.9352e+02   3.17e-03
  1.9744e+02   2.99e-03
  2.0144e+02   2.81e-03
  2.0552e+02   2.64e-03
  2.0968e+02   2.47e-03
  2.1392e+02   2.31e-03
  2.1826e+02   2.16e-03
  2.2267e+02   2.03e-03
  2.2718e+02   1.90e-03
  2.3178e+02   1.78e-03
  2.3648e+02   1.66e-03
  2.4126e+02   1.55e-03
  2.4615e+02   1.45e-03
  2.5113e+02   1.36e-03
  2.5622e+02   1.27e-03
  2.6141e+02   1.19e-03
  2.6670e+02   1.10e-03
  2.7210e+02   1.02e-03
  2.7761e+02   9.59e-04
  2.8323e+02   8.96e-04
  2.8896e+02   8.35e-04
  2.9481e+02   7.77e-04
  3.0078e+02   7.21e-04
  3.0687e+02   6.68e-04
  3.1309e+02   6.24e-04
  3.1943e+02   5.81e-04
  3.2589e+02   5.40e-04
  3.3249e+02   5.01e-04
  3.3922e+02   4.63e-04
  3.4609e+02   4.29e-04
  3.5310e+02   4.00e-04
  3.6025e+02   3.72e-04
  3.6754e+02   3.44e-04
  3.7498e+02   3.18e-04
  3.8258e+02   2.93e-04
  3.9032e+02   2.72e-04
  3.9823e+02   2.53e-04
  4.0629e+02   2.34e-04
  4.1452e+02   2.17e-04
  4.2291e+02   2.00e-04
  4.3147e+02   1.83e-04
  4.4021e+02   1.71e-04
  4.4912e+02   1.58e-04
  4.5821e+02   1.46e-04
  4.6749e+02   1.35e-04
  4.7696e+02   1.24e-04
  4.8661e+02   1.14e-04
  4.9647e+02   1.06e-04
  5.0652e+02   9.80e-05
  5.1678e+02   9.05e-05
  5.2724e+02   8.33e-05
  5.3791e+02   7.64e-05
  5.4881e+02   7.04e-05
  5.5992e+02   6.52e-05
  5.7125e+02   6.03e-05
  5.8282e+02   5.55e-05
  5.9462e+02   5.10e-05
  6.0666e+02   4.67e-05
  6.1894e+02   4.31e-05
  6.3148e+02   4.00e-05
  6.4426e+02   3.69e-05
  6.5731e+02   3.40e-05
  6.7061e+02   3.12e-05
  6.8419e+02   2.85e-05
  6.9805e+02   2.64e-05
  7.1218e+02   2.44e-05
  7.2660e+02   2.25e-05
  7.4131e+02   2.07e-05
  7.5632e+02   1.89e-05
  7.7163e+02   1.74e-05
  7.8726e+02   1.61e-05
  8.0320e+02   1.49e-05
  8.1946e+02   1.38e-05
  8.3605e+02   1.27e-05
  8.5298e+02   1.16e-05
  8.7025e+02   1.08e-05
  8.8787e+02   1.00e-05
  9.0585e+02   9.32e-06
  9.2419e+02   8.65e-06
  9.4290e+02   8.01e-06
  9.6199e+02   7.40e-06
  9.8147e+02   6.94e-06
  1.0013e+03   6.54e-06
  1.0216e+03   6.16e-06
  1.0423e+03   5.79e-06
  1.0634e+03   5.44e-06
  1.0849e+03   5.11e-06
  1.1069e+03   4.88e-06
  1.1293e+03   4.66e-06
  1.1522e+03   4.45e-06
  1.1755e+03   4.25e-06
  1.1993e+03   4.06e-06
  1.2236e+03   3.89e-06
  1.2484e+03   3.76e-06
  1.2736e+03   3.64e-06
  1.2994e+03   3.52e-06
  1.3257e+03   3.41e-06
  1.3526e+03   3.30e-06
  1.3800e+03   3.20e-06
  1.4079e+03   3.12e-06
  1.4364e+03   3.05e-06
  1.4655e+03   2.97e-06
  1.4952e+03   2.90e-06
  1.5255e+03   2.83e-06
  1.5563e+03   2.76e-06
  1.5879e+03   2.69e-06
  1.6200e+03   2.63e-06
