#  E [MeV]   Flux [# cm^{-2} s^{-1}  MeV^{-1}]
  3.0000e+04   2.09e-22
  3.0517e+04   2.02e-22
  3.1043e+04   1.96e-22
  3.1578e+04   1.90e-22
  3.2123e+04   1.83e-22
  3.2676e+04   1.77e-22
  3.3240e+04   1.72e-22
  3.3813e+04   1.66e-22
  3.4396e+04   1.60e-22
  3.4989e+04   1.55e-22
  3.5592e+04   1.50e-22
  3.6205e+04   1.45e-22
  3.6829e+04   1.40e-22
  3.7464e+04   1.35e-22
  3.8110e+04   1.30e-22
  3.8767e+04   1.26e-22
  3.9435e+04   1.22e-22
  4.0115e+04   1.17e-22
  4.0807e+04   1.13e-22
  4.1510e+04   1.09e-22
  4.2226e+04   1.05e-22
  4.2953e+04   1.02e-22
  4.3694e+04   9.79e-23
  4.4447e+04   9.44e-23
  4.5213e+04   9.09e-23
  4.5993e+04   8.75e-23
  4.6786e+04   8.42e-23
  4.7592e+04   8.11e-23
  4.8412e+04   7.81e-23
  4.9247e+04   7.52e-23
  5.0096e+04   7.23e-23
  5.0960e+04   6.95e-23
  5.1838e+04   6.68e-23
  5.2732e+04   6.42e-23
  5.3641e+04   6.18e-23
  5.4565e+04   5.94e-23
  5.5506e+04   5.70e-23
  5.6463e+04   5.47e-23
  5.7436e+04   5.25e-23
  5.8426e+04   5.04e-23
  5.9433e+04   4.84e-23
  6.0458e+04   4.64e-23
  6.1500e+04   4.45e-23
  6.2560e+04   4.27e-23
  6.3639e+04   4.09e-23
  6.4736e+04   3.92e-23
  6.5852e+04   3.75e-23
  6.6987e+04   3.59e-23
  6.8142e+04   3.44e-23
  6.9316e+04   3.29e-23
  7.0511e+04   3.15e-23
  7.1727e+04   3.01e-23
  7.2963e+04   2.88e-23
  7.4221e+04   2.75e-23
  7.5500e+04   2.63e-23
  7.6802e+04   2.51e-23
  7.8126e+04   2.40e-23
  7.9472e+04   2.29e-23
  8.0842e+04   2.18e-23
  8.2236e+04   2.08e-23
  8.3654e+04   1.98e-23
  8.5096e+04   1.89e-23
  8.6563e+04   1.80e-23
  8.8055e+04   1.72e-23
  8.9573e+04   1.63e-23
  9.1117e+04   1.55e-23
  9.2687e+04   1.47e-23
  9.4285e+04   1.40e-23
  9.5911e+04   1.33e-23
  9.7564e+04   1.27e-23
  9.9246e+04   1.20e-23
  1.0096e+05   1.14e-23
  1.0270e+05   1.08e-23
  1.0447e+05   1.02e-23
  1.0627e+05   9.71e-24
  1.0810e+05   9.22e-24
  1.0996e+05   8.74e-24
  1.1186e+05   8.28e-24
  1.1379e+05   7.83e-24
  1.1575e+05   7.39e-24
  1.1774e+05   6.97e-24
  1.1977e+05   6.61e-24
  1.2184e+05   6.26e-24
  1.2394e+05   5.92e-24
  1.2608e+05   5.58e-24
  1.2825e+05   5.26e-24
  1.3046e+05   4.95e-24
  1.3271e+05   4.66e-24
  1.3500e+05   4.41e-24
  1.3732e+05   4.16e-24
  1.3969e+05   3.92e-24
  1.4210e+05   3.69e-24
  1.4455e+05   3.46e-24
  1.4704e+05   3.24e-24
  1.4957e+05   3.05e-24
  1.5215e+05   2.88e-24
  1.5478e+05   2.71e-24
  1.5744e+05   2.55e-24
  1.6016e+05   2.39e-24
  1.6292e+05   2.23e-24
  1.6573e+05   2.08e-24
  1.6858e+05   1.96e-24
  1.7149e+05   1.84e-24
  1.7445e+05   1.72e-24
  1.7745e+05   1.61e-24
  1.8051e+05   1.50e-24
  1.8362e+05   1.40e-24
  1.8679e+05   1.30e-24
  1.9001e+05   1.22e-24
  1.9328e+05   1.14e-24
  1.9662e+05   1.07e-24
  2.0001e+05   9.94e-25
  2.0345e+05   9.23e-25
  2.0696e+05   8.54e-25
  2.1053e+05   7.94e-25
  2.1416e+05   7.42e-25
  2.1785e+05   6.92e-25
  2.2160e+05   6.44e-25
  2.2543e+05   5.97e-25
  2.2931e+05   5.52e-25
  2.3326e+05   5.08e-25
  2.3729e+05   4.72e-25
  2.4138e+05   4.40e-25
  2.4554e+05   4.09e-25
  2.4977e+05   3.79e-25
  2.5407e+05   3.49e-25
  2.5845e+05   3.21e-25
  2.6291e+05   2.94e-25
  2.6744e+05   2.74e-25
  2.7205e+05   2.54e-25
  2.7674e+05   2.35e-25
  2.8151e+05   2.16e-25
  2.8637e+05   1.99e-25
  2.9130e+05   1.82e-25
  2.9632e+05   1.66e-25
  3.0143e+05   1.54e-25
  3.0663e+05   1.42e-25
  3.1191e+05   1.31e-25
  3.1729e+05   1.20e-25
  3.2276e+05   1.10e-25
  3.2832e+05   9.99e-26
  3.3398e+05   9.15e-26
  3.3974e+05   8.45e-26
  3.4560e+05   7.78e-26
  3.5155e+05   7.13e-26
  3.5761e+05   6.51e-26
  3.6378e+05   5.91e-26
  3.7005e+05   5.34e-26
  3.7643e+05   4.91e-26
  3.8292e+05   4.52e-26
  3.8952e+05   4.15e-26
  3.9623e+05   3.79e-26
  4.0306e+05   3.45e-26
  4.1001e+05   3.12e-26
  4.1708e+05   2.81e-26
  4.2427e+05   2.60e-26
  4.3158e+05   2.39e-26
  4.3902e+05   2.18e-26
  4.4659e+05   1.99e-26
  4.5429e+05   1.81e-26
  4.6212e+05   1.63e-26
  4.7009e+05   1.48e-26
  4.7819e+05   1.36e-26
  4.8643e+05   1.25e-26
  4.9482e+05   1.14e-26
  5.0335e+05   1.04e-26
  5.1203e+05   9.45e-27
  5.2085e+05   8.52e-27
  5.2983e+05   7.80e-27
  5.3897e+05   7.22e-27
  5.4826e+05   6.66e-27
  5.5771e+05   6.13e-27
  5.6732e+05   5.62e-27
  5.7710e+05   5.13e-27
  5.8705e+05   4.67e-27
  5.9717e+05   4.34e-27
  6.0746e+05   4.05e-27
  6.1793e+05   3.76e-27
  6.2859e+05   3.49e-27
  6.3942e+05   3.23e-27
  6.5045e+05   2.98e-27
  6.6166e+05   2.75e-27
  6.7306e+05   2.59e-27
  6.8467e+05   2.43e-27
  6.9647e+05   2.27e-27
  7.0847e+05   2.12e-27
  7.2069e+05   1.98e-27
  7.3311e+05   1.85e-27
  7.4575e+05   1.73e-27
  7.5860e+05   1.62e-27
  7.7168e+05   1.52e-27
  7.8498e+05   1.42e-27
  7.9852e+05   1.33e-27
  8.1228e+05   1.24e-27
  8.2628e+05   1.16e-27
  8.4053e+05   1.10e-27
  8.5502e+05   1.04e-27
  8.6976e+05   9.91e-28
  8.8475e+05   9.42e-28
  9.0000e+05   8.94e-28
