#  E [GeV]   # per interaction  [GeV^{-1}]
  3.0000e+01   6.94e-01
  3.1232e+01   6.63e-01
  3.2514e+01   6.34e-01
  3.3849e+01   6.06e-01
  3.5238e+01   5.79e-01
  3.6685e+01   5.53e-01
  3.8191e+01   5.29e-01
  3.9759e+01   5.05e-01
  4.1391e+01   4.83e-01
  4.3090e+01   4.61e-01
  4.4859e+01   4.40e-01
  4.6701e+01   4.21e-01
  4.8618e+01   4.02e-01
  5.0614e+01   3.84e-01
  5.2692e+01   3.66e-01
  5.4855e+01   3.50e-01
  5.7107e+01   3.34e-01
  5.9451e+01   3.19e-01
  6.1892e+01   3.04e-01
  6.4433e+01   2.90e-01
  6.7078e+01   2.77e-01
  6.9832e+01   2.64e-01
  7.2699e+01   2.52e-01
  7.5683e+01   2.40e-01
  7.8790e+01   2.29e-01
  8.2025e+01   2.19e-01
  8.5392e+01   2.08e-01
  8.8898e+01   1.99e-01
  9.2547e+01   1.89e-01
  9.6347e+01   1.80e-01
  1.0030e+02   1.72e-01
  1.0442e+02   1.64e-01
  1.0871e+02   1.56e-01
  1.1317e+02   1.49e-01
  1.1782e+02   1.42e-01
  1.2265e+02   1.35e-01
  1.2769e+02   1.28e-01
  1.3293e+02   1.22e-01
  1.3839e+02   1.16e-01
  1.4407e+02   1.10e-01
  1.4998e+02   1.05e-01
  1.5614e+02   9.97e-02
  1.6255e+02   9.47e-02
  1.6922e+02   9.00e-02
  1.7617e+02   8.54e-02
  1.8340e+02   8.11e-02
  1.9093e+02   7.69e-02
  1.9877e+02   7.30e-02
  2.0693e+02   6.92e-02
  2.1543e+02   6.56e-02
  2.2427e+02   6.21e-02
  2.3348e+02   5.88e-02
  2.4306e+02   5.56e-02
  2.5304e+02   5.26e-02
  2.6343e+02   4.98e-02
  2.7424e+02   4.70e-02
  2.8550e+02   4.44e-02
  2.9722e+02   4.19e-02
  3.0942e+02   3.95e-02
  3.2213e+02   3.72e-02
  3.3535e+02   3.50e-02
  3.4912e+02   3.30e-02
  3.6345e+02   3.10e-02
  3.7837e+02   2.91e-02
  3.9390e+02   2.73e-02
  4.1008e+02   2.56e-02
  4.2691e+02   2.40e-02
  4.4444e+02   2.25e-02
  4.6268e+02   2.11e-02
  4.8168e+02   1.97e-02
  5.0145e+02   1.84e-02
  5.2204e+02   1.72e-02
  5.4347e+02   1.61e-02
  5.6578e+02   1.50e-02
  5.8901e+02   1.40e-02
  6.1319e+02   1.30e-02
  6.3836e+02   1.21e-02
  6.6457e+02   1.13e-02
  6.9185e+02   1.05e-02
  7.2025e+02   9.73e-03
  7.4982e+02   9.03e-03
  7.8061e+02   8.38e-03
  8.1265e+02   7.78e-03
  8.4601e+02   7.21e-03
  8.8075e+02   6.69e-03
  9.1690e+02   6.20e-03
  9.5455e+02   5.74e-03
  9.9373e+02   5.32e-03
  1.0345e+03   4.92e-03
  1.0770e+03   4.56e-03
  1.1212e+03   4.22e-03
  1.1672e+03   3.90e-03
  1.2152e+03   3.61e-03
  1.2650e+03   3.34e-03
  1.3170e+03   3.09e-03
  1.3711e+03   2.86e-03
  1.4273e+03   2.64e-03
  1.4859e+03   2.44e-03
  1.5469e+03   2.26e-03
  1.6104e+03   2.09e-03
  1.6766e+03   1.93e-03
  1.7454e+03   1.78e-03
  1.8170e+03   1.65e-03
  1.8916e+03   1.52e-03
  1.9693e+03   1.40e-03
  2.0501e+03   1.30e-03
  2.1343e+03   1.19e-03
  2.2219e+03   1.10e-03
  2.3131e+03   1.01e-03
  2.4081e+03   9.33e-04
  2.5070e+03   8.59e-04
  2.6099e+03   7.90e-04
  2.7170e+03   7.25e-04
  2.8286e+03   6.67e-04
  2.9447e+03   6.12e-04
  3.0656e+03   5.60e-04
  3.1914e+03   5.13e-04
  3.3225e+03   4.69e-04
  3.4589e+03   4.29e-04
  3.6008e+03   3.92e-04
  3.7487e+03   3.57e-04
  3.9026e+03   3.25e-04
  4.0628e+03   2.96e-04
  4.2296e+03   2.68e-04
  4.4032e+03   2.43e-04
  4.5840e+03   2.20e-04
  4.7722e+03   1.98e-04
  4.9681e+03   1.79e-04
  5.1720e+03   1.61e-04
  5.3844e+03   1.44e-04
  5.6054e+03   1.29e-04
  5.8355e+03   1.16e-04
  6.0751e+03   1.03e-04
  6.3245e+03   9.17e-05
  6.5841e+03   8.12e-05
  6.8544e+03   7.17e-05
  7.1358e+03   6.33e-05
  7.4288e+03   5.55e-05
  7.7338e+03   4.85e-05
  8.0513e+03   4.23e-05
  8.3818e+03   3.67e-05
  8.7259e+03   3.17e-05
  9.0841e+03   2.72e-05
  9.4571e+03   2.32e-05
  9.8453e+03   1.97e-05
  1.0249e+04   1.67e-05
  1.0670e+04   1.39e-05
  1.1108e+04   1.16e-05
  1.1564e+04   9.56e-06
  1.2039e+04   7.78e-06
  1.2533e+04   6.30e-06
  1.3048e+04   5.04e-06
  1.3584e+04   3.96e-06
  1.4141e+04   3.09e-06
  1.4722e+04   2.36e-06
  1.5326e+04   1.77e-06
  1.5955e+04   1.31e-06
  1.6610e+04   9.41e-07
  1.7292e+04   6.58e-07
  1.8002e+04   4.49e-07
  1.8741e+04   2.95e-07
  1.9511e+04   1.86e-07
  2.0312e+04   1.13e-07
  2.1145e+04   6.45e-08
  2.2013e+04   3.48e-08
  2.2917e+04   1.75e-08
  2.3858e+04   8.04e-09
  2.4837e+04   3.36e-09
  2.5857e+04   1.24e-09
  2.6919e+04   3.97e-10
  2.8024e+04   1.08e-10
  2.9174e+04   2.37e-11
  3.0372e+04   4.01e-12
  3.1619e+04   5.04e-13
  3.2917e+04   4.30e-14
  3.4268e+04   2.27e-15
  3.5675e+04   6.71e-17
  3.7140e+04   9.35e-19
  3.8664e+04   5.04e-21
  4.0252e+04   8.13e-24
  4.1904e+04   2.73e-27
  4.3624e+04   1.19e-31
  4.5415e+04   3.59e-37
  4.7280e+04   3.06e-44
  4.9221e+04   1.58e-46
  5.1241e+04   1.54e-46
  5.3345e+04   1.49e-46
  5.5535e+04   1.48e-46
  5.7815e+04   1.48e-46
  6.0188e+04   1.47e-46
  6.2659e+04   1.52e-46
  6.5232e+04   1.58e-46
  6.7910e+04   1.63e-46
  7.0698e+04   1.84e-46
  7.3600e+04   2.04e-46
  7.6621e+04   2.26e-46
  7.9767e+04   3.22e-46
  8.3042e+04   4.10e-46
  8.6451e+04   5.16e-46
  9.0000e+04   7.20e-46
