#  E [GeV]   # per interaction  [GeV^{-1}]
  3.0000e+01   1.31e-02
  3.0675e+01   1.28e-02
  3.1366e+01   1.26e-02
  3.2072e+01   1.24e-02
  3.2794e+01   1.22e-02
  3.3533e+01   1.20e-02
  3.4288e+01   1.18e-02
  3.5060e+01   1.16e-02
  3.5849e+01   1.14e-02
  3.6656e+01   1.13e-02
  3.7482e+01   1.11e-02
  3.8326e+01   1.09e-02
  3.9188e+01   1.07e-02
  4.0071e+01   1.06e-02
  4.0973e+01   1.04e-02
  4.1896e+01   1.03e-02
  4.2839e+01   1.01e-02
  4.3803e+01   9.94e-03
  4.4790e+01   9.80e-03
  4.5798e+01   9.65e-03
  4.6829e+01   9.51e-03
  4.7884e+01   9.36e-03
  4.8962e+01   9.23e-03
  5.0064e+01   9.10e-03
  5.1191e+01   8.97e-03
  5.2344e+01   8.84e-03
  5.3522e+01   8.71e-03
  5.4727e+01   8.58e-03
  5.5960e+01   8.46e-03
  5.7219e+01   8.35e-03
  5.8508e+01   8.23e-03
  5.9825e+01   8.11e-03
  6.1172e+01   8.00e-03
  6.2549e+01   7.89e-03
  6.3958e+01   7.78e-03
  6.5398e+01   7.67e-03
  6.6870e+01   7.56e-03
  6.8376e+01   7.45e-03
  6.9915e+01   7.35e-03
  7.1489e+01   7.25e-03
  7.3099e+01   7.15e-03
  7.4745e+01   7.05e-03
  7.6428e+01   6.95e-03
  7.8148e+01   6.86e-03
  7.9908e+01   6.76e-03
  8.1707e+01   6.67e-03
  8.3547e+01   6.58e-03
  8.5428e+01   6.49e-03
  8.7351e+01   6.40e-03
  8.9318e+01   6.31e-03
  9.1329e+01   6.22e-03
  9.3385e+01   6.13e-03
  9.5488e+01   6.05e-03
  9.7638e+01   5.96e-03
  9.9836e+01   5.88e-03
  1.0208e+02   5.79e-03
  1.0438e+02   5.71e-03
  1.0673e+02   5.63e-03
  1.0914e+02   5.55e-03
  1.1159e+02   5.47e-03
  1.1411e+02   5.39e-03
  1.1667e+02   5.31e-03
  1.1930e+02   5.24e-03
  1.2199e+02   5.16e-03
  1.2473e+02   5.08e-03
  1.2754e+02   5.00e-03
  1.3041e+02   4.93e-03
  1.3335e+02   4.85e-03
  1.3635e+02   4.78e-03
  1.3942e+02   4.70e-03
  1.4256e+02   4.63e-03
  1.4577e+02   4.55e-03
  1.4905e+02   4.48e-03
  1.5241e+02   4.41e-03
  1.5584e+02   4.33e-03
  1.5935e+02   4.26e-03
  1.6294e+02   4.19e-03
  1.6661e+02   4.12e-03
  1.7036e+02   4.05e-03
  1.7419e+02   3.98e-03
  1.7812e+02   3.91e-03
  1.8213e+02   3.84e-03
  1.8623e+02   3.77e-03
  1.9042e+02   3.71e-03
  1.9471e+02   3.64e-03
  1.9909e+02   3.57e-03
  2.0357e+02   3.50e-03
  2.0816e+02   3.44e-03
  2.1284e+02   3.37e-03
  2.1763e+02   3.31e-03
  2.2253e+02   3.24e-03
  2.2755e+02   3.18e-03
  2.3267e+02   3.11e-03
  2.3791e+02   3.05e-03
  2.4326e+02   2.99e-03
  2.4874e+02   2.93e-03
  2.5434e+02   2.86e-03
  2.6007e+02   2.80e-03
  2.6592e+02   2.74e-03
  2.7191e+02   2.68e-03
  2.7803e+02   2.62e-03
  2.8429e+02   2.55e-03
  2.9069e+02   2.50e-03
  2.9724e+02   2.44e-03
  3.0393e+02   2.38e-03
  3.1077e+02   2.32e-03
  3.1777e+02   2.26e-03
  3.2493e+02   2.20e-03
  3.3224e+02   2.15e-03
  3.3972e+02   2.09e-03
  3.4737e+02   2.04e-03
  3.5519e+02   1.98e-03
  3.6319e+02   1.93e-03
  3.7137e+02   1.87e-03
  3.7973e+02   1.82e-03
  3.8828e+02   1.77e-03
  3.9702e+02   1.71e-03
  4.0596e+02   1.66e-03
  4.1510e+02   1.61e-03
  4.2444e+02   1.57e-03
  4.3400e+02   1.52e-03
  4.4377e+02   1.47e-03
  4.5376e+02   1.42e-03
  4.6398e+02   1.37e-03
  4.7443e+02   1.33e-03
  4.8511e+02   1.29e-03
  4.9603e+02   1.24e-03
  5.0720e+02   1.20e-03
  5.1862e+02   1.15e-03
  5.3030e+02   1.11e-03
  5.4224e+02   1.07e-03
  5.5444e+02   1.03e-03
  5.6693e+02   9.91e-04
  5.7969e+02   9.53e-04
  5.9274e+02   9.16e-04
  6.0609e+02   8.80e-04
  6.1974e+02   8.44e-04
  6.3369e+02   8.09e-04
  6.4796e+02   7.75e-04
  6.6255e+02   7.42e-04
  6.7746e+02   7.11e-04
  6.9272e+02   6.79e-04
  7.0831e+02   6.49e-04
  7.2426e+02   6.19e-04
  7.4057e+02   5.91e-04
  7.5724e+02   5.64e-04
  7.7429e+02   5.37e-04
  7.9172e+02   5.11e-04
  8.0955e+02   4.86e-04
  8.2778e+02   4.62e-04
  8.4641e+02   4.39e-04
  8.6547e+02   4.17e-04
  8.8496e+02   3.95e-04
  9.0488e+02   3.74e-04
  9.2526e+02   3.54e-04
  9.4609e+02   3.35e-04
  9.6739e+02   3.16e-04
  9.8917e+02   2.98e-04
  1.0114e+03   2.81e-04
  1.0342e+03   2.64e-04
  1.0575e+03   2.48e-04
  1.0813e+03   2.33e-04
  1.1057e+03   2.19e-04
  1.1305e+03   2.05e-04
  1.1560e+03   1.91e-04
  1.1820e+03   1.79e-04
  1.2086e+03   1.67e-04
  1.2359e+03   1.55e-04
  1.2637e+03   1.45e-04
  1.2921e+03   1.35e-04
  1.3212e+03   1.25e-04
  1.3510e+03   1.15e-04
  1.3814e+03   1.07e-04
  1.4125e+03   9.91e-05
  1.4443e+03   9.16e-05
  1.4768e+03   8.44e-05
  1.5101e+03   7.75e-05
  1.5441e+03   7.13e-05
  1.5788e+03   6.55e-05
  1.6144e+03   6.00e-05
  1.6507e+03   5.47e-05
  1.6879e+03   4.97e-05
  1.7259e+03   4.52e-05
  1.7648e+03   4.13e-05
  1.8045e+03   3.75e-05
  1.8451e+03   3.40e-05
  1.8867e+03   3.06e-05
  1.9291e+03   2.75e-05
  1.9726e+03   2.51e-05
  2.0170e+03   2.27e-05
  2.0624e+03   2.05e-05
  2.1088e+03   1.84e-05
  2.1563e+03   1.64e-05
  2.2049e+03   1.50e-05
  2.2545e+03   1.37e-05
  2.3053e+03   1.25e-05
  2.3572e+03   1.13e-05
  2.4102e+03   1.02e-05
  2.4645e+03   9.51e-06
  2.5200e+03   8.94e-06
