#  E [MeV]   Flux [# cm^{-2} s^{-1}  MeV^{-1}]
  3.0000e+04   1.36e-19
  3.0589e+04   1.35e-19
  3.1190e+04   1.33e-19
  3.1803e+04   1.32e-19
  3.2428e+04   1.30e-19
  3.3065e+04   1.29e-19
  3.3714e+04   1.27e-19
  3.4376e+04   1.26e-19
  3.5052e+04   1.25e-19
  3.5740e+04   1.23e-19
  3.6442e+04   1.22e-19
  3.7158e+04   1.20e-19
  3.7888e+04   1.19e-19
  3.8632e+04   1.18e-19
  3.9391e+04   1.16e-19
  4.0165e+04   1.15e-19
  4.0954e+04   1.14e-19
  4.1758e+04   1.12e-19
  4.2579e+04   1.11e-19
  4.3415e+04   1.10e-19
  4.4268e+04   1.09e-19
  4.5138e+04   1.07e-19
  4.6024e+04   1.06e-19
  4.6928e+04   1.05e-19
  4.7850e+04   1.04e-19
  4.8790e+04   1.03e-19
  4.9749e+04   1.01e-19
  5.0726e+04   1.00e-19
  5.1722e+04   9.92e-20
  5.2738e+04   9.81e-20
  5.3774e+04   9.69e-20
  5.4831e+04   9.58e-20
  5.5908e+04   9.47e-20
  5.7006e+04   9.36e-20
  5.8126e+04   9.25e-20
  5.9268e+04   9.15e-20
  6.0432e+04   9.04e-20
  6.1619e+04   8.93e-20
  6.2829e+04   8.83e-20
  6.4064e+04   8.72e-20
  6.5322e+04   8.62e-20
  6.6605e+04   8.52e-20
  6.7913e+04   8.42e-20
  6.9248e+04   8.31e-20
  7.0608e+04   8.21e-20
  7.1995e+04   8.11e-20
  7.3409e+04   8.01e-20
  7.4851e+04   7.91e-20
  7.6321e+04   7.81e-20
  7.7821e+04   7.71e-20
  7.9349e+04   7.61e-20
  8.0908e+04   7.51e-20
  8.2497e+04   7.41e-20
  8.4118e+04   7.32e-20
  8.5770e+04   7.22e-20
  8.7455e+04   7.12e-20
  8.9173e+04   7.03e-20
  9.0925e+04   6.93e-20
  9.2711e+04   6.84e-20
  9.4532e+04   6.74e-20
  9.6389e+04   6.65e-20
  9.8283e+04   6.56e-20
  1.0021e+05   6.47e-20
  1.0218e+05   6.38e-20
  1.0419e+05   6.28e-20
  1.0624e+05   6.19e-20
  1.0832e+05   6.10e-20
  1.1045e+05   6.02e-20
  1.1262e+05   5.93e-20
  1.1483e+05   5.84e-20
  1.1709e+05   5.75e-20
  1.1939e+05   5.66e-20
  1.2173e+05   5.58e-20
  1.2412e+05   5.49e-20
  1.2656e+05   5.41e-20
  1.2905e+05   5.32e-20
  1.3158e+05   5.23e-20
  1.3417e+05   5.15e-20
  1.3680e+05   5.07e-20
  1.3949e+05   4.98e-20
  1.4223e+05   4.90e-20
  1.4503e+05   4.82e-20
  1.4787e+05   4.73e-20
  1.5078e+05   4.65e-20
  1.5374e+05   4.57e-20
  1.5676e+05   4.49e-20
  1.5984e+05   4.41e-20
  1.6298e+05   4.33e-20
  1.6618e+05   4.25e-20
  1.6945e+05   4.17e-20
  1.7278e+05   4.09e-20
  1.7617e+05   4.02e-20
  1.7963e+05   3.94e-20
  1.8316e+05   3.86e-20
  1.8676e+05   3.79e-20
  1.9042e+05   3.71e-20
  1.9417e+05   3.64e-20
  1.9798e+05   3.57e-20
  2.0187e+05   3.49e-20
  2.0583e+05   3.42e-20
  2.0988e+05   3.34e-20
  2.1400e+05   3.27e-20
  2.1820e+05   3.20e-20
  2.2249e+05   3.13e-20
  2.2686e+05   3.06e-20
  2.3132e+05   2.99e-20
  2.3586e+05   2.92e-20
  2.4049e+05   2.85e-20
  2.4522e+05   2.79e-20
  2.5004e+05   2.72e-20
  2.5495e+05   2.66e-20
  2.5996e+05   2.59e-20
  2.6506e+05   2.53e-20
  2.7027e+05   2.46e-20
  2.7558e+05   2.40e-20
  2.8099e+05   2.34e-20
  2.8651e+05   2.28e-20
  2.9214e+05   2.22e-20
  2.9788e+05   2.15e-20
  3.0373e+05   2.09e-20
  3.0970e+05   2.04e-20
  3.1578e+05   1.98e-20
  3.2198e+05   1.92e-20
  3.2831e+05   1.86e-20
  3.3476e+05   1.81e-20
  3.4133e+05   1.75e-20
  3.4804e+05   1.70e-20
  3.5487e+05   1.65e-20
  3.6185e+05   1.59e-20
  3.6895e+05   1.54e-20
  3.7620e+05   1.49e-20
  3.8359e+05   1.44e-20
  3.9113e+05   1.39e-20
  3.9881e+05   1.35e-20
  4.0664e+05   1.30e-20
  4.1463e+05   1.25e-20
  4.2278e+05   1.21e-20
  4.3108e+05   1.16e-20
  4.3955e+05   1.12e-20
  4.4818e+05   1.08e-20
  4.5699e+05   1.04e-20
  4.6596e+05   9.97e-21
  4.7512e+05   9.58e-21
  4.8445e+05   9.20e-21
  4.9397e+05   8.83e-21
  5.0367e+05   8.47e-21
  5.1356e+05   8.11e-21
  5.2365e+05   7.77e-21
  5.3394e+05   7.43e-21
  5.4443e+05   7.11e-21
  5.5512e+05   6.79e-21
  5.6603e+05   6.48e-21
  5.7715e+05   6.18e-21
  5.8848e+05   5.88e-21
  6.0004e+05   5.59e-21
  6.1183e+05   5.32e-21
  6.2385e+05   5.05e-21
  6.3610e+05   4.79e-21
  6.4860e+05   4.54e-21
  6.6134e+05   4.30e-21
  6.7433e+05   4.07e-21
  6.8758e+05   3.84e-21
  7.0108e+05   3.62e-21
  7.1486e+05   3.42e-21
  7.2890e+05   3.22e-21
  7.4322e+05   3.03e-21
  7.5782e+05   2.84e-21
  7.7270e+05   2.67e-21
  7.8788e+05   2.50e-21
  8.0336e+05   2.34e-21
  8.1914e+05   2.19e-21
  8.3523e+05   2.05e-21
  8.5164e+05   1.91e-21
  8.6837e+05   1.78e-21
  8.8542e+05   1.66e-21
  9.0282e+05   1.54e-21
  9.2055e+05   1.43e-21
  9.3863e+05   1.33e-21
  9.5707e+05   1.23e-21
  9.7587e+05   1.13e-21
  9.9504e+05   1.04e-21
  1.0146e+06   9.60e-22
  1.0345e+06   8.87e-22
  1.0548e+06   8.17e-22
  1.0756e+06   7.49e-22
  1.0967e+06   6.84e-22
  1.1182e+06   6.21e-22
  1.1402e+06   5.72e-22
  1.1626e+06   5.26e-22
  1.1854e+06   4.82e-22
  1.2087e+06   4.40e-22
  1.2325e+06   3.99e-22
  1.2567e+06   3.59e-22
  1.2814e+06   3.33e-22
  1.3065e+06   3.08e-22
  1.3322e+06   2.83e-22
  1.3584e+06   2.60e-22
  1.3851e+06   2.37e-22
  1.4123e+06   2.16e-22
  1.4400e+06   2.05e-22
