#  E [MeV]   Flux [# cm^{-2} s^{-1}  MeV^{-1}]
  3.0000e+04   3.81e-20
  3.1033e+04   3.65e-20
  3.2102e+04   3.50e-20
  3.3207e+04   3.35e-20
  3.4350e+04   3.21e-20
  3.5533e+04   3.08e-20
  3.6757e+04   2.95e-20
  3.8022e+04   2.82e-20
  3.9332e+04   2.70e-20
  4.0686e+04   2.59e-20
  4.2087e+04   2.48e-20
  4.3536e+04   2.37e-20
  4.5035e+04   2.27e-20
  4.6586e+04   2.17e-20
  4.8190e+04   2.08e-20
  4.9850e+04   1.99e-20
  5.1566e+04   1.90e-20
  5.3342e+04   1.82e-20
  5.5178e+04   1.74e-20
  5.7078e+04   1.66e-20
  5.9044e+04   1.59e-20
  6.1077e+04   1.51e-20
  6.3180e+04   1.45e-20
  6.5356e+04   1.38e-20
  6.7606e+04   1.32e-20
  6.9934e+04   1.26e-20
  7.2342e+04   1.20e-20
  7.4833e+04   1.15e-20
  7.7410e+04   1.10e-20
  8.0075e+04   1.04e-20
  8.2833e+04   9.96e-21
  8.5685e+04   9.50e-21
  8.8635e+04   9.05e-21
  9.1687e+04   8.63e-21
  9.4844e+04   8.22e-21
  9.8110e+04   7.83e-21
  1.0149e+05   7.46e-21
  1.0498e+05   7.10e-21
  1.0860e+05   6.75e-21
  1.1234e+05   6.43e-21
  1.1621e+05   6.11e-21
  1.2021e+05   5.81e-21
  1.2435e+05   5.53e-21
  1.2863e+05   5.25e-21
  1.3306e+05   4.99e-21
  1.3764e+05   4.74e-21
  1.4238e+05   4.50e-21
  1.4728e+05   4.27e-21
  1.5235e+05   4.05e-21
  1.5760e+05   3.84e-21
  1.6302e+05   3.64e-21
  1.6864e+05   3.44e-21
  1.7445e+05   3.26e-21
  1.8045e+05   3.08e-21
  1.8667e+05   2.92e-21
  1.9309e+05   2.76e-21
  1.9974e+05   2.61e-21
  2.0662e+05   2.46e-21
  2.1373e+05   2.32e-21
  2.2109e+05   2.19e-21
  2.2871e+05   2.06e-21
  2.3658e+05   1.94e-21
  2.4473e+05   1.83e-21
  2.5316e+05   1.72e-21
  2.6187e+05   1.62e-21
  2.7089e+05   1.52e-21
  2.8022e+05   1.43e-21
  2.8987e+05   1.34e-21
  2.9985e+05   1.26e-21
  3.1017e+05   1.18e-21
  3.2085e+05   1.10e-21
  3.3190e+05   1.03e-21
  3.4333e+05   9.67e-22
  3.5515e+05   9.04e-22
  3.6738e+05   8.44e-22
  3.8003e+05   7.87e-22
  3.9312e+05   7.34e-22
  4.0665e+05   6.84e-22
  4.2066e+05   6.37e-22
  4.3514e+05   5.93e-22
  4.5013e+05   5.51e-22
  4.6562e+05   5.12e-22
  4.8166e+05   4.75e-22
  4.9824e+05   4.40e-22
  5.1540e+05   4.08e-22
  5.3315e+05   3.77e-22
  5.5150e+05   3.49e-22
  5.7050e+05   3.23e-22
  5.9014e+05   2.98e-22
  6.1046e+05   2.75e-22
  6.3148e+05   2.54e-22
  6.5322e+05   2.34e-22
  6.7572e+05   2.15e-22
  6.9898e+05   1.98e-22
  7.2305e+05   1.82e-22
  7.4795e+05   1.67e-22
  7.7371e+05   1.53e-22
  8.0035e+05   1.41e-22
  8.2791e+05   1.29e-22
  8.5641e+05   1.18e-22
  8.8590e+05   1.08e-22
  9.1641e+05   9.92e-23
  9.4796e+05   9.06e-23
  9.8061e+05   8.30e-23
  1.0144e+06   7.58e-23
  1.0493e+06   6.92e-23
  1.0854e+06   6.32e-23
  1.1228e+06   5.77e-23
  1.1615e+06   5.26e-23
  1.2015e+06   4.79e-23
  1.2428e+06   4.37e-23
  1.2856e+06   3.98e-23
  1.3299e+06   3.61e-23
  1.3757e+06   3.29e-23
  1.4231e+06   2.99e-23
  1.4721e+06   2.72e-23
  1.5228e+06   2.46e-23
  1.5752e+06   2.24e-23
  1.6294e+06   2.03e-23
  1.6855e+06   1.83e-23
  1.7436e+06   1.67e-23
  1.8036e+06   1.51e-23
  1.8657e+06   1.36e-23
  1.9300e+06   1.23e-23
  1.9964e+06   1.11e-23
  2.0652e+06   1.00e-23
  2.1363e+06   9.03e-24
  2.2098e+06   8.16e-24
  2.2859e+06   7.34e-24
  2.3646e+06   6.58e-24
  2.4461e+06   5.92e-24
  2.5303e+06   5.32e-24
  2.6174e+06   4.76e-24
  2.7075e+06   4.25e-24
  2.8008e+06   3.81e-24
  2.8972e+06   3.40e-24
  2.9970e+06   3.02e-24
  3.1002e+06   2.70e-24
  3.2069e+06   2.40e-24
  3.3173e+06   2.13e-24
  3.4316e+06   1.89e-24
  3.5497e+06   1.68e-24
  3.6720e+06   1.48e-24
  3.7984e+06   1.30e-24
  3.9292e+06   1.15e-24
  4.0645e+06   1.02e-24
  4.2044e+06   8.89e-25
  4.3492e+06   7.82e-25
  4.4990e+06   6.87e-25
  4.6539e+06   5.99e-25
  4.8141e+06   5.21e-25
  4.9799e+06   4.57e-25
  5.1514e+06   3.97e-25
  5.3288e+06   3.41e-25
  5.5123e+06   2.98e-25
  5.7021e+06   2.58e-25
  5.8984e+06   2.22e-25
  6.1015e+06   1.91e-25
  6.3116e+06   1.65e-25
  6.5289e+06   1.41e-25
  6.7538e+06   1.20e-25
  6.9863e+06   1.04e-25
  7.2269e+06   8.84e-26
  7.4757e+06   7.47e-26
  7.7331e+06   6.37e-26
  7.9994e+06   5.42e-26
  8.2749e+06   4.57e-26
  8.5598e+06   3.84e-26
  8.8546e+06   3.25e-26
  9.1594e+06   2.72e-26
  9.4748e+06   2.25e-26
  9.8011e+06   1.90e-26
  1.0139e+07   1.58e-26
  1.0488e+07   1.31e-26
  1.0849e+07   1.08e-26
  1.1222e+07   8.93e-27
  1.1609e+07   7.30e-27
  1.2009e+07   5.90e-27
  1.2422e+07   4.80e-27
  1.2850e+07   3.85e-27
  1.3292e+07   3.05e-27
  1.3750e+07   2.41e-27
  1.4223e+07   1.88e-27
  1.4713e+07   1.44e-27
  1.5220e+07   1.09e-27
  1.5744e+07   8.16e-28
  1.6286e+07   5.97e-28
  1.6847e+07   4.27e-28
  1.7427e+07   2.99e-28
  1.8027e+07   2.04e-28
  1.8648e+07   1.34e-28
  1.9290e+07   8.52e-29
  1.9954e+07   5.18e-29
  2.0641e+07   3.00e-29
  2.1352e+07   1.64e-29
  2.2087e+07   8.46e-30
  2.2848e+07   4.05e-30
  2.3634e+07   1.79e-30
  2.4448e+07   7.30e-31
  2.5290e+07   2.70e-31
