#  E [MeV]   Flux [# cm^{-2} s^{-1}  MeV^{-1}]
  3.0000e+04   3.71e-27
  3.1232e+04   3.57e-27
  3.2514e+04   3.43e-27
  3.3849e+04   3.30e-27
  3.5238e+04   3.17e-27
  3.6685e+04   3.04e-27
  3.8191e+04   2.92e-27
  3.9759e+04   2.81e-27
  4.1391e+04   2.69e-27
  4.3090e+04   2.58e-27
  4.4859e+04   2.48e-27
  4.6701e+04   2.38e-27
  4.8618e+04   2.28e-27
  5.0614e+04   2.19e-27
  5.2692e+04   2.10e-27
  5.4855e+04   2.01e-27
  5.7107e+04   1.92e-27
  5.9451e+04   1.84e-27
  6.1892e+04   1.77e-27
  6.4433e+04   1.69e-27
  6.7078e+04   1.62e-27
  6.9832e+04   1.55e-27
  7.2699e+04   1.48e-27
  7.5683e+04   1.42e-27
  7.8790e+04   1.35e-27
  8.2025e+04   1.30e-27
  8.5392e+04   1.24e-27
  8.8898e+04   1.18e-27
  9.2547e+04   1.13e-27
  9.6347e+04   1.08e-27
  1.0030e+05   1.03e-27
  1.0442e+05   9.82e-28
  1.0871e+05   9.37e-28
  1.1317e+05   8.93e-28
  1.1782e+05   8.51e-28
  1.2265e+05   8.11e-28
  1.2769e+05   7.73e-28
  1.3293e+05   7.36e-28
  1.3839e+05   7.01e-28
  1.4407e+05   6.66e-28
  1.4998e+05   6.34e-28
  1.5614e+05   6.02e-28
  1.6255e+05   5.72e-28
  1.6922e+05   5.44e-28
  1.7617e+05   5.16e-28
  1.8340e+05   4.90e-28
  1.9093e+05   4.65e-28
  1.9877e+05   4.41e-28
  2.0693e+05   4.18e-28
  2.1543e+05   3.96e-28
  2.2427e+05   3.74e-28
  2.3348e+05   3.54e-28
  2.4306e+05   3.35e-28
  2.5304e+05   3.17e-28
  2.6343e+05   2.99e-28
  2.7424e+05   2.82e-28
  2.8550e+05   2.66e-28
  2.9722e+05   2.51e-28
  3.0942e+05   2.37e-28
  3.2213e+05   2.23e-28
  3.3535e+05   2.10e-28
  3.4912e+05   1.97e-28
  3.6345e+05   1.85e-28
  3.7837e+05   1.74e-28
  3.9390e+05   1.63e-28
  4.1008e+05   1.53e-28
  4.2691e+05   1.44e-28
  4.4444e+05   1.35e-28
  4.6268e+05   1.26e-28
  4.8168e+05   1.18e-28
  5.0145e+05   1.10e-28
  5.2204e+05   1.03e-28
  5.4347e+05   9.61e-29
  5.6578e+05   8.97e-29
  5.8901e+05   8.37e-29
  6.1319e+05   7.80e-29
  6.3836e+05   7.27e-29
  6.6457e+05   6.77e-29
  6.9185e+05   6.30e-29
  7.2025e+05   5.86e-29
  7.4982e+05   5.46e-29
  7.8061e+05   5.07e-29
  8.1265e+05   4.72e-29
  8.4601e+05   4.39e-29
  8.8075e+05   4.08e-29
  9.1690e+05   3.79e-29
  9.5455e+05   3.52e-29
  9.9373e+05   3.27e-29
  1.0345e+06   3.04e-29
  1.0770e+06   2.83e-29
  1.1212e+06   2.63e-29
  1.1672e+06   2.44e-29
  1.2152e+06   2.27e-29
  1.2650e+06   2.11e-29
  1.3170e+06   1.96e-29
  1.3711e+06   1.82e-29
  1.4273e+06   1.70e-29
  1.4859e+06   1.58e-29
  1.5469e+06   1.47e-29
  1.6104e+06   1.37e-29
  1.6766e+06   1.27e-29
  1.7454e+06   1.19e-29
  1.8170e+06   1.10e-29
  1.8916e+06   1.03e-29
  1.9693e+06   9.58e-30
  2.0501e+06   8.92e-30
  2.1343e+06   8.31e-30
  2.2219e+06   7.75e-30
  2.3131e+06   7.22e-30
  2.4081e+06   6.72e-30
  2.5070e+06   6.26e-30
  2.6099e+06   5.84e-30
  2.7170e+06   5.44e-30
  2.8286e+06   5.07e-30
  2.9447e+06   4.73e-30
  3.0656e+06   4.40e-30
  3.1914e+06   4.10e-30
  3.3225e+06   3.82e-30
  3.4589e+06   3.56e-30
  3.6008e+06   3.32e-30
  3.7487e+06   3.09e-30
  3.9026e+06   2.88e-30
  4.0628e+06   2.68e-30
  4.2296e+06   2.49e-30
  4.4032e+06   2.31e-30
  4.5840e+06   2.15e-30
  4.7722e+06   2.00e-30
  4.9681e+06   1.85e-30
  5.1720e+06   1.72e-30
  5.3844e+06   1.59e-30
  5.6054e+06   1.47e-30
  5.8355e+06   1.36e-30
  6.0751e+06   1.26e-30
  6.3245e+06   1.16e-30
  6.5841e+06   1.07e-30
  6.8544e+06   9.86e-31
  7.1358e+06   9.06e-31
  7.4288e+06   8.30e-31
  7.7338e+06   7.59e-31
  8.0513e+06   6.93e-31
  8.3818e+06   6.30e-31
  8.7259e+06   5.72e-31
  9.0841e+06   5.18e-31
  9.4571e+06   4.67e-31
  9.8453e+06   4.19e-31
  1.0249e+07   3.74e-31
  1.0670e+07   3.33e-31
  1.1108e+07   2.94e-31
  1.1564e+07   2.58e-31
  1.2039e+07   2.25e-31
  1.2533e+07   1.94e-31
  1.3048e+07   1.67e-31
  1.3584e+07   1.41e-31
  1.4141e+07   1.18e-31
  1.4722e+07   9.77e-32
  1.5326e+07   7.95e-32
  1.5955e+07   6.36e-32
  1.6610e+07   4.99e-32
  1.7292e+07   3.82e-32
  1.8002e+07   2.86e-32
  1.8741e+07   2.07e-32
  1.9511e+07   1.45e-32
  2.0312e+07   9.79e-33
  2.1145e+07   6.29e-33
  2.2013e+07   3.83e-33
  2.2917e+07   2.19e-33
  2.3858e+07   1.16e-33
  2.4837e+07   5.61e-34
  2.5857e+07   2.45e-34
  2.6919e+07   9.39e-35
  2.8024e+07   3.10e-35
  2.9174e+07   8.51e-36
  3.0372e+07   1.87e-36
  3.1619e+07   3.13e-37
  3.2917e+07   3.74e-38
  3.4268e+07   2.94e-39
  3.5675e+07   1.38e-40
  3.7140e+07   3.36e-42
  3.8664e+07   3.57e-44
  4.0252e+07   1.32e-46
  4.1904e+07   1.25e-49
  4.3624e+07   2.02e-53
  4.5415e+07   3.20e-58
  4.7280e+07   2.34e-64
  4.9221e+07   1.61e-71
  5.1241e+07   1.52e-71
  5.3345e+07   1.44e-71
  5.5535e+07   1.36e-71
  5.7815e+07   1.28e-71
  6.0188e+07   1.21e-71
  6.2659e+07   1.14e-71
  6.5232e+07   1.07e-71
  6.7910e+07   1.01e-71
  7.0698e+07   9.51e-72
  7.3600e+07   8.94e-72
  7.6621e+07   8.40e-72
  7.9767e+07   7.87e-72
  8.3042e+07   7.36e-72
  8.6451e+07   6.89e-72
  9.0000e+07   6.49e-72
