#  E [MeV]   Flux [# cm^{-2} s^{-1}  MeV^{-1}]
  3.0000e+04   3.47e-19
  3.1123e+04   3.31e-19
  3.2288e+04   3.17e-19
  3.3497e+04   3.03e-19
  3.4751e+04   2.89e-19
  3.6051e+04   2.76e-19
  3.7401e+04   2.64e-19
  3.8801e+04   2.52e-19
  4.0253e+04   2.41e-19
  4.1760e+04   2.30e-19
  4.3324e+04   2.19e-19
  4.4945e+04   2.09e-19
  4.6628e+04   2.00e-19
  4.8373e+04   1.91e-19
  5.0184e+04   1.82e-19
  5.2063e+04   1.73e-19
  5.4011e+04   1.65e-19
  5.6033e+04   1.58e-19
  5.8131e+04   1.50e-19
  6.0307e+04   1.43e-19
  6.2564e+04   1.37e-19
  6.4906e+04   1.30e-19
  6.7336e+04   1.24e-19
  6.9857e+04   1.18e-19
  7.2472e+04   1.13e-19
  7.5184e+04   1.07e-19
  7.7999e+04   1.02e-19
  8.0919e+04   9.74e-20
  8.3948e+04   9.28e-20
  8.7090e+04   8.83e-20
  9.0350e+04   8.41e-20
  9.3732e+04   8.00e-20
  9.7241e+04   7.61e-20
  1.0088e+05   7.24e-20
  1.0466e+05   6.89e-20
  1.0858e+05   6.56e-20
  1.1264e+05   6.24e-20
  1.1686e+05   5.93e-20
  1.2123e+05   5.64e-20
  1.2577e+05   5.36e-20
  1.3048e+05   5.10e-20
  1.3536e+05   4.84e-20
  1.4043e+05   4.60e-20
  1.4568e+05   4.37e-20
  1.5114e+05   4.16e-20
  1.5680e+05   3.95e-20
  1.6266e+05   3.75e-20
  1.6875e+05   3.56e-20
  1.7507e+05   3.38e-20
  1.8162e+05   3.21e-20
  1.8842e+05   3.05e-20
  1.9548e+05   2.89e-20
  2.0279e+05   2.74e-20
  2.1039e+05   2.60e-20
  2.1826e+05   2.47e-20
  2.2643e+05   2.34e-20
  2.3491e+05   2.22e-20
  2.4370e+05   2.10e-20
  2.5282e+05   1.99e-20
  2.6229e+05   1.89e-20
  2.7211e+05   1.79e-20
  2.8229e+05   1.69e-20
  2.9286e+05   1.60e-20
  3.0382e+05   1.51e-20
  3.1519e+05   1.43e-20
  3.2699e+05   1.35e-20
  3.3923e+05   1.28e-20
  3.5193e+05   1.21e-20
  3.6511e+05   1.14e-20
  3.7877e+05   1.08e-20
  3.9295e+05   1.02e-20
  4.0766e+05   9.60e-21
  4.2292e+05   9.05e-21
  4.3875e+05   8.53e-21
  4.5518e+05   8.03e-21
  4.7222e+05   7.56e-21
  4.8989e+05   7.11e-21
  5.0823e+05   6.68e-21
  5.2726e+05   6.28e-21
  5.4699e+05   5.90e-21
  5.6747e+05   5.53e-21
  5.8871e+05   5.19e-21
  6.1075e+05   4.86e-21
  6.3361e+05   4.55e-21
  6.5733e+05   4.26e-21
  6.8194e+05   3.99e-21
  7.0746e+05   3.73e-21
  7.3395e+05   3.49e-21
  7.6142e+05   3.26e-21
  7.8992e+05   3.05e-21
  8.1949e+05   2.85e-21
  8.5017e+05   2.66e-21
  8.8199e+05   2.49e-21
  9.1501e+05   2.32e-21
  9.4926e+05   2.17e-21
  9.8479e+05   2.02e-21
  1.0217e+06   1.89e-21
  1.0599e+06   1.76e-21
  1.0996e+06   1.64e-21
  1.1407e+06   1.52e-21
  1.1834e+06   1.42e-21
  1.2277e+06   1.32e-21
  1.2737e+06   1.23e-21
  1.3214e+06   1.14e-21
  1.3708e+06   1.06e-21
  1.4222e+06   9.80e-22
  1.4754e+06   9.08e-22
  1.5306e+06   8.41e-22
  1.5879e+06   7.79e-22
  1.6474e+06   7.21e-22
  1.7090e+06   6.66e-22
  1.7730e+06   6.15e-22
  1.8394e+06   5.68e-22
  1.9082e+06   5.24e-22
  1.9797e+06   4.82e-22
  2.0538e+06   4.45e-22
  2.1306e+06   4.09e-22
  2.2104e+06   3.76e-22
  2.2931e+06   3.45e-22
  2.3790e+06   3.17e-22
  2.4680e+06   2.90e-22
  2.5604e+06   2.65e-22
  2.6563e+06   2.43e-22
  2.7557e+06   2.21e-22
  2.8589e+06   2.02e-22
  2.9659e+06   1.84e-22
  3.0769e+06   1.67e-22
  3.1921e+06   1.52e-22
  3.3116e+06   1.38e-22
  3.4355e+06   1.25e-22
  3.5641e+06   1.13e-22
  3.6976e+06   1.02e-22
  3.8360e+06   9.23e-23
  3.9796e+06   8.31e-23
  4.1285e+06   7.50e-23
  4.2831e+06   6.73e-23
  4.4434e+06   6.02e-23
  4.6097e+06   5.40e-23
  4.7823e+06   4.82e-23
  4.9613e+06   4.28e-23
  5.1470e+06   3.83e-23
  5.3397e+06   3.40e-23
  5.5396e+06   3.00e-23
  5.7470e+06   2.67e-23
  5.9621e+06   2.36e-23
  6.1853e+06   2.07e-23
  6.4168e+06   1.82e-23
  6.6570e+06   1.60e-23
  6.9062e+06   1.40e-23
  7.1647e+06   1.23e-23
  7.4329e+06   1.07e-23
  7.7112e+06   9.30e-24
  7.9998e+06   8.07e-24
  8.2993e+06   7.03e-24
  8.6100e+06   6.05e-24
  8.9323e+06   5.20e-24
  9.2666e+06   4.50e-24
  9.6135e+06   3.84e-24
  9.9734e+06   3.27e-24
  1.0347e+07   2.81e-24
  1.0734e+07   2.38e-24
  1.1136e+07   2.00e-24
  1.1553e+07   1.71e-24
  1.1985e+07   1.44e-24
  1.2434e+07   1.19e-24
  1.2899e+07   1.01e-24
  1.3382e+07   8.44e-25
  1.3883e+07   6.92e-25
  1.4403e+07   5.78e-25
  1.4942e+07   4.78e-25
  1.5501e+07   3.88e-25
  1.6081e+07   3.19e-25
  1.6683e+07   2.61e-25
  1.7308e+07   2.09e-25
  1.7956e+07   1.68e-25
  1.8628e+07   1.36e-25
  1.9325e+07   1.07e-25
  2.0049e+07   8.39e-26
  2.0799e+07   6.63e-26
  2.1578e+07   5.11e-26
  2.2386e+07   3.89e-26
  2.3224e+07   2.98e-26
  2.4093e+07   2.22e-26
  2.4995e+07   1.61e-26
  2.5930e+07   1.17e-26
  2.6901e+07   8.18e-27
  2.7908e+07   5.49e-27
  2.8953e+07   3.63e-27
  3.0037e+07   2.28e-27
  3.1161e+07   1.34e-27
  3.2327e+07   7.45e-28
  3.3537e+07   3.80e-28
  3.4793e+07   1.73e-28
  3.6095e+07   7.00e-29
  3.7446e+07   2.41e-29
  3.8848e+07   6.80e-30
  4.0302e+07   1.49e-30
  4.1811e+07   2.41e-31
  4.3376e+07   2.62e-32
  4.5000e+07   1.76e-33
