#  E [MeV]   Flux [# cm^{-2} s^{-1}  MeV^{-1}]
  3.0000e+04   3.08e-26
  3.1232e+04   2.96e-26
  3.2514e+04   2.85e-26
  3.3849e+04   2.74e-26
  3.5238e+04   2.63e-26
  3.6685e+04   2.53e-26
  3.8191e+04   2.43e-26
  3.9759e+04   2.33e-26
  4.1391e+04   2.24e-26
  4.3090e+04   2.15e-26
  4.4859e+04   2.06e-26
  4.6701e+04   1.98e-26
  4.8618e+04   1.90e-26
  5.0614e+04   1.82e-26
  5.2692e+04   1.74e-26
  5.4855e+04   1.67e-26
  5.7107e+04   1.60e-26
  5.9451e+04   1.54e-26
  6.1892e+04   1.47e-26
  6.4433e+04   1.41e-26
  6.7078e+04   1.35e-26
  6.9832e+04   1.29e-26
  7.2699e+04   1.24e-26
  7.5683e+04   1.18e-26
  7.8790e+04   1.13e-26
  8.2025e+04   1.08e-26
  8.5392e+04   1.03e-26
  8.8898e+04   9.89e-27
  9.2547e+04   9.45e-27
  9.6347e+04   9.03e-27
  1.0030e+05   8.62e-27
  1.0442e+05   8.23e-27
  1.0871e+05   7.86e-27
  1.1317e+05   7.50e-27
  1.1782e+05   7.16e-27
  1.2265e+05   6.83e-27
  1.2769e+05   6.51e-27
  1.3293e+05   6.21e-27
  1.3839e+05   5.91e-27
  1.4407e+05   5.63e-27
  1.4998e+05   5.36e-27
  1.5614e+05   5.11e-27
  1.6255e+05   4.86e-27
  1.6922e+05   4.62e-27
  1.7617e+05   4.40e-27
  1.8340e+05   4.18e-27
  1.9093e+05   3.97e-27
  1.9877e+05   3.78e-27
  2.0693e+05   3.59e-27
  2.1543e+05   3.41e-27
  2.2427e+05   3.23e-27
  2.3348e+05   3.07e-27
  2.4306e+05   2.91e-27
  2.5304e+05   2.76e-27
  2.6343e+05   2.62e-27
  2.7424e+05   2.48e-27
  2.8550e+05   2.35e-27
  2.9722e+05   2.22e-27
  3.0942e+05   2.11e-27
  3.2213e+05   1.99e-27
  3.3535e+05   1.88e-27
  3.4912e+05   1.78e-27
  3.6345e+05   1.69e-27
  3.7837e+05   1.59e-27
  3.9390e+05   1.50e-27
  4.1008e+05   1.42e-27
  4.2691e+05   1.34e-27
  4.4444e+05   1.27e-27
  4.6268e+05   1.19e-27
  4.8168e+05   1.13e-27
  5.0145e+05   1.06e-27
  5.2204e+05   1.00e-27
  5.4347e+05   9.42e-28
  5.6578e+05   8.87e-28
  5.8901e+05   8.34e-28
  6.1319e+05   7.85e-28
  6.3836e+05   7.38e-28
  6.6457e+05   6.94e-28
  6.9185e+05   6.53e-28
  7.2025e+05   6.13e-28
  7.4982e+05   5.76e-28
  7.8061e+05   5.41e-28
  8.1265e+05   5.08e-28
  8.4601e+05   4.77e-28
  8.8075e+05   4.48e-28
  9.1690e+05   4.21e-28
  9.5455e+05   3.95e-28
  9.9373e+05   3.70e-28
  1.0345e+06   3.47e-28
  1.0770e+06   3.26e-28
  1.1212e+06   3.05e-28
  1.1672e+06   2.86e-28
  1.2152e+06   2.68e-28
  1.2650e+06   2.51e-28
  1.3170e+06   2.36e-28
  1.3711e+06   2.21e-28
  1.4273e+06   2.07e-28
  1.4859e+06   1.94e-28
  1.5469e+06   1.81e-28
  1.6104e+06   1.70e-28
  1.6766e+06   1.59e-28
  1.7454e+06   1.49e-28
  1.8170e+06   1.40e-28
  1.8916e+06   1.31e-28
  1.9693e+06   1.23e-28
  2.0501e+06   1.15e-28
  2.1343e+06   1.08e-28
  2.2219e+06   1.01e-28
  2.3131e+06   9.43e-29
  2.4081e+06   8.83e-29
  2.5070e+06   8.26e-29
  2.6099e+06   7.74e-29
  2.7170e+06   7.25e-29
  2.8286e+06   6.78e-29
  2.9447e+06   6.36e-29
  3.0656e+06   5.96e-29
  3.1914e+06   5.58e-29
  3.3225e+06   5.23e-29
  3.4589e+06   4.90e-29
  3.6008e+06   4.60e-29
  3.7487e+06   4.31e-29
  3.9026e+06   4.04e-29
  4.0628e+06   3.79e-29
  4.2296e+06   3.56e-29
  4.4032e+06   3.33e-29
  4.5840e+06   3.13e-29
  4.7722e+06   2.94e-29
  4.9681e+06   2.75e-29
  5.1720e+06   2.59e-29
  5.3844e+06   2.43e-29
  5.6054e+06   2.28e-29
  5.8355e+06   2.14e-29
  6.0751e+06   2.01e-29
  6.3245e+06   1.89e-29
  6.5841e+06   1.78e-29
  6.8544e+06   1.67e-29
  7.1358e+06   1.57e-29
  7.4288e+06   1.48e-29
  7.7338e+06   1.39e-29
  8.0513e+06   1.30e-29
  8.3818e+06   1.23e-29
  8.7259e+06   1.15e-29
  9.0841e+06   1.08e-29
  9.4571e+06   1.02e-29
  9.8453e+06   9.56e-30
  1.0249e+07   8.98e-30
  1.0670e+07   8.44e-30
  1.1108e+07   7.91e-30
  1.1564e+07   7.42e-30
  1.2039e+07   6.95e-30
  1.2533e+07   6.50e-30
  1.3048e+07   6.08e-30
  1.3584e+07   5.68e-30
  1.4141e+07   5.29e-30
  1.4722e+07   4.92e-30
  1.5326e+07   4.57e-30
  1.5955e+07   4.23e-30
  1.6610e+07   3.91e-30
  1.7292e+07   3.60e-30
  1.8002e+07   3.31e-30
  1.8741e+07   3.02e-30
  1.9511e+07   2.75e-30
  2.0312e+07   2.49e-30
  2.1145e+07   2.23e-30
  2.2013e+07   1.99e-30
  2.2917e+07   1.76e-30
  2.3858e+07   1.54e-30
  2.4837e+07   1.32e-30
  2.5857e+07   1.12e-30
  2.6919e+07   9.37e-31
  2.8024e+07   7.65e-31
  2.9174e+07   6.09e-31
  3.0372e+07   4.69e-31
  3.1619e+07   3.48e-31
  3.2917e+07   2.46e-31
  3.4268e+07   1.64e-31
  3.5675e+07   1.02e-31
  3.7140e+07   5.79e-32
  3.8664e+07   2.93e-32
  4.0252e+07   1.28e-32
  4.1904e+07   4.65e-33
  4.3624e+07   1.33e-33
  4.5415e+07   2.78e-34
  4.7280e+07   3.87e-35
  4.9221e+07   3.12e-36
  5.1241e+07   1.21e-37
  5.3345e+07   1.76e-39
  5.5535e+07   6.57e-42
  5.7815e+07   3.74e-45
  6.0188e+07   1.52e-49
  6.2659e+07   1.44e-55
  6.5232e+07   6.04e-64
  6.7910e+07   8.51e-71
  7.0698e+07   8.02e-71
  7.3600e+07   7.54e-71
  7.6621e+07   7.09e-71
  7.9767e+07   6.66e-71
  8.3042e+07   6.23e-71
  8.6451e+07   5.83e-71
  9.0000e+07   5.47e-71
