#  E [MeV]   Flux [# cm^{-2} s^{-1}  MeV^{-1}]
  3.0000e+04   1.68e-19
  3.0854e+04   1.62e-19
  3.1733e+04   1.57e-19
  3.2636e+04   1.52e-19
  3.3566e+04   1.47e-19
  3.4521e+04   1.42e-19
  3.5504e+04   1.37e-19
  3.6515e+04   1.32e-19
  3.7555e+04   1.28e-19
  3.8625e+04   1.24e-19
  3.9724e+04   1.19e-19
  4.0855e+04   1.15e-19
  4.2019e+04   1.11e-19
  4.3215e+04   1.07e-19
  4.4446e+04   1.04e-19
  4.5711e+04   1.00e-19
  4.7013e+04   9.64e-20
  4.8352e+04   9.30e-20
  4.9728e+04   8.96e-20
  5.1144e+04   8.63e-20
  5.2601e+04   8.32e-20
  5.4099e+04   8.01e-20
  5.5639e+04   7.71e-20
  5.7223e+04   7.43e-20
  5.8853e+04   7.15e-20
  6.0528e+04   6.88e-20
  6.2252e+04   6.61e-20
  6.4025e+04   6.36e-20
  6.5848e+04   6.12e-20
  6.7723e+04   5.88e-20
  6.9651e+04   5.65e-20
  7.1634e+04   5.43e-20
  7.3674e+04   5.21e-20
  7.5772e+04   5.00e-20
  7.7929e+04   4.80e-20
  8.0148e+04   4.61e-20
  8.2431e+04   4.42e-20
  8.4778e+04   4.24e-20
  8.7192e+04   4.07e-20
  8.9674e+04   3.90e-20
  9.2228e+04   3.73e-20
  9.4854e+04   3.58e-20
  9.7555e+04   3.43e-20
  1.0033e+05   3.28e-20
  1.0319e+05   3.14e-20
  1.0613e+05   3.00e-20
  1.0915e+05   2.87e-20
  1.1226e+05   2.74e-20
  1.1545e+05   2.62e-20
  1.1874e+05   2.51e-20
  1.2212e+05   2.39e-20
  1.2560e+05   2.29e-20
  1.2918e+05   2.18e-20
  1.3286e+05   2.08e-20
  1.3664e+05   1.99e-20
  1.4053e+05   1.90e-20
  1.4453e+05   1.81e-20
  1.4865e+05   1.72e-20
  1.5288e+05   1.64e-20
  1.5723e+05   1.56e-20
  1.6171e+05   1.49e-20
  1.6631e+05   1.42e-20
  1.7105e+05   1.35e-20
  1.7592e+05   1.28e-20
  1.8093e+05   1.22e-20
  1.8608e+05   1.16e-20
  1.9138e+05   1.10e-20
  1.9683e+05   1.04e-20
  2.0243e+05   9.90e-21
  2.0820e+05   9.39e-21
  2.1413e+05   8.90e-21
  2.2022e+05   8.43e-21
  2.2649e+05   7.98e-21
  2.3294e+05   7.55e-21
  2.3958e+05   7.14e-21
  2.4640e+05   6.76e-21
  2.5341e+05   6.38e-21
  2.6063e+05   6.03e-21
  2.6805e+05   5.69e-21
  2.7568e+05   5.37e-21
  2.8353e+05   5.06e-21
  2.9161e+05   4.77e-21
  2.9991e+05   4.49e-21
  3.0845e+05   4.23e-21
  3.1723e+05   3.98e-21
  3.2627e+05   3.74e-21
  3.3556e+05   3.51e-21
  3.4511e+05   3.30e-21
  3.5494e+05   3.09e-21
  3.6504e+05   2.90e-21
  3.7544e+05   2.72e-21
  3.8613e+05   2.54e-21
  3.9712e+05   2.38e-21
  4.0843e+05   2.23e-21
  4.2006e+05   2.08e-21
  4.3202e+05   1.94e-21
  4.4432e+05   1.81e-21
  4.5698e+05   1.69e-21
  4.6999e+05   1.57e-21
  4.8337e+05   1.46e-21
  4.9713e+05   1.36e-21
  5.1129e+05   1.27e-21
  5.2585e+05   1.18e-21
  5.4082e+05   1.09e-21
  5.5622e+05   1.01e-21
  5.7206e+05   9.41e-22
  5.8835e+05   8.71e-22
  6.0510e+05   8.06e-22
  6.2233e+05   7.47e-22
  6.4005e+05   6.91e-22
  6.5828e+05   6.38e-22
  6.7702e+05   5.89e-22
  6.9630e+05   5.45e-22
  7.1613e+05   5.03e-22
  7.3652e+05   4.63e-22
  7.5749e+05   4.27e-22
  7.7906e+05   3.93e-22
  8.0124e+05   3.62e-22
  8.2406e+05   3.33e-22
  8.4752e+05   3.06e-22
  8.7165e+05   2.81e-22
  8.9647e+05   2.59e-22
  9.2200e+05   2.37e-22
  9.4825e+05   2.17e-22
  9.7526e+05   2.00e-22
  1.0030e+06   1.83e-22
  1.0316e+06   1.68e-22
  1.0610e+06   1.53e-22
  1.0912e+06   1.40e-22
  1.1222e+06   1.29e-22
  1.1542e+06   1.18e-22
  1.1871e+06   1.07e-22
  1.2209e+06   9.81e-23
  1.2556e+06   8.97e-23
  1.2914e+06   8.19e-23
  1.3281e+06   7.45e-23
  1.3660e+06   6.80e-23
  1.4049e+06   6.21e-23
  1.4449e+06   5.65e-23
  1.4860e+06   5.13e-23
  1.5283e+06   4.66e-23
  1.5718e+06   4.25e-23
  1.6166e+06   3.86e-23
  1.6626e+06   3.49e-23
  1.7100e+06   3.16e-23
  1.7587e+06   2.87e-23
  1.8087e+06   2.60e-23
  1.8602e+06   2.34e-23
  1.9132e+06   2.11e-23
  1.9677e+06   1.91e-23
  2.0237e+06   1.73e-23
  2.0813e+06   1.55e-23
  2.1406e+06   1.39e-23
  2.2016e+06   1.26e-23
  2.2642e+06   1.13e-23
  2.3287e+06   1.01e-23
  2.3950e+06   9.02e-24
  2.4632e+06   8.12e-24
  2.5334e+06   7.28e-24
  2.6055e+06   6.48e-24
  2.6797e+06   5.73e-24
  2.7560e+06   5.14e-24
  2.8345e+06   4.58e-24
  2.9152e+06   4.05e-24
  2.9982e+06   3.56e-24
  3.0836e+06   3.17e-24
  3.1714e+06   2.81e-24
  3.2617e+06   2.47e-24
  3.3545e+06   2.15e-24
  3.4501e+06   1.91e-24
  3.5483e+06   1.68e-24
  3.6493e+06   1.47e-24
  3.7532e+06   1.27e-24
  3.8601e+06   1.11e-24
  3.9700e+06   9.76e-25
  4.0831e+06   8.47e-25
  4.1993e+06   7.25e-25
  4.3189e+06   6.30e-25
  4.4419e+06   5.49e-25
  4.5684e+06   4.73e-25
  4.6985e+06   4.02e-25
  4.8322e+06   3.45e-25
  4.9698e+06   2.98e-25
  5.1114e+06   2.55e-25
  5.2569e+06   2.14e-25
  5.4066e+06   1.81e-25
  5.5605e+06   1.56e-25
  5.7189e+06   1.32e-25
  5.8817e+06   1.10e-25
  6.0492e+06   9.15e-26
  6.2214e+06   7.76e-26
  6.3986e+06   6.48e-26
  6.5808e+06   5.30e-26
  6.7682e+06   4.29e-26
  6.9609e+06   3.53e-26
  7.1591e+06   2.85e-26
  7.3630e+06   2.22e-26
  7.5726e+06   1.69e-26
  7.7882e+06   1.36e-26
  8.0100e+06   1.05e-26
