#  E [MeV]   Flux [# cm^{-2} s^{-1}  MeV^{-1}]
  3.0000e+04   1.94e-25
  3.1141e+04   1.86e-25
  3.2326e+04   1.78e-25
  3.3556e+04   1.70e-25
  3.4832e+04   1.62e-25
  3.6157e+04   1.55e-25
  3.7533e+04   1.48e-25
  3.8961e+04   1.41e-25
  4.0443e+04   1.35e-25
  4.1982e+04   1.29e-25
  4.3579e+04   1.23e-25
  4.5237e+04   1.17e-25
  4.6958e+04   1.12e-25
  4.8744e+04   1.07e-25
  5.0598e+04   1.02e-25
  5.2523e+04   9.71e-26
  5.4521e+04   9.26e-26
  5.6596e+04   8.82e-26
  5.8749e+04   8.41e-26
  6.0984e+04   8.01e-26
  6.3304e+04   7.63e-26
  6.5712e+04   7.27e-26
  6.8212e+04   6.92e-26
  7.0807e+04   6.59e-26
  7.3500e+04   6.27e-26
  7.6297e+04   5.96e-26
  7.9199e+04   5.67e-26
  8.2212e+04   5.39e-26
  8.5340e+04   5.13e-26
  8.8586e+04   4.87e-26
  9.1956e+04   4.63e-26
  9.5455e+04   4.40e-26
  9.9086e+04   4.18e-26
  1.0286e+05   3.97e-26
  1.0677e+05   3.77e-26
  1.1083e+05   3.57e-26
  1.1505e+05   3.39e-26
  1.1942e+05   3.21e-26
  1.2397e+05   3.05e-26
  1.2868e+05   2.89e-26
  1.3358e+05   2.73e-26
  1.3866e+05   2.59e-26
  1.4394e+05   2.45e-26
  1.4941e+05   2.32e-26
  1.5509e+05   2.19e-26
  1.6100e+05   2.07e-26
  1.6712e+05   1.95e-26
  1.7348e+05   1.84e-26
  1.8008e+05   1.74e-26
  1.8693e+05   1.64e-26
  1.9404e+05   1.54e-26
  2.0142e+05   1.45e-26
  2.0908e+05   1.37e-26
  2.1704e+05   1.29e-26
  2.2529e+05   1.21e-26
  2.3387e+05   1.13e-26
  2.4276e+05   1.06e-26
  2.5200e+05   9.95e-27
  2.6158e+05   9.31e-27
  2.7154e+05   8.70e-27
  2.8187e+05   8.13e-27
  2.9259e+05   7.58e-27
  3.0372e+05   7.07e-27
  3.1527e+05   6.58e-27
  3.2727e+05   6.11e-27
  3.3972e+05   5.68e-27
  3.5264e+05   5.26e-27
  3.6606e+05   4.88e-27
  3.7998e+05   4.51e-27
  3.9444e+05   4.17e-27
  4.0945e+05   3.85e-27
  4.2502e+05   3.55e-27
  4.4119e+05   3.26e-27
  4.5798e+05   3.00e-27
  4.7540e+05   2.76e-27
  4.9348e+05   2.53e-27
  5.1226e+05   2.32e-27
  5.3175e+05   2.12e-27
  5.5198e+05   1.94e-27
  5.7297e+05   1.77e-27
  5.9477e+05   1.62e-27
  6.1740e+05   1.48e-27
  6.4089e+05   1.34e-27
  6.6527e+05   1.22e-27
  6.9058e+05   1.11e-27
  7.1685e+05   1.01e-27
  7.4412e+05   9.20e-28
  7.7243e+05   8.36e-28
  8.0181e+05   7.59e-28
  8.3232e+05   6.89e-28
  8.6398e+05   6.25e-28
  8.9685e+05   5.67e-28
  9.3097e+05   5.14e-28
  9.6638e+05   4.66e-28
  1.0031e+06   4.23e-28
  1.0413e+06   3.83e-28
  1.0809e+06   3.47e-28
  1.1220e+06   3.15e-28
  1.1647e+06   2.85e-28
  1.2090e+06   2.59e-28
  1.2550e+06   2.34e-28
  1.3028e+06   2.12e-28
  1.3523e+06   1.92e-28
  1.4038e+06   1.74e-28
  1.4572e+06   1.58e-28
  1.5126e+06   1.43e-28
  1.5702e+06   1.30e-28
  1.6299e+06   1.17e-28
  1.6919e+06   1.06e-28
  1.7563e+06   9.64e-29
  1.8231e+06   8.72e-29
  1.8925e+06   7.90e-29
  1.9645e+06   7.15e-29
  2.0392e+06   6.45e-29
  2.1168e+06   5.84e-29
  2.1973e+06   5.27e-29
  2.2809e+06   4.75e-29
  2.3677e+06   4.28e-29
  2.4577e+06   3.86e-29
  2.5512e+06   3.46e-29
  2.6483e+06   3.11e-29
  2.7490e+06   2.79e-29
  2.8536e+06   2.49e-29
  2.9622e+06   2.23e-29
  3.0749e+06   1.99e-29
  3.1918e+06   1.77e-29
  3.3133e+06   1.57e-29
  3.4393e+06   1.40e-29
  3.5702e+06   1.24e-29
  3.7060e+06   1.09e-29
  3.8470e+06   9.63e-30
  3.9933e+06   8.45e-30
  4.1452e+06   7.39e-30
  4.3029e+06   6.48e-30
  4.4666e+06   5.64e-30
  4.6366e+06   4.88e-30
  4.8129e+06   4.23e-30
  4.9960e+06   3.64e-30
  5.1861e+06   3.11e-30
  5.3834e+06   2.66e-30
  5.5882e+06   2.26e-30
  5.8008e+06   1.90e-30
  6.0215e+06   1.61e-30
  6.2506e+06   1.35e-30
  6.4883e+06   1.12e-30
  6.7352e+06   9.28e-31
  6.9914e+06   7.63e-31
  7.2574e+06   6.19e-31
  7.5335e+06   5.04e-31
  7.8201e+06   4.06e-31
  8.1176e+06   3.21e-31
  8.4264e+06   2.55e-31
  8.7470e+06   2.00e-31
  9.0797e+06   1.54e-31
  9.4251e+06   1.18e-31
  9.7837e+06   8.90e-32
  1.0156e+07   6.59e-32
  1.0542e+07   4.84e-32
  1.0943e+07   3.50e-32
  1.1360e+07   2.47e-32
  1.1792e+07   1.72e-32
  1.2240e+07   1.17e-32
  1.2706e+07   7.76e-33
  1.3189e+07   5.02e-33
  1.3691e+07   3.17e-33
  1.4212e+07   1.93e-33
  1.4753e+07   1.13e-33
  1.5314e+07   6.41e-34
  1.5897e+07   3.45e-34
  1.6501e+07   1.76e-34
  1.7129e+07   8.62e-35
  1.7781e+07   3.91e-35
  1.8457e+07   1.64e-35
  1.9159e+07   6.46e-36
  1.9888e+07   2.29e-36
  2.0645e+07   7.23e-37
  2.1430e+07   2.05e-37
  2.2245e+07   5.01e-38
  2.3092e+07   1.03e-38
  2.3970e+07   1.76e-39
  2.4882e+07   2.41e-40
  2.5829e+07   2.51e-41
  2.6811e+07   1.95e-42
  2.7831e+07   1.05e-43
  2.8890e+07   3.67e-45
  2.9989e+07   7.81e-47
  3.1130e+07   9.09e-49
  3.2314e+07   5.14e-51
  3.3544e+07   1.23e-53
  3.4820e+07   1.03e-56
  3.6144e+07   2.44e-60
  3.7519e+07   1.23e-64
  3.8947e+07   9.21e-70
  4.0428e+07   3.26e-72
  4.1966e+07   2.96e-72
  4.3563e+07   2.67e-72
  4.5220e+07   2.41e-72
  4.6941e+07   2.18e-72
  4.8726e+07   2.00e-72
  5.0580e+07   1.83e-72
