#  E [MeV]   Flux [# cm^{-2} s^{-1}  MeV^{-1}]
  3.0000e+04   8.26e-22
  3.1033e+04   7.95e-22
  3.2102e+04   7.65e-22
  3.3207e+04   7.36e-22
  3.4350e+04   7.08e-22
  3.5533e+04   6.81e-22
  3.6757e+04   6.54e-22
  3.8022e+04   6.29e-22
  3.9332e+04   6.05e-22
  4.0686e+04   5.81e-22
  4.2087e+04   5.58e-22
  4.3536e+04   5.36e-22
  4.5035e+04   5.14e-22
  4.6586e+04   4.94e-22
  4.8190e+04   4.74e-22
  4.9850e+04   4.55e-22
  5.1566e+04   4.36e-22
  5.3342e+04   4.18e-22
  5.5178e+04   4.01e-22
  5.7078e+04   3.85e-22
  5.9044e+04   3.69e-22
  6.1077e+04   3.53e-22
  6.3180e+04   3.38e-22
  6.5356e+04   3.24e-22
  6.7606e+04   3.10e-22
  6.9934e+04   2.97e-22
  7.2342e+04   2.84e-22
  7.4833e+04   2.72e-22
  7.7410e+04   2.60e-22
  8.0075e+04   2.49e-22
  8.2833e+04   2.38e-22
  8.5685e+04   2.28e-22
  8.8635e+04   2.17e-22
  9.1687e+04   2.08e-22
  9.4844e+04   1.98e-22
  9.8110e+04   1.90e-22
  1.0149e+05   1.81e-22
  1.0498e+05   1.73e-22
  1.0860e+05   1.65e-22
  1.1234e+05   1.57e-22
  1.1621e+05   1.50e-22
  1.2021e+05   1.43e-22
  1.2435e+05   1.36e-22
  1.2863e+05   1.30e-22
  1.3306e+05   1.24e-22
  1.3764e+05   1.18e-22
  1.4238e+05   1.12e-22
  1.4728e+05   1.07e-22
  1.5235e+05   1.02e-22
  1.5760e+05   9.67e-23
  1.6302e+05   9.19e-23
  1.6864e+05   8.74e-23
  1.7445e+05   8.31e-23
  1.8045e+05   7.89e-23
  1.8667e+05   7.49e-23
  1.9309e+05   7.12e-23
  1.9974e+05   6.75e-23
  2.0662e+05   6.41e-23
  2.1373e+05   6.08e-23
  2.2109e+05   5.76e-23
  2.2871e+05   5.46e-23
  2.3658e+05   5.17e-23
  2.4473e+05   4.90e-23
  2.5316e+05   4.64e-23
  2.6187e+05   4.39e-23
  2.7089e+05   4.15e-23
  2.8022e+05   3.92e-23
  2.8987e+05   3.71e-23
  2.9985e+05   3.50e-23
  3.1017e+05   3.31e-23
  3.2085e+05   3.12e-23
  3.3190e+05   2.95e-23
  3.4333e+05   2.78e-23
  3.5515e+05   2.62e-23
  3.6738e+05   2.47e-23
  3.8003e+05   2.33e-23
  3.9312e+05   2.19e-23
  4.0665e+05   2.06e-23
  4.2066e+05   1.94e-23
  4.3514e+05   1.82e-23
  4.5013e+05   1.71e-23
  4.6562e+05   1.61e-23
  4.8166e+05   1.51e-23
  4.9824e+05   1.42e-23
  5.1540e+05   1.33e-23
  5.3315e+05   1.25e-23
  5.5150e+05   1.17e-23
  5.7050e+05   1.10e-23
  5.9014e+05   1.03e-23
  6.1046e+05   9.69e-24
  6.3148e+05   9.08e-24
  6.5322e+05   8.51e-24
  6.7572e+05   7.98e-24
  6.9898e+05   7.48e-24
  7.2305e+05   7.01e-24
  7.4795e+05   6.57e-24
  7.7371e+05   6.16e-24
  8.0035e+05   5.77e-24
  8.2791e+05   5.41e-24
  8.5641e+05   5.07e-24
  8.8590e+05   4.76e-24
  9.1641e+05   4.47e-24
  9.4796e+05   4.19e-24
  9.8061e+05   3.94e-24
  1.0144e+06   3.70e-24
  1.0493e+06   3.47e-24
  1.0854e+06   3.26e-24
  1.1228e+06   3.07e-24
  1.1615e+06   2.89e-24
  1.2015e+06   2.72e-24
  1.2428e+06   2.56e-24
  1.2856e+06   2.41e-24
  1.3299e+06   2.27e-24
  1.3757e+06   2.14e-24
  1.4231e+06   2.02e-24
  1.4721e+06   1.90e-24
  1.5228e+06   1.80e-24
  1.5752e+06   1.70e-24
  1.6294e+06   1.60e-24
  1.6855e+06   1.52e-24
  1.7436e+06   1.44e-24
  1.8036e+06   1.36e-24
  1.8657e+06   1.29e-24
  1.9300e+06   1.22e-24
  1.9964e+06   1.16e-24
  2.0652e+06   1.10e-24
  2.1363e+06   1.04e-24
  2.2098e+06   9.86e-25
  2.2859e+06   9.36e-25
  2.3646e+06   8.88e-25
  2.4461e+06   8.43e-25
  2.5303e+06   8.00e-25
  2.6174e+06   7.60e-25
  2.7075e+06   7.22e-25
  2.8008e+06   6.85e-25
  2.8972e+06   6.51e-25
  2.9970e+06   6.18e-25
  3.1002e+06   5.87e-25
  3.2069e+06   5.57e-25
  3.3173e+06   5.29e-25
  3.4316e+06   5.02e-25
  3.5497e+06   4.76e-25
  3.6720e+06   4.52e-25
  3.7984e+06   4.28e-25
  3.9292e+06   4.06e-25
  4.0645e+06   3.85e-25
  4.2044e+06   3.64e-25
  4.3492e+06   3.45e-25
  4.4990e+06   3.26e-25
  4.6539e+06   3.08e-25
  4.8141e+06   2.90e-25
  4.9799e+06   2.74e-25
  5.1514e+06   2.57e-25
  5.3288e+06   2.42e-25
  5.5123e+06   2.27e-25
  5.7021e+06   2.13e-25
  5.8984e+06   2.00e-25
  6.1015e+06   1.87e-25
  6.3116e+06   1.74e-25
  6.5289e+06   1.62e-25
  6.7538e+06   1.51e-25
  6.9863e+06   1.40e-25
  7.2269e+06   1.30e-25
  7.4757e+06   1.20e-25
  7.7331e+06   1.10e-25
  7.9994e+06   1.01e-25
  8.2749e+06   9.26e-26
  8.5598e+06   8.45e-26
  8.8546e+06   7.68e-26
  9.1594e+06   6.96e-26
  9.4748e+06   6.27e-26
  9.8011e+06   5.63e-26
  1.0139e+07   5.02e-26
  1.0488e+07   4.46e-26
  1.0849e+07   3.94e-26
  1.1222e+07   3.45e-26
  1.1609e+07   3.00e-26
  1.2009e+07   2.59e-26
  1.2422e+07   2.22e-26
  1.2850e+07   1.89e-26
  1.3292e+07   1.58e-26
  1.3750e+07   1.32e-26
  1.4223e+07   1.08e-26
  1.4713e+07   8.75e-27
  1.5220e+07   6.98e-27
  1.5744e+07   5.48e-27
  1.6286e+07   4.22e-27
  1.6847e+07   3.18e-27
  1.7427e+07   2.35e-27
  1.8027e+07   1.69e-27
  1.8648e+07   1.18e-27
  1.9290e+07   7.93e-28
  1.9954e+07   5.15e-28
  2.0641e+07   3.21e-28
  2.1352e+07   1.91e-28
  2.2087e+07   1.07e-28
  2.2848e+07   5.65e-29
  2.3634e+07   2.77e-29
  2.4448e+07   1.26e-29
  2.5290e+07   5.20e-30
