#  E [MeV]   Flux [# cm^{-2} s^{-1}  MeV^{-1}]
  3.0000e+04   1.77e-25
  3.1141e+04   1.70e-25
  3.2326e+04   1.63e-25
  3.3556e+04   1.57e-25
  3.4832e+04   1.51e-25
  3.6157e+04   1.45e-25
  3.7533e+04   1.39e-25
  3.8961e+04   1.34e-25
  4.0443e+04   1.28e-25
  4.1982e+04   1.23e-25
  4.3579e+04   1.18e-25
  4.5237e+04   1.14e-25
  4.6958e+04   1.09e-25
  4.8744e+04   1.05e-25
  5.0598e+04   1.01e-25
  5.2523e+04   9.66e-26
  5.4521e+04   9.27e-26
  5.6596e+04   8.90e-26
  5.8749e+04   8.54e-26
  6.0984e+04   8.19e-26
  6.3304e+04   7.86e-26
  6.5712e+04   7.54e-26
  6.8212e+04   7.24e-26
  7.0807e+04   6.94e-26
  7.3500e+04   6.65e-26
  7.6297e+04   6.38e-26
  7.9199e+04   6.12e-26
  8.2212e+04   5.86e-26
  8.5340e+04   5.62e-26
  8.8586e+04   5.38e-26
  9.1956e+04   5.15e-26
  9.5455e+04   4.94e-26
  9.9086e+04   4.73e-26
  1.0286e+05   4.53e-26
  1.0677e+05   4.33e-26
  1.1083e+05   4.14e-26
  1.1505e+05   3.96e-26
  1.1942e+05   3.79e-26
  1.2397e+05   3.63e-26
  1.2868e+05   3.47e-26
  1.3358e+05   3.31e-26
  1.3866e+05   3.16e-26
  1.4394e+05   3.02e-26
  1.4941e+05   2.88e-26
  1.5509e+05   2.75e-26
  1.6100e+05   2.62e-26
  1.6712e+05   2.50e-26
  1.7348e+05   2.39e-26
  1.8008e+05   2.27e-26
  1.8693e+05   2.16e-26
  1.9404e+05   2.06e-26
  2.0142e+05   1.96e-26
  2.0908e+05   1.86e-26
  2.1704e+05   1.77e-26
  2.2529e+05   1.68e-26
  2.3387e+05   1.60e-26
  2.4276e+05   1.52e-26
  2.5200e+05   1.44e-26
  2.6158e+05   1.36e-26
  2.7154e+05   1.29e-26
  2.8187e+05   1.22e-26
  2.9259e+05   1.15e-26
  3.0372e+05   1.09e-26
  3.1527e+05   1.03e-26
  3.2727e+05   9.73e-27
  3.3972e+05   9.18e-27
  3.5264e+05   8.65e-27
  3.6606e+05   8.14e-27
  3.7998e+05   7.66e-27
  3.9444e+05   7.20e-27
  4.0945e+05   6.77e-27
  4.2502e+05   6.35e-27
  4.4119e+05   5.96e-27
  4.5798e+05   5.58e-27
  4.7540e+05   5.23e-27
  4.9348e+05   4.89e-27
  5.1226e+05   4.58e-27
  5.3175e+05   4.28e-27
  5.5198e+05   3.99e-27
  5.7297e+05   3.72e-27
  5.9477e+05   3.47e-27
  6.1740e+05   3.23e-27
  6.4089e+05   3.01e-27
  6.6527e+05   2.80e-27
  6.9058e+05   2.60e-27
  7.1685e+05   2.42e-27
  7.4412e+05   2.25e-27
  7.7243e+05   2.08e-27
  8.0181e+05   1.93e-27
  8.3232e+05   1.79e-27
  8.6398e+05   1.66e-27
  8.9685e+05   1.54e-27
  9.3097e+05   1.43e-27
  9.6638e+05   1.32e-27
  1.0031e+06   1.22e-27
  1.0413e+06   1.13e-27
  1.0809e+06   1.05e-27
  1.1220e+06   9.67e-28
  1.1647e+06   8.93e-28
  1.2090e+06   8.25e-28
  1.2550e+06   7.62e-28
  1.3028e+06   7.03e-28
  1.3523e+06   6.48e-28
  1.4038e+06   5.98e-28
  1.4572e+06   5.51e-28
  1.5126e+06   5.07e-28
  1.5702e+06   4.67e-28
  1.6299e+06   4.30e-28
  1.6919e+06   3.95e-28
  1.7563e+06   3.64e-28
  1.8231e+06   3.34e-28
  1.8925e+06   3.07e-28
  1.9645e+06   2.82e-28
  2.0392e+06   2.59e-28
  2.1168e+06   2.37e-28
  2.1973e+06   2.17e-28
  2.2809e+06   1.99e-28
  2.3677e+06   1.82e-28
  2.4577e+06   1.66e-28
  2.5512e+06   1.52e-28
  2.6483e+06   1.39e-28
  2.7490e+06   1.26e-28
  2.8536e+06   1.15e-28
  2.9622e+06   1.05e-28
  3.0749e+06   9.50e-29
  3.1918e+06   8.64e-29
  3.3133e+06   7.83e-29
  3.4393e+06   7.08e-29
  3.5702e+06   6.41e-29
  3.7060e+06   5.79e-29
  3.8470e+06   5.21e-29
  3.9933e+06   4.70e-29
  4.1452e+06   4.23e-29
  4.3029e+06   3.79e-29
  4.4666e+06   3.40e-29
  4.6366e+06   3.04e-29
  4.8129e+06   2.71e-29
  4.9960e+06   2.42e-29
  5.1861e+06   2.15e-29
  5.3834e+06   1.91e-29
  5.5882e+06   1.69e-29
  5.8008e+06   1.50e-29
  6.0215e+06   1.31e-29
  6.2506e+06   1.16e-29
  6.4883e+06   1.02e-29
  6.7352e+06   8.87e-30
  6.9914e+06   7.74e-30
  7.2574e+06   6.75e-30
  7.5335e+06   5.83e-30
  7.8201e+06   5.04e-30
  8.1176e+06   4.35e-30
  8.4264e+06   3.72e-30
  8.7470e+06   3.17e-30
  9.0797e+06   2.71e-30
  9.4251e+06   2.29e-30
  9.7837e+06   1.92e-30
  1.0156e+07   1.62e-30
  1.0542e+07   1.34e-30
  1.0943e+07   1.11e-30
  1.1360e+07   9.15e-31
  1.1792e+07   7.45e-31
  1.2240e+07   6.00e-31
  1.2706e+07   4.84e-31
  1.3189e+07   3.84e-31
  1.3691e+07   3.00e-31
  1.4212e+07   2.34e-31
  1.4753e+07   1.80e-31
  1.5314e+07   1.34e-31
  1.5897e+07   1.01e-31
  1.6501e+07   7.38e-32
  1.7129e+07   5.23e-32
  1.7781e+07   3.69e-32
  1.8457e+07   2.52e-32
  1.9159e+07   1.66e-32
  1.9888e+07   1.07e-32
  2.0645e+07   6.60e-33
  2.1430e+07   3.87e-33
  2.2245e+07   2.18e-33
  2.3092e+07   1.16e-33
  2.3970e+07   5.67e-34
  2.4882e+07   2.60e-34
  2.5829e+07   1.09e-34
  2.6811e+07   4.03e-35
  2.7831e+07   1.33e-35
  2.8890e+07   3.77e-36
  2.9989e+07   8.83e-37
  3.1130e+07   1.67e-37
  3.2314e+07   2.43e-38
  3.3544e+07   2.54e-39
  3.4820e+07   1.79e-40
  3.6144e+07   7.78e-42
  3.7519e+07   1.83e-43
  3.8947e+07   2.01e-45
  4.0428e+07   8.61e-48
  4.1966e+07   1.09e-50
  4.3563e+07   2.92e-54
  4.5220e+07   1.08e-58
  4.6941e+07   2.97e-64
  4.8726e+07   2.75e-71
  5.0580e+07   2.39e-72
