#  E [MeV]   Flux [# cm^{-2} s^{-1}  MeV^{-1}]
  3.0000e+04   9.99e-24
  3.0782e+04   9.66e-24
  3.1585e+04   9.34e-24
  3.2409e+04   9.04e-24
  3.3255e+04   8.74e-24
  3.4122e+04   8.44e-24
  3.5012e+04   8.16e-24
  3.5925e+04   7.88e-24
  3.6862e+04   7.62e-24
  3.7824e+04   7.36e-24
  3.8810e+04   7.10e-24
  3.9822e+04   6.86e-24
  4.0861e+04   6.62e-24
  4.1927e+04   6.39e-24
  4.3021e+04   6.16e-24
  4.4143e+04   5.94e-24
  4.5294e+04   5.73e-24
  4.6475e+04   5.53e-24
  4.7688e+04   5.33e-24
  4.8931e+04   5.13e-24
  5.0208e+04   4.95e-24
  5.1517e+04   4.77e-24
  5.2861e+04   4.59e-24
  5.4240e+04   4.42e-24
  5.5654e+04   4.26e-24
  5.7106e+04   4.10e-24
  5.8596e+04   3.94e-24
  6.0124e+04   3.79e-24
  6.1692e+04   3.65e-24
  6.3301e+04   3.51e-24
  6.4952e+04   3.37e-24
  6.6647e+04   3.24e-24
  6.8385e+04   3.12e-24
  7.0169e+04   2.99e-24
  7.1999e+04   2.88e-24
  7.3877e+04   2.76e-24
  7.5804e+04   2.65e-24
  7.7781e+04   2.55e-24
  7.9810e+04   2.44e-24
  8.1891e+04   2.35e-24
  8.4027e+04   2.25e-24
  8.6219e+04   2.16e-24
  8.8468e+04   2.07e-24
  9.0775e+04   1.98e-24
  9.3143e+04   1.90e-24
  9.5572e+04   1.82e-24
  9.8065e+04   1.75e-24
  1.0062e+05   1.67e-24
  1.0325e+05   1.60e-24
  1.0594e+05   1.53e-24
  1.0870e+05   1.47e-24
  1.1154e+05   1.40e-24
  1.1445e+05   1.34e-24
  1.1743e+05   1.28e-24
  1.2050e+05   1.23e-24
  1.2364e+05   1.17e-24
  1.2686e+05   1.12e-24
  1.3017e+05   1.07e-24
  1.3357e+05   1.02e-24
  1.3705e+05   9.73e-25
  1.4063e+05   9.28e-25
  1.4429e+05   8.85e-25
  1.4806e+05   8.43e-25
  1.5192e+05   8.04e-25
  1.5588e+05   7.66e-25
  1.5995e+05   7.29e-25
  1.6412e+05   6.94e-25
  1.6840e+05   6.61e-25
  1.7279e+05   6.29e-25
  1.7730e+05   5.98e-25
  1.8193e+05   5.68e-25
  1.8667e+05   5.40e-25
  1.9154e+05   5.13e-25
  1.9654e+05   4.87e-25
  2.0166e+05   4.63e-25
  2.0692e+05   4.39e-25
  2.1232e+05   4.16e-25
  2.1786e+05   3.95e-25
  2.2354e+05   3.74e-25
  2.2937e+05   3.54e-25
  2.3535e+05   3.35e-25
  2.4149e+05   3.17e-25
  2.4779e+05   3.00e-25
  2.5425e+05   2.83e-25
  2.6088e+05   2.68e-25
  2.6769e+05   2.53e-25
  2.7467e+05   2.39e-25
  2.8184e+05   2.25e-25
  2.8919e+05   2.12e-25
  2.9673e+05   2.00e-25
  3.0447e+05   1.88e-25
  3.1241e+05   1.77e-25
  3.2056e+05   1.67e-25
  3.2892e+05   1.57e-25
  3.3750e+05   1.47e-25
  3.4630e+05   1.38e-25
  3.5533e+05   1.30e-25
  3.6460e+05   1.22e-25
  3.7411e+05   1.14e-25
  3.8387e+05   1.07e-25
  3.9388e+05   1.00e-25
  4.0416e+05   9.37e-26
  4.1470e+05   8.76e-26
  4.2551e+05   8.18e-26
  4.3661e+05   7.65e-26
  4.4800e+05   7.14e-26
  4.5969e+05   6.66e-26
  4.7168e+05   6.20e-26
  4.8398e+05   5.78e-26
  4.9660e+05   5.39e-26
  5.0956e+05   5.01e-26
  5.2285e+05   4.65e-26
  5.3648e+05   4.32e-26
  5.5048e+05   4.02e-26
  5.6483e+05   3.73e-26
  5.7957e+05   3.46e-26
  5.9468e+05   3.20e-26
  6.1020e+05   2.97e-26
  6.2611e+05   2.75e-26
  6.4244e+05   2.55e-26
  6.5920e+05   2.35e-26
  6.7639e+05   2.17e-26
  6.9403e+05   2.01e-26
  7.1214e+05   1.86e-26
  7.3071e+05   1.71e-26
  7.4977e+05   1.58e-26
  7.6933e+05   1.46e-26
  7.8939e+05   1.34e-26
  8.0998e+05   1.24e-26
  8.3111e+05   1.14e-26
  8.5279e+05   1.05e-26
  8.7503e+05   9.65e-27
  8.9785e+05   8.88e-27
  9.2127e+05   8.15e-27
  9.4530e+05   7.47e-27
  9.6996e+05   6.88e-27
  9.9526e+05   6.32e-27
  1.0212e+06   5.80e-27
  1.0479e+06   5.30e-27
  1.0752e+06   4.87e-27
  1.1032e+06   4.48e-27
  1.1320e+06   4.10e-27
  1.1615e+06   3.76e-27
  1.1918e+06   3.43e-27
  1.2229e+06   3.16e-27
  1.2548e+06   2.90e-27
  1.2875e+06   2.65e-27
  1.3211e+06   2.42e-27
  1.3556e+06   2.22e-27
  1.3909e+06   2.04e-27
  1.4272e+06   1.87e-27
  1.4644e+06   1.71e-27
  1.5026e+06   1.57e-27
  1.5418e+06   1.44e-27
  1.5820e+06   1.33e-27
  1.6233e+06   1.22e-27
  1.6657e+06   1.11e-27
  1.7091e+06   1.02e-27
  1.7537e+06   9.43e-28
  1.7994e+06   8.68e-28
  1.8464e+06   7.97e-28
  1.8945e+06   7.32e-28
  1.9439e+06   6.79e-28
  1.9946e+06   6.30e-28
  2.0467e+06   5.82e-28
  2.1000e+06   5.37e-28
  2.1548e+06   5.01e-28
  2.2110e+06   4.68e-28
  2.2687e+06   4.37e-28
  2.3279e+06   4.07e-28
  2.3886e+06   3.81e-28
  2.4509e+06   3.60e-28
  2.5148e+06   3.40e-28
  2.5804e+06   3.21e-28
  2.6477e+06   3.03e-28
  2.7168e+06   2.89e-28
  2.7876e+06   2.76e-28
  2.8603e+06   2.64e-28
  2.9349e+06   2.52e-28
  3.0115e+06   2.43e-28
  3.0900e+06   2.38e-28
  3.1706e+06   2.32e-28
  3.2533e+06   2.26e-28
  3.3382e+06   2.21e-28
  3.4253e+06   2.21e-28
  3.5146e+06   2.21e-28
  3.6063e+06   2.21e-28
  3.7003e+06   2.20e-28
  3.7969e+06   2.24e-28
  3.8959e+06   2.35e-28
  3.9975e+06   2.44e-28
  4.1018e+06   2.52e-28
  4.2088e+06   2.59e-28
  4.3185e+06   2.87e-28
  4.4312e+06   3.14e-28
  4.5467e+06   3.38e-28
  4.6653e+06   3.59e-28
  4.7870e+06   3.36e-28
  4.9119e+06   2.72e-28
  5.0400e+06   2.12e-28
