#  E [GeV]   # per interaction  [GeV^{-1}]
  3.0000e+01   9.37e-01
  3.1033e+01   8.98e-01
  3.2102e+01   8.61e-01
  3.3207e+01   8.25e-01
  3.4350e+01   7.91e-01
  3.5533e+01   7.58e-01
  3.6757e+01   7.26e-01
  3.8022e+01   6.95e-01
  3.9332e+01   6.66e-01
  4.0686e+01   6.37e-01
  4.2087e+01   6.10e-01
  4.3536e+01   5.84e-01
  4.5035e+01   5.59e-01
  4.6586e+01   5.35e-01
  4.8190e+01   5.12e-01
  4.9850e+01   4.89e-01
  5.1566e+01   4.68e-01
  5.3342e+01   4.48e-01
  5.5178e+01   4.28e-01
  5.7078e+01   4.09e-01
  5.9044e+01   3.91e-01
  6.1077e+01   3.74e-01
  6.3180e+01   3.57e-01
  6.5356e+01   3.41e-01
  6.7606e+01   3.26e-01
  6.9934e+01   3.11e-01
  7.2342e+01   2.97e-01
  7.4833e+01   2.84e-01
  7.7410e+01   2.71e-01
  8.0075e+01   2.58e-01
  8.2833e+01   2.46e-01
  8.5685e+01   2.35e-01
  8.8635e+01   2.24e-01
  9.1687e+01   2.14e-01
  9.4844e+01   2.04e-01
  9.8110e+01   1.94e-01
  1.0149e+02   1.85e-01
  1.0498e+02   1.76e-01
  1.0860e+02   1.68e-01
  1.1234e+02   1.60e-01
  1.1621e+02   1.52e-01
  1.2021e+02   1.44e-01
  1.2435e+02   1.37e-01
  1.2863e+02   1.31e-01
  1.3306e+02   1.24e-01
  1.3764e+02   1.18e-01
  1.4238e+02   1.12e-01
  1.4728e+02   1.07e-01
  1.5235e+02   1.01e-01
  1.5760e+02   9.60e-02
  1.6302e+02   9.10e-02
  1.6864e+02   8.63e-02
  1.7445e+02   8.18e-02
  1.8045e+02   7.75e-02
  1.8667e+02   7.34e-02
  1.9309e+02   6.94e-02
  1.9974e+02   6.57e-02
  2.0662e+02   6.21e-02
  2.1373e+02   5.87e-02
  2.2109e+02   5.55e-02
  2.2871e+02   5.24e-02
  2.3658e+02   4.95e-02
  2.4473e+02   4.67e-02
  2.5316e+02   4.40e-02
  2.6187e+02   4.15e-02
  2.7089e+02   3.91e-02
  2.8022e+02   3.68e-02
  2.8987e+02   3.46e-02
  2.9985e+02   3.26e-02
  3.1017e+02   3.06e-02
  3.2085e+02   2.88e-02
  3.3190e+02   2.70e-02
  3.4333e+02   2.53e-02
  3.5515e+02   2.38e-02
  3.6738e+02   2.23e-02
  3.8003e+02   2.09e-02
  3.9312e+02   1.95e-02
  4.0665e+02   1.83e-02
  4.2066e+02   1.71e-02
  4.3514e+02   1.60e-02
  4.5013e+02   1.49e-02
  4.6562e+02   1.39e-02
  4.8166e+02   1.30e-02
  4.9824e+02   1.21e-02
  5.1540e+02   1.13e-02
  5.3315e+02   1.05e-02
  5.5150e+02   9.77e-03
  5.7050e+02   9.09e-03
  5.9014e+02   8.44e-03
  6.1046e+02   7.83e-03
  6.3148e+02   7.27e-03
  6.5322e+02   6.74e-03
  6.7572e+02   6.24e-03
  6.9898e+02   5.77e-03
  7.2305e+02   5.34e-03
  7.4795e+02   4.94e-03
  7.7371e+02   4.56e-03
  8.0035e+02   4.21e-03
  8.2791e+02   3.88e-03
  8.5641e+02   3.58e-03
  8.8590e+02   3.30e-03
  9.1641e+02   3.04e-03
  9.4796e+02   2.80e-03
  9.8061e+02   2.57e-03
  1.0144e+03   2.37e-03
  1.0493e+03   2.17e-03
  1.0854e+03   1.99e-03
  1.1228e+03   1.83e-03
  1.1615e+03   1.68e-03
  1.2015e+03   1.54e-03
  1.2428e+03   1.41e-03
  1.2856e+03   1.29e-03
  1.3299e+03   1.18e-03
  1.3757e+03   1.08e-03
  1.4231e+03   9.83e-04
  1.4721e+03   8.97e-04
  1.5228e+03   8.17e-04
  1.5752e+03   7.45e-04
  1.6294e+03   6.79e-04
  1.6855e+03   6.17e-04
  1.7436e+03   5.60e-04
  1.8036e+03   5.10e-04
  1.8657e+03   4.63e-04
  1.9300e+03   4.19e-04
  1.9964e+03   3.81e-04
  2.0652e+03   3.45e-04
  2.1363e+03   3.11e-04
  2.2098e+03   2.82e-04
  2.2859e+03   2.55e-04
  2.3646e+03   2.30e-04
  2.4461e+03   2.06e-04
  2.5303e+03   1.86e-04
  2.6174e+03   1.68e-04
  2.7075e+03   1.50e-04
  2.8008e+03   1.35e-04
  2.8972e+03   1.21e-04
  2.9970e+03   1.08e-04
  3.1002e+03   9.64e-05
  3.2069e+03   8.65e-05
  3.3173e+03   7.71e-05
  3.4316e+03   6.83e-05
  3.5497e+03   6.11e-05
  3.6720e+03   5.44e-05
  3.7984e+03   4.81e-05
  3.9292e+03   4.26e-05
  4.0645e+03   3.79e-05
  4.2044e+03   3.34e-05
  4.3492e+03   2.94e-05
  4.4990e+03   2.61e-05
  4.6539e+03   2.30e-05
  4.8141e+03   2.01e-05
  4.9799e+03   1.77e-05
  5.1514e+03   1.56e-05
  5.3288e+03   1.36e-05
  5.5123e+03   1.18e-05
  5.7021e+03   1.04e-05
  5.8984e+03   9.08e-06
  6.1015e+03   7.84e-06
  6.3116e+03   6.87e-06
  6.5289e+03   5.99e-06
  6.7538e+03   5.17e-06
  6.9863e+03   4.49e-06
  7.2269e+03   3.91e-06
  7.4757e+03   3.38e-06
  7.7331e+03   2.90e-06
  7.9994e+03   2.53e-06
  8.2749e+03   2.18e-06
  8.5598e+03   1.87e-06
  8.8546e+03   1.62e-06
  9.1594e+03   1.40e-06
  9.4748e+03   1.19e-06
  9.8011e+03   1.02e-06
  1.0139e+04   8.84e-07
  1.0488e+04   7.58e-07
  1.0849e+04   6.44e-07
  1.1222e+04   5.56e-07
  1.1609e+04   4.76e-07
  1.2009e+04   4.04e-07
  1.2422e+04   3.44e-07
  1.2850e+04   2.92e-07
  1.3292e+04   2.47e-07
  1.3750e+04   2.06e-07
  1.4223e+04   1.73e-07
  1.4713e+04   1.44e-07
  1.5220e+04   1.19e-07
  1.5744e+04   9.73e-08
  1.6286e+04   7.91e-08
  1.6847e+04   6.34e-08
  1.7427e+04   5.02e-08
  1.8027e+04   3.93e-08
  1.8648e+04   3.01e-08
  1.9290e+04   2.26e-08
  1.9954e+04   1.66e-08
  2.0641e+04   1.18e-08
  2.1352e+04   8.16e-09
  2.2087e+04   5.43e-09
  2.2848e+04   3.47e-09
  2.3634e+04   2.11e-09
  2.4448e+04   1.22e-09
  2.5290e+04   6.81e-10
